0.119714
0.043547
0.069861
0.055402
0.004249
0.075206
0.085751
0.004316
0.085925
0.040340
0.027102
0.044496
0.026980
0.032566
0.072479
0.013778
0.015868
0.031794
0.062267
0.029185
0.008828
0.036472
0.053913
0.010877
0.050187
0.032206
0.050049
0.063346
0.025609
0.081901
0.062372
0.028761
0.035834
0.009672
0.070816
0.040399
0.050863
0.054120
0.055036
0.027318
0.030882
0.046622
0.072782
0.044109
0.044215
0.023238
0.053003
0.024467
0.015445
0.037487
0.052347
0.055722
0.020727
0.041510
0.050775
0.017267
0.045046
0.052905
0.046837
0.026643
0.016741
0.048371
0.062207
0.039994
0.053449
0.078010
0.084531
0.080266
0.061461
0.063508
0.080661
0.068156
0.093918
0.080892
0.078120
0.079525
0.128169
0.105245
0.122827
0.106196
0.097817
0.108624
0.165395
0.174475
0.165168
0.153499
0.181010
0.191299
0.188600
0.194200
0.156201
0.159904
0.135168
0.193285
0.164840
0.150420
0.190917
0.186096
0.185469
0.137890
0.178085
0.116210
0.121792
0.130753
0.126172
0.120727
0.126603
0.112484
0.126509
0.159413
0.137424
0.123240
0.086860
0.137081
0.167564
0.188676
0.195441
0.167910
0.212031
0.158454
0.231471
0.165061
0.159955
0.136608
0.121970
0.169668
0.158877
0.084302
0.080598
0.077456
0.120136
0.131319
0.099367
0.106838
0.117763
0.083735
0.106444
0.095322
0.101445
0.070952
0.057873
0.103896
0.071983
0.051194
0.032461
0.065395
0.089059
0.076110
0.056117
0.064542
0.055358
0.074445
0.066139
0.095219
0.076375
0.051890
0.068813
0.091091
0.073589
0.030798
0.044417
0.057050
0.120731
0.067274
0.063193
0.104996
0.109174
0.056183
0.098079
0.075670
0.065653
0.080655
0.065872
0.087547
0.062779
0.063477
0.044135
0.086250
0.098681
0.080041
0.096249
0.064846
0.103181
0.052040
0.075985
0.089308
0.063872
0.077093
0.090798
0.036572
0.087032
0.040123
0.039700
0.094252
0.090763
0.064381
0.086664
0.027199
0.045781
0.052373
0.053008
0.079709
0.079815
0.041318
0.086204
0.089317
0.114554
0.034469
0.040573
0.094773
0.107020
0.105607
0.091436
0.100461
0.118805
0.113927
0.120462
0.115404
0.108859
0.101617
0.098104
0.084289
0.121568
0.089752
0.051510
0.121100
0.107523
0.102106
0.118731
0.109539
0.096120
0.075757
0.092696
0.068196
0.080580
0.094222
0.110781
0.094605
0.085201
0.078708
0.053415
0.121358
0.154976
0.096209
0.113868
0.116566
0.107994
0.099432
0.154464
0.119461
0.115670
0.131629
0.134614
0.163468
0.172848
0.122515
0.153373
0.230884
0.182390
0.215517
0.240650
0.203267
0.238897
0.260358
0.293186
0.253612
0.262613
0.209878
0.218504
0.266045
0.317778
0.204128
0.259091
0.200633
0.293410
0.223933
0.260859
0.196730
0.215918
0.142600
0.185707
0.179357
0.165818
0.121911
0.124577
0.115354
0.109183
0.081937
0.062351
0.116903
0.090833
0.100754
0.098565
0.053280
0.077095
0.069595
0.099267
0.055908
0.080644
0.089648
0.076680
0.133127
0.093884
0.065347
0.035855
0.073546
0.080834
0.081428
0.085862
0.075664
0.095713
0.074217
0.101447
0.113856
0.094069
0.116837
0.106705
0.117418
0.093786
0.092771
0.073910
0.175755
0.184023
0.230547
0.264459
0.261509
0.210265
0.289751
0.290543
0.313043
0.301440
0.267582
0.320455
0.332824
0.385774
0.350786
0.397544
0.406392
0.441749
0.418070
0.436807
0.438799
0.413713
0.410577
0.406769
0.359685
0.393568
0.386980
0.403970
0.338800
0.416743
0.331702
0.354612
0.476384
0.502773
0.461224
0.540493
0.497394
0.538556
0.586228
0.608147
0.505335
0.594940
0.562492
0.577468
0.616972
0.661151
0.575641
0.636425
0.674305
0.669787
0.694699
0.696344
0.655149
0.682498
0.684993
0.662127
0.672901
0.681536
0.670670
0.660306
0.684207
0.732081
0.705623
0.768251
0.745777
0.748056
0.744849
0.758226
0.781139
0.783395
0.780808
0.778226
0.745636
0.749829
0.766866
0.776631
0.795510
0.783598
0.763179
0.790969
0.807406
0.808725
0.780944
0.801922
0.785914
0.796550
0.803407
0.807328
0.758929
0.790984
0.787219
0.802059
0.783509
0.800388
0.782427
0.821119
0.832899
0.835581
0.832763
0.832635
0.818266
0.791011
0.826129
0.816180
0.820239
0.802993
0.780844
0.762407
0.823867
0.800221
0.755386
0.795151
0.773715
0.800106
0.740991
0.748137
0.724778
0.724503
0.693545
0.684995
0.659072
0.675565
0.589642
0.592934
0.666410
0.643681
0.606437
0.593773
0.643590
0.663300
0.631376
0.643900
0.612232
0.641013
0.649215
0.637992
0.624207
0.626778
0.625990
0.622018
0.653586
0.680056
0.639070
0.679934
0.652718
0.677641
0.683947
0.688113
0.706604
0.704445
0.661568
0.652519
0.648525
0.653866
0.685282
0.642755
0.707314
0.724741
0.647158
0.699184
0.711280
0.686345
0.731135
0.709070
0.728320
0.747858
0.711662
0.704088
0.705680
0.727858
0.723330
0.689749
0.747434
0.729336
0.699297
0.708978
0.762338
0.705079
0.731687
0.732743
0.746408
0.744220
0.756943
0.740087
0.699307
0.744498
0.686642
0.723503
0.721459
0.705615
0.673848
0.691096
0.712960
0.714879
0.624406
0.640936
0.597585
0.655106
0.604501
0.589940
0.599641
0.577540
0.569489
0.603612
0.594200
0.600318
0.536259
0.550244
0.595479
0.629236
0.611681
0.642315
0.589773
0.632172
0.643764
0.654957
0.623400
0.662898
0.628731
0.618800
0.669868
0.700342
0.657052
0.676218
0.690527
0.697994
0.707271
0.695026
0.655701
0.661731
0.701866
0.636970
0.641295
0.626499
0.567242
0.534985
0.599271
0.595983
0.499190
0.539171
0.630879
0.608187
0.578151
0.631753
0.579853
0.627955
0.674789
0.656901
0.620817
0.639729
0.632856
0.636546
0.698445
0.709443
0.663214
0.723258
0.704389
0.673088
0.668947
0.668653
0.639902
0.678584
0.631044
0.658769
0.606354
0.644381
0.598026
0.622221
0.619660
0.657400
0.614817
0.674672
0.685467
0.648743
0.627714
0.645508
0.609076
0.622885
0.571415
0.580349
0.540864
0.577528
0.495489
0.519795
0.551062
0.576198
0.479044
0.517864
0.498801
0.481173
0.441203
0.481522
0.442116
0.463003
0.506072
0.487925
0.430271
0.436888
0.407037
0.413316
0.492186
0.480900
0.396273
0.425847
0.474842
0.440332
0.466824
0.464402
0.414143
0.437155
0.404891
0.410011
0.404162
0.392360
0.351198
0.374697
0.353698
0.437583
0.336360
0.388716
0.389880
0.444380
0.417655
0.383985
0.382735
0.392979
0.322659
0.369801
0.333584
0.334707
0.330483
0.296201
0.406345
0.416190
0.322361
0.356879
0.353937
0.348630
0.333373
0.342447
0.314245
0.314094
0.298130
0.273574
0.230811
0.279125
0.194606
0.215808
0.229462
0.235095
0.182546
0.184793
0.247043
0.285270
0.286627
0.309440
0.284558
0.302855
0.344253
0.333444
0.303690
0.312826
0.291288
0.317153
0.336655
0.376128
0.325845
0.354309
0.340229
0.344315
0.344743
0.384489
0.330677
0.340849
0.340297
0.332116
0.365580
0.381556
0.375253
0.348727
0.433506
0.414517
0.415242
0.461212
0.445585
0.431000
0.436037
0.424035
0.379282
0.373583
0.329426
0.346556
0.284725
0.322610
0.293528
0.281394
0.316311
0.345619
0.185386
0.205168
0.210847
0.268862
0.209104
0.224717
0.222773
0.236887
0.249170
0.241352
0.197499
0.225998
0.199430
0.182623
0.248141
0.232406
0.175621
0.175223
0.189298
0.226849
0.212202
0.208690
0.202842
0.197064
0.165214
0.169005
0.192869
0.202993
0.170376
0.201694
0.222654
0.239157
0.197010
0.195883
0.284916
0.278641
0.294884
0.314133
0.280609
0.330095
0.331811
0.393379
0.244775
0.251484
0.290172
0.238884
0.367368
0.272677
0.253728
0.237910
0.249289
0.249408
0.205095
0.247621
0.182548
0.172753
0.173795
0.173683
0.184969
0.152575
0.111208
0.130937
0.128395
0.156546
0.077255
0.106997
0.127453
0.146134
0.136187
0.106007
0.100541
0.077467
0.119124
0.082961
0.163072
0.119847
0.057667
0.079039
0.068001
0.080099
0.070545
0.032989
0.067830
0.112615
0.068236
0.082915
0.053862
0.070793
0.062353
0.084860
0.062717
0.080988
0.125610
0.101822
0.117935
0.072982
0.100596
0.089281
0.107923
0.150139
0.124578
0.130252
0.116945
0.128962
0.104189
0.139975
0.098950
0.118244
0.084715
0.086972
0.162520
0.097968
0.087771
0.075058
0.081567
0.122906
0.098884
0.084272
0.045788
0.081811
0.026681
0.049885
0.068428
0.078935
0.016599
0.064483
0.057887
0.041357
0.047424
0.024043
0.023579
0.031779
0.025003
0.037111
0.037776
0.045561
0.015612
0.040811
0.036531
0.040836
0.016704
0.032988
0.044135
0.055244
0.031570
0.032946
0.050146
0.066849
0.013349
0.028145
0.047469
0.027645
0.005169
0.044797
0.039357
0.051261
-0.001599
0.029130
0.048703
0.070202
0.026712
0.020086
0.024787
0.061193
0.019608
0.012905
0.020833
0.044921
0.003566
0.052264
0.039193
0.042297
-0.008937
0.017141
0.047426
0.032043
0.026932
0.020316
0.025655
0.053234
0.019169
-0.008361
0.041454
0.058613
0.016014
0.055845
0.034056
0.042325
0.010049
0.033992
0.071228
0.052914
0.035906
0.016221
0.030810
0.047853
0.031175
0.056031
0.063722
0.039729
0.026020
0.068531
0.040490
0.044356
0.034568
0.044004
0.043076
0.054760
0.026119
0.029319
0.049744
0.065324
0.046394
0.041067
0.019341
0.067147
0.048314
0.054621
0.047687
0.046185
0.017422
0.022238
0.034891
0.076356
0.025960
0.030737
0.061649
0.060023
0.029166
0.038427
0.046138
0.070450
0.045499
0.051688
0.063037
0.042208
0.015584
0.037859
0.053890
0.077324
0.021629
0.029391
0.041311
0.066532
0.042837
0.060378
0.043353
0.079286
0.008867
0.047874
0.059198
0.057854
0.027977
0.032782
0.059609
0.073889
0.036668
0.019707
0.049039
0.086394
0.055103
0.051923
0.062520
0.069033
0.023468
0.047908
0.056191
0.075624
0.040157
0.045484
0.072789
0.070500
0.026052
0.045865
0.032242
0.073612
0.050905
0.053204
0.042793
0.067558
0.018573
0.040298
0.062381
0.050353
-0.003633
0.038577
0.049329
0.053504
0.036243
0.018722
0.033602
0.054159
0.042693
0.025429
0.037962
0.074490
0.022425
0.044132
0.090088
0.062478
0.034122
0.042410
0.058750
0.062940
0.043088
