0.120903
0.041173
0.059491
0.062673
0.004791
0.068269
0.078905
0.013125
0.069550
0.030579
0.022487
0.032035
0.032101
0.040278
0.057837
0.033419
0.027932
0.006866
0.060217
0.046136
0.031622
0.028532
0.038971
0.005519
0.048779
0.049927
0.030883
0.012173
0.024769
0.035412
0.057264
0.035205
0.005528
0.029248
0.058502
0.019160
0.022091
0.041621
0.047231
0.023505
0.036333
0.040912
0.048256
0.032377
0.028729
0.031355
0.049297
0.037611
0.014287
0.034556
0.059913
0.018465
0.029257
0.017500
0.054444
0.020910
0.057784
0.044547
0.046183
0.022940
0.004421
0.030242
0.060309
0.024268
0.010601
0.026395
0.049525
0.027597
0.021866
0.019227
0.041116
0.018797
0.033517
0.041088
0.042956
0.014803
0.034990
0.034703
0.040328
0.037488
0.030552
0.042527
0.061087
0.042456
0.019586
0.048014
0.074464
0.013664
0.048638
0.053987
0.037150
0.023934
0.028101
0.052860
0.047713
0.016904
0.019228
0.041349
0.062495
0.029357
0.023422
0.041833
0.056010
0.029701
0.043530
0.045519
0.057527
0.006886
0.047996
0.034035
0.054965
0.028388
0.018224
0.036861
0.047850
0.035475
0.017073
0.037947
0.058196
0.010109
0.041304
0.035741
0.049581
0.022745
0.046213
0.049416
0.053300
0.024932
0.026075
0.034464
0.061747
0.055947
0.040559
0.054843
0.056921
0.007456
0.031376
0.055415
0.048977
0.009304
0.029813
0.045737
0.055433
0.038974
0.016597
0.021770
0.058639
0.041994
0.030902
0.028983
0.042478
0.008564
0.037120
0.036754
0.022694
-0.006761
0.012381
0.029925
0.032351
0.024719
0.024663
0.004524
0.056327
0.015952
-0.000480
0.018804
0.036904
0.022898
0.047748
0.028621
0.030414
0.021109
0.012350
0.050326
0.061551
0.024415
0.038572
0.036512
0.050713
0.036143
0.032522
0.042324
0.059755
0.026173
0.052326
0.034727
0.049830
0.030439
0.026795
0.082040
0.053461
0.041241
0.010581
0.060041
0.076526
0.043996
0.037009
0.038302
0.067141
0.012676
0.032495
0.062034
0.069390
0.030331
0.040442
0.062413
0.067801
0.034029
0.021908
0.071173
0.064588
0.064277
0.055909
0.050591
0.066470
0.052546
0.069524
0.068646
0.078303
0.057295
0.055797
0.085822
0.071850
0.060406
0.038802
0.077755
0.100717
0.088929
0.083580
0.079910
0.076405
0.060522
0.082709
0.079995
0.060805
0.063119
0.076397
0.079245
0.089437
0.057484
0.033704
0.108126
0.080117
0.108587
0.098226
0.105311
0.100389
0.107607
0.126638
0.111827
0.109477
0.138983
0.141755
0.153302
0.170880
0.135406
0.173021
0.198595
0.217187
0.164265
0.173698
0.099242
0.126810
0.142961
0.159664
0.159692
0.138977
0.076824
0.075551
0.124737
0.124852
0.077806
0.044986
0.099091
0.068592
0.091985
0.108022
0.111156
0.100857
0.072037
0.083311
0.098753
0.099655
0.048990
0.080110
0.074163
0.078928
0.031349
0.044669
0.065608
0.102311
0.073070
0.086217
0.074552
0.073655
0.045483
0.086246
0.070554
0.069096
0.041243
0.073843
0.102856
0.067978
0.053487
0.055863
0.064395
0.094394
0.096253
0.097501
0.073143
0.100320
0.052817
0.081343
0.075214
0.077926
0.056230
0.069398
0.071139
0.087271
0.046087
0.037315
0.060909
0.086251
0.074616
0.066041
0.097134
0.107631
0.048025
0.063991
0.084325
0.086447
0.066031
0.061070
0.073648
0.091514
0.044910
0.036983
0.105864
0.108526
0.057346
0.098984
0.056898
0.097259
0.051774
0.089269
0.059751
0.079208
0.075692
0.106395
0.115832
0.123811
0.094996
0.088430
0.128162
0.139192
0.132150
0.107358
0.118075
0.119331
0.101215
0.128392
0.148073
0.123462
0.067127
0.108048
0.108757
0.105844
0.109653
0.119483
0.099192
0.150026
0.142316
0.141209
0.149756
0.121803
0.085964
0.114294
0.102617
0.114648
0.075664
0.135735
0.125557
0.133851
0.118150
0.108979
0.123885
0.159678
0.190226
0.138120
0.160295
0.152649
0.139922
0.137700
0.140903
0.097973
0.130366
0.110372
0.160118
0.153859
0.091247
0.102480
0.115001
0.157785
0.138154
0.148950
0.135873
0.081731
0.119096
0.126705
0.132610
0.130082
0.111154
0.141729
0.184352
0.167574
0.117835
0.114057
0.188963
0.166807
0.202282
0.193209
0.183800
0.164617
0.175586
0.221713
0.177142
0.185453
0.158094
0.179891
0.191609
0.198452
0.230050
0.205782
0.272293
0.234968
0.231018
0.255525
0.220220
0.263198
0.268713
0.255284
0.223009
0.202092
0.188379
0.239727
0.253281
0.308223
0.228730
0.250431
0.229949
0.265920
0.221454
0.239395
0.202192
0.179549
0.163348
0.182224
0.180504
0.161647
0.133439
0.115914
0.167822
0.142403
0.082445
0.088673
0.184187
0.134397
0.163739
0.139675
0.164524
0.126127
0.124048
0.160001
0.144890
0.169249
0.162472
0.145689
0.182258
0.243442
0.154339
0.173364
0.274176
0.240137
0.255662
0.265168
0.306438
0.333586
0.355864
0.339273
0.278817
0.295253
0.348214
0.330818
0.413760
0.395471
0.348842
0.367043
0.442094
0.417865
0.449118
0.447635
0.467992
0.448920
0.482449
0.439231
0.456404
0.465124
0.421991
0.390876
0.443492
0.483746
0.426678
0.495945
0.547685
0.554017
0.525489
0.519455
0.537582
0.529433
0.533316
0.524188
0.445000
0.536853
0.441187
0.466659
0.481056
0.481846
0.463668
0.464125
0.493263
0.479210
0.503871
0.474880
0.482950
0.455342
0.484197
0.472489
0.362825
0.432805
0.381504
0.389399
0.417512
0.468863
0.380418
0.382144
0.364679
0.430720
0.380711
0.351545
0.320188
0.340547
0.288605
0.310274
0.233634
0.288224
0.256102
0.244587
0.313263
0.277151
0.262074
0.266709
0.312852
0.310985
0.288912
0.294640
0.260821
0.272824
0.310501
0.297223
0.319462
0.292784
0.320482
0.306566
0.327760
0.407749
0.351818
0.370016
0.467468
0.402743
0.401785
0.418630
0.421544
0.490577
0.442463
0.443955
0.399845
0.424698
0.412168
0.428857
0.467424
0.479554
0.420538
0.448418
0.464913
0.461640
0.432307
0.466415
0.448772
0.442930
0.444448
0.449667
0.420359
0.402082
0.376180
0.357766
0.387503
0.421782
0.310806
0.373235
0.366273
0.349417
0.313267
0.338317
0.286251
0.351231
0.315230
0.313875
0.245865
0.288299
0.275122
0.261466
0.306950
0.335940
0.206592
0.247632
0.377416
0.394874
0.422429
0.469002
0.443678
0.520729
0.497016
0.532434
0.504728
0.565397
0.562274
0.570682
0.607413
0.609957
0.623402
0.667475
0.692664
0.700104
0.623995
0.624364
0.607836
0.626472
0.559869
0.586560
0.556599
0.582392
0.535360
0.543189
0.535947
0.593623
0.455016
0.517258
0.486744
0.558035
0.486830
0.469074
0.417636
0.455312
0.440224
0.482175
0.433442
0.387311
0.365559
0.298865
0.438233
0.394646
0.266484
0.265221
0.358654
0.359953
0.376860
0.366070
0.406442
0.454471
0.445429
0.439126
0.392831
0.460139
0.420551
0.443991
0.460194
0.505805
0.489644
0.527953
0.550344
0.543043
0.555806
0.572554
0.580986
0.607393
0.531593
0.599551
0.536577
0.565031
0.571465
0.591947
0.641971
0.596317
0.586051
0.614447
0.616253
0.637377
0.579614
0.584411
0.586707
0.564773
0.627892
0.555008
0.563553
0.585236
0.551543
0.552653
0.609767
0.590939
0.569722
0.631930
0.615993
0.604208
0.570192
0.596001
0.574185
0.646533
0.545314
0.607767
0.540508
0.587192
0.563488
0.589860
0.604768
0.638488
0.544700
0.606235
0.588062
0.620322
0.589206
0.603597
0.556519
0.555355
0.547576
0.553402
0.497351
0.521114
0.478054
0.473422
0.547520
0.525313
0.469671
0.487892
0.442100
0.469030
0.366175
0.416139
0.323998
0.372048
0.324542
0.355948
0.290341
0.322636
0.243256
0.256734
0.297912
0.284142
0.120846
0.110993
0.185874
0.181063
0.168750
0.207458
0.148973
0.148992
0.179037
0.184502
0.180859
0.190643
0.159263
0.155099
0.182948
0.149311
0.118984
0.120566
0.238673
0.274880
0.321476
0.358792
0.341554
0.344467
0.412057
0.407883
0.382367
0.428143
0.431959
0.467733
0.481521
0.566330
0.546982
0.544335
0.567268
0.556728
0.515376
0.503734
0.432277
0.474210
0.428359
0.438110
0.359655
0.406611
0.343895
0.343616
0.371833
0.414842
0.311365
0.343682
0.347449
0.353460
0.335190
0.379628
0.334053
0.349123
0.331401
0.336720
0.334387
0.327784
0.302146
0.331505
0.339245
0.364229
0.312827
0.317772
0.328765
0.351934
0.270228
0.325200
0.234711
0.247693
0.252230
0.264884
0.236061
0.245148
0.211404
0.238193
0.208826
0.277664
0.236314
0.256724
0.229846
0.221982
0.227242
0.242072
0.213672
0.201978
0.205306
0.191654
0.183262
0.180449
0.148278
0.106853
0.161564
0.177636
0.054601
0.084555
0.110406
0.146787
0.142143
0.097584
0.129156
0.102642
0.105957
0.120389
0.156742
0.135414
0.125274
0.124497
0.102617
0.148746
0.114147
0.134091
0.170837
0.165255
0.132481
0.129923
0.087806
0.104562
0.087518
0.088640
0.120590
0.120727
0.045216
0.083289
0.090771
0.079561
0.043559
0.036240
0.077225
0.110993
0.084756
0.080641
0.102380
0.103335
0.097098
0.117419
0.102620
0.106790
0.072756
0.113726
0.114182
0.068145
0.084410
0.055830
0.083835
0.107533
0.118630
0.097053
0.114816
0.111079
0.098011
0.140605
0.109996
0.132846
0.138176
0.137921
0.153844
0.161385
0.188433
0.182869
0.245771
0.256946
0.254419
0.258836
0.239882
0.230349
0.223935
0.289304
0.208790
0.242905
0.208021
0.211275
0.207500
0.257987
0.206051
0.178116
0.222181
0.273953
0.254963
0.264019
0.224936
0.215626
0.259675
0.262520
0.264957
0.245488
0.219204
0.186561
0.205467
0.240568
0.173557
0.184988
0.232291
0.206816
0.162725
0.164478
0.127379
0.142526
0.130164
0.110935
0.151664
0.108395
0.081845
0.122011
0.103222
0.098844
0.052306
0.050002
0.107005
0.108167
0.074788
0.091100
0.094515
0.102020
0.063094
0.071058
0.093580
0.108716
0.038462
0.091808
0.100730
0.098520
0.043568
0.037746
0.043519
0.064403
0.061371
0.082852
0.059349
0.100568
0.026833
0.053188
0.059739
0.064102
0.044722
0.089349
0.092298
0.075754
0.043780
0.041987
0.099557
0.083649
0.071272
0.066058
0.062539
0.088007
0.058758
0.054194
0.146738
0.089949
0.037889
0.060222
0.073135
0.072956
0.048968
