0.111703
0.063898
0.071981
0.059204
0.032331
0.106511
0.093875
0.061386
0.080151
0.042128
0.079705
0.085612
0.108202
0.081150
0.091968
0.106997
0.065564
0.087869
0.108408
0.071332
0.089239
0.065478
0.085480
0.039142
0.031240
0.089131
0.070645
-0.003865
0.027048
0.043478
0.062777
0.017116
0.012565
0.028573
0.049088
0.047664
-0.002115
0.033521
0.046287
0.030515
0.055002
0.051108
0.036350
0.012370
0.022314
0.035234
0.056263
0.045090
0.042695
0.029747
0.083274
0.031330
0.070691
0.040991
0.059289
0.034063
0.052583
0.043060
0.061371
0.066694
0.064082
0.067055
0.059383
0.064345
0.037325
0.074621
0.098278
0.077757
0.091657
0.086247
0.080609
0.076099
0.092595
0.080928
0.079302
0.104157
0.069836
0.098513
0.095383
0.067641
0.043204
0.134360
0.107766
0.124247
0.125258
0.144571
0.118477
0.084981
0.124591
0.135934
0.162930
0.151274
0.172934
0.153596
0.164779
0.213283
0.210913
0.320303
0.312934
0.265694
0.311161
0.286840
0.273405
0.319430
0.312202
0.251918
0.294182
0.309034
0.310296
0.356342
0.360406
0.292028
0.329500
0.380946
0.354082
0.428115
0.408791
0.387955
0.395477
0.402905
0.443600
0.387698
0.402841
0.354914
0.360213
0.445436
0.450631
0.317489
0.332402
0.313127
0.325101
0.339415
0.282853
0.233719
0.261584
0.216535
0.238934
0.230367
0.208411
0.177596
0.172786
0.189748
0.157835
0.179856
0.157342
0.201733
0.168615
0.170715
0.137880
0.104853
0.083927
0.095497
0.089044
0.147041
0.107959
0.038312
0.064947
0.068049
0.110070
0.047333
0.039732
0.053535
0.071340
0.031558
0.036675
0.010243
0.052020
0.032820
0.047589
0.062258
0.029766
0.001560
0.031512
0.042193
0.059174
0.044127
0.022984
0.022235
0.072833
0.024229
0.030187
0.061480
0.069067
0.046935
0.089711
0.062139
0.050313
0.067672
0.046205
0.103811
0.095264
0.088339
0.070743
0.094173
0.113008
0.046208
0.091807
0.066355
0.096829
0.071745
0.078413
0.087576
0.078417
0.073530
0.073086
0.092840
0.083663
0.040278
0.049743
0.101646
0.110249
0.111663
0.101137
0.095083
0.112122
0.089605
0.127028
0.119843
0.121792
0.117861
0.102045
0.156019
0.114242
0.127415
0.114199
0.181222
0.198336
0.210446
0.200080
0.146792
0.162963
0.197730
0.225134
0.222957
0.217682
0.182231
0.190152
0.277484
0.262010
0.256148
0.227955
0.279828
0.277469
0.274301
0.302863
0.291955
0.261362
0.264628
0.268825
0.263540
0.259054
0.258764
0.300348
0.289768
0.322492
0.349954
0.341047
0.417572
0.428897
0.432146
0.446124
0.485712
0.476939
0.527636
0.504913
0.473836
0.529489
0.481226
0.487783
0.557692
0.572109
0.526897
0.516347
0.479093
0.516327
0.441350
0.447522
0.418195
0.395795
0.388050
0.353072
0.323115
0.328914
0.226271
0.227559
0.276630
0.247200
0.154181
0.154028
0.140914
0.162870
0.159559
0.177833
0.121321
0.126691
0.120385
0.119556
0.149426
0.134768
0.085308
0.115694
0.126743
0.126529
0.062747
0.042257
0.093806
0.131471
0.118929
0.111816
0.091338
0.089471
0.087351
0.098859
0.119985
0.125375
0.093886
0.083113
0.099648
0.094753
0.060780
0.068387
0.105582
0.138515
0.133866
0.088905
0.095735
0.067037
0.099656
0.080015
0.148547
0.081422
0.067409
0.098434
0.114971
0.077638
0.060372
0.043864
0.057351
0.090154
0.084802
0.081862
0.045768
0.083265
0.055545
0.070992
0.068794
0.087083
0.023924
0.063873
0.077868
0.088584
0.056983
0.035755
0.081585
0.087665
0.047157
0.034545
0.059619
0.074737
0.028457
0.072566
0.048200
0.053813
0.021676
0.048995
0.098263
0.073738
0.056608
0.025381
0.077576
0.065246
0.065570
0.065761
0.085220
0.077886
0.049783
0.090654
0.052646
0.063598
0.049633
0.080611
0.081252
0.094351
0.057443
0.056659
0.098710
0.126841
0.089409
0.105265
0.112811
0.114759
0.069263
0.102039
0.126128
0.137640
0.101159
0.133151
0.163080
0.170604
0.145671
0.161714
0.182641
0.260013
0.212777
0.173292
0.274210
0.206411
0.209687
0.239077
0.191334
0.219233
0.207526
0.206063
0.265266
0.269312
0.198389
0.220377
0.335799
0.283996
0.258961
0.317522
0.283700
0.280957
0.287632
0.349837
0.298763
0.283374
0.282061
0.287566
0.351524
0.355030
0.293963
0.318316
0.362521
0.383784
0.398320
0.437205
0.412616
0.361508
0.432544
0.430361
0.452075
0.477264
0.396040
0.488237
0.515586
0.577590
0.591212
0.591331
0.664745
0.648240
0.673617
0.695024
0.677177
0.713893
0.720289
0.734576
0.680046
0.687548
0.704537
0.665553
0.710994
0.724578
0.687968
0.700803
0.748560
0.760095
0.778811
0.759803
0.733458
0.785858
0.778090
0.764078
0.772831
0.783175
0.817605
0.814233
0.795514
0.802547
0.837093
0.837434
0.863311
0.846045
0.810029
0.831577
0.827009
0.816992
0.843175
0.809155
0.793818
0.792726
0.789039
0.796375
0.813448
0.822452
0.752799
0.799012
0.811452
0.783201
0.779865
0.783839
0.753365
0.790370
0.758227
0.745166
0.722247
0.788402
0.709182
0.741917
0.755315
0.780452
0.770941
0.752316
0.826478
0.794456
0.816304
0.826150
0.792898
0.829626
0.847649
0.835211
0.808404
0.845020
0.831641
0.849324
0.841507
0.848493
0.859778
0.846529
0.894796
0.878904
0.875493
0.870662
0.867289
0.876745
0.871736
0.848709
0.857258
0.855054
0.835287
0.848920
0.819331
0.842103
0.843770
0.877693
0.876237
0.856695
0.856713
0.866474
0.848487
0.843087
0.874650
0.839271
0.857679
0.821711
0.843844
0.811397
0.847769
0.826350
0.810872
0.818775
0.841804
0.822735
0.832928
0.838772
0.820045
0.822303
0.814549
0.793633
0.818970
0.807310
0.824368
0.827422
0.833757
0.817945
0.826001
0.812555
0.867345
0.831180
0.877068
0.857934
0.860420
0.881296
0.875705
0.871808
0.849968
0.848343
0.853497
0.866378
0.860867
0.873071
0.841192
0.862694
0.888729
0.884124
0.883513
0.894128
0.879812
0.884321
0.903785
0.881192
0.899819
0.889552
0.882634
0.884272
0.877891
0.882828
0.866796
0.897627
0.917132
0.894169
0.918904
0.915714
0.904830
0.918557
0.926692
0.917498
0.920165
0.918945
0.930066
0.940744
0.921320
0.943924
0.935348
0.938156
0.942676
0.945613
0.943550
0.950913
0.938427
0.940796
0.951484
0.942376
0.925434
0.931527
0.923026
0.939322
0.928865
0.934330
0.918529
0.931243
0.934098
0.930003
0.932744
0.925823
0.908391
0.927544
0.920998
0.909386
0.920281
0.907390
0.897205
0.911583
0.899727
0.907827
0.880678
0.908620
0.914471
0.909034
0.895469
0.893501
0.905737
0.895885
0.914520
0.895743
0.886715
0.896955
0.893995
0.894398
0.910361
0.905828
0.902003
0.913254
0.931631
0.920323
0.934509
0.930403
0.934480
0.930168
0.942233
0.929874
0.922847
0.928473
0.935134
0.934463
0.934461
0.943544
0.912473
0.929931
0.951361
0.938961
0.951997
0.956089
0.949718
0.944097
0.957419
0.954775
0.950204
0.962537
0.956959
0.958740
0.971189
0.963482
0.971043
0.963326
0.978006
0.966901
0.971477
0.972219
0.967605
0.969406
0.971741
0.970986
0.966251
0.966530
0.961740
0.966092
0.962834
0.965103
0.962653
0.961402
0.966146
0.963250
0.960183
0.962725
0.955845
0.951517
0.962471
0.950048
0.946280
0.945447
0.923664
0.938469
0.940234
0.935602
0.929327
0.933136
0.926220
0.926057
0.921255
0.917496
0.909040
0.899899
0.908533
0.902679
0.876812
0.867267
0.861560
0.826810
0.848221
0.846012
0.784636
0.805729
0.836386
0.843168
0.832936
0.851968
0.842329
0.840804
0.869851
0.844766
0.851347
0.850187
0.831207
0.857959
0.863721
0.870850
0.862313
0.885294
0.876807
0.899299
0.884797
0.882043
0.860429
0.882964
0.858195
0.876280
0.873909
0.865076
0.834781
0.860186
0.852980
0.869577
0.845257
0.882697
0.879636
0.865220
0.861800
0.840662
0.790520
0.802686
0.812017
0.801683
0.769789
0.770593
0.698710
0.732718
0.731111
0.733023
0.686122
0.701794
0.661548
0.703183
0.602228
0.599418
0.576732
0.583489
0.532371
0.534058
0.500766
0.488249
0.451024
0.409164
0.502413
0.491768
0.364175
0.401274
0.408151
0.411990
0.383318
0.390608
0.368644
0.359949
0.358145
0.366479
0.310611
0.321597
0.237448
0.227950
0.301772
0.267061
0.218232
0.190554
0.250840
0.235963
0.240384
0.198965
0.183954
0.233794
0.171910
0.191174
0.182435
0.191427
0.152721
0.198099
0.164982
0.170033
0.121651
0.121417
0.184717
0.169487
0.183925
0.161801
0.150968
0.150606
0.190159
0.187103
0.168305
0.146266
0.125751
0.116462
0.171964
0.191307
0.115839
0.104306
0.139377
0.149541
0.171224
0.153535
0.150295
0.181164
0.130975
0.119274
0.157074
0.142426
0.110530
0.124857
0.120471
0.106652
0.067515
0.055873
0.077346
0.101870
0.087648
0.071170
0.059321
0.079858
0.034734
0.061911
0.055489
0.067323
0.043267
0.038888
0.076890
0.076248
0.056888
0.037823
0.047590
0.071548
0.045847
0.043423
0.042375
0.059527
0.004089
0.035530
0.049982
0.054508
0.026441
0.046587
0.016707
0.059878
0.031357
0.021205
0.023909
0.048758
0.032323
0.023667
0.066891
0.048234
0.015194
0.055343
0.050596
0.037112
0.004504
0.028058
0.011235
0.078204
0.031069
0.039870
0.028073
0.073080
0.032634
0.026374
0.006483
0.040746
0.017548
0.022274
0.040630
0.039042
-0.005622
0.049307
0.045998
0.028840
0.039316
0.030410
0.039444
0.077450
0.047085
0.019965
0.054308
0.040158
0.048539
0.077491
0.066813
0.045714
0.043678
0.044321
0.052790
0.093023
0.034613
0.044817
0.086607
0.094716
0.083413
0.050941
0.081624
0.086893
0.056209
0.088082
0.052519
0.080334
0.118675
0.114331
0.132764
0.085422
0.095385
0.098613
0.107508
0.144421
0.130469
0.110617
0.101669
0.119199
0.065831
0.104422
0.059950
0.112800
0.052557
0.064486
0.102488
0.064722
0.066133
0.053843
0.059807
0.089849
0.059368
0.068325
0.079278
0.094226
0.050082
0.061270
0.080061
0.078124
0.036603
0.075051
0.109621
0.102560
0.042325
0.033542
0.052507
0.072702
0.064878
0.051773
0.041719
0.077156
0.038745
0.044940
0.082523
0.062063
0.042783
0.059054
0.052196
0.061560
0.059321
