0.116331
0.036889
0.055979
0.052973
-0.003708
0.080943
0.081058
0.026813
0.086322
0.039899
0.037291
0.046556
0.028414
0.033642
0.063166
0.017832
0.023612
0.041657
0.056899
0.042294
0.036952
0.031573
0.063088
0.027941
0.066570
0.049550
0.021231
0.040598
0.030434
0.045362
0.056453
0.017865
0.028711
0.054669
0.061780
0.052101
0.011811
0.060477
0.056039
0.015090
0.043408
0.061899
0.039017
0.028130
0.032050
0.039062
0.060946
0.008761
0.023217
0.027042
0.061650
0.015793
0.019580
0.039658
0.069000
0.026368
0.045803
0.039437
0.048216
0.014781
0.040836
0.075889
0.052360
0.030235
0.022108
0.072543
0.088538
0.073272
0.067955
0.055916
0.068956
0.083116
0.109465
0.114001
0.088067
0.121472
0.101406
0.120680
0.102121
0.127276
0.118404
0.208038
0.219793
0.260806
0.244420
0.279584
0.248384
0.298124
0.304392
0.323101
0.355154
0.307146
0.367668
0.372443
0.398122
0.414873
0.415080
0.470339
0.446162
0.435485
0.435649
0.376665
0.440660
0.404957
0.417399
0.358948
0.402822
0.341558
0.354907
0.419625
0.475411
0.311090
0.366642
0.312525
0.310019
0.291752
0.300729
0.195518
0.242833
0.179081
0.219231
0.194793
0.154811
0.104596
0.082126
0.131317
0.120244
0.035935
0.052246
0.054190
0.086307
0.039742
0.068589
0.037076
0.064669
0.043325
0.051274
0.066526
0.064661
0.027888
0.069533
0.071183
0.067624
0.030005
0.032624
0.065526
0.068860
0.062833
0.049893
0.072856
0.083945
0.035743
0.061861
0.055008
0.047123
0.050290
0.080078
0.112865
0.085352
0.061620
0.057635
0.083356
0.117960
0.090080
0.095598
0.114690
0.102424
0.081743
0.098524
0.129833
0.122080
0.113765
0.108576
0.160819
0.117230
0.123510
0.131814
0.125305
0.173730
0.136888
0.187660
0.165918
0.142055
0.099798
0.144314
0.105573
0.124668
0.081911
0.106061
0.146196
0.098508
0.066240
0.061882
0.073016
0.099482
0.074616
0.081687
0.055258
0.072075
0.046214
0.057183
0.096677
0.057726
0.013421
0.043280
0.044315
0.050328
0.008256
0.019966
0.014919
0.058397
0.053954
0.039072
0.050963
0.047514
0.013175
0.054713
0.049491
0.028872
0.028310
0.038369
0.042764
0.046786
0.011366
0.031332
0.030283
0.056284
0.029575
0.019848
0.042939
0.056743
0.030995
0.042045
0.024063
0.036353
0.029833
0.040910
0.050604
0.040786
0.040845
0.026644
0.036559
0.066735
0.014807
0.016995
0.038161
0.054698
0.016860
0.056993
0.031614
0.033542
0.045100
0.040370
0.040743
0.032369
0.020252
0.037760
0.052484
0.072247
0.028386
0.030547
0.017540
0.034251
0.008865
0.056128
0.035953
0.034321
-0.005698
0.033545
0.058672
0.073829
0.033101
0.026088
0.052487
0.069473
0.069571
0.070190
0.079363
0.080159
0.034858
0.046325
0.050361
0.077772
0.053022
0.065397
0.076876
0.075531
0.059737
0.061043
0.079160
0.078852
0.066093
0.072200
0.052590
0.070641
0.042289
0.075790
0.041768
0.037999
0.046363
0.078371
0.063509
0.092708
0.049973
0.064109
0.065940
0.094941
0.094956
0.074531
0.118394
0.101455
0.063763
0.063894
0.071584
0.093268
0.096979
0.075711
0.084904
0.097176
0.062685
0.061292
0.073874
0.097121
0.089718
0.102234
0.095827
0.093397
0.078740
0.103251
0.110859
0.113058
0.075489
0.102451
0.127054
0.129231
0.088876
0.088081
0.094320
0.125509
0.084644
0.121239
0.075617
0.116741
0.091589
0.108507
0.120512
0.114184
0.077135
0.095385
0.141505
0.094694
0.108715
0.101196
0.086554
0.126708
0.097363
0.121883
0.070433
0.102234
0.077031
0.084035
0.120874
0.118021
0.045439
0.061237
0.116918
0.072231
0.064792
0.043762
0.053479
0.078759
0.054165
0.066333
0.060045
0.088268
0.032534
0.053982
0.062979
0.048477
0.024437
0.035183
0.038806
0.065748
0.037117
0.025512
0.058474
0.070272
0.030940
0.043883
0.052280
0.078195
0.027959
0.052255
0.041327
0.061171
0.029310
0.052229
0.074828
0.073924
0.027036
0.032090
0.044756
0.072446
0.058689
0.031039
0.074714
0.059374
0.019525
0.055716
0.048087
0.030199
0.074573
0.052703
0.055654
0.045036
0.036911
0.026296
0.059872
0.074493
0.049893
0.057754
0.059865
0.059865
0.042995
0.055102
0.066120
0.072058
0.059800
0.040227
0.085693
0.064907
0.052793
0.046388
0.029093
0.107436
0.041675
0.071751
0.049106
0.075945
0.039713
0.080978
0.062444
0.075907
0.057741
0.061734
0.082677
0.082981
0.055528
0.067473
0.111843
0.137470
0.115659
0.116350
0.101434
0.135222
0.131457
0.166561
0.200718
0.180487
0.173024
0.208299
0.200590
0.237128
0.210688
0.260462
0.244405
0.296209
0.231494
0.243919
0.270131
0.235945
0.219328
0.205373
0.247893
0.212489
0.229874
0.169640
0.267210
0.284593
0.222711
0.213289
0.242141
0.265855
0.288564
0.281684
0.229139
0.237406
0.219595
0.250618
0.223564
0.271112
0.204873
0.176579
0.266286
0.271048
0.213199
0.239287
0.249963
0.263705
0.309408
0.300982
0.312584
0.257709
0.253075
0.299289
0.244490
0.303512
0.233952
0.260737
0.322621
0.289618
0.268969
0.285308
0.337226
0.350300
0.325312
0.361948
0.319025
0.351878
0.388706
0.359971
0.325721
0.327913
0.343889
0.337034
0.392001
0.428021
0.265594
0.328084
0.348468
0.391081
0.419562
0.425064
0.427596
0.456534
0.414787
0.454281
0.399020
0.437518
0.384682
0.415237
0.414165
0.488614
0.431118
0.448959
0.444298
0.455421
0.411403
0.396213
0.376177
0.384251
0.363938
0.380538
0.362983
0.358806
0.305694
0.320741
0.415551
0.367214
0.315024
0.326090
0.263133
0.301090
0.268795
0.250418
0.222810
0.250608
0.237958
0.272073
0.163603
0.172806
0.155246
0.184627
0.193675
0.176410
0.116728
0.068629
0.194406
0.149055
0.186492
0.185318
0.210072
0.169846
0.200092
0.219403
0.220919
0.225593
0.160369
0.251561
0.263318
0.212640
0.185611
0.202018
0.254870
0.244073
0.204300
0.217553
0.201923
0.214120
0.159863
0.198534
0.187854
0.204920
0.134809
0.154475
0.156621
0.207941
0.203662
0.208785
0.142453
0.210047
0.149781
0.203422
0.126501
0.144584
0.078004
0.091655
0.108515
0.076918
0.096637
0.089191
0.129610
0.090848
0.028745
0.042173
0.066249
0.099897
0.076091
0.089819
0.080654
0.093224
0.056581
0.080839
0.123070
0.110121
0.090050
0.117935
0.125956
0.110226
0.108378
0.127775
0.120011
0.152802
0.149929
0.148744
0.166393
0.137198
0.108132
0.132309
0.129765
0.169547
0.131379
0.146310
0.169813
0.136529
0.107516
0.120278
0.156260
0.133372
0.141685
0.149510
0.083603
0.104237
0.114984
0.110317
0.154961
0.094614
0.094695
0.080567
0.083613
0.083648
0.065598
0.072189
0.076234
0.135393
0.073747
0.096313
0.097265
0.115987
0.072996
0.088556
0.109585
0.098910
0.115848
0.087322
0.105000
0.112593
0.059717
0.070053
0.168069
0.121037
0.160551
0.148513
0.136386
0.199137
0.154689
0.213260
0.179265
0.182582
0.220143
0.174016
0.245555
0.207787
0.223770
0.210334
0.277908
0.307128
0.258647
0.275199
0.233924
0.243583
0.244089
0.252863
0.276812
0.262288
0.242609
0.268008
0.257380
0.291357
0.264240
0.282503
0.335961
0.327593
0.316270
0.324630
0.259002
0.298588
0.287219
0.306822
0.291572
0.340713
0.235987
0.299311
0.281857
0.284097
0.255642
0.299164
0.259564
0.308637
0.324648
0.347915
0.308058
0.329332
0.295927
0.328184
0.242735
0.352480
0.291582
0.276619
0.312393
0.339850
0.265789
0.292676
0.343064
0.339084
0.288577
0.326453
0.265707
0.278794
0.230291
0.318479
0.292074
0.248356
0.198566
0.241352
0.260688
0.287801
0.228759
0.223069
0.289133
0.330449
0.349945
0.310490
0.336391
0.345378
0.394320
0.365934
0.325346
0.372569
0.318575
0.323233
0.357308
0.376117
0.299628
0.358408
0.397306
0.365677
0.326973
0.341995
0.294473
0.326175
0.327787
0.338305
0.322923
0.362460
0.313065
0.314925
0.404026
0.388075
0.367625
0.385468
0.428492
0.414410
0.405447
0.445720
0.390090
0.416855
0.380577
0.413670
0.386699
0.398607
0.299093
0.329258
0.366891
0.428012
0.297524
0.345413
0.326002
0.361275
0.360364
0.341537
0.308388
0.315967
0.249018
0.306011
0.235065
0.230365
0.204726
0.162401
0.241334
0.208195
0.110121
0.088639
0.115592
0.148353
0.115246
0.119996
0.115616
0.108651
0.122976
0.139814
0.148749
0.129360
0.112093
0.098280
0.091910
0.111336
0.092496
0.072322
0.123428
0.146032
0.110541
0.121684
0.117691
0.079688
0.099186
0.111103
0.118244
0.107688
0.094523
0.121762
0.120676
0.131959
0.128630
0.112403
0.147425
0.147970
0.145969
0.153611
0.126744
0.118053
0.115146
0.104323
0.118196
0.143269
0.078868
0.150280
0.117399
0.111071
0.077063
0.040789
0.089099
0.091872
0.107659
0.093028
0.073535
0.075453
0.073136
0.100157
0.104985
0.103627
0.061790
0.072064
0.097997
0.099282
0.074361
0.037433
0.075188
0.135581
0.083772
0.091110
0.114461
0.090641
0.089914
0.116453
0.136243
0.137978
0.102325
0.096445
0.144299
0.119833
0.069264
0.076786
0.136124
0.124558
0.101485
0.110154
0.127702
0.089303
0.099752
0.096625
0.107517
0.087157
0.059831
0.091343
0.094563
0.085555
0.039287
0.035198
0.082967
0.086213
0.082044
0.070915
0.057269
0.078194
0.084688
0.112509
0.081344
0.097400
0.042800
0.056168
0.079304
0.078332
0.027140
0.041440
0.072512
0.089747
0.084103
0.056267
0.042873
0.059667
0.005352
0.044859
0.056588
0.050902
0.021442
0.048413
0.033934
0.048560
0.033802
0.030821
0.039006
0.072942
0.047985
0.046072
0.055824
0.047941
0.052832
0.050443
0.094947
0.055141
0.054257
0.066465
0.058342
0.073797
0.023883
0.039117
0.077796
0.072570
0.087642
0.052265
0.062084
0.074331
0.034077
0.075770
0.093737
0.071369
0.067601
0.050479
0.055179
0.079615
0.036640
0.032144
0.051080
0.070391
0.033192
0.046865
0.030208
0.059155
0.028031
0.049359
0.057325
0.033455
0.002863
0.016267
0.039910
0.068059
0.024903
0.018404
0.018427
0.049093
0.050122
0.022891
0.032450
0.064723
0.006231
0.042880
0.070010
0.056016
0.032585
0.046045
0.055065
0.059768
0.048786
