0.125668
0.041249
0.076223
0.058675
0.026605
0.087001
0.101682
0.067198
0.100306
0.039819
0.084989
0.070397
0.074600
0.096077
0.090393
0.077189
0.028410
0.101486
0.101335
0.092764
0.047651
0.053592
0.093617
0.061531
0.080368
0.081522
0.057405
0.029153
0.032500
0.067069
0.087520
0.036828
0.036742
0.060322
0.092231
0.078435
0.099566
0.062733
0.069580
0.042353
0.083702
0.078347
0.064510
0.067547
0.060013
0.055062
0.061585
0.023586
0.054564
0.047614
0.097452
0.105066
0.100748
0.109084
0.103416
0.113424
0.166144
0.160054
0.185060
0.198265
0.220517
0.231189
0.248465
0.276638
0.299993
0.318881
0.345042
0.363139
0.343050
0.320693
0.265676
0.291102
0.315150
0.315147
0.309138
0.262240
0.282443
0.308357
0.294255
0.239417
0.245762
0.303202
0.309841
0.306044
0.334011
0.304568
0.306902
0.309156
0.371017
0.356485
0.339789
0.351103
0.340046
0.387659
0.360580
0.331850
0.383372
0.421450
0.430002
0.453698
0.472339
0.451919
0.488554
0.495621
0.475358
0.486490
0.500556
0.479020
0.478877
0.525423
0.618817
0.481205
0.601262
0.554226
0.555039
0.519466
0.525554
0.493424
0.511927
0.484373
0.480625
0.456721
0.425997
0.338238
0.337013
0.372966
0.432803
0.290611
0.290732
0.282607
0.295700
0.270911
0.260792
0.170250
0.193634
0.206087
0.191359
0.183704
0.195591
0.091765
0.109910
0.157667
0.158188
0.093333
0.067441
0.138402
0.177247
0.202657
0.171042
0.183155
0.183004
0.196109
0.222098
0.185659
0.210803
0.199879
0.247850
0.280645
0.244075
0.244792
0.262997
0.285179
0.349391
0.316478
0.348563
0.285945
0.281538
0.362962
0.356839
0.350694
0.367583
0.302380
0.365673
0.382498
0.431012
0.399934
0.454038
0.481637
0.497698
0.533525
0.495825
0.477545
0.512159
0.498928
0.495210
0.466996
0.458719
0.434010
0.409491
0.513867
0.473440
0.405021
0.437467
0.416344
0.423231
0.458068
0.453852
0.443475
0.509362
0.450464
0.434693
0.446583
0.448169
0.399657
0.454506
0.464200
0.461604
0.420132
0.455242
0.420513
0.415291
0.410831
0.414808
0.372716
0.337761
0.321680
0.339068
0.295217
0.311275
0.208099
0.290263
0.269263
0.284259
0.173224
0.167200
0.291479
0.274690
0.290452
0.285653
0.231102
0.244344
0.318293
0.298095
0.265636
0.255900
0.250699
0.226860
0.288626
0.293964
0.211512
0.199150
0.273953
0.242942
0.289698
0.267134
0.224894
0.230090
0.206876
0.260076
0.225684
0.242160
0.166091
0.187979
0.233484
0.232754
0.205010
0.228688
0.250818
0.306422
0.229669
0.240935
0.237315
0.216135
0.274669
0.245942
0.204977
0.197003
0.162845
0.198929
0.231589
0.205134
0.115301
0.121826
0.177595
0.159819
0.168661
0.209772
0.133877
0.156932
0.142922
0.178661
0.202163
0.206460
0.151310
0.169928
0.173445
0.192073
0.202061
0.187281
0.312892
0.315160
0.349005
0.352624
0.339806
0.364205
0.426161
0.407369
0.455960
0.474282
0.454825
0.486894
0.545353
0.586308
0.615203
0.665928
0.699437
0.694087
0.720165
0.706894
0.720022
0.724637
0.712639
0.700918
0.744698
0.761456
0.732753
0.752980
0.797415
0.785785
0.806668
0.807301
0.882355
0.881972
0.892416
0.895559
0.892000
0.888622
0.913330
0.917901
0.910244
0.924243
0.902143
0.918065
0.924416
0.922597
0.943989
0.939417
0.966672
0.965065
0.973806
0.978832
0.976726
0.976720
0.985131
0.981005
0.984742
0.983319
0.989983
0.990869
0.991499
0.991634
0.992879
0.994034
0.995529
0.994385
0.996234
0.995801
0.994822
0.994680
0.996666
0.994490
0.994568
0.994732
0.994280
0.994449
0.995975
0.993825
0.995736
0.995054
0.995987
0.996199
0.996362
0.996360
0.996250
0.995128
0.997005
0.995544
0.994399
0.994216
0.994228
0.994324
0.994381
0.992949
0.991862
0.992326
0.995222
0.994192
0.995201
0.996079
0.995554
0.994699
0.997347
0.996350
0.995260
0.996587
0.996314
0.996624
0.996720
0.995455
0.996640
0.996210
0.997498
0.996541
0.996883
0.996046
0.996281
0.996038
0.996991
0.995928
0.995360
0.995011
0.995788
0.995644
0.995476
0.994471
0.994016
0.995025
0.993926
0.993645
0.991533
0.992072
0.990256
0.985797
0.990287
0.984533
0.981501
0.980603
0.967825
0.964999
0.963646
0.963467
0.929946
0.938797
0.943345
0.948977
0.937566
0.945085
0.931632
0.932077
0.925153
0.940551
0.918874
0.923677
0.919478
0.914264
0.920932
0.919497
0.889980
0.906724
0.919001
0.915235
0.913053
0.916699
0.906498
0.924233
0.913830
0.897652
0.911410
0.907139
0.900742
0.909940
0.913149
0.907797
0.904808
0.918223
0.901823
0.912570
0.863520
0.888256
0.859588
0.839416
0.856952
0.821368
0.780426
0.788083
0.737509
0.695648
0.742746
0.696273
0.507662
0.529447
0.582440
0.548951
0.581241
0.551030
0.530720
0.585411
0.518909
0.506596
0.485544
0.547396
0.458302
0.483835
0.545177
0.581306
0.427259
0.470121
0.544021
0.546377
0.562367
0.546957
0.540937
0.573069
0.563468
0.591226
0.521078
0.548444
0.553147
0.554590
0.576485
0.588459
0.551333
0.559913
0.618165
0.573529
0.543322
0.530975
0.467411
0.536597
0.464581
0.490885
0.414119
0.377889
0.354672
0.364452
0.374297
0.419573
0.278049
0.303757
0.307797
0.314216
0.355016
0.373205
0.350337
0.391161
0.311992
0.389564
0.334265
0.360333
0.403571
0.396538
0.436146
0.447014
0.415509
0.411432
0.494982
0.434081
0.478410
0.462295
0.473098
0.489730
0.501414
0.479209
0.493539
0.452597
0.469836
0.453246
0.535669
0.534961
0.509047
0.511891
0.558137
0.527709
0.558275
0.537851
0.530061
0.574750
0.517281
0.528878
0.425183
0.512399
0.515268
0.509381
0.575064
0.585223
0.516309
0.530421
0.525763
0.542967
0.554537
0.537615
0.520797
0.522174
0.522453
0.533071
0.531718
0.504995
0.516849
0.545743
0.569958
0.593974
0.585474
0.598430
0.622129
0.565626
0.568247
0.582281
0.552266
0.502519
0.515426
0.495398
0.496644
0.425990
0.402150
0.352578
0.484141
0.499837
0.340194
0.331859
0.450309
0.424346
0.436135
0.446366
0.434588
0.445744
0.424940
0.498684
0.384283
0.461775
0.456436
0.455686
0.468874
0.525658
0.470969
0.465035
0.560606
0.498205
0.583887
0.558775
0.546432
0.562920
0.608792
0.598079
0.599830
0.610358
0.535029
0.586058
0.600330
0.690244
0.675212
0.723107
0.708679
0.716505
0.668967
0.679322
0.712802
0.638584
0.658616
0.621276
0.610997
0.662832
0.626602
0.644544
0.627577
0.683623
0.603016
0.644405
0.659065
0.645955
0.657212
0.636148
0.653574
0.669795
0.620559
0.627872
0.616294
0.606024
0.585047
0.603526
0.655310
0.641548
0.553786
0.601927
0.620555
0.606539
0.619467
0.582870
0.567535
0.640498
0.583854
0.599962
0.588557
0.547646
0.552839
0.530509
0.630569
0.649111
0.557448
0.587375
0.587320
0.645283
0.662859
0.669703
0.660241
0.677008
0.705996
0.702933
0.692112
0.716938
0.649665
0.707408
0.712813
0.740092
0.738561
0.731679
0.790568
0.796995
0.782424
0.805197
0.761493
0.813241
0.788201
0.813768
0.806497
0.798372
0.834964
0.835231
0.842968
0.876554
0.851148
0.857658
0.884126
0.882364
0.864482
0.857328
0.844369
0.840100
0.854370
0.855812
0.826199
0.840636
0.802252
0.798416
0.855940
0.823600
0.799081
0.819643
0.825593
0.825083
0.824669
0.810299
0.823489
0.810176
0.824235
0.822340
0.796336
0.818987
0.751758
0.798808
0.768074
0.827573
0.749040
0.789608
0.809447
0.821053
0.803223
0.825926
0.774759
0.813859
0.825480
0.809538
0.812501
0.786020
0.789043
0.808066
0.781652
0.790166
0.794919
0.837891
0.771199
0.802737
0.778908
0.783003
0.754691
0.738365
0.704566
0.719689
0.700715
0.742856
0.716398
0.707376
0.733573
0.768700
0.718086
0.766211
0.789968
0.789823
0.769133
0.784714
0.762349
0.765700
0.796440
0.799915
0.781542
0.778133
0.760079
0.786503
0.789838
0.790078
0.785742
0.834581
0.837363
0.851969
0.840939
0.849943
0.854711
0.849718
0.845676
0.821829
0.837739
0.832954
0.802844
0.822074
0.822424
0.827421
0.833900
0.820981
0.841411
0.823897
0.801164
0.797106
0.778679
0.772988
0.762747
0.777875
0.720866
0.757482
0.747755
0.673112
0.753767
0.749861
0.679795
0.701408
0.762288
0.737648
0.715728
0.693657
0.701327
0.744557
0.721784
0.713925
0.739278
0.697962
0.719841
0.740426
0.696005
0.723283
0.675086
0.691223
0.762738
0.759815
0.698915
0.740975
0.732193
0.729616
0.750446
0.745723
0.724166
0.729792
0.740130
0.714698
0.767076
0.773925
0.744590
0.784481
0.773299
0.769177
0.750547
0.751455
0.755960
0.717706
0.686346
0.655473
0.658877
0.708679
0.624543
0.626773
0.630788
0.625366
0.551822
0.603229
0.600422
0.631527
0.555941
0.548216
0.467940
0.517588
0.502635
0.512056
0.511750
0.469455
0.438190
0.433742
0.480636
0.479621
0.393529
0.438382
0.475799
0.504703
0.501603
0.516324
0.553331
0.532830
0.537174
0.551567
0.544385
0.566229
0.546781
0.604155
0.630000
0.665917
0.659710
0.661916
0.670473
0.704028
0.697196
0.684140
0.673168
0.690922
0.713583
0.660287
0.690534
0.682685
0.612047
0.599490
0.658737
0.666826
0.568595
0.625478
0.597195
0.543440
0.509304
0.528823
0.432906
0.419415
0.411438
0.440231
0.348824
0.394184
0.255481
0.294902
0.298089
0.313323
0.213693
0.216364
0.220634
0.257599
0.262766
0.256783
0.231798
0.235557
0.211026
0.284433
0.264943
0.240159
0.203646
0.206398
0.226583
0.236844
0.179864
0.143588
0.205362
0.278215
0.194623
0.209762
0.181377
0.170059
0.141779
0.152518
0.206221
0.178549
0.153000
0.134264
0.155485
0.182983
0.110035
0.152039
0.116367
0.179873
0.175720
0.111271
0.148877
0.106405
0.132516
0.101843
0.150274
0.133087
0.105344
0.073141
0.125383
0.121774
0.080035
0.062391
0.111283
0.157316
0.157961
0.104466
0.109272
0.097093
0.140312
0.172455
0.165452
0.149950
0.133718
0.102015
0.178037
0.179463
0.165974
0.143050
0.173825
0.141497
0.145479
0.163367
0.092349
0.127088
0.100175
0.096977
0.158939
0.111251
0.045588
0.063755
0.081545
0.085256
0.055376
