0.123012
0.058284
0.068398
0.067940
0.030849
0.070353
0.098991
0.034975
0.080892
0.018372
0.066260
0.068443
0.094720
0.060212
0.073187
0.053563
0.030734
0.061664
0.090176
0.044330
0.057015
0.058023
0.056731
0.042413
0.056025
0.052883
0.058287
0.030566
0.045970
0.051082
0.056067
0.034047
0.029386
0.038544
0.065490
0.029726
0.015200
0.038613
0.050959
-0.002465
0.029290
0.031584
0.045947
-0.008816
0.006724
0.014533
0.034391
0.056087
0.006621
0.018665
0.035603
0.009618
-0.008731
0.058174
0.044799
0.002620
0.045863
0.045860
0.044931
0.011778
0.001180
0.047095
0.044339
0.009794
0.025804
-0.000662
0.057821
0.042261
0.014491
0.044935
0.064188
0.039783
0.045052
0.044037
0.053161
0.046485
0.055267
0.045312
0.063355
0.016824
0.040558
0.081095
0.058495
0.059855
0.035451
0.059254
0.071396
0.038164
0.056225
0.052442
0.037031
0.047560
0.053860
0.076813
0.083409
0.028649
0.057107
0.040782
0.068434
0.025702
0.046305
0.030101
0.045068
0.017367
0.052872
0.040347
0.046380
0.028304
0.051331
0.041420
0.047553
0.027144
0.028478
0.029001
0.084857
0.047807
0.045529
0.065073
0.086157
0.047905
0.062917
0.066094
0.068122
0.052923
0.050871
0.094753
0.059138
0.058059
0.053186
0.084938
0.095636
0.117149
0.069210
0.118009
0.091210
0.088017
0.102116
0.111766
0.093250
0.093141
0.105839
0.120472
0.098124
0.070717
0.061245
0.125980
0.123563
0.114486
0.120515
0.091029
0.076949
0.113378
0.118607
0.114976
0.141610
0.093112
0.084510
0.116102
0.104951
0.095066
0.083256
0.141647
0.162844
0.169626
0.156457
0.103169
0.113008
0.145025
0.146510
0.177457
0.147767
0.115876
0.139313
0.127376
0.136709
0.132261
0.111744
0.130194
0.191373
0.167166
0.148636
0.108688
0.091553
0.109620
0.125066
0.188554
0.126103
0.094937
0.088313
0.119349
0.081141
0.057909
0.046042
0.098341
0.115725
0.079237
0.064029
0.062569
0.078609
0.028512
0.070191
0.068497
0.078006
0.049182
0.053338
0.092723
0.080395
0.066022
0.047795
0.070002
0.097759
0.086659
0.045106
0.062902
0.063115
0.050188
0.045233
0.060252
0.032795
0.004019
0.029796
0.056473
0.060806
0.046147
0.031152
0.032559
0.061895
0.052872
0.009118
0.058721
0.031524
-0.006202
0.006234
0.046641
0.033703
0.000672
0.047779
0.031548
0.035620
0.019384
0.021250
0.032586
0.048891
0.016394
0.011150
0.025640
0.028106
0.018895
0.039951
0.044749
0.049852
0.001896
0.010393
0.025780
0.061753
0.048365
0.008595
0.032924
0.047463
0.034919
0.032473
0.016007
0.040208
0.006118
0.032081
0.062084
0.037618
0.030067
0.046844
0.027604
0.061390
0.032426
0.043902
0.041434
0.054760
0.041373
0.027619
0.045536
0.038633
0.016891
0.042016
0.052143
0.046953
0.028108
0.053140
0.043887
0.084392
0.032943
0.023008
0.041949
0.082471
0.065487
0.034781
0.063421
0.058829
0.058553
0.078907
0.057198
0.041836
0.056599
0.070718
0.075934
0.067826
0.050228
0.051129
0.077529
0.072163
0.093015
0.058434
0.085798
0.090542
0.051860
0.087378
0.073821
0.078652
0.069986
0.079775
0.100886
0.089328
0.043700
0.069487
0.089484
0.127649
0.112366
0.102526
0.083858
0.088590
0.085530
0.098365
0.110299
0.112912
0.071042
0.075083
0.087696
0.087864
0.042197
0.027960
0.090592
0.098229
0.074019
0.091997
0.053523
0.057969
0.027386
0.050967
0.102875
0.084460
0.030077
0.059307
0.032727
0.068997
0.040904
0.027738
0.059706
0.060214
0.036562
-0.001727
0.038930
0.035883
0.024842
0.048382
0.048892
0.033030
-0.006174
0.020609
0.038941
0.032288
0.051592
0.030046
0.007402
0.060350
0.011510
0.023476
0.034777
0.037612
0.014286
0.043277
0.040181
0.041124
0.003738
0.030963
0.027163
0.064596
0.039947
0.031649
0.017033
0.073491
0.030398
0.027537
0.021309
0.043468
0.010884
0.034519
0.030799
0.018034
0.028212
0.034932
0.053665
0.051812
0.072252
0.038005
0.042728
0.087371
0.043160
0.036667
0.058116
0.052777
0.030812
0.056991
0.068282
0.060296
0.051697
0.059389
0.040951
0.057624
0.044680
0.044225
0.065058
0.081034
0.098518
0.048392
0.080200
0.091206
0.038860
0.055204
0.068624
0.074786
0.045852
0.072195
0.062450
0.081803
0.049255
0.018860
0.089678
0.072816
0.085333
0.079807
0.082200
0.051606
0.036834
0.067644
0.069703
0.078282
0.056256
0.069414
0.079448
0.085532
0.031913
0.053852
0.081755
0.081443
0.072223
0.089862
0.088575
0.083922
0.079764
0.093636
0.082563
0.108024
0.047570
0.076486
0.123271
0.095600
0.079700
0.092658
0.092385
0.134942
0.158322
0.104672
0.165362
0.116937
0.132481
0.139827
0.137111
0.148628
0.157549
0.065490
0.172658
0.134823
0.060199
0.078911
0.169249
0.156261
0.199678
0.155528
0.120336
0.152535
0.167996
0.197811
0.169753
0.202895
0.169116
0.164191
0.225635
0.201017
0.160154
0.183128
0.224914
0.237783
0.250712
0.175229
0.214304
0.238639
0.208386
0.213469
0.208419
0.212399
0.208663
0.218649
0.210881
0.230990
0.252472
0.272003
0.323321
0.285004
0.283972
0.319934
0.288554
0.297864
0.346198
0.320758
0.296914
0.320520
0.342957
0.288751
0.402911
0.353479
0.396132
0.380195
0.430005
0.497703
0.488070
0.469433
0.477288
0.437500
0.512798
0.531644
0.482394
0.475593
0.476080
0.446448
0.514327
0.574147
0.490678
0.552825
0.587724
0.625225
0.605979
0.631711
0.607972
0.659078
0.642144
0.631942
0.605501
0.629203
0.670943
0.636203
0.692938
0.727119
0.687199
0.738606
0.786351
0.773531
0.783676
0.782883
0.771268
0.777834
0.825180
0.792691
0.780057
0.798097
0.785719
0.784407
0.764679
0.785310
0.729474
0.786438
0.789261
0.789311
0.766409
0.766284
0.757873
0.779274
0.766092
0.736337
0.764044
0.726682
0.705735
0.683439
0.716895
0.730173
0.597129
0.653532
0.634539
0.682033
0.635835
0.656204
0.574781
0.601102
0.585006
0.598866
0.579441
0.616870
0.557224
0.581500
0.546474
0.647999
0.560542
0.622070
0.568911
0.600675
0.568549
0.560804
0.567600
0.555436
0.588931
0.503150
0.560100
0.501490
0.461470
0.437817
0.465533
0.501628
0.363532
0.439135
0.434587
0.450956
0.441832
0.452973
0.384814
0.452028
0.361019
0.398583
0.413825
0.415520
0.379058
0.352442
0.391894
0.475040
0.329411
0.399092
0.366561
0.429867
0.345533
0.410132
0.331182
0.328877
0.311553
0.320873
0.342379
0.338629
0.260848
0.250968
0.309094
0.248950
0.229300
0.206960
0.280064
0.269122
0.247046
0.252132
0.235857
0.271860
0.275255
0.298215
0.216497
0.223010
0.174246
0.156589
0.297851
0.256177
0.156224
0.124448
0.169522
0.168729
0.155137
0.184846
0.224077
0.205964
0.164126
0.227854
0.163252
0.200593
0.119608
0.187213
0.222882
0.179686
0.157094
0.163641
0.176643
0.196375
0.168912
0.165056
0.109366
0.148158
0.103713
0.118364
0.155949
0.096151
0.101980
0.113934
0.131047
0.089915
0.094853
0.086705
0.098626
0.124038
0.129617
0.093198
0.116361
0.124160
0.102826
0.101892
0.133048
0.103399
0.078951
0.071357
0.134549
0.088686
0.091047
0.061742
0.099974
0.110343
0.098427
0.099138
0.060694
0.110287
0.068187
0.080499
0.114004
0.069905
0.073339
0.053753
0.111330
0.074575
0.052820
0.032863
0.053349
0.079531
0.074091
0.045081
0.066132
0.061510
0.027554
0.064637
0.061925
0.084179
0.048977
0.052574
0.081493
0.065452
0.053478
0.040597
0.060335
0.089150
0.098148
0.073538
0.055768
0.062750
0.016405
0.039537
0.091280
0.075419
0.014550
0.034798
0.074953
0.079627
0.039650
0.029040
0.050895
0.081279
0.036417
0.042252
0.044278
0.055549
0.018606
0.062674
0.056157
0.051314
0.033581
0.042938
0.052610
0.069645
0.027875
0.013683
0.034420
0.045685
0.081311
0.018980
0.054195
0.049922
0.016161
0.060874
0.052225
0.033628
0.029861
0.015838
0.052197
0.062623
0.035934
0.021877
0.043969
0.051513
0.037003
0.035305
0.025501
0.029474
0.042546
0.036780
0.038908
0.063915
0.005437
0.049364
0.033350
0.031705
0.027784
0.027140
0.023028
0.063967
0.029648
0.025004
0.046304
0.070718
0.002528
0.049810
0.026612
0.022492
0.023068
0.011382
0.033346
0.045309
0.037621
0.018177
0.006849
0.056811
0.035479
0.005267
0.028247
0.044708
0.009118
0.042758
0.028556
0.003110
0.010812
-0.001073
0.029837
0.031149
0.035414
0.018012
0.016118
0.041530
0.037543
0.001520
0.033034
0.048701
0.023351
0.050633
0.048964
0.030155
0.027780
0.006569
0.044047
0.061317
0.056750
0.035332
0.032971
0.067579
0.043553
0.023520
0.065322
0.033474
0.022464
0.054506
0.075273
0.038522
0.025221
0.031452
0.063819
0.050945
0.037784
0.031251
0.055098
0.052905
0.018283
0.034530
0.048546
0.083385
0.020733
0.059015
0.045074
0.051169
0.038431
0.076852
0.072294
0.052378
0.037286
0.055968
0.066759
0.076184
0.079425
0.048143
0.102997
0.085858
0.040762
0.080407
0.088740
0.080693
0.059901
0.067517
0.064332
0.080147
0.043686
0.031657
0.081111
0.075941
0.072853
0.071987
0.036031
0.056707
0.049882
0.049705
0.075162
0.061900
0.038640
0.047355
0.083177
0.070839
0.022387
0.033453
0.070646
0.079782
0.064983
0.067174
0.050510
0.062564
0.058234
0.067613
0.061590
0.094405
0.074532
0.064167
0.083899
0.056011
0.077255
0.053461
0.070621
0.091863
0.095259
0.075279
0.079513
0.087671
0.060707
0.075692
0.125570
0.081276
0.075891
0.076400
0.105959
0.105336
0.088595
0.084259
0.099689
0.158605
0.120022
0.125623
0.118133
0.109994
0.119658
0.102199
0.131098
0.077501
0.059459
0.065585
0.116419
0.100438
0.043842
0.044160
0.064010
0.094922
0.057501
0.082590
0.075704
0.091829
0.048892
0.075291
0.052284
0.079804
0.075899
0.074788
0.082437
0.071034
0.049445
0.042185
0.063070
0.099498
0.112245
0.067714
0.092452
0.122056
0.067734
0.078697
0.080688
0.080116
0.048676
0.081555
0.090008
0.081622
0.069273
0.085774
0.053186
0.086184
0.045440
0.070039
0.071669
0.096202
0.026839
0.061283
0.096093
0.077137
0.047063
0.054600
0.079498
0.063054
0.052804
