0.122062
0.051969
0.078006
0.056115
0.010007
0.072906
0.087252
0.036291
0.083561
0.041707
0.041950
0.056636
0.045444
0.075971
0.082429
0.050683
0.031568
0.032671
0.074081
0.066082
0.017428
0.063123
0.058367
0.019350
0.055118
0.053679
0.041230
0.004615
0.028815
0.038571
0.072811
0.039294
0.029226
0.021416
0.052055
0.047127
0.037457
0.021979
0.058515
0.037037
0.045083
0.052371
0.063502
0.034925
0.040573
0.067924
0.059967
0.081263
0.046774
0.061392
0.079072
0.070070
0.099039
0.060797
0.051283
0.064738
0.046401
0.088825
0.091677
0.075959
0.068886
0.064036
0.059202
0.053652
0.073691
0.065940
0.111165
0.083070
0.048423
0.052539
0.088060
0.024248
0.042269
0.070758
0.057704
0.032115
0.039467
0.056390
0.074293
0.043799
0.029915
0.066926
0.085336
0.050340
0.072439
0.049761
0.073841
0.050341
0.082898
0.053070
0.038701
0.090758
0.089259
0.092739
0.086125
0.070779
0.048714
0.081144
0.105430
0.086484
0.094131
0.080400
0.081537
0.062944
0.082225
0.071862
0.085748
0.076694
0.050929
0.071297
0.079060
0.065431
0.019054
0.072874
0.099186
0.065440
0.093146
0.080854
0.065961
0.094356
0.057130
0.088223
0.084440
0.066101
0.090061
0.094204
0.087437
0.041563
0.043797
0.087381
0.073300
0.066963
0.065459
0.067854
0.075082
0.027587
0.043907
0.030937
0.052149
0.049516
0.037926
0.061829
0.089907
0.040892
0.034696
0.046551
0.067932
0.058455
0.047692
0.046754
0.062303
0.017571
0.068587
0.060272
0.041724
0.032176
0.048277
0.055677
0.058347
0.047280
0.024084
0.057016
0.087417
0.043850
0.054546
0.042668
0.074163
0.043357
0.066225
0.067691
0.077084
0.029356
0.066684
0.088138
0.083263
0.075493
0.031296
0.060135
0.100589
0.100506
0.085544
0.107412
0.118080
0.084496
0.112561
0.102795
0.087289
0.094436
0.078530
0.146484
0.122223
0.063540
0.078293
0.123570
0.103809
0.136160
0.119947
0.089633
0.091570
0.069114
0.095621
0.103300
0.122181
0.090523
0.112856
0.109420
0.116672
0.116274
0.126088
0.147261
0.179128
0.215793
0.215747
0.145983
0.199842
0.175899
0.214719
0.192006
0.217089
0.153939
0.190389
0.174524
0.232148
0.170787
0.177719
0.202178
0.205504
0.190771
0.174249
0.143913
0.180496
0.186625
0.206171
0.150141
0.143941
0.127067
0.120443
0.173090
0.113726
0.093457
0.086503
0.120600
0.144488
0.126581
0.140630
0.130313
0.127235
0.078296
0.100695
0.125300
0.117413
0.103214
0.087110
0.117033
0.093467
0.078882
0.070861
0.090365
0.110585
0.122826
0.084990
0.059438
0.068588
0.061610
0.066479
0.097748
0.072789
0.025364
0.049288
0.047657
0.071529
0.049792
0.024551
0.043561
0.063291
0.027566
0.028350
0.042356
0.051216
0.011207
0.046620
0.051572
0.054850
0.010849
0.019853
0.030693
0.043210
0.029814
0.011357
0.028589
0.037869
0.012878
0.012070
0.043288
0.067738
0.013192
0.063387
0.067176
0.031083
0.035312
0.017882
0.038375
0.051979
0.025636
0.037103
0.059713
0.084338
0.042890
0.041856
0.036138
0.081598
0.031620
0.050941
0.037740
0.042408
0.045304
0.047665
0.059423
0.078203
0.025053
0.017862
0.060528
0.045810
0.069334
0.009099
0.037236
0.073585
0.017322
0.044903
0.032321
0.031274
0.020105
0.030221
0.074031
0.061637
0.040394
0.047736
0.036459
0.071990
0.022494
0.015592
0.039715
0.083055
0.030989
0.061712
0.066300
0.068746
0.018466
0.037918
0.059139
0.073493
0.038495
0.034728
0.070400
0.094934
0.059072
0.035642
0.069492
0.070886
0.084931
0.070402
0.106425
0.104127
0.097187
0.114315
0.137583
0.121184
0.125893
0.142989
0.207728
0.196748
0.180566
0.217236
0.246796
0.247004
0.266398
0.300049
0.222455
0.261950
0.297111
0.266130
0.346446
0.358519
0.299759
0.324843
0.391866
0.408575
0.370471
0.405041
0.405948
0.389955
0.404719
0.410945
0.423976
0.404957
0.379273
0.357725
0.396207
0.438798
0.375302
0.410977
0.485067
0.499863
0.465050
0.503822
0.501503
0.521307
0.537100
0.516111
0.475629
0.547952
0.522291
0.547521
0.586261
0.582561
0.563047
0.617230
0.573401
0.655355
0.632484
0.636005
0.640388
0.667089
0.631423
0.626427
0.599543
0.649837
0.657408
0.643630
0.696634
0.680235
0.680201
0.717122
0.735177
0.743109
0.746982
0.751455
0.743962
0.763169
0.742371
0.749890
0.727399
0.773634
0.761797
0.788444
0.785952
0.791874
0.818611
0.831630
0.855680
0.829277
0.861193
0.854765
0.827994
0.849051
0.866422
0.846294
0.838668
0.826948
0.821879
0.837305
0.825913
0.853486
0.807334
0.821953
0.841370
0.826951
0.813777
0.821991
0.819589
0.833819
0.846609
0.824180
0.799641
0.817446
0.782815
0.772310
0.820397
0.806497
0.739170
0.777744
0.773580
0.801811
0.766177
0.764576
0.787870
0.749066
0.748340
0.745144
0.724791
0.770382
0.736686
0.757273
0.781537
0.779340
0.739985
0.779373
0.792124
0.794897
0.762332
0.753698
0.746509
0.757943
0.750480
0.749096
0.730442
0.733227
0.714911
0.686689
0.761021
0.720596
0.667618
0.691827
0.746534
0.709530
0.731235
0.743199
0.757427
0.757322
0.756473
0.754674
0.703122
0.772146
0.736384
0.745869
0.759289
0.774889
0.780514
0.817376
0.801039
0.800031
0.783264
0.798183
0.772630
0.758175
0.777124
0.750707
0.744644
0.782691
0.775265
0.805565
0.783246
0.802880
0.790308
0.815967
0.836169
0.841096
0.820493
0.842944
0.813967
0.808676
0.853526
0.824485
0.801621
0.842845
0.759820
0.765944
0.771852
0.777613
0.717870
0.724363
0.777992
0.763983
0.669599
0.672986
0.633709
0.673713
0.651919
0.614822
0.620930
0.624158
0.599756
0.612801
0.622752
0.669820
0.618113
0.656885
0.597713
0.623029
0.585398
0.577872
0.559620
0.543266
0.483135
0.496022
0.416427
0.452367
0.404277
0.394072
0.403050
0.449423
0.272440
0.278871
0.380856
0.291794
0.348839
0.315498
0.334176
0.344985
0.345856
0.348363
0.277214
0.375165
0.332752
0.301054
0.359786
0.420120
0.264101
0.289514
0.353033
0.303461
0.358328
0.347534
0.374427
0.401720
0.352604
0.410852
0.367076
0.360536
0.329952
0.347015
0.360034
0.388937
0.362334
0.406660
0.373192
0.425702
0.377234
0.389973
0.331882
0.415709
0.386959
0.414941
0.376947
0.364604
0.334166
0.338239
0.385909
0.396728
0.314206
0.339331
0.311693
0.373719
0.342147
0.382444
0.355031
0.355439
0.317422
0.348491
0.332689
0.350467
0.302904
0.303764
0.353564
0.372862
0.318969
0.353851
0.388550
0.350853
0.378025
0.350615
0.361090
0.360587
0.379234
0.395383
0.344725
0.384363
0.328325
0.365892
0.399174
0.438093
0.395154
0.405809
0.373484
0.399774
0.372486
0.351700
0.333353
0.364510
0.344372
0.338006
0.300173
0.318442
0.251850
0.282686
0.296523
0.357116
0.220603
0.241298
0.267926
0.220879
0.229809
0.228732
0.212293
0.208658
0.251048
0.233616
0.229476
0.228485
0.190698
0.165433
0.248169
0.217820
0.135490
0.167557
0.105596
0.190677
0.170381
0.165080
0.152765
0.120271
0.142714
0.144465
0.165966
0.168011
0.096722
0.075627
0.176741
0.100106
0.070060
0.048585
0.085306
0.119855
0.132190
0.119154
0.158533
0.156445
0.120825
0.169545
0.139135
0.148575
0.155975
0.165481
0.210430
0.145774
0.185093
0.183583
0.186607
0.191101
0.219584
0.184688
0.196043
0.164152
0.126243
0.154544
0.164091
0.198712
0.139384
0.203185
0.210398
0.228213
0.204633
0.193560
0.207475
0.211581
0.188353
0.204527
0.108715
0.162847
0.172615
0.167620
0.176340
0.137454
0.099822
0.128977
0.090136
0.101089
0.072892
0.029226
0.054886
0.078790
0.073839
0.053853
0.065190
0.047106
0.031644
0.065710
0.068016
0.053863
0.070710
0.036962
0.070549
0.062027
0.040289
0.027370
0.057832
0.066463
0.022414
0.056085
0.040460
0.059627
0.030884
0.065864
0.032377
0.043061
0.043040
0.042820
0.044345
0.047854
0.051210
0.052467
0.037380
0.079879
0.037925
0.027556
0.032125
0.065816
0.025247
0.045133
0.067823
0.036554
-0.007393
0.014497
0.034650
0.052315
0.040333
0.020953
0.032177
0.029279
0.023644
0.010493
0.032729
0.036978
0.005460
0.039421
0.042436
0.046053
-0.003805
0.020041
0.034257
0.067794
0.041333
0.011430
0.028015
0.053851
0.028279
0.015682
0.017907
0.054353
-0.001041
0.027880
0.046477
0.034552
0.014511
0.018487
0.029747
0.041593
0.028270
0.025636
-0.001102
0.031421
0.028638
-0.005531
0.015922
0.016097
0.002232
0.028030
0.033630
0.027106
-0.008853
-0.005286
0.015006
0.025595
0.049063
0.006886
0.011027
0.046510
0.018736
-0.013030
0.019745
0.028880
-0.018921
0.043869
0.045811
0.012119
0.000500
0.015112
0.036838
0.041528
0.046767
0.021218
0.020636
0.027493
0.017489
0.002254
0.010439
0.044526
-0.014083
0.032714
0.033486
0.015138
-0.006202
-0.001473
0.044977
0.031274
0.030949
0.019861
0.002326
0.035943
0.016495
0.008677
0.020196
0.032714
0.003354
0.032915
0.030373
0.019929
0.002706
0.027431
0.040380
0.037621
0.030140
0.026658
0.004899
0.054953
0.026915
0.003767
0.034170
0.049809
0.015872
0.063405
0.031553
0.037710
0.019979
0.051638
0.071951
0.052753
0.044298
0.029237
0.051657
0.077194
0.049456
0.035312
0.074970
0.057989
0.021325
0.055158
0.069340
0.048213
0.035439
0.029802
0.065565
0.070227
0.036258
0.033787
0.036672
0.079950
0.056376
0.057484
0.028162
0.071376
0.029209
0.056317
0.047822
0.073881
0.011455
0.049959
0.085473
0.051880
0.042000
0.032000
0.060170
0.064042
0.093764
0.042968
0.086537
0.081373
0.046956
0.105132
0.050501
0.052310
0.059514
0.059647
0.110771
0.063064
0.066192
0.060768
0.098327
0.127158
0.099525
0.104781
0.084819
0.075676
0.100174
0.104128
0.129420
0.101534
0.097934
0.078772
0.099501
0.088561
0.078566
0.051227
0.125899
0.104016
0.071966
0.070915
0.089318
0.101135
0.064337
0.086786
0.099991
0.111962
0.071363
0.081590
0.134096
0.076076
0.084362
0.069797
0.066214
0.114801
0.106034
0.114035
0.038666
0.110188
0.081910
0.089485
0.144905
0.107189
0.052624
0.066524
0.056529
0.058809
0.059924
