0.127363
0.040811
0.074875
0.048970
0.018398
0.065118
0.100790
0.032260
0.094351
0.031697
0.037926
0.051596
0.056142
0.049651
0.038545
0.022456
0.012018
0.056283
0.049519
0.039723
0.048252
0.043928
0.080799
-0.011523
0.049378
0.054094
0.058310
0.049422
0.064982
0.078211
0.054912
0.063763
0.034259
0.083373
0.073495
0.083174
0.077811
0.102302
0.087762
0.016598
0.043610
0.100454
0.091393
0.048539
0.066444
0.075550
0.083287
0.049489
0.035959
0.091767
0.071182
0.089323
0.058706
0.044151
0.077187
0.042713
0.070325
0.083398
0.067844
0.031241
0.025381
0.094993
0.103490
0.065547
0.049825
0.062078
0.094594
0.071866
0.081730
0.061541
0.122053
0.100202
0.102894
0.111090
0.074439
0.065409
0.058796
0.118321
0.112722
0.068157
0.038068
0.064582
0.094843
0.088357
0.096670
0.075143
0.104448
0.088895
0.106250
0.087290
0.099913
0.092959
0.096602
0.151749
0.109693
0.064499
0.077468
0.135537
0.159998
0.161427
0.106675
0.129594
0.148030
0.080754
0.120013
0.128175
0.128228
0.091676
0.108783
0.141024
0.090924
0.069797
0.084047
0.118146
0.109037
0.130896
0.092497
0.123094
0.087918
0.080131
0.081267
0.097794
0.109913
0.094921
0.085847
0.136711
0.094315
0.096894
0.092715
0.142184
0.117721
0.092627
0.101289
0.097302
0.109936
0.054665
0.068475
0.089107
0.087456
0.057480
0.046205
0.089608
0.084863
0.063836
0.046844
0.063378
0.068598
0.048750
0.058265
0.069899
0.064101
0.012039
0.047814
0.070196
0.079909
0.019395
0.041768
0.065527
0.034502
0.051734
0.025362
0.080789
0.075567
0.059160
0.049199
0.062514
0.074447
0.045494
0.054807
0.055122
0.056278
0.067816
0.063613
0.090488
0.071936
0.068746
0.054551
0.072711
0.103889
0.111856
0.091023
0.095068
0.090444
0.073799
0.115610
0.104229
0.079292
0.074763
0.103421
0.128230
0.104298
0.054044
0.081108
0.129724
0.178098
0.173572
0.166032
0.153586
0.181112
0.190476
0.213391
0.170148
0.190605
0.164451
0.164993
0.228622
0.254827
0.175121
0.186775
0.216074
0.245368
0.275726
0.272608
0.229425
0.277024
0.235544
0.293085
0.260338
0.239285
0.214396
0.185683
0.282824
0.290774
0.218689
0.247475
0.287564
0.263697
0.286947
0.275649
0.273425
0.241109
0.262767
0.242557
0.237319
0.245030
0.193535
0.168741
0.227865
0.231980
0.152526
0.164630
0.212007
0.184529
0.175206
0.198964
0.119059
0.157000
0.143379
0.161599
0.157319
0.123305
0.130541
0.110722
0.212516
0.140940
0.082916
0.106847
0.169182
0.162655
0.163443
0.153989
0.138700
0.123545
0.153916
0.190268
0.170802
0.159050
0.144877
0.092071
0.164749
0.115144
0.115723
0.091170
0.145845
0.202263
0.186355
0.187703
0.185035
0.215007
0.156338
0.226547
0.203784
0.226477
0.176801
0.165959
0.240242
0.242489
0.186468
0.202081
0.206868
0.243900
0.207615
0.181386
0.199422
0.167005
0.147804
0.188450
0.143538
0.161910
0.140493
0.168603
0.189075
0.171344
0.126196
0.093316
0.189810
0.188034
0.142954
0.147125
0.089440
0.103660
0.144422
0.144492
0.179950
0.165595
0.094478
0.105826
0.136923
0.131253
0.062643
0.074731
0.100323
0.149975
0.142015
0.075191
0.105549
0.102902
0.096111
0.101987
0.109414
0.107548
0.059672
0.086514
0.090332
0.083529
0.054982
0.048283
0.085858
0.120508
0.084805
0.064896
0.071120
0.071041
0.050442
0.072687
0.082840
0.068185
0.074871
0.056756
0.063298
0.057412
0.058855
0.047074
0.063450
0.089239
0.068288
0.064637
0.087545
0.055483
0.060544
0.080252
0.095389
0.084268
0.083141
0.101166
0.057000
0.057364
0.071359
0.043301
0.064693
0.125586
0.087057
0.053421
0.096667
0.084096
0.117074
0.122676
0.153927
0.099190
0.089860
0.116470
0.106432
0.102216
0.070158
0.049277
0.076582
0.112392
0.099602
0.082677
0.064124
0.082468
0.033109
0.060375
0.072601
0.053842
0.051788
0.044282
0.071279
0.063889
0.041427
0.022014
0.063660
0.063328
0.092895
0.051339
0.089773
0.065758
0.065410
0.083794
0.062903
0.083385
0.072358
0.073116
0.125815
0.081532
0.077447
0.062947
0.086779
0.113236
0.123444
0.115767
0.152002
0.127155
0.090558
0.137524
0.114954
0.089551
0.108174
0.089108
0.113801
0.080214
0.113934
0.084553
0.080059
0.131905
0.123056
0.104467
0.083401
0.099123
0.079139
0.077950
0.103986
0.080680
0.044976
0.061695
0.069303
0.056804
0.065994
0.042067
0.083621
0.081904
0.098478
0.067272
0.103045
0.111882
0.076677
0.142883
0.079157
0.121653
0.119398
0.070213
0.123888
0.093164
0.092370
0.093620
0.109498
0.131954
0.111374
0.126441
0.098358
0.107823
0.104590
0.119006
0.134807
0.121737
0.144406
0.093519
0.193740
0.145681
0.126344
0.136764
0.260477
0.213463
0.229060
0.297047
0.300271
0.273296
0.280441
0.308737
0.305818
0.337273
0.318256
0.319095
0.410020
0.451600
0.383931
0.423742
0.503604
0.470152
0.446826
0.481913
0.459773
0.509221
0.524044
0.524436
0.473606
0.514306
0.465838
0.458604
0.522227
0.576598
0.428655
0.550929
0.485889
0.596765
0.588165
0.565954
0.621492
0.576072
0.569463
0.540294
0.569516
0.557972
0.521417
0.481652
0.568678
0.604297
0.499667
0.560557
0.627012
0.662494
0.641729
0.647208
0.644979
0.664000
0.697782
0.701038
0.694946
0.746057
0.722532
0.730614
0.776040
0.778521
0.795257
0.827441
0.859263
0.879334
0.896407
0.888154
0.898052
0.915193
0.921610
0.919900
0.918824
0.922367
0.929854
0.925995
0.941021
0.933972
0.941034
0.945297
0.965109
0.955972
0.970506
0.972999
0.965491
0.965320
0.980203
0.973502
0.975042
0.978058
0.972949
0.979855
0.982269
0.979341
0.982788
0.984818
0.985093
0.984872
0.987991
0.985692
0.985981
0.986541
0.987754
0.983664
0.986024
0.984362
0.987342
0.986495
0.990240
0.989018
0.990004
0.990556
0.990553
0.990638
0.992902
0.991943
0.991799
0.990327
0.992270
0.989880
0.989893
0.990952
0.988698
0.989548
0.987948
0.983854
0.985621
0.984961
0.985960
0.983483
0.984145
0.982691
0.980471
0.979809
0.983338
0.976518
0.969344
0.974233
0.968134
0.970436
0.967342
0.958851
0.951919
0.952431
0.965017
0.965489
0.962792
0.968421
0.957521
0.954951
0.970298
0.965665
0.963816
0.962007
0.964141
0.961811
0.958620
0.961228
0.957281
0.955873
0.967079
0.964870
0.963964
0.955495
0.965755
0.958342
0.966535
0.958896
0.956027
0.950421
0.955133
0.954316
0.956872
0.949655
0.945298
0.954643
0.973770
0.968499
0.970349
0.964337
0.963520
0.958166
0.968577
0.964455
0.956069
0.952052
0.952612
0.941419
0.950020
0.939392
0.928285
0.945099
0.949215
0.951308
0.939209
0.945392
0.940331
0.932251
0.942443
0.937816
0.937268
0.924368
0.939279
0.928600
0.929069
0.934186
0.927402
0.932156
0.951433
0.929615
0.923476
0.914681
0.918630
0.915334
0.925928
0.900518
0.902404
0.887727
0.894522
0.884727
0.878251
0.884309
0.846238
0.875026
0.863800
0.867509
0.856565
0.862031
0.857349
0.842099
0.864441
0.828273
0.831743
0.822943
0.809986
0.804344
0.811325
0.818526
0.771570
0.788097
0.802407
0.801146
0.806802
0.796354
0.799331
0.784196
0.765795
0.782893
0.754477
0.785026
0.776709
0.767027
0.791215
0.803564
0.784469
0.806363
0.804549
0.790608
0.755881
0.757857
0.735550
0.779338
0.757354
0.741870
0.700434
0.729598
0.715979
0.732890
0.754414
0.730400
0.706168
0.751719
0.719853
0.747558
0.692980
0.661549
0.650018
0.664429
0.611329
0.602083
0.550348
0.579425
0.493885
0.475461
0.554804
0.517706
0.379271
0.404462
0.395131
0.450695
0.372251
0.369898
0.335242
0.347724
0.347020
0.319233
0.334383
0.253556
0.218136
0.280061
0.247049
0.273543
0.192694
0.170379
0.216498
0.242871
0.210813
0.223289
0.185585
0.243392
0.222871
0.272708
0.212693
0.176339
0.169270
0.169365
0.234912
0.223614
0.142335
0.175349
0.190293
0.179486
0.240185
0.219712
0.170436
0.220057
0.174328
0.221262
0.215866
0.236231
0.202423
0.192077
0.238276
0.230813
0.225463
0.260433
0.258217
0.333663
0.267156
0.269659
0.251000
0.265304
0.209314
0.224834
0.185183
0.203858
0.175676
0.132188
0.261073
0.164606
0.135934
0.115301
0.122813
0.191179
0.174247
0.172174
0.172576
0.144127
0.101234
0.179827
0.154813
0.181566
0.117301
0.111864
0.184988
0.161220
0.136297
0.123868
0.154258
0.192126
0.183730
0.179739
0.132353
0.139789
0.129722
0.171716
0.140737
0.147588
0.120350
0.102897
0.161289
0.129811
0.085288
0.079016
0.136465
0.145097
0.109290
0.103177
0.133484
0.133175
0.151821
0.190941
0.157189
0.140955
0.080523
0.070900
0.175916
0.138321
0.111411
0.064820
0.093106
0.082054
0.094670
0.114301
0.094440
0.101811
0.078850
0.089403
0.112127
0.110429
0.062664
0.069794
0.116187
0.092007
0.099681
0.069862
0.108381
0.103993
0.125871
0.068277
0.117804
0.099210
0.061139
0.070400
0.068767
0.108875
0.063431
0.062725
0.116783
0.086489
0.033863
0.039850
0.074408
0.083343
0.050729
0.058718
0.044983
0.075164
0.042221
0.046509
0.094002
0.059896
0.024648
0.043944
0.076737
0.073660
0.046703
0.034053
0.065561
0.080253
0.102127
0.064720
0.117913
0.104480
0.063482
0.120408
0.047990
0.095840
0.115600
0.110369
0.113825
0.098742
0.112176
0.082615
0.113002
0.150849
0.124864
0.115953
0.089029
0.101007
0.071233
0.098545
0.080808
0.125715
0.077237
0.098837
0.098762
0.098917
0.061784
0.070809
0.119438
0.127067
0.146988
0.098381
0.099817
0.101935
0.075276
0.104621
0.112827
0.110858
0.073765
0.085930
0.101163
0.086895
0.081110
0.078777
0.138798
0.158028
0.124015
0.119903
0.163570
0.175175
0.181791
0.189568
0.196626
0.186652
0.161983
0.167643
0.225629
0.206947
0.183160
0.145447
0.153304
0.197926
0.217032
0.181108
0.185565
0.149869
0.127777
0.194275
0.174748
0.170560
0.112252
0.142295
0.150913
0.165843
0.166469
0.138528
0.129358
0.142747
0.112557
0.116375
0.092470
0.128679
0.093168
0.069714
0.163673
0.100822
0.066254
0.077402
0.076011
0.066812
0.046837
