0.125689
0.039286
0.063563
0.055478
0.001721
0.051397
0.051320
0.015201
0.080292
0.024806
0.029134
0.026030
0.008853
0.039287
0.045050
0.035170
0.032491
0.012476
0.059424
0.025749
0.008596
0.045125
0.063334
0.021775
0.072726
0.065899
0.051566
0.020386
0.053718
0.064346
0.065868
0.064754
0.054523
0.106312
0.107931
0.092523
0.084044
0.088322
0.088210
0.039031
0.070143
0.080268
0.089882
0.065656
0.072621
0.082223
0.083122
0.029934
0.051455
0.082187
0.080313
0.082057
0.071480
0.057240
0.075457
0.037227
0.085035
0.063723
0.065007
0.030058
0.049162
0.060787
0.067621
0.022878
0.027129
0.045526
0.056943
0.047198
0.027498
0.042739
0.069449
0.029836
0.052794
0.048297
0.049102
0.049098
0.051288
0.081658
0.081944
0.032766
0.048992
0.046587
0.062341
0.074090
0.044524
0.062764
0.071003
0.010766
0.039374
0.084442
0.057322
0.031558
0.038051
0.075957
0.051334
0.026920
0.016375
0.054645
0.069620
0.054928
0.037275
0.042484
0.033368
0.020467
0.029963
0.057601
0.060053
0.013262
0.034013
0.062932
0.061758
0.036938
0.030612
0.041251
0.056723
0.039071
0.035842
0.030754
0.042953
0.028977
0.044972
0.043977
0.044547
-0.003720
0.014429
0.031927
0.064284
0.024440
0.025013
0.032343
0.067280
0.042261
0.013831
0.034243
0.046396
0.016515
0.030863
0.033062
0.050037
0.003940
0.032982
0.035329
0.060568
0.027267
0.032137
0.034289
0.062176
0.021117
0.020637
0.034704
0.049203
0.021978
0.054710
0.043031
0.044011
0.011772
0.013988
0.040725
0.044454
0.045446
0.033765
0.034757
0.045147
0.038630
0.005905
0.025549
0.039285
0.017153
0.039594
0.044912
0.036292
0.015855
0.018377
0.026909
0.041283
0.022970
0.017504
0.000266
0.055719
0.042332
0.021235
0.041054
0.053948
0.010052
0.056555
0.041669
0.049450
0.027252
0.031053
0.051014
0.030342
0.035504
0.012902
0.028738
0.074332
0.025798
0.042991
0.040356
0.067485
0.012368
0.039789
0.080527
0.057594
0.004001
0.049429
0.036551
0.058548
0.024000
0.026292
0.057931
0.066200
0.024463
0.036309
0.047432
0.049588
0.007021
0.032551
0.050425
0.046145
0.017332
0.019182
0.029726
0.052661
0.041132
0.026967
0.029527
0.060881
0.033398
0.044024
0.045758
0.050793
0.021529
0.036756
0.048489
0.044746
0.018620
0.032321
0.049516
0.063135
0.037411
0.025362
0.034417
0.056083
0.049721
0.023377
0.037747
0.064261
0.018252
0.031102
0.028304
0.048306
0.023649
0.039558
0.054060
0.075251
0.015808
0.028569
0.028503
0.067118
0.030067
0.037045
0.048565
0.050459
0.003953
0.033136
0.055842
0.053545
0.021597
0.046574
0.018633
0.054692
0.037300
0.017255
0.037241
0.059075
0.037616
0.025024
0.043161
0.045588
0.016549
0.036538
0.041940
0.030601
0.004341
0.011851
0.039800
0.072120
0.037154
0.022625
0.012511
0.051477
0.029509
0.013870
0.040362
0.071141
-0.013355
0.036105
0.037881
0.016914
0.029058
0.030420
0.043051
0.041832
0.024638
0.021735
0.041200
0.064484
0.056406
0.027213
0.023596
0.048235
-0.004527
0.032932
0.054050
0.043938
-0.000193
0.009379
0.029785
0.032259
0.042513
0.019913
-0.002820
0.048952
0.025734
-0.001328
0.042342
0.049175
-0.004519
0.051823
0.028155
0.015373
0.013178
-0.003470
0.032547
0.030715
0.020521
0.019798
0.017763
0.053867
0.017135
0.002661
0.027524
0.008083
-0.005936
0.036661
0.029835
0.034070
0.004058
0.027691
0.014953
0.033043
0.034088
0.022369
0.032531
0.068245
0.027567
0.021099
0.013350
0.028328
0.012561
0.038741
0.053569
0.043494
0.025997
0.020336
0.034605
0.064616
0.020858
0.030098
0.024183
0.052702
0.036858
0.006769
0.029081
0.049736
0.019798
0.058583
0.029973
0.034586
0.010794
0.040822
0.059223
0.049488
0.035994
0.039614
0.038930
0.063456
0.060046
0.039091
0.044157
0.047496
0.008569
0.048299
0.045673
0.028121
0.014862
0.023565
0.076638
0.059996
0.025219
0.035328
0.035954
0.058175
0.047352
0.037056
0.029912
0.047955
0.019190
0.076828
0.018771
0.041145
0.035174
0.031594
0.023750
0.050347
0.026700
0.015477
0.019725
0.066842
0.023008
0.011400
0.038844
0.052743
0.015597
0.038130
0.039009
0.010885
0.029020
0.013335
0.015573
0.034277
0.017463
0.029304
0.027512
0.058194
0.030871
0.015061
0.012730
0.048323
-0.002496
0.030656
0.050610
0.011995
0.014899
-0.003717
0.025566
0.037064
0.024271
0.009353
0.014208
0.058225
0.009085
0.007211
0.046059
0.029040
0.007451
0.067218
0.036624
0.054253
-0.010685
0.010576
0.030764
0.026492
0.029649
0.025913
0.002138
0.040588
0.030053
-0.003122
0.030151
0.031800
-0.026673
0.049053
0.038845
0.042309
0.008612
0.009679
0.037768
0.050274
0.041773
0.011915
0.036931
0.048951
0.023866
0.019218
0.033011
0.054061
0.022532
0.045708
0.056183
0.036205
0.004535
0.012271
0.042505
0.053688
0.023269
0.019607
0.013649
0.060361
0.029576
0.014097
0.030298
0.058640
0.000169
0.046072
0.037415
0.037706
0.019365
0.003463
0.019058
0.068359
0.025979
0.028734
-0.005027
0.035621
0.062706
0.025669
0.055505
0.057931
0.021283
0.039139
0.050907
0.026256
0.034885
0.026307
0.079438
0.049019
0.013118
0.046059
0.055515
0.081889
0.081121
0.065282
0.064427
0.092676
0.025213
0.041919
0.037915
0.041501
0.036451
0.062756
0.053747
0.062721
0.027381
0.030755
0.052568
0.080956
0.058774
0.058101
0.068498
0.070082
0.032353
0.057300
0.041220
0.060030
0.048451
0.052984
0.077716
0.061666
0.041351
0.043198
0.070973
0.077067
0.083602
0.076970
0.066378
0.094118
0.051051
0.060592
0.110944
0.094278
0.084664
0.091566
0.112502
0.096913
0.085129
0.064309
0.091819
0.126606
0.137482
0.105478
0.106506
0.091201
0.071694
0.078271
0.077328
0.083188
0.047715
0.081149
0.118382
0.086936
0.095540
0.038076
0.082276
0.103825
0.078866
0.090164
0.043176
0.100178
0.065285
0.091009
0.084658
0.075837
0.075316
0.104455
0.118985
0.104999
0.092052
0.085998
0.134290
0.128679
0.132963
0.133924
0.141336
0.144210
0.107673
0.184373
0.120674
0.148607
0.144779
0.114995
0.191217
0.159024
0.159311
0.148858
0.174129
0.193066
0.231098
0.224200
0.201198
0.155576
0.183504
0.197792
0.167699
0.206127
0.104589
0.125122
0.181064
0.203473
0.140231
0.125319
0.121422
0.151194
0.133609
0.135672
0.102594
0.108314
0.076698
0.107819
0.119601
0.113149
0.056075
0.096337
0.062766
0.079982
0.063846
0.027027
0.085068
0.107935
0.079349
0.057664
0.075523
0.076038
0.053905
0.054473
0.090358
0.095846
0.054690
0.095577
0.033099
0.067664
0.047770
0.018622
0.060773
0.089727
0.080413
0.068375
0.076631
0.089502
0.041170
0.077509
0.065078
0.070644
0.063741
0.064526
0.084079
0.089729
0.060073
0.057737
0.080419
0.097398
0.140121
0.107049
0.111735
0.103302
0.120902
0.102326
0.155203
0.134455
0.128387
0.115060
0.125400
0.150169
0.149875
0.129300
0.151625
0.160853
0.147056
0.175512
0.123185
0.106555
0.097016
0.127695
0.144032
0.148263
0.112552
0.160744
0.131437
0.122858
0.100886
0.075983
0.122317
0.148868
0.135170
0.111277
0.125613
0.134439
0.126456
0.121487
0.086993
0.100454
0.123645
0.115412
0.169190
0.139541
0.091688
0.098180
0.153022
0.166162
0.157723
0.159906
0.142358
0.124202
0.129166
0.165963
0.125774
0.155297
0.153694
0.151247
0.161542
0.139013
0.181660
0.195399
0.163050
0.212236
0.229167
0.237557
0.190227
0.250628
0.187009
0.232226
0.196667
0.232575
0.185099
0.216424
0.206949
0.265418
0.145554
0.190712
0.188253
0.223479
0.195153
0.219396
0.209962
0.210414
0.172975
0.202096
0.161051
0.227646
0.211018
0.205778
0.236422
0.243540
0.204834
0.214440
0.247595
0.228832
0.218488
0.250503
0.208529
0.164250
0.205302
0.186713
0.224838
0.221302
0.174490
0.172307
0.219367
0.217173
0.158453
0.171345
0.233152
0.312066
0.325182
0.323831
0.301674
0.313760
0.347514
0.403518
0.323358
0.347208
0.353861
0.342565
0.409715
0.425504
0.380917
0.417603
0.430790
0.486575
0.466617
0.481874
0.440403
0.437818
0.442118
0.456268
0.436139
0.450383
0.420177
0.389341
0.402496
0.454742
0.428572
0.448032
0.433010
0.477717
0.381203
0.442052
0.387657
0.372063
0.363773
0.348914
0.373185
0.335320
0.304728
0.312169
0.335566
0.367763
0.246522
0.291798
0.296405
0.336207
0.317555
0.373597
0.313437
0.351759
0.337664
0.395344
0.336716
0.344336
0.332989
0.298975
0.369216
0.370783
0.371570
0.384943
0.384140
0.400321
0.391601
0.412988
0.376604
0.362424
0.344252
0.410776
0.396653
0.381325
0.345932
0.347711
0.398929
0.415456
0.380126
0.434284
0.417239
0.446527
0.432528
0.472384
0.369065
0.432032
0.448467
0.431944
0.389975
0.412352
0.395397
0.367355
0.414572
0.468461
0.318107
0.371842
0.405736
0.404884
0.370345
0.372149
0.370287
0.342619
0.398378
0.357378
0.319864
0.340715
0.313969
0.308464
0.369761
0.417306
0.268535
0.298347
0.314348
0.295563
0.278765
0.281128
0.225136
0.259831
0.225612
0.228148
0.248730
0.220642
0.149900
0.203044
0.210731
0.197650
0.115927
0.105927
0.168391
0.168931
0.149501
0.177518
0.144509
0.142527
0.136647
0.147782
0.133656
0.145430
0.130795
0.097340
0.133328
0.122025
0.091183
0.100353
0.078824
0.123873
0.116645
0.113620
0.107288
0.098244
0.089946
0.091290
0.132375
0.097864
0.067352
0.060863
0.086384
0.094816
0.054683
0.043778
0.062670
0.089974
0.088485
0.066288
0.050098
0.087063
0.018965
0.042267
0.074834
0.046239
0.032255
0.055814
0.043922
0.075050
0.027682
0.038758
0.048029
0.077763
0.006923
0.036622
0.023058
0.051133
0.033584
0.063261
0.034947
0.044294
0.011363
0.050904
0.048544
0.051147
0.045858
0.008901
0.049514
0.052080
0.023484
0.040997
0.044650
0.058751
0.021969
0.053566
0.038850
0.039499
0.016155
0.042023
0.046049
0.074834
0.025002
0.029144
0.028642
0.063501
0.038195
0.040635
0.038406
0.068173
0.023325
0.057091
0.098859
0.067507
0.043908
0.044913
0.068504
0.056670
0.051378
