0.124714
0.045123
0.062262
0.069603
0.004377
0.072713
0.066718
0.013228
0.073983
0.056988
0.033909
0.044885
0.002398
0.036054
0.037610
0.031337
0.014935
0.030796
0.060532
0.022754
0.005510
0.025884
0.064639
-0.006399
0.033498
0.046833
0.022934
0.024203
0.020128
0.007515
0.061880
0.054902
0.014441
0.025207
0.057642
0.041850
0.030639
0.029181
0.061205
0.018110
0.071878
0.061655
0.032293
0.028743
0.040807
0.073365
0.078306
0.041879
0.060650
0.053797
0.084312
0.048856
0.075601
0.069817
0.046309
0.039082
0.054690
0.087677
0.088515
0.070009
0.072784
0.097002
0.071041
0.046131
0.068943
0.090859
0.120990
0.122757
0.072779
0.070786
0.085388
0.045771
0.064092
0.097101
0.077904
0.057422
0.068771
0.023148
0.065574
0.044535
0.020183
0.047035
0.058706
0.051796
0.050550
0.043340
0.080396
0.046458
0.076164
0.041436
0.059492
0.043849
0.054260
0.068278
0.060664
0.027848
0.043992
0.054244
0.066014
0.079608
0.052304
0.063644
0.081239
0.017565
0.055526
0.081383
0.066247
0.051726
0.044668
0.079503
0.070077
0.047006
0.051066
0.094819
0.152541
0.126059
0.119049
0.120151
0.109029
0.097790
0.142723
0.158363
0.161238
0.121582
0.100577
0.131388
0.118278
0.098126
0.101716
0.142529
0.135074
0.108034
0.110000
0.092654
0.125216
0.074241
0.102945
0.085050
0.106517
0.057179
0.072691
0.089673
0.069851
0.041037
0.028764
0.078693
0.093642
0.128690
0.102798
0.105698
0.116693
0.120853
0.124469
0.102076
0.124494
0.122465
0.115821
0.115339
0.139521
0.113380
0.095370
0.160423
0.120697
0.120168
0.110249
0.087375
0.116909
0.090357
0.085229
0.103018
0.083306
0.060625
0.067319
0.077830
0.076481
0.062733
0.047158
0.062681
0.098682
0.048541
0.069730
0.064633
0.083888
0.043313
0.068584
0.041642
0.045083
0.062408
0.043441
0.069174
0.065081
0.041083
0.039878
0.044082
0.052819
0.036281
0.026243
0.050218
0.089869
-0.003637
0.055489
0.076832
0.045662
0.033593
0.068565
0.054075
0.064901
0.050567
0.019341
0.045192
0.082068
0.048653
0.056589
0.050028
0.070841
0.053752
0.079468
0.066170
0.074930
0.038067
0.068264
0.025927
0.078068
0.057285
0.042950
0.068520
0.113600
0.071704
0.070794
0.087283
0.106353
0.107989
0.109605
0.065311
0.078008
0.061300
0.062723
0.131826
0.087214
0.062275
0.065307
0.082055
0.113384
0.111136
0.108746
0.102861
0.123265
0.114172
0.120447
0.136397
0.153260
0.127232
0.136574
0.169413
0.130928
0.145880
0.140764
0.205454
0.196071
0.179656
0.172678
0.156607
0.193396
0.170922
0.200545
0.162853
0.217955
0.201275
0.232462
0.315839
0.228070
0.255072
0.285700
0.327003
0.408698
0.350359
0.367717
0.377455
0.406055
0.428115
0.467386
0.409920
0.448263
0.453253
0.458436
0.515532
0.537158
0.518189
0.568812
0.609841
0.662528
0.666323
0.686176
0.679538
0.692496
0.734487
0.717483
0.718322
0.711577
0.684927
0.693872
0.729246
0.702044
0.775049
0.779346
0.760954
0.743868
0.730526
0.709315
0.711301
0.707231
0.669760
0.663424
0.617064
0.665437
0.609935
0.658759
0.638157
0.664191
0.579525
0.649202
0.698699
0.694330
0.646955
0.660458
0.663009
0.644648
0.671023
0.605292
0.622873
0.626246
0.567575
0.538098
0.605095
0.611738
0.435077
0.496424
0.567366
0.585680
0.570700
0.591504
0.594689
0.616468
0.618786
0.640604
0.593945
0.604814
0.561971
0.595947
0.625897
0.654527
0.570073
0.633957
0.659182
0.641054
0.641493
0.658273
0.632590
0.638295
0.656548
0.628742
0.646118
0.621743
0.623598
0.612270
0.677190
0.698514
0.686964
0.729049
0.732194
0.750211
0.751563
0.739260
0.786231
0.761616
0.754406
0.769944
0.715372
0.737042
0.738665
0.748225
0.754992
0.779791
0.716957
0.744463
0.735259
0.766639
0.763778
0.797595
0.764536
0.801706
0.775690
0.764735
0.749576
0.761801
0.770146
0.768230
0.743816
0.765351
0.745581
0.757438
0.774498
0.750988
0.697739
0.703365
0.654286
0.669179
0.643372
0.672778
0.629086
0.647140
0.594464
0.576821
0.635900
0.603691
0.574151
0.610376
0.609807
0.611289
0.584069
0.584529
0.538832
0.592825
0.524579
0.553767
0.490599
0.532382
0.456641
0.483443
0.518897
0.537439
0.349865
0.402630
0.425534
0.481014
0.434642
0.433523
0.415061
0.409134
0.438895
0.446381
0.429316
0.407551
0.363484
0.366189
0.399408
0.427681
0.378513
0.380112
0.417806
0.430845
0.378729
0.431858
0.366365
0.375568
0.359994
0.357789
0.391163
0.353159
0.347324
0.353935
0.330698
0.359460
0.384423
0.399962
0.388196
0.397159
0.406055
0.424221
0.339054
0.384982
0.357742
0.379095
0.389421
0.400478
0.345526
0.358611
0.411354
0.412024
0.352896
0.372905
0.363266
0.376141
0.308923
0.292465
0.282659
0.308788
0.316554
0.303061
0.305340
0.315128
0.243890
0.287143
0.370264
0.366007
0.273323
0.303780
0.262473
0.321489
0.270231
0.264402
0.230120
0.265475
0.163349
0.177538
0.241641
0.209038
0.185784
0.157018
0.218107
0.228021
0.187170
0.198828
0.215236
0.227009
0.283769
0.255766
0.279889
0.295040
0.322386
0.281396
0.295656
0.299090
0.239757
0.321785
0.298366
0.295153
0.267454
0.252698
0.371917
0.352845
0.377398
0.354655
0.382615
0.414654
0.442799
0.431047
0.452819
0.456475
0.438232
0.433232
0.444262
0.501420
0.394212
0.500011
0.430684
0.487083
0.414560
0.424692
0.394777
0.413078
0.395224
0.410989
0.362808
0.360438
0.328741
0.269118
0.340607
0.364204
0.287280
0.276963
0.268573
0.240828
0.240902
0.278901
0.170548
0.184136
0.171055
0.152920
0.203507
0.147121
0.097515
0.109710
0.146964
0.103285
0.083710
0.034711
0.123880
0.140554
0.148790
0.120353
0.116350
0.144905
0.185475
0.206864
0.151481
0.215051
0.162098
0.189117
0.230629
0.214347
0.255642
0.236572
0.259018
0.235505
0.267457
0.243045
0.267359
0.236888
0.255625
0.246565
0.261712
0.255374
0.185112
0.214688
0.220983
0.249346
0.168503
0.188349
0.221840
0.248940
0.225227
0.211619
0.205508
0.191078
0.174755
0.217651
0.163414
0.180560
0.156479
0.132750
0.195067
0.223511
0.158494
0.190345
0.209937
0.193560
0.183831
0.191643
0.133249
0.142945
0.137133
0.166167
0.163073
0.135558
0.099763
0.105945
0.155926
0.127807
0.096285
0.077563
0.070071
0.162761
0.140728
0.137949
0.110325
0.126196
0.172631
0.201841
0.196288
0.173509
0.153453
0.112367
0.199034
0.173166
0.123619
0.103407
0.140518
0.156098
0.208286
0.188892
0.174162
0.230214
0.126167
0.220376
0.161098
0.222701
0.182527
0.182686
0.296090
0.282559
0.249338
0.265928
0.254871
0.291438
0.247576
0.252242
0.211101
0.218237
0.224152
0.233935
0.194602
0.180508
0.121653
0.133876
0.145585
0.151246
0.074341
0.059444
0.102937
0.116128
0.133876
0.076663
0.081962
0.096472
0.070832
0.120885
0.138275
0.120614
0.073233
0.091283
0.090057
0.116368
0.069151
0.054315
0.094511
0.092109
0.090216
0.071744
0.083871
0.108132
0.059272
0.094103
0.081531
0.080141
0.059503
0.045649
0.064686
0.089784
0.072628
0.017048
0.072026
0.117468
0.056927
0.068976
0.049125
0.076303
0.068705
0.072408
0.073166
0.069185
0.030889
0.045877
0.063050
0.075768
0.051224
0.020711
0.046690
0.090694
0.058410
0.037701
0.058321
0.114327
0.077233
0.083523
0.070509
0.070341
0.088462
0.060284
0.102173
0.077028
0.074834
0.034906
0.083876
0.107411
0.093202
0.073370
0.063968
0.103128
0.098831
0.100198
0.098024
0.096568
0.063005
0.095924
0.128343
0.090644
0.092726
0.045456
0.099633
0.107602
0.134300
0.091461
0.131821
0.168727
0.101330
0.140755
0.116350
0.138300
0.129325
0.155448
0.129517
0.193643
0.195877
0.186636
0.172716
0.242014
0.235264
0.231369
0.219601
0.196505
0.203831
0.234505
0.239276
0.192880
0.174974
0.132377
0.232091
0.210057
0.197303
0.150320
0.172588
0.187026
0.171927
0.196630
0.127956
0.133260
0.135491
0.153422
0.164620
0.156870
0.069160
0.095719
0.185574
0.149970
0.085196
0.074755
0.142942
0.156990
0.129719
0.163290
0.177383
0.123455
0.134748
0.145867
0.170030
0.168871
0.107038
0.099865
0.174011
0.119431
0.107767
0.072908
0.095042
0.103639
0.124074
0.100491
0.097427
0.098010
0.076140
0.095479
0.104558
0.092972
0.094187
0.083198
0.119639
0.104526
0.122194
0.079373
0.157004
0.149179
0.175003
0.157001
0.157080
0.137385
0.187856
0.220414
0.203261
0.200793
0.148062
0.154675
0.238857
0.223850
0.172797
0.142819
0.169427
0.178754
0.228125
0.192792
0.199574
0.206993
0.180578
0.193662
0.190510
0.152728
0.155616
0.163215
0.209043
0.197405
0.184721
0.180970
0.198133
0.248096
0.217697
0.207390
0.168738
0.194585
0.184496
0.221644
0.216609
0.205521
0.120449
0.216306
0.197967
0.194846
0.164564
0.130320
0.195096
0.169223
0.165778
0.181122
0.174461
0.155388
0.155734
0.171412
0.178053
0.175180
0.136638
0.168211
0.160654
0.197117
0.198546
0.173112
0.174129
0.212567
0.230354
0.250252
0.172659
0.210355
0.177204
0.215705
0.182878
0.162787
0.157819
0.152027
0.186611
0.163214
0.088398
0.056027
0.118879
0.128378
0.125849
0.126315
0.072765
0.091850
0.069363
0.073507
0.090202
0.101281
0.055039
0.066270
0.073360
0.078281
0.048148
0.049390
0.098080
0.195137
0.130153
0.167310
0.145660
0.134756
0.192694
0.225265
0.155230
0.188878
0.150417
0.201964
0.190933
0.237684
0.214243
0.240136
0.294579
0.264688
0.263455
0.251545
0.218378
0.207074
0.270495
0.245773
0.271122
0.265133
0.255530
0.293527
0.302811
0.304026
0.320257
0.356162
0.283859
0.280163
0.270781
0.236750
0.192741
0.176265
0.173535
0.151623
0.176642
0.173428
0.103670
0.097067
0.152941
0.130327
0.051183
0.046693
0.087418
0.118149
0.097248
0.096211
0.099442
0.098724
0.086305
0.155766
0.100749
0.126871
0.080130
0.094775
0.112349
0.130624
0.080665
0.082987
0.090599
0.117015
0.102350
0.072330
0.065703
0.108033
0.087245
0.062660
0.134677
0.084508
0.046226
0.061153
0.064527
0.059676
0.054428
