0.129333
0.039134
0.063680
0.067191
0.013271
0.082947
0.084895
0.025885
0.072560
0.040844
0.051979
0.068819
0.090076
0.076650
0.037452
0.069223
0.048482
0.074016
0.113570
0.061293
0.061181
0.081971
0.081994
0.066173
0.052110
0.094916
0.078054
0.016170
0.037045
0.059113
0.059184
0.042268
0.017141
0.050030
0.046568
0.048285
0.022376
0.035071
0.047697
0.042348
0.045419
0.059301
0.034578
0.030390
0.035250
0.069127
0.077838
0.025718
0.037289
0.058538
0.100770
0.040801
0.057328
0.054197
0.071267
0.050322
0.087575
0.062696
0.102700
0.064337
0.075716
0.102017
0.092047
0.090301
0.055944
0.098761
0.106583
0.090590
0.079602
0.098798
0.082894
0.028514
0.041152
0.100388
0.054823
0.034575
0.075301
0.066145
0.093580
0.034896
0.027825
0.021956
0.062782
0.037754
0.028634
0.043132
0.051849
0.016728
0.075292
0.058510
0.041057
0.013083
0.021480
0.036659
0.044087
0.029969
0.017364
0.048135
0.071482
0.046273
0.040360
0.062254
0.093195
0.035477
0.064692
0.040055
0.053236
0.075375
0.051656
0.109039
0.094528
0.058112
0.058595
0.080280
0.093512
0.129490
0.101514
0.116945
0.119379
0.105763
0.140679
0.173524
0.173874
0.164531
0.196479
0.231096
0.192218
0.217782
0.205954
0.244781
0.197433
0.160013
0.152075
0.087830
0.120867
0.093557
0.113010
0.152814
0.100388
0.045946
0.055730
0.059092
0.115369
0.039448
0.026321
0.062084
0.105973
0.061324
0.043900
0.080832
0.077813
0.071634
0.078520
0.069032
0.054348
0.052912
0.077768
0.078958
0.077488
0.035697
0.028033
0.070190
0.086506
0.047408
0.054786
0.067786
0.083901
0.018634
0.074440
0.059498
0.062292
0.058617
0.064554
0.069781
0.067811
0.061023
0.037734
0.069326
0.092474
0.077160
0.075605
0.069436
0.074845
0.023823
0.067852
0.069147
0.095453
0.040664
0.068647
0.054585
0.065313
0.055942
0.035488
0.069904
0.095495
0.046095
0.078842
0.046194
0.091495
0.038875
0.068769
0.089409
0.053814
0.034755
0.052177
0.070742
0.087108
0.033783
0.033699
0.072112
0.088767
0.092292
0.073552
0.035758
0.069381
0.057834
0.098689
0.110290
0.116944
0.066896
0.081392
0.116467
0.109954
0.119400
0.074230
0.122875
0.149676
0.137607
0.134403
0.109654
0.127591
0.125659
0.179738
0.134155
0.119269
0.116481
0.089953
0.151073
0.148856
0.086964
0.052919
0.084843
0.128331
0.139370
0.121760
0.070296
0.086601
0.169930
0.115579
0.135315
0.133126
0.120683
0.115883
0.157492
0.119059
0.089357
0.070045
0.117152
0.176804
0.180107
0.168806
0.233195
0.174725
0.223652
0.215108
0.219357
0.228852
0.232075
0.246018
0.255945
0.268217
0.261917
0.271873
0.365907
0.376895
0.403354
0.409631
0.380615
0.376371
0.440765
0.443668
0.417467
0.465053
0.451323
0.527931
0.533377
0.530975
0.590514
0.563839
0.645598
0.591984
0.631814
0.616062
0.610741
0.620440
0.634919
0.624957
0.659919
0.602380
0.665547
0.622784
0.679558
0.663954
0.690577
0.702397
0.693776
0.704811
0.687237
0.629572
0.626555
0.635849
0.607833
0.612629
0.572868
0.555894
0.503245
0.496550
0.558852
0.553461
0.433480
0.500742
0.501507
0.584430
0.560096
0.571466
0.557555
0.566850
0.584905
0.595829
0.578220
0.610693
0.545976
0.549047
0.582175
0.613566
0.564424
0.630529
0.652856
0.699814
0.645264
0.660535
0.650212
0.652307
0.636037
0.628878
0.620867
0.662499
0.609791
0.673350
0.630545
0.651715
0.630234
0.672718
0.679582
0.696015
0.614449
0.655686
0.613632
0.616951
0.653819
0.601758
0.590206
0.609471
0.538207
0.555423
0.541211
0.589004
0.524983
0.534856
0.536467
0.549051
0.473572
0.481215
0.462549
0.435215
0.423052
0.425334
0.414573
0.424800
0.384571
0.416851
0.453935
0.465263
0.343665
0.392973
0.385856
0.413252
0.396466
0.385318
0.345513
0.338468
0.342972
0.334343
0.323392
0.317503
0.270109
0.292181
0.318559
0.352076
0.235480
0.258519
0.318910
0.284419
0.274944
0.262128
0.207261
0.245275
0.224966
0.205933
0.228269
0.224561
0.135768
0.149208
0.232993
0.182147
0.147263
0.143472
0.160432
0.146026
0.170959
0.114127
0.117199
0.137843
0.098870
0.118917
0.153793
0.126492
0.073475
0.095192
0.055922
0.093490
0.048254
0.042888
0.082768
0.112243
0.058454
0.087459
0.036568
0.098495
0.043118
0.085319
0.050402
0.065264
0.060114
0.069914
0.100034
0.075621
0.047945
0.030491
0.071455
0.076785
0.099329
0.044210
0.074210
0.080933
0.087379
0.079368
0.116131
0.080670
0.113326
0.092654
0.108295
0.085448
0.103899
0.073174
0.127712
0.108349
0.144105
0.117231
0.115348
0.080909
0.047277
0.115443
0.100754
0.104762
0.036508
0.115547
0.055197
0.079854
0.080773
0.024806
0.071800
0.119790
0.088400
0.101815
0.083031
0.098623
0.127337
0.134847
0.096711
0.112261
0.090779
0.084437
0.102493
0.085024
0.041498
0.045731
0.088978
0.090343
0.085526
0.099661
0.056404
0.084858
0.033140
0.061347
0.090461
0.095532
0.095138
0.098184
0.082455
0.052984
0.057813
0.050760
0.167927
0.138283
0.084566
0.072914
0.079746
0.085080
0.073690
0.072263
0.059781
0.057135
0.039589
0.065330
0.085474
0.067068
0.058513
0.057372
0.056890
0.075714
0.046759
0.045341
0.050387
0.084063
0.040044
0.078442
0.057004
0.056314
0.064011
0.080208
0.062404
0.080107
0.046163
0.026339
0.055154
0.092288
0.071024
0.053330
0.074488
0.090387
0.028899
0.053371
0.072019
0.063620
0.037112
0.062048
0.088086
0.082089
0.028051
0.021089
0.053665
0.064996
0.066459
0.059396
0.065039
0.079826
0.079435
0.093366
0.070024
0.104025
0.062839
0.095454
0.133005
0.107446
0.087925
0.058747
0.077284
0.138660
0.121023
0.083880
0.111237
0.121109
0.123350
0.149346
0.099071
0.092386
0.090838
0.086781
0.133996
0.120234
0.105044
0.095021
0.103706
0.141385
0.117442
0.136010
0.092436
0.103677
0.098262
0.113650
0.134058
0.125937
0.092283
0.071619
0.156949
0.113851
0.057409
0.050720
0.139485
0.101674
0.126361
0.137309
0.090021
0.096750
0.090491
0.117925
0.156156
0.138762
0.133967
0.150257
0.161243
0.166802
0.199565
0.214143
0.164793
0.176970
0.193652
0.187080
0.138841
0.143002
0.145494
0.147916
0.201277
0.171300
0.134511
0.127786
0.154994
0.145499
0.068153
0.081313
0.165423
0.150123
0.131760
0.137028
0.105357
0.111508
0.100010
0.175095
0.151595
0.168265
0.069327
0.137634
0.143194
0.142212
0.068044
0.051671
0.138303
0.127852
0.149662
0.144448
0.137207
0.152684
0.159820
0.189401
0.202181
0.163346
0.139262
0.163234
0.229634
0.175942
0.203179
0.241858
0.151592
0.225304
0.191256
0.203566
0.120492
0.155606
0.148365
0.221535
0.182984
0.182554
0.083806
0.108670
0.135344
0.137313
0.084256
0.075524
0.103687
0.140126
0.099879
0.083032
0.085206
0.074591
0.102834
0.074577
0.143542
0.106922
0.089483
0.043264
0.077640
0.081381
0.072326
0.060978
0.046304
0.070775
0.055623
0.048017
0.036328
0.056300
0.029898
0.052586
0.054952
0.031832
-0.010258
0.018337
0.052137
0.060826
0.039935
0.021778
0.006704
0.056166
0.037409
0.028491
0.027506
0.037121
0.002163
0.068200
0.043148
0.052157
0.002763
0.025084
0.053976
0.052764
0.042671
0.002453
0.017108
0.073736
0.036474
-0.003335
0.011926
0.024483
0.001565
0.042985
0.035242
0.040674
0.009242
0.024044
0.042062
0.054722
0.064165
0.023388
0.032462
0.060819
0.030405
0.027621
0.067675
0.041805
0.004823
0.037782
0.042865
0.031680
0.013944
0.048127
0.035996
0.059758
0.014002
0.044630
0.012321
0.064088
0.029667
0.024748
0.029855
0.063603
0.030946
0.049846
0.047937
0.036597
0.049517
0.043645
0.052084
0.049511
0.047304
0.040450
0.058020
0.081569
0.071876
0.064807
0.083670
0.066231
0.099868
0.138611
0.102815
0.111669
0.102008
0.153994
0.166876
0.153013
0.186020
0.154216
0.237683
0.245260
0.261660
0.271192
0.258444
0.268597
0.264641
0.300528
0.281866
0.273860
0.252798
0.285284
0.324178
0.355381
0.275454
0.333948
0.310411
0.375542
0.317602
0.354721
0.329184
0.316363
0.349007
0.318607
0.309617
0.347432
0.336619
0.375756
0.369247
0.378970
0.348028
0.410766
0.412627
0.419687
0.397517
0.402502
0.373836
0.397835
0.407875
0.417828
0.367116
0.406025
0.340341
0.370618
0.379756
0.413289
0.368287
0.369778
0.461694
0.466199
0.453246
0.521562
0.514178
0.524182
0.577573
0.561798
0.488916
0.495766
0.512247
0.490066
0.595110
0.587906
0.549857
0.577775
0.599910
0.590857
0.624611
0.649225
0.664321
0.682911
0.697339
0.651013
0.668382
0.688396
0.699568
0.669000
0.727152
0.765578
0.704865
0.766536
0.811857
0.808431
0.805530
0.795025
0.772220
0.822855
0.802720
0.784099
0.790627
0.785104
0.761279
0.749355
0.780946
0.768941
0.723254
0.781631
0.758700
0.778127
0.719490
0.738268
0.696810
0.715768
0.691521
0.680615
0.670019
0.656053
0.623504
0.604541
0.671638
0.658779
0.627099
0.645007
0.613064
0.648704
0.574106
0.593171
0.564092
0.514240
0.563419
0.484115
0.454604
0.542848
0.404167
0.388304
0.481241
0.474840
0.347760
0.380700
0.371683
0.350818
0.356398
0.362277
0.279084
0.269836
0.223878
0.246130
0.242429
0.259098
0.160520
0.195980
0.170366
0.206006
0.119000
0.129794
0.191882
0.233224
0.248418
0.194860
0.273632
0.279565
0.288212
0.346268
0.233659
0.239826
0.269030
0.248387
0.318600
0.333270
0.268046
0.317158
0.211741
0.304939
0.269127
0.274489
0.204046
0.203989
0.129763
0.179779
0.142258
0.172503
0.088215
0.130248
0.134349
0.111851
0.072003
0.058404
0.119209
0.138245
0.078909
0.095194
0.093397
0.110305
0.076698
0.104733
0.090482
0.125543
0.051071
0.059457
0.071718
0.073206
0.074409
0.031404
0.062395
0.107013
0.091422
0.064290
0.083800
0.102845
0.094128
0.103897
0.069695
0.104941
0.129641
0.132382
0.148689
0.163369
0.155076
0.174599
0.171512
0.145389
0.138785
0.162059
0.132852
0.132247
0.119591
0.093991
0.175409
0.107188
0.078207
0.094170
0.076640
0.068762
0.053695
