0.124738
0.048582
0.070599
0.076934
0.025819
0.077053
0.063117
0.003378
0.056694
0.044223
0.045701
0.034174
0.026523
0.022225
0.045999
0.023980
0.024070
0.023463
0.058186
0.022826
0.020791
0.047952
0.065435
-0.005563
0.032874
0.040340
0.044459
0.040234
0.037886
0.049415
0.054708
0.004658
0.021475
0.031108
0.072930
0.031504
0.055401
0.055547
0.058649
0.006139
0.028267
0.051620
0.044444
0.029741
0.066208
-0.000338
0.045284
0.041202
0.026861
0.024298
0.059090
0.019114
0.012447
0.037616
0.041227
-0.002189
0.026624
0.039825
0.053118
0.017297
0.035228
0.019471
0.051980
0.021380
0.017430
0.022418
0.065893
0.033501
0.032048
0.009405
0.070281
0.036743
0.075364
0.047430
0.060397
0.055876
0.022201
0.054161
0.054277
0.036096
0.026946
0.059083
0.061721
0.031492
0.028532
0.045756
0.061491
0.001756
0.040219
0.052392
0.032779
0.008840
0.026753
0.039575
0.061210
0.021833
0.036977
0.017433
0.055637
0.011355
0.005858
0.032716
0.032175
0.005039
0.030062
0.042678
0.039100
-0.008396
0.028140
0.045211
0.051520
0.029717
0.028058
0.011540
0.066244
0.027099
0.015094
0.035048
0.028941
0.021869
0.042039
0.017605
0.020595
0.015500
0.017818
0.045622
0.044755
0.041261
0.020058
0.010847
0.053780
0.026047
0.000232
0.043027
0.045573
0.012696
0.039485
0.037462
0.041182
0.011762
0.027255
0.025564
0.050614
0.017440
0.021468
0.031684
0.049485
0.034570
-0.007784
0.038216
0.051290
0.006804
0.048736
0.036669
0.033615
0.008801
0.035272
0.030978
0.041571
0.023698
0.015222
0.020046
0.057490
0.009157
-0.000962
0.035677
0.065076
0.003276
0.049119
0.028983
0.043651
0.028785
0.032318
0.023842
0.061365
0.012340
0.018937
0.021937
0.036098
0.031071
0.005539
0.021544
0.039458
-0.024328
0.042658
0.051813
0.022629
0.007729
0.010098
0.015607
0.041348
0.029094
0.012222
0.024789
0.037790
0.034554
-0.004356
0.034620
0.032064
0.003778
0.040793
0.029614
0.026375
-0.001262
-0.013666
0.038995
0.037730
0.047867
0.019655
0.002502
0.035165
0.020948
-0.014604
0.024747
0.040968
0.010084
0.041037
0.032014
0.014347
-0.014034
0.001437
0.017917
0.021058
0.021099
0.010687
-0.004607
0.038841
0.017500
-0.013712
0.030170
0.056022
0.014287
0.057864
0.035712
0.021281
0.016894
0.009695
0.015740
0.036078
0.030655
0.031193
0.003563
0.041621
0.015663
-0.005015
0.034382
0.037606
0.000975
0.033796
0.046265
0.028715
0.003766
0.005999
0.022986
0.022915
0.035902
0.006101
0.020420
0.064239
0.020378
0.006383
0.025407
0.032137
0.017419
0.038640
0.033812
0.041533
0.006250
0.020942
0.023880
0.040231
0.023809
0.019171
0.017733
0.067056
0.027702
0.030838
0.040692
0.066861
0.014101
0.064556
0.031796
0.052416
0.027178
0.044086
0.061372
0.068361
0.043254
0.021334
0.041064
0.065959
0.064406
0.058338
0.033192
0.031319
0.023620
0.056222
0.076256
0.049807
0.015901
0.035383
0.039471
0.073671
0.052305
0.021934
0.045210
0.098753
0.079350
0.074257
0.079671
0.065384
0.090527
0.112001
0.078582
0.085542
0.089387
0.049817
0.090415
0.099390
0.062255
0.049163
0.109232
0.121867
0.089765
0.128355
0.101566
0.098447
0.113140
0.127225
0.101992
0.123294
0.103249
0.098850
0.101411
0.141303
0.116576
0.142443
0.197423
0.170612
0.164083
0.149134
0.141298
0.133242
0.146759
0.155711
0.166511
0.141193
0.143587
0.103944
0.215998
0.167576
0.144035
0.120559
0.173521
0.165690
0.167053
0.182659
0.153668
0.193117
0.172679
0.174602
0.174707
0.153711
0.161769
0.148227
0.197885
0.240379
0.179413
0.181996
0.270310
0.322842
0.345647
0.391832
0.388294
0.415102
0.417469
0.480474
0.455220
0.449540
0.453697
0.510283
0.480620
0.529068
0.560459
0.617150
0.556393
0.537138
0.518018
0.543848
0.460885
0.501841
0.415825
0.393703
0.447542
0.409880
0.390451
0.359949
0.444575
0.473734
0.355590
0.389176
0.384735
0.429572
0.400155
0.398827
0.314695
0.371554
0.331418
0.329217
0.323778
0.312460
0.251405
0.263278
0.264474
0.291578
0.209417
0.190468
0.289371
0.300201
0.293115
0.355964
0.318859
0.348103
0.374685
0.349398
0.413766
0.386146
0.431267
0.430326
0.495448
0.527217
0.578174
0.598554
0.610354
0.565034
0.579328
0.564594
0.564031
0.591255
0.557887
0.543426
0.537393
0.572052
0.526641
0.536479
0.557890
0.576957
0.500640
0.551141
0.588002
0.619119
0.577278
0.617817
0.602409
0.599922
0.637042
0.597371
0.573153
0.565073
0.554361
0.513008
0.568860
0.573316
0.470051
0.512669
0.560159
0.556876
0.529322
0.511523
0.555568
0.533809
0.529397
0.507973
0.509926
0.553312
0.514305
0.536619
0.596912
0.567604
0.566415
0.580102
0.583946
0.589488
0.550831
0.565829
0.537716
0.588205
0.591770
0.579756
0.498985
0.572280
0.558741
0.580257
0.593238
0.574738
0.547311
0.585179
0.534887
0.587746
0.538206
0.582288
0.475453
0.514391
0.493071
0.463880
0.511977
0.501387
0.460682
0.427986
0.493183
0.487669
0.432572
0.464561
0.524927
0.487805
0.481656
0.513321
0.517165
0.542202
0.582017
0.555703
0.529123
0.557217
0.557227
0.573005
0.545120
0.638782
0.534362
0.605990
0.566572
0.647102
0.620222
0.604327
0.609407
0.581590
0.567864
0.603053
0.541871
0.576674
0.560193
0.497820
0.607005
0.607834
0.522236
0.562897
0.580967
0.583234
0.562979
0.558699
0.519636
0.584383
0.534809
0.543979
0.509008
0.506851
0.482914
0.485207
0.511897
0.528424
0.485653
0.485110
0.525170
0.562251
0.547208
0.540785
0.541529
0.584923
0.583548
0.592037
0.549540
0.556398
0.618184
0.574020
0.591016
0.609116
0.577052
0.616562
0.610054
0.681252
0.629157
0.674226
0.649362
0.634659
0.667092
0.628822
0.628311
0.644393
0.632774
0.609083
0.619972
0.597928
0.598050
0.624523
0.653913
0.660877
0.614240
0.600459
0.575246
0.565845
0.550635
0.556413
0.512029
0.566440
0.514386
0.533906
0.519826
0.574571
0.506349
0.522270
0.558554
0.634446
0.598135
0.633621
0.658172
0.647047
0.686778
0.658936
0.671775
0.671747
0.692287
0.684271
0.729337
0.739400
0.729710
0.799421
0.815035
0.777805
0.773820
0.802165
0.778018
0.778252
0.778998
0.770371
0.800568
0.780371
0.804058
0.813677
0.810270
0.835142
0.807936
0.840064
0.853635
0.848153
0.790927
0.808191
0.766782
0.782443
0.818849
0.790167
0.743903
0.744570
0.717761
0.745162
0.741025
0.715539
0.635107
0.689892
0.662107
0.707952
0.639271
0.635086
0.671746
0.631889
0.664691
0.589549
0.617054
0.614513
0.592210
0.536945
0.617416
0.610952
0.468634
0.508759
0.553984
0.579919
0.578844
0.576013
0.597150
0.567689
0.615766
0.609291
0.603695
0.584687
0.564540
0.541235
0.596314
0.610077
0.578192
0.621792
0.630186
0.681576
0.634693
0.646762
0.609536
0.627576
0.610839
0.594023
0.635171
0.608118
0.589335
0.571347
0.590167
0.603051
0.612093
0.655087
0.558130
0.625205
0.540298
0.535652
0.524421
0.505386
0.441976
0.440558
0.418910
0.407616
0.337534
0.340746
0.311795
0.361654
0.256973
0.287229
0.263831
0.271034
0.256157
0.242464
0.206404
0.217047
0.203855
0.182107
0.185626
0.196283
0.207794
0.149323
0.178923
0.155595
0.063928
0.090782
0.197934
0.171059
0.183728
0.186782
0.215706
0.156037
0.231032
0.224978
0.232152
0.245954
0.223765
0.184658
0.228452
0.267869
0.230039
0.246872
0.293469
0.334400
0.316414
0.340821
0.311319
0.282252
0.320706
0.314648
0.267510
0.320446
0.281982
0.268546
0.332531
0.414262
0.307719
0.364185
0.398940
0.398266
0.378038
0.360761
0.354660
0.406874
0.320936
0.401100
0.327501
0.335712
0.339482
0.323363
0.396954
0.416781
0.313565
0.344058
0.376812
0.368787
0.357308
0.366152
0.334490
0.399224
0.408836
0.414785
0.388065
0.316420
0.382199
0.352958
0.459834
0.488273
0.405227
0.400547
0.377691
0.404340
0.424220
0.424300
0.388600
0.422329
0.360046
0.351491
0.307763
0.358913
0.258564
0.274683
0.323829
0.314339
0.157983
0.137825
0.225387
0.226361
0.214834
0.202992
0.198833
0.177500
0.190004
0.214630
0.180547
0.208248
0.131617
0.143886
0.202087
0.142755
0.095939
0.102069
0.106015
0.163968
0.142914
0.153138
0.138289
0.120196
0.131098
0.147228
0.156767
0.132679
0.148267
0.156613
0.170896
0.126464
0.085030
0.097139
0.166109
0.131543
0.106329
0.101665
0.093736
0.085694
0.042195
0.077387
0.089520
0.071329
0.054173
0.062420
0.082209
0.097804
0.060751
0.039570
0.057807
0.088048
0.037477
0.047892
0.051106
0.075724
0.032400
0.044354
0.076653
0.067147
0.012518
0.039657
0.019535
0.069283
0.030000
0.008671
0.038092
0.038282
0.041259
0.019131
0.054563
0.045257
-0.009344
0.045453
0.031167
0.044752
-0.011987
0.016683
0.036374
0.048826
0.038719
0.011468
0.014016
0.047391
0.027042
-0.005025
0.033455
0.047450
-0.008508
0.035263
0.043836
0.016991
-0.000741
0.023526
0.027586
0.038573
0.036503
0.007078
0.015078
0.046437
0.015037
-0.007334
0.007710
0.042988
-0.014510
0.029635
0.058163
0.032584
-0.013048
-0.006119
0.042551
0.029214
0.022415
0.018936
0.022611
0.044074
0.006200
-0.007002
0.014034
0.032184
0.016132
0.037546
0.030254
0.026654
-0.012374
-0.000781
0.019124
0.038814
0.010378
0.016986
0.010485
0.052406
0.023553
-0.013524
0.014755
0.036289
0.017716
0.036350
0.056618
0.023851
0.001225
0.009684
0.016145
0.028104
0.036561
0.024515
0.005996
0.051969
0.031654
-0.014180
0.029481
0.019493
-0.001190
0.041360
0.027376
0.010498
-0.031950
-0.013107
0.023696
0.032270
0.042062
0.031064
-0.033526
0.027135
0.046921
-0.014476
0.019787
0.032365
0.001233
0.052365
0.046304
0.020007
0.004516
-0.015464
0.029599
0.027955
0.014333
0.026043
-0.003739
0.041561
0.022768
-0.013323
0.016060
0.020072
0.020930
0.060959
0.015778
0.046723
0.009531
-0.026899
0.021198
0.036086
0.035429
0.017344
-0.010232
0.031123
0.042283
0.009348
0.047937
0.049517
-0.012827
0.050885
0.074847
0.055517
0.023687
0.049616
0.059339
0.052257
0.060683
