0.122020
0.052267
0.062126
0.076853
0.004321
0.082422
0.085064
0.011447
0.071710
0.013880
0.036011
0.090472
0.065676
0.058915
0.047820
0.059111
0.037185
0.081756
0.152278
0.117323
0.122746
0.180430
0.173010
0.216921
0.262323
0.241423
0.267280
0.323075
0.249081
0.367821
0.383504
0.377655
0.423875
0.462874
0.497343
0.481419
0.448561
0.459869
0.525281
0.471899
0.503194
0.502111
0.484855
0.567499
0.555003
0.619073
0.607091
0.593145
0.658556
0.641587
0.666329
0.602825
0.603658
0.581503
0.618754
0.567568
0.589703
0.494409
0.521187
0.454442
0.405342
0.510909
0.512847
0.343327
0.387747
0.432817
0.388002
0.413111
0.403644
0.393717
0.377241
0.381935
0.386375
0.349348
0.385012
0.303092
0.329409
0.386159
0.423041
0.284085
0.279715
0.306077
0.294107
0.263338
0.304269
0.263528
0.221806
0.254999
0.254534
0.299328
0.296472
0.223167
0.201512
0.259746
0.233510
0.181711
0.166382
0.274532
0.234072
0.283006
0.267503
0.292843
0.293827
0.318261
0.346267
0.315391
0.310720
0.251735
0.217501
0.303428
0.299468
0.173972
0.198184
0.224835
0.287226
0.285147
0.282425
0.249453
0.272254
0.297114
0.331067
0.306579
0.283915
0.251224
0.253145
0.258669
0.288959
0.251366
0.276972
0.225243
0.287372
0.229998
0.260669
0.163657
0.188627
0.103866
0.129327
0.165505
0.149171
0.108358
0.104904
0.110139
0.093455
0.079664
0.090586
0.140897
0.122497
0.081187
0.082638
0.054565
0.115082
0.054965
0.058720
0.086750
0.072377
0.054764
0.082553
0.102504
0.093485
0.036372
0.036808
0.075468
0.081904
0.082666
0.047804
0.049476
0.054080
0.046902
0.063112
0.056699
0.050679
0.023163
0.060085
0.067902
0.071820
0.049332
0.032814
0.058909
0.112667
0.072096
0.051194
0.090890
0.076285
0.072447
0.098529
0.106060
0.131968
0.109137
0.121203
0.126326
0.149915
0.148711
0.134958
0.140528
0.182856
0.138447
0.138836
0.096522
0.124122
0.122944
0.122604
0.156310
0.115739
0.110818
0.098710
0.114097
0.108319
0.063319
0.037925
0.105781
0.097452
0.138486
0.097163
0.119792
0.073199
0.114638
0.110532
0.109073
0.105310
0.079658
0.060023
0.138282
0.100952
0.045588
0.044969
0.085073
0.103825
0.100675
0.080063
0.089151
0.081236
0.059592
0.082350
0.090885
0.093057
0.072863
0.064322
0.083280
0.073030
0.084624
0.073131
0.117621
0.105224
0.103341
0.095483
0.062393
0.076492
0.052167
0.069440
0.088110
0.064078
0.050109
0.082799
0.079657
0.090747
0.055743
0.049481
0.074031
0.135411
0.101207
0.072689
0.120214
0.096824
0.079279
0.124445
0.134914
0.160370
0.101934
0.096283
0.139538
0.134546
0.135941
0.085324
0.190803
0.138636
0.163850
0.158551
0.123004
0.140084
0.164644
0.131679
0.201314
0.163366
0.099277
0.135436
0.161002
0.165085
0.071003
0.084883
0.148328
0.172631
0.161247
0.144159
0.084802
0.087959
0.116744
0.142719
0.190001
0.127710
0.087071
0.117059
0.143084
0.127203
0.105961
0.051717
0.137610
0.166870
0.192172
0.169911
0.188967
0.164801
0.241092
0.253002
0.271860
0.237606
0.232559
0.253651
0.280534
0.332948
0.261348
0.314015
0.409012
0.412924
0.444482
0.435251
0.479257
0.464545
0.501048
0.500891
0.500534
0.528296
0.502102
0.556555
0.514281
0.591146
0.540996
0.565013
0.635130
0.613742
0.570173
0.573236
0.558869
0.509745
0.566689
0.511979
0.540385
0.545947
0.473238
0.483545
0.475343
0.542263
0.451379
0.507150
0.515853
0.511171
0.469466
0.481200
0.447821
0.438012
0.426976
0.428512
0.338521
0.405519
0.259681
0.317948
0.359235
0.380068
0.214870
0.228708
0.218429
0.256207
0.197070
0.166250
0.151897
0.155538
0.159191
0.153981
0.126958
0.131150
0.100605
0.089122
0.156924
0.095359
0.091670
0.073043
0.116938
0.120853
0.170462
0.080859
0.123532
0.087805
0.119705
0.129140
0.137994
0.118776
0.079007
0.105671
0.109664
0.083016
0.074701
0.057125
0.082500
0.102213
0.072237
0.101910
0.055876
0.114997
0.045054
0.070359
0.087580
0.082100
0.087174
0.084420
0.071427
0.060930
0.050567
0.029265
0.055617
0.101056
0.110828
0.062971
0.084313
0.095393
0.068899
0.107006
0.086913
0.092264
0.055363
0.058869
0.141685
0.106902
0.059659
0.036343
0.067867
0.082533
0.070799
0.080922
0.064678
0.075968
0.050602
0.066551
0.049358
0.077184
0.046023
0.056661
0.127298
0.064405
0.040813
0.011867
0.061184
0.061321
0.044758
0.028666
0.021304
0.047601
0.013017
0.055799
0.058620
0.031668
-0.000197
0.017164
0.019357
0.056328
0.043848
0.021834
0.029591
0.060313
0.041699
0.008340
0.025064
0.060252
0.023927
0.046687
0.052756
0.033913
0.001760
0.033132
0.030011
0.043736
0.042131
0.020682
0.009376
0.057193
0.028395
0.014516
0.015353
0.035452
0.016962
0.046820
0.047872
0.037106
0.005233
0.024323
0.043699
0.033022
0.045955
0.027604
0.033381
0.067591
0.035853
0.008548
0.041653
0.052245
0.042762
0.060294
0.045178
0.038966
0.033314
0.063063
0.074029
0.054130
0.060048
0.024785
0.083526
0.090320
0.099756
0.033489
0.062744
0.046059
0.091144
0.082869
0.098596
0.096864
0.102142
0.068906
0.145852
0.081813
0.095441
0.085667
0.141131
0.124013
0.096319
0.102682
0.147260
0.127725
0.094972
0.116685
0.130567
0.143592
0.126062
0.108475
0.153519
0.149896
0.138710
0.131403
0.182679
0.188867
0.252293
0.228534
0.226202
0.223852
0.263132
0.294721
0.204715
0.247743
0.249067
0.280752
0.354334
0.374741
0.316862
0.351246
0.349939
0.328461
0.370920
0.301109
0.291122
0.311008
0.287367
0.320645
0.345336
0.291809
0.234553
0.240675
0.292096
0.366268
0.217825
0.247892
0.293562
0.304451
0.305775
0.338716
0.255428
0.345016
0.308999
0.313143
0.296915
0.323352
0.270496
0.295212
0.353197
0.345245
0.293126
0.345767
0.386509
0.373980
0.396960
0.385879
0.406473
0.397346
0.474687
0.433833
0.386566
0.482752
0.436072
0.447082
0.468913
0.521140
0.517426
0.577605
0.602003
0.601509
0.599312
0.606088
0.622157
0.642230
0.657409
0.628458
0.637621
0.617970
0.625365
0.604855
0.678155
0.703597
0.652116
0.694734
0.625194
0.681557
0.686276
0.653455
0.662131
0.676379
0.608702
0.588135
0.600663
0.593375
0.569967
0.513493
0.614761
0.604708
0.501825
0.562150
0.597888
0.582103
0.633598
0.616134
0.620841
0.605359
0.627516
0.634562
0.614252
0.638795
0.583089
0.582306
0.624109
0.626343
0.563115
0.600129
0.693392
0.713555
0.679366
0.715605
0.677115
0.740416
0.720109
0.775382
0.728001
0.741402
0.777387
0.808218
0.811183
0.822986
0.868253
0.867323
0.863545
0.865145
0.851925
0.870091
0.856786
0.870749
0.871837
0.852852
0.864876
0.844104
0.800333
0.793198
0.841516
0.806795
0.748036
0.785881
0.811371
0.849438
0.831123
0.827460
0.773082
0.813307
0.814398
0.804588
0.828604
0.826142
0.815499
0.813666
0.831266
0.852855
0.866024
0.869922
0.871358
0.869877
0.874022
0.854627
0.861103
0.873552
0.864044
0.839752
0.846602
0.834138
0.850671
0.848226
0.863046
0.848049
0.869127
0.871239
0.857204
0.840893
0.814692
0.821224
0.770437
0.787285
0.762049
0.749863
0.689073
0.725114
0.632492
0.644239
0.684480
0.681476
0.567833
0.597008
0.605794
0.644952
0.581739
0.604969
0.594030
0.638589
0.607238
0.626862
0.590625
0.566637
0.601627
0.615151
0.655608
0.648055
0.627310
0.634640
0.642920
0.692401
0.673579
0.677796
0.697987
0.688444
0.710086
0.699684
0.724028
0.710959
0.724960
0.736172
0.717518
0.780302
0.752102
0.817430
0.788100
0.802246
0.815592
0.764465
0.780229
0.743144
0.788084
0.782580
0.715867
0.754032
0.712826
0.735009
0.733955
0.750768
0.675854
0.688818
0.791374
0.742356
0.778867
0.794057
0.796179
0.817492
0.827191
0.822026
0.797928
0.811433
0.810176
0.830966
0.847439
0.851705
0.844482
0.876760
0.898901
0.874100
0.897654
0.893975
0.889311
0.898050
0.908638
0.893143
0.894960
0.894253
0.891945
0.894656
0.903889
0.915155
0.910227
0.907324
0.933492
0.920570
0.920293
0.909928
0.902256
0.913170
0.906807
0.899151
0.893247
0.897625
0.877691
0.869651
0.870890
0.862689
0.820427
0.862235
0.857596
0.854144
0.829492
0.814665
0.825919
0.833399
0.806820
0.788411
0.759345
0.816980
0.773212
0.807626
0.780230
0.805135
0.742987
0.766870
0.772903
0.797315
0.786126
0.786960
0.757458
0.739961
0.763221
0.761270
0.726773
0.774945
0.727720
0.714489
0.726083
0.731803
0.713893
0.718620
0.793385
0.765945
0.778775
0.760352
0.782624
0.760703
0.754999
0.779377
0.726839
0.774526
0.735781
0.745742
0.764190
0.796340
0.743862
0.776695
0.741333
0.760825
0.728326
0.711279
0.696815
0.678640
0.659366
0.654202
0.626329
0.682673
0.586742
0.589062
0.622449
0.626909
0.539383
0.577485
0.618608
0.630145
0.570660
0.565864
0.531918
0.556616
0.550974
0.543136
0.514146
0.534484
0.467417
0.443924
0.493765
0.496754
0.346199
0.414043
0.450615
0.472193
0.415454
0.451196
0.454488
0.432697
0.444189
0.463153
0.461828
0.412898
0.448602
0.359813
0.510717
0.477784
0.429864
0.444218
0.533802
0.537775
0.489220
0.510501
0.464856
0.432975
0.555530
0.482713
0.503766
0.457470
0.465591
0.450381
0.527893
0.494879
0.482876
0.538235
0.492278
0.520736
0.522817
0.497916
0.474323
0.472409
0.432491
0.393572
0.437903
0.404637
0.306902
0.300981
0.304707
0.324308
0.267130
0.285409
0.261811
0.283705
0.295527
0.276951
0.230871
0.254387
0.213866
0.292310
0.245741
0.272562
0.203532
0.237451
0.272308
0.279990
0.222841
0.229353
0.184080
0.243692
0.177340
0.204565
0.138147
0.121405
0.090878
0.124771
0.179392
0.118400
0.076771
0.068843
0.114088
0.113973
0.057266
0.030477
0.078616
0.119892
0.059107
0.068552
0.046480
0.088082
0.081289
0.087662
0.092764
0.087256
0.056811
0.064161
0.116418
0.100367
0.079335
0.029644
0.064442
0.083722
0.085774
0.070286
0.070671
0.077091
0.070206
0.056430
0.125721
0.090185
0.059564
0.067370
0.073314
0.067571
0.053810
