0.124620
0.047235
0.067649
0.060606
0.018277
0.071640
0.080048
0.020195
0.085066
0.051368
0.033959
0.046965
0.027554
0.028588
0.058049
0.031092
0.030354
0.012411
0.047572
0.043461
0.041454
0.068702
0.068205
0.031207
0.056920
0.042057
0.037700
0.089146
0.065209
0.035367
0.083775
0.047260
0.061200
0.074520
0.107348
0.067917
0.075712
0.087529
0.103354
0.060684
0.062265
0.096104
0.090884
0.085690
0.108267
0.116046
0.099859
0.120781
0.089648
0.110584
0.153389
0.138196
0.091262
0.066220
0.091169
0.077644
0.083330
0.096711
0.077367
0.060368
0.049713
0.084765
0.077912
0.034793
0.042957
0.030879
0.055830
0.030534
0.035512
0.050809
0.062804
0.007101
0.040941
0.029939
0.046585
0.020429
0.048927
0.034988
0.039490
0.034714
0.011078
0.047922
0.080940
0.022117
0.045097
0.039195
0.059652
0.035681
0.044890
0.020972
0.062266
0.038260
0.030989
0.052815
0.064708
0.042253
0.036290
0.034795
0.061621
0.041828
0.024221
0.049173
0.072234
0.016657
0.045954
0.047934
0.042909
0.028092
0.036190
0.053266
0.068039
0.011237
0.024440
0.055762
0.057875
0.044415
0.058331
0.049099
0.066903
0.018298
0.044860
0.050574
0.066877
0.030652
0.049338
0.035462
0.050373
0.018759
0.029810
0.050869
0.080412
0.041413
0.031911
0.052739
0.061288
0.025082
0.043813
0.036727
0.060216
0.030250
0.028467
0.068329
0.072173
0.019360
0.025777
0.044084
0.045640
0.058256
0.046217
0.043590
0.067541
0.026692
0.049578
0.027486
0.042695
0.050189
0.053143
0.074097
0.049016
0.057587
0.026245
0.052562
0.078299
0.050881
0.038686
0.085688
0.075297
0.036447
0.062451
0.044574
0.077914
0.008772
0.034099
0.047158
0.064600
0.042276
0.033872
0.060568
0.065720
0.033564
0.067940
0.050027
0.078935
0.043481
0.067967
0.058834
0.062627
0.080943
0.040279
0.094228
0.077253
0.044778
0.031150
0.059491
0.069252
0.067534
0.051812
0.087887
0.070938
0.013923
0.062351
0.054558
0.060462
0.053890
0.079634
0.072687
0.050546
0.037595
0.029443
0.045859
0.071181
0.011499
0.056703
0.055180
0.082088
0.019773
0.040942
0.046085
0.047626
0.024767
0.035958
0.036281
0.053235
0.022159
0.037813
0.007779
0.069652
0.032824
0.026373
0.061058
0.037196
0.047625
0.066858
0.033534
0.050401
0.044971
0.055570
0.074937
0.078419
0.057661
0.057584
0.080630
0.109301
0.096154
0.080494
0.081970
0.072766
0.050215
0.069091
0.089345
0.073431
0.092619
0.106527
0.099413
0.095607
0.054951
0.077420
0.088462
0.125325
0.081661
0.050825
0.071124
0.079287
0.046606
0.072082
0.079382
0.069394
0.040524
0.058162
0.054310
0.067958
0.027094
0.042155
0.079245
0.106194
0.093659
0.054769
0.101866
0.095657
0.071922
0.076340
0.092765
0.090397
0.067581
0.054717
0.088928
0.093138
0.064658
0.052096
0.091559
0.136709
0.112548
0.097001
0.092956
0.098263
0.077501
0.107113
0.112160
0.100194
0.076388
0.087845
0.099185
0.088402
0.074303
0.066789
0.078016
0.095313
0.078371
0.065780
0.071318
0.134724
0.046050
0.061826
0.075338
0.061839
0.015924
0.052847
0.058022
0.069497
0.036952
0.032776
0.026620
0.057648
0.055428
0.039661
0.035702
0.050974
0.020037
0.027080
0.043338
0.062613
0.021520
0.029631
0.057881
0.064842
0.038660
0.006617
0.050077
0.073402
0.029070
0.042899
0.069102
0.062349
0.028262
0.063389
0.060298
0.074347
0.053775
0.063299
0.072474
0.065819
0.038732
0.037875
0.050821
0.092942
0.072636
0.055439
0.042210
0.061696
0.061729
0.049490
0.057023
0.062976
0.046440
0.062400
0.056216
0.078386
0.003655
0.053457
0.053973
0.074643
0.060970
0.057293
0.094531
0.081970
0.065265
0.073254
0.096866
0.087953
0.078391
0.102833
0.125772
0.077279
0.065442
0.075912
0.113994
0.118866
0.114254
0.135905
0.105298
0.085632
0.060864
0.111246
0.096891
0.098372
0.101947
0.099217
0.109321
0.129617
0.104593
0.064733
0.146643
0.151082
0.171267
0.164509
0.183792
0.144189
0.238069
0.182114
0.177094
0.178645
0.179521
0.138894
0.215356
0.206158
0.139295
0.142079
0.189043
0.166563
0.225048
0.210610
0.197921
0.197543
0.167679
0.223308
0.154994
0.198174
0.163049
0.155790
0.233456
0.227537
0.214505
0.184745
0.236157
0.251883
0.210794
0.236931
0.211084
0.197138
0.193723
0.211920
0.218711
0.198700
0.193957
0.127740
0.225918
0.190447
0.137745
0.172738
0.184885
0.189624
0.212074
0.222149
0.198575
0.191542
0.194601
0.221424
0.181503
0.240851
0.174442
0.210791
0.259708
0.293241
0.239395
0.251228
0.256319
0.248524
0.272274
0.253733
0.207273
0.261610
0.203826
0.242888
0.229458
0.244636
0.141973
0.224910
0.224065
0.249206
0.138832
0.147295
0.146002
0.254527
0.245044
0.260808
0.209685
0.295596
0.254257
0.343593
0.210437
0.272538
0.269095
0.265651
0.324389
0.346700
0.277917
0.296566
0.321414
0.343643
0.386370
0.388502
0.391717
0.442756
0.382690
0.432426
0.390717
0.415355
0.402020
0.393503
0.479258
0.465040
0.468380
0.484716
0.405028
0.460884
0.413598
0.411181
0.375351
0.363725
0.328887
0.305137
0.301817
0.261539
0.250744
0.250765
0.291677
0.263380
0.166665
0.158863
0.175767
0.227232
0.212360
0.209062
0.190373
0.189288
0.179869
0.183178
0.191994
0.227028
0.204943
0.195833
0.216559
0.211799
0.175309
0.193610
0.232288
0.296701
0.267522
0.281328
0.243119
0.298821
0.289201
0.322905
0.306432
0.307984
0.189659
0.310934
0.262628
0.361281
0.269139
0.309831
0.347272
0.376392
0.367519
0.391855
0.385409
0.379706
0.334157
0.371501
0.304229
0.365854
0.320661
0.332661
0.327347
0.428095
0.310957
0.340347
0.383126
0.367674
0.340205
0.373988
0.330954
0.303387
0.331811
0.316621
0.305746
0.326635
0.255811
0.270794
0.287482
0.288744
0.263152
0.296969
0.263470
0.276632
0.302840
0.276751
0.275017
0.283198
0.255279
0.261623
0.277292
0.259004
0.260779
0.285077
0.311330
0.353033
0.280049
0.291114
0.299219
0.400137
0.343112
0.363191
0.293827
0.337995
0.332570
0.374930
0.325924
0.357672
0.286891
0.315595
0.351518
0.361226
0.363718
0.378747
0.432147
0.428125
0.398090
0.410993
0.378311
0.447152
0.439292
0.430575
0.366197
0.431489
0.411167
0.402868
0.458231
0.452749
0.386531
0.431299
0.517278
0.494420
0.486458
0.545748
0.536128
0.528668
0.546543
0.583244
0.475976
0.545764
0.512914
0.549405
0.565516
0.609868
0.525694
0.608384
0.529255
0.609315
0.553629
0.606134
0.565731
0.565751
0.606157
0.558119
0.559526
0.504121
0.538955
0.502585
0.588775
0.576005
0.549573
0.554047
0.536109
0.583531
0.497282
0.542352
0.508047
0.508867
0.527721
0.504493
0.440358
0.465394
0.431403
0.409129
0.486306
0.497539
0.385069
0.428086
0.405825
0.427027
0.446540
0.424740
0.408526
0.397887
0.423650
0.440918
0.374905
0.390828
0.360133
0.413918
0.416284
0.467401
0.427636
0.453433
0.391060
0.471491
0.387975
0.418752
0.314322
0.337871
0.351561
0.382895
0.321683
0.329854
0.248324
0.253377
0.312392
0.289325
0.174342
0.204954
0.218325
0.231822
0.253202
0.228502
0.200386
0.227924
0.231439
0.206052
0.215154
0.197740
0.155746
0.187196
0.159296
0.199078
0.136752
0.151974
0.171256
0.165034
0.182867
0.218143
0.196781
0.155198
0.153481
0.201699
0.171427
0.164951
0.134710
0.172117
0.192126
0.194430
0.151560
0.162692
0.180220
0.216574
0.200380
0.229424
0.160216
0.197553
0.158216
0.179159
0.197092
0.177594
0.190331
0.150788
0.142869
0.195533
0.197092
0.192763
0.194405
0.187350
0.181438
0.198409
0.150870
0.196754
0.167220
0.198007
0.187417
0.185076
0.188411
0.233564
0.191824
0.217392
0.202394
0.227492
0.238308
0.253897
0.222981
0.230486
0.219817
0.215199
0.210564
0.220930
0.182337
0.192466
0.167217
0.136596
0.203076
0.158233
0.113113
0.088930
0.178677
0.194443
0.190606
0.209070
0.198555
0.252947
0.232566
0.258914
0.225628
0.264060
0.287191
0.261943
0.335403
0.343678
0.311127
0.300153
0.377844
0.392358
0.398710
0.459138
0.442983
0.463351
0.499066
0.505061
0.457922
0.487074
0.510730
0.526483
0.592956
0.582086
0.565425
0.582392
0.650291
0.656426
0.637540
0.626872
0.649968
0.649805
0.698196
0.660261
0.633841
0.698491
0.661973
0.617397
0.697504
0.707303
0.644767
0.702528
0.714243
0.745039
0.749639
0.751781
0.713307
0.728238
0.709877
0.715104
0.688531
0.699081
0.701572
0.702897
0.717671
0.718710
0.662997
0.703026
0.730976
0.769145
0.731507
0.738957
0.749632
0.757253
0.756374
0.745333
0.758177
0.754154
0.756518
0.726400
0.773826
0.765659
0.760616
0.811871
0.773767
0.803497
0.799475
0.788266
0.766790
0.770318
0.754100
0.745954
0.731616
0.751513
0.705840
0.747219
0.742829
0.747095
0.717095
0.743165
0.720648
0.756697
0.705600
0.707939
0.727269
0.711550
0.709055
0.712594
0.653238
0.686395
0.617435
0.600717
0.667076
0.667976
0.517848
0.565924
0.590237
0.638843
0.603255
0.629651
0.615207
0.617348
0.628486
0.606610
0.553285
0.597851
0.549703
0.575635
0.625678
0.612868
0.573044
0.624300
0.578233
0.630961
0.565872
0.600763
0.523804
0.548011
0.538337
0.515065
0.570772
0.500941
0.546033
0.518804
0.536072
0.561627
0.552053
0.589921
0.629050
0.644595
0.585732
0.604695
0.554082
0.557819
0.571926
0.560799
0.553610
0.545921
0.478281
0.517413
0.529698
0.553420
0.503109
0.518765
0.550614
0.559400
0.502758
0.495984
0.461602
0.419866
0.453629
0.415404
0.410955
0.396754
0.340020
0.325907
0.410781
0.376892
0.294604
0.351251
0.306694
0.336860
0.269267
0.287920
0.249080
0.183120
0.200227
0.195156
0.196931
0.187105
0.120466
0.059168
0.108252
0.139161
0.045312
0.039026
0.062551
0.074751
0.068357
0.095920
0.040454
0.056347
0.017558
0.063971
0.055899
0.053563
0.016935
0.042645
0.054239
0.063564
0.024416
0.031691
0.027259
0.053247
0.043980
0.061378
0.031733
0.090543
0.032757
0.041415
0.114932
0.082712
0.033160
0.047928
0.071531
0.069457
0.044451
