0.120426
0.037267
0.065893
0.057293
0.024993
0.060676
0.077988
0.052005
0.088225
0.016529
0.059263
0.072621
0.077590
0.069881
0.066094
0.052056
0.051438
0.085991
0.112777
0.102032
0.093067
0.114066
0.110225
0.105887
0.155735
0.143571
0.144159
0.138401
0.155521
0.189808
0.168257
0.168152
0.130836
0.193310
0.199953
0.180135
0.151122
0.163148
0.187917
0.121267
0.137354
0.166067
0.117515
0.123267
0.148894
0.173846
0.147254
0.140330
0.133511
0.141567
0.167458
0.141029
0.144614
0.120845
0.100107
0.086437
0.105593
0.116179
0.142749
0.065751
0.060584
0.155571
0.115259
0.089894
0.081203
0.080878
0.129657
0.098141
0.097693
0.078590
0.093150
0.084650
0.100533
0.105161
0.065818
0.048858
0.075113
0.114514
0.089234
0.061192
0.042872
0.032135
0.081330
0.071198
0.047688
0.075206
0.065705
0.022647
0.063045
0.055782
0.068170
0.012476
0.041614
0.042657
0.065424
0.061866
0.023286
0.075452
0.104928
0.089762
0.068665
0.111410
0.082680
0.098315
0.153875
0.118574
0.127950
0.107301
0.116439
0.130969
0.153183
0.118928
0.151938
0.194810
0.273652
0.245352
0.239520
0.255130
0.285861
0.307627
0.342103
0.391302
0.371713
0.408425
0.437537
0.461577
0.520831
0.575923
0.592521
0.596917
0.561948
0.560892
0.568641
0.543478
0.564890
0.537348
0.529416
0.482952
0.483450
0.418712
0.304303
0.445992
0.467485
0.258063
0.265114
0.301355
0.323449
0.323664
0.279597
0.326269
0.327703
0.313026
0.304922
0.273410
0.252911
0.252359
0.248263
0.305146
0.266483
0.218806
0.208340
0.306084
0.295241
0.357634
0.320739
0.303828
0.370253
0.346839
0.364719
0.361644
0.337006
0.292689
0.280077
0.344790
0.405263
0.365261
0.424121
0.385674
0.435213
0.389850
0.405887
0.363359
0.373714
0.343093
0.323611
0.328062
0.350959
0.270509
0.270055
0.341880
0.355996
0.273503
0.298454
0.283127
0.309674
0.328308
0.271228
0.263403
0.270671
0.188434
0.211676
0.223122
0.190283
0.089701
0.168293
0.137309
0.165752
0.077400
0.085760
0.111827
0.111208
0.124156
0.113830
0.073314
0.121351
0.068026
0.054022
0.093925
0.075529
0.045218
0.031539
0.050433
0.066448
0.050901
-0.002648
0.040117
0.049493
0.047477
0.056761
0.060424
0.088790
0.009100
0.060805
0.035568
0.036734
0.050193
0.048260
0.052759
0.082540
0.051658
0.028416
0.045378
0.075046
0.074144
0.052531
0.070673
0.083550
0.038426
0.088477
0.083071
0.073329
0.084116
0.111346
0.113984
0.097302
0.101231
0.094888
0.137255
0.190460
0.165410
0.202251
0.207217
0.237945
0.183106
0.228806
0.198797
0.196123
0.172480
0.172533
0.234167
0.237944
0.174415
0.211468
0.241331
0.292636
0.253074
0.297487
0.272019
0.340553
0.268576
0.375939
0.298256
0.328650
0.333364
0.343654
0.399332
0.399285
0.364023
0.411565
0.379818
0.388246
0.407386
0.376818
0.394415
0.423643
0.392424
0.364168
0.373755
0.337359
0.322410
0.327990
0.397013
0.367241
0.264174
0.301370
0.318669
0.361754
0.308843
0.311276
0.275074
0.311433
0.257336
0.301951
0.272071
0.243034
0.225252
0.213905
0.194607
0.211909
0.207014
0.185383
0.208478
0.305017
0.271851
0.340525
0.289121
0.260622
0.292768
0.301208
0.315267
0.315858
0.279073
0.315888
0.305124
0.395988
0.326464
0.411234
0.400967
0.411813
0.386907
0.384039
0.324972
0.357566
0.347088
0.388808
0.323688
0.335511
0.291239
0.307508
0.317091
0.389173
0.247213
0.300072
0.289063
0.369962
0.319322
0.392629
0.329265
0.296771
0.338894
0.359770
0.367792
0.355831
0.295767
0.336216
0.283347
0.368702
0.310019
0.359644
0.326826
0.341822
0.310294
0.336325
0.264742
0.298752
0.288074
0.308768
0.262993
0.274780
0.219765
0.232459
0.270874
0.263303
0.199525
0.224643
0.224343
0.266206
0.256113
0.223914
0.276504
0.227177
0.220142
0.238930
0.206848
0.219734
0.233525
0.138791
0.295839
0.236854
0.179276
0.203208
0.221066
0.230061
0.245227
0.214795
0.179589
0.174428
0.180357
0.204274
0.202173
0.197312
0.189211
0.150292
0.203012
0.188757
0.138654
0.128644
0.229777
0.177700
0.206129
0.192526
0.174118
0.163501
0.161093
0.217846
0.171297
0.192046
0.119488
0.150700
0.172144
0.183700
0.165923
0.150053
0.171135
0.196664
0.196752
0.208315
0.163414
0.152919
0.143032
0.202649
0.147501
0.163712
0.113549
0.135343
0.135837
0.147558
0.123023
0.114132
0.107789
0.186620
0.181785
0.162105
0.182164
0.170593
0.182846
0.205027
0.195522
0.243365
0.163332
0.172205
0.240833
0.204291
0.190857
0.203756
0.204500
0.222411
0.200908
0.153030
0.190739
0.174280
0.126218
0.141411
0.154898
0.152116
0.166378
0.149985
0.156814
0.158883
0.117694
0.108287
0.168574
0.168329
0.200568
0.177762
0.172565
0.148466
0.195379
0.203315
0.160788
0.195238
0.164371
0.150302
0.176067
0.242118
0.149386
0.163497
0.211348
0.228878
0.241844
0.217956
0.219573
0.249878
0.218383
0.249542
0.243146
0.302872
0.245110
0.301474
0.277554
0.354170
0.355825
0.387700
0.430593
0.425445
0.419855
0.376601
0.356826
0.367710
0.353123
0.352280
0.288114
0.309867
0.231240
0.240026
0.284909
0.312880
0.253399
0.215940
0.203224
0.312726
0.309478
0.291280
0.268923
0.261297
0.247322
0.302565
0.246472
0.277696
0.189589
0.297314
0.242597
0.310035
0.292521
0.284174
0.410150
0.429093
0.403677
0.434177
0.440848
0.459225
0.412817
0.429668
0.447306
0.451576
0.446524
0.439913
0.512762
0.489664
0.497445
0.509167
0.556314
0.527561
0.521953
0.487186
0.480989
0.512939
0.468063
0.452122
0.457688
0.472289
0.367831
0.363971
0.399592
0.482897
0.336027
0.384337
0.410843
0.415281
0.386808
0.390862
0.408134
0.418410
0.423182
0.407173
0.403584
0.367539
0.352800
0.313947
0.369652
0.402281
0.304595
0.271151
0.366399
0.358752
0.352993
0.377007
0.330106
0.399253
0.362767
0.428604
0.376832
0.422714
0.415300
0.437215
0.448086
0.482690
0.439938
0.469149
0.517510
0.522145
0.511776
0.511938
0.495846
0.526365
0.515111
0.494006
0.482945
0.507171
0.485095
0.512495
0.521388
0.559952
0.446426
0.527672
0.564188
0.514167
0.569900
0.569377
0.573776
0.555509
0.575888
0.578328
0.566385
0.626224
0.536746
0.608612
0.558923
0.626230
0.574313
0.631876
0.683013
0.665099
0.639559
0.662520
0.672246
0.669762
0.710516
0.689796
0.638886
0.685791
0.656541
0.683012
0.720918
0.754290
0.703166
0.733253
0.726679
0.715344
0.742673
0.751748
0.678302
0.708318
0.695824
0.695636
0.731872
0.672721
0.669023
0.667017
0.698917
0.681148
0.682826
0.664663
0.655915
0.658821
0.679657
0.641729
0.614456
0.708198
0.604556
0.641293
0.602853
0.583956
0.559655
0.605980
0.599110
0.645523
0.525210
0.561733
0.533596
0.555915
0.572185
0.583211
0.513118
0.600030
0.550481
0.503338
0.571891
0.529981
0.530915
0.507722
0.563301
0.593377
0.563793
0.544250
0.555706
0.546482
0.582180
0.553886
0.595900
0.543824
0.563777
0.575032
0.542987
0.590802
0.523116
0.559707
0.568844
0.656558
0.568176
0.597045
0.619402
0.604883
0.622202
0.598143
0.596912
0.614597
0.604939
0.583872
0.590120
0.564399
0.617383
0.575169
0.611914
0.632954
0.585985
0.628984
0.622185
0.630658
0.625756
0.599934
0.619408
0.573649
0.589682
0.561999
0.591947
0.609482
0.505645
0.531345
0.552871
0.563958
0.489476
0.557215
0.540131
0.535264
0.537854
0.527559
0.486810
0.581771
0.462225
0.514890
0.390506
0.477101
0.350328
0.402922
0.412573
0.476169
0.306524
0.325318
0.350059
0.371303
0.342307
0.343764
0.315366
0.373900
0.335825
0.363208
0.350093
0.358783
0.322711
0.340658
0.405817
0.467534
0.417389
0.429953
0.445186
0.501518
0.493466
0.531025
0.503526
0.541054
0.533885
0.557044
0.462713
0.531328
0.502687
0.542203
0.544248
0.574574
0.534683
0.573761
0.652494
0.661838
0.655577
0.665046
0.631435
0.636575
0.656888
0.650227
0.660434
0.684404
0.615448
0.644372
0.640236
0.685724
0.644489
0.695226
0.678191
0.694519
0.695950
0.688903
0.690198
0.687050
0.661410
0.623005
0.645589
0.642520
0.627823
0.604640
0.680962
0.701571
0.627719
0.663056
0.705652
0.701340
0.652505
0.677984
0.650626
0.676949
0.661473
0.659163
0.618791
0.632821
0.578645
0.551895
0.611140
0.590511
0.483042
0.525997
0.559307
0.584945
0.547140
0.591430
0.539729
0.572194
0.580043
0.598279
0.576820
0.570754
0.595718
0.554612
0.641659
0.622474
0.637973
0.686450
0.694360
0.671328
0.666262
0.685533
0.618406
0.633901
0.620933
0.645609
0.588506
0.620239
0.557059
0.576688
0.585306
0.598548
0.472168
0.526324
0.567591
0.559840
0.535929
0.518261
0.512249
0.554550
0.519288
0.537770
0.449779
0.479642
0.441379
0.466482
0.503750
0.547987
0.436432
0.476383
0.535843
0.539902
0.552333
0.552916
0.569740
0.609866
0.552456
0.592992
0.530245
0.561379
0.537629
0.572900
0.572703
0.624861
0.617804
0.604662
0.625730
0.612810
0.565813
0.618665
0.507603
0.577911
0.555016
0.549243
0.509307
0.534711
0.403544
0.461135
0.444629
0.528413
0.400343
0.460829
0.395900
0.401492
0.419560
0.370189
0.352005
0.395652
0.307014
0.342769
0.285817
0.283913
0.231945
0.209480
0.258588
0.256428
0.111151
0.146521
0.174803
0.182253
0.166999
0.169803
0.153788
0.145094
0.110881
0.151397
0.160764
0.152007
0.110403
0.136266
0.175034
0.142627
0.112222
0.087012
0.135443
0.158576
0.137072
0.154891
0.075619
0.110490
0.080951
0.108902
0.150302
0.110789
0.074825
0.078846
0.112291
0.101461
0.043213
0.050241
0.072425
0.108925
0.079453
0.080484
0.067903
0.095164
0.096508
0.095577
0.122125
0.109102
0.073000
0.094779
0.100241
0.091752
0.072858
0.044303
0.099723
0.148370
0.117575
0.138986
0.121139
0.117727
0.107364
0.152352
0.129952
0.135064
0.158679
0.157396
0.191723
0.210087
0.276615
0.275375
0.203919
0.214884
0.179973
0.175477
0.134742
0.160109
0.124274
0.110151
0.173280
0.137039
0.076762
0.086182
0.089747
0.082592
0.056766
