0.122708
0.034382
0.050606
0.071792
0.012110
0.064816
0.064948
0.012747
0.092044
0.029562
0.035857
0.022642
0.011683
0.030993
0.038394
0.034407
0.034262
0.014489
0.042824
0.019379
0.017232
0.020644
0.043644
-0.005314
0.026339
0.044093
0.024793
0.002299
0.055796
0.017953
0.045671
0.029911
0.032228
0.014389
0.066001
0.024960
0.024603
0.026823
0.031932
0.012088
0.037369
0.028372
0.042397
0.007260
0.014743
0.021379
0.053074
0.034435
0.022254
0.048491
0.076448
0.020497
0.025334
0.024418
0.049042
0.014297
0.050911
0.046461
0.049575
0.038910
0.041426
0.070295
0.051319
0.008953
0.029601
0.039466
0.077080
0.036938
0.025401
0.017793
0.055172
0.030307
0.045946
0.059849
0.036756
0.014426
0.034013
0.029513
0.062164
0.037847
0.027563
0.011538
0.054129
0.055692
0.024157
0.047627
0.048201
0.004114
0.030444
0.038832
0.031868
0.011749
0.024676
0.040023
0.058038
0.019713
0.027331
0.023276
0.061885
0.025178
0.003811
0.050428
0.053935
-0.013949
0.044933
0.037310
0.030587
0.022271
-0.002867
0.021340
0.033922
0.030393
0.023696
0.026868
0.043693
0.017581
0.021639
0.041233
0.056944
0.007336
0.050965
0.048342
0.025737
0.005207
0.026963
0.033373
0.037092
0.035161
0.046693
-0.016063
0.043414
0.024781
-0.002430
0.040745
0.051046
0.001240
0.031771
0.023805
0.032183
-0.009681
0.025328
0.054135
0.042266
0.032776
0.036666
0.008116
0.039981
0.030812
0.000901
0.032085
0.078340
0.002029
0.049875
0.031832
0.023751
0.010267
0.017738
0.026836
0.049535
0.047659
0.021830
0.019958
0.040512
0.031180
0.012713
0.035465
0.038571
0.003408
0.038595
0.032761
0.031291
0.015802
0.012587
0.012112
0.040906
0.033056
0.022065
0.020338
0.042567
0.025372
0.001975
0.029663
0.043281
0.013458
0.055218
0.049383
0.034956
0.033400
0.017568
0.032276
0.035631
0.031848
0.030124
0.011647
0.037972
0.031966
0.011051
0.035140
0.031197
-0.016338
0.041789
0.031152
0.020805
0.009740
0.001849
0.018517
0.038197
0.030950
0.026404
0.016373
0.062375
0.003594
0.009393
0.007968
0.038356
0.012783
0.036794
0.020104
0.034251
-0.015463
0.024623
0.018818
0.033438
0.045037
0.026848
0.014682
0.045073
0.007205
0.002716
0.025948
0.035102
0.002337
0.049101
0.024196
0.019611
0.002454
0.007173
0.021096
0.047740
0.028323
0.018272
0.023343
0.045943
0.015501
0.004014
0.009462
0.039311
0.002581
0.047897
0.038184
0.027234
0.018096
0.015144
0.032965
0.075531
0.029519
0.016935
0.044090
0.062117
0.016779
0.041508
0.040836
0.040771
0.013898
0.029279
0.043511
0.053277
0.060236
0.066355
0.060754
0.049296
0.037364
0.027885
0.071792
0.092202
0.077118
0.073339
0.086563
0.083318
0.043787
0.067729
0.094585
0.086370
0.063838
0.072577
0.089368
0.091270
0.023557
0.031754
0.092397
0.091772
0.082688
0.072168
0.063060
0.066677
0.053735
0.079898
0.067353
0.061461
0.032355
0.037723
0.063453
0.054794
0.047729
0.034597
0.029588
0.067257
0.035201
0.027967
0.048074
0.067983
0.029838
0.055670
0.035526
0.032208
0.011328
0.018648
0.033692
0.067114
0.033429
0.030237
0.032261
0.065228
0.040384
0.018845
0.027634
0.048565
-0.003023
0.025640
0.031868
0.053157
0.010620
0.003814
0.024062
0.069030
0.025409
0.016161
0.023254
0.060871
0.022690
0.016657
0.030383
0.039609
0.019708
0.050950
0.025931
0.042895
0.002437
0.024594
0.039854
0.064241
0.043270
0.034717
0.034685
0.059341
0.044231
0.023595
0.022584
0.054792
0.006129
0.048289
0.048816
0.039137
0.018432
0.036972
0.021172
0.054755
0.015820
0.030852
-0.006630
0.057191
0.015420
0.004384
0.031344
0.050541
-0.010708
0.040871
0.048924
0.032773
0.000273
-0.007960
0.028949
0.046088
0.037293
0.008849
0.015349
0.037509
0.023064
-0.016375
0.043698
0.064710
-0.005069
0.053368
0.044994
0.019653
0.032106
0.002231
0.030039
0.030680
0.032012
0.014570
0.030008
0.044962
0.007268
-0.001672
0.048804
0.034192
-0.006227
0.054079
0.037995
0.016125
0.005429
0.017602
0.039220
0.036634
0.031556
0.030461
-0.017240
0.043110
0.025019
-0.024150
0.017220
0.034730
-0.001878
0.035510
0.042471
0.021688
0.005055
0.027488
0.014258
0.043301
0.026198
0.006543
0.016398
0.045102
0.032363
-0.001754
0.032781
0.033763
0.013107
0.034651
0.039153
0.033383
0.002839
0.014240
0.042852
0.028360
0.030976
0.026639
0.015123
0.047524
0.037278
0.013402
0.008345
0.043462
-0.000043
0.049188
0.026995
0.015264
0.012318
0.000597
0.029479
0.055603
0.025783
0.016815
0.013459
0.041712
0.043180
0.027895
0.041808
0.044205
0.018717
0.051832
0.051164
0.048240
0.026733
0.018372
0.026539
0.075532
0.012807
0.034844
0.030546
0.079947
0.054830
0.050725
0.065634
0.101198
0.059704
0.072480
0.063865
0.071405
0.075651
0.104238
0.135471
0.105267
0.108671
0.121819
0.094631
0.149004
0.126755
0.171525
0.097058
0.128928
0.113752
0.123788
0.158633
0.142507
0.106358
0.131893
0.121156
0.109487
0.109933
0.111929
0.172972
0.190909
0.201841
0.180340
0.185725
0.182982
0.214632
0.204237
0.182083
0.195213
0.200191
0.186131
0.238692
0.247391
0.215426
0.237881
0.287082
0.362104
0.367929
0.381632
0.380096
0.378293
0.397024
0.414667
0.426741
0.442585
0.419432
0.366051
0.424288
0.488311
0.468809
0.539898
0.522328
0.604160
0.576293
0.572119
0.568439
0.567523
0.500063
0.528264
0.503457
0.553907
0.513683
0.520032
0.542741
0.578843
0.507595
0.543383
0.603730
0.576672
0.518363
0.549081
0.521099
0.480179
0.527053
0.488625
0.533374
0.523931
0.482908
0.502226
0.479542
0.571682
0.478314
0.495196
0.589761
0.550673
0.523095
0.540538
0.554188
0.560438
0.573453
0.573654
0.502771
0.560633
0.516947
0.472583
0.550071
0.557446
0.492092
0.512142
0.495254
0.558560
0.527326
0.548365
0.556780
0.547571
0.545685
0.529427
0.545223
0.577250
0.537991
0.528245
0.591471
0.616457
0.646773
0.663983
0.692344
0.671619
0.682055
0.692838
0.682261
0.717588
0.737233
0.714732
0.681501
0.690769
0.687792
0.647366
0.709558
0.695867
0.601561
0.653746
0.690490
0.707970
0.683801
0.706481
0.677859
0.717971
0.685897
0.695162
0.675432
0.724349
0.697098
0.668056
0.693842
0.708532
0.652006
0.690316
0.707914
0.715209
0.716532
0.711224
0.680723
0.742951
0.726503
0.733710
0.701762
0.685203
0.707220
0.699495
0.747037
0.752062
0.710013
0.735964
0.750137
0.779058
0.731761
0.743363
0.713875
0.736058
0.717558
0.715723
0.700826
0.699125
0.691776
0.674714
0.685231
0.707641
0.648996
0.672503
0.647900
0.715379
0.600473
0.624559
0.648921
0.609807
0.626055
0.606851
0.534494
0.612354
0.569540
0.608985
0.625091
0.645439
0.586975
0.642907
0.677707
0.652390
0.662278
0.682063
0.655771
0.690030
0.708314
0.713431
0.660701
0.684852
0.649388
0.644194
0.708127
0.693232
0.644669
0.679968
0.661416
0.654337
0.667144
0.664967
0.663179
0.673417
0.648463
0.617662
0.597974
0.653288
0.595368
0.643495
0.631177
0.625447
0.645218
0.646538
0.651184
0.656557
0.625011
0.615831
0.598873
0.619578
0.568217
0.585977
0.561533
0.568217
0.542151
0.524250
0.569408
0.593147
0.509170
0.555107
0.448136
0.542314
0.464394
0.473626
0.461729
0.472432
0.414015
0.400287
0.358514
0.408286
0.334575
0.339156
0.450763
0.378131
0.332770
0.338607
0.386737
0.384605
0.367739
0.384694
0.345072
0.380522
0.308137
0.337896
0.343440
0.318104
0.295292
0.290902
0.310281
0.313482
0.227165
0.268771
0.227300
0.317890
0.252544
0.277926
0.228252
0.186741
0.202608
0.204239
0.247422
0.217960
0.200318
0.185600
0.145270
0.143895
0.175072
0.162352
0.192566
0.195269
0.155585
0.158161
0.145790
0.116160
0.134614
0.127450
0.122391
0.141566
0.100738
0.072171
0.178635
0.124692
0.065175
0.055323
0.084441
0.119403
0.107456
0.127564
0.093914
0.099935
0.086479
0.138614
0.123988
0.138552
0.070105
0.080778
0.143593
0.142525
0.102724
0.106017
0.106739
0.188025
0.158264
0.144060
0.158637
0.133392
0.134385
0.157995
0.157867
0.173613
0.129135
0.172739
0.179865
0.158340
0.136633
0.120112
0.172205
0.177866
0.166745
0.139635
0.114289
0.123238
0.118310
0.130151
0.149717
0.139529
0.107579
0.103634
0.101690
0.117404
0.082780
0.048917
0.072570
0.109249
0.127972
0.122191
0.110618
0.125451
0.098199
0.094514
0.112501
0.120438
0.106196
0.103153
0.105859
0.080638
0.056772
0.038357
0.097792
0.128332
0.070621
0.101767
0.088023
0.094546
0.087075
0.095738
0.085242
0.084186
0.093536
0.096860
0.105760
0.108534
0.074748
0.091051
0.118215
0.138716
0.141320
0.163289
0.182447
0.149798
0.143166
0.173494
0.188420
0.194339
0.171185
0.190711
0.192744
0.238201
0.239553
0.218818
0.265475
0.282914
0.280804
0.253346
0.251768
0.221501
0.250935
0.260425
0.273164
0.267366
0.229994
0.241547
0.259510
0.298757
0.260615
0.328536
0.285310
0.300163
0.291531
0.299261
0.207407
0.206013
0.237812
0.211346
0.236512
0.247269
0.117638
0.156216
0.200982
0.161222
0.132249
0.105316
0.118678
0.171284
0.149468
0.148495
0.138144
0.141792
0.142576
0.149432
0.116299
0.124439
0.105687
0.134456
0.171530
0.121787
0.062288
0.046208
0.071876
0.135087
0.080311
0.084090
0.084417
0.085101
0.066087
0.084326
0.090061
0.066751
0.023528
0.063926
0.051037
0.055520
0.029570
0.043660
0.042675
0.070769
0.035046
0.063290
0.040832
0.076570
0.017196
0.040346
0.036253
0.052118
0.021905
0.053490
0.064349
0.050527
0.056260
0.040377
0.054623
0.056514
0.020427
0.092830
0.041540
0.050316
0.025968
0.063125
0.053101
0.083719
0.017952
0.055458
0.047762
0.067725
0.038714
0.022561
0.065963
0.063027
0.053354
0.050011
0.050536
0.063064
0.021298
0.054232
0.041726
0.054601
0.020135
0.021761
0.054757
0.067648
0.025484
0.058003
0.036437
0.073427
0.061675
0.051785
0.064624
0.073893
0.068500
0.054669
0.114389
0.078834
0.059997
0.072803
0.052872
0.052387
0.046140
