0.115839
0.047100
0.060808
0.043732
0.017079
0.066311
0.086994
0.029554
0.066663
0.028779
0.052514
0.041628
0.037353
0.069263
0.042638
0.053871
0.023950
0.047706
0.084938
0.063926
0.038401
0.079200
0.086737
0.072322
0.096138
0.085316
0.089210
0.053645
0.095605
0.097549
0.084282
0.079594
0.040279
0.080246
0.104580
0.074196
0.052430
0.070403
0.090269
0.041604
0.076800
0.092464
0.085663
0.022114
0.049350
0.087718
0.070987
0.060107
0.036667
0.078717
0.092016
0.113056
0.067916
0.055517
0.064853
0.062802
0.079095
0.071768
0.071649
0.040590
0.080508
0.091194
0.074281
0.046607
0.039104
0.082192
0.084879
0.084132
0.073319
0.097335
0.107713
0.085113
0.103061
0.115368
0.111248
0.071894
0.083717
0.122484
0.095224
0.090679
0.082241
0.089641
0.139267
0.128430
0.108368
0.114926
0.116340
0.114761
0.138630
0.105018
0.113465
0.068231
0.036193
0.152287
0.093743
0.104533
0.071143
0.072773
0.069942
0.081312
0.085299
0.086240
0.094005
0.037589
0.064832
0.057050
0.057916
0.027967
0.057031
0.057280
0.060441
0.045068
0.032337
0.059629
0.093274
0.049526
0.048631
0.079550
0.068295
0.049154
0.075288
0.057567
0.056621
0.071554
0.044224
0.085378
0.094879
0.069782
0.033802
0.106573
0.087415
0.114763
0.068391
0.137863
0.102007
0.085683
0.114411
0.111633
0.139967
0.174342
0.163563
0.215541
0.215675
0.239867
0.274041
0.220775
0.261878
0.170715
0.189676
0.136832
0.169705
0.099319
0.113138
0.131737
0.112460
0.046785
0.105296
0.085932
0.089019
0.030885
0.036621
0.058674
0.073858
0.040739
0.062800
0.045304
0.058565
0.019042
0.046838
0.062547
0.052892
0.025320
0.024404
0.051887
0.079801
0.018928
0.019504
0.027462
0.053412
0.027712
0.005837
0.051601
0.056567
0.036200
0.079485
0.042981
0.048221
0.030429
0.029942
0.042449
0.069007
0.036550
0.020512
0.033935
0.055575
0.037593
0.021443
0.042392
0.064622
0.011512
0.060176
0.049491
0.058977
0.025705
0.045783
0.051666
0.065153
0.051852
0.035546
0.061660
0.080026
0.050136
0.059319
0.038305
0.063295
0.047167
0.059694
0.060832
0.057403
0.033528
0.066600
0.092576
0.100212
0.055642
0.045546
0.048107
0.094210
0.085052
0.051815
0.057638
0.068660
0.050997
0.059089
0.079336
0.051444
0.047865
0.042594
0.058624
0.067758
0.037748
0.039080
0.041787
0.071153
0.064239
0.033173
0.016722
0.048501
0.014385
0.045591
0.055075
0.048424
0.002493
0.015923
0.029960
0.058637
0.045599
0.023133
0.017151
0.059685
0.019695
0.019636
0.009945
0.041960
0.010895
0.059446
0.048899
0.044419
0.009030
-0.005352
0.023282
0.052485
0.022160
0.025252
0.014381
0.046172
0.020790
-0.015425
0.016438
0.057298
-0.010792
0.042764
0.051849
0.024525
-0.003243
0.000990
0.021115
0.023345
0.052745
0.010884
0.026711
0.031674
0.023239
-0.003563
0.015073
0.019136
-0.027319
0.036833
0.048766
0.031715
0.001388
0.007384
0.043469
0.052227
0.052431
0.023674
0.025695
0.073376
0.040162
0.007650
0.046997
0.034469
0.023332
0.041010
0.040217
0.049085
0.035074
0.035243
0.045182
0.054469
0.029959
0.050078
0.063122
0.072897
0.066292
0.049084
0.075363
0.075991
0.058706
0.084186
0.080144
0.098662
0.055131
0.076041
0.065373
0.040767
0.050174
0.026314
0.096291
0.135785
0.081066
0.048043
0.112164
0.073816
0.067881
0.115600
0.084682
0.143198
0.093881
0.071471
0.106305
0.093647
0.096883
0.088826
0.134501
0.158290
0.102483
0.111529
0.122473
0.104517
0.119880
0.108949
0.144266
0.122992
0.148658
0.114096
0.187723
0.137164
0.152069
0.149553
0.159932
0.164626
0.161361
0.172358
0.142425
0.154174
0.131108
0.156363
0.130743
0.141717
0.149095
0.159704
0.163017
0.129845
0.173799
0.122770
0.186076
0.215120
0.203010
0.182292
0.150301
0.175288
0.201417
0.223687
0.205911
0.203947
0.166154
0.184729
0.174371
0.204310
0.161172
0.173138
0.206618
0.215713
0.206170
0.180317
0.176716
0.147527
0.141894
0.158263
0.217011
0.191260
0.137673
0.206695
0.193517
0.235199
0.197552
0.183678
0.202721
0.228765
0.226779
0.243524
0.214965
0.212247
0.244078
0.265126
0.197249
0.223495
0.229445
0.185180
0.263536
0.267184
0.140963
0.166129
0.239732
0.229243
0.252473
0.271325
0.275970
0.283750
0.333695
0.338837
0.297129
0.366729
0.339378
0.340358
0.359869
0.433701
0.400883
0.474483
0.432139
0.449026
0.496990
0.473321
0.453874
0.395122
0.456177
0.437330
0.443012
0.495681
0.423681
0.433171
0.482645
0.490563
0.437790
0.485876
0.571420
0.577932
0.588585
0.634154
0.602635
0.639987
0.704772
0.676740
0.666236
0.697493
0.647079
0.673130
0.714686
0.743775
0.706533
0.725482
0.755912
0.700780
0.770584
0.765054
0.721243
0.779924
0.789567
0.762559
0.734373
0.745293
0.765357
0.796736
0.811839
0.817050
0.809692
0.814314
0.846261
0.832239
0.844043
0.830384
0.835060
0.842987
0.869174
0.842444
0.830841
0.809695
0.826303
0.814825
0.843290
0.826388
0.754199
0.805342
0.833965
0.834159
0.858190
0.862696
0.847894
0.860966
0.868685
0.870128
0.864383
0.869799
0.877407
0.887269
0.893841
0.901049
0.900104
0.910782
0.938315
0.931846
0.944623
0.945453
0.950059
0.944543
0.959729
0.952917
0.962964
0.955912
0.958011
0.964233
0.973766
0.966553
0.977309
0.978345
0.984813
0.981625
0.983913
0.984606
0.983447
0.984254
0.988299
0.984902
0.980839
0.983693
0.986098
0.988378
0.989007
0.987949
0.989627
0.989761
0.991879
0.989587
0.990376
0.989996
0.989544
0.987944
0.991747
0.987161
0.988715
0.984845
0.985978
0.985277
0.985171
0.979682
0.981916
0.984324
0.988091
0.984288
0.989811
0.987759
0.987203
0.986743
0.989314
0.986683
0.985562
0.986823
0.983740
0.984477
0.986503
0.983016
0.983243
0.982597
0.991020
0.986567
0.990968
0.990376
0.990066
0.990399
0.994246
0.990586
0.993071
0.992348
0.992779
0.993070
0.993797
0.992299
0.994379
0.994210
0.996198
0.995480
0.996715
0.996283
0.996124
0.994666
0.996970
0.996580
0.995271
0.995230
0.995695
0.994884
0.994838
0.992957
0.992954
0.993285
0.996340
0.994697
0.996014
0.995264
0.995605
0.994284
0.997270
0.995450
0.995045
0.994466
0.995709
0.995684
0.995225
0.994831
0.995056
0.994793
0.996695
0.995721
0.996007
0.996071
0.996249
0.995557
0.996761
0.995662
0.995051
0.994865
0.994368
0.994166
0.994765
0.994101
0.993439
0.993854
0.993622
0.994299
0.994411
0.993798
0.993330
0.990600
0.993464
0.991165
0.991929
0.990320
0.989898
0.990943
0.989906
0.987987
0.987784
0.989201
0.988715
0.989104
0.987992
0.986634
0.987233
0.984210
0.988577
0.984774
0.979482
0.976045
0.976268
0.974276
0.976715
0.974147
0.967375
0.976073
0.975224
0.970826
0.973091
0.967998
0.962047
0.962368
0.954878
0.957444
0.956874
0.954631
0.944307
0.953665
0.926718
0.943851
0.913541
0.938075
0.931567
0.936581
0.924776
0.927892
0.915420
0.909282
0.911045
0.895604
0.898374
0.882076
0.866643
0.858833
0.873877
0.867158
0.793329
0.833360
0.821460
0.814870
0.778979
0.749616
0.767073
0.767953
0.742140
0.723326
0.670768
0.659807
0.613532
0.581567
0.655613
0.661675
0.507912
0.587117
0.528265
0.546797
0.467411
0.478803
0.467671
0.445847
0.409506
0.438836
0.398113
0.411788
0.377646
0.385822
0.378769
0.410969
0.358350
0.340685
0.363256
0.304798
0.318354
0.320353
0.249480
0.254516
0.242323
0.277151
0.250583
0.242073
0.222918
0.143842
0.269362
0.265101
0.164216
0.169348
0.181617
0.199423
0.159383
0.151491
0.136224
0.129625
0.103284
0.095087
0.102408
0.099758
0.093424
0.051686
0.143753
0.087464
0.042182
0.055836
0.087567
0.074932
0.101417
0.059945
0.090460
0.060937
0.055632
0.068347
0.087580
0.070276
0.036987
0.046936
0.077866
0.082173
0.047083
0.057799
0.038217
0.079283
0.084000
0.037508
0.053043
0.068345
0.037518
0.059446
0.047870
0.061521
0.035896
0.044910
0.060879
0.027511
0.040713
0.049157
0.026943
0.056615
0.054276
0.019249
0.039490
0.047620
0.026928
0.056500
0.043071
0.048021
0.005532
0.024028
0.023620
0.045913
0.022283
0.023232
0.008756
0.046907
0.026665
0.007697
0.031480
0.033402
-0.000652
0.042208
0.040433
0.026274
-0.002750
0.000454
0.044443
0.044629
0.051042
0.024802
0.018804
0.046781
0.011140
0.003005
0.019305
0.037817
-0.001875
0.059795
0.026579
0.042308
-0.004741
0.034206
0.035579
0.057151
0.035258
0.017103
0.023979
0.036078
0.027370
-0.012283
0.035160
0.058565
0.003519
0.041930
0.032739
0.021019
0.003112
0.011915
0.028046
0.057101
0.046787
0.032656
0.025456
0.045361
0.020343
0.032726
0.035297
0.066386
-0.000942
0.031254
0.032566
0.031800
0.003865
0.015586
0.021322
0.059595
0.017236
0.017359
0.037409
0.043757
0.021717
-0.010518
0.018521
0.048301
-0.007074
0.047958
0.037029
0.035244
0.016577
0.040179
0.037693
0.056492
0.014517
0.017166
-0.002157
0.056362
0.034094
0.005448
0.022830
0.041522
0.004054
0.051360
0.044647
0.024916
0.010937
0.003372
0.050012
0.049551
0.053727
0.036496
0.040741
0.071479
0.051621
0.044326
0.018089
0.053733
0.032686
0.057251
0.055174
0.041418
0.020543
0.011832
0.067675
0.077844
0.006065
0.033606
0.035843
0.048325
0.051000
0.037810
0.040454
0.055041
0.008746
0.032805
0.039356
0.039635
0.021500
0.013259
0.038474
0.035006
0.032516
0.027497
0.029242
0.048952
0.027673
0.018098
0.056257
0.049650
0.020203
0.055025
0.043918
0.052746
-0.012227
-0.006411
0.030944
0.072137
0.057185
0.029777
0.018741
0.052978
0.016002
0.000442
0.013900
0.039727
0.023387
0.052813
0.038669
0.024213
0.029454
0.006697
0.031301
0.047841
0.034198
0.023978
0.029026
0.057857
0.030056
0.014184
0.017225
0.054407
0.029313
0.052821
0.021648
0.039116
0.038003
0.040719
0.044703
0.060417
0.032385
0.005897
0.049918
0.045746
0.045239
0.023770
0.050019
0.069156
0.022833
0.050856
0.082521
0.047367
0.046531
0.039428
0.055147
0.060202
0.048209
