0.120842
0.060908
0.079907
0.046356
0.035059
0.073134
0.093803
0.042061
0.071435
0.039035
0.044573
0.042700
0.064795
0.103278
0.053769
0.057815
0.037932
0.088860
0.082993
0.079366
0.050723
0.056027
0.064505
0.022483
0.045865
0.057387
0.052648
0.058154
0.072179
0.082564
0.077238
0.062279
0.047643
0.074152
0.120338
0.082105
0.088782
0.087675
0.123174
0.096940
0.126762
0.143570
0.133091
0.131503
0.140342
0.171786
0.193679
0.208583
0.201183
0.233445
0.205808
0.237181
0.229099
0.205118
0.226173
0.214802
0.186115
0.195638
0.233965
0.239145
0.169062
0.234464
0.298559
0.222810
0.237090
0.229776
0.267741
0.226542
0.221595
0.192507
0.222481
0.172444
0.200037
0.227565
0.179174
0.147347
0.164439
0.202559
0.207283
0.114915
0.129591
0.140219
0.177440
0.171319
0.158533
0.133068
0.156774
0.194214
0.198526
0.186826
0.162442
0.147704
0.102718
0.211482
0.179519
0.132500
0.098551
0.129700
0.167613
0.188231
0.138682
0.152671
0.147755
0.158474
0.169699
0.149811
0.143760
0.133626
0.151523
0.176923
0.189807
0.188042
0.170204
0.182713
0.213647
0.209790
0.206852
0.164003
0.162655
0.123696
0.134402
0.134944
0.138971
0.076957
0.093199
0.120052
0.091273
0.071717
0.061273
0.076272
0.078498
0.067814
0.057315
0.029541
0.054561
0.014296
0.058175
0.043839
0.045514
0.002075
0.023758
0.031275
0.059531
0.026637
0.017337
0.028488
0.048151
0.026058
0.024915
0.040922
0.030863
0.004974
0.038570
0.045500
0.053710
0.013107
0.021157
0.022919
0.049941
0.035305
0.021082
0.042790
0.073314
0.033228
0.048152
0.058179
0.075628
0.049662
0.070830
0.105519
0.125439
0.102482
0.159275
0.123680
0.135535
0.184411
0.144410
0.206926
0.199702
0.209352
0.194641
0.189954
0.194065
0.163730
0.208003
0.195350
0.204519
0.177292
0.096700
0.250721
0.184556
0.170667
0.168767
0.194902
0.217017
0.215268
0.181302
0.145978
0.151239
0.130818
0.130934
0.149254
0.159391
0.117475
0.139565
0.132357
0.102619
0.088495
0.064777
0.110180
0.135536
0.150044
0.116140
0.138505
0.109648
0.106445
0.172466
0.149305
0.176270
0.078296
0.096032
0.138754
0.139711
0.092802
0.065331
0.155429
0.159679
0.119923
0.128915
0.116702
0.114930
0.095246
0.119447
0.118032
0.129611
0.104456
0.129883
0.138686
0.137890
0.105993
0.087005
0.144525
0.139582
0.115775
0.149970
0.127874
0.152245
0.138625
0.134601
0.149470
0.138488
0.099283
0.095544
0.158653
0.137210
0.116925
0.098008
0.104263
0.112404
0.109867
0.110196
0.066662
0.105845
0.073414
0.059121
0.138763
0.119264
0.037863
0.062056
0.077676
0.091115
0.044217
0.027571
0.065576
0.085858
0.071025
0.064800
0.060599
0.075876
0.042016
0.060537
0.076526
0.050158
0.059679
0.058340
0.080479
0.065703
0.045250
0.050526
0.039174
0.098880
0.045522
0.061400
0.059142
0.079873
0.068873
0.119507
0.084190
0.096463
0.100924
0.126754
0.099506
0.091584
0.086213
0.110131
0.106902
0.161645
0.123514
0.119629
0.106483
0.126610
0.085800
0.120406
0.114972
0.127006
0.088792
0.063275
0.107849
0.082793
0.084046
0.058643
0.065028
0.119862
0.077200
0.112482
0.083326
0.085645
0.073425
0.118244
0.126836
0.083054
0.077610
0.088246
0.117533
0.079880
0.095718
0.041495
0.142725
0.161530
0.108738
0.136348
0.124170
0.158191
0.143748
0.178747
0.149200
0.170473
0.135403
0.190111
0.247783
0.229192
0.196616
0.185086
0.266064
0.260883
0.321249
0.273510
0.267180
0.346073
0.263849
0.327547
0.274681
0.258391
0.283450
0.278798
0.355696
0.346102
0.260335
0.275859
0.326851
0.363753
0.428619
0.397393
0.410938
0.444642
0.429775
0.478160
0.414851
0.472937
0.457386
0.491789
0.488792
0.550369
0.551955
0.593401
0.656169
0.714050
0.664860
0.727357
0.747351
0.750937
0.796685
0.794897
0.795108
0.810493
0.858192
0.846127
0.868323
0.877571
0.902686
0.898647
0.938968
0.919443
0.936441
0.942265
0.928847
0.930559
0.942511
0.935327
0.941693
0.935219
0.930839
0.937866
0.940209
0.937211
0.934545
0.947752
0.952119
0.956270
0.949940
0.956384
0.945986
0.948335
0.953615
0.948739
0.955247
0.957858
0.954269
0.964763
0.958942
0.962500
0.957645
0.965885
0.975784
0.971827
0.973610
0.977534
0.971970
0.974044
0.980143
0.978168
0.981267
0.980898
0.979571
0.977846
0.980103
0.975491
0.978900
0.980001
0.987078
0.982139
0.985977
0.988198
0.982849
0.984971
0.989952
0.987834
0.987513
0.986106
0.987925
0.989099
0.988304
0.989261
0.989821
0.992111
0.993163
0.992034
0.992584
0.992060
0.992007
0.987883
0.992838
0.989875
0.989884
0.987942
0.988785
0.988297
0.988536
0.985612
0.984453
0.986528
0.988335
0.987728
0.984422
0.986353
0.982720
0.981940
0.987029
0.983043
0.975352
0.979719
0.971859
0.975174
0.977315
0.972797
0.969683
0.972630
0.980366
0.977991
0.983032
0.978897
0.982474
0.978430
0.986187
0.983704
0.980997
0.982233
0.984263
0.987057
0.985828
0.985367
0.986669
0.986716
0.991108
0.988202
0.983548
0.987056
0.987396
0.985022
0.989751
0.985259
0.984728
0.985989
0.982524
0.985649
0.981959
0.980589
0.983549
0.982185
0.986599
0.983463
0.985342
0.985019
0.984071
0.983032
0.986631
0.985010
0.980244
0.978849
0.980347
0.982964
0.981271
0.978016
0.973865
0.973895
0.978865
0.975368
0.975706
0.974656
0.971555
0.971160
0.976725
0.969769
0.967291
0.965751
0.962046
0.962245
0.959264
0.959695
0.948222
0.961698
0.965545
0.962222
0.964983
0.957016
0.958751
0.957325
0.965274
0.961926
0.948318
0.955378
0.956672
0.951995
0.951551
0.955010
0.935808
0.950951
0.960210
0.959361
0.960400
0.957312
0.950877
0.952724
0.955985
0.954387
0.950811
0.954518
0.953605
0.950252
0.959391
0.949089
0.954184
0.947003
0.959231
0.957606
0.945824
0.957466
0.938521
0.944560
0.954058
0.938546
0.929581
0.926658
0.941291
0.931915
0.933287
0.921926
0.919721
0.928907
0.932344
0.930667
0.923291
0.922617
0.906329
0.895294
0.920447
0.898982
0.914820
0.899317
0.894299
0.877814
0.889060
0.883922
0.866785
0.887673
0.894456
0.887077
0.876742
0.859534
0.857655
0.854938
0.841275
0.848654
0.817534
0.825170
0.769845
0.778775
0.802666
0.793315
0.735071
0.784477
0.790819
0.830018
0.793949
0.782820
0.785958
0.771535
0.780559
0.747011
0.808132
0.806633
0.743972
0.739655
0.800335
0.767168
0.815074
0.787933
0.811887
0.810068
0.803354
0.790502
0.755453
0.765348
0.746255
0.745895
0.685297
0.713790
0.696619
0.682197
0.727232
0.716708
0.690823
0.679165
0.723710
0.745022
0.741138
0.739879
0.736755
0.776411
0.744972
0.760844
0.729710
0.788038
0.771524
0.776532
0.788407
0.821939
0.783558
0.810916
0.824506
0.800722
0.811511
0.793883
0.786364
0.801853
0.789505
0.787666
0.739190
0.784175
0.748214
0.748923
0.797573
0.782640
0.725441
0.755268
0.764193
0.764363
0.726336
0.711698
0.731753
0.704820
0.712787
0.676865
0.673315
0.668186
0.605628
0.573159
0.643240
0.624517
0.486255
0.523268
0.575885
0.520979
0.507315
0.571360
0.552726
0.562411
0.587461
0.562263
0.581044
0.595747
0.566101
0.553663
0.621945
0.630941
0.624488
0.655755
0.629663
0.627126
0.578372
0.596982
0.509605
0.542609
0.527874
0.525518
0.484864
0.479979
0.482301
0.419867
0.478324
0.476800
0.428652
0.467238
0.440258
0.427985
0.456271
0.412312
0.374301
0.395838
0.409114
0.341832
0.376577
0.338969
0.305945
0.298339
0.361548
0.374379
0.232184
0.201117
0.229020
0.220653
0.212773
0.228528
0.174314
0.250967
0.185265
0.234178
0.194199
0.170592
0.166785
0.184825
0.197209
0.191436
0.156624
0.149716
0.155972
0.205686
0.188711
0.189442
0.159207
0.170760
0.120364
0.144494
0.178639
0.169718
0.078670
0.117208
0.128062
0.123293
0.085248
0.060931
0.096246
0.139018
0.116325
0.103239
0.087925
0.100330
0.064123
0.089348
0.104068
0.100765
0.054102
0.049337
0.054974
0.088816
0.077568
0.028163
0.057944
0.069719
0.079428
0.061216
0.083946
0.069360
0.043169
0.072891
0.072696
0.064117
0.003814
0.027272
0.051314
0.069559
0.046066
0.018575
0.037606
0.072629
0.040875
0.025132
0.034680
0.024693
0.017691
0.038021
0.050352
0.021518
0.000012
0.023277
0.021215
0.055034
0.038909
0.026160
0.021958
0.054756
0.003053
-0.002291
0.011678
0.044528
0.025333
0.056492
0.036860
0.024469
-0.013737
-0.001226
0.026972
0.060010
0.038238
0.027956
0.033503
0.047172
0.025687
-0.003404
0.031290
0.054353
0.009101
0.061299
0.061536
0.020222
0.011179
0.016468
0.041980
0.044316
0.040099
0.030488
0.022906
0.065585
0.048169
0.017296
0.019809
0.048206
0.020731
0.037957
0.034342
0.037113
0.032567
0.045535
0.056019
0.049535
0.031155
0.004077
0.040036
0.074705
0.032791
0.011079
0.035897
0.046608
-0.001020
0.056777
0.048620
0.036354
0.003579
0.017488
0.034864
0.042472
0.036807
0.013131
0.041461
0.046719
0.017461
0.023989
0.021812
0.057348
-0.001285
0.053002
0.033842
0.034868
-0.008583
0.022183
0.059208
0.067484
0.050710
0.027055
0.045793
0.052143
0.052808
0.026493
0.073295
0.058982
0.043336
0.067935
0.050288
0.043184
0.026667
0.045546
0.046890
0.098912
0.036242
0.053155
0.041657
0.081074
0.045652
0.030938
0.035423
0.053060
0.022929
0.045371
0.017793
0.040240
0.031230
0.037706
0.043612
0.049923
0.044899
0.015081
0.042720
0.087759
0.060376
0.055539
0.079897
0.086093
0.056339
0.080559
0.094376
0.062635
0.068704
0.070736
0.100533
0.073945
0.080946
0.071706
0.086094
0.148026
0.114777
0.137123
0.128418
0.094430
0.138366
0.166266
0.154490
0.173147
0.139004
0.179531
0.176842
0.177959
0.193066
0.223470
0.199125
0.273689
0.224517
0.241902
0.187559
0.186981
0.202529
0.193731
0.203645
0.178948
0.165154
0.150358
0.221919
0.189034
0.157384
0.174058
0.140980
0.162092
0.133995
0.163140
0.087015
0.114380
0.080874
0.058925
0.168661
0.131312
0.068726
0.079559
0.078127
0.078182
0.056805
