0.113525
0.037268
0.074673
0.055630
0.015997
0.080368
0.101627
0.012901
0.086948
0.044927
0.055393
0.075182
0.104658
0.087809
0.071363
0.094064
0.041865
0.083380
0.086418
0.070549
0.074063
0.062989
0.104548
0.085967
0.081568
0.089950
0.067303
0.059684
0.081653
0.054712
0.092829
0.068039
0.046395
0.059968
0.119460
0.094799
0.072598
0.062077
0.076440
0.048333
0.046257
0.076831
0.063777
0.059719
0.034001
0.084453
0.075951
0.031850
0.028750
0.079803
0.118868
0.086002
0.084495
0.117514
0.108296
0.116652
0.150639
0.130764
0.143031
0.151368
0.133980
0.140980
0.136501
0.129089
0.157154
0.198967
0.239414
0.244724
0.243473
0.234209
0.230220
0.210171
0.265368
0.207509
0.275498
0.247651
0.302866
0.253470
0.323593
0.303535
0.315609
0.382709
0.359623
0.330674
0.361685
0.294067
0.285797
0.346527
0.331301
0.341719
0.301785
0.263881
0.294393
0.348221
0.384392
0.271870
0.290945
0.301154
0.284701
0.297256
0.352671
0.276763
0.305879
0.306590
0.338819
0.340919
0.338083
0.312937
0.340880
0.379589
0.362329
0.346478
0.376037
0.367517
0.362884
0.323076
0.346287
0.317701
0.286052
0.279450
0.304336
0.252828
0.282098
0.202675
0.231117
0.223510
0.265185
0.175995
0.156164
0.226266
0.208923
0.210594
0.193781
0.195681
0.195277
0.153739
0.218375
0.181601
0.192510
0.183035
0.139949
0.232147
0.154731
0.162840
0.129506
0.191439
0.168216
0.185470
0.198108
0.163921
0.180807
0.141381
0.212049
0.182179
0.184023
0.133442
0.162892
0.176283
0.149150
0.079518
0.053744
0.197038
0.176128
0.151616
0.151533
0.159116
0.123807
0.141258
0.166491
0.116177
0.137077
0.112307
0.097110
0.154404
0.095883
0.087826
0.103906
0.127450
0.182391
0.184457
0.198170
0.174583
0.178291
0.159295
0.198140
0.219286
0.199123
0.191276
0.220714
0.223833
0.229011
0.235358
0.265156
0.226606
0.289978
0.201671
0.190828
0.148592
0.165541
0.145964
0.172332
0.208917
0.175199
0.094984
0.119343
0.164579
0.155204
0.093527
0.071325
0.120301
0.173417
0.164741
0.118301
0.079318
0.067389
0.095524
0.111683
0.148255
0.093540
0.034597
0.105174
0.115465
0.096155
0.049306
0.050583
0.069719
0.084697
0.083419
0.071719
0.053193
0.087489
0.045812
0.082404
0.064980
0.076278
0.059837
0.074330
0.075373
0.091593
0.066967
0.043590
0.124653
0.103780
0.109108
0.092568
0.095387
0.090643
0.114475
0.130636
0.096542
0.107863
0.108696
0.096831
0.129285
0.125133
0.105230
0.093644
0.110857
0.115119
0.142479
0.107745
0.122722
0.131170
0.102900
0.132092
0.152080
0.138211
0.108127
0.125685
0.130995
0.129786
0.089751
0.081520
0.143863
0.121432
0.094606
0.101934
0.101980
0.126960
0.071112
0.090007
0.089950
0.062901
0.091244
0.078384
0.052073
0.074691
0.057811
0.037761
0.064529
0.096597
0.034574
0.063446
0.074393
0.081838
0.068530
0.089357
0.065624
0.083337
0.081219
0.085880
0.117435
0.073142
0.069930
0.035642
0.093110
0.083921
0.163293
0.126333
0.188926
0.131632
0.200543
0.171960
0.186554
0.186965
0.146810
0.125007
0.264521
0.249541
0.207815
0.253625
0.187981
0.255064
0.225262
0.215390
0.215536
0.268610
0.205903
0.181665
0.238811
0.229980
0.196397
0.194985
0.245598
0.206829
0.199403
0.195012
0.228605
0.275932
0.255504
0.229599
0.221593
0.190208
0.229479
0.238156
0.233853
0.212937
0.132807
0.159912
0.223815
0.197209
0.092157
0.083206
0.158080
0.172787
0.195192
0.153274
0.168492
0.138240
0.165413
0.183379
0.172490
0.144683
0.118273
0.092123
0.150579
0.135746
0.081618
0.080505
0.067187
0.106410
0.062861
0.063989
0.075523
0.088235
0.025776
0.047666
0.065742
0.061341
0.017102
0.073215
0.050109
0.092058
0.038082
0.045579
0.072230
0.097019
0.084388
0.030950
0.084248
0.071872
0.065166
0.087130
0.038450
0.054084
0.035892
0.081396
0.059323
0.060283
0.053547
0.038215
0.036535
0.091007
0.042467
0.046502
0.051212
0.051553
0.033536
0.058617
0.067203
0.058835
0.016777
0.034718
0.065916
0.066495
0.042828
0.026966
0.060878
0.057814
0.039573
0.036479
0.033174
0.049002
0.019336
0.061797
0.047803
0.034275
0.020113
0.035998
0.026535
0.077428
0.038114
0.008899
0.032191
0.076154
0.028718
0.007078
0.031386
0.040931
0.016206
0.054539
0.038631
0.053669
0.026806
0.016780
0.071448
0.079134
0.030671
0.025742
0.073120
0.057029
0.033803
0.034902
0.022845
0.068297
0.019941
0.057067
0.041311
0.049977
0.012847
0.052232
0.052624
0.066459
0.052536
0.016579
0.048943
0.081085
0.073214
0.023608
0.085057
0.067844
0.015151
0.070831
0.059375
0.062037
0.031769
0.030599
0.054407
0.084887
0.043422
0.039043
0.043853
0.070810
0.068360
0.037913
0.027297
0.072867
0.040817
0.064141
0.067120
0.079286
0.022743
0.043845
0.083870
0.074452
0.051299
0.018714
0.046089
0.077397
0.066641
0.050814
0.095614
0.070275
0.041673
0.054714
0.084023
0.057488
0.036484
0.064055
0.078565
0.087841
0.050405
0.049647
0.085595
0.121400
0.092405
0.113320
0.117253
0.110481
0.119301
0.133025
0.128020
0.120222
0.149710
0.136057
0.209041
0.149581
0.180860
0.170720
0.248619
0.239773
0.244957
0.312527
0.266172
0.291030
0.314485
0.373110
0.327679
0.311242
0.317626
0.322833
0.364599
0.437327
0.404669
0.443730
0.509186
0.490559
0.512932
0.487989
0.492446
0.554171
0.511815
0.530118
0.512552
0.562336
0.504727
0.562401
0.586909
0.628748
0.596543
0.597810
0.638747
0.634320
0.662846
0.675125
0.671909
0.695518
0.654773
0.635960
0.652445
0.693718
0.668497
0.659844
0.696995
0.754993
0.637117
0.688114
0.752861
0.700055
0.753793
0.739807
0.697837
0.769156
0.728022
0.740035
0.742658
0.733744
0.687144
0.703137
0.708941
0.727079
0.686620
0.713620
0.740922
0.763142
0.705628
0.741462
0.711242
0.726593
0.713190
0.719627
0.734079
0.714818
0.732636
0.684382
0.705550
0.690328
0.636071
0.705332
0.703572
0.708619
0.614331
0.631957
0.632446
0.633705
0.609579
0.613153
0.571085
0.610003
0.568611
0.573558
0.591484
0.604931
0.546995
0.579812
0.635341
0.625924
0.625850
0.619566
0.641935
0.675341
0.703834
0.660858
0.641660
0.653680
0.613157
0.620352
0.650299
0.691967
0.594609
0.657235
0.690187
0.673224
0.680399
0.671483
0.702823
0.668787
0.660884
0.649594
0.654019
0.692825
0.648628
0.650847
0.673672
0.663065
0.633292
0.667134
0.661827
0.745081
0.680037
0.661369
0.655856
0.671453
0.681136
0.676048
0.648865
0.658960
0.591188
0.571947
0.610470
0.592337
0.603404
0.643501
0.610321
0.642945
0.589777
0.591826
0.585958
0.581236
0.525183
0.551846
0.499094
0.533749
0.444287
0.450052
0.467964
0.517642
0.434997
0.505175
0.508002
0.519910
0.506196
0.509410
0.476310
0.455487
0.434150
0.452955
0.458514
0.463354
0.407663
0.379314
0.442950
0.454987
0.388125
0.402811
0.388449
0.401732
0.360470
0.367783
0.285366
0.256414
0.266030
0.253971
0.228489
0.215440
0.181545
0.126143
0.239860
0.184859
0.097471
0.100212
0.122644
0.162546
0.145544
0.124434
0.099045
0.099426
0.089804
0.106497
0.112172
0.115245
0.051935
0.076766
0.128185
0.124099
0.056824
0.058712
0.080003
0.111282
0.117024
0.096606
0.122100
0.095863
0.093459
0.111029
0.091375
0.106709
0.105017
0.152826
0.179104
0.169935
0.192061
0.163789
0.217154
0.230402
0.227528
0.223901
0.181628
0.174101
0.194603
0.207386
0.239226
0.194873
0.157132
0.143256
0.124475
0.168536
0.099189
0.080202
0.117648
0.129955
0.105247
0.134604
0.100674
0.114665
0.108908
0.117022
0.121897
0.134870
0.138752
0.127914
0.130266
0.170012
0.167050
0.147545
0.219728
0.217442
0.278380
0.254406
0.266953
0.207275
0.275548
0.251693
0.276332
0.256299
0.226595
0.263219
0.323491
0.334896
0.273933
0.281096
0.350371
0.350536
0.368540
0.413234
0.351499
0.407635
0.458137
0.513053
0.393624
0.378304
0.432704
0.447777
0.532161
0.556639
0.494062
0.504999
0.523604
0.571065
0.514742
0.560404
0.494472
0.561568
0.565069
0.579140
0.542828
0.571021
0.525224
0.532724
0.555996
0.617170
0.514633
0.505457
0.604992
0.570589
0.565463
0.563059
0.561095
0.554008
0.537914
0.532460
0.517202
0.536812
0.504779
0.562541
0.535817
0.598278
0.533813
0.585664
0.656290
0.701535
0.677489
0.737449
0.717138
0.747236
0.778270
0.764262
0.769294
0.786041
0.779714
0.779155
0.809167
0.806745
0.800845
0.819482
0.878825
0.874763
0.859762
0.869250
0.874329
0.867353
0.867208
0.859599
0.884596
0.878790
0.870673
0.879614
0.867846
0.880705
0.891085
0.905842
0.923942
0.929325
0.918835
0.917103
0.916429
0.916012
0.922693
0.907898
0.922433
0.921522
0.905689
0.902910
0.908533
0.897156
0.895710
0.909575
0.925272
0.923667
0.921883
0.906402
0.905507
0.905653
0.907860
0.891815
0.893062
0.890604
0.892318
0.892807
0.895877
0.895970
0.895766
0.907695
0.889305
0.890611
0.878162
0.868398
0.846584
0.826952
0.846616
0.812525
0.824571
0.826107
0.732160
0.743325
0.783809
0.759800
0.672794
0.691970
0.768268
0.744816
0.768191
0.748416
0.718282
0.707359
0.734705
0.720844
0.693144
0.696284
0.682144
0.716264
0.674642
0.759688
0.706761
0.733319
0.741995
0.741436
0.704139
0.679496
0.685281
0.671374
0.635702
0.656916
0.626420
0.632464
0.574607
0.605442
0.610864
0.602871
0.576167
0.653288
0.570581
0.599349
0.583879
0.564020
0.493798
0.509415
0.445214
0.429296
0.385883
0.411270
0.315787
0.339104
0.305189
0.356509
0.190906
0.237173
0.221242
0.228799
0.215061
0.227525
0.162200
0.179253
0.143943
0.189261
0.178250
0.202322
0.134193
0.126244
0.151618
0.133508
0.120442
0.115949
0.114562
0.169758
0.183278
0.149263
0.119695
0.112581
0.147101
0.134206
0.133086
0.131239
0.134952
0.163842
0.116140
0.144221
0.107588
0.087246
0.105468
0.124203
0.091141
0.109917
0.103856
0.099940
0.095460
0.060348
0.172589
0.109165
0.057961
0.071076
0.081733
0.068673
0.045949
