0.125129
0.043725
0.067083
0.073805
0.019140
0.076721
0.076303
0.034767
0.088202
0.034588
0.028393
0.047973
0.034865
0.063042
0.080906
0.022682
0.036828
0.036746
0.070137
0.032251
0.043802
0.022613
0.085721
0.030783
0.060290
0.052745
0.030870
0.066187
0.066133
0.086790
0.067708
0.059382
0.048107
0.042402
0.079465
0.061419
0.063251
0.070642
0.065740
0.045310
0.069239
0.069371
0.063885
0.033461
0.065489
0.053631
0.066976
0.039492
0.025385
0.042983
0.072479
0.050440
0.033675
0.036534
0.029756
0.011164
0.047824
0.035522
0.045138
0.012115
0.024394
0.042655
0.055039
0.028827
0.036216
0.017609
0.059306
0.028223
0.012915
0.050145
0.060170
0.012447
0.031904
0.047204
0.059738
0.030706
0.037676
0.050568
0.045799
0.025469
0.021717
0.066285
0.047066
0.042015
0.034374
0.009084
0.050434
0.036067
0.074015
0.039788
0.035544
0.030501
0.028427
0.045418
0.057279
0.025716
0.023973
0.055408
0.055375
0.038260
0.015862
0.031016
0.047976
0.019376
0.049161
0.064683
0.026691
0.019602
0.038727
0.029185
0.036124
0.037064
0.030072
0.025824
0.048897
0.010970
0.017460
0.020188
0.051653
0.003558
0.053605
0.041518
0.035751
0.005975
0.001855
0.041591
0.054946
0.027936
0.030220
0.033709
0.037812
0.019495
0.016794
0.038822
0.043778
-0.000146
0.043450
0.016738
0.036700
0.033575
0.020331
0.046322
0.052083
0.016639
0.028853
0.037389
0.061223
0.043463
0.021890
0.021191
0.062247
-0.001908
0.040868
0.043437
0.057318
-0.006077
0.024986
0.039094
0.055164
0.038752
0.022006
0.037599
0.071183
0.028222
0.038249
0.037578
0.049758
0.015742
0.058091
0.039444
0.045925
0.022420
0.051156
0.036132
0.071143
0.044847
0.010708
0.036666
0.063493
0.036650
0.064078
0.035331
0.050384
0.006497
0.038514
0.054412
0.036752
-0.005328
0.035319
0.050279
0.044464
0.042402
0.035057
0.016625
0.054940
0.039028
0.028636
0.028581
0.046969
0.013146
0.025931
0.036855
0.036141
0.010062
0.047133
0.036037
0.062563
0.023737
0.019609
0.026383
0.061476
0.023020
0.027205
0.022837
0.054865
0.017165
0.031514
0.031604
0.034340
0.004997
0.004682
0.018765
0.050212
0.027809
0.019493
0.024925
0.045491
0.022089
0.011017
0.034529
0.049009
-0.003501
0.043813
0.009314
0.042367
0.015534
0.014470
0.033680
0.029857
0.023531
0.025133
0.017372
0.062999
0.039787
0.030623
0.033573
0.057242
0.025908
0.041848
0.056410
0.058235
0.011902
0.053022
0.062355
0.065597
0.036403
0.026967
0.048857
0.049648
0.065804
0.066240
0.053252
0.071112
0.019619
0.053039
0.049935
0.042814
0.041879
0.042343
0.050321
0.072656
0.017668
0.028557
0.028548
0.064979
0.051204
0.054901
0.065046
0.061763
0.027510
0.067530
0.051468
0.052983
0.036400
0.052317
0.054906
0.057481
0.042984
0.041379
0.032608
0.107763
0.080433
0.057001
0.065541
0.066338
0.059043
0.074618
0.085150
0.073115
0.057319
0.089036
0.076349
0.065062
0.063507
0.061967
0.071881
0.107605
0.097724
0.081790
0.113398
0.112129
0.078034
0.093619
0.102032
0.092366
0.064426
0.085604
0.072443
0.099666
0.101079
0.066897
0.107344
0.111224
0.115979
0.101565
0.076415
0.086845
0.069355
0.074543
0.099664
0.090246
0.060084
0.066361
0.048500
0.078529
0.018575
0.035475
0.063694
0.076424
0.047455
0.047083
0.045050
0.066941
0.030472
0.038034
0.049482
0.049280
0.037484
0.040191
0.050231
0.042588
0.038991
0.026727
0.046241
0.069005
0.021666
0.031045
0.053371
0.054349
0.002825
0.064592
0.043610
0.053064
0.050354
0.046802
0.045465
0.074045
0.042471
0.029254
0.035090
0.067954
0.047138
0.039559
0.047181
0.054164
0.004198
0.038352
0.048814
0.033876
0.009695
0.050314
0.056622
0.059274
0.014057
0.021159
0.037389
0.068365
0.037551
0.025451
0.069335
0.065734
0.002433
0.041155
0.060135
0.043747
0.047237
-0.006103
0.040510
0.058335
0.036026
0.021590
0.038501
0.060153
0.029158
0.016966
0.025829
0.054609
0.013267
0.037841
0.033881
0.025240
0.009074
0.034210
0.021563
0.049489
0.046103
0.018810
0.029155
0.078918
-0.004502
0.031304
0.045329
0.066992
0.028926
0.041582
0.030549
0.052115
0.068983
0.046541
0.028335
0.057873
0.020421
0.016959
0.048567
0.069545
0.030799
0.035005
0.039327
0.073376
0.001894
0.037117
0.062367
0.054639
0.014211
0.053649
0.046313
0.063145
0.070426
0.045739
0.060679
0.072404
0.045075
0.067303
0.029150
0.053716
0.035410
0.044473
0.032890
0.054505
0.041674
0.059914
0.033497
0.065552
0.029267
0.022941
0.039052
0.062229
0.042995
0.069301
0.049195
0.089276
0.030861
0.076253
0.048695
0.050075
0.043935
0.030817
0.077897
0.088414
0.040574
0.034196
0.028926
0.073095
0.032456
0.035643
0.029831
0.061033
0.013343
0.041180
0.066726
0.044320
0.010450
0.029344
0.027836
0.048623
0.033982
0.019197
0.038614
0.073994
0.033677
0.039737
0.057830
0.063639
0.009402
0.042086
0.050650
0.046263
0.025348
0.050223
0.035712
0.072660
0.029121
0.017774
0.059326
0.056236
0.030429
0.045158
0.034867
0.075552
0.016645
0.052421
0.045331
0.040496
0.021281
0.054772
0.055861
0.056440
0.044559
0.023870
0.041365
0.077411
0.037279
0.026261
0.051096
0.061336
0.035792
0.040674
0.047914
0.054999
-0.003538
0.037068
0.057225
0.064413
0.021299
0.046764
0.002310
0.055039
0.058695
0.052292
0.074389
0.067452
0.008624
0.032218
0.037638
0.050777
0.027496
0.051600
0.039272
0.051847
0.042939
0.009102
0.030201
0.068898
0.040073
0.045092
0.053526
0.038089
0.027805
0.042346
0.073160
0.054799
0.022712
0.035477
0.036615
0.053019
0.012363
0.034854
0.031661
0.052720
0.047599
0.021021
0.034482
0.041411
0.004251
0.033261
0.043134
0.038275
0.008268
0.047487
0.048376
0.060381
0.032577
0.025846
0.045627
0.046750
0.033872
0.025409
0.042624
0.057287
0.014411
0.056253
0.048832
0.051736
0.027789
0.023137
0.030187
0.071198
0.013368
0.038052
0.037437
0.068949
0.047868
0.043612
0.041526
0.062085
0.040788
0.054326
0.060103
0.069371
0.041621
0.054225
0.071255
0.061536
0.046905
0.038648
0.073471
0.090164
0.063967
0.068478
0.107144
0.093164
0.050532
0.069726
0.128142
0.079869
0.043631
0.058657
0.064091
0.095812
0.055242
0.045043
0.059978
0.095692
0.065476
0.051405
0.045774
0.052541
0.055191
0.042445
0.077767
0.063624
0.045142
0.055248
0.059495
0.076590
0.045617
0.007929
0.042404
0.052508
0.050985
0.037347
0.058746
0.075990
0.030891
0.068318
0.057560
0.042588
0.047971
0.031684
0.063568
0.079988
0.031422
0.018732
0.070112
0.088237
0.078358
0.063604
0.059764
0.048669
0.032139
0.049222
0.089984
0.066898
0.048552
0.056122
0.061327
0.080250
0.013010
0.025439
0.069324
0.096992
0.083058
0.071508
0.065120
0.061163
0.039335
0.055385
0.080192
0.064702
0.035516
0.050790
0.068307
0.073965
0.039405
0.039665
0.069304
0.085596
0.061160
0.074119
0.118942
0.080096
0.055111
0.083296
0.105097
0.089028
0.078330
0.080318
0.123580
0.082340
0.125830
0.085020
0.113354
0.137258
0.121160
0.116607
0.118861
0.109966
0.134742
0.138974
0.134613
0.111501
0.125817
0.114417
0.139099
0.105083
0.120670
0.075940
0.114930
0.164348
0.133748
0.128437
0.147099
0.140250
0.124544
0.153926
0.169492
0.141840
0.161042
0.110728
0.195776
0.165736
0.145430
0.106215
0.140221
0.167439
0.143038
0.152940
0.124742
0.145830
0.134418
0.158590
0.141476
0.161951
0.146891
0.148049
0.200259
0.231174
0.191555
0.185035
0.199035
0.210522
0.243051
0.191603
0.189759
0.215019
0.188382
0.238562
0.190154
0.178008
0.172588
0.180869
0.196334
0.184115
0.144139
0.176620
0.234902
0.215835
0.215385
0.237903
0.200564
0.177563
0.193475
0.247171
0.252818
0.216845
0.155919
0.156337
0.214680
0.236274
0.187110
0.170172
0.185041
0.246282
0.180348
0.223025
0.175550
0.200247
0.225383
0.259312
0.258335
0.257028
0.224373
0.218802
0.264867
0.223770
0.237290
0.280422
0.327714
0.327584
0.286505
0.304599
0.234176
0.279759
0.250791
0.272578
0.329229
0.304132
0.257831
0.294771
0.268884
0.297247
0.310539
0.299715
0.340426
0.316099
0.255195
0.324294
0.246354
0.249397
0.269321
0.300389
0.230495
0.280379
0.204302
0.201176
0.257670
0.248757
0.144083
0.125627
0.140167
0.178321
0.148758
0.148630
0.152181
0.139606
0.114086
0.158504
0.146378
0.176878
0.082952
0.110065
0.151584
0.119182
0.118678
0.070849
0.136925
0.116058
0.124911
0.133274
0.100883
0.121548
0.115312
0.112909
0.098591
0.118087
0.132705
0.077191
0.144214
0.117933
0.077628
0.078895
0.110682
0.119620
0.096788
0.095205
0.091985
0.114547
0.070904
0.078089
0.081306
0.081171
0.040555
0.076552
0.045897
0.101179
0.046775
0.064663
0.071189
0.096964
0.084135
0.090068
0.068619
0.085113
0.040280
0.039964
0.083018
0.068214
0.042385
0.065603
0.084674
0.054241
0.042354
0.035552
0.019843
0.062300
0.027988
0.066570
0.058953
0.066071
0.055694
0.060438
0.055314
0.058590
0.038752
0.050091
0.068934
0.077665
0.047204
0.044050
0.059802
0.088487
0.063826
0.072670
0.080625
0.061593
0.034573
0.077905
0.092597
0.100277
0.032298
0.090773
0.085918
0.076749
0.054012
0.033192
0.095538
0.111297
0.087992
0.062581
0.066556
0.070720
0.064803
0.092201
0.102712
0.059853
0.046686
0.063947
0.053173
0.066468
0.042932
0.056429
0.036373
0.090745
0.072929
0.082123
0.064023
0.060054
0.051713
0.036156
0.074240
0.052635
0.039429
0.053486
0.060493
0.073577
0.047923
0.042476
0.045254
0.091526
0.063034
0.081439
0.079482
0.067788
0.026983
0.050599
0.058613
0.072997
0.059550
0.054287
0.077916
0.067478
0.038729
0.036793
0.060339
0.063565
0.053530
0.052071
0.022508
0.030551
0.023428
0.051815
0.044789
0.023574
0.019094
0.045381
0.049409
0.072228
0.030017
0.035299
0.026774
0.059010
0.059252
0.045874
0.031661
0.074800
0.037258
0.062393
0.084136
0.064826
0.044697
0.048086
0.059603
0.056815
0.048067
