0.119221
0.057626
0.068525
0.060893
0.003492
0.077340
0.084065
0.010800
0.071457
0.031469
0.039977
0.051278
0.050022
0.055812
0.062978
0.040385
0.016292
0.052631
0.073120
0.049921
0.041041
0.041934
0.065689
0.019517
0.048238
0.056090
0.047233
0.016598
0.051233
0.047908
0.052474
0.042066
0.037681
0.025824
0.059522
0.023042
0.015325
0.038944
0.054632
0.030173
0.040534
0.043877
0.050122
0.012629
0.038926
0.033149
0.061129
0.017812
0.026862
0.021681
0.045604
0.042296
0.022529
0.031976
0.029422
0.001045
0.037739
0.042603
0.036734
-0.002789
0.018709
0.040696
0.057492
0.016094
0.026910
0.030292
0.061178
0.029140
0.028920
0.046640
0.044143
-0.006083
0.046819
0.024079
0.035409
0.013789
0.039518
0.045695
0.061906
0.027813
0.021844
0.030048
0.041278
0.006945
0.011495
0.028196
0.050236
0.022746
0.065342
0.024432
0.034044
0.018905
0.025877
0.031870
0.044766
0.016084
0.030281
0.029909
0.042386
0.030817
0.037797
0.041071
0.076588
0.019192
0.055019
0.034768
0.040083
0.024014
0.025876
0.065472
0.057016
0.053552
0.042697
0.017260
0.061864
0.055659
0.053365
0.077086
0.077822
0.053814
0.086352
0.070511
0.060016
0.082580
0.072304
0.100615
0.101921
0.050207
0.062111
0.129990
0.122450
0.113393
0.149105
0.120989
0.108039
0.098692
0.113603
0.132959
0.130802
0.119198
0.117948
0.127490
0.154643
0.148186
0.139992
0.203368
0.165573
0.160515
0.183814
0.116128
0.116193
0.093120
0.116351
0.147388
0.134203
0.060628
0.082160
0.099744
0.104161
0.029139
0.046990
0.104967
0.093696
0.072017
0.083051
0.072737
0.063846
0.049980
0.067737
0.081747
0.063283
0.034945
0.033828
0.085806
0.087646
0.045058
0.039332
0.072164
0.066932
0.078190
0.072327
0.089025
0.051558
0.028284
0.042016
0.094003
0.079890
0.058661
0.067028
0.075489
0.062552
0.045883
0.018977
0.052689
0.087101
0.062650
0.075548
0.054448
0.098354
0.034659
0.082661
0.061199
0.082723
0.058424
0.096081
0.059607
0.083404
0.054571
0.051402
0.065535
0.112015
0.066086
0.083144
0.070714
0.076485
0.033444
0.042064
0.085784
0.079860
0.017717
0.061217
0.087351
0.086224
0.019340
0.034099
0.065094
0.078620
0.056399
0.045684
0.050151
0.066591
0.024055
0.036539
0.049156
0.049248
0.043945
0.060188
0.075113
0.066366
0.030297
0.039020
0.053314
0.081786
0.062428
0.035156
0.059622
0.095418
0.048516
0.086042
0.100281
0.085193
0.071048
0.054535
0.094566
0.079136
0.076763
0.051728
0.080840
0.093725
0.102220
0.078889
0.081585
0.092489
0.100044
0.115643
0.117148
0.107497
0.075648
0.144426
0.141128
0.120773
0.105111
0.082799
0.094379
0.161688
0.130351
0.129596
0.098796
0.107141
0.100285
0.103579
0.145556
0.115550
0.031039
0.100376
0.100629
0.078317
0.059696
0.029825
0.076162
0.150208
0.133383
0.087495
0.160376
0.164908
0.160523
0.196279
0.172399
0.148790
0.213223
0.153872
0.239777
0.223453
0.226736
0.237239
0.251204
0.242647
0.285952
0.288003
0.256401
0.302831
0.291668
0.278476
0.296524
0.310353
0.260017
0.268533
0.307175
0.334377
0.255258
0.302689
0.256729
0.293291
0.299818
0.270455
0.277630
0.308706
0.281119
0.261901
0.236003
0.273071
0.229626
0.243840
0.277518
0.269110
0.160492
0.176511
0.205070
0.255902
0.235077
0.234125
0.225431
0.251219
0.246716
0.314872
0.234497
0.251672
0.223486
0.269824
0.280417
0.299109
0.261774
0.261874
0.269165
0.278675
0.255966
0.254482
0.210208
0.211240
0.187008
0.206111
0.222041
0.199251
0.138779
0.145296
0.172886
0.133912
0.159050
0.148310
0.202454
0.225985
0.219269
0.204414
0.227826
0.178422
0.250542
0.221915
0.188173
0.210218
0.197992
0.174632
0.218777
0.176671
0.127891
0.136450
0.153970
0.210538
0.176185
0.162891
0.154114
0.171819
0.166999
0.186130
0.154056
0.183915
0.171249
0.150234
0.177220
0.189366
0.204169
0.215487
0.186785
0.280593
0.232024
0.241723
0.234998
0.232865
0.214158
0.253470
0.210055
0.222597
0.185241
0.228722
0.243767
0.253111
0.204755
0.220031
0.255968
0.214337
0.228782
0.206546
0.197353
0.209186
0.200477
0.240307
0.171439
0.231506
0.122300
0.180640
0.198138
0.167232
0.130801
0.117068
0.181209
0.156721
0.185125
0.191393
0.168472
0.137524
0.170435
0.153776
0.198599
0.160577
0.118164
0.124309
0.149953
0.132405
0.084726
0.086068
0.155021
0.195103
0.198605
0.197517
0.186926
0.186803
0.185699
0.211720
0.226108
0.237958
0.198759
0.242384
0.262130
0.288430
0.254668
0.292757
0.278968
0.278752
0.282954
0.257535
0.253074
0.241789
0.212788
0.235349
0.189018
0.231483
0.175917
0.168781
0.248064
0.233551
0.148848
0.158482
0.148875
0.193848
0.214636
0.193727
0.150347
0.195183
0.196972
0.186674
0.202356
0.171526
0.147985
0.129458
0.159307
0.150370
0.075026
0.073007
0.117882
0.159036
0.171759
0.154465
0.184953
0.162171
0.211046
0.196337
0.238786
0.233140
0.238190
0.241728
0.280037
0.306760
0.292881
0.325138
0.307410
0.342526
0.315130
0.323216
0.297849
0.342928
0.260777
0.281942
0.281505
0.297010
0.249270
0.223526
0.301843
0.269033
0.198476
0.172752
0.303787
0.325307
0.318693
0.337573
0.322150
0.304968
0.405528
0.397849
0.370437
0.405464
0.361970
0.400041
0.412185
0.448570
0.431533
0.484237
0.482775
0.502100
0.460778
0.460263
0.438618
0.473262
0.495012
0.470515
0.462757
0.481368
0.449778
0.449781
0.486600
0.494472
0.462407
0.466738
0.476587
0.503188
0.536762
0.537573
0.496701
0.548177
0.510813
0.529087
0.483608
0.520389
0.471728
0.475405
0.562736
0.575210
0.488452
0.480979
0.568786
0.535423
0.582972
0.565827
0.554234
0.613875
0.600897
0.604563
0.552386
0.575633
0.582508
0.559434
0.615600
0.599421
0.592285
0.610185
0.607685
0.619411
0.586118
0.588745
0.574807
0.590192
0.594342
0.536764
0.580265
0.598120
0.559051
0.552777
0.569733
0.594374
0.568734
0.602783
0.607534
0.595994
0.591881
0.557491
0.608627
0.583294
0.609852
0.579489
0.545967
0.531441
0.531364
0.487271
0.531127
0.581554
0.501944
0.519188
0.504377
0.564143
0.530195
0.548418
0.510370
0.493016
0.483528
0.500176
0.419678
0.490419
0.403231
0.419935
0.461208
0.482437
0.354020
0.394892
0.455925
0.501630
0.459977
0.502331
0.469809
0.462635
0.505627
0.529437
0.521883
0.493914
0.547257
0.498847
0.610626
0.568030
0.584551
0.594609
0.612896
0.626112
0.642974
0.644178
0.608069
0.606242
0.616720
0.590715
0.613782
0.607738
0.565900
0.579060
0.598907
0.620705
0.583693
0.624874
0.593471
0.576362
0.523044
0.566468
0.512060
0.494937
0.525084
0.502594
0.429032
0.469607
0.399963
0.429510
0.468690
0.469913
0.355929
0.414477
0.401535
0.394073
0.387713
0.328771
0.375100
0.304331
0.336755
0.343601
0.292340
0.303304
0.201223
0.227746
0.260366
0.288051
0.147361
0.165434
0.215781
0.210678
0.258428
0.252161
0.219098
0.230296
0.241093
0.261789
0.203666
0.238662
0.220081
0.235387
0.291875
0.319071
0.265858
0.300312
0.254618
0.313713
0.271674
0.276335
0.276595
0.258119
0.253281
0.286499
0.255199
0.261592
0.206082
0.219211
0.224859
0.240611
0.157493
0.179948
0.206122
0.234995
0.213202
0.200491
0.128041
0.186294
0.185144
0.208242
0.139887
0.154023
0.139373
0.144969
0.184452
0.148207
0.076502
0.073681
0.129799
0.156166
0.122984
0.136452
0.095080
0.102130
0.116298
0.145022
0.151029
0.100212
0.079167
0.104612
0.132126
0.105702
0.087570
0.059465
0.118877
0.121301
0.108498
0.087097
0.112018
0.085992
0.069993
0.085510
0.092428
0.110187
0.100329
0.110108
0.125268
0.111345
0.084209
0.086968
0.153128
0.156722
0.166636
0.137512
0.141841
0.132885
0.145363
0.151712
0.140293
0.118980
0.119103
0.127952
0.165290
0.133541
0.122378
0.112508
0.141548
0.135119
0.112859
0.131040
0.074530
0.090990
0.096016
0.097520
0.136879
0.115293
0.071875
0.092217
0.107821
0.112677
0.068423
0.072570
0.076691
0.116286
0.066376
0.113520
0.087957
0.104398
0.057095
0.073735
0.105974
0.078218
0.090953
0.090337
0.091901
0.063000
0.066917
0.054104
0.066658
0.101576
0.093915
0.071685
0.066918
0.084225
0.063252
0.073763
0.099084
0.080351
0.034009
0.068239
0.054208
0.067727
0.044682
0.029161
0.028101
0.061134
0.059940
0.053161
0.060834
0.082491
0.044185
0.065067
0.069902
0.064191
0.056832
0.030881
0.072403
0.064262
0.056456
0.034670
0.085286
0.090182
0.074331
0.087160
0.093481
0.110567
0.086522
0.092067
0.105126
0.113152
0.106914
0.117441
0.118066
0.096355
0.141375
0.103609
0.157022
0.129853
0.121256
0.111824
0.074915
0.090445
0.101485
0.103848
0.124205
0.112096
0.068040
0.095966
0.104398
0.122249
0.091622
0.074878
0.115455
0.140314
0.122341
0.088713
0.097636
0.095885
0.115608
0.091406
0.112683
0.076860
0.091353
0.062295
0.120471
0.081737
0.069106
0.053257
0.105397
0.133138
0.104891
0.134078
0.116203
0.101662
0.116118
0.135987
0.120232
0.139714
0.107331
0.074704
0.149335
0.094243
0.061752
0.055055
0.075631
0.124231
0.120996
0.083812
0.077984
0.080649
0.092347
0.095765
0.095666
0.103249
0.087388
0.054913
0.126874
0.102475
0.072056
0.062085
0.086622
0.095659
0.076195
0.106734
0.093856
0.126194
0.049826
0.089717
0.092133
0.125699
0.067815
0.101563
0.105503
0.104025
0.072268
0.075780
0.091637
0.124411
0.103813
0.115120
0.103215
0.111835
0.056330
0.078729
0.101183
0.081246
0.043428
0.056242
0.056474
0.074090
0.034318
0.043718
0.042602
0.075820
0.042884
0.056965
0.053330
0.070704
0.027848
0.033682
0.084193
0.083927
0.044003
0.035832
0.043877
0.052997
0.050982
0.021867
0.019252
0.061074
0.038747
0.041874
0.063134
0.052295
0.014955
0.045604
0.051178
0.061354
0.019669
0.054245
0.076032
0.045218
0.026429
0.031827
0.033723
0.073669
0.026881
0.062582
0.031458
0.066781
0.002866
0.033107
0.072266
0.058907
0.024439
0.038797
0.063821
0.062951
0.051331
