0.119164
0.049607
0.070859
0.053485
0.018550
0.077955
0.099572
0.013066
0.084294
0.040148
0.051949
0.065320
0.060153
0.085654
0.093907
0.063289
0.041668
0.079887
0.085803
0.049164
0.058001
0.043127
0.071556
0.026625
0.043611
0.054717
0.062707
0.028795
0.058835
0.036854
0.061789
0.051552
0.026223
0.045646
0.073998
0.015999
0.022482
0.056895
0.062666
0.021065
0.051127
0.026682
0.064084
0.007958
0.044111
0.083935
0.066579
0.044846
0.050932
0.048969
0.066106
0.065585
0.054201
0.055904
0.069680
0.018243
0.059417
0.049258
0.048676
0.047585
0.028000
0.049141
0.053766
0.056511
0.034084
0.059904
0.079282
0.058478
0.032605
0.069113
0.082932
0.033639
0.076729
0.061911
0.064207
0.088671
0.093940
0.140554
0.111494
0.089014
0.075439
0.079882
0.101821
0.103161
0.104156
0.107568
0.100748
0.076612
0.114467
0.119342
0.088835
0.058735
0.084465
0.121666
0.082433
0.066345
0.040756
0.068977
0.124661
0.093255
0.071685
0.064343
0.078674
0.066920
0.082373
0.098624
0.077306
0.057745
0.055218
0.064415
0.066646
0.053582
0.029941
0.070453
0.107721
0.065693
0.047259
0.076311
0.074730
0.040520
0.064076
0.067809
0.087780
0.059027
0.082081
0.106709
0.098924
0.072745
0.048507
0.073124
0.090323
0.076745
0.101673
0.055415
0.094282
0.048025
0.065263
0.081859
0.071332
0.015488
0.034252
0.063103
0.055925
0.044101
0.027372
0.036586
0.054800
0.021748
0.035451
0.036000
0.023837
-0.001631
0.032790
0.075071
0.060659
0.004536
0.029559
0.013706
0.067914
0.028943
0.012159
0.043075
0.072792
0.012736
0.033482
0.040299
0.053051
0.016093
0.048195
0.036734
0.044547
0.023531
0.062779
0.049542
0.048117
0.034655
0.025605
0.028171
0.066475
0.034335
0.018959
0.020872
0.057255
0.009692
0.049885
0.038301
0.031504
0.010226
0.025992
0.031927
0.049301
0.026769
0.032649
0.027164
0.057201
0.040967
0.041740
0.034234
0.037037
0.036810
0.031844
0.029479
0.028436
0.021146
0.023400
0.081257
0.057992
0.039558
0.035879
0.043055
0.077942
0.024818
0.044424
0.057709
0.039830
0.027625
0.038767
0.063576
0.054322
0.030743
0.035313
0.033666
0.051268
0.028018
0.007262
0.030324
0.063515
0.033547
0.021513
0.056396
0.068660
-0.006268
0.037730
0.045549
0.053154
0.017842
0.028510
0.029292
0.040102
0.032690
0.023809
0.017744
0.052899
0.045009
0.008858
0.034638
0.058713
0.014580
0.038854
0.052783
0.025857
0.013106
0.052783
0.046169
0.046666
0.034433
0.028454
0.032373
0.062526
0.036036
0.017410
0.022136
0.059406
-0.003123
0.038487
0.044317
0.037159
0.050186
0.038964
0.022248
0.057789
0.018326
0.012718
0.038190
0.069820
0.023009
0.011979
0.039790
0.043811
0.004956
0.043549
0.051582
0.021431
0.019296
0.032278
0.012884
0.041372
0.050735
0.017689
-0.002538
0.060434
0.009548
0.020383
0.023125
0.048374
0.019257
0.046465
0.042437
0.039769
0.026036
0.022837
0.019506
0.076914
0.034115
0.016322
0.024244
0.067245
0.046932
0.007436
0.025519
0.062692
0.023434
0.046247
0.042243
0.025465
0.024583
0.025399
0.027142
0.045474
0.019754
0.021250
0.037425
0.046797
0.037818
0.020728
0.050773
0.052217
0.028680
0.040135
0.056565
0.025366
0.006444
0.046876
0.052431
0.054158
0.014063
0.021437
0.023932
0.070845
0.018372
0.012875
0.021196
0.047188
0.018407
0.051453
0.038207
0.036257
-0.016885
0.028205
0.032825
0.064803
0.028843
0.021923
0.048782
0.069792
0.018289
0.040379
0.056287
0.046536
0.043083
0.064182
0.053706
0.041656
0.051123
0.065168
0.067693
0.067005
0.043313
0.055028
0.109322
0.092074
0.099024
0.068252
0.113456
0.080703
0.090048
0.111295
0.092513
0.106692
0.093963
0.131151
0.130036
0.143848
0.084451
0.099989
0.128974
0.155435
0.181966
0.196749
0.149796
0.124398
0.148501
0.148382
0.171689
0.152052
0.159954
0.172788
0.233393
0.181897
0.194100
0.197190
0.274767
0.254093
0.272604
0.239585
0.294124
0.253599
0.252613
0.297519
0.292784
0.274526
0.297328
0.281206
0.363935
0.342892
0.350622
0.346364
0.415048
0.437653
0.464242
0.471253
0.494408
0.512910
0.507378
0.525442
0.486796
0.532386
0.555968
0.558932
0.582203
0.630684
0.634815
0.640831
0.725110
0.744956
0.787201
0.791323
0.786085
0.818591
0.817510
0.827550
0.814915
0.844533
0.854405
0.853819
0.851315
0.853499
0.877105
0.890426
0.924309
0.899509
0.913602
0.908243
0.907835
0.922881
0.937719
0.935955
0.914963
0.934137
0.937533
0.937416
0.950298
0.940332
0.950417
0.945082
0.958727
0.955738
0.954258
0.954938
0.957968
0.958912
0.961320
0.964007
0.950111
0.953621
0.964515
0.958404
0.955202
0.956963
0.947655
0.952252
0.956723
0.954899
0.958308
0.961190
0.960620
0.952328
0.966297
0.955369
0.958746
0.953904
0.960127
0.950599
0.957360
0.957187
0.946101
0.953027
0.968724
0.960584
0.965902
0.969597
0.964551
0.959441
0.974663
0.966914
0.968510
0.964281
0.966167
0.964199
0.966579
0.969691
0.961143
0.970951
0.973886
0.972104
0.978448
0.975011
0.979776
0.971957
0.980380
0.977163
0.979685
0.970463
0.973751
0.974032
0.976410
0.974525
0.972169
0.975838
0.981657
0.974454
0.979392
0.980049
0.977594
0.975497
0.984768
0.980060
0.976821
0.980629
0.978776
0.981104
0.983689
0.978559
0.978261
0.985517
0.985681
0.986116
0.987139
0.983383
0.984655
0.983919
0.986648
0.985716
0.981563
0.981048
0.978856
0.981150
0.980148
0.980587
0.977539
0.981641
0.978821
0.977896
0.977246
0.975516
0.973092
0.968053
0.972541
0.959694
0.962291
0.958057
0.948146
0.948544
0.957541
0.946853
0.943049
0.939342
0.957345
0.949450
0.954234
0.950078
0.953033
0.949587
0.957378
0.945485
0.950479
0.939465
0.942013
0.943050
0.943926
0.946054
0.937022
0.938358
0.957024
0.957146
0.952986
0.960377
0.952722
0.949246
0.964622
0.960352
0.961742
0.957866
0.961500
0.962709
0.962312
0.955358
0.965147
0.967210
0.971458
0.963945
0.972602
0.963577
0.961210
0.962258
0.964147
0.953644
0.948825
0.947813
0.939940
0.933005
0.936072
0.931426
0.900036
0.923256
0.941007
0.937204
0.944354
0.946265
0.936364
0.934559
0.953297
0.943568
0.941301
0.942899
0.939438
0.932850
0.945084
0.936320
0.926374
0.937502
0.948093
0.946097
0.940074
0.923385
0.936169
0.931812
0.935531
0.923549
0.927331
0.921833
0.923265
0.929670
0.933812
0.926928
0.929552
0.936896
0.955146
0.954468
0.956178
0.960343
0.954699
0.948819
0.970184
0.959703
0.958222
0.957803
0.959249
0.956805
0.958591
0.953195
0.955636
0.960854
0.970297
0.970046
0.973146
0.974543
0.974869
0.976169
0.983684
0.977244
0.977425
0.979104
0.980442
0.983626
0.981210
0.982162
0.985879
0.984525
0.988213
0.986888
0.986235
0.987215
0.986915
0.986509
0.989080
0.987773
0.983777
0.984111
0.985310
0.985828
0.986532
0.983387
0.983504
0.983437
0.988758
0.987173
0.988207
0.987364
0.989896
0.985113
0.990908
0.985896
0.984779
0.985779
0.982734
0.983514
0.985038
0.982512
0.982204
0.985791
0.988788
0.986902
0.990593
0.989614
0.988590
0.987888
0.991454
0.989336
0.988538
0.988903
0.990298
0.990782
0.990532
0.988090
0.990409
0.989610
0.993359
0.991397
0.991292
0.993564
0.992090
0.989530
0.994214
0.992062
0.991384
0.990946
0.990964
0.991470
0.992490
0.989490
0.989857
0.990832
0.992090
0.990721
0.990360
0.988334
0.990235
0.985846
0.986222
0.981692
0.981455
0.975215
0.973139
0.972880
0.977096
0.972688
0.964426
0.968145
0.977060
0.970593
0.976256
0.970596
0.970212
0.962679
0.969688
0.962535
0.963186
0.956304
0.954767
0.947680
0.944322
0.942491
0.924015
0.935061
0.935353
0.937061
0.932764
0.926961
0.926033
0.919487
0.919708
0.914640
0.912966
0.900254
0.892565
0.902203
0.904436
0.908251
0.884330
0.896346
0.893732
0.901574
0.875272
0.865151
0.847834
0.851090
0.831455
0.838904
0.789836
0.803744
0.741323
0.737130
0.772686
0.775384
0.654352
0.700233
0.686422
0.724089
0.684381
0.678368
0.688544
0.689340
0.611025
0.632732
0.640371
0.635634
0.565890
0.603652
0.615985
0.646507
0.581163
0.643792
0.595530
0.631668
0.569166
0.556479
0.535809
0.552010
0.491320
0.528112
0.387177
0.443292
0.367764
0.436752
0.458435
0.444729
0.297486
0.315123
0.355736
0.322212
0.250109
0.279401
0.193904
0.211681
0.245432
0.227952
0.221816
0.182085
0.127845
0.115726
0.152320
0.142759
0.069604
0.068354
0.083953
0.085432
0.111229
0.104007
0.073083
0.089795
0.074249
0.080841
0.115848
0.083276
0.038154
0.070432
0.078437
0.056591
0.062604
0.025604
0.051065
0.092497
0.050108
0.058355
0.032952
0.063993
0.020124
0.040921
0.054887
0.050601
0.043769
0.062263
0.043872
0.061122
0.039142
0.025805
0.035810
0.055748
0.049156
0.046415
0.037726
0.060598
0.005580
0.049768
0.058778
0.045625
-0.000488
0.015839
0.022311
0.057976
0.022524
0.019378
0.017803
0.051430
0.023091
0.011935
0.027609
0.038655
0.001325
0.041850
0.033635
0.037098
0.002513
0.017925
0.016749
0.046768
0.022792
0.016659
0.016451
0.062348
0.035409
0.020194
0.042001
0.066358
0.034586
0.056344
0.056303
0.033110
0.035400
0.039201
0.044041
0.054953
0.042056
0.016526
0.041349
0.052866
0.062177
0.023463
0.027908
0.042056
0.020951
0.062528
0.027837
0.011618
0.017126
0.014580
0.043584
0.074020
0.018133
0.029749
0.058912
0.066982
0.035538
0.025777
0.038634
0.056913
0.020306
0.041674
0.048913
0.041973
0.043450
0.040974
0.030618
0.067641
0.006015
0.031593
0.030074
0.061437
0.034683
0.027659
0.043088
0.051135
0.007488
0.053627
0.046000
0.035298
0.005883
0.055837
0.017453
0.042781
0.036054
0.025277
0.017915
0.054476
0.029818
0.039691
0.052945
0.044820
0.016158
0.047786
0.041022
0.054006
0.037401
0.026624
0.039026
0.050245
0.014698
0.027386
0.036870
0.047857
0.048393
0.053090
0.027879
0.073420
0.050051
0.071334
0.117882
0.071172
0.035618
0.071736
0.057213
0.056915
0.053718
