0.126923
0.062483
0.072548
0.075590
0.040890
0.091473
0.095081
0.046176
0.084740
0.053431
0.115983
0.110002
0.141420
0.103777
0.116394
0.125741
0.156311
0.149737
0.223205
0.218429
0.190566
0.190265
0.250697
0.212017
0.257576
0.223112
0.212821
0.205682
0.172836
0.231575
0.285484
0.155508
0.209559
0.200748
0.273443
0.267076
0.240575
0.255206
0.192832
0.284288
0.269745
0.275285
0.259033
0.251540
0.173464
0.304809
0.261597
0.174459
0.180605
0.276112
0.278708
0.257886
0.261149
0.236911
0.237719
0.265098
0.286702
0.225215
0.236490
0.215710
0.253018
0.219468
0.270813
0.216609
0.172139
0.281210
0.243013
0.283653
0.291773
0.274726
0.306350
0.313530
0.348231
0.255568
0.312883
0.375568
0.341760
0.383696
0.419812
0.352912
0.405001
0.370394
0.444022
0.382953
0.399975
0.347435
0.328503
0.368229
0.381607
0.401796
0.379800
0.383521
0.392494
0.383500
0.456872
0.336539
0.386504
0.469278
0.479891
0.445923
0.438331
0.413278
0.450427
0.475058
0.487183
0.471191
0.415753
0.440269
0.399945
0.473610
0.499921
0.422673
0.470577
0.417102
0.416847
0.366978
0.363405
0.321212
0.333377
0.295075
0.275232
0.246803
0.264876
0.184850
0.210026
0.232985
0.242753
0.130948
0.120945
0.214314
0.166484
0.171527
0.141388
0.127499
0.143230
0.130772
0.175251
0.132857
0.119689
0.074285
0.069074
0.146946
0.110450
0.064919
0.045120
0.086741
0.115570
0.098009
0.109878
0.091009
0.106612
0.116032
0.121817
0.160910
0.112720
0.104924
0.125401
0.139516
0.143253
0.103617
0.132877
0.162206
0.165596
0.140134
0.126592
0.121575
0.107331
0.094734
0.107144
0.129945
0.086824
0.066721
0.053376
0.087430
0.090153
0.050708
0.045280
0.057907
0.102263
0.089896
0.085914
0.064234
0.060459
0.084503
0.061373
0.130954
0.071005
0.041332
0.035092
0.055830
0.082973
0.040531
0.052227
0.033754
0.081150
0.066648
0.056425
0.077208
0.071854
0.072370
0.074205
0.067138
0.075723
0.041799
0.098152
0.064825
0.063863
0.062229
0.036531
0.104459
0.125902
0.101583
0.095269
0.101528
0.105093
0.108627
0.106495
0.118483
0.118871
0.077358
0.115149
0.110023
0.104997
0.069541
0.049285
0.094979
0.125029
0.139021
0.088863
0.090287
0.094414
0.098277
0.106545
0.115370
0.077498
0.058924
0.089895
0.070972
0.074893
0.047796
0.047325
0.056213
0.083197
0.051010
0.058208
0.030111
0.063669
0.007022
0.040218
0.053517
0.042773
0.025104
0.025721
0.057529
0.064910
0.042523
0.023647
0.039346
0.076490
0.039251
0.025196
0.037856
0.049100
0.003634
0.049677
0.047460
0.062856
0.011531
0.032751
0.048095
0.053169
0.055754
0.033600
0.053614
0.070441
0.042974
0.027735
0.051571
0.047452
0.017727
0.078142
0.055837
0.079873
0.042723
0.073620
0.049488
0.063263
0.062526
0.039507
0.079684
0.072796
0.097061
0.051600
0.067822
0.062199
0.056510
0.077679
0.081330
0.077370
0.060919
0.086644
0.059016
0.087595
0.093667
0.042925
0.113706
0.133858
0.113561
0.083664
0.104694
0.086583
0.074586
0.097899
0.119878
0.107980
0.094639
0.074548
0.166135
0.120600
0.111486
0.084516
0.140291
0.147749
0.146896
0.117885
0.148474
0.136476
0.128250
0.135706
0.089114
0.136725
0.145611
0.162243
0.156317
0.212766
0.185223
0.197938
0.304682
0.307695
0.367218
0.380349
0.353590
0.373905
0.381628
0.420908
0.421617
0.440320
0.422177
0.416508
0.446502
0.536966
0.468222
0.525288
0.566891
0.620517
0.618978
0.664121
0.672994
0.678263
0.698012
0.689076
0.699056
0.742602
0.743477
0.742722
0.749577
0.777733
0.798165
0.819962
0.838312
0.829438
0.816021
0.814998
0.779254
0.802838
0.804280
0.770778
0.783307
0.795944
0.768557
0.776296
0.785035
0.805736
0.752470
0.791114
0.841872
0.840232
0.846903
0.863953
0.838983
0.867506
0.881538
0.880174
0.868746
0.876687
0.879628
0.874477
0.904308
0.884758
0.879946
0.884582
0.923188
0.927476
0.926725
0.933583
0.940277
0.932140
0.947288
0.938745
0.943875
0.947342
0.946347
0.956119
0.956084
0.949003
0.962371
0.966403
0.977764
0.969886
0.979832
0.977854
0.970731
0.976543
0.982962
0.978318
0.981951
0.971113
0.980880
0.981130
0.979864
0.978994
0.977767
0.981816
0.982226
0.984633
0.986084
0.985457
0.986517
0.982878
0.988439
0.985346
0.984133
0.986803
0.987552
0.988409
0.987865
0.988332
0.988433
0.989313
0.992334
0.990009
0.991802
0.991122
0.990329
0.990596
0.992701
0.989636
0.990529
0.989356
0.990624
0.989970
0.990152
0.987657
0.988277
0.987729
0.992569
0.991953
0.990106
0.990844
0.989003
0.985593
0.992010
0.988233
0.990171
0.988624
0.989931
0.989154
0.989741
0.986744
0.987425
0.989766
0.990212
0.988482
0.987746
0.987996
0.986131
0.982345
0.987844
0.983095
0.980666
0.980994
0.978791
0.980160
0.980027
0.975107
0.971806
0.972628
0.980872
0.973443
0.969822
0.974318
0.964091
0.968902
0.973344
0.965844
0.964964
0.952670
0.954576
0.953992
0.949901
0.945088
0.925516
0.931638
0.944824
0.938211
0.928818
0.935667
0.940301
0.934009
0.945071
0.932712
0.923183
0.923244
0.931202
0.917897
0.924277
0.922629
0.910225
0.912181
0.934752
0.924297
0.920910
0.924136
0.916555
0.919214
0.916586
0.903601
0.905061
0.903413
0.889167
0.906809
0.895742
0.895533
0.896706
0.893236
0.918550
0.903355
0.906576
0.918061
0.893476
0.909025
0.906423
0.906216
0.894898
0.908285
0.878831
0.887984
0.894477
0.905813
0.878188
0.891043
0.899399
0.892638
0.897743
0.899506
0.869766
0.863122
0.869611
0.851861
0.854415
0.853233
0.820888
0.816905
0.839704
0.839050
0.796329
0.802503
0.792748
0.793097
0.818329
0.791272
0.779992
0.811977
0.780533
0.784026
0.762238
0.790682
0.799182
0.800462
0.770452
0.791153
0.718067
0.763898
0.786492
0.769272
0.716014
0.733567
0.708420
0.732417
0.671420
0.687244
0.680982
0.689383
0.614508
0.631282
0.687355
0.678914
0.622799
0.637085
0.676962
0.656207
0.689882
0.688308
0.682003
0.690306
0.684120
0.701116
0.667840
0.709200
0.660322
0.675979
0.697220
0.720297
0.673100
0.692263
0.733914
0.704279
0.703971
0.696202
0.676174
0.724027
0.703196
0.713418
0.721630
0.708039
0.679704
0.683507
0.752249
0.708871
0.752747
0.742047
0.725440
0.725842
0.758919
0.749819
0.743433
0.751822
0.744447
0.748637
0.715614
0.731899
0.688905
0.723979
0.680780
0.735046
0.642140
0.679236
0.795387
0.778945
0.772015
0.780914
0.788309
0.808288
0.804221
0.810137
0.792408
0.814473
0.823980
0.835611
0.832369
0.849486
0.840616
0.889960
0.872724
0.869147
0.880368
0.872688
0.840387
0.849371
0.839859
0.818199
0.844628
0.817082
0.828900
0.789292
0.838512
0.824696
0.818774
0.845918
0.808783
0.832182
0.786808
0.762500
0.748056
0.730664
0.725678
0.693882
0.666396
0.680956
0.618925
0.592805
0.635677
0.660480
0.442824
0.464690
0.534240
0.504958
0.512609
0.521903
0.480885
0.534275
0.471179
0.484688
0.467969
0.485041
0.432941
0.445217
0.480894
0.513715
0.425407
0.433980
0.511178
0.526334
0.493621
0.531243
0.432044
0.477645
0.523480
0.467737
0.475919
0.469443
0.420232
0.459331
0.390981
0.501386
0.353733
0.421611
0.460848
0.438739
0.428425
0.427139
0.398794
0.375476
0.422553
0.396489
0.387070
0.347798
0.306432
0.300209
0.305443
0.395015
0.216357
0.252701
0.252838
0.319035
0.272968
0.286143
0.209851
0.255907
0.250577
0.314866
0.236259
0.225170
0.211175
0.152362
0.292035
0.220935
0.141988
0.171425
0.136514
0.182376
0.199600
0.180482
0.156659
0.171801
0.121847
0.143352
0.125129
0.153937
0.087908
0.075461
0.153007
0.150070
0.067705
0.078117
0.123518
0.119568
0.122301
0.123618
0.097348
0.103368
0.110595
0.125917
0.136479
0.136829
0.054319
0.018512
0.121845
0.123382
0.037537
0.037208
0.050171
0.075269
0.073202
0.056284
0.037775
0.061780
0.024811
0.043536
0.032057
0.034995
0.003896
0.040446
0.034042
0.046346
0.036659
0.023648
0.019961
0.067273
0.012527
-0.005876
0.038509
0.056247
0.026224
0.056426
0.053162
0.050013
0.030001
0.019325
0.023037
0.065143
0.001672
0.031232
0.030130
0.048622
0.051060
0.020951
0.014069
0.051455
0.026626
0.041653
0.044762
0.047071
0.026018
0.040922
0.055796
0.046825
0.024343
0.033770
0.024073
0.060262
0.041383
0.043766
0.059308
0.038219
0.030247
0.048752
0.038972
0.055800
0.040885
0.046447
0.059419
0.057475
0.030701
0.039860
0.027024
0.075158
0.026673
0.028173
0.039936
0.052061
-0.008572
0.038552
0.041005
0.037124
0.014255
0.040246
0.045239
0.034442
0.032557
0.018693
0.049499
0.054546
0.042951
0.022319
0.021673
0.048146
0.011720
0.045978
0.035479
0.032193
0.011674
0.022903
0.020036
0.069082
0.021938
0.032264
0.024415
0.050298
0.022519
0.031711
0.007068
0.053866
0.027264
0.047786
0.022879
0.025067
0.011673
0.012041
0.011674
0.039585
0.043012
0.018263
0.017381
0.034095
0.035787
-0.005377
0.059142
0.048692
0.010470
0.051736
0.060312
0.032261
0.028110
0.021608
0.032179
0.065678
0.033320
0.038631
0.031319
0.080072
0.040864
0.018688
0.042866
0.049112
0.030218
0.039891
0.032261
0.055931
0.002081
0.014815
0.044448
0.063113
0.020339
0.035054
0.036990
0.073996
0.043376
0.016205
0.025543
0.052330
0.022949
0.046551
0.062268
0.060422
0.019799
0.017224
0.047016
0.063903
0.039325
0.035397
0.045082
0.049048
0.054346
0.041067
0.041452
0.050435
0.036083
0.065086
0.049588
0.045677
-0.015747
0.026222
0.050557
0.083215
0.055963
0.036606
0.020434
0.058587
0.056634
0.019864
0.053457
0.067661
0.035824
0.055319
0.034854
0.020362
0.017920
0.024641
0.021518
0.074746
0.022730
0.029836
0.035672
0.069681
0.024218
0.010708
0.038377
0.066901
0.046072
0.067266
0.058735
0.050446
0.024670
0.028779
0.037299
0.059398
0.031776
0.022952
0.023731
0.060498
0.062137
0.047644
0.032716
0.077095
-0.000114
0.048765
0.086939
0.058860
0.027090
0.044696
0.058382
0.067049
0.060288
