0.122729
0.033302
0.063886
0.064993
0.014416
0.060868
0.059098
-0.006382
0.055802
0.014153
0.026249
0.030319
0.037359
0.031041
0.040722
0.020246
0.027402
0.036627
0.078836
0.057816
0.042790
0.108317
0.102665
0.071478
0.107967
0.074613
0.105957
0.148864
0.125566
0.187092
0.181317
0.164109
0.173624
0.251537
0.283783
0.267135
0.241484
0.235942
0.223669
0.214276
0.248663
0.247501
0.218257
0.229458
0.220201
0.280054
0.274132
0.232044
0.236183
0.275590
0.328891
0.259987
0.271852
0.242113
0.255230
0.227706
0.277214
0.243769
0.209512
0.225296
0.190092
0.230317
0.280840
0.185146
0.209398
0.249087
0.254487
0.304158
0.267718
0.236045
0.252900
0.250583
0.262900
0.263379
0.253439
0.193076
0.223293
0.252412
0.251619
0.212018
0.185875
0.342474
0.308720
0.333455
0.350145
0.376658
0.353125
0.385634
0.398031
0.413744
0.412839
0.374272
0.398381
0.431864
0.468294
0.451620
0.475772
0.446697
0.453205
0.440633
0.461696
0.409499
0.364471
0.421357
0.406714
0.365663
0.374622
0.257070
0.279371
0.329137
0.337413
0.231327
0.272073
0.332667
0.363651
0.343079
0.345135
0.329428
0.327928
0.388225
0.358723
0.362827
0.362623
0.272566
0.307073
0.319634
0.367824
0.243093
0.287005
0.272338
0.304560
0.324880
0.320197
0.263373
0.362666
0.333537
0.351465
0.348644
0.372331
0.365522
0.384615
0.397267
0.440975
0.438443
0.454234
0.454139
0.449573
0.437514
0.413071
0.372386
0.410297
0.380131
0.407478
0.333919
0.311724
0.267112
0.275752
0.277523
0.287185
0.140567
0.161722
0.189267
0.189487
0.204204
0.184021
0.182146
0.195980
0.166942
0.211311
0.188694
0.187472
0.172941
0.159344
0.254637
0.186698
0.151696
0.156722
0.198618
0.211239
0.162875
0.202278
0.172528
0.175687
0.170479
0.195156
0.190100
0.176585
0.134178
0.169251
0.193306
0.201412
0.156827
0.178171
0.215905
0.228663
0.205661
0.212421
0.197818
0.215533
0.161165
0.177662
0.208823
0.154361
0.110151
0.136290
0.187357
0.132524
0.106929
0.073601
0.156073
0.178121
0.158207
0.191666
0.159281
0.142882
0.145539
0.166686
0.172169
0.153938
0.129539
0.115256
0.171462
0.148310
0.124272
0.148238
0.146415
0.229105
0.167804
0.186783
0.160352
0.175451
0.156161
0.159641
0.212215
0.158178
0.133441
0.121146
0.149918
0.142246
0.172177
0.179027
0.202929
0.219937
0.209439
0.227920
0.180511
0.223834
0.175579
0.233388
0.182749
0.221125
0.204577
0.224361
0.209604
0.231361
0.232744
0.234298
0.207124
0.272413
0.225221
0.221559
0.155759
0.147598
0.128350
0.158510
0.150772
0.155149
0.077889
0.108154
0.127283
0.101901
0.111262
0.091888
0.117470
0.139732
0.132935
0.136142
0.120836
0.130110
0.118535
0.118384
0.150633
0.108519
0.067437
0.085637
0.155736
0.104213
0.051358
0.049005
0.077939
0.111534
0.094559
0.091635
0.119744
0.091868
0.088316
0.116391
0.140507
0.112545
0.107368
0.092369
0.149375
0.124689
0.090283
0.115062
0.171456
0.224078
0.198260
0.197695
0.202423
0.156867
0.222539
0.224683
0.241476
0.203321
0.171972
0.185407
0.185662
0.197449
0.167720
0.158973
0.225597
0.268785
0.267153
0.288231
0.254248
0.277718
0.245606
0.307683
0.316450
0.265366
0.254878
0.235974
0.277634
0.301440
0.261869
0.291500
0.316489
0.306320
0.273256
0.312729
0.246290
0.241559
0.261035
0.275600
0.315954
0.297005
0.219302
0.240319
0.263867
0.336376
0.300353
0.287038
0.298901
0.322643
0.305860
0.322317
0.246871
0.342044
0.306041
0.331824
0.272063
0.310846
0.267647
0.277109
0.326101
0.349794
0.263690
0.271067
0.316843
0.335723
0.319459
0.350686
0.314526
0.391723
0.334216
0.378250
0.309041
0.312533
0.259682
0.242694
0.298511
0.330421
0.245012
0.240930
0.262623
0.287921
0.287100
0.256256
0.262333
0.252114
0.212336
0.283568
0.289990
0.297108
0.235686
0.284748
0.347470
0.296004
0.294288
0.287393
0.302833
0.340538
0.302299
0.292029
0.219250
0.232795
0.316994
0.294458
0.249774
0.254246
0.179702
0.229957
0.212773
0.235577
0.146392
0.138133
0.249189
0.235496
0.281968
0.297200
0.279957
0.334940
0.344593
0.370749
0.321947
0.327479
0.315583
0.312313
0.370792
0.315150
0.317822
0.330654
0.364442
0.362409
0.339744
0.324643
0.267111
0.304526
0.244606
0.291321
0.272917
0.284175
0.281203
0.257366
0.275855
0.335023
0.318501
0.372790
0.301989
0.325082
0.299859
0.312981
0.286842
0.274313
0.247457
0.254290
0.257011
0.229363
0.153413
0.161999
0.209783
0.200521
0.120909
0.075892
0.139799
0.189223
0.156208
0.136783
0.135169
0.122728
0.134393
0.138028
0.149494
0.152481
0.101943
0.114570
0.164282
0.122374
0.071958
0.064332
0.105678
0.122806
0.109828
0.095834
0.101737
0.092142
0.066453
0.115483
0.072840
0.118040
0.089202
0.111241
0.117510
0.132960
0.124596
0.106639
0.120031
0.103633
0.150361
0.098979
0.114802
0.142711
0.098098
0.139142
0.110111
0.129588
0.094649
0.129824
0.166058
0.124801
0.095454
0.045485
0.149685
0.115577
0.180711
0.101322
0.134340
0.110647
0.137632
0.139419
0.189872
0.137122
0.132491
0.109613
0.161091
0.176951
0.134390
0.136455
0.190092
0.222768
0.264540
0.227748
0.241128
0.290418
0.250897
0.321800
0.262772
0.281751
0.336604
0.301557
0.415416
0.419206
0.404393
0.416645
0.419257
0.426986
0.467473
0.430675
0.425265
0.423109
0.428331
0.404640
0.397068
0.399809
0.344847
0.372498
0.427766
0.480712
0.401780
0.414637
0.348726
0.425902
0.394624
0.352725
0.370480
0.331130
0.321054
0.344093
0.347301
0.291474
0.253447
0.261938
0.298063
0.332539
0.197251
0.213074
0.218365
0.212577
0.213916
0.208637
0.157873
0.195708
0.168800
0.167494
0.175237
0.202778
0.163596
0.184638
0.172375
0.211743
0.155639
0.172268
0.297431
0.259546
0.343077
0.264876
0.277652
0.323860
0.289231
0.348696
0.371830
0.344453
0.299079
0.350422
0.403310
0.419839
0.421016
0.462179
0.484049
0.533520
0.541984
0.535836
0.541407
0.575304
0.512989
0.575488
0.536858
0.571472
0.589681
0.606453
0.661279
0.645373
0.659676
0.688163
0.666329
0.662385
0.629933
0.655623
0.628061
0.617633
0.640957
0.569649
0.582016
0.578396
0.504956
0.492878
0.533654
0.544791
0.398216
0.451593
0.474491
0.513702
0.468857
0.493580
0.476301
0.473397
0.516394
0.498476
0.431526
0.514009
0.483289
0.486028
0.500287
0.532721
0.437287
0.504464
0.533080
0.571853
0.536753
0.535613
0.577209
0.615229
0.557185
0.586757
0.607473
0.567779
0.649374
0.623073
0.706200
0.661455
0.716387
0.714885
0.711484
0.736910
0.698805
0.716354
0.692984
0.728021
0.677630
0.704036
0.700554
0.696648
0.660070
0.691766
0.722907
0.748648
0.689431
0.758183
0.738581
0.759760
0.756572
0.761949
0.721486
0.749902
0.780538
0.756342
0.722989
0.738321
0.744322
0.762966
0.752369
0.771486
0.725832
0.772319
0.763852
0.771603
0.765466
0.777312
0.765234
0.784259
0.785369
0.748216
0.771989
0.754601
0.737305
0.757550
0.750669
0.766544
0.744006
0.769666
0.764822
0.763622
0.733262
0.741342
0.727868
0.763499
0.743629
0.708829
0.691124
0.723422
0.685646
0.692795
0.745751
0.751446
0.686160
0.721611
0.737580
0.732566
0.737691
0.748261
0.744605
0.726794
0.718415
0.719575
0.729931
0.719224
0.685028
0.685695
0.711499
0.709332
0.673380
0.716327
0.689330
0.688954
0.655051
0.676837
0.702671
0.674240
0.685665
0.702790
0.608702
0.690867
0.598411
0.662121
0.650729
0.695167
0.645543
0.680583
0.722989
0.734993
0.733658
0.738728
0.713259
0.744658
0.780428
0.778873
0.739022
0.769828
0.743238
0.776472
0.769501
0.800492
0.819941
0.836569
0.837978
0.839018
0.845431
0.843945
0.841399
0.867958
0.854253
0.857052
0.835462
0.829346
0.862499
0.842919
0.869609
0.866027
0.863302
0.883852
0.886262
0.870282
0.885653
0.888216
0.874108
0.884590
0.890352
0.864905
0.865503
0.876802
0.857506
0.876509
0.880817
0.884616
0.857055
0.879815
0.902248
0.880139
0.889300
0.872561
0.862787
0.881938
0.851186
0.864985
0.836392
0.823122
0.841397
0.804283
0.846479
0.817919
0.777634
0.796991
0.844681
0.820703
0.838004
0.830571
0.821211
0.842872
0.847592
0.823478
0.832380
0.841587
0.817896
0.797084
0.845053
0.813070
0.799878
0.814389
0.831241
0.840888
0.816659
0.813892
0.805552
0.803112
0.780990
0.783341
0.766151
0.790612
0.786334
0.805461
0.790716
0.807286
0.802543
0.823663
0.820389
0.838307
0.801444
0.818410
0.816226
0.787950
0.829670
0.819955
0.816857
0.793085
0.801286
0.775073
0.811754
0.825334
0.749883
0.778284
0.794660
0.800852
0.771029
0.784596
0.745705
0.731038
0.758825
0.761707
0.771848
0.789137
0.723589
0.756407
0.749933
0.756009
0.751359
0.775188
0.804882
0.791545
0.764342
0.744639
0.750614
0.725572
0.767756
0.731982
0.704173
0.710093
0.628105
0.667719
0.671172
0.660903
0.511879
0.579378
0.613111
0.645128
0.537003
0.572887
0.536039
0.566763
0.552675
0.526246
0.523045
0.524859
0.488574
0.467660
0.560673
0.530981
0.513443
0.528937
0.513432
0.524241
0.474865
0.505615
0.465170
0.457948
0.432718
0.442722
0.395957
0.399920
0.388167
0.358346
0.447253
0.437781
0.365670
0.405465
0.349820
0.401207
0.350596
0.349746
0.366926
0.334415
0.355423
0.307661
0.287017
0.274281
0.240208
0.221705
0.260875
0.267614
0.176185
0.178093
0.156870
0.220316
0.207177
0.204034
0.215629
0.182161
0.210318
0.250027
0.224014
0.212515
0.222344
0.168458
0.296108
0.230629
0.226522
0.206670
0.250503
0.236250
0.219060
0.189880
0.182587
0.150248
0.114882
0.145023
0.193746
0.142679
0.072749
0.093252
0.085555
0.107611
0.039426
0.052916
0.109473
0.103297
0.105844
0.077655
0.036377
0.054903
0.047114
0.079545
0.088371
0.078384
0.014376
0.058854
0.066995
0.064096
0.043298
0.025722
0.059830
0.064523
0.045353
0.067549
0.060636
0.075069
0.070780
0.076720
0.154810
0.070542
0.068612
0.072771
0.061111
0.053879
0.053135
