0.120300
0.045017
0.062839
0.053719
0.012623
0.069298
0.073377
0.004043
0.060523
0.040514
0.042090
0.044928
0.024669
0.025843
0.043912
0.015273
0.027739
-0.000385
0.055573
0.031420
0.012034
0.042382
0.060240
0.004752
0.039219
0.043471
0.043069
0.025431
0.007477
0.027501
0.058574
0.024066
0.031305
0.051363
0.057496
0.031714
0.028954
0.044197
0.053543
0.016211
0.046955
0.051962
0.060748
0.033283
0.045702
0.075102
0.066581
0.058628
0.029499
0.040636
0.085858
0.051357
0.049427
0.038386
0.086173
0.051833
0.069406
0.048188
0.017923
0.052478
0.050088
0.061088
0.054752
0.047941
0.038928
0.028803
0.059018
0.049165
0.025621
0.048194
0.076167
0.001154
0.039514
0.046739
0.044070
0.044082
0.050629
0.069653
0.059615
0.015651
0.043837
0.054386
0.070866
0.040880
0.050663
0.044726
0.047019
0.010853
0.032067
0.068470
0.081835
0.024401
0.048944
0.064536
0.059426
0.059958
0.042459
0.070624
0.085809
0.084745
0.083052
0.067198
0.072832
0.055882
0.069867
0.072204
0.061809
0.035302
0.060224
0.068257
0.076193
0.057102
0.028413
0.040308
0.052894
0.041747
0.042680
0.039512
0.082664
-0.008601
0.047022
0.059527
0.039357
0.009313
0.060944
0.030395
0.045808
0.025848
0.013794
0.034559
0.070072
0.034105
0.018931
0.058018
0.063157
0.024270
0.060990
0.055234
0.041726
0.035433
0.046982
0.066938
0.067543
0.020957
0.023871
0.068965
0.086735
0.054375
0.069396
0.054136
0.073471
0.056808
0.053775
0.082837
0.054072
0.052133
0.049604
0.038286
0.045862
0.042084
0.022092
0.037399
0.059056
0.037073
0.034878
0.030555
0.044045
0.031630
0.038842
0.031739
0.040551
0.019025
0.031211
0.042873
0.047224
0.021097
0.023304
0.038498
0.068023
0.042728
0.041557
0.035576
0.055082
0.040033
0.053322
0.048744
0.053663
0.020628
0.045422
0.042445
0.058352
0.022039
0.016729
0.060262
0.063446
0.021579
0.012539
0.049150
0.048464
0.024165
0.040618
0.044474
0.052903
0.017017
0.030676
0.036798
0.067033
0.040159
0.019680
0.048859
0.058904
0.043793
0.053846
0.052587
0.050213
0.027386
0.043698
0.064418
0.069403
0.010528
0.041353
0.036617
0.071904
0.045025
0.046017
0.017663
0.077406
0.047320
0.054118
0.045097
0.055920
0.033681
0.037105
0.055589
0.064914
0.022508
0.036985
0.011145
0.063513
0.052635
0.033062
0.057691
0.119001
0.075654
0.065275
0.043448
0.069947
0.107008
0.152967
0.084851
0.118649
0.103295
0.081828
0.146260
0.111817
0.095795
0.099780
0.160908
0.166075
0.171770
0.174696
0.147970
0.145572
0.194432
0.208063
0.238910
0.202464
0.162703
0.163331
0.156961
0.193172
0.150020
0.148420
0.184109
0.171607
0.166969
0.206245
0.130779
0.186262
0.131511
0.165466
0.150690
0.162044
0.147278
0.144212
0.151942
0.151568
0.140974
0.091944
0.160285
0.155198
0.160531
0.142897
0.154662
0.102787
0.147662
0.163120
0.180188
0.172627
0.112495
0.125443
0.192001
0.167438
0.134650
0.133313
0.144772
0.165123
0.171096
0.178492
0.150995
0.134969
0.151240
0.181849
0.161606
0.170690
0.090326
0.110225
0.173788
0.181016
0.085089
0.105895
0.090894
0.154594
0.139927
0.149265
0.116714
0.103962
0.130946
0.134944
0.137023
0.130275
0.088872
0.110493
0.171153
0.134422
0.063454
0.090035
0.115233
0.163920
0.148149
0.107131
0.121770
0.094078
0.098497
0.109627
0.109190
0.103328
0.109354
0.137639
0.111179
0.112186
0.108869
0.064645
0.125278
0.120708
0.125962
0.135414
0.085340
0.107041
0.106649
0.109119
0.144966
0.114668
0.099619
0.089154
0.155034
0.123919
0.077037
0.061497
0.120825
0.132111
0.139185
0.145474
0.087017
0.134805
0.172466
0.168164
0.179209
0.157357
0.184905
0.211676
0.220024
0.245998
0.210215
0.247076
0.237322
0.315085
0.275437
0.296539
0.272237
0.306406
0.276987
0.333411
0.295016
0.296879
0.301567
0.294839
0.341413
0.337333
0.276615
0.308335
0.291222
0.323817
0.329155
0.316745
0.307167
0.296302
0.366341
0.331403
0.265915
0.234921
0.257997
0.244826
0.334675
0.281245
0.233708
0.201559
0.210156
0.215452
0.246155
0.245063
0.181337
0.178394
0.190713
0.171044
0.185059
0.195960
0.140281
0.128186
0.157816
0.131417
0.097955
0.070749
0.159867
0.146138
0.130163
0.112365
0.126710
0.109045
0.111367
0.098747
0.120654
0.123983
0.063731
0.101218
0.118928
0.104168
0.050300
0.060722
0.088698
0.126220
0.103953
0.082210
0.118389
0.095131
0.103022
0.097310
0.131003
0.124474
0.100388
0.105018
0.124415
0.092061
0.086997
0.072579
0.118749
0.170923
0.097705
0.134319
0.082906
0.083745
0.112147
0.094168
0.138351
0.111377
0.058393
0.090346
0.099191
0.080484
0.079702
0.043941
0.078017
0.129602
0.112641
0.118451
0.118427
0.107396
0.080637
0.105126
0.137216
0.121548
0.101340
0.077030
0.115946
0.096679
0.100964
0.080459
0.072795
0.120146
0.150569
0.123891
0.118598
0.112161
0.105582
0.124808
0.117109
0.083563
0.090072
0.105521
0.130959
0.121503
0.061537
0.067112
0.119567
0.134530
0.109039
0.095279
0.137769
0.126068
0.091631
0.111194
0.106720
0.114710
0.088101
0.114564
0.171642
0.131349
0.118622
0.098092
0.133833
0.158967
0.136835
0.134585
0.080972
0.095396
0.106616
0.104108
0.158851
0.117258
0.092925
0.062650
0.105404
0.095593
0.071151
0.071330
0.086080
0.134460
0.101518
0.094192
0.087454
0.106688
0.074737
0.088249
0.096409
0.081023
0.044660
0.065293
0.070926
0.092112
0.052804
0.026489
0.058456
0.066942
0.054943
0.067041
0.042718
0.036506
0.028509
0.061696
0.071756
0.052563
0.054061
0.055184
0.078505
0.073168
0.045355
0.031250
0.078468
0.069036
0.059400
0.060100
0.072495
0.085288
0.024340
0.051545
0.084197
0.078179
-0.005149
0.044095
0.068061
0.068913
0.039185
0.025957
0.050315
0.082411
0.050879
0.045736
0.035262
0.044666
0.026713
0.049318
0.061905
0.023832
0.028618
0.027904
0.048191
0.053177
0.058410
0.023544
0.015500
0.046457
0.016450
0.034291
0.011364
0.023098
0.024683
0.026977
0.013614
0.047698
-0.004661
0.038283
0.052465
0.065920
0.032567
0.018454
0.020968
0.058506
0.043547
0.030129
0.037469
0.082760
0.018583
0.041984
0.053381
0.051282
0.023514
0.026102
0.047103
0.058718
0.044142
0.017130
0.050168
0.084789
0.059235
0.031099
0.057479
0.084901
0.074808
0.084563
0.080519
0.085853
0.062833
0.098001
0.097197
0.086186
0.081405
0.040039
0.102138
0.140346
0.096357
0.070958
0.088685
0.080937
0.076219
0.083279
0.086829
0.092988
0.091411
0.082343
0.105023
0.093056
0.053600
0.066551
0.127410
0.089371
0.093089
0.104128
0.056122
0.072284
0.051342
0.058256
0.102887
0.074804
0.037080
0.044235
0.068228
0.070195
0.058739
0.047263
0.050489
0.066908
0.051664
0.065221
0.047784
0.071963
0.003756
0.033504
0.085367
0.038683
0.030248
0.068257
0.059340
0.080006
0.025358
0.031875
0.055600
0.071727
0.063613
0.080154
0.094500
0.077409
0.063194
0.107044
0.042955
0.073328
0.077458
0.066137
0.078123
0.094973
0.049654
0.069391
0.091561
0.096983
0.088067
0.076150
0.108206
0.107186
0.079792
0.121842
0.085113
0.129718
0.106735
0.123464
0.108488
0.098428
0.138266
0.096525
0.181251
0.215630
0.166077
0.184561
0.156796
0.166017
0.186226
0.199926
0.164061
0.140265
0.138291
0.146826
0.202045
0.216336
0.164728
0.143004
0.171716
0.191973
0.214099
0.205671
0.172388
0.161255
0.165577
0.215969
0.140926
0.200583
0.155868
0.159059
0.200231
0.223629
0.180762
0.194062
0.247200
0.212929
0.210142
0.207643
0.210350
0.183615
0.236300
0.209790
0.212986
0.240131
0.202046
0.230324
0.192478
0.271442
0.240786
0.273397
0.302402
0.275377
0.271245
0.298198
0.255276
0.276675
0.258526
0.286134
0.257504
0.284304
0.280400
0.313819
0.245798
0.363856
0.281250
0.364937
0.378809
0.355368
0.357324
0.382677
0.339322
0.359375
0.401368
0.385924
0.411610
0.408049
0.380388
0.401795
0.469697
0.444007
0.424250
0.471569
0.436492
0.497526
0.470214
0.519508
0.466153
0.504711
0.540260
0.542770
0.455932
0.519737
0.477339
0.510437
0.521007
0.539554
0.529456
0.550831
0.536749
0.594958
0.538476
0.538175
0.554059
0.557109
0.562706
0.560803
0.521672
0.512705
0.497761
0.475212
0.567662
0.558568
0.457090
0.522888
0.580294
0.580176
0.553229
0.564029
0.563917
0.551829
0.581677
0.543115
0.555867
0.563143
0.491455
0.513803
0.523234
0.548347
0.518384
0.538863
0.534547
0.593960
0.511710
0.575068
0.559758
0.496141
0.534107
0.483133
0.484557
0.495183
0.426988
0.384822
0.455948
0.468374
0.397169
0.430762
0.399595
0.465917
0.402494
0.428891
0.379814
0.382412
0.362456
0.392086
0.302297
0.346451
0.350733
0.344626
0.379600
0.407750
0.315230
0.352281
0.406813
0.358534
0.361783
0.335780
0.349263
0.336139
0.337342
0.363896
0.293324
0.303775
0.244349
0.285851
0.322274
0.352787
0.220117
0.255435
0.295440
0.298159
0.310369
0.309222
0.295806
0.314967
0.269048
0.291819
0.266745
0.301835
0.321812
0.301878
0.360021
0.329624
0.309087
0.307832
0.399034
0.382630
0.383312
0.375491
0.319261
0.334561
0.381851
0.337244
0.329918
0.331853
0.266141
0.283475
0.320662
0.325304
0.239327
0.244580
0.306142
0.273336
0.264566
0.225073
0.227927
0.182072
0.211458
0.205979
0.227012
0.210858
0.180867
0.187405
0.210455
0.225902
0.199156
0.224333
0.157067
0.233170
0.187794
0.197425
0.156138
0.140916
0.119947
0.133822
0.157670
0.107214
0.054136
0.053735
0.105742
0.115041
0.049482
0.038759
0.086065
0.072881
0.068321
0.051282
0.037151
0.083191
0.011672
0.069451
0.046564
0.065068
0.070521
0.042826
0.048607
0.078471
0.009730
0.030447
0.058057
0.055528
0.064017
0.030500
0.048470
0.062910
0.005510
0.040748
0.058440
0.061512
0.016762
0.062224
0.058259
0.073455
0.045100
0.054870
0.050017
0.064110
0.050713
0.071229
0.039263
0.073754
0.054085
0.046494
0.137502
0.072272
0.029933
0.036713
0.073595
0.071879
0.050780
