0.071283
0.004915
0.055795
-0.033319
0.036280
0.070557
0.117512
-0.045626
0.066883
0.205447
0.023887
-0.028501
0.175724
0.229990
0.057968
-0.052601
0.095102
0.214775
0.041129
0.166677
0.080824
-0.023831
0.148144
0.168118
0.076143
0.050448
0.065185
0.041535
0.036722
0.048425
-0.007272
0.032065
-0.034270
0.040064
0.107695
-0.006683
0.021474
0.017339
0.056682
0.055566
0.044288
0.138838
0.130455
0.087756
0.054593
0.106477
0.039018
0.112483
0.093165
0.203077
0.034801
0.144891
0.156305
0.186691
0.090956
0.206628
0.105731
0.189079
0.065838
0.078856
0.108005
0.160725
0.078204
0.078308
-0.018168
0.198176
0.121221
0.169860
0.130780
0.110409
0.245428
0.094055
0.129015
0.125782
0.017568
0.067811
0.132984
-0.024768
-0.002519
0.012661
-0.050774
-0.035606
-0.041738
-0.038225
0.003804
-0.010169
0.066873
0.034084
0.091047
0.031191
0.099346
0.002678
-0.006126
-0.115494
0.035262
0.058144
-0.033122
0.125423
0.055464
-0.008316
0.159906
0.070256
0.104341
0.032787
0.109688
0.076550
0.102025
0.050702
0.090278
-0.010260
0.031983
0.066457
0.092075
0.053551
-0.006372
-0.016990
0.038597
0.077164
0.089129
0.131253
0.084858
-0.054273
0.048075
0.095282
0.084537
0.009007
0.095946
0.045875
0.122511
0.110854
-0.012963
-0.049727
0.062375
0.008125
0.076498
0.021430
-0.016306
0.047729
0.057874
0.036962
0.110946
0.064471
0.079559
0.104779
0.206191
0.058936
0.009984
0.051530
0.188784
0.140137
0.233771
0.183573
0.157081
0.113482
0.097708
0.125955
0.133170
0.043447
0.047661
0.007660
0.064187
0.149067
-0.021876
0.087785
0.105762
0.068502
0.106035
0.049284
0.092710
0.127673
0.088513
0.016763
0.084491
0.031025
0.174026
0.188615
0.014938
-0.023393
-0.010695
-0.003662
-0.035015
0.103605
-0.017853
0.012581
0.124179
0.124537
0.029016
-0.012840
0.073613
0.051333
0.047630
-0.023302
0.065169
0.005291
0.095410
0.020069
-0.018325
0.044059
0.015071
0.098089
0.212638
0.196719
-0.049402
0.094722
0.147824
0.058033
0.275233
0.087051
0.060950
0.084592
0.051489
0.058221
0.050441
0.097271
0.100064
0.079495
0.033482
0.162266
-0.019282
0.018782
0.067995
-0.028026
0.018193
0.062171
0.127088
0.145711
0.077013
0.082164
0.017965
0.249182
0.109424
0.060141
0.082015
0.225175
0.124597
0.192493
0.249791
0.082083
0.016606
0.173736
0.049851
0.127796
-0.019673
0.117832
0.146547
0.087713
0.125630
0.276238
0.142692
0.260416
0.246513
0.263598
0.301097
0.236283
0.053641
0.122550
0.117894
0.116818
0.034561
-0.039539
0.144432
0.129735
0.062845
0.218435
0.233814
0.307785
0.278723
0.179066
0.079074
0.163086
0.230432
0.220198
0.288271
0.135672
0.185452
0.100138
0.040285
0.271253
0.108429
0.196800
0.089039
0.203840
0.092726
0.161101
0.123850
0.000657
0.096145
0.097388
0.103531
0.084387
0.029105
0.018310
0.062164
0.077042
0.000158
0.050550
0.141011
0.107522
0.073271
0.022519
0.069115
0.133582
0.049320
0.037496
-0.001194
-0.001057
0.130956
0.137907
0.007092
0.233336
0.104980
0.200008
0.114727
0.104735
0.002215
0.128655
0.166972
0.041336
-0.004347
0.060493
-0.009191
-0.002541
0.181144
0.161911
0.057816
0.091835
0.046191
0.157183
0.117911
0.061655
0.066369
0.152995
0.084368
0.016688
0.098482
0.166731
0.075423
0.135909
0.113837
0.229937
0.091400
0.233128
0.023963
0.281225
0.245916
0.486407
0.407642
0.608382
0.401625
0.510376
0.392369
0.616310
0.623742
0.556981
0.650944
0.694423
0.632419
0.784432
0.605251
0.747838
0.571916
0.563845
0.556507
0.694803
0.499403
0.687963
0.517499
0.675260
0.591278
0.529809
0.477639
0.620045
0.643384
0.707352
0.389235
0.734064
0.664498
0.563251
0.540598
0.576438
0.509287
0.596528
0.375302
0.716754
0.692328
0.688826
0.648204
0.596788
0.703522
0.496690
0.476412
0.697102
0.706760
0.577987
0.421227
0.260498
0.334011
0.468647
0.428116
0.317513
0.343280
0.108707
0.123047
0.276195
0.137186
0.145471
0.176728
0.095983
0.082265
0.047517
0.067944
-0.013811
0.146937
0.043231
0.117289
0.075369
0.199797
0.292331
0.162250
0.195784
0.305787
0.359836
0.055735
0.269323
0.208760
0.323754
0.161597
0.307777
0.130356
0.469908
0.327572
0.570153
0.534424
0.475103
0.421225
0.327681
0.472471
0.350646
0.197191
0.323747
0.207803
0.175299
0.199240
0.192052
0.182816
0.253004
0.044212
0.288094
0.166528
0.347945
0.355610
0.374400
0.267498
0.366667
0.285928
0.418026
0.252616
0.385208
0.388424
0.625256
0.445392
0.664606
0.664233
0.762250
0.693416
0.575794
0.594306
0.538567
0.654362
0.725569
0.586486
0.674899
0.619169
0.627783
0.547899
0.690355
0.584956
0.719052
0.624613
0.842625
0.678702
0.735801
0.778875
0.524449
0.608101
0.542174
0.385510
0.260566
0.261713
0.265071
0.193588
0.281805
0.339623
0.289307
0.268851
0.318806
0.208979
0.243616
0.059758
0.163370
0.208007
0.129320
0.317891
0.304469
0.337235
0.277640
0.150854
0.233371
0.214331
0.241746
0.047971
0.131506
0.131621
0.093621
0.052295
0.150568
0.072344
0.009605
0.118404
0.203144
0.149111
0.221504
0.227259
0.282577
0.319628
0.354023
0.126559
0.491287
0.287985
0.364349
0.340715
0.295759
0.326121
0.351294
0.320135
0.448498
0.246924
0.330594
0.330618
0.550610
0.451578
0.595208
0.423600
0.723108
0.680370
0.625917
0.643298
0.585371
0.533480
0.702811
0.660699
0.773467
0.729516
0.521090
0.607994
0.650431
0.481057
0.641475
0.519000
0.454319
0.323345
0.370015
0.299932
0.475243
0.392163
0.492922
0.495051
0.430777
0.359276
0.590340
0.605511
0.695745
0.538024
0.572798
0.427746
0.634479
0.369668
0.518940
0.550599
0.585952
0.408814
0.693209
0.545338
0.764426
0.801298
0.622322
0.553359
0.557363
0.472620
0.512694
0.304971
0.448930
0.333401
0.212581
0.199966
0.333287
0.175134
0.371963
0.067668
0.354113
0.193551
0.233631
0.269956
0.196548
0.198272
0.216523
0.158704
0.311430
0.398995
0.338935
0.269310
0.279523
0.331741
0.298716
0.129101
0.311045
0.218556
0.293032
0.258212
0.381707
0.238265
0.443882
0.293531
0.553407
0.455688
0.397816
0.352566
0.443151
0.338452
0.397246
0.291918
0.457466
0.372868
0.280561
0.363283
0.247881
0.298976
0.348191
0.213015
0.310931
0.236529
0.304574
0.147304
0.180550
0.233530
0.200795
0.052165
0.160092
0.071807
0.187864
0.192408
0.262233
0.161116
0.151022
-0.024911
0.361069
0.136304
0.231926
0.215454
0.252620
0.201238
0.325330
0.159778
0.322065
0.238266
0.313373
0.168991
0.231951
0.142398
0.038769
0.069534
0.170517
0.054313
0.234316
0.123500
0.139181
0.052825
0.135671
0.078367
0.070408
0.087994
0.116615
0.085702
0.147845
0.178249
0.070029
0.180434
0.041081
0.070671
0.051316
0.083246
0.169359
0.041587
0.093541
-0.047082
0.086823
0.091484
0.031824
0.089325
-0.077682
-0.049569
0.124875
0.090807
0.125906
0.188381
0.122009
0.023721
0.050193
0.098558
0.178126
0.031459
0.069566
0.051578
0.067515
0.054265
0.156863
0.016272
0.012289
0.122480
0.105003
0.071414
0.210019
0.128229
0.204382
0.016357
0.128061
0.103923
0.108228
0.021584
0.150562
0.092249
0.232058
0.202928
-0.014244
0.107219
0.225529
0.131108
0.131391
0.145481
0.017139
0.108580
0.156582
0.172409
0.216345
0.242481
0.299515
0.350015
0.377429
0.362004
0.408352
0.224886
0.501039
0.468592
0.459716
0.519509
0.547112
0.455089
0.522735
0.360061
0.494036
0.501211
0.567100
0.474305
0.175568
0.253960
0.376278
0.269723
0.630277
0.560881
0.652323
0.583725
0.668720
0.580144
0.621628
0.545447
0.594353
0.609762
0.581512
0.524988
0.353433
0.259181
0.403830
0.425318
0.600742
0.414411
0.305607
0.539279
0.533694
0.396720
0.432852
0.143255
0.131047
0.106259
0.122629
0.093022
0.190411
0.208176
0.197889
0.164787
0.218798
0.164431
0.200460
0.191380
0.289689
0.234926
0.437724
0.353981
0.607948
0.411341
0.522576
0.439353
0.617865
0.332975
0.727628
0.549772
0.721382
0.575639
0.727946
0.748531
0.829693
0.840031
0.830019
0.706606
0.763840
0.620803
0.727771
0.810416
0.873177
0.825549
0.890630
0.844224
0.925621
0.867499
0.932766
0.864938
0.918074
0.914158
0.905410
0.881695
0.836850
0.816684
0.771879
0.801586
0.594168
0.526810
0.540739
0.571132
0.416582
0.363726
0.571020
0.554574
0.604903
0.628570
0.631336
0.603094
0.663211
0.666313
0.569839
0.471643
0.520882
0.359093
0.449672
0.449747
0.473821
0.463744
0.453426
0.498999
0.394761
0.363478
0.510999
0.316553
0.344733
0.382017
0.344837
0.296723
0.624273
0.483562
0.684167
0.583789
0.874940
0.788320
0.831652
0.845279
0.778571
0.762676
0.730027
0.646179
0.788139
0.756774
0.811015
0.746871
0.882202
0.780877
0.829106
0.828287
0.788379
0.746891
0.706217
0.764311
0.671784
0.679067
0.717887
0.612188
0.668142
0.467471
0.551177
0.517160
0.499078
0.534446
0.680021
0.631981
0.718266
0.783692
0.706247
0.580683
0.650969
0.533000
0.781809
0.542280
0.683225
0.651089
0.683181
0.650921
0.627744
0.496575
0.475792
0.444338
0.515174
0.363203
0.520197
0.342802
0.215125
0.379998
0.288910
0.230310
0.432794
0.200058
0.495540
0.507274
0.470442
0.428012
0.519892
0.415061
0.542652
0.551657
0.582681
0.559555
0.440109
0.354629
0.652749
0.421119
0.644407
0.598341
0.498275
0.600894
0.464535
0.407612
0.493086
0.363782
0.658003
0.484050
0.428723
0.298156
0.352973
0.368749
0.463077
0.358682
0.456505
0.260313
0.194955
0.205720
0.200067
0.144877
0.014198
0.162202
0.093888
0.043441
0.017361
0.036388
0.054639
-0.003763
-0.119522
0.066059
0.119537
0.032086
-0.014190
0.096503
0.098802
-0.009713
0.043415
0.081340
0.153139
-0.043496
0.035472
-0.064102
0.033821
0.059872
0.000951
0.003197
-0.031454
0.050838
-0.027645
0.022603
-0.025743
0.075420
0.194397
0.143087
0.026172
0.024951
0.145811
0.023571
0.239300
0.082211
0.002733
0.017177
0.127994
0.096563
0.163115
0.092120
0.314702
0.049388
0.067795
0.163051
-0.026209
