0.065303
0.044035
0.098089
0.015947
0.118394
0.129961
0.139269
0.099279
0.048711
0.017115
0.063252
0.024950
0.080048
-0.073545
0.072493
0.085517
0.090121
-0.109600
-0.059491
0.021069
0.016734
0.107179
-0.003291
0.125422
0.111431
0.056325
0.047020
0.016021
0.149942
0.143136
0.087433
0.050110
0.021911
0.182274
-0.032384
0.192990
0.125882
0.064934
0.061833
0.092622
0.044840
0.080943
0.064976
0.106534
0.035265
0.156532
0.163332
0.161590
0.048947
0.106934
-0.013331
0.190353
0.002406
0.040462
0.161946
0.088781
0.049576
0.058162
0.091888
0.162479
0.008493
0.014564
0.139353
0.276336
0.144077
0.120211
0.119886
0.177991
0.223779
0.203929
0.114612
0.207603
0.326591
0.279266
0.124091
0.302980
0.292605
0.378571
0.296926
0.396363
0.349346
0.341123
0.167998
0.289984
0.297980
0.403297
0.163280
0.516754
0.230628
0.274757
0.281119
0.081446
0.281960
0.233037
0.194097
0.214220
0.282105
0.087602
0.141962
0.147473
0.125963
0.234427
0.025426
0.168914
0.044572
0.078282
0.009119
0.096173
0.034960
0.146800
0.080311
0.154167
0.096226
-0.029183
-0.079968
0.059931
0.050246
0.003774
0.023524
0.117178
0.041282
-0.068190
0.013495
0.037535
0.092773
0.006154
0.040416
0.094499
0.056761
0.107858
-0.030869
0.169665
0.114099
0.077960
0.097027
0.066444
0.016524
0.057436
0.083662
0.227214
0.133869
0.137672
0.106716
0.128802
0.116171
0.107557
0.096898
0.091378
0.179951
0.000763
0.126753
0.022260
0.123310
0.130193
0.067739
0.021515
-0.001419
0.115198
0.069153
0.142701
0.113398
-0.001597
0.055341
0.054094
0.060148
0.057193
0.012641
0.085153
0.092105
0.052668
0.014709
-0.017569
0.200211
0.117751
0.101108
0.098868
0.106418
0.151148
0.105737
0.072544
0.064141
0.156386
0.072291
0.082966
0.115617
0.106627
0.057322
0.196543
0.199296
0.282399
0.301648
0.515601
0.375740
0.447804
0.319906
0.286943
0.132228
0.239695
0.224029
0.143463
0.126163
0.132932
0.184895
0.135106
0.174973
0.097690
-0.030399
0.085275
0.122959
0.046971
0.006585
0.053898
0.025664
0.112916
-0.065758
0.142840
0.080479
0.112974
0.104566
0.082140
0.128124
0.152892
0.055887
0.252737
0.164777
0.080146
0.024800
0.161584
-0.053916
0.047395
-0.018084
0.121837
-0.026253
0.067164
0.064341
-0.039539
0.122776
0.226298
0.189086
0.114829
0.140670
0.159655
0.047674
-0.009123
0.083054
0.129462
0.097146
0.137037
0.152292
0.092797
-0.006724
0.095678
0.045824
0.324623
0.162902
0.139689
0.124958
0.091306
0.118599
0.174496
0.081508
0.123062
0.006927
0.078639
0.095727
-0.074423
-0.053587
-0.107308
0.089694
0.232372
-0.001183
0.128971
0.110564
0.148119
0.161852
0.206389
0.077826
0.058191
0.224127
0.180007
0.098303
0.122537
0.060311
0.104801
0.060343
0.094469
0.035945
0.044799
-0.082369
0.075205
-0.008424
0.058499
0.005389
0.090183
0.038662
0.075021
0.049363
-0.033852
-0.059412
0.116695
-0.069271
-0.077216
-0.026434
-0.040416
0.043183
0.023983
0.059923
0.123490
0.041801
-0.024134
-0.012584
0.112825
0.041501
-0.042990
0.138127
0.010364
-0.023934
0.152556
0.067240
0.114541
0.100974
-0.074802
0.139821
0.156462
-0.004671
0.180044
0.054186
0.060415
-0.016439
0.039062
0.043744
-0.012151
0.113215
0.058861
0.052606
0.085082
0.038476
0.107027
0.160752
0.067770
-0.023343
-0.016654
0.050734
0.041610
0.094397
0.119063
0.034702
0.223291
0.280089
0.141567
0.110358
0.239870
0.049561
0.083687
0.110763
0.070486
0.043239
0.187221
0.104163
0.080383
0.102565
0.043846
0.153471
0.138088
0.054049
0.115611
0.019076
0.141494
0.035364
0.035160
-0.096032
0.103908
-0.018107
-0.040682
-0.040215
0.098414
0.157793
-0.075620
0.122180
0.243403
0.023467
0.122966
0.138858
0.185486
0.115437
0.128418
0.241392
0.224392
0.140521
0.211840
0.025849
0.054224
0.133469
0.141048
0.101110
0.098087
0.114871
0.181661
0.203871
0.267071
0.291231
0.270378
0.260867
0.343184
0.267478
0.287927
0.251041
0.120699
0.150839
0.081416
0.080832
0.213380
-0.122970
0.148948
0.080659
0.030435
0.034136
0.028058
0.049994
0.196590
0.110631
0.188925
0.258115
0.408904
0.206649
0.267106
0.273294
0.221170
0.237425
0.328894
0.214194
0.417608
0.497123
0.520202
0.508672
0.529712
0.511954
0.321729
0.223572
0.279520
0.111862
0.289299
0.132166
0.198924
0.230638
0.325811
0.092965
0.174938
-0.009894
0.189706
-0.011957
0.336145
0.302233
0.244690
0.055277
0.197586
0.082532
0.183896
0.110596
0.271818
0.296729
0.382325
0.389865
0.550717
0.378873
0.348888
0.285817
0.453786
0.335048
0.338561
0.263135
0.349795
0.342849
0.358055
0.490719
0.442462
0.210173
0.323675
0.162016
0.400735
0.290136
0.382667
0.461300
0.537900
0.479542
0.623703
0.379272
0.745691
0.585651
0.533774
0.412112
0.646004
0.290728
0.434239
0.156029
0.288592
0.196179
0.124021
0.003582
0.129025
0.200174
0.193289
0.132045
0.256278
0.138933
0.221936
0.017467
0.131971
0.121280
0.086530
0.043539
0.155982
0.050406
0.163001
0.042476
0.135484
0.060167
0.093912
0.013981
0.274078
0.004446
0.218705
0.077879
0.163676
0.214919
-0.027768
0.225924
0.320775
0.294166
0.273250
0.447366
0.287340
0.348734
0.465537
0.319018
0.587611
0.491908
0.414505
0.412947
0.202694
0.248281
0.114388
0.143312
0.212446
0.072104
0.206281
0.214757
0.112784
0.176447
0.267605
0.312817
0.358223
0.347877
0.364962
0.364761
0.437984
0.425240
0.576862
0.538894
0.638283
0.644344
0.642475
0.685541
0.772894
0.763492
0.822673
0.750134
0.903722
0.852164
0.858352
0.839337
0.847655
0.808810
0.847630
0.744981
0.884575
0.834926
0.884455
0.752937
0.723005
0.769128
0.834443
0.855989
0.903734
0.898331
0.951721
0.916498
0.968690
0.942807
0.969933
0.944047
0.982132
0.973634
0.977398
0.976519
0.959814
0.946242
0.966045
0.944559
0.956516
0.952228
0.919924
0.935138
0.941259
0.908776
0.940743
0.840101
0.891748
0.807999
0.845223
0.817693
0.802609
0.784717
0.832598
0.777302
0.854504
0.857874
0.849749
0.799371
0.853782
0.771813
0.894866
0.789710
0.880515
0.793990
0.786279
0.793298
0.728406
0.762041
0.825034
0.739092
0.796150
0.781984
0.863156
0.793204
0.885321
0.823031
0.936575
0.838781
0.963390
0.945800
0.959920
0.973959
0.961795
0.947744
0.933485
0.909415
0.923547
0.931492
0.930339
0.890469
0.922917
0.898246
0.948738
0.904298
0.940954
0.911157
0.863394
0.864134
0.830357
0.822266
0.893346
0.783830
0.861151
0.769675
0.650829
0.833839
0.808384
0.805040
0.848680
0.798812
0.860677
0.748848
0.875039
0.759554
0.774609
0.716614
0.743547
0.636841
0.755507
0.750879
0.681027
0.671212
0.714958
0.642154
0.792937
0.759454
0.806186
0.796729
0.797035
0.754995
0.795182
0.725157
0.666559
0.496799
0.684721
0.543532
0.498169
0.458310
0.529486
0.474580
0.449932
0.412899
0.524245
0.380999
0.563993
0.444267
0.670518
0.686216
0.727884
0.552480
0.618772
0.633465
0.823174
0.836247
0.880365
0.884145
0.898466
0.845715
0.946423
0.885424
0.841176
0.804891
0.410059
0.589670
0.619881
0.562089
0.643948
0.703505
0.547263
0.478551
0.474414
0.335274
0.348748
0.223050
0.173321
0.217805
0.151496
0.177320
0.092741
0.043387
0.087472
-0.041057
0.019388
0.008306
0.062398
0.137984
0.032091
-0.050935
0.055102
0.022367
0.058541
0.018882
-0.112069
-0.097356
0.049666
-0.048592
0.086601
0.061331
0.027418
0.008534
-0.153962
0.023840
0.008947
-0.113149
0.041794
0.022048
-0.002506
0.129909
-0.164736
0.035514
0.180198
-0.061991
0.089596
0.010790
0.047049
0.085728
-0.042564
-0.043845
0.085101
0.062195
0.069667
0.110718
-0.052844
0.065027
0.100839
0.270764
0.205076
0.097542
0.061904
-0.013171
0.166788
0.150051
0.114137
0.064778
0.062749
0.041069
0.083658
-0.095520
0.204630
0.036147
0.236452
0.140768
0.300598
0.337647
0.155255
0.233316
0.362894
0.239610
0.290363
0.274888
0.584407
0.522812
0.595566
0.547654
0.481352
0.358600
0.564655
0.536243
0.569535
0.400301
0.474225
0.396687
0.694459
0.577666
0.432249
0.492054
0.426542
0.341584
0.376099
0.231160
0.456995
0.389850
0.689581
0.672187
0.723573
0.698231
0.698212
0.659515
0.750224
0.708694
0.660524
0.494260
0.503223
0.454069
0.604994
0.495175
0.783501
0.642312
0.644674
0.630759
0.588088
0.562719
0.682135
0.687344
0.569074
0.434901
0.408045
0.459181
0.649458
0.664231
0.649722
0.454595
0.695636
0.568883
0.627237
0.386470
0.450909
0.364670
0.585899
0.566464
0.591605
0.571355
0.532435
0.441427
0.539900
0.361967
0.503121
0.463602
0.549456
0.529771
0.417670
0.407952
0.395083
0.381498
0.346207
0.408062
0.358306
0.349300
0.303425
0.169539
0.260883
0.259002
0.253333
0.103003
0.103903
0.052879
0.104585
0.066749
0.110836
0.076323
0.134598
0.150406
0.225794
0.152004
0.073251
0.107111
0.199641
0.146949
0.150723
-0.070962
0.235112
0.106314
0.127811
0.022188
0.159186
0.095934
0.067698
0.104637
0.162473
0.151240
0.170505
0.082881
0.086210
-0.084559
0.052927
0.027671
0.180964
0.081153
0.169780
-0.015998
0.090308
0.081224
0.039885
0.038262
0.136161
0.110001
0.204788
0.066909
0.134440
0.191403
0.218232
0.070332
0.260316
-0.025312
0.353312
0.156654
0.313338
0.200099
0.350613
0.302907
0.417932
0.364516
0.319419
0.358307
0.436032
0.376616
0.374721
0.230815
0.411956
0.348374
0.391887
0.246501
0.268210
0.199404
0.240061
0.224919
0.190889
0.088829
0.081691
0.017372
0.064697
-0.021809
0.063321
0.076779
-0.016673
0.007530
0.076725
0.060245
0.060106
-0.022063
0.093102
0.075864
-0.031030
0.032173
-0.052460
0.080259
0.055623
0.095358
0.147104
0.146276
0.034193
0.013480
0.027716
0.064702
-0.065000
0.109189
0.051697
0.118211
0.097934
0.106627
0.063356
0.046920
0.059247
0.002064
0.153216
0.018818
0.199713
0.081686
0.152295
0.066757
0.133862
0.234824
0.226386
0.225864
0.177492
0.059785
0.154593
0.262817
0.277879
0.147594
0.185031
0.200888
0.002482
