0.069577
0.250199
0.151396
0.218563
0.257485
0.108014
0.224312
0.225459
0.176180
0.209214
0.193533
0.296714
0.215081
0.300675
0.284131
0.403628
0.249013
0.133468
0.226278
0.202576
0.268721
0.167360
0.072741
0.171645
0.107712
0.215888
0.201392
-0.023820
0.167113
0.112286
0.090765
0.056602
-0.024819
-0.092491
-0.075221
-0.016301
-0.056303
-0.044797
-0.013052
0.090825
0.028435
0.129500
0.116793
0.042261
0.110676
0.168562
-0.030704
0.101083
0.117114
0.033455
0.142828
0.042859
0.169717
0.067547
0.017827
0.228027
0.127260
0.182479
0.092336
0.119531
0.146566
0.275064
0.028193
0.302278
0.164474
0.284562
0.165265
0.287071
0.225046
0.262546
0.284841
0.120143
0.079731
0.205957
0.109199
0.189227
0.285690
0.103360
0.090979
0.169965
0.082504
0.089497
0.048214
0.052234
0.057397
0.108722
0.072688
0.170960
0.183007
0.149316
0.077659
0.184737
0.085565
0.234131
-0.010885
0.181896
0.031474
0.113434
0.021040
0.227241
0.038646
0.044922
-0.114022
-0.011865
0.031268
0.025927
0.028622
0.178054
-0.047804
0.060944
-0.062772
0.008770
0.003787
-0.149650
0.040809
0.025591
-0.008311
0.033900
0.020441
0.125794
0.036562
0.194640
0.177529
0.204143
0.135373
0.205589
0.044774
0.376672
-0.023101
0.121836
0.062970
0.130791
0.099204
0.110690
0.121041
0.084649
0.093875
0.161750
0.066370
-0.014757
-0.029682
0.047699
0.135155
0.130581
-0.026971
0.077614
0.144639
0.064533
0.195270
0.093900
0.115820
0.117136
0.011586
0.159958
0.086121
0.081347
0.050458
0.019421
-0.051337
0.158700
0.186599
0.087511
-0.051768
0.065482
-0.080226
0.059864
-0.069020
0.032356
0.071070
0.056904
0.044293
-0.009143
0.054216
0.070859
0.051330
0.199361
-0.010944
0.121427
0.081115
0.091022
-0.018333
0.139979
0.065021
0.069760
0.117042
0.079895
0.026448
-0.167622
0.110394
0.095790
0.049634
-0.034076
-0.026603
0.059680
-0.043471
-0.011103
0.054299
0.104297
0.106731
-0.056510
-0.011996
-0.036940
-0.063533
-0.142340
-0.055867
0.092752
0.061166
0.228345
0.132524
-0.048537
-0.023041
0.038721
0.084481
-0.023916
0.091428
0.061101
0.011665
0.116106
0.026327
0.154178
0.006254
0.148220
0.044952
0.062682
-0.019257
0.052326
0.048832
-0.009837
0.065283
0.025071
0.060142
0.173153
0.117758
0.068731
0.114240
-0.092209
0.173849
0.066619
0.050755
-0.042266
0.032772
0.018857
0.126277
0.173892
0.038212
0.189478
0.015701
0.052800
0.125022
0.070784
0.128205
-0.003140
0.013306
0.104751
0.044173
0.165701
-0.051056
0.137530
-0.027204
0.050701
0.102157
0.130892
0.149372
-0.039400
0.074928
0.089125
-0.019553
-0.031960
0.018077
0.051368
0.052141
0.104997
0.111089
0.114196
-0.012097
-0.042911
0.144277
0.231437
0.103240
0.138524
0.157530
0.091135
0.187480
0.140063
-0.009209
0.099366
-0.001522
0.123605
0.072134
-0.005090
0.111499
0.048784
0.075881
0.152492
0.096003
0.248937
0.038264
0.114803
0.132464
0.101196
0.109282
0.166949
-0.042256
0.222581
0.096941
0.201794
0.090562
0.003397
0.051157
0.180831
0.062802
0.332541
0.193995
0.233526
0.299937
0.071250
0.199564
0.221178
0.147249
0.338355
0.200665
0.332491
0.138727
0.240162
0.176741
0.246287
0.183022
0.208744
0.189805
0.360371
0.199532
0.367657
0.330059
0.432962
0.342114
0.452499
0.394898
0.443119
0.421495
0.392157
0.445856
0.529464
0.493099
0.683706
0.607223
0.440779
0.432608
0.483571
0.387782
0.543955
0.252501
0.360620
0.157923
0.224712
0.261072
0.195187
0.227841
0.123069
0.026730
0.182655
0.250973
0.038119
0.090327
0.094713
0.216606
0.256072
0.049288
0.134097
-0.006615
0.048183
0.111245
0.233801
0.200878
0.197763
0.212313
0.328064
0.216938
0.158862
0.163021
0.077120
0.174533
0.355286
0.359732
0.519950
0.500392
0.554395
0.561841
0.665685
0.535264
0.792367
0.693319
0.786006
0.696738
0.770779
0.668029
0.792646
0.652536
0.851045
0.766084
0.945088
0.877691
0.902175
0.866920
0.856719
0.808897
0.883588
0.845117
0.748763
0.796282
0.666112
0.627371
0.617040
0.507390
0.657573
0.507265
0.556964
0.570560
0.570188
0.559824
0.645598
0.561910
0.601376
0.544932
0.736047
0.539824
0.776900
0.669559
0.773762
0.722781
0.795261
0.746011
0.855525
0.799222
0.806614
0.841662
0.837239
0.775915
0.862000
0.804938
0.825384
0.770974
0.719596
0.661449
0.591605
0.499954
0.473744
0.175469
0.408347
0.352524
0.315235
0.429681
0.336906
0.222141
0.123118
0.158454
0.116296
0.192691
0.072534
0.055906
0.218368
0.112166
0.251301
0.204834
0.300331
0.232926
0.301065
0.238118
0.329851
0.268452
0.404185
0.291439
0.342791
0.263464
0.353487
0.390156
0.440499
0.376370
0.424113
0.405444
0.409807
0.380046
0.421369
0.462448
0.628488
0.604298
0.773004
0.472603
0.834991
0.787958
0.773128
0.811654
0.815668
0.772348
0.872827
0.846571
0.923222
0.913516
0.853546
0.875448
0.893568
0.856398
0.897119
0.627596
0.833231
0.690185
0.801284
0.775746
0.838710
0.835006
0.949589
0.957542
0.977391
0.968585
0.958744
0.945010
0.938828
0.925785
0.939035
0.934139
0.911727
0.913779
0.916163
0.857379
0.877737
0.847243
0.858058
0.895469
0.845665
0.895990
0.851004
0.884028
0.925157
0.921013
0.930539
0.770140
0.932089
0.915138
0.965767
0.943654
0.951363
0.951112
0.976973
0.954123
0.986977
0.971826
0.969824
0.962913
0.916848
0.925518
0.947232
0.922368
0.930837
0.871753
0.901209
0.871386
0.925745
0.905229
0.938250
0.915497
0.943396
0.884360
0.863835
0.779877
0.824891
0.819364
0.840553
0.686007
0.782070
0.727828
0.776539
0.719671
0.808871
0.612128
0.680833
0.569336
0.637073
0.586074
0.551301
0.488021
0.561105
0.430951
0.736339
0.601527
0.718176
0.700339
0.723802
0.606674
0.707613
0.734082
0.759675
0.660759
0.754095
0.584765
0.677931
0.736544
0.819325
0.774552
0.834870
0.821079
0.864979
0.696915
0.856840
0.742456
0.885545
0.794523
0.853256
0.847119
0.901063
0.856021
0.875425
0.824315
0.805844
0.802069
0.860615
0.766093
0.890832
0.859036
0.902389
0.857002
0.894499
0.893275
0.937216
0.923188
0.902177
0.893390
0.911620
0.911075
0.940201
0.925194
0.943562
0.944990
0.980108
0.975528
0.970700
0.941418
0.950816
0.913147
0.959653
0.908407
0.940664
0.907471
0.890370
0.867700
0.822109
0.793889
0.864833
0.765502
0.791321
0.747261
0.791684
0.795363
0.747423
0.643563
0.807920
0.619514
0.729691
0.699498
0.702973
0.728372
0.837997
0.754388
0.801570
0.681645
0.786217
0.701936
0.852654
0.792382
0.796172
0.742331
0.875886
0.848229
0.922862
0.883302
0.941076
0.924360
0.951795
0.948917
0.948209
0.894943
0.931266
0.944692
0.913013
0.901943
0.927289
0.821862
0.917744
0.914748
0.947434
0.896021
0.896168
0.886280
0.933765
0.869275
0.946410
0.866912
0.915025
0.831220
0.894324
0.879422
0.883628
0.865670
0.851850
0.887854
0.914981
0.863281
0.876174
0.830296
0.835466
0.806209
0.851955
0.756853
0.781225
0.769743
0.854607
0.737250
0.804322
0.661297
0.735969
0.661808
0.801518
0.809148
0.844265
0.768616
0.865644
0.825818
0.884573
0.746410
0.916203
0.789664
0.859108
0.813731
0.776481
0.638245
0.752969
0.743785
0.821078
0.796783
0.786156
0.789643
0.822102
0.810205
0.810162
0.609270
0.819383
0.721493
0.753541
0.679164
0.789352
0.703342
0.888542
0.872991
0.911062
0.920841
0.910333
0.935921
0.958815
0.921972
0.954760
0.942022
0.922179
0.901172
0.913576
0.839376
0.912372
0.863853
0.857898
0.829997
0.820388
0.720766
0.719006
0.700755
0.671038
0.674480
0.671994
0.612648
0.767198
0.603286
0.720525
0.639586
0.603557
0.708101
0.675049
0.582941
0.749943
0.680741
0.849768
0.835294
0.860041
0.808072
0.807541
0.708751
0.786279
0.809016
0.853772
0.811012
0.822192
0.758340
0.772008
0.754279
0.832918
0.748686
0.745994
0.748975
0.754118
0.701071
0.845585
0.786532
0.802814
0.736254
0.592946
0.562294
0.539742
0.452125
0.551066
0.338957
0.331641
0.225219
0.256211
0.416805
0.387280
0.327281
0.715935
0.560052
0.683770
0.712458
0.756817
0.649714
0.713915
0.740265
0.560443
0.596133
0.640471
0.485455
0.459455
0.465277
0.395734
0.513474
0.459219
0.237824
0.400478
0.355191
0.370850
0.097891
0.249071
0.191693
0.269780
0.201318
0.449032
0.178203
0.403352
0.217346
0.348650
0.153951
0.300603
0.228251
0.322783
0.225208
0.381643
0.356303
0.395568
0.334201
0.473112
0.367105
0.627007
0.576858
0.578708
0.651441
0.545336
0.484416
0.702483
0.526028
0.669252
0.677873
0.546697
0.642794
0.655281
0.507629
0.552006
0.602579
0.588963
0.440150
0.630935
0.623273
0.804030
0.788113
0.868095
0.843506
0.888104
0.831153
0.880922
0.780311
0.797812
0.737582
0.719624
0.562530
0.785940
0.721684
0.725606
0.660618
0.584477
0.690227
0.595304
0.402552
0.568241
0.505516
0.362768
0.309238
0.450891
0.484951
0.658672
0.453942
0.612828
0.573437
0.563889
0.648633
0.653315
0.615719
0.746370
0.591494
0.695912
0.548896
0.708380
0.680699
0.539436
0.576671
0.519220
0.415294
0.589168
0.501183
0.434994
0.460250
0.354743
0.438181
0.356453
0.264356
0.619936
0.534624
0.482227
0.522000
0.318303
0.234908
0.275909
0.210521
0.342178
0.328641
0.387407
0.376478
0.312351
0.336284
0.510258
0.331691
0.515485
0.409795
0.321412
0.244024
0.226908
0.305803
0.243281
0.251588
0.050673
0.043631
0.129063
0.017762
0.040878
-0.055076
0.157148
0.027275
0.070113
0.085668
0.137925
0.051027
0.107836
0.060607
0.064908
0.180690
0.142268
0.086878
0.243498
0.201963
0.312030
0.326064
0.310649
0.112450
0.291822
0.255954
0.197779
0.202282
0.081136
0.138961
0.149385
0.146082
0.115151
0.107104
-0.022205
0.116174
0.150216
-0.015142
0.181219
0.086920
-0.046501
0.013213
0.004899
-0.016086
0.076915
0.037332
0.130535
0.215185
0.103331
0.330030
0.169738
0.219524
0.380176
0.207531
0.208698
0.363197
0.231687
0.126298
0.310678
0.340347
0.462595
0.111165
0.207299
0.237255
0.064727
