0.054370
-0.027683
0.062749
-0.002422
0.082575
0.058435
0.092205
0.019892
0.168832
0.085506
0.046032
0.100502
0.059087
0.158067
0.232463
0.431063
0.357736
0.181383
0.333728
0.189084
0.160906
0.162168
0.160772
0.170321
0.098407
0.132405
0.188591
0.277279
0.119162
0.105778
0.097097
0.164352
0.020863
0.055060
0.130962
0.193103
0.112273
0.094805
0.121851
0.126982
0.194440
0.206355
0.071398
0.109467
0.051553
0.019592
0.086860
0.048099
0.008882
0.119974
0.081254
0.165100
0.034428
0.113505
0.006488
0.176768
0.060402
0.056153
0.107990
0.038780
0.092985
-0.063856
0.012058
0.111777
0.077586
0.115731
0.015811
0.202407
0.111220
0.030466
0.043281
0.106586
0.063262
0.086812
-0.178657
0.069780
-0.083199
0.112371
0.030559
0.076985
-0.053541
-0.059043
-0.035349
0.032687
0.123904
-0.040348
0.069125
0.076439
0.090095
0.186141
-0.034711
0.096054
0.186514
0.101815
0.170211
0.146625
0.097674
0.258503
0.188439
0.115629
0.210166
0.208780
0.139395
0.201492
0.066906
0.248549
0.273408
0.232088
0.305882
0.361482
0.451485
0.453797
0.536010
0.498800
0.468696
0.602272
0.506930
0.473759
0.179476
0.450519
0.420950
0.387820
0.433783
0.202305
0.189924
0.293144
0.221448
0.275797
0.241260
0.460131
0.144803
0.246488
0.212002
0.293740
0.228754
0.195238
0.274568
0.313366
0.260906
0.306417
0.177730
0.260681
0.120659
0.328928
0.115201
0.490405
0.322875
0.349193
0.497045
0.516754
0.470289
0.637874
0.634003
0.667760
0.433645
0.465407
0.465742
0.464830
0.401054
0.421833
0.277018
0.383225
0.265099
0.221049
0.195354
0.357746
0.298451
0.255718
0.094003
0.408949
0.195044
0.068140
0.263641
0.082414
0.095157
0.127342
0.032248
0.285798
0.174201
0.148464
0.160365
0.164436
0.175346
0.299477
0.210815
0.239813
0.140873
-0.042264
0.053831
0.062913
0.051352
0.088555
0.059645
0.075521
0.036137
-0.035433
0.087967
0.075888
0.063287
0.234231
0.184076
0.045012
0.022632
0.165738
0.046833
0.050583
0.016784
0.273115
0.226916
0.230850
0.264862
0.226557
0.234854
0.191679
0.165322
0.101851
0.069537
0.162394
0.219980
0.353751
0.319712
0.405055
0.503899
0.426226
0.472507
0.349641
0.314698
0.342065
0.182216
0.332848
0.247529
0.119843
0.145674
0.200921
0.096009
0.172866
0.007098
0.140107
0.151951
0.027634
0.140308
0.029952
0.049571
0.138990
0.099266
0.128900
-0.002712
-0.005965
0.048299
-0.037231
0.162847
0.119865
0.017483
0.154995
-0.045453
0.116946
-0.055859
0.047742
-0.011213
0.047502
0.068292
0.030019
0.121395
0.069583
-0.052620
0.085000
0.046402
0.116195
0.041166
0.046031
0.085014
0.189682
0.106874
0.139088
0.111106
0.002653
0.173319
0.142294
0.107602
0.092885
0.048314
-0.015580
0.023539
-0.019316
-0.023166
0.052563
0.029325
-0.020351
0.107270
0.088854
0.082414
0.042530
0.038123
0.034270
0.010675
0.093723
0.068819
0.187332
0.111979
0.215663
0.165394
0.012056
0.055662
0.097775
0.244650
0.173280
0.206357
0.111161
0.199279
0.066605
0.168632
0.132245
0.097313
0.126052
0.003090
0.058161
0.118285
0.040384
0.123117
0.085360
0.048642
0.080622
0.097347
0.105216
0.113502
0.174819
0.163069
0.297168
0.312400
0.311522
0.262038
0.200855
0.248796
0.261281
0.245221
0.333861
0.320104
0.123610
0.146768
0.088376
0.015273
0.076494
0.044696
0.101769
0.014170
0.031743
0.072895
-0.044807
0.122948
0.126469
0.161856
0.006760
0.040336
0.125394
0.063695
0.073572
0.031749
0.042138
0.093377
0.027117
0.062391
0.115088
0.131290
0.146333
0.180107
-0.017862
0.132028
0.055262
0.082486
0.065031
-0.008444
-0.028871
0.102240
0.033467
0.072066
0.113593
0.061667
0.100628
0.110632
0.191537
0.143339
0.227430
0.213788
0.441746
0.438514
0.312036
0.247538
0.200340
0.226853
0.312256
0.097752
0.328558
0.192717
0.369139
0.307166
0.354918
0.168609
0.317740
0.203958
0.369158
0.128977
0.399171
0.311984
0.361741
0.319117
0.544405
0.462229
0.761451
0.620029
0.633148
0.663510
0.675997
0.514075
0.684292
0.560571
0.736591
0.524702
0.662892
0.568580
0.429712
0.440145
0.455091
0.337750
0.441647
0.337538
0.496099
0.432725
0.627420
0.493500
0.496686
0.519366
0.689478
0.618974
0.534931
0.548276
0.322876
0.419882
0.364321
0.237918
0.331002
0.112363
0.174003
0.323610
0.383767
0.191252
0.266550
0.256294
0.561108
0.375245
0.554534
0.573603
0.687324
0.684677
0.717069
0.716811
0.697012
0.633484
0.551263
0.498579
0.454915
0.446050
0.581699
0.324424
0.548758
0.545295
0.637778
0.550933
0.672371
0.639078
0.737887
0.659479
0.721404
0.694513
0.716048
0.697782
0.697523
0.659507
0.755826
0.756081
0.913499
0.874954
0.817834
0.826956
0.676433
0.740532
0.664568
0.539404
0.547742
0.554364
0.462365
0.564462
0.535982
0.480074
0.593504
0.667121
0.572414
0.639989
0.525437
0.631805
0.428707
0.524149
0.344199
0.325790
0.382134
0.322974
0.425690
0.283607
0.290193
0.249004
0.243202
0.233511
0.213454
0.121460
0.222409
0.302313
0.180192
0.218203
0.143490
0.120000
0.223567
0.201305
0.219975
0.165120
0.219128
0.159140
0.260638
0.362511
0.441727
0.430826
0.540499
0.581503
0.494394
0.419973
0.326422
0.352215
0.349761
0.292891
0.314644
0.275724
0.358673
0.250166
0.214998
0.389298
0.454150
0.425189
0.267893
0.315704
0.294849
0.372193
0.505949
0.259185
0.410620
0.290250
0.187036
0.197006
0.046512
0.092043
-0.009634
-0.017017
0.003232
0.009555
0.132721
0.027137
0.208499
0.101580
0.069024
0.218039
0.126101
0.231052
0.340280
0.140996
0.296461
0.359193
0.162849
0.199596
0.254977
0.113977
0.229066
0.182552
0.058155
0.031151
0.016092
0.099114
0.126591
0.127939
0.259255
0.149229
0.088076
0.237466
0.129756
0.028190
0.088894
-0.056862
0.105220
0.025198
0.046946
0.214209
0.240691
0.204253
0.494283
0.382580
0.399059
0.444510
0.574824
0.437264
0.559104
0.519708
0.579862
0.638137
0.546355
0.541298
0.479913
0.430880
0.523741
0.410031
0.473438
0.331158
0.318191
0.316976
0.341986
0.328493
0.458067
0.365342
0.523319
0.503551
0.565533
0.476234
0.548477
0.526059
0.575669
0.411257
0.556640
0.568830
0.554688
0.578204
0.552387
0.446916
0.744437
0.665122
0.863345
0.794981
0.686947
0.656924
0.471911
0.403064
0.404919
0.325949
0.355409
0.241319
0.265597
0.151861
0.147991
0.108389
0.211474
0.109444
0.280677
0.227986
0.199638
0.191846
0.213891
0.231279
0.446733
0.384410
0.572190
0.521035
0.445643
0.319680
0.478596
0.387151
0.275951
0.311391
0.137492
0.108163
0.230113
0.445729
0.446946
0.430707
0.424419
0.367301
0.627967
0.343248
0.453443
0.300536
0.454005
0.308163
0.428717
0.353839
0.445902
0.430941
0.542051
0.454323
0.448692
0.562720
0.597740
0.388571
0.666259
0.627196
0.708810
0.710346
0.704553
0.703852
0.805856
0.746148
0.770298
0.685643
0.636632
0.475149
0.356404
0.262208
0.478246
0.405663
0.355639
0.243259
0.356437
0.449385
0.360848
0.334062
0.358445
0.290147
0.439003
0.402110
0.490417
0.372827
0.538831
0.541339
0.539253
0.434853
0.549641
0.556467
0.637660
0.539472
0.611513
0.571993
0.690551
0.584351
0.654152
0.514666
0.691270
0.697936
0.672350
0.526940
0.671902
0.736075
0.795403
0.637089
0.613192
0.650434
0.626609
0.651447
0.502054
0.528068
0.533877
0.424262
0.575928
0.511004
0.431866
0.464455
0.401655
0.256513
0.416872
0.119684
0.241215
0.158484
0.237463
0.346705
0.214351
0.312649
0.315495
0.216534
0.253698
0.153163
0.089244
0.183734
0.271983
0.298384
0.371974
0.437037
0.243647
0.471214
0.323967
0.250691
0.279317
0.154165
0.253957
0.296575
0.184965
0.232697
0.151514
0.198591
0.205017
0.091112
0.122393
0.219858
0.241948
0.199740
0.330293
0.225372
0.212630
0.369389
0.277060
0.274241
0.377772
0.331727
0.393774
0.275412
0.295589
0.180449
0.337146
0.244078
0.303246
0.220454
0.200044
0.180993
0.147400
0.103492
0.212962
0.164234
0.158321
0.114576
0.103339
-0.001196
0.071283
0.020940
0.145173
0.127484
0.078154
0.202770
0.236460
0.173177
0.163668
0.128210
0.151997
0.247254
0.226575
0.087302
0.092934
0.066185
0.146564
0.178874
0.118789
0.124400
0.166355
0.190581
0.169384
0.053598
0.034686
0.122917
0.078617
0.285805
0.170225
0.043688
0.122821
0.159643
0.000466
0.134896
0.146640
0.093445
0.158940
0.143325
0.223274
0.066834
0.075471
-0.022346
0.037857
-0.051746
0.090622
0.126138
0.107683
0.006790
0.054802
0.050300
0.120823
0.126650
0.177017
0.159131
0.199194
0.126343
0.330346
0.145715
0.367266
0.326534
0.170993
0.302333
0.214443
0.235208
0.131633
0.112849
0.230728
0.163014
0.224194
0.165931
0.043439
0.047077
0.135398
0.076885
0.113811
0.008831
0.081955
0.086044
-0.028917
0.129892
0.072420
0.048512
0.080499
0.038156
0.099140
0.063335
0.025694
0.062758
0.083470
0.050840
0.088457
0.124860
0.244357
-0.015041
-0.008070
0.172921
0.093515
0.006423
0.176588
0.196064
0.146912
0.021977
0.077430
0.006712
0.046438
0.090773
0.165677
0.162435
0.093502
0.157321
0.166411
0.028415
0.055676
0.065167
0.126577
0.184293
0.020914
0.022488
0.138553
-0.013377
0.111539
-0.000962
0.188931
0.157643
0.131320
0.158402
0.196478
0.179873
0.141560
-0.034402
0.213936
0.043115
0.081532
0.068119
0.132149
0.115710
0.083889
0.085625
0.051351
0.055768
0.044226
0.131272
0.006490
0.086153
0.098916
0.028596
0.244283
0.187928
0.292318
0.231062
0.155429
0.174584
0.184391
0.221842
0.297509
0.174691
0.228137
0.128542
0.218370
0.292044
0.288246
0.239321
0.292806
0.297778
0.264866
0.157359
0.323967
0.100617
0.103228
0.094018
0.191125
0.094535
0.180266
0.129529
0.110293
0.047798
0.143218
0.122519
0.199082
0.179237
0.145859
0.096821
0.238540
0.208751
0.298465
0.274707
0.287043
0.070870
0.195317
0.150066
0.227957
0.253015
0.210969
0.241729
0.402564
0.393026
0.426899
0.422070
0.314139
0.217754
0.233947
0.199459
0.012329
