0.051692
0.048288
0.144904
0.049148
0.084317
0.121514
0.203559
0.069191
0.079622
0.088654
0.070695
-0.019478
0.131456
0.089832
-0.029172
0.066482
0.224192
0.161919
0.082280
0.087001
0.063415
0.137792
0.102508
0.158034
0.105608
0.121575
0.038051
0.061772
0.084218
0.114078
0.083534
0.160026
0.127033
0.243516
0.150319
0.108972
0.241451
0.144722
0.185719
0.176174
0.114650
0.123882
0.051069
0.100149
0.046492
0.149712
0.097826
0.246648
0.132051
0.169047
0.091797
0.105008
0.053891
0.053489
0.047684
0.189056
0.226027
0.057269
0.091749
0.017346
0.048622
0.146640
0.090774
0.152956
0.170758
0.127849
0.034275
0.105681
0.054324
0.015187
0.081803
0.083828
0.098379
0.052825
0.027936
0.068825
-0.008516
0.010474
0.114691
0.022288
-0.003416
-0.114101
0.079619
0.133605
-0.030847
0.024246
0.026868
0.216138
0.025877
0.070121
0.003951
0.257901
-0.113663
-0.039121
-0.011224
-0.038109
0.083650
0.053291
0.091007
0.028867
0.019058
0.028875
0.072881
0.045802
0.100729
0.007015
0.028423
0.047551
0.078935
0.108695
0.009033
0.007033
0.021327
0.003710
0.082044
0.102464
-0.037234
0.022228
0.057664
0.013567
0.139694
-0.003397
0.078990
0.162830
0.106021
0.038531
0.120111
0.248753
0.128160
0.308532
0.348692
0.259723
0.109788
0.063147
0.156789
0.035502
0.069254
0.101418
0.188918
0.128607
0.141550
0.092018
0.152190
0.077179
0.057880
0.135773
0.107154
0.093917
0.128870
0.024613
0.052492
0.153290
0.141857
-0.022256
0.124066
0.117589
0.076237
0.136524
0.107930
0.180650
0.115623
0.295649
0.201866
0.118293
0.161763
0.111446
0.046007
0.031531
0.127562
0.129252
0.097889
0.174313
0.186369
0.042951
0.070387
0.208616
0.167972
0.071537
0.221176
0.197837
0.151934
0.195479
0.145605
0.210268
0.113836
0.156807
0.116251
0.018528
0.243302
0.221940
0.096674
0.270803
0.231637
0.159911
0.060531
0.135454
0.223463
0.050545
0.074769
0.025783
0.122235
0.080932
0.082594
-0.065955
0.096482
0.039021
0.074747
-0.047102
-0.016114
0.015766
0.014186
0.075573
0.071144
0.131539
-0.014038
0.055576
0.152523
0.010804
0.012052
0.050907
0.117737
0.032612
0.033267
0.040423
-0.056999
0.052917
0.045320
0.056721
0.072573
0.092873
0.017353
0.025187
0.089464
0.004406
0.063912
0.065734
0.117543
0.023043
0.138221
0.004459
0.037249
0.019376
-0.009411
0.079999
0.117909
0.054125
0.115698
0.017522
0.079119
0.043367
0.157200
0.049348
0.094562
0.014346
0.064309
0.077408
0.022290
0.083148
0.152499
0.206857
0.153777
0.023931
0.108602
0.085356
0.007473
0.093959
0.015235
0.094337
0.130199
0.099392
0.071217
0.049295
0.062084
0.136083
0.136960
0.152113
0.074723
0.166225
0.154564
0.134450
0.049571
0.123033
0.053934
0.028271
0.037909
0.052340
0.076587
0.145066
0.139205
0.161301
0.109442
0.104428
0.144918
0.063233
0.052400
0.019004
-0.007893
0.103188
-0.013405
0.151811
0.216531
0.152825
0.148741
0.245869
0.311133
0.107201
0.087267
0.027809
0.102930
0.085892
0.021867
0.104495
-0.032803
-0.085799
-0.061141
0.078379
-0.043017
0.120099
0.012620
0.073476
-0.090060
0.033951
-0.023925
0.030841
0.072018
-0.002567
0.076857
0.042585
0.086478
-0.121288
-0.041890
-0.022391
0.046148
0.134350
-0.092570
-0.048845
-0.017351
-0.075629
-0.013604
-0.071352
0.060510
-0.023072
0.053831
0.009250
0.026504
0.078435
0.045537
0.110804
0.139900
-0.037196
0.054948
0.005331
-0.005812
0.083552
0.029833
0.078851
0.073790
0.101552
0.080082
0.100180
0.056095
-0.022718
0.047991
0.007486
-0.022485
0.023872
0.035617
0.058329
0.042064
0.005294
-0.027062
0.027958
-0.030142
0.033875
-0.040067
0.179921
0.050597
0.142900
0.139219
0.220968
0.199014
0.147541
0.150036
0.412056
0.413271
0.350871
0.477291
0.577285
0.426869
0.613000
0.533148
0.678865
0.601896
0.602918
0.556867
0.296928
0.373193
0.481608
0.258612
0.380318
0.391392
0.409222
0.447065
0.472294
0.558061
0.540720
0.145535
0.465771
0.256292
0.262162
0.272572
0.200657
0.322471
0.261871
0.051601
0.360248
0.303976
0.268586
0.156114
0.169952
0.196661
0.158030
0.069823
0.079427
0.022858
0.022994
0.081808
0.128102
0.088766
0.088412
0.143083
0.092815
0.057044
0.139407
0.092186
0.126331
0.138978
0.094783
0.171216
0.329553
0.095555
0.374598
0.132951
0.259216
0.163193
0.294824
0.246202
0.534181
0.477192
0.504044
0.434979
0.423043
0.271371
0.434166
0.349874
0.536528
0.461523
0.473154
0.389722
0.248881
0.152712
0.324930
0.342612
0.326189
0.396265
0.326104
0.282821
0.266502
0.414286
0.319076
0.142146
0.273930
0.153420
0.167563
0.205258
0.328078
0.338175
0.207697
0.261547
0.249499
0.250777
0.241624
0.204780
0.167954
0.223004
0.115561
0.012270
0.095061
0.149923
0.198262
0.102838
0.000649
0.133249
0.192352
0.158354
0.322377
0.333225
0.550862
0.384817
0.629651
0.543592
0.623168
0.463689
0.591281
0.524439
0.574746
0.602661
0.650661
0.654933
0.786982
0.697506
0.851877
0.756422
0.773963
0.712461
0.565976
0.705407
0.746732
0.679762
0.835329
0.720782
0.871794
0.860687
0.944186
0.901875
0.939632
0.962449
0.980410
0.973366
0.978145
0.975595
0.988180
0.978567
0.992927
0.980959
0.989091
0.980430
0.984939
0.982615
0.977912
0.974414
0.985052
0.976109
0.985064
0.974842
0.969947
0.981963
0.977056
0.959735
0.970987
0.952636
0.950293
0.953370
0.951711
0.950110
0.907847
0.907429
0.913234
0.905840
0.905741
0.862331
0.815197
0.787414
0.644646
0.557237
0.666368
0.486033
0.551759
0.568551
0.522961
0.443947
0.520930
0.487324
0.496412
0.455152
0.543589
0.492502
0.506321
0.407143
0.371868
0.363720
0.449963
0.469438
0.470499
0.486713
0.601204
0.563963
0.573222
0.595421
0.542176
0.310228
0.360748
0.315161
0.556983
0.402187
0.621787
0.601930
0.717425
0.621437
0.803474
0.751437
0.840764
0.758026
0.844630
0.752325
0.864058
0.799748
0.888773
0.871186
0.867050
0.815794
0.896141
0.801113
0.900643
0.855971
0.862564
0.807719
0.826623
0.858198
0.757088
0.725104
0.811000
0.780629
0.894913
0.884626
0.910914
0.892905
0.891161
0.825250
0.872270
0.824292
0.777479
0.770197
0.803906
0.675757
0.675262
0.590520
0.590834
0.564172
0.702453
0.712085
0.603029
0.551006
0.513187
0.507647
0.546901
0.496368
0.434745
0.362739
0.577369
0.379201
0.662752
0.649936
0.641388
0.567837
0.660910
0.600076
0.734019
0.397297
0.580453
0.534454
0.572074
0.465873
0.530680
0.567548
0.437975
0.453727
0.428815
0.310804
0.641664
0.499313
0.670883
0.610481
0.746179
0.716491
0.787877
0.756198
0.824984
0.755335
0.825811
0.716051
0.843688
0.694697
0.767963
0.688617
0.816768
0.682451
0.725108
0.730682
0.630358
0.524956
0.545616
0.459076
0.559046
0.408668
0.519136
0.455387
0.591361
0.416442
0.551554
0.655800
0.479237
0.437929
0.396770
0.314970
0.409420
0.393054
0.426509
0.447302
0.673985
0.585004
0.805704
0.752955
0.783211
0.703155
0.795461
0.754804
0.673820
0.646924
0.675268
0.606735
0.607808
0.494956
0.373437
0.380591
0.353129
0.169979
0.172809
0.230792
0.540042
0.402790
0.577955
0.474495
0.666537
0.649090
0.863872
0.842405
0.877332
0.863331
0.798698
0.686239
0.863907
0.679613
0.857006
0.804573
0.822788
0.766599
0.696663
0.664987
0.629989
0.580041
0.683431
0.656530
0.647575
0.546254
0.685197
0.508275
0.683546
0.515269
0.583481
0.542864
0.608689
0.494142
0.472999
0.482893
0.657588
0.479776
0.755851
0.604351
0.771167
0.748154
0.764084
0.716755
0.768943
0.723057
0.614397
0.605958
0.668514
0.598339
0.714769
0.644892
0.692632
0.465721
0.675496
0.507689
0.378308
0.415186
0.171624
0.218118
0.344651
0.303608
0.155222
0.204535
0.245365
0.161030
0.183449
0.190975
0.123731
0.090554
0.062532
-0.006877
0.069064
0.195560
0.112072
0.126187
0.111696
0.178501
0.148601
0.089302
0.048939
0.114692
0.019521
0.017203
0.117672
0.188404
0.020516
0.080190
-0.025362
0.057824
0.007925
0.008784
0.015820
0.059433
-0.013760
-0.043277
-0.020104
0.093196
0.186410
0.113241
0.071916
0.083587
0.157259
0.091241
0.167110
0.169700
0.194098
0.264170
0.114503
0.182766
0.260253
0.153698
0.035148
-0.000322
0.072742
0.131319
0.048228
0.075437
0.212446
0.276496
0.339390
0.209611
0.318877
0.373503
0.475964
0.251226
0.441437
0.412716
0.378170
0.354367
0.277943
0.247685
0.310706
0.319721
0.512694
0.431235
0.480466
0.469905
0.415452
0.484708
0.309406
0.128329
0.337174
0.231879
0.281963
0.202075
0.252420
0.092858
0.173855
0.180999
0.239482
0.166973
0.309286
0.364610
0.259092
0.291958
0.242439
0.099613
0.252539
0.190047
0.168834
0.155973
0.160109
0.170593
0.122345
0.070892
0.221773
0.203010
0.235646
0.350349
0.257421
0.252471
0.299645
0.263335
0.235558
0.141229
0.440192
0.273386
0.375494
0.495567
0.321068
0.239069
0.328582
0.239235
0.351659
0.259665
0.410204
0.472274
0.350758
0.305532
0.419614
0.367028
0.436269
0.327166
0.236553
0.210055
-0.000656
0.125130
0.098176
0.108050
0.136226
0.050977
0.049125
0.113726
0.109189
0.125450
0.165305
0.119454
0.199353
0.119398
0.140556
0.208029
0.176830
0.199666
0.326322
0.227953
0.368589
0.225378
0.420659
0.236222
0.469407
0.344145
0.509403
0.506487
0.321318
0.426497
0.359811
0.250888
0.352656
0.183401
0.521326
0.445015
0.497634
0.400811
0.516572
0.548248
0.564362
0.318311
0.388284
0.321384
0.283981
0.267081
0.162483
0.292411
0.291629
0.318252
0.388116
0.325213
0.314893
0.235716
0.382383
0.157403
0.314214
0.163824
0.121190
0.105546
0.097264
0.111675
0.086148
0.171185
0.091997
0.112029
0.102503
0.062152
0.107768
0.047534
-0.053265
0.154189
0.059582
0.099576
0.141479
0.112529
0.138471
0.105169
0.194946
0.156817
0.028438
0.158576
0.204247
0.078627
0.114210
0.054810
0.028393
0.177110
0.055090
0.066880
0.112015
0.037212
0.186798
0.126715
0.280224
0.091487
0.127230
0.122287
-0.040810
