0.065313
0.158413
0.129307
0.009685
0.096347
0.137637
0.151214
0.054907
0.035366
0.156114
0.065106
0.013651
0.134875
0.051074
0.065170
0.100193
0.055147
-0.070144
0.085882
0.051576
0.105971
0.066889
0.007190
0.098421
0.057013
0.071923
0.113759
-0.024512
0.125896
0.232704
0.096000
0.208691
0.148880
0.026220
0.051092
-0.050248
0.156884
0.090383
0.022368
0.126847
0.116742
0.084381
0.056287
0.086265
0.098805
-0.051716
0.108724
0.093686
0.042050
0.035583
-0.099515
0.032398
-0.010099
-0.010950
0.006584
0.035772
0.104301
0.146428
-0.033514
-0.014910
0.093641
0.187469
0.007657
0.169554
0.046486
0.039692
0.074414
-0.005625
0.027496
0.101341
0.105376
0.016695
-0.001765
0.000232
0.000751
0.023719
-0.015142
-0.023999
0.156938
-0.030887
-0.067258
0.035744
-0.011493
0.035687
-0.005769
-0.024321
0.093208
0.136605
0.097259
0.073425
0.124737
0.149209
0.060306
0.121712
0.042013
0.200003
0.094791
-0.001643
0.017719
0.114029
0.057355
0.083847
0.026131
0.022508
0.025754
0.001249
0.090976
0.160356
-0.013082
0.101959
0.068438
0.219217
0.038207
0.121077
0.068321
0.185021
0.224942
0.024219
0.185371
0.138133
0.098894
0.034053
0.042891
0.071491
-0.010124
0.082982
0.108401
0.129798
0.030333
0.096472
0.102124
0.053845
0.147232
0.067607
0.233682
0.039373
0.039875
0.140623
-0.008704
0.092431
0.073350
0.088243
0.009284
0.014518
-0.038057
0.015747
-0.024318
-0.072042
0.122503
0.035195
0.060771
0.061440
0.093395
-0.084604
0.041484
0.098050
-0.079672
-0.095847
-0.001522
0.005039
-0.002730
0.006867
-0.017273
-0.040358
-0.006829
0.010740
0.067995
-0.027381
-0.019482
-0.017675
0.052849
-0.016382
0.106884
0.035920
0.057520
0.028568
-0.020832
0.047129
-0.056374
0.043099
0.044543
-0.002570
0.127349
0.005020
0.036031
-0.010881
-0.073135
0.088863
-0.010096
0.010617
0.071997
0.014709
0.061608
-0.014467
0.021849
-0.052721
0.123962
-0.025251
0.129237
0.027463
0.020832
0.022383
-0.048937
0.091685
-0.048691
0.001927
0.039703
0.053110
0.149884
0.056476
0.084087
0.123923
0.119950
0.049952
0.059229
0.109173
0.127744
0.146664
0.123545
-0.063669
0.010177
0.051642
-0.011422
0.084077
-0.022985
0.073985
-0.009352
0.058329
0.110982
-0.031918
-0.039669
0.055393
0.006844
0.053235
0.111569
-0.032018
0.021319
0.047207
0.120592
0.012931
-0.019039
0.040257
-0.016116
0.051279
0.093095
0.024701
0.023233
0.047765
0.104536
0.107133
0.073848
0.015317
0.180504
0.108063
0.012998
0.167146
0.141225
0.194653
0.174868
0.245717
0.099739
0.150757
0.182483
0.065994
0.053130
0.041192
0.057926
0.102648
-0.017512
0.110374
0.079481
0.291104
0.278232
0.124669
0.162321
0.071105
0.115116
0.059260
0.122582
0.197965
0.135741
0.201754
0.240900
0.365285
0.240882
0.346290
0.250067
0.274329
0.370278
0.233325
0.236930
0.429153
0.396235
0.457276
0.171369
0.270980
0.229314
0.350970
0.141086
0.141115
0.222504
0.064344
0.236520
0.042717
0.131811
0.089456
-0.017248
0.140383
0.005024
0.073891
0.095667
0.117954
0.086474
0.098464
0.022925
0.053439
0.126918
0.026263
0.046690
0.198635
0.158058
0.226816
0.156529
0.119730
0.040026
0.102566
0.132925
0.216495
0.082987
0.185114
0.284789
0.120710
0.170416
0.053696
0.280857
0.229977
0.181119
0.331301
0.199865
0.400753
0.313595
0.318546
0.247452
0.190733
0.177285
0.099669
0.085133
0.155483
0.089819
0.185894
0.075296
0.176567
0.185170
0.061768
0.040326
0.130560
0.093156
0.008980
0.142387
0.200058
0.032329
0.065354
0.044776
0.025181
-0.005153
-0.004258
-0.030723
-0.007047
0.056164
-0.021778
0.036357
0.132209
0.097841
0.096316
0.014043
0.091236
0.113868
0.071765
0.089813
0.083050
0.102301
0.163445
0.113407
0.143604
0.175835
0.207718
0.141032
0.193363
0.202544
0.208173
0.228569
0.233139
0.221460
0.237326
0.175037
0.441507
0.288072
0.467778
0.376555
0.585574
0.505338
0.499090
0.514789
0.397523
0.314322
0.197174
0.120499
0.293473
0.149005
0.085321
0.007532
0.110318
0.075284
0.135849
-0.004339
0.106727
-0.009381
0.097548
0.037601
0.184073
0.046382
0.062628
-0.014113
0.099809
0.101744
0.006055
0.023775
0.148423
0.040806
0.057659
0.031864
-0.026959
-0.048758
-0.035095
-0.057455
0.100537
0.144765
0.150925
0.128008
-0.013583
-0.027000
-0.069126
0.035078
-0.007167
0.104029
0.155904
0.064397
0.009852
0.020274
0.070656
0.049917
0.165845
0.107965
0.053145
0.028786
0.058601
0.216209
0.111275
0.083879
0.110756
0.178856
0.141532
0.015303
0.239015
0.130932
0.109152
0.061249
0.069394
0.152425
0.160008
-0.034726
0.149059
0.133127
0.107099
0.004221
0.000977
0.149210
0.255918
0.197155
0.458020
0.406642
0.331971
0.376456
0.255181
0.331687
0.338764
0.234586
0.243416
0.236991
0.291446
0.188029
0.430878
0.135226
0.395381
0.377028
0.478685
0.387073
0.396207
0.232076
0.357175
0.382812
0.279640
0.052324
0.265167
0.275973
0.246368
0.185439
0.298537
0.117325
0.115004
0.145781
0.325563
0.390394
0.344605
0.284316
0.187259
0.360988
0.190346
0.032180
0.168818
0.139000
0.108452
0.212054
0.106527
0.212963
0.154676
0.190899
0.260238
0.283651
0.134926
0.177854
0.164911
0.172151
0.228662
0.068344
0.165374
0.079040
0.000219
0.187907
0.231024
0.178881
0.113922
0.095436
0.191724
0.225760
0.259774
0.230165
0.430173
0.486819
0.669873
0.671476
0.818385
0.785788
0.844091
0.735015
0.942996
0.869418
0.918537
0.883063
0.903247
0.906883
0.920140
0.892189
0.920169
0.913609
0.928438
0.869468
0.921118
0.790667
0.765649
0.776500
0.720948
0.558240
0.761256
0.607225
0.711207
0.786226
0.819479
0.761294
0.776415
0.841330
0.753289
0.809073
0.803978
0.859570
0.846180
0.808032
0.845264
0.756831
0.840444
0.789954
0.930575
0.926991
0.913853
0.876006
0.873042
0.818720
0.910546
0.838827
0.866460
0.807176
0.806949
0.822542
0.795180
0.756639
0.711246
0.608031
0.751215
0.675764
0.577173
0.641360
0.606782
0.560339
0.659910
0.446229
0.681208
0.568234
0.421682
0.453716
0.281195
0.372363
0.296133
0.085725
0.347406
0.114586
0.293270
0.292845
0.401846
0.289508
0.520389
0.448550
0.562551
0.468850
0.535595
0.364185
0.568647
0.425574
0.458915
0.456249
0.346915
0.447218
0.409971
0.358639
0.322573
0.315861
0.390729
0.251514
0.444344
0.406739
0.423616
0.434663
0.467346
0.469110
0.428165
0.256191
0.336658
0.396025
0.308823
0.240226
0.454721
0.150052
0.433765
0.402118
0.473593
0.388041
0.251049
0.415668
0.417106
0.306742
0.350468
0.389706
0.401766
0.349264
0.062922
0.213757
0.359191
0.235145
0.250998
0.101494
0.206899
0.190128
0.198311
0.132553
0.246401
0.216185
0.100488
0.166404
0.147432
0.161788
0.224389
0.145689
0.140861
0.113035
0.063622
0.023871
0.099589
0.206545
0.153977
0.108784
0.076613
0.071447
0.102944
0.177598
0.082493
0.225116
0.170762
0.048417
0.128886
0.146140
0.085435
-0.007533
0.271522
0.184885
0.444764
0.281492
0.463410
0.408645
0.531531
0.413254
0.708570
0.712830
0.509801
0.540239
0.553292
0.603238
0.597234
0.498626
0.616426
0.642191
0.616810
0.541216
0.542268
0.498807
0.726474
0.611887
0.719169
0.699875
0.671591
0.671154
0.703871
0.637573
0.668112
0.465098
0.592844
0.559635
0.604306
0.633826
0.716192
0.640890
0.653658
0.668874
0.736981
0.720031
0.712105
0.695998
0.518416
0.441427
0.567127
0.387088
0.389077
0.245298
0.393368
0.234528
0.207811
0.459958
0.204286
0.197597
0.080657
0.150854
0.433142
0.209720
0.496129
0.392926
0.491558
0.324800
0.587788
0.403576
0.448938
0.530993
0.488991
0.435429
0.599847
0.620474
0.758050
0.587474
0.648908
0.482895
0.630213
0.393077
0.567218
0.229507
0.428889
0.220362
0.411293
0.287032
0.511641
0.451393
0.565275
0.675078
0.715267
0.708855
0.589086
0.633512
0.348439
0.377995
0.525158
0.406224
0.503303
0.331038
0.479403
0.341133
0.539636
0.512876
0.572083
0.470124
0.480892
0.480135
0.482144
0.530967
0.592204
0.502198
0.406937
0.262351
0.335671
0.272026
0.234136
0.267817
0.380828
0.160718
0.273253
0.186142
0.282313
0.214907
0.376121
0.213949
0.465921
0.276093
0.243268
0.199362
0.390017
0.407549
0.315532
0.184676
0.246076
0.179129
0.227700
0.237034
0.278018
0.305958
0.295483
0.109979
0.223312
0.121213
0.282926
0.237215
0.388032
0.217005
0.435406
0.176622
0.252657
0.285960
0.376038
0.395359
0.515487
0.587585
0.551459
0.356192
0.347139
0.278757
0.305248
0.238324
0.264421
0.289697
0.403468
0.230877
0.343659
0.208648
0.489647
0.328490
0.409903
0.392266
0.407577
0.458223
0.507949
0.431232
0.656444
0.646921
0.729517
0.757064
0.757317
0.717664
0.759663
0.686534
0.491864
0.579956
0.293736
0.440941
0.421712
0.389007
0.421495
0.256783
0.521571
0.352893
0.509000
0.459082
0.673996
0.549951
0.601054
0.673036
0.625282
0.546718
0.817941
0.736087
0.809402
0.758106
0.760090
0.698533
0.789921
0.759400
0.754764
0.792338
0.716824
0.559330
0.424514
0.461332
0.243475
0.273136
0.158441
0.058117
0.183730
0.082308
0.157445
0.177690
0.142285
0.101493
0.149212
0.105223
0.123842
0.224582
-0.048138
0.067732
0.090602
-0.016910
0.218114
0.103836
-0.016198
-0.063320
-0.110290
0.068996
0.011446
-0.038535
-0.005504
0.052178
-0.004164
0.051325
0.053475
-0.026184
-0.036350
-0.098739
0.062413
-0.085237
0.008471
-0.043511
0.002635
0.118960
0.036396
0.127177
0.031549
0.120106
0.069037
-0.018550
-0.011009
-0.142260
-0.076383
0.090219
0.012866
-0.046310
0.144410
0.050072
0.129941
-0.001706
0.041509
-0.054503
0.034347
0.003789
0.230129
-0.015102
0.012440
0.112785
-0.024273
0.080424
0.172523
0.079198
0.153168
0.008968
-0.065986
0.161876
0.112241
0.111642
0.145388
0.132008
0.115502
-0.044511
0.133203
0.117875
0.141348
0.085656
0.130142
-0.014843
0.051060
-0.005300
0.039943
0.051264
0.051666
0.090288
0.041488
0.084031
0.120211
0.106182
0.148428
0.109198
0.071967
0.213953
-0.043817
