0.061733
0.107669
0.191066
0.163417
0.195349
0.222973
0.111197
0.233125
0.210381
0.197874
0.162328
0.269229
0.289234
0.131921
0.205872
0.286166
0.270546
0.197349
0.110461
0.149067
0.111390
0.082728
0.034558
0.058726
0.060552
-0.011068
0.032418
0.171023
0.117306
-0.076727
0.005650
0.139439
0.067855
0.036600
-0.032332
0.094523
0.028549
0.136314
0.004683
-0.001735
0.020180
0.126773
0.052363
0.001537
0.121630
0.134607
0.105657
-0.039534
-0.026974
0.111603
0.135275
0.153037
0.049848
0.059906
0.141947
0.131596
0.208760
0.038846
0.128659
0.153399
0.046841
0.292656
-0.022346
0.290304
0.120712
0.174415
0.283805
0.093799
0.249872
0.257348
0.000754
0.098915
0.079248
0.120393
0.120610
0.158440
0.150709
0.013148
0.053287
0.184407
0.033421
0.245905
0.107084
0.050480
0.024609
0.255048
0.153971
0.326912
0.184295
0.181736
0.114437
0.041217
0.195787
0.162703
0.120699
0.228999
0.215390
0.232878
-0.036852
0.207296
0.077341
0.123976
0.076715
0.003766
0.036441
0.074549
0.051513
0.238104
0.136722
0.048987
0.012282
0.059436
0.089197
0.185657
-0.045436
0.270372
0.261543
0.259600
0.223272
0.384524
0.284332
0.375405
0.387587
0.244493
0.285790
0.434123
0.517580
0.726299
0.757411
0.586075
0.405817
0.514487
0.415501
0.408772
0.256637
0.352933
0.386223
0.333335
0.287266
0.185551
0.283499
0.188872
0.224973
0.193585
0.065585
0.160084
0.072515
0.009805
0.060626
0.032622
-0.018493
-0.035188
-0.039293
-0.040990
0.031545
-0.055134
-0.097066
0.027584
0.012652
-0.025073
-0.041433
0.051325
0.047301
0.155114
0.128501
-0.010177
0.159587
0.147529
0.087497
0.164901
0.067126
0.169206
0.095195
0.027563
0.238762
0.243418
0.135926
0.266044
0.227480
0.236788
0.267303
0.241602
0.205812
0.243254
0.104400
0.145702
0.133257
0.307366
0.174763
0.308652
0.277152
0.363423
0.439505
0.357715
0.322744
0.253140
0.324607
0.483467
0.451265
0.357745
0.422040
0.504110
0.314001
0.388841
0.480379
0.312377
0.287826
0.458664
0.361619
0.375361
0.349380
0.238737
0.217609
0.288895
0.246990
0.189151
0.042342
0.117143
0.111986
0.246301
0.179884
0.111219
0.179703
0.191264
0.175775
0.118862
0.025125
0.079356
0.073086
0.121552
0.113028
0.026108
0.140690
0.116994
0.060258
0.160928
0.000057
0.058347
0.059841
0.119335
0.076169
0.222794
0.181517
0.248006
0.153619
0.140986
0.255537
0.250000
0.180553
0.160316
0.194205
0.235462
0.227772
0.281626
0.201679
0.399075
0.433290
0.502647
0.568952
0.394113
0.379898
0.209077
0.073805
0.241218
0.124951
0.049234
0.025721
-0.029132
0.122813
0.029139
0.132266
0.123026
-0.046737
0.098295
0.043828
0.044651
0.081441
-0.009077
0.139579
0.095153
0.141166
0.064619
0.043156
0.071666
0.124454
0.111714
0.142691
0.304218
0.081622
0.226694
0.187271
-0.026993
-0.053976
0.058892
-0.016656
-0.003180
0.011714
0.031721
0.023844
0.203603
0.103907
0.088843
0.143046
0.208914
0.164185
0.096753
0.083783
0.051609
0.202636
0.138486
0.169922
0.142707
0.003012
0.154883
0.050514
0.241470
0.116019
0.211827
0.105923
0.242079
0.077175
0.176383
0.090372
0.197813
0.155119
0.164571
0.161064
0.404997
0.308914
0.272313
0.299254
0.386237
0.184489
0.248721
0.329518
0.440115
0.548042
0.344254
0.391687
0.395381
0.286454
0.419945
0.246669
0.291652
0.269091
0.368922
0.198418
0.342063
0.316512
0.271933
0.257582
0.267352
0.358465
0.455009
0.403143
0.605360
0.483239
0.609713
0.270558
0.710636
0.680156
0.601225
0.635746
0.488328
0.525192
0.336155
0.367543
0.668747
0.569926
0.553946
0.545059
0.503567
0.480527
0.464314
0.169923
0.420161
0.384154
0.558287
0.337855
0.422127
0.376418
0.419302
0.243161
0.367784
0.394785
0.416128
0.451543
0.650233
0.562024
0.701203
0.581231
0.803145
0.765952
0.619344
0.564465
0.445848
0.451429
0.466281
0.442070
0.504094
0.471489
0.565383
0.618334
0.638705
0.570935
0.712097
0.653755
0.695195
0.711431
0.818658
0.796897
0.795607
0.723546
0.734208
0.861365
0.842485
0.866164
0.704038
0.702303
0.643805
0.621446
0.621742
0.509727
0.629154
0.507033
0.485026
0.520987
0.091417
0.254786
0.141653
0.078186
0.083674
0.024916
0.176220
0.098074
0.151095
0.055844
0.112940
0.149509
0.203209
0.228820
0.225217
0.194577
0.341986
0.247135
0.244872
0.375292
0.292839
0.197307
0.437480
0.298902
0.238687
0.279651
0.341045
0.197428
0.460441
0.344020
0.450576
0.293179
0.217609
0.336467
0.555377
0.498404
0.726115
0.742588
0.741537
0.809613
0.815311
0.718670
0.781499
0.592959
0.833449
0.768433
0.774293
0.698725
0.611620
0.571645
0.572057
0.427974
0.556289
0.469367
0.605780
0.418861
0.541869
0.534284
0.503836
0.284482
0.315914
0.306660
0.357009
0.227138
0.395459
0.233305
0.236276
0.181829
0.392777
0.396674
0.488618
0.318539
0.337988
0.353018
0.457232
0.358776
0.457208
0.477774
0.769030
0.748538
0.851461
0.819140
0.892554
0.827042
0.920065
0.899369
0.947188
0.944746
0.962590
0.950317
0.965617
0.942567
0.964763
0.950608
0.935962
0.917112
0.887145
0.801958
0.858708
0.920955
0.925411
0.912087
0.878150
0.880556
0.861316
0.784189
0.841798
0.788602
0.770393
0.763953
0.800954
0.668552
0.735438
0.751102
0.644757
0.547397
0.739645
0.679548
0.786179
0.726280
0.864037
0.842390
0.826701
0.756499
0.807571
0.865282
0.867791
0.801546
0.858519
0.751451
0.803161
0.875653
0.812046
0.775110
0.698469
0.846237
0.821270
0.768023
0.859203
0.739293
0.842381
0.860672
0.710089
0.749471
0.711228
0.564294
0.809857
0.691486
0.798231
0.744045
0.743171
0.797691
0.895820
0.849403
0.852451
0.663106
0.654821
0.576115
0.563594
0.547688
0.558859
0.337708
0.407855
0.261354
0.658877
0.476008
0.677242
0.620080
0.619623
0.628333
0.670952
0.575707
0.783315
0.810806
0.778086
0.711401
0.660745
0.574165
0.536746
0.619448
0.636229
0.583471
0.708263
0.663345
0.490485
0.611295
0.602351
0.598638
0.758056
0.741886
0.710362
0.768619
0.740809
0.699950
0.867464
0.698997
0.897991
0.828468
0.895004
0.900326
0.936594
0.944923
0.954297
0.890706
0.938623
0.865650
0.887394
0.858516
0.848194
0.787926
0.825445
0.598978
0.635289
0.551987
0.590197
0.626428
0.831294
0.718651
0.868497
0.784680
0.917356
0.925753
0.829354
0.837370
0.709277
0.685807
0.741339
0.707245
0.791493
0.678201
0.704551
0.716958
0.669841
0.637337
0.682095
0.573125
0.655881
0.563148
0.730716
0.610263
0.788819
0.663942
0.753399
0.621235
0.797112
0.628788
0.823514
0.798066
0.745209
0.771594
0.801766
0.629977
0.735731
0.708991
0.680400
0.667612
0.688219
0.587618
0.827138
0.657881
0.830686
0.765806
0.899919
0.847099
0.930959
0.909391
0.943648
0.888777
0.957166
0.900910
0.910758
0.902889
0.818058
0.769918
0.865980
0.782042
0.855267
0.793198
0.811204
0.838972
0.892549
0.884142
0.915098
0.843602
0.924412
0.906619
0.911209
0.897194
0.899148
0.864138
0.883461
0.894686
0.853060
0.792019
0.682023
0.588641
0.650078
0.606512
0.818742
0.624345
0.772532
0.743538
0.910016
0.879201
0.960333
0.932460
0.938742
0.935681
0.926160
0.895027
0.912841
0.888149
0.909683
0.848115
0.905271
0.863532
0.852199
0.840237
0.834921
0.850230
0.903698
0.807368
0.904317
0.886766
0.874406
0.793100
0.723369
0.704189
0.681904
0.700349
0.821675
0.677763
0.839821
0.801072
0.710929
0.685763
0.708225
0.488427
0.531729
0.626336
0.360962
0.425794
0.238474
0.129315
0.238243
0.252308
0.259774
0.050109
0.133586
0.128431
0.072986
0.038706
-0.017000
0.078025
0.094950
0.039024
0.078998
-0.010891
0.046001
0.033258
0.060970
0.091609
-0.032891
0.147745
0.185756
0.051236
-0.034351
0.133627
0.026677
0.047977
0.066032
0.119672
-0.020975
0.095311
0.042031
0.005733
0.277025
0.238351
0.117881
0.156142
0.011336
0.118845
-0.024985
0.054859
0.137403
-0.112582
-0.044520
-0.006751
0.258674
-0.004302
0.180446
0.145600
0.022582
0.209269
0.140541
0.075961
0.105999
0.166140
0.215232
0.082058
0.063099
0.340707
0.161804
0.282181
0.387157
0.312748
0.351873
0.251530
0.339271
0.418330
0.427674
0.247509
0.472843
0.290404
0.357292
0.375607
0.368105
0.498804
0.590245
0.527848
0.771358
0.639123
0.727473
0.676587
0.676824
0.677790
0.732976
0.716452
0.717687
0.658912
0.679306
0.577955
0.565602
0.573939
0.648778
0.711057
0.857896
0.731238
0.896588
0.906287
0.950985
0.900885
0.927813
0.906200
0.935077
0.897348
0.908346
0.848651
0.792549
0.726388
0.831036
0.780182
0.819540
0.787820
0.804700
0.796573
0.830241
0.754175
0.920869
0.755927
0.877212
0.795403
0.774950
0.747475
0.690213
0.609366
0.668039
0.404709
0.647153
0.455948
0.495723
0.499117
0.435054
0.469742
0.417609
0.417649
0.409617
0.501878
0.259996
0.247650
0.343306
0.233165
0.502050
0.175507
0.288876
0.266391
0.320391
0.252298
0.200517
0.189134
0.257203
0.120506
0.163644
0.077329
0.120657
0.153306
0.203905
0.117313
0.331820
0.121775
0.354051
0.389871
0.318440
0.200985
0.257964
0.256315
0.117253
0.120573
0.170799
0.121345
0.207728
0.123077
0.185700
0.134676
0.096430
0.006429
0.109164
0.056653
0.090541
0.014873
0.092792
0.004233
0.116936
0.093897
0.199978
0.059201
0.101864
0.139335
0.226824
0.141204
0.064200
0.081919
0.044286
0.000259
0.102743
-0.003658
0.081755
0.049881
0.076424
0.055118
0.092721
0.124124
-0.001995
0.045524
0.057770
0.075327
-0.016977
-0.003763
0.202016
0.096487
0.274305
0.197263
0.173208
0.251508
0.219985
0.036360
0.201380
0.242521
0.061209
0.169799
0.083456
0.167229
0.214546
0.182177
0.039827
0.055126
0.313502
0.291566
0.425075
0.324111
0.317349
0.261618
0.408968
0.304818
0.430469
0.269780
0.489617
0.421581
0.541183
0.549151
0.765002
0.751277
0.602004
0.583748
0.476893
0.428494
0.534764
0.423345
0.533782
0.349648
0.503756
0.505384
0.435481
0.243411
0.184455
0.220529
0.036639
