0.053420
0.094451
0.094345
-0.045064
0.029686
0.122621
0.061596
0.040579
-0.016194
0.089838
-0.025829
0.119444
0.116335
0.067321
0.063837
0.093292
0.040346
0.088199
-0.000367
0.208241
0.137508
-0.026801
0.058902
0.158569
0.153017
0.094963
0.169851
0.062726
0.009222
0.236713
0.071948
0.180910
0.059339
0.008577
0.188381
0.159499
0.175826
0.081339
0.057288
0.140889
0.012014
0.108695
0.187527
0.105882
0.058351
0.144515
0.195405
0.182780
0.155030
0.011872
0.125717
0.036499
0.070924
0.114720
-0.044028
0.118113
0.075671
0.070037
0.055869
0.023720
0.050687
0.083024
0.061882
0.103906
0.283269
0.112433
0.148272
0.263784
0.194372
0.373421
0.300201
0.544786
0.426480
0.379800
0.299106
0.376250
0.396868
0.211724
0.147588
0.127932
0.081651
0.046725
0.150504
-0.037134
-0.044829
0.073357
0.021516
-0.047991
0.028229
-0.027965
0.056421
0.029322
0.068439
0.046468
0.040100
0.051336
0.101826
0.018867
0.035345
0.005794
-0.007185
0.108588
0.083297
0.007016
0.094132
0.110185
0.095500
0.016051
0.017414
0.237522
0.171628
-0.023514
-0.028431
-0.061076
0.033371
0.034890
-0.056090
-0.067027
0.089824
0.069663
0.101771
-0.036536
0.067837
0.127368
-0.004289
0.093154
0.025064
0.096675
0.072163
0.196954
0.040581
0.064256
0.082934
0.084540
0.038552
0.095897
0.085634
0.131183
0.004553
-0.002770
0.089743
0.101020
0.038179
0.065299
0.014220
0.049663
0.087585
-0.046458
0.075009
0.099771
-0.013917
0.160230
0.080296
0.133538
0.074948
0.186407
0.098246
0.089892
0.051072
0.196893
0.092360
0.109860
0.014352
-0.003347
0.090166
0.171119
0.028768
0.141361
0.082310
0.209786
0.099269
0.169217
0.008202
0.066751
0.036994
0.085939
0.154129
0.125791
0.032340
0.255264
0.020756
0.069140
0.036322
0.228948
0.119123
0.229748
0.120334
-0.017962
0.070576
0.032585
0.111243
0.096779
0.057026
0.193931
0.073236
0.038422
0.210193
0.171739
0.047290
0.223295
0.034315
0.184634
0.022252
0.149737
0.221161
0.010483
0.086628
0.115732
0.070386
0.087903
0.139324
0.119731
0.163609
0.150724
0.036977
0.077871
0.084520
0.093275
0.080646
0.126231
-0.009976
0.138346
0.049245
0.154094
0.160682
0.239799
0.207416
0.173106
0.223102
0.153431
0.032807
0.151657
0.171288
0.283118
0.229960
0.217123
0.159561
0.170727
0.167689
0.330746
0.265074
0.197383
0.181534
0.085764
0.097033
0.177946
-0.022843
0.102394
-0.037455
-0.033676
-0.005546
0.146648
0.087928
0.087790
-0.041738
0.000961
-0.134713
0.049715
-0.036018
0.001859
0.084987
0.053450
0.019602
0.084477
0.099204
-0.020952
0.121654
-0.016990
0.117018
0.001840
0.088800
0.036916
0.011826
-0.033905
0.093780
0.026297
0.038076
0.084339
0.021473
0.166231
0.054731
0.035756
0.040003
0.160239
0.075338
-0.073090
0.111180
0.058675
-0.061755
0.111317
0.048461
0.017896
0.113908
-0.046150
0.016538
-0.037868
0.053169
0.028183
0.119156
0.108496
0.143288
-0.004416
0.129962
0.152508
0.050037
0.041642
0.080317
0.019952
0.009494
0.092690
0.065589
0.101625
0.125678
0.014514
0.046170
0.118439
0.044304
0.159191
0.019764
0.145174
0.104798
0.038215
0.034066
0.213835
0.034526
0.185137
0.056802
0.285593
0.245375
0.099384
-0.014774
0.125281
-0.033829
0.124058
0.009371
0.198418
0.137825
0.069247
0.075964
0.192255
0.116199
0.031824
0.072616
0.144127
0.138372
0.203135
0.255685
0.395292
0.206428
0.368610
0.213578
0.446186
0.355921
0.210944
0.293255
0.230935
0.243323
0.235191
0.128789
0.207053
0.124702
0.168151
0.247419
0.371827
0.166109
0.199808
0.240122
0.215551
0.291006
0.212646
0.051678
0.002407
0.075379
0.090582
-0.006507
0.068490
0.119886
-0.012693
0.082690
0.078926
0.145308
0.057420
0.073696
0.009555
0.048120
0.004493
0.062902
0.072910
0.000691
0.054054
0.040098
0.117635
0.008160
0.111708
0.084147
0.224767
-0.034024
0.177902
0.003592
0.313060
0.109285
0.398657
0.435898
0.376395
0.347609
0.369964
0.419102
0.320445
0.279010
0.165050
0.150964
0.179066
0.052798
-0.019074
0.191453
0.039082
0.172412
0.154670
0.102042
0.219863
0.158450
0.271380
0.041231
0.233674
0.173103
0.198740
0.082659
0.197392
0.188913
0.049580
0.066284
0.114462
0.145256
0.243454
0.224519
0.319463
0.234062
0.421045
0.104067
0.451914
0.301786
0.529400
0.370444
0.451992
0.275497
0.344766
0.557076
0.640795
0.668173
0.768049
0.795237
0.791366
0.785742
0.782026
0.770872
0.760864
0.681177
0.676072
0.599511
0.624719
0.565590
0.709774
0.604554
0.820801
0.824240
0.877642
0.846093
0.892522
0.884471
0.907426
0.834403
0.916797
0.881828
0.922668
0.923378
0.924161
0.888590
0.952922
0.945147
0.975303
0.954964
0.914705
0.946526
0.870185
0.826922
0.847999
0.728993
0.759107
0.657116
0.679017
0.641970
0.611212
0.571619
0.683265
0.536112
0.673517
0.700331
0.762489
0.647466
0.788675
0.647024
0.871225
0.660750
0.805651
0.718054
0.831788
0.815883
0.829623
0.802470
0.879504
0.899485
0.968783
0.948202
0.935875
0.944520
0.902792
0.803204
0.864796
0.744769
0.793848
0.825312
0.769248
0.745942
0.808376
0.737806
0.775434
0.761463
0.803358
0.811081
0.789198
0.812060
0.824259
0.825140
0.918990
0.910967
0.940087
0.935954
0.896394
0.921384
0.856263
0.769602
0.867209
0.771715
0.857143
0.684308
0.859028
0.885931
0.914912
0.853599
0.929512
0.906609
0.964827
0.942482
0.971187
0.957344
0.979496
0.949942
0.986644
0.970781
0.994232
0.984487
0.990302
0.991324
0.990649
0.989200
0.988348
0.984476
0.986065
0.983224
0.988237
0.972157
0.983784
0.974878
0.972687
0.967944
0.958264
0.961005
0.965916
0.964845
0.985529
0.976686
0.991043
0.979900
0.991630
0.984063
0.980393
0.975590
0.966364
0.955344
0.961540
0.957010
0.961803
0.928251
0.933855
0.936654
0.908571
0.887269
0.934990
0.905527
0.956297
0.931585
0.955190
0.956603
0.972744
0.933218
0.974194
0.974516
0.978221
0.979625
0.964256
0.927158
0.923592
0.873364
0.916926
0.868172
0.887819
0.853687
0.814607
0.827979
0.852341
0.657409
0.771451
0.526611
0.523119
0.399957
0.718162
0.720124
0.737407
0.676742
0.792825
0.603342
0.742194
0.661425
0.696687
0.759993
0.643914
0.734548
0.864056
0.781898
0.948041
0.920308
0.955833
0.962008
0.979918
0.967627
0.958308
0.917079
0.913242
0.888475
0.919680
0.906554
0.876518
0.810822
0.864316
0.887100
0.919746
0.907534
0.812340
0.803817
0.750736
0.720224
0.617141
0.591593
0.509662
0.537322
0.573343
0.512408
0.545903
0.422286
0.551940
0.421694
0.633570
0.633722
0.552813
0.533819
0.531129
0.445443
0.554691
0.482959
0.693353
0.475628
0.744208
0.642371
0.660154
0.649465
0.633617
0.724671
0.642542
0.539065
0.667796
0.598045
0.652602
0.629154
0.740570
0.676618
0.821232
0.760513
0.743637
0.736787
0.835347
0.679763
0.721845
0.645263
0.571661
0.420508
0.536829
0.393532
0.335441
0.352511
0.529280
0.524423
0.627962
0.550501
0.582520
0.658965
0.693103
0.560849
0.669092
0.516019
0.644664
0.489379
0.701361
0.783942
0.811018
0.854907
0.784172
0.796578
0.853654
0.817197
0.864955
0.758720
0.857383
0.781986
0.877567
0.861779
0.916795
0.904954
0.828885
0.865699
0.842709
0.751406
0.798431
0.666024
0.615571
0.552708
0.458585
0.437084
0.532232
0.439548
0.495432
0.209509
0.254800
0.146517
0.157509
0.043560
0.093371
0.091146
0.050626
0.058968
0.044819
0.096379
0.109800
0.084728
0.007996
0.137298
0.025053
-0.006204
0.037977
0.056471
0.125039
0.089532
0.034667
0.102002
0.357650
0.125681
0.544458
0.368469
0.390457
0.461833
0.546956
0.548032
0.658366
0.581290
0.650525
0.567243
0.585838
0.659379
0.717653
0.651291
0.616988
0.489424
0.464550
0.335921
0.373507
0.269735
0.258911
0.232424
0.434176
0.301080
0.473753
0.399691
0.472761
0.261300
0.292701
0.263761
0.216217
0.020110
0.234020
0.157097
0.202360
0.179143
-0.005045
0.146676
0.066740
0.018907
0.199024
0.198820
0.207277
0.119558
0.055479
-0.053329
0.195952
-0.049037
0.135849
0.057570
0.088029
-0.024151
0.276699
0.003971
-0.060383
0.021893
0.074969
0.031471
0.119841
0.082118
0.034103
0.011431
0.021582
0.079646
0.137482
0.128921
0.201542
0.126649
0.142846
0.286808
0.138601
0.243319
0.250746
0.204620
0.253954
0.214632
0.073981
0.022633
0.047527
0.068125
0.296065
0.193048
0.312392
0.252280
0.213299
0.271192
0.321372
0.083335
0.418983
0.233156
0.207351
0.358924
0.377798
0.280885
0.389113
0.395702
0.445002
0.317174
0.389692
0.315759
0.281363
0.193931
0.131364
0.202904
0.243318
0.173122
0.324933
0.145321
0.100005
0.202294
0.151279
0.097360
0.090056
0.073982
0.264819
0.156912
0.149780
0.169638
0.401234
0.317731
0.469625
0.409159
0.330707
0.253607
0.239280
0.386492
0.263026
0.211102
0.285862
0.093623
0.144209
0.159294
0.125836
0.090888
0.175271
0.055088
0.104576
0.030851
0.098402
-0.031221
-0.017104
0.103488
0.044163
0.015298
0.053603
0.022241
0.052701
0.036217
-0.051794
0.093607
0.022077
-0.067555
0.045651
-0.052574
0.087239
0.047607
-0.018159
0.153718
0.075188
0.022792
0.099958
0.098433
-0.051768
0.068574
0.183195
0.041306
0.057263
0.028263
0.057963
0.001066
-0.069136
0.100381
0.170874
0.012681
0.035156
0.035851
0.146925
0.117214
0.006835
0.112036
0.145908
0.111340
0.131347
0.215993
0.146494
0.018240
0.205694
0.158260
0.125685
0.225980
0.133537
0.047623
0.071799
0.090194
0.089602
0.046996
0.181386
0.054059
0.131579
0.118786
0.189330
0.067271
0.226744
0.265902
0.339209
0.203308
0.202270
0.102233
0.050531
0.087363
0.008516
0.062883
0.113600
0.212186
0.142593
0.114934
0.156577
0.199357
0.060991
0.111702
0.064633
0.100253
0.059442
0.047722
0.070153
0.039103
0.087518
0.176213
0.261874
0.251315
0.036800
0.185188
0.122367
0.235839
0.366390
0.267053
0.276420
0.187016
0.218755
0.220763
0.131746
0.199585
0.245746
0.279540
0.376623
0.120798
0.202367
0.277885
0.027907
