0.072600
0.148367
0.156800
0.099948
0.051609
-0.028013
0.087867
0.021482
0.039567
0.115696
0.014748
-0.084702
0.171763
0.163156
0.167457
0.198818
0.191085
0.172342
0.170703
0.288022
0.080754
0.199319
0.113314
0.269854
0.102995
0.193835
0.280243
0.410081
0.158840
0.196956
0.341181
0.255397
0.218443
0.234565
0.226781
0.015763
0.093070
0.148320
0.149289
0.084322
0.060708
0.138664
0.160281
0.260191
0.265764
0.225012
0.238038
0.268892
0.139335
0.150437
0.132280
0.148878
0.252825
0.122507
0.034275
0.160879
0.160688
0.151128
0.137863
0.120104
0.179388
0.180404
0.185940
0.319768
0.323658
0.287542
0.185272
0.112316
0.123323
0.301027
0.131650
0.202735
0.241140
0.141707
0.183386
0.152681
0.131528
0.178500
0.065536
0.024920
0.029953
0.108451
0.095772
-0.006518
0.115370
0.049996
0.044664
0.011506
0.023166
-0.003855
-0.046672
0.038794
-0.055716
0.110242
-0.040269
0.235301
0.119689
0.113424
0.113639
0.116135
0.147622
0.037342
0.167792
0.115796
0.041894
0.108905
0.003630
0.001329
0.105826
0.116102
0.074692
0.081618
0.129762
0.128755
0.119427
0.153216
0.070836
0.102709
0.112888
0.279840
0.178349
0.255944
0.107589
0.115749
0.035041
0.037893
0.094739
0.079320
0.022831
0.037414
0.069969
0.049544
0.085934
0.108637
0.111818
0.102681
0.121504
0.116346
0.074675
0.091074
0.251137
0.127393
0.021990
0.102659
0.069911
0.055283
-0.036087
0.124695
0.020652
0.004872
0.186590
0.107124
0.126514
0.083732
0.063647
0.154380
0.285094
0.191037
0.334633
0.280803
0.284878
0.269167
0.273768
0.101375
0.140255
0.180493
0.072916
0.190307
0.177286
0.248475
0.134990
0.294031
0.195176
-0.087556
0.024014
-0.034503
0.040860
0.125927
0.132859
0.157273
0.273018
0.071802
0.156856
0.210761
0.240644
0.014046
0.064284
0.097622
-0.086487
0.016655
-0.047896
0.003591
0.049517
0.013987
0.047034
0.026392
0.059711
0.067059
0.056230
0.193544
0.100706
0.178530
0.005767
0.075732
0.123760
0.071792
0.091885
0.202392
0.123003
0.175538
0.018319
0.168132
0.100011
0.084287
0.049757
0.171175
0.024882
0.036858
0.040613
0.180187
0.094541
0.133883
0.084453
0.119790
0.305825
0.166706
0.037316
0.244619
0.012774
0.139832
0.048309
-0.010764
0.059751
0.030163
0.021416
0.081840
-0.084593
0.006286
0.048636
0.071717
0.152705
0.006224
0.050277
0.052785
0.063609
0.102610
0.021453
0.021813
0.050432
0.072022
0.111076
0.171212
0.075075
-0.001014
0.054176
0.111255
0.133276
0.145891
0.062040
0.050134
0.233316
0.207517
0.121926
0.107670
0.194337
0.104257
0.100578
0.145024
0.045654
0.253651
0.151926
0.277595
0.093152
-0.020746
0.093915
0.070282
0.183528
0.175578
-0.009172
0.011227
-0.022752
0.142687
0.063402
0.052050
0.052814
0.038566
0.107659
0.209778
0.197968
0.217616
0.098921
0.149289
0.090864
0.197789
0.044258
0.097678
0.110455
0.065265
0.097393
0.057889
-0.016559
0.063265
0.100583
0.049167
0.007386
-0.172746
-0.072965
-0.060610
-0.016462
0.052515
0.032178
-0.073678
0.100884
0.099693
0.059183
0.157053
0.102498
0.057303
-0.091885
0.053681
-0.042850
0.009146
0.107821
-0.010590
0.060090
0.128933
0.048164
0.128253
0.152747
0.143358
0.064674
0.198725
0.110089
0.137835
0.130096
0.331662
0.159218
0.263227
0.200998
0.191866
0.158778
0.255178
0.123816
0.379869
0.240908
0.424169
0.334423
0.514247
0.371062
0.493540
0.365190
0.684154
0.508969
0.573663
0.611043
0.648420
0.639910
0.638332
0.571912
0.745834
0.732056
0.686256
0.607698
0.551156
0.434373
0.537688
0.320109
0.626484
0.591539
0.700258
0.767441
0.759065
0.647692
0.769780
0.732995
0.763484
0.729165
0.555163
0.694846
0.670435
0.601742
0.777868
0.675424
0.811658
0.765633
0.847788
0.839326
0.791576
0.861095
0.889514
0.878211
0.927334
0.875695
0.877533
0.832329
0.796734
0.726913
0.840179
0.862781
0.907113
0.915783
0.897583
0.908386
0.887454
0.864974
0.861596
0.832922
0.802574
0.843047
0.788111
0.819943
0.828375
0.758380
0.864708
0.753444
0.926607
0.830745
0.887325
0.833773
0.835242
0.781240
0.800952
0.696049
0.695957
0.669568
0.451220
0.373709
0.443842
0.429139
0.542727
0.365414
0.571745
0.493252
0.558305
0.391799
0.661934
0.633516
0.791213
0.495028
0.786621
0.788208
0.623229
0.559356
0.594291
0.592241
0.600766
0.601915
0.667497
0.690736
0.613706
0.501863
0.571377
0.518670
0.505520
0.443717
0.367866
0.308895
0.434325
0.117931
0.176022
0.157714
0.176989
0.276798
0.143966
0.188234
0.200735
0.138641
0.012699
0.149731
0.193850
-0.019411
0.210426
0.248690
0.153866
0.097672
0.061253
0.021829
0.045460
0.078380
-0.101675
0.018009
0.054381
0.071389
0.045001
-0.045364
0.006292
0.087048
0.085066
0.164295
0.136927
0.029570
0.203378
0.187223
0.111953
0.158303
0.191147
0.091223
0.192900
-0.045595
0.197867
0.243771
0.180661
0.257987
0.302254
0.159562
0.096229
0.138962
0.269588
0.012279
0.095078
-0.042437
0.067631
-0.002435
0.177407
0.158682
0.158181
0.029612
0.087631
0.157416
0.133469
0.095179
0.231204
0.178288
0.290926
0.185595
0.311775
0.306527
0.532816
0.448677
0.499141
0.432752
0.191776
0.202669
0.334221
0.220531
0.461469
0.417873
0.453239
0.325376
0.489972
0.331705
0.458649
0.310625
0.676198
0.414761
0.441452
0.397276
0.509304
0.467498
0.498005
0.282800
0.381033
0.219945
0.474321
0.242535
0.569538
0.288693
0.568818
0.558219
0.632083
0.555278
0.517629
0.470208
0.657499
0.476461
0.669998
0.614157
0.681150
0.566111
0.613614
0.498469
0.580722
0.571217
0.730772
0.625894
0.753274
0.673838
0.688762
0.618216
0.637235
0.715052
0.691168
0.456014
0.719833
0.622860
0.616469
0.614235
0.583837
0.533658
0.557571
0.308892
0.628519
0.439993
0.671677
0.719300
0.756828
0.819343
0.851261
0.730464
0.897323
0.847277
0.905513
0.845944
0.834649
0.795324
0.715755
0.778251
0.777559
0.794635
0.859347
0.871551
0.891252
0.841829
0.913596
0.816428
0.917788
0.884997
0.900569
0.885902
0.859610
0.827763
0.898547
0.835630
0.880547
0.798993
0.882715
0.865455
0.852558
0.866803
0.919653
0.868847
0.925297
0.868665
0.883617
0.916806
0.884577
0.789850
0.876217
0.865942
0.868399
0.895743
0.863841
0.917615
0.919611
0.921359
0.953319
0.941531
0.945238
0.936128
0.871890
0.859762
0.829190
0.741706
0.764992
0.840652
0.832354
0.771270
0.847841
0.802272
0.904867
0.823998
0.846199
0.781779
0.863872
0.757821
0.878296
0.823414
0.860370
0.847079
0.835795
0.858097
0.919478
0.900963
0.861203
0.839160
0.757285
0.669837
0.894867
0.669508
0.865794
0.836676
0.709343
0.688693
0.654345
0.552254
0.531482
0.271812
0.334851
0.163988
0.192163
0.257311
0.035359
0.091361
0.334506
0.154211
0.043052
0.059779
0.168628
-0.028036
0.087834
0.191743
0.058096
0.018868
0.039967
0.021481
0.084933
0.078542
0.059938
0.237121
0.085509
0.109187
0.137128
0.216975
0.029716
0.098660
0.119407
0.023463
0.078159
0.123961
0.223292
0.188905
0.166224
0.224997
0.033769
-0.000221
0.241794
0.153060
0.231617
0.077870
0.130710
0.127284
0.023120
0.092161
0.031434
-0.020743
0.011219
0.070806
0.040769
0.001247
0.066816
-0.062225
0.080386
0.079727
0.040388
0.053538
0.175762
0.219621
0.223552
0.065072
0.120671
0.231794
0.353083
0.291947
0.337527
0.364524
0.434591
0.266343
0.333186
0.239745
0.432022
0.395024
0.434287
0.385405
0.447936
0.521448
0.312629
0.331726
0.335250
0.260843
0.405125
0.344013
0.385204
0.462922
0.660973
0.630651
0.799281
0.814586
0.724803
0.717941
0.689455
0.650475
0.634089
0.532504
0.684520
0.673615
0.565987
0.641837
0.630013
0.588261
0.599408
0.548905
0.654294
0.558691
0.535440
0.472994
0.597296
0.353203
0.274708
0.264708
0.226971
0.206431
0.321365
0.317988
0.432076
0.277143
0.529802
0.459352
0.596140
0.521105
0.628713
0.602076
0.633251
0.617022
0.688823
0.723673
0.731025
0.724762
0.795284
0.674773
0.819363
0.685030
0.788690
0.695965
0.712256
0.669854
0.575562
0.651573
0.449571
0.494776
0.461438
0.398928
0.640300
0.403601
0.537096
0.507576
0.511707
0.422319
0.707180
0.552883
0.681357
0.631572
0.683983
0.693385
0.589302
0.656236
0.439085
0.331098
0.349560
0.156489
0.493799
0.342698
0.636353
0.528249
0.517076
0.452301
0.515768
0.612510
0.545702
0.480728
0.426636
0.279684
0.496367
0.504018
0.711388
0.683836
0.786667
0.769947
0.805294
0.838242
0.902326
0.791223
0.879399
0.896713
0.923282
0.878260
0.958060
0.864486
0.935436
0.923236
0.949606
0.932067
0.880333
0.890181
0.833944
0.798647
0.830292
0.694616
0.761385
0.707138
0.803994
0.772831
0.806598
0.737785
0.852699
0.802963
0.834350
0.787833
0.784361
0.752502
0.671916
0.650519
0.766943
0.661521
0.813082
0.642356
0.616381
0.610794
0.338081
0.342080
0.344052
0.310527
0.469093
0.367653
0.319885
0.262993
0.300808
0.285013
0.262481
0.117384
0.180285
0.044654
0.232974
0.041548
0.045744
0.119828
0.141717
0.116999
0.049858
0.008945
0.095192
0.028003
0.167428
0.141267
0.096986
0.145780
0.310188
0.259016
0.382553
0.475066
0.436905
0.220421
0.275169
0.214434
0.491031
0.333204
0.386323
0.413025
0.297768
0.300906
0.223415
0.080569
0.305039
0.154750
0.299393
0.175720
0.269939
0.331163
0.511862
0.230446
0.592716
0.270457
0.400303
0.180311
0.241995
0.314235
0.325253
0.262078
0.329902
0.268968
0.318985
0.204427
0.165214
0.230355
0.212421
0.222010
0.127448
0.188561
0.135545
0.179697
0.250208
0.187357
0.030445
0.156997
0.253539
0.184526
0.201205
-0.001963
0.191056
0.133353
0.139958
0.082096
0.155769
-0.049624
0.142346
0.112704
0.111945
-0.044808
0.112808
-0.012833
0.042725
0.033347
0.054007
0.014514
0.108843
0.168696
0.048241
0.185013
0.040019
0.067560
0.170590
-0.014028
0.059957
0.096671
-0.049445
-0.016279
0.164334
0.066730
0.081317
0.121591
0.185689
0.145951
0.092218
0.163109
-0.033236
