0.074749
0.056006
0.072637
-0.006091
0.082459
0.039631
0.087305
-0.088431
-0.033282
0.098598
-0.023644
-0.048699
-0.040478
0.089749
0.057646
0.062153
0.050537
0.137884
0.119137
-0.038356
-0.025906
0.048436
-0.008198
0.060292
0.002963
0.075328
0.043216
0.005181
0.098915
0.148801
0.050336
0.115101
-0.024058
0.142896
-0.003351
-0.092276
0.112551
0.017856
-0.017479
0.071491
0.065920
0.090613
0.080460
0.080633
0.002766
0.018476
0.125542
0.109748
0.109273
-0.112624
-0.021376
-0.105374
0.059654
-0.058584
0.002109
0.067091
0.073867
0.118723
0.054764
-0.093921
0.136076
-0.001802
0.085899
-0.010689
0.027833
0.126665
-0.028611
0.138614
0.006291
0.062859
0.130379
0.054205
0.074827
0.114582
0.052072
0.125024
0.163636
-0.010463
0.096388
-0.064339
-0.009912
0.075240
-0.007035
0.233896
0.145707
0.043816
0.153516
0.196244
0.207324
0.130750
0.218119
0.280213
0.171606
0.304175
0.246377
0.373213
0.114789
0.230113
0.277678
0.054813
0.148826
0.125505
0.084427
0.118277
0.081313
0.077042
0.090897
0.128018
0.089323
0.041275
0.068499
-0.030229
0.036691
0.123994
0.085919
0.071124
0.196277
0.014463
0.034041
0.045997
0.066155
0.022111
-0.044873
0.027034
-0.063319
-0.009347
0.089279
0.049543
0.091627
0.136147
0.118932
0.197014
0.054992
0.081046
-0.009661
0.080973
0.031638
0.087203
0.037174
0.006892
0.025460
0.032989
0.036299
0.081789
0.006169
0.116899
0.202935
0.217724
0.044710
0.018675
0.097211
0.197501
0.058504
0.081986
0.145329
0.167563
0.031446
0.036532
-0.018673
0.085936
0.084749
0.125798
0.111506
-0.068557
0.043800
0.018414
0.064040
-0.003649
0.083911
0.036948
0.090065
0.010359
0.067327
0.153011
-0.109241
0.061479
-0.022387
0.048085
0.072645
0.223476
0.115858
0.033844
0.109955
0.121091
0.174855
0.131821
0.021069
0.141575
0.126063
0.048887
0.001248
0.098505
0.030009
0.070261
0.063839
0.095756
0.112027
0.055935
0.027646
0.053566
0.122600
-0.048644
0.059570
0.201743
0.208920
0.147878
-0.012139
0.007416
0.050831
0.038675
-0.054049
0.036396
0.108988
0.070135
0.017260
0.162616
0.112998
0.205920
-0.036825
0.188867
0.081685
0.155804
0.147250
0.186269
0.088411
0.077231
0.246636
0.070758
0.110352
0.111084
0.136915
0.138476
0.094036
0.308739
0.191865
0.204974
0.151979
0.080484
0.220518
0.230874
0.238602
0.320573
0.234003
0.254061
0.142987
0.260686
0.202657
0.094502
0.175232
0.056403
0.087998
0.059272
-0.007092
-0.014778
0.067977
0.003632
-0.047279
-0.041906
0.117898
0.029338
0.004328
0.016582
0.021862
0.078171
0.036047
-0.039166
0.022367
0.156327
0.031884
0.065443
0.067948
0.063054
0.158715
0.099154
0.139587
0.047970
0.078286
0.008060
0.068346
0.022307
0.082744
0.065440
0.115860
0.112849
0.066645
0.148825
0.136453
0.037839
0.181209
0.064122
0.126900
0.093554
0.125522
0.134398
0.029631
0.083281
0.064048
0.179740
0.047050
0.100501
0.147272
0.144602
0.076266
-0.011114
0.116507
0.076362
0.069431
0.077852
0.111676
0.027555
0.004070
0.121632
0.029941
-0.041772
0.008188
0.183826
-0.020289
0.132259
0.013744
0.005894
-0.054897
0.101138
-0.001662
0.146536
0.020897
-0.009477
0.070600
-0.010852
0.032393
0.044245
0.075886
0.114394
-0.057423
0.079205
0.055159
0.096592
-0.001656
0.025293
0.062940
0.156794
-0.007814
0.119568
0.134135
0.119697
0.056452
0.042211
0.148726
0.010321
0.047199
0.051729
0.254044
-0.036161
0.013902
0.096489
-0.035027
-0.043242
-0.041910
0.004947
0.037837
0.035877
-0.104194
0.010919
-0.045688
0.012517
-0.022209
0.123484
0.108808
0.152910
0.218431
0.232809
0.177381
0.398303
0.074912
0.214856
0.193871
0.152897
0.142790
0.180773
0.160088
0.220917
0.173908
0.132696
0.108233
0.279623
0.226895
0.214017
0.075820
0.054970
0.192681
0.261194
0.069981
0.135400
0.063868
0.101559
0.117616
0.058777
0.202993
0.262685
0.109268
0.046074
0.013649
0.170790
0.078871
0.089517
0.119582
0.120553
0.227331
0.198829
0.241140
0.244651
0.248969
0.188276
0.173260
0.133682
0.027370
0.075396
0.005059
0.058396
0.085289
0.216608
0.112261
0.135939
0.052230
0.087059
0.031665
0.016644
0.099164
0.019342
0.133599
0.143410
0.081011
0.034296
0.042110
0.025448
-0.005846
0.145728
0.134380
0.003205
0.021564
0.085364
0.084622
0.174122
0.291833
0.374932
0.106223
0.285958
0.194984
0.383847
0.320549
0.191155
0.407930
0.272146
0.287023
0.363732
0.240213
0.378692
0.380993
0.228973
0.325616
0.048137
0.112937
0.231323
0.123889
0.112784
0.150276
0.184498
0.205178
0.231972
0.285141
0.427787
0.090220
0.276780
0.203743
0.318748
0.282046
0.672310
0.489157
0.762904
0.774815
0.901009
0.874226
0.846090
0.919418
0.918611
0.899665
0.932766
0.833190
0.902699
0.865180
0.847394
0.866872
0.536526
0.648946
0.668054
0.605458
0.839339
0.699594
0.799469
0.779791
0.899389
0.841536
0.887993
0.710619
0.675640
0.695331
0.633751
0.670214
0.636736
0.549722
0.457593
0.514346
0.504148
0.565131
0.818072
0.848243
0.872560
0.857568
0.883343
0.821151
0.891153
0.807037
0.876961
0.835049
0.910148
0.879952
0.926002
0.939802
0.953770
0.957062
0.903631
0.840416
0.879596
0.826900
0.879744
0.726223
0.851277
0.752424
0.879488
0.848445
0.826473
0.816333
0.833718
0.779696
0.860405
0.786666
0.848808
0.774854
0.701363
0.669374
0.721191
0.508755
0.651222
0.505634
0.650396
0.627424
0.745632
0.775344
0.876170
0.730637
0.883998
0.794833
0.871324
0.867168
0.894625
0.835653
0.930642
0.857706
0.932097
0.931885
0.933311
0.898878
0.887170
0.906214
0.884899
0.811020
0.844736
0.802609
0.911163
0.852543
0.797732
0.844463
0.922991
0.952186
0.975116
0.975224
0.964921
0.946819
0.970653
0.937326
0.918602
0.892841
0.940378
0.910134
0.931827
0.932165
0.951977
0.927933
0.970400
0.945067
0.972649
0.952126
0.988042
0.963624
0.988098
0.972267
0.987369
0.973740
0.992256
0.983562
0.988702
0.983900
0.983078
0.987174
0.991349
0.983485
0.994646
0.991014
0.984002
0.985368
0.984101
0.966222
0.985771
0.981726
0.976674
0.980962
0.982887
0.967875
0.966725
0.959686
0.962460
0.938714
0.924702
0.915137
0.943606
0.906279
0.948990
0.924274
0.950164
0.936752
0.965090
0.974014
0.957618
0.953706
0.956774
0.939291
0.980913
0.957807
0.982753
0.969412
0.980213
0.978596
0.969550
0.958179
0.942583
0.912454
0.898740
0.839288
0.859027
0.798054
0.850547
0.760775
0.841161
0.557718
0.792484
0.665066
0.706030
0.627723
0.624752
0.618365
0.824344
0.715716
0.883238
0.866101
0.822149
0.695869
0.714014
0.749228
0.847248
0.756054
0.804665
0.788665
0.746420
0.647510
0.782587
0.703087
0.740670
0.595908
0.649583
0.567496
0.526138
0.392697
0.516196
0.495909
0.651941
0.533269
0.553687
0.555800
0.663692
0.538801
0.772319
0.664300
0.723371
0.637115
0.700179
0.707731
0.740926
0.776190
0.769592
0.746437
0.830763
0.746408
0.929206
0.836842
0.826971
0.808980
0.785224
0.716377
0.642380
0.628863
0.402221
0.397145
0.491791
0.277775
0.539013
0.367717
0.546032
0.314661
0.373506
0.427283
0.680769
0.385115
0.559116
0.611034
0.594680
0.642934
0.765054
0.849630
0.825120
0.847182
0.864550
0.769662
0.876087
0.603304
0.801905
0.625625
0.757351
0.611801
0.736214
0.595625
0.742905
0.662838
0.830909
0.686357
0.763561
0.571694
0.611189
0.589792
0.645312
0.562993
0.712355
0.615385
0.713594
0.638309
0.527031
0.624374
0.656012
0.594440
0.634482
0.523246
0.515054
0.549082
0.419251
0.352783
0.351215
0.400398
0.329611
0.313097
0.230375
0.260422
0.344216
0.251605
0.342725
0.320557
0.548107
0.502663
0.335008
0.385615
0.252422
0.323404
0.399260
0.200724
0.425204
0.286833
0.431925
0.345980
0.581180
0.367924
0.427691
0.325224
0.541672
0.474658
0.502430
0.340274
0.322401
0.393009
0.512147
0.500992
0.762451
0.619332
0.573383
0.478492
0.478851
0.414073
0.523765
0.570914
0.440938
0.401770
0.536404
0.529240
0.528263
0.426430
0.486274
0.324651
0.355438
0.282527
0.234880
0.144657
0.171399
0.220714
0.127433
0.070416
0.214545
0.029488
0.061110
0.053917
0.107853
0.136008
0.220916
0.120401
0.238339
0.140663
0.070225
0.131323
0.278806
0.152228
0.256817
0.174260
0.312646
0.238413
0.224300
0.214935
0.158987
0.285397
0.282800
0.165908
0.121190
0.154180
0.200896
0.040163
0.187749
0.141105
0.268928
0.274586
0.153732
0.212088
0.224251
0.079328
0.101030
0.190071
0.203102
0.091100
0.055515
0.050518
0.088647
0.225843
0.334809
0.068157
0.103618
0.082397
0.172695
0.131378
0.016205
0.102084
0.032636
0.074538
0.078481
0.037717
0.121069
0.075369
-0.037925
-0.049569
0.243612
0.084366
0.009429
0.083691
0.157989
0.141274
-0.043219
-0.041999
0.100154
0.016404
0.097435
0.045482
0.044065
0.030501
0.173083
0.118227
0.220518
0.209628
0.263310
0.401391
0.495244
0.510494
0.547448
0.486730
0.512705
0.494259
0.513225
0.417385
0.471637
0.270225
0.467181
0.514261
0.539800
0.407236
0.710294
0.659667
0.783745
0.809254
0.669687
0.642968
0.777181
0.641407
0.511872
0.473264
0.477918
0.225091
0.335997
0.374236
0.297816
0.237795
0.262483
0.200877
0.249520
0.314721
0.265533
0.255482
0.274910
0.331701
0.430136
0.341178
0.569663
0.396731
0.403252
0.376195
0.246015
0.285592
0.193847
0.222080
0.287109
0.221772
0.255052
0.176898
0.186563
0.128759
0.163976
0.119904
0.169670
0.166045
0.328221
0.267664
0.025236
0.242690
0.109296
0.265678
0.185990
0.108993
0.065126
0.146388
0.229598
0.128006
0.327110
0.136099
0.049345
0.077324
0.149847
0.072815
0.178981
0.031519
0.105380
0.052188
0.047913
0.024754
0.032759
-0.009469
0.194312
0.146412
0.125949
0.179463
0.269724
0.201906
0.061663
0.068045
0.078002
0.119477
0.104193
0.076988
0.244345
0.148724
0.014881
0.108170
0.118898
0.040661
0.119327
0.055006
0.123240
0.082765
0.189021
0.229562
0.301599
0.133254
0.105055
0.202029
-0.010089
