0.072472
0.085773
0.197645
0.133253
0.181872
0.133943
0.189167
0.146743
0.104256
0.191302
0.146333
0.075768
0.174917
0.368919
0.342049
0.510574
0.443078
0.463716
0.490395
0.313980
0.504326
0.239748
0.346349
0.274703
0.184277
0.173633
0.176609
0.287671
0.314537
0.352151
0.154542
0.433602
0.432544
0.299284
0.274877
0.339644
0.378539
0.361778
0.169350
0.179712
0.195534
0.147775
0.188100
0.258288
0.091374
0.320482
0.289024
0.362545
0.417578
0.288158
0.366779
0.383387
0.399738
0.401564
0.433260
0.488462
0.432390
0.317074
0.327294
0.279876
0.435735
0.195504
0.142865
0.372086
0.328880
0.333838
0.357152
0.328101
0.251812
0.201997
0.042768
0.082610
0.143102
0.117848
0.016992
0.226744
-0.021246
0.162515
0.121482
0.167614
0.045462
0.165111
0.101216
0.117008
0.049276
0.201083
0.046648
0.166461
0.207488
0.077476
0.029517
0.121056
-0.005035
0.031536
0.046405
0.126333
0.113629
0.062126
0.077291
0.187689
0.036858
0.021610
0.066950
0.165209
0.004389
0.052007
0.180831
0.263558
0.091076
0.320255
0.265207
0.434602
0.314721
0.280079
0.361736
0.322702
0.390720
0.482940
0.365888
0.706694
0.711692
0.625738
0.539267
0.487110
0.430450
0.548633
0.301872
0.357087
0.188191
0.246786
0.130860
0.217047
0.092651
0.147274
0.023741
0.193400
0.106653
0.295718
0.121402
0.275171
0.047132
0.426526
0.297192
0.315766
0.254966
0.175568
0.169372
0.018564
0.171470
0.244917
0.024684
0.130206
0.059581
0.161891
-0.031370
0.050518
0.240101
0.147366
0.079571
0.326083
0.155081
0.269590
0.186342
0.311723
0.066628
0.209107
0.194507
0.254402
0.235224
0.164409
0.095659
0.247315
0.040870
0.151239
0.039526
0.195448
-0.035416
0.277158
0.092491
0.171941
0.122833
0.107540
0.026016
0.138431
0.161549
0.208292
0.157242
0.147401
0.240012
0.200236
0.178459
0.152241
-0.066254
0.168430
0.011094
0.050306
0.099157
0.201829
0.039694
0.328663
0.277582
0.284603
0.069651
-0.039514
0.005242
0.146920
0.163925
0.241894
0.228698
0.237416
-0.026329
0.106542
0.188607
0.149364
-0.006875
0.109879
0.093448
0.154457
-0.017933
0.083824
0.165839
0.400386
0.153742
0.416569
0.317437
0.258826
0.168542
0.108794
0.347846
0.290078
0.203607
0.312584
0.084224
0.219118
0.104307
0.204399
0.159553
0.145434
0.064973
0.139794
-0.034379
0.065173
-0.028329
0.052254
0.011907
0.094311
0.115964
0.154231
0.202226
0.114611
0.082169
0.109131
0.135130
0.006042
0.101963
0.112627
0.083827
0.101353
0.027045
0.106187
0.079134
0.175994
0.003080
0.205262
0.086234
0.140135
-0.007890
0.272239
0.041983
0.189609
0.164333
0.262817
0.037327
0.204798
0.201755
0.075635
0.052517
0.250322
0.169698
0.162309
0.019270
0.107747
-0.056643
0.145048
0.173810
0.228008
-0.015402
0.021014
-0.098870
0.029247
0.031996
0.225244
0.178023
0.087039
0.139200
0.403380
0.388973
0.410053
0.357653
0.362352
0.215595
0.462892
0.459813
0.660065
0.610150
0.586694
0.666802
0.746422
0.608643
0.525319
0.423424
0.360182
0.255482
0.234695
0.195053
0.144337
0.150478
0.353867
0.342090
0.403850
0.399145
0.233471
0.196164
0.349954
0.365957
0.243890
0.113990
0.175039
0.157722
0.020281
0.016727
0.079821
0.110229
0.091814
0.110963
0.071483
0.076335
0.001804
-0.045576
0.037121
-0.069544
0.165108
0.023347
0.058566
0.048331
0.009983
-0.009446
-0.030812
0.111632
0.000630
0.099325
-0.107117
-0.052052
0.111956
0.115677
0.082921
0.224240
0.152561
0.000872
0.051398
0.086976
0.090410
0.047330
0.367288
0.159195
0.447561
0.283213
0.613038
0.636066
0.589991
0.680327
0.653565
0.554804
0.694577
0.505286
0.601265
0.636320
0.502547
0.581757
0.672170
0.541057
0.644283
0.604358
0.744617
0.745116
0.665330
0.619260
0.740489
0.722493
0.721748
0.404784
0.693383
0.475376
0.483064
0.687982
0.521916
0.216370
0.642604
0.352763
0.626808
0.558902
0.645014
0.571718
0.630591
0.621470
0.592172
0.391970
0.638105
0.507506
0.414459
0.504478
0.454551
0.487104
0.566505
0.440302
0.640998
0.687552
0.625833
0.577257
0.681084
0.582000
0.628797
0.529546
0.469317
0.543351
0.356745
0.305169
0.413794
0.237551
0.123708
0.182704
0.027329
0.144780
-0.031608
0.056577
-0.161002
0.118337
0.120304
-0.010493
0.067623
-0.026102
-0.035607
-0.045636
0.018838
0.017920
0.239586
0.044630
0.152532
0.125220
0.080316
0.092238
0.131294
0.157667
0.121214
-0.009516
-0.047020
0.013797
0.057421
0.026986
-0.007295
0.041192
0.078877
-0.004561
0.200035
-0.058580
0.020699
0.034528
0.021673
0.108118
0.132958
0.028447
0.038993
0.113100
-0.019081
0.045323
0.101874
0.095169
0.089465
0.019240
-0.057899
0.071181
0.089112
0.057256
0.233446
-0.055994
0.038330
0.082166
0.279514
-0.006227
0.088024
0.210234
0.252312
0.103236
0.095620
0.242143
0.181024
0.228548
0.259304
0.137128
0.216009
0.240564
0.174819
0.183825
0.203095
0.115029
0.151279
0.105111
0.269101
0.051466
0.448493
0.235833
0.337932
0.180899
0.263015
0.257137
0.219642
0.265930
0.318088
0.167637
0.466838
0.412825
0.528343
0.572705
0.658217
0.509699
0.723371
0.644920
0.753959
0.713028
0.666778
0.672695
0.582869
0.670905
0.558719
0.413590
0.541831
0.467072
0.482911
0.230167
0.449337
0.401601
0.807551
0.741351
0.904406
0.827932
0.842687
0.795725
0.759235
0.767917
0.787678
0.605793
0.725336
0.538979
0.420251
0.365445
0.413001
0.135786
0.204267
0.070678
0.223335
0.143773
0.155892
0.234177
0.296126
0.124378
0.274375
0.163502
0.395011
0.381537
0.361513
0.309170
0.248563
0.228071
0.484924
0.532615
0.748605
0.772127
0.703060
0.760022
0.719052
0.669097
0.486039
0.482910
0.408971
0.499416
0.438924
0.382237
0.456870
0.129526
0.626513
0.467006
0.588325
0.672186
0.773580
0.669353
0.752910
0.696078
0.719365
0.548458
0.819309
0.594797
0.681020
0.686723
0.642364
0.583922
0.791145
0.516473
0.868684
0.859884
0.734346
0.781858
0.778979
0.779129
0.830478
0.702229
0.824646
0.763138
0.799270
0.678261
0.845351
0.645154
0.675561
0.575513
0.614495
0.528924
0.492939
0.494021
0.765474
0.690759
0.609473
0.668129
0.633133
0.586799
0.503895
0.330645
0.165598
0.227390
0.406600
0.300740
0.463229
0.280351
0.443128
0.329961
0.486419
0.533642
0.567467
0.408020
0.620101
0.557540
0.610192
0.427742
0.690863
0.649026
0.886578
0.669630
0.917181
0.915292
0.819583
0.799987
0.751116
0.651097
0.616420
0.543702
0.402578
0.343125
0.463301
0.478892
0.541223
0.494750
0.688959
0.501495
0.692759
0.719629
0.590517
0.591952
0.407340
0.565127
0.560128
0.408754
0.643937
0.570238
0.463429
0.385048
0.211607
0.077238
0.084982
0.001355
0.139144
0.030614
0.018429
0.075550
0.216168
0.187834
0.203620
0.047584
0.149016
0.054972
0.077774
-0.093028
-0.007263
-0.035974
0.078498
0.086506
0.017740
0.024349
0.170058
0.045948
0.092281
0.277581
0.060299
0.096782
-0.010481
0.020416
0.039259
0.027986
0.111332
0.315728
0.302137
0.277251
0.324689
0.319886
0.170752
0.259296
0.549542
0.289537
0.482406
0.328649
0.422439
0.344291
0.366184
0.312219
0.368851
0.337397
0.377103
0.454559
0.517606
0.452989
0.708178
0.683969
0.707343
0.677061
0.728041
0.601851
0.698585
0.548674
0.588875
0.556464
0.361201
0.478757
0.231161
0.219771
0.445765
0.434623
0.299316
0.264957
0.129041
0.182124
0.477832
0.153360
0.643121
0.407249
0.369414
0.298836
0.279652
0.505313
0.196973
0.245430
0.317847
0.301248
0.391851
0.313456
0.352285
0.283521
0.295839
0.078302
0.381598
0.229262
0.204163
0.330475
0.308781
0.121077
0.238457
0.155727
0.533470
0.306603
0.433646
0.482914
0.324504
0.338619
0.691209
0.473884
0.775520
0.649020
0.820433
0.789811
0.816498
0.691181
0.809062
0.766866
0.851878
0.817288
0.749136
0.735724
0.595020
0.404961
0.657963
0.598850
0.622376
0.524065
0.444524
0.585362
0.727576
0.565637
0.675126
0.466392
0.658346
0.468401
0.399624
0.432499
0.519610
0.361344
0.500936
0.433740
0.614698
0.583951
0.577249
0.691852
0.731441
0.681910
0.632324
0.650980
0.575744
0.509500
0.465171
0.419219
0.571354
0.356085
0.418548
0.324750
0.421186
0.426433
0.376384
0.270816
0.300424
0.195727
0.227763
0.125263
0.060754
0.110871
-0.059262
0.043459
0.268186
0.108240
0.035377
0.061763
0.255559
0.167779
0.055402
0.043976
0.064196
0.078212
0.115338
0.084129
0.035159
0.026638
0.179005
0.131066
0.051229
0.147221
0.067720
0.051768
0.145969
0.164757
0.161050
0.013548
-0.002011
0.217386
0.118372
0.106784
0.044971
0.013531
0.109665
0.123184
0.037978
0.033566
0.125793
0.031928
0.104281
0.144950
0.146881
0.126516
0.156242
0.079132
0.001853
0.127270
0.109335
0.173006
0.200225
0.183053
0.238193
0.135019
0.199354
0.140304
0.245161
0.277982
0.333512
0.268351
0.423821
0.401596
0.681922
0.586130
0.835754
0.736587
0.751795
0.681459
0.669316
0.601607
0.479555
0.404562
0.494799
0.429313
0.372673
0.354316
0.384678
0.261764
0.392110
0.405811
0.544942
0.512681
0.503962
0.289086
0.262289
0.327736
0.436509
0.245821
0.245506
0.228387
0.254667
0.350074
0.477066
0.308840
0.193422
0.171172
0.314027
0.269798
0.290206
0.135162
0.354477
0.272788
0.227529
0.121692
0.303776
0.132129
0.191913
0.195660
0.129740
0.077292
0.294241
0.187916
0.524962
0.541370
0.348697
0.198299
0.268840
0.457764
0.261647
0.105340
0.246955
0.146961
0.074890
0.101288
0.162898
0.027296
0.144674
0.042105
0.125792
0.163169
0.087259
0.024034
0.158041
0.112618
0.120390
-0.027998
0.096716
0.062902
0.049747
0.028992
0.057146
-0.056610
0.098106
-0.002889
0.205464
0.166769
0.047897
0.119871
0.125392
0.132518
0.140859
0.007037
0.120706
0.081895
0.081417
0.028368
0.095211
-0.082626
0.155480
-0.013738
0.005020
-0.097458
-0.057287
-0.017895
-0.075032
0.052995
0.058994
0.034317
-0.035908
0.086517
0.115470
0.049310
0.044016
0.007733
0.107194
0.107971
-0.015746
