0.053072
0.183579
0.191563
0.156599
0.224470
0.128846
0.200977
0.208969
0.123287
0.190542
0.021368
0.070152
0.044225
0.130014
0.083340
-0.032946
0.066054
-0.014622
0.079825
0.164421
-0.035419
0.043048
0.130977
0.061847
0.066259
0.107613
-0.019059
0.159994
0.136441
0.092630
0.125465
0.171055
0.052644
0.167809
-0.001316
0.042581
0.141864
0.142031
0.100150
0.236024
0.123565
0.148551
0.180540
0.202385
0.182822
0.122309
0.011404
0.059313
0.027249
0.108767
0.008967
0.260228
0.209362
0.085278
0.042476
0.062432
0.147863
0.149207
0.125615
0.053067
0.163859
-0.016178
0.167831
0.085260
0.081314
0.056549
0.007595
0.089849
0.030310
0.160348
0.043695
-0.016043
0.124058
0.046643
0.082190
0.055580
0.048259
0.021219
-0.109202
0.006414
-0.002660
0.035864
0.075952
0.087605
-0.040569
0.149985
0.100577
0.084193
0.163218
0.160989
0.110122
0.252319
0.109574
0.135826
0.159335
0.254641
0.215251
0.243860
0.162603
0.119181
0.109850
0.079098
0.162755
0.065340
0.125228
0.090242
0.097268
0.025903
0.054834
-0.018445
0.036373
0.052631
0.085900
0.119554
0.040702
0.081141
0.027533
0.083252
0.054290
0.089235
0.185853
0.197956
0.167723
0.153221
0.291652
0.386531
0.324714
0.453980
0.299984
0.286052
0.367755
0.313386
0.218833
0.248977
0.162351
0.212005
0.201505
0.167578
0.063501
0.219346
0.131143
-0.040896
0.042251
0.061249
0.067888
0.049071
0.020436
0.004700
0.026902
0.031393
0.046301
0.090101
0.098376
0.085945
0.076638
0.039074
-0.001674
-0.027324
0.055239
0.081895
-0.016586
0.195777
0.095518
0.123138
0.145924
0.056350
0.067972
0.064198
0.095858
0.098629
0.109326
0.161775
0.153412
0.029174
0.229407
0.173230
0.205679
0.312636
0.061423
0.167486
0.072462
0.156608
0.174626
0.071736
0.062020
-0.045857
0.137839
0.225823
0.044754
0.010053
0.119634
0.114925
0.085789
0.130764
0.278191
0.057718
-0.050502
0.190578
0.098677
0.180791
0.117810
0.025561
0.011423
0.039856
0.083973
0.130391
0.118978
0.151042
0.091053
0.113388
0.219804
0.142144
-0.005304
0.233196
0.040086
0.282553
0.115287
0.161946
0.215491
0.224246
0.152605
0.219505
0.111746
0.234685
0.221028
0.208392
0.137850
0.301833
0.280303
0.104784
0.093842
0.191814
0.298096
0.270998
0.137311
0.078833
0.099831
0.068374
0.097377
0.131698
0.096750
0.026211
0.069930
-0.031685
0.046619
0.006209
-0.012414
0.016520
0.032839
0.159209
0.034971
-0.019518
0.026049
0.008447
0.050596
0.020115
0.015599
-0.018416
0.094519
0.043328
-0.064856
0.118769
0.056415
0.141529
0.114976
0.125637
0.002093
0.053127
0.065623
-0.032968
0.089825
0.015677
0.078943
0.167222
0.169596
0.169770
0.217897
0.082167
0.081995
0.147722
0.135736
0.127778
0.156638
0.062522
0.110528
0.223891
0.249626
0.367464
0.298488
0.248205
0.159157
0.147807
0.060979
0.135344
0.004523
-0.012077
0.166203
0.078192
0.012070
0.090877
0.152421
0.048504
0.101900
0.077910
-0.047426
0.083272
-0.052523
0.051579
0.003326
0.140662
0.115361
0.114003
0.050933
0.056045
0.078935
-0.029827
0.115944
0.059669
0.080508
-0.030109
-0.036717
0.086481
-0.000332
0.014249
0.078906
0.046834
0.127105
0.049848
0.097318
0.102470
0.075934
0.151294
0.027994
0.270758
0.213307
0.441122
0.479642
0.355371
0.310790
0.204461
0.437755
0.201899
0.042201
0.328572
0.141905
0.445587
0.386715
0.527989
0.463042
0.465411
0.437178
0.464502
0.359572
0.375411
0.281720
0.235572
0.213804
0.289554
0.283637
0.364725
0.328806
0.319160
0.335408
0.108873
0.075754
0.226686
0.008345
0.151017
0.035675
0.103299
0.005092
0.068888
0.247057
-0.011570
0.191172
0.139424
0.202434
0.222689
0.077281
0.250715
0.149513
0.278292
0.142282
0.381615
0.336128
0.331345
0.228869
0.312633
0.235975
0.475500
0.347873
0.507267
0.464219
0.484617
0.310596
0.425431
0.415599
0.393784
0.456657
0.411059
0.446019
0.773334
0.761872
0.895284
0.862247
0.899972
0.844477
0.868031
0.838300
0.911543
0.928889
0.812317
0.788177
0.892948
0.869251
0.958604
0.933365
0.942794
0.935286
0.917409
0.866514
0.909957
0.899638
0.816774
0.861605
0.838699
0.788914
0.784033
0.731366
0.799244
0.729391
0.796358
0.793900
0.837355
0.779402
0.805305
0.697240
0.843041
0.779793
0.833180
0.820099
0.825924
0.815674
0.841012
0.839383
0.675153
0.743600
0.730521
0.687765
0.769260
0.727913
0.811302
0.803639
0.880418
0.815995
0.903282
0.927660
0.922342
0.857252
0.914640
0.819679
0.813009
0.790432
0.721975
0.658466
0.698845
0.625844
0.749464
0.692086
0.813741
0.710922
0.787044
0.724725
0.845928
0.848941
0.908472
0.840604
0.876313
0.893723
0.862718
0.812814
0.813818
0.821163
0.761591
0.754841
0.845595
0.861008
0.908660
0.858945
0.916818
0.864827
0.907687
0.883203
0.849737
0.864832
0.868881
0.823308
0.719872
0.749822
0.693834
0.578362
0.669236
0.508440
0.590630
0.424325
0.445161
0.531951
0.432289
0.511263
0.599119
0.611964
0.722510
0.548436
0.588476
0.576296
0.675848
0.573583
0.603254
0.505966
0.482490
0.502637
0.396850
0.461807
0.341931
0.346441
0.250717
0.331514
0.293732
0.288379
0.174189
0.178183
0.174543
0.154118
0.174905
0.200210
0.104857
0.148561
0.040686
0.194901
0.146425
0.176193
0.215467
0.126152
0.073031
0.014066
0.184378
0.015757
0.162841
0.179033
0.163744
0.160994
0.156686
0.227049
0.317329
0.174526
0.198053
0.242155
0.340599
0.390475
0.561536
0.636115
0.609325
0.600474
0.599014
0.474822
0.604103
0.573386
0.684358
0.574183
0.618244
0.511555
0.511199
0.415103
0.631833
0.430157
0.606420
0.431994
0.567833
0.509533
0.431488
0.487494
0.443786
0.344140
0.504287
0.440548
0.454331
0.409071
0.530241
0.491914
0.687150
0.465905
0.768963
0.705126
0.796361
0.827285
0.859419
0.788233
0.760531
0.750491
0.704464
0.725329
0.779503
0.604594
0.641951
0.678910
0.632389
0.748021
0.802011
0.736519
0.817985
0.835770
0.795633
0.649345
0.731674
0.660916
0.758432
0.622625
0.823307
0.842751
0.862619
0.809836
0.871590
0.898610
0.934248
0.897416
0.880633
0.852174
0.763825
0.709391
0.737534
0.605801
0.616089
0.539838
0.621636
0.427079
0.617135
0.426475
0.485364
0.400133
0.523236
0.430555
0.556130
0.635468
0.683980
0.631562
0.755115
0.689859
0.817307
0.766360
0.744331
0.753074
0.637483
0.595670
0.749543
0.661431
0.797694
0.811848
0.906509
0.908110
0.958666
0.910777
0.968077
0.937363
0.956137
0.917551
0.911871
0.919392
0.954724
0.946495
0.953606
0.960730
0.948446
0.942462
0.927990
0.927790
0.899686
0.848493
0.839468
0.667188
0.783592
0.712909
0.571222
0.519752
0.200793
0.213280
0.279065
0.283765
0.197967
0.096268
0.250805
0.120589
0.300557
0.244437
0.260989
0.232261
0.163772
0.133721
0.182229
0.167804
0.334548
0.275406
0.466893
0.369248
0.508944
0.570941
0.665353
0.615099
0.577116
0.553805
0.507158
0.299102
0.555125
0.523339
0.572212
0.404656
0.553984
0.326907
0.406844
0.286473
0.418672
0.229460
0.497333
0.477949
0.539930
0.570872
0.729261
0.518077
0.742564
0.691968
0.659418
0.587195
0.371539
0.474116
0.309968
0.266689
0.187454
0.042653
0.341819
0.079224
0.337909
0.281638
0.428139
0.423098
0.516197
0.416072
0.531476
0.510585
0.593260
0.592300
0.827108
0.744967
0.932138
0.886718
0.867509
0.828988
0.789073
0.718381
0.720116
0.631776
0.626524
0.532304
0.616667
0.370106
0.539587
0.436857
0.325750
0.354267
0.344812
0.367727
0.354730
0.490394
0.468467
0.351572
0.552477
0.400266
0.486846
0.396332
0.396846
0.284674
0.167545
0.069874
0.229434
0.055826
0.125987
-0.045656
0.186495
0.163175
0.136649
0.138327
0.098596
0.125412
0.115738
0.162338
0.237830
-0.001479
0.086581
0.085744
-0.001004
0.018726
0.051960
0.030605
0.106513
-0.034608
0.030006
-0.001116
0.123269
0.017680
-0.066333
0.044366
-0.054686
0.016390
0.013221
-0.017522
-0.051791
-0.042783
0.077897
-0.027705
0.004518
0.024136
-0.016939
0.102999
0.088083
0.042756
0.137817
0.068266
-0.063173
0.033437
0.044374
0.033629
-0.004164
0.019495
0.139050
-0.039601
0.059750
-0.067183
0.006479
-0.058200
0.008901
0.047037
-0.007500
0.034327
0.034688
0.008651
-0.006667
0.088234
-0.040169
0.104733
0.114284
0.034245
0.211382
0.137367
0.065786
0.175342
0.278607
0.214492
0.204276
0.263576
0.277286
0.168919
0.296026
0.250172
0.126507
0.171741
0.237811
0.041924
0.354440
0.063114
0.185423
0.164147
0.103868
0.253369
0.176028
0.055947
0.110523
0.088797
0.082338
0.047877
0.164390
0.170751
0.284763
0.273807
0.199566
0.213165
0.085609
0.160187
0.189330
0.190794
0.312881
0.283826
0.214044
0.195407
0.279414
0.082645
0.060459
0.146142
0.215508
0.229801
0.329188
0.224447
0.235649
0.372350
0.288712
0.194011
0.129711
0.133089
0.143469
0.219682
0.177272
0.072879
0.199451
0.163919
0.337105
0.416213
0.348771
0.347464
0.316652
0.287487
0.383589
0.187715
0.287379
0.263840
0.488312
0.341748
0.476664
0.443896
0.392918
0.453541
0.647974
0.510142
0.480141
0.533342
0.327620
0.370716
0.295331
0.197717
0.124245
0.228291
0.205023
0.226025
0.173429
0.242291
0.168555
0.115811
0.178849
0.071256
0.167757
0.239699
0.136808
0.136130
0.273118
0.146276
0.309087
0.237305
0.221472
0.241958
0.147560
0.179050
0.291663
0.206568
0.399415
0.154855
0.170209
0.159331
0.211708
0.191806
0.139744
0.161753
0.201765
0.163300
0.104735
0.123955
0.256319
0.054249
0.193508
0.062204
0.333288
0.291240
0.283118
0.243991
0.215546
0.281008
0.256540
0.151850
0.208810
0.152921
0.200790
0.014615
0.240488
0.038983
0.357222
0.289744
0.482853
0.345236
0.287514
0.297294
0.249650
0.237860
0.108837
0.180222
0.034149
0.072272
-0.013606
0.019011
0.150732
0.038171
0.054934
0.118269
0.251325
0.236915
0.174906
0.217782
0.156272
0.133788
0.159064
0.128673
0.241087
0.123935
0.177986
0.132430
0.182761
0.077758
0.161445
0.134538
-0.018123
