0.081933
0.105599
-0.003070
-0.005241
0.143733
0.042609
0.085566
-0.019295
0.060799
0.102755
0.031509
0.086940
0.085706
0.043051
0.124049
0.210470
0.036906
0.094840
-0.057035
0.050775
-0.049056
-0.007681
-0.010922
-0.038446
0.025063
-0.007254
-0.041171
0.079330
-0.000455
0.153265
0.069678
0.146084
0.113080
-0.067110
0.089972
0.147356
0.106762
0.079142
0.019268
0.051296
0.088075
0.076790
0.129088
0.132005
0.177970
0.031988
0.085521
0.080297
0.104406
0.176547
0.169666
0.054347
0.002258
0.094830
0.055955
0.161287
0.085954
0.005877
-0.013873
-0.063106
-0.101667
0.105594
0.071593
-0.012234
0.255739
0.083153
0.113744
0.189206
-0.133655
0.214812
0.056535
0.000730
0.048060
0.101166
0.085993
0.257359
0.070907
-0.057367
0.140638
-0.033957
0.005612
0.104798
0.084495
0.075199
0.049962
0.196117
0.076140
0.164068
0.081579
0.001992
0.133637
0.261960
0.003084
0.051482
0.070183
0.114135
-0.024891
0.119833
-0.105706
0.188319
0.090922
0.139598
-0.136253
0.225358
0.029944
-0.001060
0.073784
0.180838
0.049994
0.168413
-0.010673
0.159615
0.067461
0.119320
-0.011634
0.029680
0.123615
0.094718
0.001133
0.154493
0.099857
0.008350
0.076499
0.052708
0.015139
0.063397
0.132059
0.145533
-0.012474
0.257888
0.148777
0.182092
0.242216
0.233831
0.207142
0.289449
0.181877
0.226657
0.175707
0.118199
0.244404
0.285974
0.274337
0.554870
0.343592
0.549097
0.541223
0.341953
0.417266
0.454113
0.191485
0.218328
0.375283
0.313612
0.380737
0.470692
0.352133
0.410056
0.441618
0.644379
0.600520
0.495275
0.494981
0.412680
0.221324
0.400567
0.276761
0.241580
0.074533
0.181593
0.126509
0.296082
0.233958
0.181955
0.172224
0.306951
0.139302
0.149838
0.154648
0.301290
0.024368
0.139501
0.111239
0.209486
0.134411
0.047123
0.070286
0.021299
0.023817
0.077637
0.007693
0.042023
-0.041421
0.086314
-0.017159
-0.061752
0.040442
0.037884
0.054718
0.022261
-0.021729
0.046848
-0.118495
-0.067944
-0.064570
0.032916
0.183838
-0.000708
0.100122
-0.065024
0.028155
0.015925
0.067408
0.014453
0.065220
0.135294
-0.067678
-0.018437
0.074752
0.019194
0.058785
0.118982
0.037693
0.032403
0.008675
0.171682
0.045892
0.171055
0.129914
0.200947
0.190888
0.195881
0.262047
0.258626
0.201722
0.137122
0.090174
0.130101
0.156882
0.181119
0.042412
0.070086
-0.044438
0.046885
0.114746
-0.034442
0.119230
0.156894
0.047106
0.052811
-0.006444
0.044716
0.081845
0.109749
-0.054597
0.134228
0.102548
0.211805
0.188267
0.235617
0.190992
0.278860
0.212682
0.339418
0.313301
0.393513
0.261191
0.145962
0.358856
0.397162
0.254858
0.300441
0.235813
-0.014714
0.180544
0.024485
-0.004238
0.186727
-0.001263
0.057873
0.053802
0.081847
-0.019231
0.292787
-0.057716
0.126338
0.111184
-0.006607
0.001849
-0.013851
0.043046
-0.008168
-0.018811
-0.010146
-0.088993
-0.015499
0.032033
0.156001
0.026943
0.102729
0.050339
0.098803
0.015516
0.081141
0.037665
0.171194
0.060660
0.124345
0.121358
0.221835
0.183218
0.408165
0.254618
0.283428
0.309348
0.545854
0.401677
0.559363
0.249119
0.783597
0.615629
0.736685
0.487522
0.674940
0.611440
0.745569
0.606188
0.830551
0.805196
0.791649
0.805590
0.733513
0.674201
0.739671
0.693506
0.792886
0.772179
0.714646
0.652753
0.525962
0.356864
0.481318
0.323826
0.369262
0.215257
0.369302
0.243745
0.472174
0.331836
0.367255
0.255532
0.317247
0.249843
0.257026
0.105770
0.252466
0.145036
0.267150
0.223252
0.528936
0.443384
0.265151
0.198080
0.273071
-0.008697
0.043766
0.066773
0.016619
-0.003132
-0.021370
-0.021192
0.075203
0.119519
0.050508
0.091484
0.081940
0.092517
0.018663
0.052220
0.067136
-0.114150
0.214301
-0.014605
0.155530
0.058660
0.044999
-0.044964
0.083050
0.136501
0.144676
0.070185
0.383834
0.135274
0.315208
0.173108
0.468555
0.299950
0.413660
0.116002
0.590623
0.309922
0.538330
0.447143
0.429323
0.502446
0.426188
0.503008
0.498559
0.270680
0.251350
0.091659
0.257746
0.182157
0.282046
0.258574
0.310744
0.235917
0.294204
0.345060
0.387318
0.569127
0.443932
0.226137
0.427997
0.371893
0.356805
0.381128
0.454317
0.200383
0.451651
0.613679
0.772073
0.838701
0.761079
0.782206
0.837520
0.804132
0.798813
0.669338
0.768210
0.705504
0.650395
0.621194
0.628782
0.569743
0.732556
0.637362
0.728151
0.734588
0.634100
0.763465
0.636936
0.586331
0.671219
0.520285
0.667475
0.638222
0.719113
0.540093
0.507604
0.574792
0.815331
0.674731
0.894693
0.849661
0.875334
0.901913
0.938078
0.877610
0.930416
0.879594
0.911962
0.876939
0.817734
0.821963
0.830711
0.814129
0.847630
0.851669
0.908465
0.866377
0.862281
0.866575
0.885147
0.863106
0.932445
0.787459
0.932263
0.901023
0.839184
0.873105
0.733809
0.781681
0.817431
0.841852
0.925148
0.914614
0.903570
0.928262
0.924415
0.921559
0.882943
0.867023
0.881112
0.876804
0.908000
0.904935
0.910690
0.907740
0.926585
0.916098
0.928021
0.873648
0.931778
0.853671
0.891254
0.898762
0.884901
0.881848
0.801025
0.822432
0.880740
0.759019
0.819162
0.781092
0.875930
0.922962
0.928095
0.940158
0.922023
0.903601
0.850671
0.771606
0.853752
0.637585
0.791234
0.682644
0.633172
0.697088
0.776838
0.721151
0.731737
0.612191
0.701230
0.596942
0.811432
0.707470
0.863387
0.766186
0.928241
0.875595
0.979385
0.961518
0.968260
0.963756
0.968243
0.937461
0.987301
0.974226
0.991499
0.985029
0.989703
0.990726
0.988052
0.972478
0.985957
0.967770
0.975622
0.971090
0.976872
0.969849
0.951883
0.924675
0.925924
0.880139
0.911179
0.888072
0.883330
0.877166
0.858120
0.892878
0.914591
0.881965
0.942758
0.921420
0.871568
0.829086
0.688266
0.594439
0.652842
0.396579
0.513981
0.484027
0.616029
0.501857
0.690626
0.596353
0.699783
0.609691
0.724248
0.627932
0.783086
0.641826
0.734427
0.782007
0.761918
0.816873
0.904329
0.790939
0.876915
0.820117
0.831793
0.761106
0.911059
0.822817
0.886870
0.915487
0.873220
0.920052
0.942334
0.853032
0.961181
0.945363
0.964921
0.934665
0.941565
0.931704
0.937218
0.917245
0.955514
0.910937
0.943474
0.921370
0.943240
0.950898
0.935125
0.908680
0.950897
0.897103
0.940351
0.916563
0.862516
0.848581
0.868107
0.810819
0.867097
0.802633
0.891643
0.909978
0.941335
0.902821
0.927215
0.856555
0.843014
0.818204
0.740819
0.739356
0.772716
0.824618
0.827358
0.822277
0.787020
0.716212
0.831520
0.796084
0.706661
0.731100
0.587551
0.534573
0.696344
0.547468
0.753685
0.658141
0.659356
0.581427
0.558634
0.666517
0.655381
0.445632
0.682392
0.543629
0.508613
0.590381
0.518646
0.421801
0.637371
0.527022
0.605497
0.520041
0.587038
0.457574
0.483004
0.468108
0.688003
0.521980
0.745682
0.645898
0.621563
0.434378
0.577545
0.546524
0.342091
0.316407
0.320571
0.230174
0.273589
0.250308
0.260721
0.161757
0.194876
0.130576
0.170994
0.130293
0.151355
0.024993
-0.016088
0.139023
0.148705
0.075629
0.151062
-0.013984
0.042382
-0.058506
0.001133
0.022914
0.089585
-0.015243
0.248995
0.167126
0.235998
0.041433
0.262326
0.144017
0.180208
0.171250
0.294820
0.363140
0.332575
0.176180
0.310152
0.116429
0.205630
0.057742
0.227913
0.299470
0.299511
0.258325
0.244793
0.200190
0.523859
0.351619
0.630365
0.655247
0.386465
0.339470
0.165960
0.236263
0.359070
0.099470
0.226710
0.096441
0.064559
0.097422
0.328344
0.272867
0.211940
0.122384
0.021811
0.097257
0.169915
0.091421
0.131015
0.288045
0.379398
0.365896
0.643894
0.637459
0.601999
0.619900
0.618414
0.679211
0.685152
0.606811
0.695993
0.626273
0.725523
0.683720
0.806660
0.732849
0.756094
0.699012
0.689272
0.621442
0.367056
0.339339
0.330733
0.077066
0.353145
0.179813
0.316533
0.189482
0.340536
0.355780
0.520153
0.392106
0.475039
0.400573
0.453810
0.458735
0.505872
0.393644
0.221539
0.247176
0.377045
0.306075
0.501152
0.436484
0.250967
0.488237
0.405946
0.458933
0.344953
0.087109
0.175555
0.152691
0.207922
0.163753
0.336549
0.310985
0.523049
0.554593
0.665126
0.576229
0.745364
0.740543
0.820348
0.839056
0.821084
0.702832
0.860364
0.711581
0.778217
0.780034
0.754050
0.706703
0.889903
0.896629
0.964066
0.936132
0.945864
0.917868
0.925332
0.901324
0.913282
0.806966
0.823005
0.814883
0.906662
0.863296
0.895369
0.846865
0.889146
0.826953
0.938392
0.902327
0.880165
0.868525
0.811449
0.760554
0.821853
0.796748
0.856202
0.832937
0.823943
0.819537
0.882631
0.768331
0.848036
0.879283
0.884527
0.785057
0.867494
0.833492
0.858897
0.860582
0.938807
0.865333
0.959347
0.946663
0.949034
0.927865
0.948448
0.893025
0.928427
0.905156
0.907276
0.773038
0.851453
0.741225
0.848355
0.734275
0.813465
0.659092
0.761136
0.525659
0.628955
0.514635
0.750144
0.554474
0.705300
0.440328
0.650793
0.531815
0.501254
0.369113
0.568059
0.565191
0.448612
0.371807
0.240847
0.319951
0.367386
0.370761
0.302823
0.388949
0.359239
0.404839
0.519730
0.495211
0.285387
0.442759
0.265553
0.405306
0.284847
0.071808
0.617094
0.503669
0.331668
0.363364
0.196113
0.157779
0.267876
0.116284
0.233827
0.194227
0.153948
0.269636
0.241210
0.112754
0.210242
-0.038464
0.311788
0.315469
0.112135
0.191049
0.213530
0.177424
0.134367
0.106649
0.104139
0.067147
0.209914
0.028817
0.289862
0.033836
0.158177
0.009122
0.120694
0.010177
0.182459
-0.071958
0.025194
0.077695
-0.023408
0.080902
-0.041890
0.014715
0.085378
0.164040
0.188112
0.107159
0.064231
0.124377
0.179462
0.054099
0.152679
0.001294
0.148732
0.148686
0.120372
0.202800
0.371504
0.252125
0.177119
0.315259
0.146831
0.181202
0.193711
0.017366
0.223526
0.184944
0.139905
0.195973
0.208393
0.137972
0.141342
0.166046
0.310418
0.318303
0.119300
0.201600
0.034869
0.207369
0.132428
-0.005111
0.136387
0.042080
0.108234
0.150058
0.296708
0.015296
-0.048402
0.191607
-0.032159
