0.087859
0.114179
0.126615
-0.085077
0.089272
0.073878
0.154863
0.068221
-0.005300
0.075154
0.092869
0.107737
0.032747
0.032592
0.044909
0.068003
0.013748
-0.012095
-0.049495
0.068801
0.190570
0.116906
0.116763
0.195229
0.057910
0.081714
0.010726
0.199154
0.016952
0.070182
0.045755
0.285958
0.037044
0.114204
0.198985
0.186882
0.188303
0.139253
0.044866
0.098919
0.105133
0.068112
0.096774
0.237657
0.121044
0.107297
0.290549
0.458494
0.408479
0.284671
0.351497
0.099306
-0.021749
0.138514
0.111983
0.224579
0.174429
0.129303
0.067920
0.151381
0.131455
0.153638
0.036530
0.121671
0.081542
0.200457
0.120623
0.316864
0.150813
0.143950
0.119686
0.118887
0.141714
0.182053
0.219577
0.193265
0.090896
0.229953
0.101369
0.217474
0.101249
0.267159
0.161052
0.099041
0.137868
0.155499
0.184568
0.260520
0.180928
0.313630
0.308046
0.427951
0.265485
0.256816
0.182484
0.192709
0.163826
0.155791
0.068900
0.192952
0.110585
0.226847
0.100694
0.192566
0.264848
0.299115
0.238723
0.217096
0.209692
0.259895
0.171856
0.135338
0.159431
0.135274
0.197225
0.180783
0.067081
0.131566
0.089615
-0.008587
0.133239
0.037500
0.111133
0.083392
-0.044475
0.058075
0.124468
-0.075674
-0.064776
-0.082940
0.028860
0.060636
0.079184
0.050351
0.076911
0.112121
0.110205
0.190794
0.038234
0.134939
-0.060558
0.109610
0.078224
0.204336
0.154317
0.140922
0.054151
0.144151
0.147164
0.099535
0.065485
0.098297
-0.003324
0.050004
0.050378
-0.059033
-0.044086
0.076484
0.088120
0.111089
0.050609
0.081099
0.037891
0.123309
0.043724
0.077708
0.098178
0.139733
0.099712
-0.017149
0.055531
0.052006
-0.014060
0.102492
0.017228
0.056535
0.081691
0.055581
-0.025665
0.082827
0.155486
0.073995
-0.019261
0.118640
0.114029
0.043188
0.124043
0.030801
-0.005627
0.058812
0.061355
0.022163
-0.080033
-0.045597
0.070326
0.129275
0.023038
0.061489
0.135698
0.186620
0.072335
0.134624
0.068437
0.207585
-0.028435
0.034427
-0.049185
0.153587
0.116099
-0.092321
0.099850
0.097471
0.097656
0.149664
0.015905
-0.008470
0.090802
0.047276
0.122784
-0.029509
0.117350
0.023428
0.122266
-0.029376
0.014102
0.069011
0.149175
-0.010405
0.089791
0.039225
0.090259
0.047093
0.009358
0.113881
0.023653
0.016411
0.173604
0.066863
0.200987
0.206921
0.085345
0.054334
0.133100
0.218885
0.092356
0.391136
0.098443
0.319287
0.227945
0.320761
0.014698
0.139665
0.219155
0.194408
0.232893
0.236405
0.197000
0.204926
0.082922
-0.004715
-0.008195
0.039567
0.126919
0.046451
0.054629
0.182434
0.063174
0.159234
0.149020
0.085325
0.090973
0.168272
0.017649
0.072199
0.118755
0.181315
0.189613
0.380000
0.064276
0.074502
0.050302
0.044810
-0.041712
0.050790
0.044039
0.027594
0.183420
0.120129
0.137651
0.052112
0.113713
0.168840
0.049184
0.136766
0.141295
0.267407
0.172705
0.320890
0.138642
0.241735
0.094785
0.097210
0.117075
0.329037
0.108799
0.291552
0.022890
0.136976
0.219089
0.169151
0.095539
0.110539
0.020710
0.102965
-0.015232
0.124666
0.106762
0.113807
-0.002691
0.140597
0.063347
0.110094
0.057864
0.203851
0.220625
0.237853
0.200722
0.386711
0.261038
0.365124
0.262265
0.242458
0.188811
0.245751
0.135866
0.415602
0.313588
0.403093
0.225587
0.026730
0.136809
0.203600
0.123244
0.076954
0.178731
0.096344
0.153176
0.017080
0.160993
0.138364
0.154457
0.143470
0.090481
0.082891
0.018543
-0.014573
0.065770
0.117861
0.093990
0.057106
0.057903
0.109504
-0.056917
0.123674
0.048746
0.048273
0.073407
0.141274
0.058821
0.029099
0.009623
0.160912
0.050237
0.098307
-0.011337
0.129825
0.059792
-0.035258
0.112976
0.150733
0.021632
0.023478
0.041324
0.159929
0.123211
0.061900
0.102690
0.094749
0.083201
0.050796
-0.010047
0.142915
0.038851
0.180227
0.253008
0.416042
0.295100
0.413390
0.429892
0.496377
0.449668
0.280197
0.420496
0.541867
0.517218
0.473823
0.412659
0.577859
0.400843
0.391144
0.382825
0.307800
0.230449
0.203515
0.258718
0.254564
0.202553
0.056839
0.172553
0.179988
0.126672
0.191086
0.055268
0.261125
0.218932
0.170419
0.075326
0.088089
0.127582
-0.039540
0.147667
0.143709
0.168731
0.086894
0.004709
0.094415
0.108880
0.011347
0.066470
0.157993
0.060383
0.009602
0.039002
0.108064
-0.016071
0.062720
0.084619
0.007999
0.056311
0.150264
0.051501
0.188921
0.026157
0.197465
0.085560
0.185870
0.151831
0.168646
0.096158
0.287914
0.164100
0.283926
0.205464
0.497065
0.403439
0.491055
0.306657
0.532979
0.546422
0.608514
0.511179
0.677463
0.523699
0.590942
0.575265
0.616138
0.506266
0.754674
0.753888
0.853413
0.799630
0.689373
0.683165
0.540388
0.563639
0.593443
0.368359
0.459379
0.452158
0.293140
0.312545
0.423438
0.460962
0.341873
0.380888
0.329778
0.382031
0.359464
0.483343
0.470030
0.545750
0.544361
0.348283
0.694714
0.674986
0.704408
0.671651
0.573935
0.608721
0.580508
0.628544
0.571516
0.575321
0.776103
0.696750
0.824304
0.777937
0.830573
0.756556
0.746910
0.720225
0.854061
0.754449
0.940443
0.902210
0.955243
0.945034
0.976379
0.964566
0.955919
0.965108
0.969230
0.971588
0.965603
0.946522
0.943272
0.911868
0.922463
0.966779
0.943332
0.934734
0.977582
0.951157
0.988730
0.978497
0.971763
0.974708
0.958006
0.955907
0.956690
0.937107
0.913841
0.894168
0.843039
0.822759
0.683915
0.623874
0.513543
0.510587
0.526110
0.304463
0.407806
0.365882
0.237527
0.362839
0.479361
0.386693
0.494857
0.405140
0.331706
0.247943
0.450536
0.198471
0.374853
0.193197
0.350061
0.275297
0.569768
0.555096
0.674447
0.507810
0.608819
0.639090
0.831985
0.841420
0.889731
0.876848
0.936643
0.894890
0.912980
0.886014
0.905636
0.933830
0.903255
0.925061
0.924921
0.898745
0.948419
0.919375
0.947938
0.945397
0.915331
0.911086
0.890893
0.846949
0.855878
0.809418
0.851675
0.794796
0.857105
0.812786
0.810318
0.795159
0.821693
0.772966
0.811496
0.682712
0.771741
0.532274
0.599776
0.735473
0.525470
0.571215
0.564315
0.462078
0.683815
0.759175
0.798542
0.749027
0.760378
0.723830
0.816450
0.840736
0.834183
0.857394
0.901451
0.843611
0.921162
0.857319
0.934184
0.893723
0.896290
0.918122
0.873323
0.882317
0.884051
0.803316
0.882761
0.763851
0.893292
0.877206
0.888860
0.872333
0.912913
0.834710
0.917617
0.906347
0.904598
0.868673
0.908467
0.902273
0.892350
0.840255
0.843722
0.852655
0.801107
0.682308
0.624726
0.515099
0.661352
0.689782
0.755123
0.671021
0.720431
0.757701
0.802535
0.780371
0.792413
0.741703
0.797311
0.737092
0.738070
0.652555
0.647516
0.481132
0.768216
0.686914
0.650608
0.684068
0.753090
0.627243
0.853114
0.734355
0.779847
0.710121
0.772307
0.759692
0.780260
0.762134
0.777252
0.730779
0.806270
0.688248
0.742195
0.724846
0.602611
0.631617
0.574484
0.467392
0.555277
0.416178
0.465812
0.410693
0.396563
0.500522
0.431041
0.237418
0.374419
0.060676
0.338330
0.100155
0.258001
0.099175
0.291694
0.164899
0.189476
0.125028
0.232949
0.182610
0.181175
0.148790
0.230913
0.067737
0.093845
0.164071
0.180739
0.111008
0.113469
0.112174
0.166280
0.067571
0.095726
0.069284
0.212299
0.043448
0.133101
0.048793
0.244938
-0.015470
0.023581
0.143201
0.103649
0.135263
0.188373
0.176247
0.120525
0.173143
0.198003
0.091259
0.191554
0.019170
0.258208
0.223056
0.182448
0.315823
0.378573
0.273637
0.341340
0.318994
0.523232
0.298328
0.417902
0.351657
0.441262
0.297568
0.671128
0.550041
0.572629
0.598163
0.730729
0.677110
0.687867
0.684896
0.771432
0.717777
0.734775
0.814177
0.856028
0.791000
0.848625
0.732369
0.842855
0.747553
0.847776
0.770648
0.848303
0.803354
0.769522
0.768118
0.688133
0.605410
0.709538
0.632759
0.746284
0.668031
0.726046
0.600966
0.692064
0.695873
0.643267
0.555806
0.582341
0.522602
0.482895
0.445693
0.569911
0.585103
0.589975
0.404520
0.331027
0.463952
0.365259
0.317249
0.339967
0.193173
0.255557
0.211860
0.430013
0.119113
0.373007
0.247399
0.531220
0.404241
0.266531
0.250604
0.251729
0.255427
0.328948
0.239478
0.283085
0.274353
0.344402
0.359873
0.435464
0.412088
0.523278
0.229381
0.532636
0.263645
0.359370
0.357912
0.428921
0.399917
0.541565
0.324704
0.626241
0.635980
0.554655
0.652631
0.565674
0.551575
0.653294
0.623673
0.544066
0.660318
0.466640
0.511160
0.582588
0.564991
0.591169
0.588569
0.537199
0.536952
0.503139
0.436948
0.596448
0.436236
0.797466
0.623882
0.806123
0.812858
0.668371
0.750489
0.690653
0.694461
0.732998
0.693898
0.622812
0.459163
0.685400
0.537053
0.599280
0.499758
0.516865
0.428228
0.429763
0.369279
0.282693
0.322067
0.303767
0.315075
0.368894
0.282166
0.459010
0.388266
0.434399
0.323064
0.293452
0.233251
0.237383
0.191128
0.331986
0.262151
0.295505
0.147748
0.205367
0.274277
0.183770
0.197905
0.181246
0.195840
0.179668
0.045457
0.088680
0.147726
0.105858
0.115279
0.277521
0.101437
0.109972
0.142427
0.073266
0.080177
0.086812
-0.007867
0.080824
0.084544
0.142896
0.071931
0.140865
0.133281
0.158604
0.113732
0.070917
0.111981
0.234275
0.052176
0.299717
0.139259
0.214947
0.185885
0.306201
0.151086
0.204916
0.162714
0.230254
0.250794
0.429661
0.137625
0.354401
0.285581
0.301923
0.248233
0.154649
0.270368
0.322074
0.205650
0.280508
0.276223
0.262564
0.201148
0.074070
0.050591
0.168444
0.160535
0.158957
0.164481
0.089340
0.093043
0.073526
0.192314
0.168645
0.065089
0.156609
0.168344
0.131167
0.045922
0.250162
0.182236
0.109087
0.147205
0.175882
0.205596
0.236077
-0.041187
0.135801
0.146088
0.109257
0.075238
-0.060937
0.002788
0.030659
0.088362
0.127239
0.137671
0.269519
0.240814
0.253605
0.201743
0.141262
0.049765
0.189655
0.133610
0.225113
0.044308
0.132003
0.102131
0.209736
0.149853
0.130235
0.133692
0.183536
0.251788
-0.010278
