0.063184
0.078640
0.123800
0.104742
0.156036
0.069549
0.029214
0.183830
0.066061
0.122856
0.000365
0.073342
0.146616
0.081673
0.065656
0.158297
0.122058
0.132060
0.129592
0.104777
0.115656
0.066103
0.023092
0.039499
0.071331
0.021114
0.130686
0.087764
0.079156
0.070583
0.098789
0.174874
0.097316
0.065214
-0.017808
0.082325
0.037907
0.002254
0.116510
0.084441
0.039593
0.020579
0.026862
0.062412
0.060665
0.158334
0.042031
0.163763
0.148816
0.098194
0.259308
0.108853
0.211370
0.155941
-0.020636
0.136797
0.095551
0.205154
0.139731
0.254695
0.227782
0.204088
0.232143
0.297335
0.236042
0.195239
0.098388
0.186904
0.179144
0.254081
0.269573
0.326086
0.248351
0.168813
0.183817
0.288589
0.143433
0.108074
0.068774
0.331267
0.235048
0.208990
0.146231
0.123995
0.123841
0.191656
0.086612
0.166615
0.072803
0.026654
-0.039908
0.184651
0.006254
0.149904
0.108042
0.182633
0.194778
-0.001077
0.082300
0.108017
0.012859
0.171050
0.037974
0.174396
0.179756
0.206635
0.080547
-0.089780
0.172443
0.163220
0.079830
0.065416
0.063058
-0.029527
0.007920
0.104154
0.041052
0.055653
0.023032
-0.018391
0.007394
-0.041805
0.052138
0.115525
-0.041601
-0.049862
0.104477
-0.081336
0.019204
0.064355
0.020012
0.106719
0.093520
0.191627
0.137379
0.375394
0.257547
0.236035
0.195066
0.144564
0.181422
0.261505
0.147849
0.323706
0.137877
0.238137
0.080726
0.116950
0.163448
0.154839
0.123396
0.180812
0.122646
0.237702
0.090674
0.169755
0.252746
0.004806
0.058078
0.016136
-0.051146
0.090416
0.036289
0.095149
0.190008
0.105082
0.063952
0.184071
0.232893
-0.007245
0.044030
0.294769
0.114405
0.200179
0.245352
0.251417
0.395031
0.205752
0.281800
0.225111
0.176873
0.283696
0.139258
0.170670
0.202660
0.145166
0.194312
0.418474
0.200948
0.345224
0.195385
0.371084
0.142759
0.311398
0.130034
-0.019236
0.131017
0.131504
0.212948
0.340279
0.109384
0.135859
0.060336
0.017898
0.170179
0.052039
0.145159
0.204832
0.024377
0.119789
0.088617
0.166829
0.037599
0.045577
0.111673
-0.021012
0.038644
0.093159
0.100341
0.088444
0.127700
0.089431
0.178956
0.164817
0.273512
0.114868
0.011724
0.085866
0.222563
0.108527
0.104466
0.209173
0.124673
0.157541
-0.051592
0.041905
-0.002567
0.088651
0.056804
0.062620
-0.018685
0.162763
0.177667
0.298874
0.210384
0.249573
0.235594
0.479358
0.436772
0.229982
0.165895
0.430977
0.147624
0.273647
0.151114
0.277003
0.263313
0.201605
0.175402
0.088773
0.227353
0.194583
0.035485
0.183270
0.221327
0.306682
0.102622
0.299621
0.303682
0.327284
0.302814
0.513485
0.390434
0.405080
0.460806
0.320600
0.426385
0.287652
0.075996
0.364682
0.327497
0.256972
0.169889
0.161593
0.286545
0.245503
0.284953
0.385121
0.261086
0.237853
0.348184
0.333352
0.207235
0.269268
0.129794
0.336879
0.342806
0.135049
0.150496
0.186653
0.118633
0.154215
0.125274
0.189419
0.116937
0.061717
0.012728
0.159414
0.118491
0.118436
0.108686
0.182546
0.153774
0.084401
0.055524
0.201119
0.204429
0.244245
0.070842
-0.002050
-0.040978
0.006657
0.032571
0.285586
0.115078
0.113899
0.097699
0.132733
0.121233
0.076065
-0.007435
0.350908
0.139439
0.312260
0.240250
0.332861
0.236056
0.336062
0.226031
0.167211
0.188234
0.332258
0.094646
0.307176
0.256526
0.186905
0.131653
0.329311
0.393582
0.322509
0.258000
0.412291
0.255290
0.304725
0.208558
0.294442
0.209179
0.280753
0.058873
0.223394
0.189068
0.117529
0.037286
0.032459
0.158170
0.184661
0.129111
0.284692
0.089318
0.156254
0.128768
0.066236
0.203857
0.050199
0.042949
0.253535
0.071698
0.159756
0.018522
0.054816
0.038155
0.025723
0.033857
-0.041828
0.094439
-0.027826
0.029402
0.053475
-0.019882
0.001533
0.102442
0.050302
0.031962
-0.133655
0.060306
0.055353
-0.029904
-0.109183
-0.006536
-0.053630
-0.019368
-0.056242
0.016500
0.035003
0.051860
-0.009753
-0.032010
-0.035993
-0.005398
-0.036032
0.035164
0.026530
-0.010081
-0.068580
0.122749
-0.013442
-0.008174
-0.087660
-0.021130
-0.050400
-0.089067
-0.076127
0.104543
-0.074213
-0.056824
-0.048920
0.014936
-0.091379
-0.034278
-0.046724
0.025230
-0.013001
-0.028668
0.038761
-0.103278
0.023377
0.086788
-0.095694
0.066552
-0.099454
0.133534
0.075448
0.008128
-0.002569
0.009767
0.000591
0.033886
-0.029940
-0.026537
-0.037654
0.000785
-0.157042
0.094112
0.056473
-0.010797
-0.012282
-0.055967
-0.021293
-0.063134
0.125315
-0.116371
0.011629
0.047094
0.064065
0.206045
0.222856
0.049882
0.132156
0.288311
0.271861
0.191689
0.314717
0.309850
0.421778
0.311074
0.440538
0.290937
0.492789
0.490056
0.599698
0.467346
0.677303
0.593896
0.655153
0.643861
0.731419
0.727347
0.817102
0.746919
0.757308
0.739305
0.852048
0.827296
0.919390
0.851681
0.898626
0.867929
0.907786
0.915324
0.948568
0.909460
0.963071
0.916471
0.941221
0.888448
0.924320
0.900975
0.934308
0.903621
0.925058
0.932823
0.954997
0.942143
0.928397
0.851624
0.845444
0.812107
0.812186
0.670375
0.696195
0.757877
0.687543
0.617681
0.512821
0.304552
0.489082
0.194682
0.480836
0.334932
0.198175
0.445746
0.281827
0.226436
0.185676
0.078166
0.271290
0.117137
0.261750
0.219227
0.340570
0.262972
0.381266
0.253288
0.639812
0.458324
0.675662
0.610317
0.648961
0.691603
0.705125
0.662278
0.848084
0.771110
0.816796
0.846796
0.833654
0.737579
0.871815
0.916737
0.910627
0.909048
0.903475
0.903071
0.932966
0.903094
0.920231
0.868999
0.933693
0.918386
0.965996
0.948123
0.956867
0.921987
0.961385
0.955093
0.976967
0.970357
0.973862
0.977919
0.978759
0.970989
0.991737
0.987211
0.993586
0.991255
0.990981
0.986128
0.984971
0.982654
0.985989
0.983285
0.973342
0.974088
0.952782
0.964129
0.976379
0.947471
0.965813
0.863934
0.950231
0.946285
0.939634
0.926285
0.927589
0.893384
0.953707
0.941182
0.950795
0.940792
0.913282
0.940877
0.888724
0.871080
0.860831
0.765142
0.856910
0.857277
0.865949
0.787123
0.812508
0.754575
0.855358
0.794618
0.837396
0.819062
0.869654
0.871665
0.909707
0.779189
0.930620
0.891715
0.953978
0.883896
0.916717
0.862733
0.903809
0.848684
0.939095
0.877226
0.913828
0.864886
0.867333
0.797197
0.850040
0.786590
0.896900
0.783248
0.826745
0.867072
0.840495
0.882009
0.845115
0.783715
0.838463
0.821873
0.816522
0.861261
0.833253
0.867039
0.857391
0.848119
0.935868
0.881129
0.957666
0.967783
0.943218
0.949098
0.944590
0.894978
0.929745
0.918629
0.953750
0.943490
0.951881
0.930932
0.940650
0.894528
0.911149
0.816299
0.819373
0.728612
0.729134
0.692166
0.777774
0.487359
0.698797
0.707640
0.776916
0.750614
0.718278
0.671583
0.836917
0.803453
0.789616
0.787232
0.729835
0.756477
0.818444
0.756626
0.761546
0.754519
0.865558
0.765504
0.922558
0.857215
0.927665
0.896024
0.959835
0.947736
0.950983
0.916249
0.907104
0.914141
0.889021
0.853760
0.849391
0.783749
0.861416
0.802344
0.943088
0.894637
0.915066
0.888469
0.927445
0.816195
0.930954
0.813554
0.905026
0.915455
0.886281
0.839414
0.831384
0.765157
0.728183
0.769716
0.627406
0.654949
0.666567
0.685262
0.765122
0.733156
0.809296
0.767829
0.794051
0.797544
0.816464
0.659343
0.731593
0.604225
0.773535
0.778366
0.869148
0.875722
0.753828
0.853404
0.776978
0.728344
0.844224
0.767939
0.774603
0.829852
0.790865
0.731395
0.498859
0.441058
0.460072
0.575291
0.509184
0.374194
0.391194
0.474424
0.459919
0.378936
0.407888
0.296757
0.355186
0.327274
0.361576
0.215020
0.264357
0.222715
0.194497
0.254558
0.250382
0.233267
0.347228
0.344515
0.610065
0.491217
0.478073
0.410757
0.406215
0.401795
0.326039
0.395696
0.389127
0.416372
0.486014
0.548480
0.509787
0.334110
0.391329
0.342358
0.433004
0.412660
0.480600
0.513342
0.455696
0.508209
0.339078
0.355123
0.335203
0.247661
0.188544
0.052377
0.123066
0.161995
0.132733
0.104174
0.133092
0.338244
0.238896
0.209732
0.394437
0.378691
0.341870
0.295480
0.390876
0.329679
0.314930
0.276544
0.420691
0.531943
0.378525
0.392813
0.398780
0.370110
0.450147
0.208400
0.443795
0.234696
0.412589
0.276787
0.475406
0.394629
0.673318
0.442864
0.780658
0.551648
0.608504
0.692258
0.777490
0.611154
0.848870
0.746605
0.794618
0.773182
0.629723
0.631745
0.571103
0.438404
0.534777
0.333962
0.266720
0.141561
0.222006
0.061693
0.207640
0.243076
0.275524
0.153600
0.223779
0.149358
0.196928
0.167208
0.081156
0.108546
0.236317
0.183657
0.223196
0.370213
0.167324
0.249765
0.313098
0.139255
0.332278
0.145578
0.360892
0.234764
0.030774
0.213882
0.157280
0.060099
0.166355
0.110658
0.222855
0.087267
0.111199
0.096646
0.077210
0.052224
0.051826
0.175636
0.054138
-0.027157
-0.060931
-0.034850
-0.041165
-0.027739
0.036484
0.109101
-0.083807
-0.042713
-0.054987
-0.053552
0.069210
0.068663
0.046645
-0.008515
0.066345
0.073511
-0.065848
-0.083421
-0.072381
-0.017871
0.080883
-0.018343
0.100971
0.113479
0.053370
0.092894
0.168963
0.094684
0.037932
0.004314
0.023406
-0.065532
0.039451
-0.028529
0.165347
-0.051205
0.043229
0.049318
0.078034
0.092132
0.237424
0.110105
0.406153
0.287989
0.160438
0.110658
0.145146
0.132792
0.083784
0.139211
0.043484
0.230724
0.220917
0.214218
0.197346
0.149745
0.038037
0.159575
0.101814
0.172449
0.214704
0.198276
-0.002862
-0.027517
0.144942
-0.032212
0.262172
0.061310
0.084476
0.088675
0.138025
0.125472
0.132233
0.296304
0.143338
0.163208
0.219802
0.045564
0.198216
0.077591
0.033929
0.112235
-0.000099
0.033696
0.070433
0.052837
0.065709
0.066430
0.069619
-0.078695
0.074905
0.154187
-0.062303
0.097634
0.201137
0.130873
0.207259
0.155038
0.218686
0.140252
0.422383
0.274966
0.423845
0.364853
0.254336
0.152635
0.460049
0.472339
0.335749
0.396682
0.395205
0.255499
0.326051
0.325746
0.366643
0.224696
0.252468
0.175829
0.022109
