0.116643
0.208449
0.148084
0.096524
0.229360
0.104236
0.204657
0.101713
0.084643
0.164023
0.086929
0.069627
0.100695
0.098762
0.146572
0.139137
0.041186
0.077588
0.071260
0.061816
0.076320
0.087732
0.001935
-0.031789
-0.043773
0.061470
0.069463
0.146228
0.045778
0.153050
0.007206
0.187615
0.079232
0.106609
0.090495
0.051958
0.117767
0.214769
0.140207
0.123195
0.166959
0.071778
-0.007295
0.015109
0.136803
0.148748
0.128671
0.048751
0.118740
-0.001209
0.093974
0.151584
0.212688
0.171017
0.187796
0.332146
0.265608
0.310569
0.135295
0.077209
0.086076
0.271546
0.226426
0.305410
0.351103
0.330366
0.297091
0.276349
0.098422
0.096859
-0.017501
0.141787
0.083166
0.026655
0.182126
0.207077
0.008773
0.109407
0.132045
0.063692
0.027385
-0.006225
0.023271
0.083633
0.163549
0.191996
0.046434
0.267304
0.150111
-0.050243
0.031384
0.064501
-0.012898
0.195953
0.070793
0.149419
0.081996
-0.006071
0.218776
0.159236
0.135711
0.148274
0.136497
0.159720
0.066091
0.145460
0.041746
0.137687
0.257798
0.183973
0.070192
0.139087
0.115461
0.269709
0.323556
0.308530
0.335096
0.186781
0.259208
0.330366
0.304042
0.266141
0.322197
0.416081
0.288344
0.466626
0.367090
0.566841
0.412313
0.398777
0.205203
0.228608
0.176814
0.179403
0.119540
0.115662
0.070281
0.151983
0.091761
0.103385
-0.072466
0.039828
0.073229
0.054783
-0.059500
0.084561
0.085196
0.075816
0.089006
0.076800
0.037459
0.068422
0.068405
0.021220
-0.047303
0.046988
-0.110276
0.234222
0.010704
0.078641
0.080771
-0.062843
0.106998
0.036676
-0.062649
0.068098
0.061996
0.004949
-0.025619
0.035601
-0.022695
0.109443
0.012679
-0.046940
0.015994
-0.021730
-0.072776
-0.005532
0.014728
0.037084
0.108660
-0.052735
-0.030893
0.003748
0.075394
0.118061
0.021242
0.108085
0.111877
-0.064741
0.042249
0.105795
0.087764
0.169783
0.057526
0.052630
0.089466
0.192574
0.119489
0.162249
0.135798
0.274237
0.056795
0.105005
0.066475
0.193625
0.095128
0.060380
-0.043000
0.048610
-0.057369
0.013051
0.057862
0.084548
0.070025
0.155406
0.060608
0.102895
-0.040428
-0.053246
0.104740
0.014895
0.093187
0.040400
0.001299
0.116182
0.035381
0.026412
0.044533
0.102546
0.102794
0.167813
0.064119
0.023570
0.002511
0.045509
-0.009920
0.011635
0.030862
-0.002377
-0.001896
0.105134
0.081498
0.004745
0.026705
0.018890
-0.000814
-0.007150
-0.056953
-0.001446
-0.009128
0.116291
0.095108
0.079327
-0.019245
0.103487
0.016461
0.000405
-0.042628
-0.019676
0.053525
0.003950
0.002687
0.038569
-0.018573
0.075056
-0.010983
0.166390
0.041950
0.000502
-0.004856
0.048843
-0.100443
0.131730
0.055279
-0.015978
0.110565
0.114321
0.131837
0.036884
0.024517
-0.063980
-0.038378
0.020019
-0.010082
0.058505
0.015188
0.028907
-0.005774
0.039037
0.057975
0.141455
0.082152
-0.114509
0.031426
0.057764
-0.068495
0.010838
0.047022
0.112921
-0.048717
0.060794
-0.062658
0.105236
-0.032121
-0.074473
0.060866
0.108601
0.185658
0.138938
0.037630
0.265965
0.125902
0.197853
0.110985
0.198637
0.107914
0.171612
0.117186
0.269688
0.166652
0.270550
0.096804
0.211282
0.134676
0.319898
0.211107
0.288337
0.070457
0.196096
0.142696
0.256400
0.225130
0.139132
0.125273
0.004862
0.202331
0.164090
0.049482
0.096710
0.014869
0.159879
0.070079
0.113140
0.133574
0.067100
0.116045
0.002436
-0.019840
0.073260
0.042045
-0.065710
-0.118128
0.107443
0.054308
0.172785
0.031093
0.109291
0.018421
0.017493
0.044549
0.012550
0.028188
0.057043
0.135176
0.036284
0.151148
-0.040357
0.025808
-0.002912
-0.064218
0.077579
-0.033858
-0.044067
0.046274
0.076978
-0.029258
-0.010865
0.039707
0.155655
-0.023777
0.008292
0.041986
0.124211
0.034574
0.061329
0.070220
0.033436
0.043996
0.188080
0.037205
0.149030
-0.009498
0.028626
0.109791
0.085863
0.099848
0.010346
0.018565
0.109386
0.053087
0.122023
-0.083068
0.055156
0.156899
0.073133
0.212994
0.269194
0.165995
0.362574
0.265683
0.243268
0.320047
0.258607
0.329262
0.459308
0.267750
0.489869
0.381100
0.568898
0.548783
0.642042
0.466331
0.621757
0.680449
0.546492
0.512349
0.495031
0.428305
0.574273
0.418582
0.550981
0.617178
0.692620
0.650954
0.731326
0.602280
0.750831
0.441516
0.677570
0.656448
0.659359
0.705395
0.754826
0.693441
0.839586
0.713326
0.881705
0.841874
0.889827
0.867999
0.923648
0.904989
0.894849
0.905786
0.929137
0.912637
0.938989
0.943021
0.959065
0.922557
0.975992
0.961244
0.989135
0.984063
0.978948
0.977501
0.978711
0.965042
0.988797
0.980958
0.988648
0.982563
0.980277
0.981169
0.977588
0.951619
0.961336
0.937021
0.917154
0.912753
0.938991
0.935288
0.965867
0.934675
0.950458
0.875946
0.921624
0.911689
0.892354
0.890497
0.874154
0.817852
0.914480
0.863351
0.956549
0.935476
0.938883
0.948633
0.945050
0.954999
0.936979
0.882492
0.933518
0.930764
0.949956
0.925835
0.970148
0.931113
0.970119
0.944112
0.980266
0.974685
0.972395
0.958985
0.940223
0.924603
0.964117
0.921404
0.949995
0.918440
0.921578
0.886551
0.919625
0.881036
0.932823
0.905751
0.849630
0.896624
0.843259
0.868294
0.832925
0.857816
0.711485
0.671415
0.673055
0.609501
0.728622
0.588191
0.643812
0.651411
0.649953
0.620954
0.729920
0.697823
0.800500
0.828469
0.851449
0.802594
0.905995
0.827220
0.927063
0.875548
0.939953
0.927689
0.979668
0.957517
0.993998
0.986002
0.993790
0.988975
0.983022
0.982695
0.949003
0.928771
0.960153
0.941912
0.937836
0.911267
0.888302
0.877408
0.829622
0.768382
0.787625
0.642729
0.732566
0.633228
0.729884
0.661456
0.747826
0.709137
0.802229
0.739714
0.845500
0.825611
0.881782
0.883063
0.895470
0.842810
0.845260
0.776596
0.841289
0.784636
0.893452
0.905847
0.939327
0.893723
0.930953
0.864275
0.952722
0.914522
0.919170
0.880769
0.795428
0.754717
0.704403
0.705426
0.667804
0.675480
0.713952
0.686928
0.730365
0.690747
0.748545
0.567180
0.636088
0.687097
0.714928
0.668392
0.699438
0.684116
0.731327
0.678519
0.831828
0.758581
0.867392
0.820204
0.884080
0.880255
0.929636
0.889522
0.948809
0.944937
0.967852
0.967596
0.977343
0.960897
0.989934
0.983874
0.997124
0.996324
0.993434
0.995978
0.995822
0.995753
0.996597
0.993918
0.993399
0.991007
0.991811
0.988312
0.985793
0.960564
0.982726
0.965854
0.983580
0.966329
0.960100
0.966684
0.961425
0.939274
0.933988
0.898611
0.890218
0.881348
0.929146
0.913638
0.923848
0.867159
0.950114
0.945290
0.966163
0.945744
0.919976
0.912185
0.828759
0.851171
0.893040
0.785413
0.890830
0.873104
0.726849
0.783503
0.704262
0.541066
0.629404
0.599762
0.505149
0.566142
0.591496
0.572026
0.629955
0.407891
0.692223
0.438015
0.601406
0.491322
0.525874
0.569545
0.459916
0.513734
0.443237
0.473664
0.530241
0.513470
0.579870
0.571955
0.559365
0.453196
0.647166
0.579264
0.700461
0.715866
0.878223
0.720722
0.876965
0.889346
0.875261
0.831172
0.893232
0.847776
0.840262
0.807873
0.852883
0.835435
0.946030
0.870307
0.934168
0.910686
0.867456
0.883861
0.857844
0.793560
0.857419
0.842177
0.864087
0.846797
0.794078
0.724147
0.616354
0.517458
0.794381
0.691093
0.770865
0.656517
0.718161
0.837557
0.734260
0.731611
0.608439
0.496873
0.541455
0.524317
0.522049
0.697002
0.716600
0.635874
0.760453
0.566851
0.839845
0.822789
0.683864
0.713808
0.568942
0.560725
0.390948
0.567793
0.398214
0.211960
0.277427
0.282831
0.094819
0.193460
0.365772
0.269060
0.395950
0.292531
0.202712
0.379795
0.603035
0.488541
0.453670
0.448716
0.527591
0.443051
0.441934
0.433930
0.607019
0.622506
0.654234
0.514389
0.697061
0.570983
0.552438
0.504841
0.565733
0.498199
0.554981
0.411249
0.673066
0.520022
0.624223
0.517906
0.661420
0.499695
0.633016
0.613830
0.526191
0.575548
0.386624
0.341771
0.307322
0.246466
0.470027
0.254575
0.418265
0.401170
0.367850
0.366265
0.310103
0.147119
0.128336
0.097653
0.125908
0.049999
0.104631
0.048088
0.175276
0.213934
0.188926
0.025436
0.083374
0.163974
0.223859
0.198968
0.503355
0.301759
0.378938
0.095330
0.275770
0.346838
0.301032
0.198761
0.225092
0.161304
0.139603
0.183286
0.370401
0.407824
0.489824
0.283642
0.326265
0.360704
0.234902
0.369536
0.411579
0.493640
0.637120
0.463860
0.767559
0.575802
0.662161
0.655252
0.704112
0.763598
0.646816
0.634331
0.333181
0.426834
0.255403
0.251506
0.366007
0.285592
0.262464
0.274114
0.228609
0.135190
0.090606
0.099624
0.137618
0.052536
0.195689
0.094331
0.194935
0.177901
0.164627
0.146008
0.271733
0.146893
0.162571
0.214888
0.134420
0.229428
0.058064
0.178800
0.136315
0.041964
0.113786
0.026716
0.113908
0.114884
0.075443
0.032923
0.153059
0.152937
0.082000
0.070695
0.197638
-0.033217
0.084467
0.107684
0.208157
0.148016
0.126094
0.022561
0.136703
0.191255
0.113268
0.179022
-0.032051
0.176140
0.041087
0.102871
0.112634
-0.004796
0.194165
0.117625
0.124264
0.051355
0.023916
-0.022211
0.037613
0.069964
-0.024573
-0.009112
0.044073
0.102326
0.069619
0.109651
0.124687
-0.000652
0.041440
-0.060192
0.102152
0.097311
0.084000
-0.005818
0.045387
0.103992
0.099220
-0.007302
0.191765
0.050611
0.083318
-0.020816
0.127802
0.047334
0.002910
0.095270
0.087708
0.034939
0.139332
-0.011021
-0.032094
0.065628
0.153332
0.087325
0.129741
0.060100
0.042857
-0.086908
0.010212
0.053866
0.040174
0.100777
0.035544
-0.019118
-0.073625
0.067903
-0.062312
-0.111553
0.054686
-0.032220
0.069514
0.062684
0.016672
-0.029811
0.026652
-0.149338
0.080710
-0.012266
-0.026460
-0.014004
-0.050804
-0.094717
0.029601
0.015944
0.015571
-0.025369
-0.008233
0.042293
0.063943
0.048805
0.043104
-0.043861
-0.009528
0.070432
-0.042230
-0.038188
0.111043
-0.014193
-0.071448
0.060720
-0.060533
0.074629
0.067642
0.085550
0.231621
0.097269
0.109215
0.081441
0.049885
0.092523
-0.036858
