0.085014
0.114528
0.137962
0.101301
0.163173
0.102153
0.067754
0.139289
0.172952
0.131478
0.055825
-0.013657
0.140667
-0.013290
-0.010897
-0.056056
0.061850
0.132421
0.083152
0.029849
0.179049
-0.012813
0.122161
0.013739
0.066042
-0.005577
0.042174
0.089593
-0.089213
-0.032581
0.086211
0.132238
0.015872
0.001248
0.001858
0.132498
0.134886
0.021553
0.111769
0.116940
0.088716
0.110786
0.131436
0.261289
0.203959
0.155459
0.035271
0.145708
0.193391
0.093071
0.235361
0.112053
0.225296
0.078940
0.039510
0.141081
0.144571
0.132230
0.108973
0.167742
-0.006326
0.216217
0.030953
0.184519
0.220693
0.155468
0.197631
0.106361
0.150312
0.038072
0.067812
0.049242
0.009419
0.178426
0.026967
0.135827
0.019839
0.084882
-0.082907
0.056107
-0.022229
0.045762
0.058819
-0.092857
0.038415
0.064287
0.054651
0.125909
0.104704
-0.057643
-0.056282
0.073604
0.004565
-0.011803
-0.012810
0.035145
-0.010698
-0.077677
-0.068772
0.035030
-0.019460
0.031039
-0.019995
0.061269
0.062307
0.003273
0.052593
0.237045
0.039222
0.011757
0.149659
-0.061897
-0.049441
-0.050676
0.004930
-0.018157
0.039577
0.032908
0.074701
0.098714
0.097797
0.013886
0.098497
0.093957
0.150980
0.156719
0.121760
0.127548
0.049172
-0.073480
-0.066184
0.068564
0.104886
-0.007989
0.100708
0.000149
0.085184
0.110588
-0.036447
-0.034416
0.077885
0.057717
0.019911
0.029318
0.078232
0.042179
0.055223
0.001051
0.001319
0.042670
0.055818
-0.069065
-0.001370
0.012065
-0.012792
0.095585
0.010561
0.067826
0.070387
0.063178
0.010148
0.039846
0.011007
-0.068062
0.062656
0.013885
0.080270
0.085264
0.038297
0.110708
0.044166
0.013697
0.056248
-0.039706
0.024867
0.119961
0.040226
0.012663
0.035156
0.059252
0.019760
0.123781
0.126800
0.080204
0.057734
0.078249
0.183137
0.012260
0.087698
0.049646
0.245239
0.274421
0.219529
0.262722
0.088002
0.072904
0.183573
0.095994
0.043851
0.127859
0.037093
0.100671
0.018161
0.121752
-0.011393
0.012339
0.014001
0.001200
0.018158
-0.006961
0.031083
0.060259
0.048388
0.029501
-0.038181
-0.002851
0.069320
0.028582
0.090118
0.117540
0.200536
0.073931
0.089895
0.070523
0.109128
0.146413
-0.003900
0.032430
0.113183
0.061176
-0.006410
0.091337
0.130331
0.062449
0.124921
0.050432
0.053036
0.050223
0.067173
0.091548
0.018974
0.153835
0.080369
0.150906
0.203017
0.096788
0.095674
0.182887
0.065012
0.073639
0.053265
0.145126
0.140643
0.157046
0.043136
0.248713
0.162171
0.225970
0.169763
0.207534
0.198253
0.122949
0.183024
0.159995
0.093225
0.138267
0.073079
0.099321
0.214029
0.042015
0.076077
0.072522
-0.043988
0.012807
0.013824
0.028812
0.041090
-0.034052
0.026162
0.083600
0.096055
0.035371
0.101959
0.096412
0.036587
-0.009047
0.128323
0.040265
0.033851
0.111878
0.096594
0.075190
0.078066
-0.022059
0.041572
0.064924
0.108190
0.140587
0.088052
0.153873
0.070022
0.135069
0.049753
0.304655
0.142094
0.212612
0.100312
0.140851
0.217730
0.110838
0.116171
0.339880
0.283603
0.287295
0.319492
0.171745
0.253541
0.295023
0.158651
0.182435
0.264783
0.210118
0.182890
0.344058
0.303163
0.231489
0.267378
0.391244
0.291743
0.335964
0.210147
0.338444
0.335255
0.365963
0.268300
0.317400
0.259243
0.162440
0.293941
0.203249
0.276530
0.243451
0.174423
0.270686
0.146809
0.314458
0.154350
0.292760
0.171043
0.150491
0.163272
0.343989
0.231984
0.303254
0.153665
0.203627
0.216081
0.204170
0.060031
0.167400
0.205878
0.178275
0.171817
0.132225
0.157589
-0.024102
0.210799
0.025157
0.125557
0.083445
0.130423
0.190322
0.138455
0.072491
0.045811
-0.035426
0.035556
0.141069
0.021112
0.224315
0.106417
0.072678
0.105519
0.201487
0.220556
0.069439
0.096399
0.087014
0.141273
0.069555
0.085476
0.233165
0.061427
0.257224
0.077267
0.168048
0.259168
0.287726
0.295308
0.365946
0.426041
0.392013
0.370898
0.555985
0.413583
0.674196
0.622998
0.756098
0.669618
0.706900
0.633952
0.695315
0.595710
0.572760
0.657209
0.463614
0.514891
0.510178
0.523859
0.506159
0.588843
0.678691
0.615523
0.823575
0.768412
0.819784
0.744359
0.840465
0.769204
0.748927
0.757808
0.875281
0.883265
0.886668
0.916760
0.956023
0.907433
0.930063
0.931911
0.917681
0.905630
0.914405
0.835063
0.895955
0.866977
0.888811
0.908533
0.941347
0.941893
0.912117
0.880019
0.875131
0.872075
0.877105
0.856581
0.924410
0.852009
0.812372
0.745851
0.590205
0.609437
0.609806
0.469294
0.501198
0.466194
0.744705
0.709255
0.765041
0.675944
0.831654
0.785002
0.860098
0.828589
0.879954
0.758102
0.810334
0.827411
0.702245
0.663893
0.787336
0.708939
0.626388
0.591422
0.512836
0.461436
0.695073
0.573988
0.678169
0.572809
0.692717
0.661521
0.824009
0.772873
0.786810
0.742829
0.706513
0.755598
0.674073
0.671581
0.468465
0.667708
0.604109
0.488385
0.595889
0.632426
0.644096
0.661776
0.675799
0.541330
0.572070
0.567347
0.650367
0.613886
0.594639
0.614070
0.648597
0.569081
0.626375
0.434881
0.587435
0.520190
0.529745
0.426224
0.376956
0.303575
0.389199
0.247763
0.270568
0.350474
0.254221
0.355397
0.203824
0.159161
0.226838
0.222126
0.489775
0.332997
0.426195
0.375943
0.606144
0.496233
0.640360
0.461897
0.724280
0.605133
0.847796
0.855500
0.873786
0.849982
0.884329
0.867167
0.901481
0.895387
0.872259
0.895806
0.857287
0.823639
0.856375
0.853547
0.879312
0.902284
0.849419
0.769431
0.481153
0.525014
0.459968
0.329527
0.243840
0.245075
0.231126
0.201619
0.144900
0.160105
0.142835
0.077152
0.210433
0.194924
0.391871
0.474478
0.648866
0.553683
0.739082
0.610617
0.791348
0.619329
0.770875
0.707143
0.733714
0.737445
0.763482
0.737077
0.833659
0.737938
0.734683
0.758291
0.808018
0.797333
0.755536
0.632275
0.579346
0.517091
0.688605
0.555797
0.656063
0.730954
0.825784
0.730567
0.925231
0.825306
0.917152
0.904072
0.949022
0.937912
0.956032
0.940629
0.951927
0.927174
0.964160
0.942834
0.945641
0.939547
0.964889
0.958744
0.972154
0.938574
0.945442
0.949171
0.948621
0.941165
0.945739
0.904660
0.961389
0.933359
0.936533
0.947321
0.930868
0.907426
0.940696
0.930104
0.951910
0.917775
0.929224
0.920140
0.941310
0.913047
0.958039
0.902726
0.963420
0.966358
0.976838
0.979395
0.975917
0.965280
0.965795
0.974799
0.975489
0.971831
0.961319
0.971465
0.905909
0.857852
0.901561
0.849238
0.895866
0.901304
0.723989
0.736025
0.553857
0.445362
0.520316
0.394425
0.184967
0.147711
0.255762
0.161835
0.278495
0.174256
0.337112
0.282760
0.374678
0.281646
0.127726
0.167544
0.244888
0.207014
0.108830
0.053987
0.209798
0.043743
-0.012618
0.178904
0.181956
0.091470
0.356201
0.255044
0.343145
0.439118
0.325593
0.283447
0.424415
0.242627
0.350332
0.358769
0.411590
0.209277
0.603001
0.597198
0.743871
0.699570
0.753700
0.747110
0.814372
0.852489
0.826008
0.733128
0.760844
0.713025
0.578448
0.547248
0.696402
0.591110
0.697030
0.765985
0.724675
0.723179
0.721955
0.504386
0.719428
0.659738
0.677245
0.628287
0.521761
0.452858
0.737390
0.612477
0.633951
0.590472
0.582670
0.523645
0.374892
0.406932
0.325669
0.149333
0.225317
0.094766
0.342204
0.130844
0.159568
0.095697
0.056540
0.176176
0.177730
0.093315
0.063035
0.012219
0.166930
0.243178
0.196671
0.004264
0.160065
0.141378
0.253981
0.270473
0.345076
0.223421
0.332152
0.458801
0.560858
0.522307
0.612836
0.457855
0.468002
0.479644
0.603860
0.464814
0.663843
0.643346
0.593132
0.508774
0.745056
0.604705
0.550716
0.633115
0.648118
0.556978
0.496583
0.517577
0.576493
0.485145
0.497686
0.410171
0.537132
0.469517
0.337520
0.494089
0.426325
0.342508
0.304184
0.253810
0.166721
0.076847
0.107030
0.074061
0.049420
0.065948
0.178110
0.115585
0.155608
0.364854
0.302216
0.187949
0.182710
0.206942
0.096161
0.057222
0.285611
0.123014
0.225150
0.053492
0.208100
0.277053
0.155600
0.128150
0.122679
0.167646
0.178803
0.226133
0.237713
0.192308
0.375357
0.338381
0.610422
0.587894
0.517063
0.590359
0.498068
0.594401
0.589570
0.351689
0.549586
0.430166
0.331296
0.330554
0.374057
0.443385
0.717357
0.385622
0.553148
0.436290
0.460566
0.311021
0.405979
0.248596
0.362033
0.349691
0.444180
0.320705
0.372296
0.425836
0.280488
0.380008
0.421733
0.358524
0.642653
0.574847
0.527166
0.488785
0.339862
0.353101
0.236414
0.184309
0.210358
0.204978
0.137897
0.134046
0.216556
0.185222
0.094827
0.147036
0.193078
0.140184
0.149627
0.140895
0.189970
0.201272
0.328185
0.116610
0.391052
0.307582
0.275468
0.284754
0.286552
0.228665
0.245966
0.313597
0.589582
0.541265
0.536460
0.401741
0.342247
0.393156
0.307230
0.217612
0.170631
0.163155
0.197333
-0.008102
0.113180
0.057466
0.051541
0.139454
0.271318
0.144579
0.295122
0.135675
0.100952
0.042889
0.165119
0.071100
0.140042
0.033090
0.106350
0.068676
-0.034687
0.008984
0.034120
0.046212
-0.018120
0.040991
0.061652
0.039859
0.190618
-0.054460
0.032563
-0.017065
0.008743
-0.029298
0.003526
0.033664
-0.024379
0.087138
0.073326
0.167568
0.111465
0.064256
0.108280
0.046847
0.108526
0.181746
0.120618
0.100153
0.222964
0.222008
0.086903
0.112290
0.191246
0.074882
0.186835
0.045589
0.170949
0.026422
0.131180
0.013461
0.111635
0.229581
0.097660
0.112796
0.152056
0.072955
0.186669
0.115142
0.210720
0.074745
0.150824
0.125363
0.088394
0.092187
0.128906
0.068152
0.057886
0.065355
0.168921
0.053202
0.164912
0.015426
0.240347
0.226836
0.324725
0.223192
0.287054
0.363382
0.376244
0.201468
0.299244
0.109819
0.103115
0.286771
0.133618
-0.007323
0.069437
0.054779
0.043197
0.105469
0.131193
-0.060827
-0.002612
0.117975
0.047118
0.067574
0.026572
0.063197
0.094857
0.091618
0.045637
0.122252
0.057698
0.009182
0.224609
0.174546
0.189624
0.023410
0.081632
0.103300
-0.021349
