0.059024
0.073536
0.114001
0.033029
0.091681
-0.004662
0.133499
0.019023
0.108059
0.157488
0.043041
0.118760
0.122731
-0.144635
0.089269
-0.015832
0.026984
0.168500
0.119835
0.044152
0.181717
0.020537
0.043698
0.042739
0.131717
0.121092
0.094234
-0.075787
0.125221
-0.009278
0.076200
0.162995
0.231654
0.063819
0.100966
-0.012884
0.022128
0.074213
0.073899
-0.042935
0.078149
0.054425
0.045041
-0.021196
0.035221
0.033220
0.040793
0.079419
-0.091188
-0.018062
0.092959
0.092364
0.201375
-0.002905
0.036153
0.148689
0.130715
0.007631
0.067245
0.106014
0.168475
0.128852
0.087137
0.237844
0.066804
0.134688
0.131179
0.066083
0.126406
0.089653
0.074734
0.070950
0.137451
0.110784
0.112885
0.098973
0.091548
0.051237
0.098175
0.096155
0.096324
0.061357
0.106359
0.135140
0.195931
0.061858
0.056009
-0.055180
0.024893
0.031579
0.070309
0.191808
-0.030699
0.116783
0.012060
0.273783
0.000351
0.098125
0.075048
0.115813
0.152053
0.081212
0.087077
0.106634
0.055230
0.131262
0.079197
0.155667
0.066035
-0.060943
0.102203
0.017297
0.013479
0.023737
0.018862
-0.018569
-0.036989
0.015275
0.045007
0.108290
-0.038614
0.101269
0.123337
-0.015089
0.067310
0.138130
0.093933
0.088682
0.093160
0.052218
0.001357
0.059840
0.122421
0.037345
0.043990
0.130739
0.006426
-0.019602
0.136034
0.003070
-0.062548
-0.032873
0.090798
0.126247
0.209491
0.037784
0.024530
0.093182
0.102721
0.083452
0.034040
0.003095
0.049082
0.059719
0.068620
0.099479
0.081154
0.060788
0.009370
-0.011597
0.009883
-0.023876
0.012784
0.022828
0.076326
0.068141
0.039214
0.066780
0.015234
0.094728
-0.016160
-0.103429
-0.031518
-0.003465
0.138869
0.059318
0.007428
0.014702
0.025003
-0.021594
0.039136
-0.024499
-0.004643
-0.017374
0.055266
0.034050
0.017264
0.192809
-0.034234
0.196170
0.083124
0.234552
0.170263
0.210375
0.219493
0.216902
0.193606
0.355184
0.222493
0.239653
0.140331
0.104835
0.090841
-0.065492
0.022853
0.161929
0.124669
0.245668
0.194741
0.071701
0.068342
0.104629
0.066725
0.072104
0.092373
-0.044308
0.075304
0.018170
0.091224
0.038241
0.063709
0.191584
0.034753
0.122842
-0.048113
0.041289
0.034663
0.042502
0.125948
-0.019446
0.117661
0.152347
0.114554
-0.017641
0.139264
-0.010185
0.059254
0.050102
0.031645
0.091089
0.012758
0.100556
-0.007581
-0.007240
0.055269
-0.011367
0.109146
0.045492
0.077125
0.052036
0.048755
0.111028
0.181220
0.061093
0.050718
0.081702
0.093539
0.114476
0.009462
0.044533
0.043712
0.015856
0.052979
0.016941
0.017958
0.006215
0.012486
0.086768
0.091611
0.068029
0.103505
0.104571
0.052067
0.105934
0.030341
0.086004
0.028676
0.031260
-0.011225
0.131167
0.032142
0.015145
0.019361
0.070789
0.123553
-0.062991
0.041560
0.103178
0.011577
0.166407
0.018626
-0.160095
0.041407
0.086164
0.041529
0.111586
0.064579
0.009622
-0.025936
-0.063827
-0.092050
0.352067
0.232703
0.357823
0.294480
0.185155
0.372289
0.297380
0.247099
0.121928
0.104824
0.153894
0.120962
0.215485
0.273122
0.162658
0.275414
0.204174
0.292844
0.321357
0.401415
0.291842
0.363749
0.235644
0.213394
0.168725
0.123268
0.004351
0.206561
0.086375
0.233247
0.097267
0.079857
0.051458
0.051302
0.047187
0.042392
0.136117
0.087679
0.075118
0.102924
0.128240
0.097865
-0.044226
0.058333
-0.004055
0.053556
-0.004880
0.042097
-0.009358
-0.039009
0.006149
0.021406
-0.072657
0.018582
0.153587
0.114067
-0.030872
0.119700
0.115448
0.119413
0.095009
0.017840
0.062569
0.171608
0.065407
0.035638
-0.044575
-0.039505
0.023538
0.032653
0.051069
-0.018721
0.130111
-0.019615
-0.003472
0.082531
0.095993
0.095019
0.013982
0.078529
0.117422
0.129783
0.178748
0.247819
0.158642
0.124252
0.143151
0.223445
0.207730
0.104279
0.231764
0.212369
0.155568
0.171224
0.187462
0.102746
0.148724
0.165343
0.349811
0.223516
0.434836
0.406070
0.357135
0.412146
0.330119
0.300283
0.310796
0.345757
0.449187
0.445833
0.526366
0.506508
0.694104
0.613205
0.851857
0.739952
0.835265
0.845547
0.798051
0.770244
0.872032
0.796910
0.898700
0.870307
0.923373
0.888281
0.922302
0.904460
0.927873
0.930323
0.944156
0.934537
0.929817
0.872577
0.888477
0.823947
0.839269
0.813038
0.786631
0.730193
0.826810
0.858493
0.802809
0.741119
0.740640
0.754268
0.730105
0.736486
0.660088
0.593825
0.194743
0.301973
0.348466
0.290660
0.436469
0.227629
0.478804
0.441165
0.418343
0.511045
0.458922
0.363472
0.592688
0.415661
0.440161
0.330975
0.445011
0.391646
0.311858
0.279624
0.290991
0.378512
0.255165
0.158606
0.193720
0.098360
0.056216
0.031188
0.048655
0.107910
0.179234
0.142952
0.165268
0.160098
0.410474
0.197137
0.608960
0.533024
0.605646
0.562522
0.735944
0.565658
0.815279
0.736126
0.909825
0.900395
0.903781
0.911489
0.890930
0.842834
0.929384
0.848553
0.893684
0.870225
0.904399
0.902694
0.955586
0.916818
0.962500
0.948926
0.982445
0.975335
0.965207
0.945759
0.945850
0.896053
0.931256
0.898214
0.847439
0.804033
0.728822
0.696899
0.707096
0.576351
0.775164
0.598354
0.715323
0.593862
0.785765
0.732274
0.743065
0.731474
0.765678
0.659637
0.774503
0.663869
0.772969
0.706465
0.801593
0.734139
0.807813
0.666522
0.813902
0.802853
0.783761
0.823278
0.860069
0.824667
0.923979
0.881176
0.954427
0.929706
0.936758
0.931227
0.954890
0.926044
0.885724
0.874928
0.836274
0.766332
0.844677
0.813484
0.805530
0.791087
0.852338
0.857850
0.913470
0.830208
0.793521
0.780093
0.850414
0.744894
0.734011
0.737191
0.722942
0.669114
0.637656
0.615351
0.705691
0.745850
0.670545
0.538531
0.688251
0.572050
0.739725
0.754980
0.741380
0.637630
0.865768
0.823575
0.929210
0.928751
0.952480
0.906059
0.968435
0.946335
0.961802
0.953872
0.921404
0.911682
0.883200
0.885670
0.842247
0.817423
0.877344
0.814366
0.881318
0.761748
0.795460
0.768286
0.781986
0.803271
0.769320
0.706865
0.748256
0.633578
0.723768
0.676721
0.644881
0.558721
0.675384
0.692138
0.805273
0.679481
0.770120
0.771079
0.695177
0.695432
0.778156
0.634546
0.829762
0.773351
0.714857
0.665926
0.787598
0.696263
0.747517
0.740279
0.740391
0.697968
0.799158
0.785017
0.854397
0.806418
0.863813
0.819760
0.826438
0.810267
0.733199
0.715974
0.635955
0.453236
0.571439
0.523991
0.399039
0.406503
0.526394
0.545972
0.662554
0.495463
0.555486
0.393491
0.638847
0.498139
0.701942
0.640644
0.703720
0.584756
0.648188
0.613805
0.697552
0.633182
0.828919
0.831664
0.860027
0.812464
0.858647
0.800026
0.816330
0.794879
0.765965
0.740787
0.636412
0.575510
0.574806
0.474223
0.724402
0.540448
0.816410
0.802332
0.885855
0.847498
0.900728
0.867234
0.865337
0.836673
0.893654
0.843061
0.775221
0.700666
0.809809
0.758948
0.887744
0.862510
0.892106
0.841739
0.868761
0.803139
0.881591
0.842466
0.888871
0.827487
0.849757
0.847345
0.848739
0.694418
0.898394
0.836216
0.915839
0.818348
0.827514
0.809292
0.817183
0.825293
0.792810
0.777704
0.836813
0.754556
0.865571
0.770357
0.895823
0.823700
0.887447
0.877674
0.944696
0.911431
0.901629
0.902985
0.878285
0.808549
0.822089
0.790140
0.761063
0.637616
0.614621
0.617028
0.340393
0.246467
0.299142
0.188734
0.009333
0.036519
0.104959
0.079820
0.032657
0.192368
0.087020
0.188902
0.206311
0.142779
0.186534
0.156522
0.301848
0.149869
0.163275
0.205488
0.181964
0.233971
0.147232
0.078046
0.206723
0.190396
0.115661
0.161961
0.055198
0.133935
0.026520
0.190198
0.160815
0.069365
0.063079
0.061679
0.033447
0.093833
0.195991
0.093723
0.118053
0.157479
0.120142
0.120629
0.198531
0.218952
0.489049
0.397385
0.491787
0.511258
0.539686
0.562548
0.761831
0.706929
0.648353
0.711266
0.773383
0.656093
0.790835
0.672592
0.671552
0.620549
0.477500
0.540487
0.432454
0.312238
0.477194
0.256490
0.476610
0.398107
0.493735
0.489825
0.638730
0.479943
0.689404
0.618083
0.698180
0.507937
0.542957
0.546710
0.595802
0.594274
0.557417
0.581802
0.576727
0.627629
0.536866
0.611163
0.544567
0.550352
0.530294
0.484642
0.482838
0.527927
0.612132
0.552562
0.695031
0.572553
0.668481
0.538071
0.702609
0.582008
0.658517
0.575168
0.489979
0.457118
0.595476
0.505584
0.671963
0.544000
0.647888
0.591211
0.612305
0.484726
0.414467
0.530998
0.580482
0.637071
0.601759
0.642789
0.428358
0.535437
0.519280
0.433966
0.653252
0.575203
0.624447
0.647444
0.662808
0.575037
0.659149
0.479869
0.561009
0.626438
0.564440
0.487685
0.549660
0.579745
0.629909
0.538189
0.626521
0.647827
0.655159
0.579678
0.594502
0.536057
0.562508
0.542659
0.624175
0.598184
0.438711
0.474263
0.251047
0.330689
0.427188
0.368461
0.445077
0.405210
0.488978
0.267455
0.225156
0.293383
0.230482
0.119686
0.122139
0.155447
0.067242
0.104893
0.258898
0.196729
0.129278
0.135484
0.006176
0.028231
0.083957
0.045555
0.003049
0.033067
0.223826
0.024719
0.208149
0.004913
0.034778
0.115953
0.040131
0.144823
0.164124
0.193451
0.129794
0.161066
0.209764
0.208896
0.277721
0.079273
0.255766
0.245251
0.265452
0.305492
0.103344
0.212957
0.259095
0.141326
0.166621
0.146262
0.111762
0.096391
0.124019
0.022300
-0.107078
0.086766
0.129252
0.064665
-0.045957
-0.004354
-0.006713
0.072545
0.138215
0.047232
0.083745
0.095817
0.068022
0.043608
0.145028
0.009239
0.085906
0.056166
0.051947
0.086501
0.260975
0.041550
0.134521
0.053785
-0.038265
0.128616
0.108867
0.034516
0.056027
0.124399
0.202558
0.141786
0.192330
0.180370
0.135808
0.130921
0.145123
0.138292
0.165405
0.114839
0.079495
0.160020
0.043773
0.120613
0.008194
0.036449
0.080056
0.028028
0.039508
0.077780
0.095177
0.002480
-0.086597
-0.031223
-0.016726
0.108228
0.071825
-0.007575
-0.113584
0.016554
-0.033839
0.061542
0.145460
0.088073
0.120253
-0.014980
0.128562
0.104057
-0.000444
