0.064522
0.141923
0.096878
0.039286
0.182361
0.073906
0.071166
0.054370
0.075699
0.113548
0.061266
0.204896
0.143929
0.249805
0.094298
0.291332
0.146891
0.122212
0.064891
0.021847
0.107982
0.139956
0.092975
0.103036
0.153342
0.097107
0.138740
0.054876
0.006810
0.137078
0.119371
0.089248
0.054314
0.000691
0.057744
0.008145
0.013829
0.023314
0.031913
0.026489
0.065380
0.076910
0.061314
0.023042
0.065759
0.039010
0.109836
0.171769
0.137117
0.199696
0.067122
0.071764
0.180056
0.143195
0.176975
0.150923
-0.034073
0.200351
0.010082
0.081264
0.089913
-0.028864
0.042549
0.094104
0.118292
0.137748
0.083288
0.131583
0.048941
0.099659
0.062365
0.098160
0.078088
0.086464
-0.005890
0.106029
-0.002403
-0.073460
0.092135
-0.037578
-0.101686
0.095055
0.073328
0.081505
0.116753
-0.041074
0.022853
0.098483
0.075607
0.116976
0.099260
-0.001112
0.115482
0.117941
0.038247
0.159787
0.008919
0.024571
0.042774
0.109607
0.038348
0.077205
0.077928
0.116211
0.048597
0.207596
0.069393
0.114777
0.133368
0.173268
0.186455
0.345660
0.288797
0.224736
0.189676
0.125892
0.010521
0.166605
0.126905
0.107636
0.088133
0.084190
0.093979
0.030797
0.031198
0.114920
0.116752
-0.002647
-0.013870
0.157969
0.018580
0.018674
0.061241
0.101186
0.125161
0.060225
0.072303
0.049690
0.048781
-0.006063
-0.024031
0.015892
0.016822
0.043660
0.006527
0.016680
-0.021371
0.042055
0.003032
-0.016966
0.043163
-0.011517
0.046018
0.020737
0.045869
-0.075806
0.026679
0.076695
0.099026
0.076863
-0.028426
-0.000013
0.058180
-0.040351
0.056839
0.168762
0.070108
0.128550
0.182323
0.034072
0.150990
0.054926
0.013376
0.096329
0.086904
0.055412
-0.029530
0.015433
0.069914
0.077000
0.137349
0.082903
0.037137
-0.040218
0.097566
0.306905
0.053676
0.161854
0.132832
0.023833
0.074666
0.130825
0.120244
0.140988
0.128931
0.164798
0.156703
0.068343
0.045019
0.032421
0.053554
0.055641
0.065164
0.095272
0.138413
0.237616
0.228068
0.246341
0.268262
0.201837
0.221969
0.197654
0.143078
0.085732
0.105282
0.102944
0.000582
-0.009429
-0.037617
-0.032447
-0.041707
0.145946
-0.054732
0.002334
0.060686
0.032882
0.057743
0.080266
0.080854
0.077145
0.047868
0.107435
0.000199
-0.056771
0.041396
0.054431
-0.044932
0.003429
0.004339
-0.039512
0.120998
0.032537
-0.026625
0.115639
0.097106
0.081890
0.159068
0.048659
0.139905
0.116525
0.109208
0.281614
0.167245
0.199940
0.061052
0.137521
0.098769
0.021184
-0.011241
0.045049
0.057014
0.060876
0.077076
0.025022
0.008925
0.020094
0.043806
0.046139
-0.112421
0.098139
0.053015
0.009944
-0.036509
0.051589
-0.026452
-0.001766
0.165755
0.135213
0.021550
-0.032533
0.028860
-0.061182
0.035452
0.068965
0.049067
-0.055685
0.116736
0.046682
0.228588
0.034455
0.144142
0.182967
0.163291
0.110330
0.051960
0.081978
0.093068
0.160335
0.051805
0.049769
0.005202
0.042483
0.163046
0.210124
0.217262
0.106569
0.129543
0.069333
0.196212
0.052904
0.076919
0.233257
0.074708
0.197097
0.079344
0.170163
0.128836
0.489276
0.284180
0.676794
0.517829
0.391404
0.292387
0.331889
0.270884
0.344191
0.176695
0.107736
0.115941
0.208714
0.184068
0.163673
0.176644
0.284227
0.201051
0.384205
0.288001
0.272181
0.142690
0.224259
0.254464
0.173521
0.050557
0.095932
-0.019077
0.032914
0.034599
0.049733
0.014575
0.095622
0.038388
-0.024066
-0.006723
-0.044562
0.049105
0.124112
0.153761
0.001144
0.105016
0.115152
0.041414
-0.005191
0.015540
0.200747
0.061923
0.000177
0.106004
0.065779
0.066314
0.051146
-0.019006
-0.011341
0.014577
-0.008567
0.032106
0.093457
0.037100
0.125666
0.053126
0.105976
0.122884
0.131473
0.021695
0.073784
0.015181
0.051693
0.043757
0.145364
0.124638
0.005814
0.122984
0.045578
0.118875
0.129183
0.098947
-0.004059
-0.014790
0.191660
0.106918
0.230383
0.101733
0.118814
0.128303
0.063437
0.060087
0.048346
0.020500
0.076709
0.100094
0.115412
0.135581
0.130294
0.104249
0.108453
0.003323
0.106178
0.071813
0.129035
0.188901
0.120247
0.230790
0.065471
0.091278
0.098521
0.122869
0.151926
0.137418
0.139298
0.250177
0.253587
0.434234
0.589793
0.717380
0.398892
0.304287
0.410855
0.430635
0.612000
0.333458
0.539275
0.419059
0.478636
0.501017
0.472341
0.506156
0.572878
0.270727
0.455652
0.322620
0.387729
0.388858
0.241140
0.311208
0.271539
0.202920
0.248306
0.243034
0.123539
0.252285
0.368902
0.317247
0.321892
0.428819
0.486301
0.532804
0.389749
0.379926
0.328524
0.325530
0.350779
0.164418
0.327601
0.312474
0.288766
0.324224
0.297121
0.260749
0.544832
0.260635
0.740993
0.622847
0.721563
0.763303
0.712685
0.722047
0.757736
0.685205
0.787986
0.573888
0.725519
0.733713
0.831239
0.786535
0.844847
0.663446
0.832470
0.765705
0.881318
0.836530
0.832578
0.795899
0.850090
0.865520
0.937625
0.916832
0.890781
0.834205
0.855104
0.720626
0.907281
0.884090
0.911645
0.909630
0.901681
0.894376
0.881401
0.831562
0.848590
0.786355
0.658444
0.626539
0.642370
0.477775
0.438192
0.482013
0.606638
0.609314
0.719019
0.718543
0.781044
0.840353
0.880855
0.844681
0.892287
0.758878
0.887890
0.878291
0.935762
0.906035
0.932008
0.898475
0.918632
0.906133
0.925970
0.878459
0.927833
0.867806
0.904495
0.865382
0.949724
0.900206
0.963060
0.912203
0.936354
0.942539
0.929183
0.881165
0.902928
0.897756
0.914723
0.907495
0.901434
0.855338
0.902955
0.816477
0.881538
0.779064
0.825531
0.643210
0.753793
0.586282
0.629142
0.575019
0.589224
0.574583
0.688654
0.639902
0.777215
0.715698
0.795606
0.842409
0.864296
0.820827
0.907616
0.832155
0.934292
0.917513
0.916011
0.915186
0.911089
0.930051
0.954131
0.950690
0.906477
0.922128
0.863262
0.833544
0.825427
0.830598
0.813897
0.715937
0.820797
0.599047
0.702795
0.664633
0.593977
0.312646
0.439322
0.447521
0.552505
0.504915
0.406166
0.531181
0.519813
0.462463
0.644134
0.604141
0.620962
0.677570
0.735139
0.523470
0.725339
0.544758
0.760664
0.623804
0.670666
0.510747
0.448475
0.610361
0.545435
0.466463
0.478804
0.361559
0.330645
0.302615
0.420208
0.263469
0.339097
0.378958
0.504904
0.499546
0.563905
0.558417
0.544205
0.635028
0.573683
0.572984
0.599625
0.566404
0.512540
0.427365
0.372261
0.403557
0.301790
0.258118
0.198626
0.109587
0.293525
0.261025
0.334555
0.291612
0.403172
0.287522
0.350695
0.437004
0.491337
0.524372
0.606958
0.534849
0.707033
0.722772
0.873258
0.899376
0.783098
0.696388
0.598104
0.495507
0.654083
0.531574
0.569143
0.524120
0.434653
0.527341
0.546305
0.393025
0.352744
0.432470
0.409509
0.399751
0.616021
0.576721
0.683525
0.584816
0.675483
0.613807
0.637718
0.626340
0.700973
0.613966
0.704640
0.433216
0.645953
0.644880
0.721810
0.690181
0.683399
0.532833
0.716261
0.695677
0.768080
0.583186
0.689674
0.632476
0.719236
0.655506
0.695214
0.704072
0.812732
0.775850
0.882479
0.848279
0.833582
0.812019
0.873586
0.807003
0.857187
0.694126
0.852319
0.804800
0.893628
0.798291
0.895665
0.813597
0.830214
0.886244
0.883461
0.887232
0.877162
0.841067
0.826581
0.738018
0.880186
0.747240
0.787678
0.789269
0.747230
0.661532
0.499615
0.545603
0.535650
0.516854
0.727046
0.657795
0.846942
0.859543
0.918401
0.864081
0.934617
0.905603
0.923993
0.899044
0.892327
0.818306
0.675813
0.685905
0.600818
0.500344
0.535209
0.388528
0.514066
0.494679
0.651671
0.547740
0.558660
0.561570
0.548038
0.587117
0.409446
0.479881
0.419565
0.207848
0.272518
0.255186
0.230517
0.220677
0.281511
0.190213
0.360880
0.389184
0.517257
0.315080
0.498175
0.407139
0.724958
0.714114
0.885773
0.817944
0.924785
0.910719
0.979309
0.968513
0.958348
0.943745
0.906771
0.864657
0.916116
0.848997
0.873089
0.883979
0.877986
0.819753
0.857882
0.748565
0.885278
0.733157
0.829683
0.731804
0.759248
0.706605
0.827557
0.765617
0.763451
0.654790
0.620016
0.614325
0.500360
0.285373
0.242994
0.249361
0.311208
0.344562
0.481134
0.461571
0.528648
0.578181
0.629189
0.492293
0.507136
0.444314
0.478546
0.361449
0.353062
0.302135
0.370775
0.279708
0.243549
0.282502
0.336857
0.183843
0.368794
0.372656
0.317390
0.408778
0.490243
0.328418
0.543478
0.569286
0.471007
0.389074
0.501924
0.373240
0.437822
0.463819
0.512757
0.412803
0.521486
0.522725
0.458209
0.435559
0.359960
0.417347
0.343046
0.318726
0.399580
0.462173
0.389043
0.428760
0.477471
0.394252
0.337800
0.376087
0.280824
0.366031
0.162204
0.251610
0.187275
0.156255
0.233077
0.214793
0.201194
0.093372
0.141218
0.192017
0.301266
0.171926
0.329376
0.255868
0.269862
0.282781
0.246657
0.200955
0.157931
0.174039
0.166888
0.039885
0.114448
0.069430
0.226217
0.061063
-0.023932
0.003529
0.034819
-0.031259
0.046533
-0.039371
-0.034929
0.122514
0.032792
0.137490
0.114637
0.013303
0.028097
0.076544
0.026603
0.101834
0.091891
0.054214
0.081547
0.200814
0.002428
0.029306
0.133038
0.052084
0.106309
0.126784
0.092857
0.210459
0.092815
0.061033
0.105690
0.085065
0.147285
0.072616
0.130950
0.064769
-0.012057
0.134266
0.165392
0.084687
0.067203
-0.012239
0.108818
0.099424
0.083197
0.064710
0.092785
0.036433
0.080178
0.083015
0.056946
-0.046693
0.025947
-0.000374
0.078090
0.043610
0.121808
0.059497
0.113921
0.050700
0.131695
0.142271
0.267318
0.218422
0.190468
0.215762
0.319175
0.051350
0.275715
0.144977
0.270424
0.047301
0.332737
-0.005406
0.288450
0.051127
0.130992
0.102362
0.104220
0.054781
0.060377
0.020403
0.042848
0.018695
0.044801
0.058972
0.228068
0.271711
0.063744
0.111162
0.185602
0.164306
0.121391
0.018548
0.059244
0.126352
0.258010
0.001123
0.202151
0.153491
0.202009
0.129319
0.203869
0.246995
-0.024477
0.161547
0.156769
0.182489
0.262506
0.250824
0.450946
0.219694
0.226354
0.270862
0.106015
