0.094155
0.141186
0.117971
-0.058359
0.060680
0.059299
0.150479
0.222322
-0.028583
0.179730
-0.011491
-0.079831
0.279533
0.059828
0.003309
0.159069
0.018836
0.059160
-0.036925
0.002035
0.030238
0.080725
-0.050048
0.022758
-0.008689
0.065554
0.053418
-0.125586
0.030132
0.119320
0.087661
0.080998
0.093989
0.135724
0.070316
-0.127444
0.128112
0.031932
-0.033469
0.145785
0.108552
0.064585
0.086055
-0.030514
-0.014097
-0.005925
-0.022331
0.082505
0.057581
-0.091181
-0.075991
0.095362
0.091738
-0.023017
0.092259
0.043175
-0.048210
0.020266
0.011146
0.031551
0.051139
0.075988
-0.024671
-0.058880
-0.049953
-0.034475
-0.039103
-0.006979
0.054852
0.057834
0.181391
0.050425
0.015453
-0.080355
-0.025618
0.119269
0.042264
0.020139
0.011052
0.133665
0.147675
0.077529
0.067708
0.136488
0.172739
0.142062
0.176874
0.274098
0.303484
0.293872
0.199480
0.369112
0.301411
0.192906
-0.032743
0.194188
0.093607
0.206344
0.259686
0.238706
0.317248
0.111836
0.083630
0.236695
0.200373
0.214025
0.032602
0.065927
0.015820
0.182671
0.111749
0.300182
0.241316
0.139226
0.168922
0.059388
0.169134
0.117562
0.180650
0.096830
0.056834
0.105823
0.025206
0.107267
0.065907
0.239080
-0.022421
0.170678
0.019290
0.035667
-0.016072
0.092564
-0.004433
0.091757
0.011264
0.083391
0.094107
0.007874
0.063785
0.212167
0.053929
0.033220
0.003286
-0.013756
0.048933
0.064124
-0.005564
-0.001467
0.070285
0.124393
0.068042
0.111289
0.030636
0.009777
0.064759
0.008816
0.105610
0.027926
0.005639
-0.028496
0.030977
0.045066
0.016419
0.029394
0.075504
0.151652
0.103167
0.211865
0.085329
0.225300
0.142464
0.135301
0.130236
0.285535
0.134175
0.520728
0.533930
0.530802
0.485598
0.535896
0.463766
0.409752
0.375610
0.403183
0.346271
0.257687
0.103732
0.344519
0.150083
0.413708
0.429104
0.386712
0.362768
0.298631
0.286254
0.245491
0.302914
0.067049
0.162147
0.222616
0.161155
0.165814
0.104626
0.147005
-0.048347
0.242108
0.073221
0.180785
0.149060
0.058671
0.043431
0.058749
0.143741
0.321496
-0.031975
0.189257
0.223373
0.165161
0.146894
0.207101
0.066678
0.069183
0.120342
0.143262
0.099187
0.068194
0.081325
-0.045562
0.151149
-0.025594
0.059841
-0.018398
0.096723
0.088715
0.096882
0.047956
0.101490
-0.013035
0.025024
0.093372
0.023237
-0.004096
0.030956
0.030548
-0.014409
0.099288
0.091963
0.049599
-0.007885
0.053413
-0.066280
0.117542
0.030725
0.000676
0.077746
0.172033
0.113253
0.117487
-0.061225
-0.068369
0.055320
0.088650
0.072906
0.240720
0.119609
0.114910
0.044590
0.036519
0.024578
0.029522
0.070603
0.049709
0.196621
-0.019333
-0.041731
0.201720
-0.073134
0.152874
-0.017691
-0.002011
0.140130
0.088922
0.101559
0.095901
-0.020176
-0.018304
0.040403
0.063563
-0.051163
-0.065258
0.107559
-0.014516
0.040708
0.063476
0.096049
0.025544
0.033714
-0.103151
-0.046844
-0.060188
0.043035
0.034928
-0.040476
-0.079544
-0.122638
0.026969
0.052409
0.116463
0.020728
0.118299
0.091300
0.135698
0.231760
0.234930
0.090294
0.106539
0.217454
0.048661
0.064482
0.157440
0.121117
0.162371
0.112839
0.160775
0.269580
0.253979
0.094104
0.220686
0.176439
0.385672
0.083298
0.373251
0.371732
0.476732
0.348573
0.568671
0.428221
0.488399
0.580103
0.523250
0.529004
0.515021
0.406306
0.433362
0.369791
0.423506
0.451271
0.426499
0.442694
0.462393
0.293293
0.581212
0.328152
0.189127
0.322048
0.190294
0.264945
0.187323
0.208972
0.072972
0.065155
-0.079169
0.010509
0.080611
0.188556
0.166166
-0.003338
0.057689
0.005878
0.144738
0.121947
0.184614
0.030616
0.089036
0.052979
0.063373
0.140036
0.039271
0.067263
-0.041570
0.062543
0.122342
0.040044
0.014942
0.164916
0.210196
0.103097
0.103977
0.191271
0.120490
0.038187
0.257917
0.175486
0.175371
0.094064
0.276167
0.104987
0.020714
0.063798
0.122969
-0.037763
0.142832
0.076597
0.193970
0.145842
0.197671
0.143072
0.078647
0.115175
0.198996
-0.103891
0.228192
0.051946
0.014429
0.125973
0.201077
0.169668
0.238900
0.276816
0.199427
0.086345
0.271701
0.041982
0.145081
0.062516
0.067545
0.186554
0.286134
0.213353
0.333284
0.104438
0.368222
0.436900
0.305621
0.187722
0.254200
0.194819
0.593976
0.463133
0.726569
0.558894
0.732998
0.672049
0.828199
0.734167
0.847420
0.830582
0.841062
0.840388
0.829778
0.851842
0.783408
0.741527
0.851555
0.741827
0.835826
0.775466
0.691124
0.760582
0.654819
0.678552
0.586200
0.612974
0.660422
0.577080
0.800418
0.863624
0.925721
0.923093
0.943503
0.927578
0.965557
0.962406
0.963762
0.962165
0.933701
0.899883
0.942879
0.964860
0.970327
0.968679
0.938994
0.961164
0.975941
0.957942
0.970494
0.942459
0.961570
0.911635
0.961257
0.945380
0.965461
0.933083
0.974422
0.959227
0.973976
0.970954
0.979861
0.985773
0.991407
0.982172
0.988671
0.949831
0.973151
0.956055
0.957364
0.890594
0.911391
0.854944
0.945792
0.950778
0.976985
0.980137
0.955960
0.939262
0.939510
0.885428
0.914157
0.883064
0.901359
0.782550
0.853889
0.874675
0.827687
0.748536
0.684013
0.645462
0.542943
0.479369
0.525610
0.573220
0.772727
0.773026
0.799279
0.772602
0.825659
0.741118
0.803099
0.858876
0.729462
0.713818
0.814955
0.743925
0.910769
0.843149
0.884530
0.802082
0.825346
0.753425
0.931605
0.867368
0.917126
0.915977
0.926739
0.912359
0.933889
0.932183
0.873347
0.874383
0.857734
0.797219
0.864827
0.821758
0.792462
0.817706
0.853521
0.727349
0.889549
0.882265
0.933163
0.901531
0.904405
0.872404
0.917209
0.915624
0.966646
0.941106
0.964241
0.963379
0.976717
0.957844
0.920665
0.883050
0.917796
0.896508
0.850155
0.831441
0.880987
0.836863
0.895700
0.875632
0.898943
0.929617
0.876699
0.819265
0.763269
0.728924
0.749421
0.632420
0.638928
0.559633
0.526119
0.281327
0.237471
0.146148
0.202177
0.062666
0.103808
0.168059
0.213810
0.255055
0.138793
0.096418
0.050226
0.142417
0.288735
0.093647
0.221037
0.227006
0.387222
0.350261
0.201320
0.145625
0.333866
0.236892
0.488134
0.350514
0.595624
0.489238
0.657673
0.537850
0.827197
0.811676
0.789231
0.696499
0.893495
0.728800
0.839888
0.805143
0.888580
0.837307
0.865278
0.717478
0.819088
0.779043
0.897571
0.791061
0.874033
0.810417
0.877242
0.881617
0.945930
0.898825
0.952004
0.929404
0.931153
0.929545
0.859785
0.860085
0.870953
0.836812
0.781694
0.587731
0.626234
0.534392
0.650711
0.624463
0.795730
0.675191
0.843252
0.844780
0.903475
0.913162
0.870501
0.838014
0.891632
0.848812
0.894653
0.793975
0.883896
0.801511
0.889390
0.836857
0.846934
0.830245
0.855711
0.897989
0.880745
0.877040
0.925832
0.886391
0.924125
0.791777
0.903450
0.887854
0.913826
0.920652
0.842276
0.859407
0.685517
0.525323
0.668076
0.742120
0.630324
0.591886
0.441684
0.546806
0.583671
0.469051
0.652057
0.530997
0.708289
0.637328
0.689269
0.612138
0.661111
0.616234
0.715750
0.617183
0.671231
0.652856
0.920842
0.937795
0.980873
0.967290
0.984609
0.977326
0.989898
0.987587
0.988505
0.977719
0.974493
0.947374
0.982874
0.974841
0.984065
0.983564
0.973179
0.977105
0.947705
0.941103
0.916926
0.760897
0.848128
0.693812
0.773346
0.701952
0.728664
0.752194
0.794033
0.707256
0.820852
0.733395
0.868537
0.824419
0.893256
0.910874
0.920029
0.783459
0.895110
0.858630
0.868861
0.797425
0.833873
0.808130
0.848411
0.695973
0.849612
0.842122
0.852941
0.863291
0.805764
0.733885
0.889330
0.833029
0.937713
0.812913
0.897691
0.857185
0.868328
0.863797
0.801872
0.816841
0.871019
0.782192
0.850401
0.741576
0.765954
0.581354
0.658266
0.546856
0.428020
0.507056
0.536916
0.418022
0.467363
0.388035
0.340938
0.404978
0.359545
0.329005
0.291285
0.131426
0.337305
0.413634
0.370887
0.276615
0.457029
0.299695
0.705473
0.516538
0.823118
0.778925
0.889675
0.870092
0.933438
0.942155
0.906254
0.919607
0.939363
0.914253
0.956708
0.917453
0.933715
0.929471
0.948853
0.836472
0.848711
0.812814
0.824086
0.714517
0.812681
0.760312
0.637950
0.590746
0.537618
0.527106
0.509817
0.505871
0.382625
0.315458
0.269679
0.302750
0.445743
0.271680
0.397580
0.219138
0.358270
0.256673
0.303382
0.289289
0.298721
0.262640
0.336412
0.241735
0.236599
0.389466
0.275614
0.204469
0.226163
0.286260
0.275883
0.173618
0.230409
0.082272
0.200316
0.066399
0.046234
0.160975
0.202711
0.092625
0.222707
0.133987
0.125741
0.191000
0.313775
-0.036427
0.104984
0.199471
0.214561
0.079410
0.193191
0.132077
0.100101
0.169969
0.123798
0.076185
0.110017
0.107241
0.147416
0.115740
0.061075
0.119147
0.011211
0.235593
0.168511
0.148800
0.049770
0.142889
0.132919
0.080264
0.053986
0.024892
0.199676
0.070442
0.070422
-0.001067
0.163669
0.084738
0.029570
0.120485
0.012075
0.081915
0.026753
0.207513
0.055228
0.097787
0.074642
0.050139
0.187457
0.056421
0.216567
0.081377
0.012948
0.221391
0.176703
0.284419
0.294262
0.111265
0.226584
0.084662
0.308149
0.004481
0.275980
0.234441
0.063073
0.070766
0.083959
-0.056225
-0.074995
0.135968
0.082581
0.047900
0.082914
-0.025403
0.191251
0.087345
0.080109
0.160200
0.112337
0.144978
0.120370
0.081783
0.042350
0.000397
0.126676
-0.148316
-0.008614
-0.011191
0.122954
0.102318
0.048317
0.081735
-0.000654
0.091103
0.083769
0.097669
0.198786
0.081601
0.071434
0.105857
0.129345
0.233627
0.201412
0.326026
0.430871
0.457810
0.288918
0.263425
0.233752
0.311498
0.267172
0.138974
0.226703
0.143588
0.189049
0.129496
0.107902
0.055973
0.248811
0.085658
0.151322
-0.004590
-0.009977
0.080567
-0.011395
0.081605
0.172942
-0.039083
0.180194
0.200161
0.070452
0.062590
0.021297
0.039264
0.014583
-0.024079
-0.063020
0.002244
0.089459
-0.026750
0.132303
0.009596
-0.029165
0.059308
0.058633
0.056576
0.096456
0.089469
0.045227
0.025754
0.115518
0.120065
0.030424
