0.067937
0.026818
0.075140
0.048767
0.114876
0.069502
0.059797
0.107487
0.115808
0.277792
0.071038
0.051581
0.050184
0.163451
0.035455
0.278031
0.069430
0.172728
0.082474
0.172677
-0.033671
0.164237
0.028764
0.110110
0.044395
0.152071
0.095732
0.085465
0.039415
0.095655
0.150778
0.105521
0.231894
0.074633
0.040339
0.073624
-0.084593
-0.038402
0.003878
-0.058972
-0.023787
0.088164
-0.044111
0.191360
0.039772
0.088202
0.141788
0.099306
0.028862
0.099652
0.094268
0.000592
-0.020137
0.037950
0.047297
0.022619
-0.012638
-0.063065
0.029643
0.129874
-0.071419
-0.026411
-0.019076
0.084211
0.065794
0.005607
-0.025744
0.164480
0.010170
0.030196
0.017458
0.130080
0.065262
0.002387
-0.051772
0.060970
0.102017
0.103804
0.144057
0.135827
0.157913
0.041209
0.203808
0.069461
0.099877
0.064402
0.018230
0.169417
0.093016
0.187440
0.106579
0.179004
0.275037
0.087485
0.133560
0.086690
0.092380
0.366752
0.178943
0.195959
0.296955
0.325822
0.298850
0.434544
0.468606
0.415397
0.415684
0.224319
0.274248
0.149404
0.220822
0.115169
0.166687
0.091377
0.054038
0.150191
0.211864
0.111841
0.083094
-0.008622
0.154496
0.114494
0.138865
0.044235
0.128026
-0.020993
0.069537
0.061329
0.043304
0.277303
0.187735
0.153705
0.233891
0.348221
0.291294
0.307402
0.360845
0.362248
0.241399
0.536869
0.502235
0.582452
0.457794
0.726868
0.588641
0.673459
0.298596
0.489187
0.546480
0.480720
0.350275
0.541797
0.405494
0.526749
0.436517
0.347842
0.376060
0.262657
0.302251
0.199005
0.174162
0.236192
0.084172
0.161906
0.060146
0.219183
0.086520
0.220226
0.124931
0.113678
0.015028
0.196802
0.081212
0.088340
0.089423
0.173903
0.088151
0.110332
0.065111
0.096540
-0.030760
0.123191
0.047743
0.099501
0.112257
0.173172
0.114400
-0.018885
0.061231
0.093815
0.110187
0.126346
0.195472
0.200387
0.027843
0.182333
-0.026109
0.057815
0.064709
0.105575
0.091009
0.142672
0.154506
0.074242
0.133810
0.081174
0.099006
0.157875
0.179219
0.145795
0.162027
-0.027303
0.195291
0.183454
0.109124
0.095892
0.165582
0.074353
0.085983
-0.008348
0.058157
0.083133
0.016083
0.117195
-0.057671
0.058693
0.058843
0.020499
0.062748
0.120634
0.220006
0.236695
0.116767
0.157633
0.040584
0.181094
0.131261
0.252034
0.070129
0.200842
0.072675
0.125683
0.055118
0.119861
0.312521
0.248317
0.168968
0.330642
0.308327
0.322061
0.241240
0.067441
0.097356
0.234311
0.112959
0.152997
0.144404
-0.028624
0.071015
0.239391
0.083512
0.158030
0.035517
0.072554
0.007103
0.090373
0.014336
-0.024805
-0.004768
0.020642
0.084907
0.035708
-0.023605
0.083920
0.093444
0.027495
0.046643
0.066156
0.011285
0.062451
-0.066055
0.111632
0.031980
0.028548
0.119009
0.139812
0.052601
0.105290
0.147781
0.054704
-0.019512
0.117756
0.050457
0.174042
0.124263
0.175589
0.207154
0.009751
0.163077
0.130895
0.040611
0.042877
0.150479
0.143377
0.129550
-0.020337
0.075582
0.027786
0.022208
0.096004
0.187466
0.245255
0.121505
0.256611
0.116899
0.329404
0.308367
0.227168
0.223672
0.273038
0.224931
0.374567
0.226488
0.358630
0.373785
0.359541
0.249437
0.377394
0.312089
0.437456
0.297759
0.397857
0.241491
0.248578
0.322385
0.462572
0.491216
0.338894
0.382065
0.250329
0.176797
0.270192
0.112174
0.134817
0.211036
0.142863
0.308859
0.261310
0.189319
0.171301
0.304539
0.210282
0.322563
0.109490
0.197742
0.235462
0.118297
0.177345
0.152234
0.234760
0.234251
0.137871
0.208415
0.139947
0.126524
0.040830
0.153590
0.028379
0.009471
0.071753
-0.008158
0.083119
0.093387
0.028113
-0.059246
0.188782
0.143227
0.045086
0.084119
0.141287
0.124261
0.138025
0.140627
0.212785
0.172782
0.188051
0.037106
0.003289
0.032985
0.079514
0.088428
0.031968
0.079010
0.051244
0.140540
0.043986
0.211736
0.152236
0.136934
0.164625
0.040430
0.101590
-0.037753
-0.037452
0.118085
0.017518
0.114114
0.040317
-0.019218
-0.082839
0.007857
0.085610
0.017357
0.026220
0.009229
0.049539
-0.027875
0.009516
-0.001092
-0.039882
-0.037138
-0.025532
0.039645
-0.001415
0.065345
0.063044
-0.011383
0.113024
0.032100
0.107515
0.028648
0.080395
0.066105
0.048263
0.085995
-0.050693
0.158684
0.116141
0.074328
0.300784
0.274648
0.154584
0.141649
0.332045
0.081461
0.273867
0.341415
0.510768
0.419030
0.341872
0.181366
0.144322
0.137884
0.174647
0.056636
0.082547
0.055164
0.054731
0.016091
0.073283
0.040824
0.143208
0.063930
0.110937
0.123018
0.270483
0.258813
0.458881
0.336801
0.388541
0.505467
0.617371
0.529530
0.467727
0.518698
0.466276
0.250663
0.474121
0.524544
0.605164
0.676581
0.494457
0.453810
0.108354
0.225990
0.339722
0.125061
0.131586
0.164150
0.094259
0.202454
0.201875
0.150983
0.137993
0.077404
0.156607
0.122302
0.038186
0.089101
0.004160
0.087482
0.079842
0.015071
0.103579
0.065367
0.053657
0.084448
0.132735
0.090712
0.101385
0.132848
0.109859
0.070416
0.204182
0.190829
0.192754
0.303919
0.228716
0.142968
0.387263
0.197684
0.308275
0.157194
0.501572
0.276579
0.588651
0.623754
0.694233
0.581132
0.538568
0.661292
0.507363
0.602931
0.521489
0.205296
0.530368
0.308397
0.275135
0.342080
0.482527
0.221295
0.563372
0.394766
0.660888
0.568880
0.600213
0.641030
0.646822
0.721369
0.750680
0.600194
0.807687
0.735871
0.696781
0.683716
0.698114
0.583672
0.599443
0.585164
0.763270
0.684365
0.682126
0.662575
0.807655
0.764271
0.723892
0.616800
0.509113
0.502960
0.372903
0.347585
0.394048
0.413333
0.448490
0.378970
0.575352
0.386018
0.503854
0.313904
0.076905
0.147935
0.158519
0.042438
0.193033
0.259035
0.258279
0.179474
0.255922
0.387462
0.320569
0.355150
0.496808
0.361966
0.585397
0.261375
0.461814
0.465845
0.533027
0.478278
0.738564
0.661449
0.764894
0.787032
0.926706
0.832340
0.955582
0.943807
0.978240
0.975418
0.921537
0.920478
0.897798
0.851772
0.895361
0.862337
0.777404
0.776885
0.756793
0.649491
0.654879
0.658410
0.768858
0.464126
0.603293
0.532767
0.655074
0.541564
0.713225
0.621320
0.766563
0.577306
0.803633
0.697609
0.828565
0.740910
0.833743
0.677886
0.791198
0.774076
0.787038
0.643843
0.656779
0.620840
0.493434
0.554743
0.645108
0.406167
0.656674
0.519038
0.437947
0.437462
0.544067
0.471536
0.603619
0.460447
0.472953
0.408693
0.387104
0.296277
0.231594
0.450688
0.310694
0.420361
0.306082
0.294915
0.292849
0.214472
0.416839
0.327287
0.631628
0.432107
0.686726
0.556934
0.714737
0.653145
0.663644
0.698036
0.528372
0.589068
0.370271
0.473288
0.590772
0.480290
0.731129
0.660566
0.774240
0.719102
0.869060
0.837292
0.830340
0.797107
0.725186
0.726434
0.639607
0.606485
0.730822
0.684801
0.675032
0.713403
0.684165
0.624951
0.738798
0.581827
0.802189
0.744337
0.874988
0.803434
0.909406
0.852970
0.929126
0.885004
0.926354
0.911077
0.894300
0.893094
0.830393
0.818333
0.818502
0.828701
0.865626
0.875539
0.853762
0.755999
0.627853
0.620188
0.684438
0.500954
0.515955
0.582366
0.673651
0.611806
0.692823
0.689618
0.711774
0.656231
0.792061
0.702998
0.784059
0.750995
0.795547
0.728419
0.807172
0.756838
0.803226
0.707405
0.677682
0.634849
0.674187
0.610862
0.786232
0.642513
0.707974
0.759443
0.609482
0.611643
0.514737
0.538166
0.437951
0.353403
0.380723
0.253244
0.159760
0.128208
0.172020
0.075422
0.229891
0.218028
0.301643
0.327355
0.176676
0.216974
0.309597
0.270846
0.195476
0.006958
0.231156
0.157274
0.139652
0.126150
0.090797
0.027214
0.111127
-0.008836
0.236540
0.100183
-0.016530
0.189923
0.226094
0.197598
0.231827
-0.018810
0.114138
0.076970
0.036562
0.133242
0.234545
0.077253
0.177152
0.111201
0.304249
0.185047
0.121129
0.157934
0.061414
0.165764
0.163889
0.048416
0.092584
0.160965
0.032984
0.061035
0.125494
0.162148
0.109540
0.247612
0.077337
0.125178
0.139423
0.224951
0.107823
0.071887
0.127823
0.134640
0.268216
0.155952
0.141075
0.190887
0.213413
0.061451
0.200311
0.204938
0.307982
0.301503
0.223212
0.258308
0.200233
0.187848
0.177573
0.036789
0.079037
0.088216
0.033967
0.097011
0.150077
-0.087595
-0.026243
-0.051933
0.198399
0.063258
0.035977
0.078433
0.116638
0.118716
0.107287
0.155704
0.142361
0.107554
0.084952
0.008478
0.151048
0.069564
0.146388
0.003422
0.074646
0.060099
0.006255
-0.006428
-0.008525
0.069120
0.014275
0.055688
0.050624
0.027940
0.116029
0.219773
0.032099
0.111112
-0.001644
0.031424
-0.007672
0.056215
0.144096
0.059898
0.156277
0.002044
0.072433
-0.002228
0.038172
0.021032
0.012628
0.100564
0.094102
0.130725
0.063706
0.141390
0.064935
-0.041834
0.139545
0.203130
0.112965
0.283010
0.227540
0.147301
0.088752
0.199988
0.181890
0.109938
0.167164
0.028275
0.167384
0.122088
0.416099
0.195083
0.355600
0.199811
0.213061
0.109521
0.177196
0.008708
0.072214
0.154795
0.145178
0.163137
0.217632
0.162091
0.044430
0.170543
0.147160
0.158731
0.158578
0.213405
0.177335
0.129392
0.148730
0.125399
0.086333
0.127056
0.109033
0.032449
0.164638
0.123830
0.068255
0.062864
0.233900
0.149365
0.194450
0.240151
0.059323
0.165137
0.170939
0.090001
0.069108
0.113079
0.014587
0.121911
0.112817
0.152505
0.088104
-0.008171
-0.018188
0.128266
0.080720
0.064161
0.117083
0.029588
0.121346
0.032817
0.082740
0.067227
0.041054
0.135322
0.160178
0.018786
0.124089
0.134612
0.244838
0.261409
0.090110
0.024946
0.128774
0.074216
0.073134
0.039447
0.227447
0.138958
0.189822
0.186273
-0.022066
0.156508
0.100678
0.093546
0.114558
0.056209
0.106903
-0.034407
0.038603
0.073606
0.120936
0.010571
0.008474
0.059113
0.088381
0.072988
-0.057154
0.089714
0.207649
0.117568
0.245715
0.308313
0.366509
0.173038
0.256452
0.251985
0.228328
0.087710
0.342625
0.259633
0.389380
0.490992
0.499256
0.408302
0.306423
0.328835
-0.013370
