0.073598
0.209269
0.195807
0.075857
0.288569
0.197000
0.230423
0.138198
0.185445
0.320237
0.156900
0.160687
0.176628
0.299485
0.349504
0.446822
0.453089
0.411900
0.203111
0.177815
0.302270
0.278426
0.247255
0.316528
0.324328
0.220568
0.269323
0.355215
0.169868
0.113964
0.086044
0.277767
0.180213
0.156945
0.080140
0.164172
0.130638
0.104808
0.131975
0.188674
0.162390
0.245985
0.144739
0.177639
0.175403
0.107473
0.110978
0.120696
0.268638
0.066516
0.035342
0.140086
0.102258
0.152696
0.048666
0.188344
0.137135
0.173713
0.142591
-0.010216
0.160686
0.078945
-0.010483
-0.018949
0.071127
0.042384
0.046542
0.005555
0.158826
0.025815
0.170104
0.090981
0.128283
0.002355
-0.025304
0.129150
-0.077224
-0.040204
0.054015
0.079015
0.040394
0.126862
-0.004151
0.039232
0.122793
0.003599
0.036144
0.006497
0.000891
0.024894
0.000050
-0.009842
0.020876
-0.020262
-0.023376
0.134759
0.095490
-0.016102
0.149961
0.102443
0.070189
0.055384
0.059307
0.116483
0.001697
0.138543
0.059643
0.021702
0.003539
0.080012
0.042385
0.018334
0.038749
0.041340
-0.005014
0.005388
0.069131
-0.031254
-0.003118
-0.032072
0.042634
0.148665
0.023165
0.176489
0.170116
-0.023553
0.061248
0.047420
0.109846
0.173206
0.115993
0.156231
0.069106
0.225117
0.144700
0.176217
0.145148
0.071692
0.096040
0.086592
0.135737
0.098840
0.119715
0.052769
0.040880
0.112396
0.039025
0.129930
0.106332
0.092164
-0.002727
0.043625
0.028650
-0.094673
0.043680
0.069228
-0.000108
-0.003050
0.073555
-0.046937
0.011724
-0.103564
0.034316
-0.050987
0.097101
-0.029265
0.117752
-0.008167
0.016318
0.043822
0.050039
0.040916
0.058820
0.039305
0.105173
0.198100
0.062948
0.081094
-0.021505
0.049260
0.077900
0.183794
0.054341
-0.011204
0.091422
0.093302
0.009878
0.148560
0.162619
0.023523
0.107641
0.212097
0.186624
0.144847
0.164470
0.093291
0.065730
0.100712
0.044298
0.163918
0.260356
0.144617
0.096048
0.111340
0.074938
0.069073
0.084592
0.189978
0.093068
0.203718
0.027815
0.062568
0.132031
-0.011630
0.055463
0.079351
0.035579
0.062098
0.097266
0.067409
0.170026
-0.013018
0.066550
0.034425
0.019644
0.026916
0.006812
0.001336
0.157259
0.019123
0.150946
0.034157
0.050195
-0.041267
0.064577
0.007180
-0.016380
-0.062052
0.012434
-0.034387
0.091521
0.075231
0.077791
0.017815
0.039270
0.119364
0.032586
0.157503
0.044092
-0.011832
0.049499
0.002066
0.127044
-0.027430
0.037638
0.058061
0.106012
0.017922
-0.058127
-0.000294
0.090758
0.111974
-0.031780
0.136862
0.025088
0.121320
-0.014320
-0.070862
0.085564
0.132164
0.068875
0.030209
0.016298
0.052422
0.125102
0.049815
0.093025
0.045730
0.077089
-0.070846
-0.044881
0.133069
0.118409
0.170403
0.098811
0.053453
0.089179
0.109030
0.080886
0.175884
0.064789
0.044657
0.151910
0.166939
0.120035
-0.064777
0.011479
0.086195
0.048250
0.233051
0.092919
0.126462
0.025226
0.169337
0.128750
0.006515
0.110492
0.074328
0.180301
0.127723
0.089374
0.072516
0.122616
0.165309
0.102295
0.167021
0.119232
0.020827
0.100672
0.009068
0.106619
0.133445
0.033216
0.073353
0.071859
0.008922
0.151880
0.081334
0.097541
0.141072
0.035204
0.057990
0.202664
0.139238
0.055605
0.101014
-0.017125
0.172168
0.102175
0.026727
0.216068
0.154069
0.108442
0.187570
0.164415
0.037055
0.029393
0.160636
0.128418
-0.047955
0.117985
0.072178
0.069560
0.023160
0.083740
0.007036
0.005999
0.170346
0.021036
0.125186
0.102122
0.131664
0.160211
0.098634
0.113811
0.094416
0.067402
0.205607
0.077621
0.219932
0.150219
0.258283
0.058960
0.189932
0.100724
0.079186
0.086563
0.117098
0.163170
0.028476
0.156337
0.022227
0.021011
0.091121
-0.007354
0.073654
0.103694
-0.034127
0.116419
0.095215
0.011019
0.067589
0.081189
-0.001964
0.103062
0.072231
0.109778
-0.034128
0.023950
0.084311
-0.081550
0.004257
0.124740
0.232118
0.039333
0.099377
0.126124
0.158973
0.068945
-0.040886
-0.009972
0.167102
0.026362
0.126543
0.129089
0.197272
0.118330
0.088219
0.092781
0.005185
0.100868
0.063108
-0.026056
0.011142
0.044089
-0.014116
0.181129
-0.029775
-0.063348
0.061339
-0.009226
0.060716
0.087529
0.040540
0.044945
0.081609
0.069428
0.185133
0.166965
0.198837
0.173573
0.188384
0.167508
0.377189
0.162475
0.384475
0.461810
0.586402
0.458093
0.542270
0.412701
0.741410
0.744162
0.750408
0.701269
0.721179
0.648495
0.702350
0.599809
0.745370
0.503700
0.655019
0.639488
0.749642
0.709593
0.688284
0.695623
0.669189
0.667205
0.744929
0.498494
0.793815
0.678388
0.732946
0.564364
0.699362
0.697341
0.670144
0.642530
0.667578
0.634595
0.607971
0.580731
0.539725
0.487729
0.427308
0.432945
0.488805
0.520214
0.535506
0.350559
0.437705
0.410803
0.413436
0.272978
0.297660
0.290868
0.406389
0.340290
0.536684
0.446618
0.527751
0.308838
0.584554
0.482678
0.536343
0.441879
0.527527
0.573637
0.509009
0.388205
0.478882
0.333390
0.489481
0.360873
0.451630
0.431835
0.605717
0.418690
0.606839
0.520377
0.491179
0.563911
0.438598
0.437895
0.317551
0.344314
0.422257
0.415834
0.302192
0.401873
0.173826
0.370401
0.181817
0.216156
0.324814
0.237873
0.287184
0.309539
0.255431
0.241225
0.202308
0.076137
0.320263
0.136068
0.316688
0.350500
0.403128
0.518055
0.444621
0.141319
0.235760
0.178614
0.249033
0.208912
0.413095
0.323567
0.462067
0.591166
0.737045
0.544338
0.669631
0.522949
0.580556
0.521453
0.598023
0.473093
0.616474
0.456321
0.412883
0.349339
0.226042
0.411798
0.264966
0.282081
0.383405
0.178695
0.315581
0.320811
0.344167
0.277825
0.364081
0.401297
0.453536
0.356831
0.366092
0.322078
0.461333
0.350042
0.422832
0.332258
0.606215
0.354759
0.716119
0.719682
0.673737
0.695248
0.656736
0.585845
0.796698
0.752341
0.716205
0.605647
0.694488
0.620918
0.645106
0.698599
0.663855
0.752915
0.700663
0.619189
0.710241
0.664488
0.789914
0.633671
0.815320
0.764850
0.660027
0.771174
0.700974
0.535648
0.725970
0.673312
0.669934
0.650198
0.624394
0.724608
0.788474
0.736612
0.816923
0.718565
0.695765
0.737012
0.642142
0.550512
0.586043
0.514605
0.465223
0.385742
0.487090
0.485975
0.596755
0.442085
0.729194
0.699320
0.774332
0.686314
0.808892
0.827178
0.809399
0.768775
0.881365
0.835668
0.801687
0.765325
0.845329
0.730515
0.785975
0.682705
0.831783
0.792706
0.813679
0.727925
0.787237
0.618624
0.722728
0.790833
0.752034
0.686119
0.843658
0.834718
0.912761
0.909428
0.849787
0.827872
0.802299
0.717251
0.721367
0.623283
0.664515
0.562583
0.692101
0.676631
0.741528
0.721281
0.759530
0.677098
0.827460
0.752261
0.858708
0.811549
0.882167
0.851994
0.913524
0.821184
0.904921
0.790031
0.793816
0.795798
0.768584
0.761649
0.772864
0.676572
0.674957
0.689272
0.756243
0.705991
0.696361
0.739457
0.795410
0.630565
0.755258
0.719539
0.729198
0.631341
0.623515
0.627192
0.539432
0.560122
0.659231
0.520181
0.601230
0.594818
0.638097
0.588811
0.733058
0.642681
0.820188
0.729221
0.818285
0.865411
0.820471
0.854923
0.779693
0.700558
0.814929
0.710411
0.726432
0.718543
0.677007
0.675763
0.662374
0.295777
0.531276
0.492804
0.531368
0.399289
0.492424
0.348831
0.303465
0.362840
0.396404
0.306077
0.239258
0.182045
0.122386
0.240122
0.265239
0.127324
0.221226
0.207810
0.065354
0.135475
0.096889
0.169484
0.292296
0.125159
0.143501
0.032146
0.302036
0.321109
0.487904
0.459706
0.558705
0.517025
0.666996
0.680954
0.644763
0.534900
0.678292
0.578362
0.667536
0.559707
0.645676
0.663618
0.533527
0.541003
0.626366
0.459767
0.476703
0.548412
0.592827
0.413909
0.446101
0.440748
0.310422
0.326032
0.272324
0.213067
0.193861
0.173995
0.226894
0.125600
0.284678
0.305104
0.152174
0.192957
0.211832
0.275073
0.300391
0.258343
0.310403
0.176286
0.280463
0.239366
0.401743
0.428701
0.441055
0.510257
0.517760
0.452657
0.690090
0.452357
0.685900
0.654276
0.613436
0.640907
0.672700
0.613686
0.709796
0.687930
0.761693
0.707684
0.736994
0.737659
0.727071
0.662321
0.720003
0.558275
0.653789
0.668060
0.636658
0.478234
0.349805
0.329935
0.276037
0.331625
0.318871
0.320425
0.325466
0.322961
0.194993
0.189419
0.248232
0.199868
0.175193
0.245819
0.310033
0.102836
0.220512
0.189610
0.060378
0.034859
0.061809
0.115701
0.082402
0.048021
0.042864
0.051146
0.074564
0.017978
0.092821
0.039659
0.122504
0.025085
-0.084194
-0.059934
0.049426
0.135318
0.102507
0.071603
0.175465
0.092390
0.104641
0.132278
0.191755
0.067417
0.180718
0.139176
0.167472
0.081592
0.061877
0.064835
0.117812
0.086296
0.129249
0.088453
0.129607
0.134299
0.087679
0.082724
0.099050
0.045154
0.065319
0.097428
-0.002840
0.061791
0.110636
0.008094
0.061893
0.117034
0.074761
0.089825
0.066038
0.078426
0.103266
0.067999
0.062243
0.203698
0.060654
0.115271
0.081676
0.071578
-0.026993
0.022174
0.063781
0.116927
0.131481
-0.029619
0.191417
0.112111
0.082055
0.146957
0.076815
0.049112
-0.069655
-0.035576
0.015783
0.072874
-0.031648
0.086991
-0.057703
0.057244
0.017455
-0.010305
0.042341
0.008345
0.046626
0.114907
0.009369
0.090495
0.015458
0.152897
0.099291
0.042158
-0.035056
0.055920
0.059683
0.084240
0.139434
0.072206
0.034806
0.115018
0.062606
0.045069
0.197451
0.009654
0.284999
0.122424
0.221373
0.115343
0.172167
0.167538
0.115479
0.053336
0.047274
0.056799
-0.048761
-0.002486
0.221993
0.136386
0.122102
0.031288
0.120695
0.022712
0.028084
0.099707
0.140399
-0.020880
-0.042733
0.030386
0.029145
-0.017387
0.149898
0.088296
0.058959
0.042985
0.022764
0.013655
0.024430
0.050666
0.160854
0.061224
-0.043002
0.038146
-0.045141
0.178861
0.050257
0.187304
0.000752
-0.010467
0.068069
0.051477
-0.037062
0.000919
0.098232
0.016274
0.161162
0.177495
0.274904
0.136098
0.138212
0.220823
-0.022219
