0.077278
0.052932
0.097989
-0.022327
0.167848
0.084239
0.072871
0.158570
0.128081
0.143941
0.070193
0.160555
0.213688
0.218133
0.075547
0.160419
0.039511
0.161579
0.111202
0.054541
0.093590
-0.002166
0.012339
0.100713
-0.041353
0.193427
0.037929
-0.051293
0.084426
0.199649
-0.024322
0.160082
0.213544
0.153264
0.037338
0.240917
0.153427
0.135830
0.022053
0.308382
0.145726
0.105349
0.134569
0.238550
0.119050
0.280435
0.258727
0.239313
0.263524
0.176019
-0.026653
0.295324
0.061002
0.174571
0.048611
0.027160
0.109810
0.099515
0.100518
0.078419
0.124373
0.073622
-0.000371
0.111426
-0.072624
-0.046260
0.158955
-0.028697
0.020757
0.118909
-0.026404
0.005101
0.068471
0.158497
0.006629
0.027228
0.062708
0.159753
0.087085
0.183483
0.062502
0.153362
0.091772
0.248064
0.095815
0.059080
0.091292
0.162157
0.234492
0.100666
0.178995
0.331833
0.196916
0.104461
0.090780
0.204578
0.173065
0.114625
0.026304
0.154652
0.070453
-0.031580
0.015533
0.153381
0.112792
0.002121
0.169759
0.079194
-0.019364
0.164017
0.022991
0.112141
0.039004
0.090809
0.058696
0.234005
0.095846
0.047534
0.027453
0.213823
0.052582
0.188551
0.087895
-0.111806
0.019022
0.154913
0.173934
0.328029
0.273669
0.344938
0.271585
0.381857
0.357801
0.287454
0.346229
0.223068
0.155296
0.273938
0.185468
0.098095
0.220176
0.151988
0.141123
0.422699
0.243882
0.324762
0.301692
0.512567
0.352710
0.454807
0.361032
0.434741
0.423285
0.366347
0.271024
0.290922
0.155413
0.384639
0.026643
0.323157
0.189667
0.244589
0.270060
0.253780
0.265413
0.507265
0.216778
0.524190
0.424443
0.309036
0.356107
0.248130
0.208494
0.228745
0.335139
0.230641
0.170501
0.053536
0.012206
0.093450
0.135551
0.181027
0.078724
0.273116
0.227260
0.226546
0.173374
0.285039
0.086755
0.087127
0.194731
0.265258
0.060415
0.281074
0.106080
0.191257
0.215796
0.082013
0.173822
0.097818
0.040756
0.179011
0.078804
0.144699
0.022997
0.147666
0.032661
-0.058418
0.078313
0.036616
0.053932
0.174299
0.048115
0.023307
-0.066457
0.214134
0.113764
0.103526
0.023500
0.010856
0.005522
0.164701
0.182321
0.204562
0.122157
0.073715
0.024825
0.057914
0.058280
0.054655
0.002810
-0.030594
0.029125
0.130611
0.116010
-0.001661
-0.000454
-0.022014
0.159365
0.059859
0.059045
0.197483
-0.025190
0.117505
0.157834
0.043471
0.071483
0.110702
-0.007705
0.073439
-0.108986
0.230500
0.060763
0.061595
0.088301
0.140989
0.181054
0.167119
0.084122
0.121688
0.189785
0.315750
0.275426
0.507487
0.387503
0.446985
0.403235
0.402713
0.276087
0.207729
0.333099
0.367256
0.345058
0.109633
0.259553
0.293907
0.018592
0.259926
0.004344
0.042403
0.120450
0.104246
0.028234
0.225657
-0.027293
0.036260
0.131887
0.179526
0.082923
0.053412
0.012862
0.092318
0.095101
0.090080
0.150561
0.066578
0.059785
0.187875
-0.026941
0.145923
-0.001327
0.158761
0.237196
0.084634
-0.004174
0.072014
0.019629
0.096732
0.093048
0.134119
0.003891
0.194477
0.059055
0.151063
0.153459
0.267745
0.131087
0.293426
0.175405
0.338907
0.408099
0.409039
0.173958
0.592695
0.405774
0.657880
0.377207
0.478257
0.438805
0.460188
0.506090
0.521776
0.425447
0.537243
0.670314
0.774757
0.660078
0.727299
0.477625
0.623387
0.476496
0.441222
0.244426
0.405017
0.254559
0.365064
0.337843
0.391694
0.307796
0.400323
0.364766
0.461299
0.339661
0.304635
0.237249
0.263937
0.267563
0.349085
0.153867
0.344949
0.225639
0.061198
0.049231
0.167897
-0.004872
0.103230
0.105976
0.180957
0.168051
0.309440
0.195258
0.423848
0.431735
0.510616
0.232819
0.608609
0.458403
0.552103
0.439402
0.451837
0.266622
0.525208
0.399912
0.437273
0.425160
0.513179
0.650837
0.648232
0.439202
0.560240
0.414788
0.692457
0.532439
0.425157
0.453857
0.484438
0.504973
0.330291
0.382104
0.330723
0.428374
0.437545
0.201550
0.257105
0.346975
0.269977
0.142361
0.394492
0.187731
0.332509
0.306539
0.337823
0.425620
0.268420
0.245712
0.277364
0.237042
0.076517
0.094335
0.233040
0.293764
0.127144
0.141863
0.241306
0.157967
0.055273
0.171646
0.118890
0.065878
0.232713
0.096535
0.224596
0.352066
0.168799
0.111536
0.138070
0.122460
0.140581
0.257056
0.321418
0.404703
0.516290
0.425608
0.554071
0.448155
0.554987
0.402577
0.599761
0.445592
0.500063
0.300961
0.290299
0.172697
0.359217
0.224454
0.356804
0.405639
0.114512
0.234670
0.217783
0.126487
0.321146
0.009452
0.287849
0.206412
0.189031
0.230842
0.312552
0.371973
0.502578
0.185725
0.454038
0.450761
0.410449
0.481011
0.351974
0.294620
0.523139
0.417854
0.722212
0.638268
0.554876
0.430976
0.465121
0.490348
0.605838
0.296631
0.361991
0.325163
0.339201
0.342368
0.514648
0.505190
0.619913
0.576854
0.817308
0.699476
0.482115
0.548313
0.416852
0.427693
0.691872
0.592618
0.723283
0.721043
0.635972
0.602264
0.737007
0.580408
0.686920
0.658026
0.713037
0.674409
0.721831
0.588918
0.676332
0.742505
0.677004
0.461477
0.558383
0.494640
0.322333
0.250746
0.305995
0.387867
0.402057
0.522716
0.432308
0.592091
0.412261
0.355584
0.294294
0.252332
0.367963
0.191054
0.307364
0.184054
0.359178
0.316033
0.478046
0.392944
0.561158
0.486281
0.508927
0.539728
0.579253
0.637010
0.753062
0.649950
0.826542
0.818687
0.896263
0.856708
0.899699
0.880924
0.909251
0.908941
0.844540
0.830028
0.851963
0.795913
0.827270
0.808081
0.740556
0.681791
0.782488
0.609948
0.761137
0.764437
0.568312
0.475509
0.344187
0.298449
0.493055
0.095081
0.256455
0.275335
0.261519
0.317082
0.356881
0.365998
0.448137
0.329869
0.592977
0.625503
0.660604
0.617655
0.479304
0.546469
0.647595
0.499929
0.642626
0.616617
0.745196
0.718135
0.793046
0.736307
0.788500
0.577907
0.631146
0.664868
0.722607
0.537316
0.473276
0.504933
0.658761
0.411494
0.716815
0.675887
0.859756
0.715704
0.816414
0.858785
0.906299
0.827376
0.934252
0.909224
0.933750
0.932104
0.952189
0.918732
0.968704
0.940085
0.983429
0.971215
0.984701
0.980944
0.980605
0.972923
0.988474
0.972764
0.980444
0.979851
0.985319
0.983597
0.982203
0.966821
0.985598
0.985366
0.987472
0.982942
0.970594
0.978160
0.949263
0.950755
0.952867
0.933730
0.910469
0.847241
0.891684
0.813593
0.681455
0.713498
0.674446
0.404287
0.489898
0.275266
0.481404
0.502514
0.590025
0.632317
0.681305
0.623636
0.717186
0.775899
0.522505
0.540029
0.519344
0.421074
0.541391
0.593823
0.504967
0.474038
0.260072
0.360127
0.485103
0.526457
0.624091
0.434048
0.433593
0.160176
0.393275
0.368718
0.704953
0.366238
0.690883
0.513100
0.706085
0.660389
0.416464
0.302914
0.180909
0.196720
0.575034
0.386742
0.580018
0.585945
0.373678
0.410806
0.568950
0.256976
0.536711
0.333030
0.414227
0.345060
0.421863
0.466415
0.530544
0.440846
0.601022
0.388094
0.543774
0.535893
0.592298
0.411999
0.363962
0.509029
0.428189
0.419843
0.374554
0.412522
0.526105
0.536258
0.672838
0.649348
0.642928
0.295213
0.677508
0.556059
0.566693
0.579462
0.756358
0.640913
0.783011
0.732460
0.859665
0.858854
0.790739
0.802229
0.669471
0.398090
0.607912
0.405306
0.617154
0.577201
0.679450
0.449097
0.618009
0.509610
0.488562
0.438787
0.598465
0.533649
0.515967
0.468418
0.599011
0.329696
0.843355
0.599513
0.835343
0.661410
0.727183
0.585932
0.670668
0.665765
0.538302
0.337975
0.434963
0.409035
0.316503
0.408791
0.299439
0.272081
0.494139
0.308029
0.593802
0.678964
0.547273
0.573920
0.583889
0.312977
0.253286
0.306792
0.241488
0.157387
0.183908
0.237457
0.280754
0.179929
0.349473
0.175913
0.267473
0.189845
0.073686
0.061528
0.096615
0.058122
0.154881
0.030617
0.031710
0.078576
-0.046529
-0.030305
0.084678
-0.074930
0.021203
0.095444
0.104071
0.101847
-0.008761
0.026996
0.229939
0.038457
0.109400
0.170254
0.137251
0.134362
0.255485
0.273984
0.361662
0.352909
0.561010
0.264550
0.376958
0.435478
0.559027
0.479492
0.463851
0.365557
0.684970
0.731094
0.901977
0.872176
0.867908
0.820731
0.833650
0.838812
0.892311
0.810214
0.861410
0.735683
0.752006
0.726259
0.681757
0.609414
0.684399
0.640166
0.776986
0.718378
0.884365
0.868119
0.821027
0.882174
0.941772
0.890965
0.928179
0.956063
0.905997
0.918144
0.902044
0.872694
0.920126
0.876747
0.955561
0.938419
0.896279
0.845201
0.822357
0.736038
0.729539
0.688938
0.459832
0.407169
0.395229
0.152717
0.241733
0.187565
0.251763
0.134158
0.163184
0.146060
0.327348
0.127977
0.204858
0.194375
0.250572
0.160413
0.383476
0.183005
0.394375
0.401789
0.431708
0.506447
0.519184
0.359191
0.600618
0.370244
0.338300
0.155212
0.338981
0.333811
0.167624
0.220759
0.335773
0.162681
0.418326
0.282317
0.707698
0.582767
0.707434
0.686004
0.789394
0.688026
0.566613
0.562205
0.577681
0.517948
0.494721
0.335489
0.418097
0.368708
0.359847
0.337801
0.247858
0.187785
0.293775
0.201594
0.475029
0.398762
0.264215
0.216143
0.358720
0.338761
0.173042
0.122030
0.298618
0.177685
0.353982
0.251152
0.098577
0.295549
0.442938
0.342772
0.440098
0.417123
0.646831
0.481885
0.595606
0.479801
0.618309
0.610920
0.756520
0.747463
0.654632
0.565385
0.585455
0.336493
0.423284
0.155429
0.469109
0.522468
0.260633
0.210373
0.281402
0.242182
0.342963
0.091028
0.195823
0.262762
0.159135
0.191565
0.228005
0.127387
0.108108
0.111183
0.210540
0.316283
0.307362
0.381395
0.492021
0.508569
0.469601
0.503856
0.599046
0.612416
0.623061
0.480878
0.607587
0.359679
0.296194
0.349426
0.436008
0.470385
0.283639
0.330564
0.443033
0.415855
0.343015
0.121732
0.333186
0.255390
0.301224
0.261853
0.316312
0.316285
0.546714
0.526751
0.744966
0.750182
0.692745
0.661006
0.747457
0.585146
0.798289
0.576359
0.679931
0.546157
0.504219
0.574084
0.615501
0.455084
0.445330
0.463443
0.088909
