0.061321
0.144270
0.148937
0.019040
0.130848
0.092196
0.080614
0.009183
0.046535
0.067109
-0.049593
0.030025
0.107577
0.054549
0.097459
0.103902
-0.012597
0.078097
-0.086339
-0.028147
-0.057286
0.109761
0.114296
0.117141
0.085203
0.055221
0.019657
0.245677
0.028079
0.022040
0.040675
0.117111
-0.021157
0.177339
0.101530
-0.012083
0.111401
0.077180
0.120067
0.061620
0.100807
-0.003610
0.014849
0.199084
0.096934
0.049805
0.178986
0.181640
0.185218
-0.045626
0.150415
0.039540
0.053420
0.120415
0.094043
0.164652
0.099507
0.081015
0.093190
0.179713
0.101529
-0.007292
0.093411
0.040839
0.151936
0.260295
-0.040388
0.152213
0.065657
0.195727
0.192745
0.203649
0.152815
0.191456
0.278346
0.322835
0.276842
0.106964
0.221447
0.246906
0.323131
0.390820
0.206967
0.286949
0.400561
0.331265
0.141356
0.274597
0.279853
0.426094
0.228494
0.440634
0.381132
0.275786
0.233701
0.303413
0.227895
0.279288
0.259317
0.258408
-0.032857
0.228382
0.121814
0.311139
0.226782
0.180416
0.246061
0.144778
0.140071
0.248193
0.084026
0.296596
0.097308
0.140552
0.041388
0.034039
0.148344
0.082803
0.100416
0.221274
0.075855
0.119725
-0.037854
0.058978
0.151125
0.014598
0.034834
0.094059
0.014607
0.117151
0.116738
0.052241
0.136934
0.017158
0.040676
0.086345
0.170681
0.211576
0.134123
0.193655
0.220430
0.108058
0.128108
0.154674
0.213638
0.218034
0.203974
0.202326
0.169540
0.138252
-0.001565
0.066956
0.127647
0.223244
0.156680
0.147470
0.129927
0.465950
0.296743
0.508186
0.526513
0.314028
0.308389
0.324866
0.209782
0.246756
0.355428
0.249175
0.177168
0.140235
0.190896
0.338027
0.094067
0.045391
-0.025376
0.210823
-0.061041
0.082368
0.083306
0.140494
0.087198
0.226090
0.121262
0.064536
0.125226
0.079584
0.081357
0.117483
0.090929
-0.010358
-0.060244
0.129817
0.033666
0.077890
0.078861
0.049577
0.101802
0.110379
-0.037394
0.076369
0.055597
0.173491
0.039284
0.142924
0.195204
-0.010129
0.094140
0.245710
0.063741
0.126829
0.110679
0.148989
0.116897
0.160198
0.053515
0.073089
0.071971
0.088248
-0.012039
-0.037801
0.095724
0.134877
0.034307
0.010510
0.013956
0.183934
0.003475
0.048064
0.016639
0.049926
0.086525
0.025276
0.028810
0.050784
0.030112
0.065708
0.074040
-0.005994
0.094148
-0.019957
0.055703
0.004888
-0.064395
0.120877
-0.043022
0.035269
0.076919
0.089431
0.116625
0.083744
0.010924
-0.086261
0.124705
0.128698
0.132168
0.066286
0.008708
0.027421
0.072861
0.153598
-0.075799
0.097842
0.149300
0.118006
0.135623
0.190476
0.007859
0.165979
0.139310
0.196431
0.105431
0.259550
0.127395
0.192555
0.192917
0.163066
0.215754
0.212505
-0.030054
0.103995
0.161551
0.034185
0.071228
0.124831
0.120589
-0.021512
-0.027370
0.158550
0.193320
0.053896
0.122242
0.079468
0.092983
0.116415
0.114991
0.212510
0.217105
0.189535
0.086366
0.247900
0.018931
0.116979
0.074142
0.157191
-0.054508
0.147298
0.027305
0.010958
0.121260
-0.055142
0.102325
0.020537
0.018082
0.022601
0.039716
-0.068387
0.005557
0.029128
0.001191
0.067251
0.062976
-0.017225
0.012956
0.010934
-0.013738
0.035629
0.130040
0.159022
0.030590
0.073568
0.013445
0.115098
-0.010430
0.042746
0.038438
0.065473
0.020756
-0.049831
-0.115359
0.204992
0.005640
0.111077
0.149068
0.013517
0.180723
0.107238
0.018357
0.149483
0.054194
0.168114
0.226317
0.321990
0.323232
0.584749
0.478800
0.660325
0.636163
0.640955
0.372931
0.500174
0.454984
0.341987
0.268173
0.559996
0.251348
0.706657
0.639036
0.791892
0.735325
0.709388
0.719275
0.708753
0.737284
0.676875
0.605915
0.622624
0.376797
0.409486
0.362842
0.498072
0.263837
0.518587
0.260490
0.560153
0.562746
0.652270
0.619631
0.757138
0.669753
0.637754
0.699807
0.599629
0.491600
0.617811
0.512188
0.633905
0.437680
0.651745
0.427227
0.782507
0.673097
0.733141
0.622793
0.488223
0.542492
0.569547
0.547057
0.598341
0.576982
0.768403
0.687158
0.777371
0.675350
0.708703
0.699857
0.680226
0.628237
0.765541
0.709135
0.807116
0.763293
0.821862
0.622792
0.857060
0.709478
0.735767
0.684433
0.606987
0.668281
0.639661
0.538689
0.651179
0.496817
0.498598
0.439453
0.403328
0.561084
0.589155
0.445813
0.388918
0.407318
0.438701
0.338029
0.450175
0.329507
0.477432
0.370206
0.598061
0.484762
0.444559
0.610397
0.554672
0.533664
0.592904
0.595024
0.704953
0.701018
0.556970
0.548168
0.357725
0.343276
0.402905
0.273322
0.332948
0.366351
0.393002
0.239411
0.430715
0.277221
0.223706
0.239890
0.228369
0.223641
0.076217
0.077249
0.103654
0.016886
0.100073
0.084780
0.152717
0.054317
0.045874
0.017596
0.016559
0.170083
0.105130
0.112003
0.094373
0.189467
0.106184
-0.018940
0.210257
0.136775
0.091060
0.202803
0.189684
0.155254
0.232220
-0.038823
0.171904
0.178232
0.131316
-0.043686
0.187186
0.189310
0.091863
0.115086
0.061441
0.060053
0.096849
0.038698
0.107286
0.121551
0.128875
0.103200
0.005025
0.220412
0.219972
0.150728
0.376483
0.211031
0.402709
0.204335
0.311009
0.381264
0.364804
0.493816
0.472871
0.515164
0.386172
0.193033
0.292422
0.289482
0.190898
0.147107
0.211796
0.087129
0.194412
0.181957
0.263121
0.203419
0.198100
0.060817
0.395385
0.226711
0.435105
0.232122
0.203904
0.262488
0.284350
0.234539
0.393276
0.247864
0.373656
0.310538
0.457389
0.472852
0.575935
0.323958
0.491888
0.535451
0.581593
0.526676
0.537112
0.544322
0.552959
0.394260
0.684478
0.668240
0.638070
0.456398
0.555307
0.364705
0.657402
0.541364
0.720113
0.684497
0.567765
0.595508
0.410229
0.422901
0.471604
0.230128
0.322176
0.139668
0.271173
0.199326
0.211954
0.416139
0.358511
0.318213
0.331312
0.111595
0.228049
0.279818
0.383125
0.177786
0.514426
0.365368
0.692204
0.520046
0.650420
0.725788
0.820665
0.777432
0.814234
0.739740
0.898611
0.796484
0.876437
0.832470
0.839354
0.876419
0.919974
0.909908
0.911200
0.927106
0.873964
0.826397
0.873329
0.785757
0.750608
0.654720
0.561718
0.522041
0.487901
0.429812
0.249374
0.229677
0.087690
0.133805
0.182951
0.252327
0.297857
0.414584
0.196534
0.297352
0.487633
0.352793
0.583846
0.559790
0.714552
0.642605
0.734073
0.668608
0.560244
0.533620
0.614837
0.522211
0.671125
0.459355
0.706420
0.610707
0.737948
0.709309
0.707353
0.646535
0.567589
0.646384
0.795469
0.694550
0.850032
0.692199
0.903169
0.822440
0.787492
0.730771
0.575919
0.516917
0.561281
0.516569
0.516165
0.447613
0.350356
0.399624
0.419232
0.174419
0.426170
0.287044
0.485178
0.201393
0.242123
0.389281
0.364030
0.348377
0.240539
0.355702
0.312794
0.278972
0.385451
0.336968
0.581477
0.436180
0.660493
0.490299
0.629010
0.563510
0.484424
0.513611
0.387631
0.401004
0.274997
0.346875
0.322424
0.277693
0.502438
0.464664
0.392414
0.464960
0.524350
0.397445
0.563339
0.623287
0.625280
0.492136
0.498834
0.359181
0.364553
0.519368
0.578046
0.615975
0.539093
0.620410
0.696809
0.625004
0.750614
0.563599
0.712127
0.596196
0.772871
0.685594
0.850231
0.722600
0.831915
0.701580
0.844110
0.716672
0.715097
0.684816
0.755437
0.676505
0.792974
0.712270
0.835458
0.744305
0.691724
0.684742
0.777862
0.672504
0.721267
0.690673
0.672875
0.562931
0.680590
0.637480
0.646428
0.709318
0.646338
0.599061
0.673958
0.519547
0.727457
0.738931
0.785010
0.842631
0.921788
0.917992
0.958453
0.950652
0.937912
0.952310
0.922730
0.925963
0.898651
0.726792
0.907117
0.808042
0.721911
0.715390
0.789849
0.589757
0.800728
0.675776
0.816418
0.763127
0.633642
0.708612
0.553009
0.558634
0.494819
0.290634
0.268267
0.223003
0.079562
0.027417
0.110699
0.053218
0.146107
0.076717
0.097950
-0.043388
-0.077929
0.003362
0.187107
0.090599
0.199511
0.002374
0.194273
0.176754
-0.008720
0.164589
0.262640
0.041355
0.274802
0.159864
0.415047
0.180971
0.297154
0.151608
0.078067
0.350101
0.217322
0.163393
0.046543
0.110729
0.154352
0.153575
0.097076
0.087930
0.069931
0.128354
0.125972
0.144791
0.123018
0.142463
0.015429
0.111723
0.137301
0.018025
0.246432
0.082901
0.043088
-0.007751
0.085592
0.123352
0.122910
0.142598
0.155314
-0.017315
0.026840
0.063022
-0.063732
0.056550
0.091879
-0.007805
0.116063
0.090215
0.194423
0.229259
0.249316
0.375692
0.411826
0.271525
0.507851
0.389403
0.616648
0.597297
0.677861
0.638498
0.760519
0.675767
0.833724
0.810599
0.858358
0.829049
0.812706
0.647333
0.757102
0.666342
0.820700
0.770839
0.736197
0.807711
0.789378
0.748409
0.768896
0.627427
0.602596
0.514045
0.737553
0.573618
0.679058
0.557238
0.772006
0.658763
0.815477
0.691889
0.846355
0.818787
0.863879
0.816095
0.888923
0.807669
0.844466
0.774161
0.875614
0.829387
0.863063
0.785792
0.856593
0.889709
0.941396
0.904621
0.834809
0.837785
0.794388
0.718809
0.706128
0.648071
0.463491
0.278019
0.475412
0.391736
0.498497
0.294437
0.313809
0.264439
0.296831
0.369839
0.372049
0.265161
0.207138
0.422345
0.217146
0.157429
0.442255
0.350454
0.329882
0.183433
0.136078
0.038670
0.062128
0.086862
0.331658
0.149774
0.320595
0.306587
0.219720
0.038985
0.188943
0.183767
0.194482
0.071140
0.055423
0.069779
0.266827
0.183838
0.281973
0.265393
0.289063
0.321594
0.259102
0.295349
0.391814
0.302310
0.187182
0.081914
0.396755
0.126376
0.250282
0.237538
0.080528
0.217959
0.506093
0.516665
0.715356
0.723654
0.608022
0.670732
0.672138
0.567150
0.562144
0.455702
0.292951
0.131155
0.276123
0.159076
0.203751
0.161532
0.136693
0.127862
0.089708
0.009507
0.040425
0.081352
0.026614
0.104373
0.084425
0.081019
0.062026
0.092115
0.313896
0.010869
0.173241
0.126185
0.219872
0.215893
0.235173
0.101398
0.346960
0.291492
0.399911
0.339336
0.330917
0.466352
0.673972
0.468146
0.619192
0.279692
0.658778
0.337066
0.416524
0.358964
0.033031
