0.087856
0.196217
0.120558
0.011054
0.189842
0.094611
0.044257
-0.000973
0.159662
0.039671
-0.026447
0.010640
-0.054978
0.058764
-0.025226
0.097735
-0.021959
0.132834
-0.059914
-0.006033
0.061081
0.092543
-0.028324
-0.021195
0.027716
0.047398
0.105851
0.177399
0.084202
-0.040447
0.088265
0.020940
-0.037568
0.121502
-0.053299
0.035531
0.090799
0.042999
0.105089
-0.033094
0.054854
0.017674
0.105004
0.037407
0.155492
-0.002608
0.095697
0.070092
0.138616
0.111358
0.066550
0.122886
0.126670
0.053188
0.037472
0.203080
0.110531
0.141610
0.120933
0.085930
0.151899
0.146258
0.146094
0.125012
0.099810
0.036007
-0.071116
0.105633
-0.049449
-0.035510
-0.019698
-0.019395
-0.021056
0.082232
0.067819
-0.047880
-0.029066
0.054416
0.093765
-0.004184
0.089780
0.182462
0.160806
0.209247
0.235407
0.141704
0.043916
0.277775
0.197213
0.321126
0.099379
0.150062
0.163835
0.123065
0.163929
0.022447
0.004373
0.042502
0.028826
-0.063277
0.048757
0.111796
0.026120
0.016411
-0.022092
0.038147
0.024098
-0.052696
0.015211
0.120912
-0.021771
-0.051868
0.000095
0.076002
0.076966
0.051095
0.133327
0.016261
0.150742
0.152047
0.206598
0.093232
0.049388
0.140702
0.052143
0.165998
0.011248
0.133285
0.023899
0.077138
0.086295
0.123853
0.128200
0.040290
0.113535
0.119695
0.098260
0.002317
0.017024
0.089384
-0.007053
0.041216
-0.022605
0.106351
0.028071
0.052630
0.093792
0.080203
0.092937
0.027317
-0.020855
0.131005
0.024897
0.069559
0.097055
0.045088
0.050831
0.064742
0.088716
0.296376
0.163836
0.144407
0.250864
0.152827
0.123105
0.114167
0.169476
0.214234
0.106360
0.050415
0.099683
0.191136
0.052595
-0.038152
-0.035315
0.150352
-0.031268
-0.000627
-0.001101
0.027512
0.046703
0.033736
-0.034904
0.105664
0.097882
0.074502
0.077508
0.028514
0.059207
0.100739
0.120980
0.239180
0.215338
0.203119
0.110682
0.091955
0.122060
0.060987
-0.010847
0.049697
0.046077
-0.008971
-0.049429
0.090245
0.055472
-0.038616
0.080235
0.067931
-0.005812
0.076871
-0.056116
0.000889
0.013911
0.026594
0.029413
0.045747
-0.066876
0.005630
0.013896
0.016833
0.070906
0.022214
0.131299
0.070122
0.046469
0.077149
0.008595
0.012328
-0.020063
0.133149
0.099123
0.044633
0.097454
0.006629
-0.045169
-0.008452
-0.044183
0.107266
0.070147
0.092041
-0.084601
0.078705
0.005916
0.000736
0.098491
0.016934
0.038649
0.071268
0.059411
0.167589
0.045336
0.072569
0.053470
0.079591
0.015467
0.208223
0.073245
0.058829
0.039299
0.129283
0.053917
-0.056265
0.126623
0.094742
0.026399
0.020270
0.007627
-0.037136
0.026610
0.040458
0.042209
-0.001574
0.042781
0.029464
0.052394
0.062484
0.071559
0.033171
0.069047
0.008219
0.081743
0.097591
0.027580
-0.052583
-0.013428
0.014338
0.080640
0.109563
0.161129
0.077116
0.176853
0.209246
0.127306
0.271807
0.136361
0.280458
0.255055
0.251781
0.021380
0.162624
0.084354
0.108132
0.067884
0.242978
0.202592
0.400959
0.277434
0.139903
0.285483
0.224785
0.052169
0.232957
0.211093
0.265726
0.211716
0.172895
0.083976
0.161272
0.029076
0.187512
0.129813
0.204505
0.148537
0.257798
0.281271
0.345013
0.249561
0.462466
0.391337
0.328608
0.315244
0.115752
0.344133
0.395708
0.352041
0.389276
0.214894
0.171153
0.191974
0.196825
0.085828
0.190703
0.024505
0.071018
0.095641
0.099701
0.163696
0.022296
0.030545
0.040677
0.067828
-0.052812
0.007959
-0.001175
0.030973
-0.009479
0.094808
0.016303
0.159448
0.081824
0.102358
0.015196
0.003808
0.011253
0.087860
0.045337
-0.030568
0.063784
-0.054758
0.054331
-0.048737
0.007026
0.147880
-0.030050
0.157563
0.136205
0.065914
0.040445
0.093712
0.123292
-0.025896
0.006218
-0.056615
0.166205
0.107354
0.102032
0.099691
0.042400
0.068453
0.128092
0.079741
0.232893
0.107923
0.060198
0.099530
0.084806
-0.021520
0.058245
-0.014476
0.068000
0.115100
0.117294
0.060808
0.014214
-0.000380
0.024162
0.060067
0.028567
0.032165
0.113934
0.021552
0.067534
0.091601
-0.086874
0.000522
0.013281
0.017973
0.035855
-0.003333
-0.003148
0.118682
0.037107
0.150336
0.040289
0.030680
0.053752
0.037920
0.059262
0.068926
0.023796
-0.017748
0.082730
0.067981
0.133562
0.084218
0.017135
0.055799
0.220643
0.015539
0.112363
0.182186
0.218635
0.178824
0.395316
0.265311
0.205764
0.288253
0.518223
0.332329
0.587469
0.567982
0.630385
0.580459
0.680508
0.592553
0.777156
0.773617
0.801878
0.793271
0.776120
0.723432
0.653375
0.659197
0.796618
0.754618
0.779786
0.747317
0.739861
0.665242
0.723650
0.593396
0.788036
0.725920
0.645991
0.696257
0.666685
0.466388
0.708236
0.554465
0.551372
0.598871
0.572212
0.413004
0.449713
0.450446
0.610663
0.423786
0.635302
0.505516
0.594057
0.510945
0.508466
0.564694
0.512163
0.523647
0.481906
0.397676
0.537874
0.504547
0.722744
0.754059
0.730640
0.621351
0.765035
0.732021
0.696427
0.662085
0.645098
0.683375
0.733697
0.724813
0.758684
0.680623
0.840703
0.874280
0.936237
0.923142
0.944955
0.937607
0.960662
0.935258
0.979481
0.961610
0.972776
0.948935
0.984235
0.986027
0.988621
0.991225
0.988955
0.994116
0.991768
0.992433
0.989064
0.977343
0.977875
0.972475
0.976064
0.953426
0.937194
0.918983
0.899213
0.922099
0.843135
0.799432
0.788523
0.747449
0.719990
0.678931
0.759511
0.702337
0.785290
0.640449
0.820281
0.758679
0.855027
0.817475
0.888807
0.830700
0.870840
0.793332
0.857179
0.836038
0.819672
0.827049
0.839766
0.804609
0.884423
0.849323
0.907298
0.793169
0.778325
0.705406
0.800812
0.750739
0.858251
0.833618
0.814918
0.806170
0.695120
0.768033
0.844754
0.798963
0.866949
0.827008
0.854202
0.908850
0.925395
0.911731
0.926228
0.909134
0.951722
0.922686
0.953101
0.960939
0.967456
0.928436
0.915540
0.850572
0.896723
0.895617
0.861582
0.855784
0.676923
0.751027
0.645469
0.604593
0.627559
0.529538
0.665516
0.660255
0.739156
0.750143
0.826617
0.771531
0.838429
0.873196
0.833834
0.829668
0.813634
0.777695
0.729050
0.815982
0.750396
0.699590
0.657603
0.671071
0.765783
0.759676
0.777481
0.670885
0.760673
0.786766
0.750939
0.706174
0.740726
0.653230
0.838662
0.798685
0.909246
0.886961
0.919755
0.867074
0.903488
0.855599
0.883677
0.820537
0.838276
0.805942
0.860366
0.808736
0.838490
0.739837
0.850500
0.831493
0.882884
0.865441
0.858856
0.898237
0.910686
0.911053
0.945953
0.889126
0.952249
0.931553
0.899243
0.935329
0.887804
0.830339
0.924110
0.914882
0.940745
0.933336
0.919423
0.931295
0.923191
0.896598
0.932655
0.875891
0.931802
0.912096
0.911471
0.945114
0.936238
0.882351
0.952074
0.918499
0.935568
0.901255
0.847950
0.879228
0.878084
0.832253
0.853385
0.719895
0.752369
0.708820
0.665302
0.552400
0.659304
0.585141
0.680937
0.652905
0.742444
0.706246
0.721702
0.542440
0.574963
0.579217
0.586666
0.415165
0.643761
0.506045
0.695124
0.567131
0.498826
0.481662
0.480500
0.310838
0.302865
0.233873
0.403479
0.415288
0.600245
0.554977
0.750726
0.624795
0.909470
0.839491
0.899821
0.842667
0.898010
0.859227
0.930215
0.912754
0.971883
0.960260
0.978068
0.974620
0.981962
0.956022
0.985726
0.955839
0.980145
0.967449
0.978159
0.964239
0.960254
0.947813
0.967083
0.968039
0.985447
0.974371
0.974605
0.963605
0.957496
0.924716
0.938976
0.899058
0.867298
0.870313
0.841450
0.854956
0.848884
0.810321
0.663699
0.684369
0.630368
0.530915
0.634593
0.592611
0.604154
0.506600
0.617208
0.544229
0.678046
0.424525
0.564057
0.439766
0.387007
0.504420
0.535328
0.348630
0.433671
0.231345
0.297245
0.373379
0.162500
0.280280
0.225903
0.092339
0.307863
0.214915
0.259786
0.081905
0.229877
0.128178
0.143202
0.175649
0.281244
0.163169
0.283012
0.361697
0.324647
0.125300
0.332412
0.265235
0.348792
0.365251
0.260724
0.251981
0.359233
0.233394
0.303099
0.298382
0.325258
0.320111
0.319367
0.360827
0.493793
0.352866
0.433663
0.362695
0.521489
0.429364
0.548780
0.283061
0.639292
0.543305
0.580725
0.552080
0.582578
0.488062
0.411094
0.373718
0.420199
0.246800
0.323224
0.203998
0.265575
0.354806
0.318269
0.326724
0.241634
0.301473
0.292974
0.467658
0.400557
0.268613
0.269294
0.210597
0.255264
0.275341
0.288604
0.297126
0.326113
0.380609
0.274321
0.170536
0.099835
0.146002
0.162701
0.128929
0.133032
0.206044
0.228714
0.256685
0.206632
0.170219
0.210344
0.048624
0.023509
0.008879
0.194618
0.128540
0.290867
0.102320
0.322708
0.262506
0.585286
0.501192
0.525973
0.427152
0.172956
0.138435
0.533080
0.364591
0.365805
0.380221
0.377442
0.219716
0.221675
0.119361
-0.001127
0.104178
0.189730
0.071084
0.177114
0.099516
0.111468
0.249030
0.162818
0.072139
0.169152
0.157920
0.203850
0.185567
0.214033
0.213204
0.204038
0.312605
0.389633
0.345495
0.283275
0.231171
0.118098
0.140307
0.174730
0.178122
0.135459
0.137908
0.174600
0.194208
0.235862
0.250638
0.004993
0.174296
0.120164
0.208980
0.101599
0.157706
0.164124
0.135990
0.332746
0.109367
0.388097
0.258296
0.194851
0.109662
0.073738
0.092855
0.086710
0.058029
0.303888
0.149503
0.148050
0.202687
-0.039699
0.059869
0.075177
0.078202
0.030785
0.033262
-0.033994
0.086781
0.054290
0.086549
0.064596
0.072960
0.097356
0.007580
0.171873
0.038026
0.154655
0.075441
0.152638
0.037401
0.153858
0.068689
0.093116
0.032959
0.147855
0.120562
0.163347
0.114666
0.186581
0.127009
0.087533
0.176615
-0.025645
0.200547
0.168560
0.111473
0.052568
0.120212
0.046191
0.098165
0.082068
0.138481
0.121794
0.058058
0.035926
0.084971
-0.045128
0.044563
0.115704
0.013349
-0.039674
-0.083970
-0.036166
-0.026985
0.062622
0.090626
0.200913
0.098288
-0.046334
0.083268
0.207780
0.043276
0.139953
0.096182
0.030321
0.206505
0.090203
0.156164
0.165914
0.119719
0.156288
0.156566
0.190536
0.071751
0.114536
0.132256
-0.040957
