0.054417
0.191753
0.221795
-0.007279
0.156632
0.034984
0.085063
0.113929
0.077860
0.123722
-0.040893
-0.028342
0.116063
-0.004990
0.052462
0.149468
0.030792
0.166908
0.127254
0.097964
0.114983
0.156153
0.089104
0.133134
0.148719
0.169958
0.115472
0.028437
-0.031858
0.186375
-0.003765
0.070725
-0.068538
0.026013
0.007966
0.061781
-0.007940
0.001719
0.097603
0.137246
0.082482
0.131498
0.086930
-0.003506
0.053520
0.140408
0.084978
0.096465
0.049894
0.022240
0.001291
0.078914
0.065325
0.119806
0.077962
0.146099
0.052424
0.023257
0.197211
0.214973
0.010000
0.203615
0.054407
0.264589
0.268144
0.211743
0.218767
0.097214
0.215312
0.114614
0.205375
0.099264
0.198159
0.189924
0.019729
0.128230
0.038452
0.074351
0.080175
0.167500
0.095505
0.067760
0.077454
0.120783
0.088224
0.085236
0.144948
0.102814
0.123362
0.165424
0.061916
0.127846
0.050774
0.008070
0.134019
0.124126
0.083525
0.057847
0.082399
0.135420
-0.077083
0.099588
0.115750
0.034610
0.061014
0.138439
0.014392
0.109726
0.108827
0.035779
0.253897
0.202667
0.228478
0.121110
0.201151
0.147867
0.189690
0.185170
0.082690
0.139224
0.110601
0.261861
0.159014
0.270780
0.252637
0.158302
0.117181
0.287774
0.001824
0.172715
0.063123
-0.026803
0.073506
0.159866
0.016086
0.175437
0.205166
0.078672
-0.012126
0.071832
0.005215
0.024245
0.098455
0.004327
-0.020083
0.045515
0.027392
0.055084
-0.037728
0.045131
0.091750
0.045235
0.074934
-0.027115
0.050274
0.147754
-0.026276
0.068691
-0.104009
0.029129
-0.031488
0.126570
0.146770
0.098241
0.091965
0.213995
0.097416
0.174777
0.058186
0.251738
0.263746
0.340215
0.345753
0.411727
0.470076
0.446690
0.286789
0.410050
0.438723
0.321467
0.249011
0.214933
0.174048
0.119800
0.160500
0.116434
0.156887
0.225418
0.090423
0.105712
0.058468
0.236300
0.227707
0.143267
0.194061
0.140837
0.080416
0.124285
0.118187
0.161694
0.026457
0.053744
0.110800
0.068243
0.017742
0.006285
0.068926
0.048763
0.121100
0.116356
-0.041635
0.067887
0.111567
0.053609
-0.016952
0.000405
0.151351
0.068702
0.031845
0.317410
0.144685
0.478134
0.475114
0.582595
0.641136
0.347504
0.405578
0.394825
0.463716
0.483295
0.467501
0.419188
0.360369
0.257419
0.288209
0.382252
0.225705
0.185796
0.252360
0.158287
0.139981
0.145450
0.350223
0.167995
0.035923
0.160032
0.066838
0.091173
0.071045
0.264889
0.033604
0.140103
0.062214
0.105845
0.120561
0.199017
0.077098
0.101802
-0.037721
0.266123
0.224421
0.036563
0.229585
0.325183
0.163735
0.191003
0.198215
0.243898
0.136586
0.387537
0.208269
0.389197
0.344061
0.153820
0.079308
0.253576
0.138512
0.142727
0.062146
0.138794
0.084460
0.114857
0.044499
0.049273
0.027520
0.073828
0.038490
0.119908
0.055087
0.127960
0.047605
0.142783
0.128334
-0.030388
0.007499
0.136597
0.090430
0.036224
0.051809
0.117085
0.167846
0.068005
0.115721
0.032419
0.045147
0.163974
0.013174
0.089560
0.014831
0.035116
0.118436
0.158031
0.126638
0.100451
0.140752
0.028706
0.101486
0.014956
0.027903
0.082883
0.066407
0.075513
0.006969
-0.031164
0.178701
0.077934
-0.030404
0.030105
0.077264
0.187262
0.070893
0.114135
0.120348
0.071908
0.069215
0.104486
0.095264
0.104736
-0.020551
0.021307
-0.022553
0.093590
-0.028480
0.051725
0.117352
0.203591
0.126676
0.187631
0.229858
0.170007
0.154450
0.305466
0.221858
0.167188
0.187768
0.119780
0.214564
0.168511
0.215665
0.275014
0.269426
0.172547
0.288266
0.422096
0.234231
0.228726
0.323315
0.326010
0.314862
0.517574
0.375738
0.517723
0.437141
0.498482
0.328723
0.555730
0.495755
0.453705
0.329636
0.385462
0.196106
0.458701
0.382349
0.579287
0.477185
0.595266
0.547143
0.393749
0.360690
0.455362
0.385833
0.594618
0.497778
0.537787
0.406922
0.572498
0.506269
0.571671
0.505754
0.594850
0.538126
0.715836
0.770705
0.842464
0.775689
0.840542
0.790163
0.810162
0.806337
0.868471
0.846170
0.928535
0.907285
0.944947
0.896388
0.968122
0.933756
0.936488
0.950928
0.930706
0.918498
0.967080
0.928642
0.976846
0.944009
0.956399
0.922087
0.930498
0.876128
0.852187
0.801510
0.728224
0.789060
0.766490
0.731089
0.804504
0.792705
0.898435
0.793512
0.881829
0.833420
0.795281
0.818148
0.783630
0.658103
0.759022
0.707480
0.758400
0.737508
0.537319
0.461114
0.535081
0.400995
0.394675
0.310145
0.434391
0.369870
0.383892
0.375968
0.484314
0.411483
0.439862
0.281292
0.411679
0.408239
0.343659
0.266958
0.142087
0.157884
0.262871
0.119860
0.162623
0.252236
0.091391
0.222018
0.119271
0.106327
0.062419
0.062149
0.067794
-0.015858
-0.041978
-0.059610
-0.003467
-0.034708
-0.019682
0.099729
0.042973
0.098761
0.042949
0.019422
0.057518
0.032615
0.075144
0.130538
0.047824
0.045582
0.000558
0.132704
0.103294
0.132156
0.100171
0.137661
0.185287
0.159583
0.140044
0.111496
0.244469
0.076204
-0.059161
0.182487
0.184864
0.136541
0.045643
-0.024164
0.016659
0.022250
0.059069
0.035214
0.059810
0.108005
0.077096
0.209983
0.103734
0.125033
0.061159
0.211939
0.227245
0.041517
0.059368
0.217332
0.101441
0.250835
0.268765
0.129989
0.440300
0.262523
0.144638
0.156311
0.376647
0.211694
0.565013
0.470920
0.713948
0.603657
0.733728
0.694626
0.871303
0.823954
0.827103
0.827782
0.793457
0.843647
0.806202
0.652120
0.783454
0.593389
0.604129
0.571890
0.547445
0.565002
0.756564
0.715373
0.821471
0.812713
0.846403
0.743807
0.859515
0.835966
0.871958
0.836400
0.863891
0.711974
0.785791
0.832727
0.791852
0.748958
0.716036
0.641549
0.677081
0.490330
0.611321
0.471755
0.361571
0.264407
0.360705
0.342969
0.277183
0.396602
0.580504
0.483994
0.549550
0.472142
0.389610
0.391747
0.403527
0.429308
0.481704
0.479740
0.409198
0.498781
0.469703
0.341054
0.446340
0.388545
0.525610
0.486882
0.558623
0.588582
0.620403
0.564178
0.514911
0.454452
0.560829
0.382472
0.332261
0.339903
0.312099
0.420663
0.423819
0.378548
0.488926
0.366547
0.496013
0.476884
0.511024
0.590189
0.605893
0.501748
0.759887
0.629427
0.763109
0.707089
0.663424
0.578684
0.651759
0.609507
0.409776
0.587458
0.448034
0.430966
0.529389
0.450331
0.529663
0.482654
0.635949
0.560090
0.692054
0.661895
0.613555
0.570324
0.700814
0.533675
0.615502
0.526394
0.597510
0.479190
0.460554
0.457681
0.346908
0.400249
0.257564
0.294394
0.208035
0.288412
0.165720
0.114842
0.116102
0.035770
0.123680
0.090829
0.014799
0.054123
-0.087826
0.028624
-0.017983
-0.045833
0.028366
-0.020398
0.074785
0.170211
0.016485
0.156281
0.095984
0.004345
-0.124307
-0.024271
0.025256
-0.049990
-0.139235
-0.025369
0.051417
0.099059
-0.040315
0.016134
-0.021231
-0.091223
0.000662
0.017703
0.061162
0.024197
0.004957
0.025925
0.043913
0.079091
0.052514
0.123286
0.199457
0.111363
0.109968
0.166616
0.306631
0.226909
0.327849
0.287501
0.315441
0.196697
0.282354
0.340737
0.445438
0.455144
0.358810
0.455832
0.199552
0.260658
0.129443
0.102229
0.214856
0.068247
0.173025
0.046601
0.083779
0.190579
0.186713
0.154608
0.287058
0.178969
0.128019
0.129943
0.096856
0.104066
0.054147
0.043463
0.151556
0.082854
0.093383
0.080451
0.083844
0.072959
0.050638
0.158244
0.052593
0.049469
0.023787
0.086158
0.006952
-0.044428
0.026573
0.085489
-0.064196
0.032177
0.075267
0.103031
0.054488
0.095445
0.202422
0.054479
0.070192
0.076964
0.204574
0.220976
0.152374
0.158836
0.187231
0.087173
0.123412
0.126546
0.155445
0.162554
0.152460
0.179443
0.181849
0.301964
0.565868
0.361146
0.661738
0.564827
0.617802
0.484568
0.617073
0.532606
0.671737
0.619486
0.689192
0.545931
0.478054
0.510525
0.306096
0.427654
0.291601
0.361296
0.414385
0.346144
0.542216
0.466406
0.505040
0.481473
0.488330
0.445386
0.638326
0.631998
0.846294
0.756370
0.842384
0.862471
0.920962
0.907490
0.816448
0.866210
0.766678
0.783996
0.755083
0.778748
0.801380
0.753944
0.771333
0.763684
0.768576
0.605379
0.781660
0.526448
0.771700
0.767550
0.842530
0.782240
0.835306
0.751381
0.901155
0.849931
0.888980
0.865741
0.899723
0.848688
0.874167
0.755834
0.789098
0.706869
0.740682
0.753172
0.768208
0.780527
0.814809
0.659260
0.863688
0.752241
0.839337
0.745912
0.865251
0.807804
0.783208
0.790799
0.754632
0.716521
0.743769
0.738888
0.656816
0.653237
0.696059
0.679807
0.809765
0.691441
0.826364
0.776356
0.784404
0.744897
0.677682
0.675075
0.682538
0.746112
0.722327
0.502280
0.733391
0.618792
0.575770
0.448676
0.631979
0.495467
0.636964
0.562875
0.624355
0.591781
0.636100
0.588960
0.613012
0.515023
0.559717
0.602017
0.698144
0.682350
0.715171
0.704345
0.746929
0.766928
0.765771
0.728394
0.815964
0.685885
0.741252
0.766485
0.720174
0.677558
0.838887
0.778250
0.819488
0.848754
0.836314
0.776108
0.920355
0.850267
0.952457
0.917812
0.909306
0.899272
0.888887
0.856789
0.913199
0.882086
0.929436
0.896586
0.917954
0.881913
0.783968
0.717845
0.778331
0.618006
0.718495
0.682621
0.654506
0.555525
0.593449
0.464569
0.492175
0.139413
0.311332
0.133350
0.141518
0.263758
0.279272
0.391136
0.538228
0.396971
0.677320
0.630896
0.482870
0.471122
0.322597
0.415001
0.387543
0.363529
0.451220
0.333423
0.473631
0.482962
0.362865
0.284063
0.408560
0.155550
0.502174
0.348994
0.246738
0.318603
0.446147
0.271652
0.261542
0.172246
0.354570
0.220861
0.257679
0.063511
0.159663
0.135259
0.278100
0.204418
0.251517
0.210373
0.127119
0.080035
0.084398
0.140030
0.041852
0.106921
0.142737
0.033724
0.092397
0.098546
0.069264
0.006529
0.108878
0.062811
-0.021902
0.027538
0.055332
0.128758
0.089934
0.007275
0.059549
0.052405
0.145943
0.093277
0.215981
0.189842
0.122468
0.220395
0.249990
0.117270
0.333303
0.304260
0.490275
0.437399
0.423940
0.233449
0.312206
0.293473
0.062745
