0.043351
0.088663
0.120856
0.051908
0.163140
0.030057
0.039550
0.021873
0.144842
0.087559
0.118055
0.174496
0.067183
-0.123058
0.132531
0.031665
0.062901
0.055490
0.059573
-0.017170
-0.011278
-0.050305
-0.051486
0.033841
-0.020186
-0.011624
0.023016
0.079401
-0.097537
0.002984
-0.025787
0.127103
-0.003934
0.082101
0.010112
0.067007
0.133753
0.098401
0.043211
0.165670
0.165752
0.156542
0.030578
0.139434
0.141865
0.062617
0.043683
0.175346
0.070386
0.178758
0.005999
0.032785
0.102323
0.036745
0.052309
0.090017
-0.005412
-0.026062
0.003521
0.038065
-0.098770
0.058292
-0.101547
0.091193
0.046977
0.045156
0.041769
0.003535
0.017522
0.057025
-0.096600
0.061238
0.061983
0.084471
0.045562
0.039688
0.123392
0.046309
-0.111871
0.198370
-0.014595
0.091420
0.014088
0.012413
0.103774
0.193386
0.087155
0.178777
0.170360
0.153780
0.088328
0.292946
0.241106
0.153660
0.256791
0.321322
0.225287
0.278950
0.313371
0.237357
0.220743
0.206756
0.098326
0.209250
0.148735
0.154052
0.180804
-0.044924
0.070669
0.056616
0.008232
0.101753
0.028825
0.149998
0.027642
0.080966
0.200294
0.023175
0.110122
0.163471
0.032811
0.149261
-0.039981
-0.078821
0.136684
0.146448
0.130774
0.212369
0.168213
0.045084
-0.054072
0.017887
0.015076
-0.056147
0.068056
0.115143
0.173178
-0.024321
0.118480
0.160978
0.052406
0.072167
0.025719
0.054986
0.093039
0.047221
-0.000386
-0.049401
0.139642
0.091843
0.019748
0.105942
0.056004
0.014429
0.013228
0.151668
-0.004524
0.057538
0.033028
0.105458
0.069164
0.091554
0.218183
0.174030
0.121649
0.181337
0.038765
0.200811
0.118634
0.132821
0.169220
0.004255
0.177771
0.078779
0.121524
0.082062
0.078193
0.190927
0.144604
-0.014265
0.070979
0.038433
0.069970
0.041715
0.103799
0.105937
0.064076
0.106626
0.132945
-0.021959
0.206513
-0.012454
0.036184
-0.025355
0.024553
-0.060095
0.029261
0.002963
0.023458
-0.004189
0.133597
-0.032683
0.084680
0.104672
-0.031089
-0.028066
0.042501
-0.061720
-0.047405
0.040055
0.067621
0.009022
0.002799
0.016979
0.123768
0.134739
0.049013
0.047181
0.085323
0.080058
0.037924
0.196836
0.192264
0.193788
0.182402
0.209130
0.174832
0.161159
0.263582
0.163845
0.086625
0.048907
0.189076
0.056359
0.113554
0.137016
0.142295
0.122298
0.180093
0.219869
0.211679
0.207272
0.254155
0.222302
0.216746
0.144589
0.261579
0.262270
0.197544
0.282121
0.141878
0.192222
0.280772
0.345218
0.262344
0.403125
0.245253
0.355584
0.309855
0.158451
0.261626
0.187977
0.230507
0.188118
0.210149
0.148493
0.134814
0.103052
0.190722
0.191555
0.194019
0.131556
0.074175
0.131455
0.022694
-0.071428
0.060877
0.082628
0.002673
0.025575
0.164054
0.094228
0.283019
0.162146
0.203392
0.248451
0.196365
0.540114
0.270520
0.443256
0.280494
0.280591
0.346798
0.116253
0.182296
0.171361
0.134054
0.138532
0.142143
0.307878
0.149261
0.178481
0.092609
0.104197
0.188764
0.136966
0.061381
0.070644
0.115190
0.148166
0.031439
0.100110
0.060580
0.249018
0.175449
-0.073006
0.088717
0.072396
0.091784
0.063770
0.061743
0.092415
0.101979
-0.005053
0.118370
0.105115
0.026369
0.114997
0.126290
0.226687
0.033921
0.258691
0.282471
0.311140
0.222479
0.376997
0.356350
0.297180
0.386460
0.364496
0.294304
0.344096
0.149477
0.449862
0.334651
0.328842
0.285469
0.336968
0.192385
0.209863
0.237660
0.312976
0.253911
0.239687
0.170258
0.228223
0.028691
0.286963
0.129598
0.265023
0.222462
0.336755
0.284803
0.180279
0.416227
0.319898
0.184082
0.377243
0.176724
0.235134
0.180451
0.281396
0.085209
0.288388
0.232602
0.310935
0.303970
0.182904
0.317679
0.365846
0.262978
0.457606
0.440410
0.658324
0.566465
0.559364
0.493197
0.406160
0.264342
0.260274
0.175375
0.244755
0.156160
0.206300
0.275670
0.464383
0.243264
0.474972
0.240116
0.402137
0.268351
0.333728
0.305176
0.267833
0.180265
0.385124
0.422174
0.353963
0.301913
0.372905
0.188302
0.426740
0.369446
0.340484
0.314661
0.060984
0.254149
0.197535
0.202667
0.208527
0.233524
0.283196
0.249941
0.395752
0.241571
0.460457
0.463291
0.505356
0.431657
0.437375
0.401154
0.606472
0.469764
0.574756
0.580113
0.389253
0.463471
0.387094
0.350249
0.358505
0.205291
0.381834
0.249244
0.206494
0.378569
0.234616
0.098251
0.313940
0.195061
0.174321
0.126980
0.164943
0.149217
0.144368
0.149290
0.079264
0.035451
0.023484
0.072171
0.143600
0.049360
0.106956
0.040946
0.148943
0.063177
0.093520
0.076201
0.071982
0.215283
0.103314
0.139046
0.144816
0.095951
0.116525
0.239804
0.276182
0.247017
0.396127
0.270247
0.343460
0.327708
0.374612
0.313075
0.473760
0.427768
0.377657
0.298581
0.157609
0.204137
0.183407
0.022241
0.235008
0.108382
0.133004
0.163510
0.360588
0.276979
0.304261
0.290080
0.417746
0.237394
0.274221
0.221336
0.161683
0.164173
0.115019
0.085243
0.084961
0.188617
0.036542
0.258319
0.189400
0.238362
0.207055
0.260798
0.255644
0.077021
0.337354
0.289696
0.455471
0.443989
0.375146
0.529194
0.455108
0.399949
0.606382
0.672859
0.766283
0.851793
0.640210
0.604737
0.475553
0.386025
0.532102
0.286354
0.375002
0.388329
0.267878
0.171422
0.206322
0.192910
0.085704
0.049058
-0.003724
0.087527
0.089121
0.095083
0.001593
0.059073
0.202271
0.111963
0.147007
0.127711
0.242692
0.111564
0.136487
0.268771
0.114554
0.022754
0.197626
0.188202
0.397669
0.203666
0.276171
0.451169
0.501609
0.282497
0.453452
0.593732
0.474247
0.538884
0.257430
0.189153
0.417152
0.292366
0.314053
0.366111
0.333011
0.328786
0.269560
0.205506
0.379123
0.277438
0.281809
0.175127
0.229342
0.198495
0.120834
0.217346
0.187827
0.082057
0.203179
0.155616
0.263495
0.351174
0.538694
0.330698
0.449259
0.456210
0.672768
0.566102
0.497618
0.479458
0.522730
0.445128
0.557760
0.524820
0.705369
0.594299
0.695230
0.681430
0.612475
0.637964
0.703962
0.521811
0.698787
0.673039
0.759955
0.687086
0.671379
0.744631
0.807644
0.789402
0.885774
0.883733
0.814506
0.797008
0.729694
0.660495
0.605431
0.327014
0.325492
0.297493
0.256615
0.225646
0.247982
0.308608
0.204404
0.207056
0.152891
0.152420
0.228540
0.126663
0.160201
0.228129
0.407005
0.147933
0.406067
0.380646
0.296916
0.338560
0.071767
0.115879
0.161084
0.131652
0.055124
0.036882
0.016810
0.133205
0.081557
0.175301
0.116021
0.062204
0.125763
0.093878
0.118144
0.137524
0.186242
0.172697
0.304454
0.152738
0.226388
0.152107
0.255997
0.327981
0.400504
0.360658
0.321989
0.317904
0.356826
0.225102
0.216884
0.174437
0.208020
0.294196
0.336681
0.040415
0.315176
0.226800
0.249909
0.429354
0.241408
0.228136
0.399431
0.264843
0.349465
0.356223
0.287804
0.334973
0.370240
0.215763
0.109537
0.234846
0.264335
0.173134
0.311843
0.352556
0.333660
0.177182
0.226721
0.096700
0.128708
0.136455
0.190908
0.066572
0.071210
0.129712
0.045996
-0.018518
0.049253
0.014713
0.133548
-0.017333
0.106010
0.070764
0.050962
0.016051
-0.012062
0.089669
-0.003052
0.003475
-0.041305
0.093385
0.097336
0.144774
0.102674
0.068986
0.071346
-0.019165
0.053739
0.051089
0.061537
0.074962
0.026767
0.007663
0.030985
0.085106
0.063655
0.005214
0.073491
0.022394
0.088425
0.136635
0.027323
0.073490
0.191038
0.210013
0.072331
0.063426
0.036775
0.138720
0.107212
0.078162
0.089646
0.052079
-0.064397
0.042502
0.140234
0.047157
0.087197
0.121427
0.085084
0.020971
0.010083
0.086983
0.042394
0.073996
0.180831
0.126281
0.205197
0.151603
0.051871
0.001595
0.173199
-0.048049
0.230360
0.148234
0.181291
0.164812
0.030826
0.184432
0.140551
0.243276
0.144923
0.115742
0.170827
0.146051
0.202296
0.127858
0.335065
0.248277
0.268102
0.242577
0.220473
0.282016
0.254298
0.144686
0.152423
0.168940
0.155368
0.124359
0.274270
0.222324
0.170091
0.037004
0.195769
0.136321
0.316707
0.405177
0.256042
0.446639
0.321998
0.309973
0.523720
0.419444
0.359544
0.230225
0.212415
0.103385
0.126335
0.171634
0.382154
0.265296
0.265384
0.127042
0.170632
0.194674
0.226697
0.113250
0.167990
0.145103
0.169568
0.111618
0.162966
0.086357
0.097204
0.206745
0.103829
0.129581
0.065959
0.194582
0.209490
0.080662
0.195046
0.078652
0.031399
0.047304
0.087622
0.097504
0.079371
0.115591
0.068280
0.023652
0.209195
0.147258
0.238861
0.127752
0.243596
0.079325
0.385445
0.302493
0.350458
0.334566
0.357903
0.114216
0.172258
0.331319
0.189523
0.038437
0.210829
0.136901
0.304209
0.342080
0.317962
0.228530
0.232540
0.206438
0.362493
0.401626
0.294399
0.379032
0.443169
0.408309
0.330569
0.331463
0.605669
0.442335
0.719333
0.613242
0.650930
0.633844
0.602697
0.512933
0.594720
0.543259
0.577623
0.611416
0.697736
0.679370
0.802992
0.743789
0.884686
0.884860
0.834199
0.835992
0.867143
0.844107
0.873484
0.739066
0.838154
0.762079
0.662759
0.754840
0.710518
0.628352
0.542704
0.521086
0.438542
0.361401
0.418355
0.347956
0.467785
0.377688
0.410740
0.188972
0.339556
0.257599
0.340008
0.223201
0.356663
0.256427
0.257245
0.329396
0.165150
0.239690
0.257843
0.256843
0.210550
0.178623
0.234390
0.228474
0.164208
0.149933
0.130173
-0.021262
0.066633
0.086269
0.031953
0.044951
0.097435
0.145480
0.062570
0.180840
0.050564
0.107377
0.141826
0.080201
0.128724
0.058147
0.157601
0.121229
0.048414
0.152038
0.000137
0.019978
0.087918
0.191666
0.189216
-0.036106
0.209329
0.224759
0.178473
0.225528
0.154962
0.180949
0.075875
0.124492
0.253166
0.149416
0.133004
0.235579
0.184861
0.166058
0.389731
0.261040
0.391321
0.453138
0.409006
0.338104
0.482588
0.393020
0.496150
0.301765
0.353000
0.157188
0.343724
0.280031
0.476801
0.486522
0.351180
0.224047
0.351112
0.266179
0.209650
0.240124
0.100949
0.107367
0.140968
0.165517
0.264416
0.054281
0.076590
0.151893
-0.042471
