0.038447
0.014488
0.023774
0.028157
0.101754
0.149942
0.194543
0.087390
0.049189
-0.018334
0.053512
0.060606
0.032339
0.022506
-0.027026
-0.005818
0.082341
0.096683
0.048219
0.158585
0.145954
0.207384
0.208846
0.399662
0.394061
0.227997
0.142448
0.286919
0.239245
0.193526
0.253621
0.453431
0.428341
0.391416
0.460892
0.261946
0.265310
0.390071
0.241453
0.203359
0.262720
0.354358
0.228919
0.353441
0.188288
0.515846
0.522847
0.697429
0.695671
0.509122
0.681638
0.552355
0.472942
0.480531
0.382172
0.245802
0.248090
0.241695
0.156358
0.106613
0.088636
0.311468
0.288961
0.366152
0.275816
0.545040
0.364676
0.418231
0.359297
0.386716
0.309583
0.204543
0.146344
0.239257
0.205590
0.407330
0.296662
0.120181
0.268120
0.227672
0.214028
0.224695
0.176778
0.140029
0.142020
0.078627
0.108418
0.130803
0.073009
0.062580
-0.075872
0.163906
0.123595
0.138484
0.026558
0.027616
-0.033133
0.046259
0.026439
0.062589
0.031491
-0.031149
0.001269
-0.045684
0.090703
0.024746
0.107741
0.091725
0.110315
0.067472
0.110892
0.034435
0.050469
0.065321
0.088602
0.024526
-0.018229
0.032402
0.055421
0.225955
0.014927
0.005358
0.090871
0.026106
0.083716
0.193948
0.078725
0.235703
0.134541
0.221216
0.052939
0.127446
0.175338
0.108023
0.056429
0.223127
0.103187
0.130748
0.183011
0.131580
-0.068230
0.063393
0.052237
0.058544
0.015928
0.074575
0.071236
0.052774
0.187790
0.073510
0.106597
0.145680
0.185951
0.428302
0.210150
0.259176
0.226546
0.371682
0.376232
0.442418
0.365087
0.425964
0.384267
0.352350
0.380362
0.399809
0.303959
0.558011
0.367720
0.361447
0.462223
0.258525
0.193773
0.336157
0.311750
0.327743
0.285966
0.258577
0.449674
0.233628
0.197713
0.085913
0.023835
0.123997
0.109557
0.171873
0.040462
0.042293
0.118701
0.017858
-0.059693
0.082667
-0.112990
-0.109917
-0.016121
-0.040242
0.023277
0.162161
-0.007465
0.058169
0.008066
0.051500
-0.051767
0.051784
0.043071
-0.009375
0.054520
0.090625
-0.017921
-0.052012
0.030237
-0.065631
0.003995
-0.011902
0.022990
-0.074038
0.053519
0.032106
0.006109
0.035450
-0.037537
-0.055541
0.075601
0.108267
0.064731
0.045245
-0.018369
0.026717
0.142952
0.146119
-0.033776
0.025281
0.073852
0.052281
-0.037924
0.164911
-0.029802
-0.084494
0.051132
-0.022070
-0.036290
0.097546
0.069118
0.142581
0.051342
0.257465
0.253563
0.276174
0.280508
0.303207
0.222278
0.203733
0.325604
0.233972
0.151072
0.158570
0.086660
0.125850
0.187613
0.159762
0.199990
0.149504
0.079324
0.123319
0.109534
0.081118
0.023903
0.078730
0.029626
0.159369
-0.036776
0.211911
0.047298
0.238147
0.231652
0.341590
0.231628
0.359864
0.123406
0.160137
0.171973
0.101318
-0.012351
0.151595
0.072509
0.051012
0.215598
0.130172
0.153471
0.167643
0.115770
0.233275
0.252968
0.197826
0.113246
0.220516
0.282504
0.223741
0.201678
0.049219
0.099687
0.195400
0.240172
0.338856
0.361241
0.218070
0.212996
0.223794
0.217982
0.193721
0.073223
0.143022
0.063740
0.208616
0.050195
0.029037
0.067993
0.113328
-0.037525
0.082155
-0.065899
0.073163
-0.043266
0.173364
0.125790
0.080519
0.028096
0.185630
0.091109
0.324271
0.011397
0.255535
0.204748
0.221986
0.129168
0.281001
0.109609
0.236296
0.147413
0.227008
0.106538
0.218063
0.185251
0.153527
0.222134
0.220461
0.112077
0.296510
0.247085
0.242738
0.201446
0.398738
0.234294
0.455100
0.260600
0.384457
0.320534
0.310932
0.252577
0.319800
0.338263
0.335046
0.328120
0.498402
0.374778
0.501232
0.590583
0.621206
0.573627
0.482083
0.635194
0.762573
0.672748
0.774712
0.654643
0.808783
0.616608
0.733525
0.671355
0.721606
0.588709
0.755015
0.764861
0.796529
0.867609
0.809512
0.883383
0.885054
0.820438
0.832882
0.613371
0.626517
0.584177
0.696601
0.636496
0.789236
0.708224
0.822965
0.833892
0.916874
0.915872
0.927904
0.924553
0.944338
0.910781
0.942105
0.918663
0.925035
0.915111
0.928851
0.923531
0.930800
0.850113
0.911378
0.908192
0.925414
0.895056
0.878994
0.909102
0.833233
0.807082
0.797624
0.712780
0.648065
0.636873
0.503460
0.486784
0.492813
0.501713
0.508256
0.569876
0.613645
0.533195
0.518615
0.475135
0.528576
0.484805
0.499115
0.372930
0.490303
0.301443
0.600814
0.483504
0.485159
0.560960
0.561652
0.600345
0.703058
0.731948
0.540549
0.470911
0.476789
0.442042
0.522631
0.362416
0.301313
0.244209
0.104952
0.063921
0.238473
0.167460
0.263086
0.250192
0.397366
0.391622
0.445840
0.333491
0.251511
0.327258
0.267419
0.282238
0.368811
0.308491
0.101523
0.231304
0.224572
0.238652
0.092488
0.011489
0.142249
0.063486
0.163176
0.012742
0.069326
-0.003210
0.140146
0.065235
-0.034858
0.005418
0.055236
-0.028024
0.007210
0.084996
-0.029853
0.042266
-0.077408
0.014802
0.007762
-0.037320
0.012229
0.093756
0.030782
0.095375
0.035286
0.059675
-0.025315
0.012435
-0.097255
-0.006195
0.145891
0.064798
-0.028075
-0.049484
0.028306
0.014828
0.040822
-0.000840
-0.025096
0.035166
-0.023572
0.029657
0.006087
0.101211
0.024514
0.186988
0.221347
0.139368
0.022796
0.131886
0.109644
0.119174
0.153902
0.075989
0.158254
-0.041143
0.097111
0.040762
0.154083
0.051517
0.137966
0.100240
0.162600
0.196576
0.390205
0.243344
0.358380
0.210710
0.287046
0.127148
0.178131
0.174968
0.115523
0.065197
0.159147
0.065576
0.293408
0.328215
0.178688
0.171904
0.223820
0.103737
0.101881
0.051205
0.058289
0.156462
0.125638
0.135767
0.201534
0.113092
0.089147
0.143369
0.259711
0.118474
0.194754
0.105374
0.127672
0.139025
0.028813
0.187259
0.212712
0.198011
0.141152
0.018066
0.166896
0.181543
0.026416
0.249690
0.185561
0.185434
0.402403
0.081977
0.428294
0.360617
0.349276
0.382250
0.507191
0.393608
0.484874
0.359463
0.521102
0.483895
0.363361
0.280258
0.467302
0.292684
0.464649
0.570700
0.559301
0.565467
0.569124
0.512019
0.632430
0.633931
0.628758
0.558791
0.604527
0.423558
0.475399
0.347214
0.302331
0.212735
0.163137
0.133387
0.235990
0.212860
0.331047
0.291844
0.356700
0.434756
0.290648
0.171306
0.389820
0.273724
0.271738
0.322741
0.223391
0.170907
0.344694
0.264082
0.388228
0.446096
0.478301
0.489549
0.361626
0.472317
0.453478
0.228456
0.467028
0.395539
0.435430
0.424819
0.372845
0.267255
0.270423
0.332298
0.442664
0.390219
0.417835
0.311985
0.453597
0.328945
0.465807
0.306308
0.391963
0.363805
0.392502
0.368662
0.333580
0.218453
0.361484
0.346988
0.436625
0.539273
0.361481
0.290135
0.015016
0.082250
0.167798
0.025978
0.098058
0.070770
-0.026591
0.038913
0.188843
0.015798
-0.082399
-0.026971
0.120870
-0.105421
0.020084
-0.025296
0.170936
-0.060326
0.082868
0.151634
0.073915
0.102181
0.100631
0.066584
0.233353
0.026433
0.114066
0.093412
0.142726
-0.011332
0.116859
0.224717
0.261514
0.118372
0.110012
0.134898
0.232996
0.225356
0.304727
0.233419
0.244484
0.304577
0.156083
0.108376
0.300133
0.261123
0.302175
0.103557
0.245908
0.299881
0.359453
0.034235
0.252270
0.211678
0.326816
0.074633
0.250136
0.228329
0.262249
0.209127
0.414646
0.234204
0.271360
0.247366
0.099813
0.142510
0.146833
0.013436
0.182873
0.074215
0.164428
0.173442
0.233956
0.179909
0.352574
0.236151
0.366773
0.298532
0.204292
0.323632
0.269631
0.089843
0.174991
0.109591
0.239558
0.269749
0.311033
0.178066
0.039315
0.190064
0.204124
0.090401
0.144832
0.016917
0.205505
0.216818
0.207504
0.289409
0.297805
0.142379
0.557378
0.411328
0.366449
0.377138
0.624312
0.371823
0.388524
0.413555
0.401741
0.464473
0.467889
0.277640
0.258119
0.371767
0.323255
0.297619
0.246399
0.179355
0.200043
0.167891
0.191713
0.195426
0.156481
0.044348
0.157778
0.045993
0.030158
0.159385
0.070564
0.154892
0.169301
0.042347
0.219913
0.188743
0.092303
0.268482
0.190863
0.157007
0.357274
0.298727
0.502165
0.434088
0.305565
0.428978
0.266599
0.281286
0.263020
0.174585
0.129430
0.217308
0.164858
0.041353
0.077557
0.191276
0.074151
0.051397
0.148568
0.078076
0.180346
0.063907
0.130093
0.114209
0.114478
0.111139
0.106113
0.160345
-0.128905
0.008264
0.102883
0.076683
0.017945
0.093550
0.142165
0.124820
0.152476
0.146980
0.295797
0.164118
0.190189
0.268169
0.248119
0.321883
0.519883
0.437483
0.675998
0.602514
0.760689
0.742639
0.887653
0.851258
0.878922
0.884137
0.897983
0.878117
0.899648
0.834851
0.899667
0.869093
0.837588
0.780900
0.737502
0.693110
0.755096
0.759085
0.858551
0.758718
0.907460
0.912621
0.943809
0.938514
0.936754
0.923688
0.943667
0.937095
0.956520
0.953342
0.908860
0.806919
0.897134
0.856824
0.955885
0.946036
0.921401
0.894512
0.864480
0.794579
0.877901
0.875648
0.888076
0.862624
0.854730
0.839218
0.811013
0.681042
0.821998
0.603971
0.770500
0.704904
0.663031
0.716503
0.719337
0.710889
0.639807
0.478454
0.564436
0.460256
0.545192
0.411435
0.484232
0.431675
0.684087
0.630496
0.676433
0.477466
0.557176
0.496991
0.558776
0.616177
0.618179
0.670277
0.743491
0.724972
0.654212
0.567948
0.685956
0.540322
0.534805
0.537515
0.526415
0.574451
0.505521
0.344404
0.358373
0.211391
0.417224
0.234824
0.411222
0.395133
0.391367
0.389098
0.210200
0.148782
0.412513
0.134365
0.324456
0.260499
0.110821
0.060260
0.138748
0.307640
0.114145
0.078266
0.197573
0.177365
0.213279
0.285034
0.258300
0.199353
0.142974
0.088169
0.185226
0.072281
0.136301
0.089429
0.051531
0.089907
0.081755
0.139381
0.030847
0.066047
0.086100
0.073964
0.176110
-0.022131
-0.032998
0.081961
0.130650
-0.047314
0.110817
0.016004
0.116307
0.078288
0.104675
0.103395
0.001983
-0.071692
0.144202
0.109374
0.269310
0.180359
0.035736
0.143437
0.248162
0.175955
0.302047
-0.010355
0.063995
0.114913
0.255826
0.185089
0.460734
0.210227
0.419101
0.362871
0.386807
0.383839
0.309942
0.208621
0.021948
