0.496920
0.154506
0.041985
0.078357
-0.078339
0.031277
-0.076614
0.008687
0.026301
0.039910
0.041746
-0.006623
0.084630
0.030771
0.053400
0.085620
-0.015642
0.079157
-0.015414
0.014203
0.002978
0.014144
-0.024655
0.126905
0.023846
0.019718
0.043426
-0.040093
-0.033456
0.013650
0.053864
0.060497
-0.005185
0.008662
0.008277
0.000500
0.005717
0.024827
0.081617
0.095953
0.041915
0.039691
-0.019813
0.038702
0.056854
-0.038416
0.014600
0.103654
-0.019556
0.016483
0.046658
0.056301
-0.094882
0.069435
0.028508
0.107465
-0.006184
0.020234
-0.037962
-0.007878
0.030704
0.034378
0.069505
0.063185
0.033502
0.049452
-0.037663
0.040977
0.002030
0.006104
0.034412
0.112432
0.041117
0.040598
-0.003131
0.021177
-0.019507
0.004581
0.055930
0.077176
0.003092
0.040896
0.019424
0.022848
0.036575
-0.006010
0.035205
0.089680
0.041148
0.051985
0.000437
0.025440
-0.011987
0.038319
0.016740
0.056324
0.042912
0.091197
-0.002843
0.018020
-0.004564
0.060138
-0.022989
0.074413
0.086986
0.012466
0.006649
0.031031
0.016190
-0.031724
0.066794
0.075148
0.020591
0.078296
0.036469
0.022083
0.054144
-0.000871
0.012083
0.113582
0.081599
0.012167
0.093751
-0.009444
0.021266
0.005974
0.101234
0.078382
0.037871
0.130371
0.058580
0.041533
0.092575
0.025838
0.066658
0.170265
0.035821
0.058548
-0.002110
0.056695
0.033218
0.096481
0.062455
0.086810
0.129266
0.056012
0.050672
0.033601
0.064548
0.025526
0.048520
0.151587
0.015181
0.047324
0.027686
0.028794
0.066224
0.041785
0.067908
0.078317
0.112614
0.065601
0.026104
0.048965
0.106887
0.191291
0.069164
0.109100
0.074509
0.037286
0.053908
-0.003620
0.135994
0.044601
0.060870
0.069573
0.094475
0.056900
0.022445
0.043125
0.054012
0.081727
0.042953
0.124553
0.086017
0.073048
0.058902
0.054122
0.007102
0.017229
0.067804
0.125498
0.028295
0.134866
-0.015094
0.044550
0.065955
0.021838
0.115929
0.113908
-0.045694
-0.008815
0.105576
0.031389
-0.024042
0.005986
0.082344
0.023961
0.061015
0.045480
-0.015539
0.007931
0.018476
0.041130
0.008347
0.059038
0.044253
0.000353
0.014039
0.005075
-0.033054
0.025951
-0.017719
0.057421
0.069010
0.081335
-0.051517
0.012880
0.002550
0.012698
-0.022816
0.047600
0.059138
0.010531
-0.014605
0.025929
-0.056486
-0.017874
-0.001269
0.055313
0.009666
0.073897
-0.044482
-0.008967
0.035526
0.011782
-0.023356
0.114820
-0.021915
-0.008365
0.036482
-0.019800
-0.072910
-0.005216
0.015774
0.024534
0.008416
0.012678
-0.039559
-0.041442
-0.054099
-0.011294
-0.017358
0.090703
-0.006029
0.020115
-0.018349
-0.051376
-0.052885
0.002223
-0.001430
0.039986
-0.028058
0.043844
-0.056064
-0.003129
-0.044395
-0.021883
0.037761
0.067749
0.010478
-0.037138
-0.012927
-0.033823
-0.038689
-0.016025
0.037707
0.051397
-0.021385
0.046241
-0.020313
-0.010628
-0.022239
0.015199
0.035274
0.069067
0.037559
-0.003664
-0.065181
-0.054470
0.020635
0.021363
0.043240
0.055335
0.000327
-0.026289
-0.051007
-0.002424
-0.024859
-0.022849
-0.040360
0.101340
0.007118
-0.002582
-0.020665
-0.013654
-0.033998
-0.017199
0.015095
0.054193
-0.050826
0.025524
-0.015614
0.006277
-0.046400
0.017002
-0.037325
0.076339
-0.017409
-0.002571
0.003357
-0.029649
-0.124957
-0.019862
0.003526
0.064969
-0.057083
-0.001155
-0.037184
-0.008944
-0.026831
-0.043193
0.003950
0.073701
0.003358
0.012282
0.008608
-0.041024
-0.061513
-0.045582
-0.005738
-0.029124
0.102312
0.029321
-0.109977
0.001614
-0.036585
0.016313
0.005476
0.109837
-0.015309
-0.064134
0.051754
-0.046989
-0.039911
-0.035978
0.058144
0.042010
0.007752
0.025108
-0.006471
0.019533
-0.013381
-0.002778
0.015927
0.092461
0.065759
0.034186
-0.066176
-0.023158
0.022312
-0.015642
0.045808
0.131720
-0.059029
0.064712
0.010407
0.019638
0.036704
-0.003555
0.032272
0.092813
0.000756
-0.004108
-0.016238
0.037088
0.075494
-0.022355
0.043837
0.016121
0.023614
0.068284
-0.027571
0.029508
0.013515
-0.010598
-0.062041
0.093176
0.029349
-0.006269
-0.001452
0.030161
0.036800
-0.007558
0.055096
0.034821
0.047096
0.067281
-0.013986
0.065345
0.008151
0.037019
-0.033001
0.106958
0.102234
0.063628
0.037752
-0.012191
0.050252
0.008500
0.053540
0.062346
0.077400
0.095474
0.008646
0.009268
0.011539
0.100073
0.090451
0.095369
0.123950
0.027970
0.028420
0.054152
0.047157
-0.015083
0.108008
0.073125
0.009059
0.134272
0.135206
0.090920
0.044374
0.151947
0.018220
0.107253
0.151124
0.098861
0.096355
0.115002
0.054811
0.089692
0.173228
0.171104
0.202055
0.130688
0.026793
0.113958
0.124862
0.143884
0.090398
0.139083
0.103144
0.108988
0.090877
0.116154
0.012719
0.097434
0.069542
0.137561
0.136988
0.082060
0.039454
0.038567
0.040715
0.104153
0.010460
0.134999
0.070300
0.075029
0.070837
0.089676
0.024066
0.010206
0.095139
0.070341
0.035346
0.123657
-0.005704
0.034118
0.005921
0.073908
-0.035489
0.116316
0.072949
0.001076
0.044222
0.030858
0.050410
-0.011992
0.097326
0.075838
0.009377
0.105967
0.061675
0.030261
0.151427
0.017836
0.034813
0.104262
0.055342
0.061051
0.097025
0.054202
0.060727
0.038707
0.082283
0.122696
0.082261
0.083391
0.007034
0.055634
0.060175
0.002513
0.040545
0.124009
0.110053
0.084036
0.035755
0.147493
0.021250
0.001746
0.006260
0.078979
0.068735
0.096894
-0.013024
0.038742
0.114395
0.053891
-0.010550
0.053617
0.044809
0.069417
0.043799
0.008879
-0.004665
0.026169
0.033155
0.060955
0.011746
0.034425
-0.002425
0.010680
0.054136
0.071123
0.000845
0.116799
0.051525
0.076723
0.019215
-0.025424
0.059471
0.015614
0.029081
0.042263
0.041509
0.032245
-0.004534
0.041481
0.052284
0.060364
0.104764
0.105813
0.043244
0.024490
0.040226
0.025897
-0.025064
-0.009826
0.091296
0.137714
0.022213
0.055557
0.066701
0.072434
0.001982
0.044577
0.106867
0.119567
-0.007490
0.065990
0.032917
0.069594
0.003780
-0.017089
0.040496
0.083478
0.038643
0.041009
0.019942
0.035645
-0.024236
0.055119
0.094201
0.104424
0.057121
0.050105
0.036558
0.015290
-0.059500
-0.025235
0.025743
0.102652
-0.005503
0.092917
0.009462
0.009695
0.014239
0.015967
-0.034026
0.112711
0.043070
0.040553
0.025069
-0.000029
0.006531
0.023631
0.004450
0.051400
0.033256
0.031390
0.032118
0.033677
0.048400
0.057193
-0.035189
0.143978
0.024700
0.015659
-0.031968
0.022130
-0.009405
-0.022899
0.066193
0.092749
0.013745
0.039201
-0.038464
0.013867
-0.002964
0.013525
-0.024401
0.118862
0.063785
0.050430
0.048723
0.007155
-0.011566
0.013984
0.005251
0.030383
0.125586
0.043844
-0.058094
0.036644
-0.008623
0.043082
-0.052036
0.093747
0.066716
-0.016919
0.002091
0.051611
-0.006139
-0.004764
-0.039167
0.016503
0.071454
0.056348
-0.056221
0.011572
0.063641
-0.004199
0.037673
0.070428
0.115343
0.031378
-0.036015
0.036225
-0.022060
0.017060
0.051923
0.082255
-0.016494
0.048198
0.005404
0.028914
-0.004128
0.016698
0.012809
0.101226
-0.027370
0.051768
0.025364
-0.027981
0.036136
-0.026685
0.051307
0.028986
0.041984
0.032872
-0.038491
0.017616
0.042480
0.029701
-0.011920
0.095801
0.016412
0.077883
-0.012497
0.003618
0.046227
0.009215
-0.001027
0.063775
-0.019915
0.073588
-0.031572
0.022255
0.029074
0.003366
0.026530
0.121241
-0.034292
0.024152
0.015803
0.049927
0.063413
-0.002381
0.023515
0.093475
-0.050618
0.081943
0.050857
0.011870
-0.029665
0.078855
0.017910
0.116527
0.031110
0.068803
0.092411
0.051139
-0.036208
0.032537
-0.041476
0.061588
0.051578
0.050538
0.023998
-0.005121
0.016544
0.059337
-0.002693
0.108576
0.021124
-0.032078
-0.012287
0.040141
0.092142
0.047593
0.063059
0.030397
0.103452
0.052503
-0.017224
0.027950
0.069725
0.066290
0.055931
0.128122
-0.007314
0.037197
0.057723
-0.004433
0.036197
-0.003606
0.065045
0.067357
0.026365
0.064636
0.033960
0.005217
-0.004560
0.057674
0.052676
0.099309
0.094799
0.033088
0.088514
0.048328
0.021412
-0.019613
0.101500
0.058629
0.069402
0.112301
0.078767
0.028950
0.147497
0.012190
0.085309
0.115813
0.082595
0.068635
0.136323
0.079833
0.006452
0.078264
0.045871
0.115059
0.054758
0.133025
0.046501
0.013327
0.042597
0.060830
0.053283
0.136902
0.059150
0.056731
0.012206
0.084094
-0.043231
0.036002
0.033367
0.072379
0.029034
0.116266
-0.025843
0.029091
0.074890
0.053219
0.002976
0.082369
0.062281
0.031468
0.045383
0.003031
0.031887
0.012356
0.004282
0.062459
0.020810
0.079843
0.035237
0.031759
-0.010770
0.061228
0.054274
0.109458
0.071143
0.044747
0.057165
0.056580
0.017266
0.003178
0.035800
0.136087
0.014981
0.112112
-0.034408
0.005533
0.095118
0.033460
0.037193
0.065492
0.078045
0.076371
-0.040826
0.032657
-0.028274
-0.009143
0.073154
0.056568
-0.010161
0.113796
0.045365
0.044621
0.011074
0.005671
0.017777
0.108722
0.068946
0.016724
0.044762
0.014989
-0.032297
-0.001760
0.056398
0.046062
-0.007698
0.045275
-0.019496
-0.006952
0.017926
0.072509
0.047974
0.083097
0.092431
-0.033086
-0.036050
0.037758
0.030746
-0.025735
0.020022
0.095155
0.033278
0.033808
-0.004372
-0.003573
0.004365
0.051380
-0.029859
0.119108
0.050533
0.018960
0.068930
0.011417
-0.017138
-0.018783
0.090104
0.052548
-0.038386
0.042143
0.035989
-0.000563
0.032946
0.104450
0.026281
0.075812
0.043083
0.031595
0.018402
0.010141
0.013881
-0.016407
0.024713
0.091925
0.030034
0.055095
0.001206
-0.000415
0.008248
0.054162
0.001293
0.132823
0.070859
0.013159
-0.022087
-0.022030
0.043672
0.011417
0.065214
0.064196
0.040585
0.053242
0.000126
0.044739
0.055429
0.072149
0.042424
0.106349
0.080110
0.075628
0.011903
0.023220
0.022352
0.038703
0.096384
0.084034
0.128328
0.068783
-0.008709
0.034885
0.119085
0.155199
0.128319
0.122151
0.183584
0.095176
0.074115
0.179436
0.112812
0.071406
0.114634
0.179541
0.196219
0.256607
0.192389
0.257351
0.204941
0.327214
0.193572
0.239111
0.529270
0.221164
0.345968
0.396465
0.281443
0.316188
0.296437
0.275224
