0.510275
0.261770
0.074105
0.137543
0.015394
0.150454
0.067141
0.011288
0.140782
0.085167
0.043300
0.039124
0.118274
0.043477
0.066037
0.104988
0.035842
0.089704
0.044443
0.062211
0.046781
0.061981
0.024014
0.093926
0.164246
0.037128
0.042079
0.069011
0.024084
0.045897
0.063114
0.077997
0.152637
0.102621
0.017178
0.042957
0.095711
0.055244
0.026260
0.120707
0.159350
0.085048
0.058012
0.120482
0.078169
0.034412
0.124986
0.116854
0.119741
0.100217
0.079350
0.098281
0.063090
0.133979
0.067841
0.126222
0.169082
0.015647
0.053123
0.125851
0.097728
0.004670
0.132155
0.154898
0.088285
0.164715
0.109067
0.127423
0.172259
0.128186
0.088614
0.092416
0.187007
0.087528
0.196483
0.097198
0.084959
0.102063
0.109502
0.062479
0.212790
0.148123
0.072729
0.078376
0.082774
0.156035
0.188021
0.194671
0.127205
0.139233
0.159770
0.123148
0.038197
0.092920
0.119000
0.171185
0.133981
0.170534
0.109920
0.099237
0.099016
0.062667
0.187209
0.147307
0.089894
0.074698
0.092373
0.150082
0.095786
0.074308
0.048608
0.139976
0.138941
0.122240
0.078880
0.089477
0.108828
0.158456
0.032756
0.098801
0.177347
0.120564
0.083192
0.152329
0.160755
0.108314
0.026517
0.161058
0.114828
0.147041
0.064096
0.088226
0.134075
0.102025
0.061713
0.178829
0.106915
0.064572
0.133212
0.118247
0.108122
0.123488
0.100973
0.135845
0.166638
0.147492
0.106107
0.130591
0.144282
0.079222
0.031297
0.131217
0.191220
0.051285
0.083118
0.115754
0.162362
0.099165
0.103867
0.082131
0.179433
0.088168
0.074117
0.133733
0.047173
0.129956
0.113730
0.069149
0.101773
0.057000
0.054416
0.108296
0.124992
0.143912
0.114119
0.177025
0.031907
0.136890
0.160726
0.164841
0.088667
0.112067
0.148104
0.133863
0.132934
0.152152
0.091492
0.107742
0.131075
0.089871
0.126826
0.139954
0.087612
0.174912
0.088570
0.154783
0.118073
0.063441
0.006519
0.222566
0.050236
0.080900
0.147891
0.045083
0.096751
0.040770
0.096121
0.160873
0.107369
0.197527
0.121351
0.050890
0.072332
0.140389
0.147996
0.127226
0.115305
0.049228
-0.003553
0.153331
0.142366
0.110987
0.041796
0.098408
0.035561
0.098783
0.042911
0.118405
0.024387
0.069073
0.010459
0.123958
0.086617
0.068032
0.095604
0.059601
0.053002
0.075774
0.087567
0.094249
0.146047
0.094133
0.012632
0.026329
0.083156
0.118292
-0.015879
0.204792
0.050385
0.024561
0.050457
0.077547
0.088034
0.027113
0.040206
0.095311
0.126401
0.128680
0.062932
0.084275
0.128208
0.128469
0.087580
0.176678
0.113977
0.076399
0.133794
0.119385
0.100512
0.054656
0.100490
0.188826
0.198733
0.111262
0.203540
0.125243
0.087725
0.181563
0.162270
0.144753
0.144201
0.099304
0.077911
0.106410
0.138422
0.067758
-0.016829
0.169536
0.169186
0.170822
0.097371
0.122021
0.083939
0.093877
0.166898
0.160832
0.019392
0.075489
0.063687
0.110864
0.061945
0.099142
0.124305
0.066192
0.104820
0.121442
0.058502
0.062073
0.081555
0.100560
0.019660
0.157988
0.066059
0.120668
0.093792
0.103619
0.078906
0.056428
0.108746
0.201972
0.150051
0.152381
0.133380
0.124128
0.096295
0.175491
0.124993
0.211723
0.216698
0.098236
0.153844
0.183661
0.197054
0.151230
0.125535
0.209007
0.161483
0.179980
0.167623
0.231660
0.182515
0.178015
0.084011
0.166320
0.264429
0.097174
0.233367
0.172474
0.148259
0.143010
0.086030
0.199524
0.190974
0.167769
0.129568
0.178986
0.137505
0.203804
0.172512
0.145783
0.184241
0.132580
0.204421
0.133811
0.107821
0.175876
0.170951
0.205026
0.212257
0.135463
0.087311
0.125051
0.117391
0.191816
0.155294
0.153098
0.284682
0.145726
0.173064
0.193649
0.232973
0.146719
0.114625
0.205334
0.217213
0.178575
0.150511
0.212343
0.080339
0.162561
0.255845
0.159678
0.158292
0.101574
0.118564
0.158085
0.192834
0.154997
0.169030
0.209336
0.163468
0.205683
0.165261
0.165593
0.257788
0.214717
0.339151
0.136874
0.124165
0.229241
0.145478
0.169642
0.180009
0.229253
0.176279
0.193616
0.215039
0.258553
0.163713
0.222007
0.183811
0.297192
0.251187
0.155183
0.370528
0.264482
0.076390
0.201193
0.212417
0.191216
0.169636
0.270905
0.265295
0.280583
0.249834
0.228064
0.145050
0.238757
0.240478
0.211019
0.224491
0.181459
0.196184
0.294814
0.240220
0.120413
0.198992
0.233674
0.233511
0.295046
0.221723
0.272624
0.298063
0.273529
0.279667
0.275862
0.275493
0.340727
0.256310
0.253922
0.182329
0.217628
0.178030
0.230722
0.295096
0.222250
0.210185
0.262206
0.317644
0.291706
0.275458
0.291076
0.230404
0.189020
0.197820
0.278220
0.267053
0.218940
0.195365
0.377737
0.325550
0.347910
0.406499
0.367719
0.357713
0.373835
0.409791
0.398062
0.394951
0.385314
0.454186
0.425536
0.439671
0.414677
0.472579
0.458433
0.481033
0.464096
0.461417
0.413561
0.494996
0.462296
0.351367
0.456856
0.459525
0.409914
0.458834
0.470764
0.428415
0.485521
0.452167
0.510013
0.465249
0.518542
0.460682
0.440510
0.360327
0.454273
0.377434
0.459108
0.494447
0.411219
0.458692
0.398303
0.377978
0.423868
0.420286
0.511670
0.442228
0.488544
0.449261
0.392675
0.436841
0.393089
0.292914
0.459818
0.440971
0.355111
0.337143
0.390337
0.384581
0.316044
0.340479
0.338368
0.325120
0.310912
0.310836
0.222369
0.217945
0.205181
0.278066
0.154453
0.246836
0.204047
0.072562
0.170269
0.151415
0.183855
0.110302
0.127839
0.182059
0.209347
0.095077
0.118466
0.186533
0.201252
0.221534
0.173850
0.166092
0.112166
0.104065
0.202230
0.159557
0.124539
0.205905
0.215846
0.145464
0.181315
0.190015
0.176684
0.157349
0.174183
0.154417
0.186931
0.137540
0.105552
0.104082
0.146522
0.249679
0.166911
0.184214
0.182433
0.209142
0.247252
0.205222
0.235494
0.258218
0.278511
0.211900
0.197741
0.209483
0.182826
0.237573
0.252469
0.309219
0.206906
0.246821
0.281297
0.289554
0.255148
0.106537
0.199124
0.255882
0.268877
0.252493
0.242651
0.293093
0.286139
0.226610
0.231227
0.205511
0.171635
0.250893
0.261966
0.189059
0.285469
0.200035
0.188400
0.301263
0.284253
0.176247
0.248118
0.343637
0.217276
0.130330
0.251314
0.141337
0.122895
0.109223
0.235239
0.168377
0.145182
0.121626
0.173823
0.118141
0.135400
0.142142
0.217101
0.208439
0.118376
0.058936
0.179637
0.130614
0.159553
0.205459
0.158051
0.182466
0.208904
0.176399
0.141511
0.157396
0.171190
0.225201
0.209583
0.202146
0.114217
0.113833
0.158002
0.182029
0.154274
0.187679
0.205620
0.202094
0.191718
0.113616
0.102823
0.173972
0.161021
0.232330
0.117093
0.112704
0.078975
0.074638
0.078548
0.124282
0.073831
0.145001
0.141196
0.075340
0.091947
0.094467
-0.005862
0.113401
0.134465
0.122735
0.165129
0.101173
0.083973
0.086542
0.081536
0.102753
0.094877
0.095027
0.113623
0.167584
0.110168
-0.045863
0.025842
0.144740
0.168777
0.090794
0.110701
0.170836
0.072023
0.087285
0.063550
0.154378
0.028550
0.117347
0.124552
0.137746
0.135019
0.039280
0.082350
0.062932
0.164123
0.069780
0.112075
0.199878
0.158042
0.166062
0.118430
0.107757
0.099003
0.097980
0.157129
0.252917
0.244216
0.107380
0.156096
0.140163
0.220006
0.137382
0.142848
0.147112
0.108875
0.158397
0.124233
0.189478
0.095838
0.160098
0.141425
0.187162
0.146951
0.181926
0.119416
0.098902
0.165416
0.154844
0.176586
0.216754
0.125475
0.100235
0.142276
0.051804
0.127577
0.185055
0.151984
0.028316
0.200895
0.095982
0.141135
0.131003
0.157256
0.190649
0.162587
0.218448
0.174857
0.123658
0.204282
0.184203
0.138530
0.202649
0.217309
0.271335
0.247514
0.262285
0.184556
0.266701
0.183099
0.097985
0.261088
0.220208
0.180947
0.249651
0.234987
0.193422
0.260156
0.241680
0.312564
0.233103
0.275851
0.232531
0.249349
0.219908
0.239925
0.271269
0.267937
0.281902
0.226028
0.220041
0.266210
0.235791
0.204622
0.225712
0.320290
0.230535
0.419145
0.299864
0.274667
0.324767
0.305773
0.323166
0.317492
0.430746
0.238777
0.319514
0.374011
0.353894
0.292209
0.366864
0.414945
0.398264
0.301214
0.303558
0.305381
0.325356
0.332940
0.241617
0.281978
0.368725
0.215935
0.201944
0.265032
0.241182
0.198481
0.184454
0.234027
0.176220
0.272120
0.166838
0.169679
0.121138
0.143906
0.195552
0.152351
0.087734
0.113401
0.130956
0.139961
0.066476
0.103521
0.208964
0.123140
0.067783
0.107410
0.012582
0.077975
0.075509
0.067122
0.116784
0.121549
0.059897
0.056190
0.062760
-0.003038
0.141975
0.095807
0.077329
0.113099
0.076873
0.113182
0.070171
0.074942
0.044069
0.013364
0.026339
0.114820
0.089317
0.048282
0.044965
0.063870
-0.018848
0.027013
0.117154
0.048309
0.037542
0.071114
0.007669
0.033561
0.024275
0.089377
0.044222
0.133375
0.042996
0.041791
0.062006
0.011265
0.091259
0.008858
0.022966
0.077522
0.020229
0.099378
0.071750
0.078799
0.084681
0.058993
0.026331
0.147578
0.039992
0.041588
0.073164
0.031140
0.051148
0.033797
0.071887
0.108568
0.063477
0.105619
-0.029493
0.026566
0.018276
0.047960
0.086205
0.102162
0.061841
0.019458
-0.016792
0.032968
0.055646
0.019094
0.066067
0.119362
-0.044519
0.063804
0.002849
0.053125
0.036971
0.013208
0.018674
0.071050
0.036560
0.031645
0.058392
0.015838
0.016743
-0.001881
0.013470
0.002852
0.066872
0.021967
-0.058936
0.023529
0.035433
-0.009739
-0.034048
0.074766
0.029937
0.023913
-0.011581
-0.018355
0.071716
-0.031356
0.012800
0.075303
-0.039532
0.111684
0.026772
0.040093
0.031930
0.048228
0.003023
0.083891
0.030856
0.074247
0.040637
-0.020996
-0.034595
0.034341
0.063225
-0.002548
0.137634
0.105797
-0.024343
0.027258
0.000436
0.094852
0.131277
0.070270
0.046558
0.062203
0.077923
0.037771
0.119687
0.062561
0.082188
0.070174
0.142469
0.121670
0.092793
0.068419
0.208350
0.070621
0.101567
0.072269
0.269106
0.051466
0.042988
0.240902
0.067257
0.205753
0.165157
0.244033
