0.483881
0.181825
0.000139
0.097363
-0.020776
0.036828
0.028432
0.055124
0.124554
0.019122
0.028652
0.079376
0.139327
-0.022030
0.137565
0.087297
0.083895
0.060157
0.042548
0.064988
0.078699
0.100905
0.100588
0.108718
0.142767
0.095159
0.053836
0.090665
0.132801
0.046546
0.121191
0.150552
0.225560
0.166855
0.107798
0.110668
0.089866
0.152330
0.184003
0.166387
0.145524
0.141547
0.141267
0.189180
0.174737
0.148279
0.142803
0.184307
0.244621
0.235279
0.141363
0.277808
0.267135
0.355098
0.295675
0.275307
0.416039
0.221706
0.225633
0.256160
0.271667
0.197547
0.129556
0.261540
0.339112
0.324788
0.293054
0.311811
0.421026
0.395203
0.329021
0.298019
0.456855
0.315829
0.281707
0.343192
0.322333
0.349849
0.387330
0.532573
0.437685
0.389657
0.439840
0.426093
0.381597
0.408682
0.335402
0.390316
0.403281
0.334677
0.416063
0.368172
0.413056
0.327253
0.351205
0.433036
0.337812
0.493746
0.494693
0.563493
0.583364
0.573962
0.481686
0.563406
0.498366
0.494379
0.383796
0.477437
0.513188
0.473824
0.512794
0.523541
0.495626
0.538724
0.514292
0.494093
0.512657
0.509093
0.533263
0.487505
0.610404
0.527701
0.537564
0.557986
0.567063
0.570754
0.569792
0.684791
0.647435
0.603845
0.626059
0.635694
0.609253
0.546628
0.462272
0.617553
0.570619
0.475349
0.505000
0.483846
0.530674
0.537109
0.561259
0.475213
0.500906
0.433928
0.366578
0.436387
0.484928
0.517799
0.486515
0.467016
0.587036
0.449244
0.431088
0.415047
0.438718
0.407187
0.496438
0.477132
0.439778
0.472513
0.455553
0.477203
0.425563
0.434990
0.455625
0.472394
0.441058
0.442353
0.390715
0.414259
0.452532
0.423244
0.534714
0.510813
0.530194
0.461113
0.444787
0.463722
0.461575
0.459053
0.369603
0.403003
0.470659
0.460395
0.371225
0.390964
0.353722
0.350349
0.351240
0.401887
0.409000
0.379319
0.351201
0.418842
0.465575
0.371789
0.285689
0.296175
0.516951
0.380347
0.399924
0.280107
0.289461
0.362360
0.281894
0.457296
0.427698
0.357958
0.428345
0.339022
0.449831
0.342836
0.397303
0.383587
0.306183
0.404512
0.275686
0.434270
0.430378
0.456229
0.488025
0.547695
0.421179
0.386893
0.384091
0.389752
0.359388
0.369917
0.271251
0.404183
0.433432
0.338561
0.431987
0.343459
0.326673
0.299384
0.370025
0.325725
0.211499
0.370086
0.365666
0.316218
0.305060
0.240603
0.235488
0.266006
0.337446
0.237625
0.295252
0.241944
0.238358
0.303753
0.246459
0.206322
0.414280
0.184909
0.137508
0.258743
0.250501
0.249113
0.294000
0.343679
0.124168
0.237390
0.233864
0.216347
0.230558
0.292617
0.281916
0.312365
0.317433
0.317212
0.319396
0.285500
0.274872
0.248885
0.282603
0.294596
0.369548
0.260851
0.288608
0.317635
0.315792
0.268571
0.290960
0.345576
0.285752
0.403294
0.334587
0.343351
0.307272
0.364118
0.333181
0.337461
0.403648
0.325397
0.289223
0.374806
0.313369
0.350272
0.333006
0.470567
0.416649
0.373818
0.362453
0.355606
0.247090
0.426975
0.379057
0.405437
0.370713
0.326515
0.395174
0.361932
0.387066
0.335964
0.366417
0.357733
0.402844
0.248611
0.231894
0.316569
0.424399
0.426104
0.223809
0.254089
0.384642
0.315817
0.278907
0.248741
0.264025
0.191163
0.164575
0.305782
0.324818
0.192045
0.141527
0.178381
0.111916
0.294861
0.206377
0.120624
0.284807
0.145106
0.115152
0.202802
0.152826
0.094032
0.190498
0.211663
0.181325
0.274793
0.151934
0.157901
0.208597
0.219460
0.260662
0.210503
0.200387
0.181936
0.118803
0.156092
0.171740
0.136214
0.128936
0.262003
0.222528
0.253906
0.244739
0.318890
0.307509
0.350963
0.316198
0.257912
0.350176
0.291254
0.267952
0.284874
0.306472
0.303781
0.299229
0.387949
0.451361
0.410456
0.354316
0.416433
0.417558
0.440078
0.344433
0.390676
0.476846
0.455073
0.386922
0.382625
0.351104
0.318717
0.322346
0.385402
0.432775
0.332329
0.299208
0.240074
0.359443
0.432512
0.470607
0.398628
0.406064
0.364539
0.366112
0.297141
0.243749
0.214061
0.321544
0.348759
0.327203
0.317207
0.327607
0.333428
0.323676
0.285273
0.162349
0.296407
0.301335
0.209689
0.262325
0.315806
0.263890
0.261820
0.236592
0.264505
0.266181
0.244179
0.246199
0.213877
0.237962
0.225367
0.228753
0.300013
0.259836
0.254240
0.229186
0.174198
0.207096
0.188854
0.178712
0.208313
0.235903
0.213464
0.187249
0.175456
0.102077
0.205157
0.210327
0.163218
0.233163
0.167026
0.170664
0.183662
0.120768
0.092969
0.146548
0.195050
0.182045
0.188998
0.085423
0.153012
0.149513
0.207811
0.070020
0.210538
0.200263
0.158212
0.076899
0.115091
0.103074
0.107210
0.111825
0.121167
0.182322
0.196915
0.002363
0.100022
0.089567
0.111442
0.131070
0.113241
0.118426
0.071979
0.084518
0.121204
0.076420
0.123806
0.160997
0.108320
0.154128
0.101233
0.047133
0.176864
0.162615
0.215533
0.119253
0.200555
0.140263
0.169178
0.137246
0.130598
0.122368
0.148108
0.201960
0.266430
0.251891
0.287695
0.132310
0.255484
0.263530
0.238964
0.186225
0.232561
0.316315
0.240558
0.231899
0.212272
0.161126
0.167478
0.171835
0.236745
0.270486
0.232764
0.225808
0.167351
0.111593
0.189336
0.342574
0.214874
0.242683
0.187483
0.211132
0.173573
0.159743
0.202393
0.258711
0.201715
0.202360
0.216917
0.204691
0.269276
0.236753
0.187917
0.227361
0.269211
0.223150
0.167066
0.190461
0.170427
0.154125
0.128127
0.200631
0.164682
0.194342
0.206401
0.113161
0.171997
0.150397
0.232347
0.147891
0.165942
0.225809
0.138172
0.162307
0.211368
0.195319
0.188541
0.170297
0.255973
0.193323
0.337058
0.229438
0.305013
0.278922
0.271138
0.305116
0.314185
0.344999
0.191986
0.260789
0.313756
0.370086
0.266921
0.331502
0.406785
0.384950
0.370509
0.359693
0.347953
0.368865
0.405092
0.357658
0.395792
0.483544
0.316074
0.353623
0.296127
0.364109
0.425279
0.385756
0.501732
0.466071
0.360805
0.327790
0.437437
0.325620
0.451239
0.314959
0.330200
0.466630
0.338663
0.320122
0.290020
0.361268
0.379349
0.321165
0.396704
0.308138
0.394649
0.311883
0.273267
0.321825
0.415486
0.232216
0.257419
0.463700
0.351873
0.324510
0.268647
0.261078
0.230420
0.290920
0.284672
0.333685
0.327714
0.296393
0.230239
0.258768
0.270713
0.221860
0.215359
0.317813
0.229825
0.211427
0.313212
0.207398
0.181600
0.214308
0.259090
0.215784
0.409587
0.322439
0.305110
0.423830
0.401572
0.385124
0.358776
0.427557
0.355329
0.339575
0.285491
0.357727
0.337837
0.369318
0.459163
0.445290
0.377275
0.412364
0.450844
0.417030
0.445870
0.397683
0.369918
0.418713
0.415066
0.438543
0.364958
0.387667
0.351514
0.390789
0.456233
0.444178
0.483439
0.440157
0.340137
0.407246
0.411558
0.380342
0.446633
0.399050
0.286435
0.336540
0.353423
0.380340
0.306116
0.336686
0.377574
0.349990
0.342744
0.341272
0.305043
0.215652
0.351151
0.242881
0.270509
0.342994
0.279610
0.201327
0.178243
0.242643
0.206183
0.249716
0.195048
0.270064
0.228563
0.204590
0.188030
0.243793
0.306215
0.257075
0.206857
0.363015
0.209962
0.145096
0.197848
0.189664
0.132458
0.202152
0.270129
0.247771
0.210654
0.164404
0.307120
0.235289
0.217917
0.358572
0.188507
0.107531
0.208060
0.198742
0.257447
0.208595
0.141262
0.227126
0.293023
0.251205
0.283469
0.214464
0.251952
0.222623
0.142619
0.156710
0.217040
0.193139
0.177893
0.305960
0.191926
0.201102
0.194020
0.199778
0.157129
0.195793
0.166977
0.138575
0.112507
0.150216
0.162473
0.138539
0.203663
0.193726
0.152959
0.187768
0.152747
0.142679
0.174290
0.183219
0.182897
0.203127
0.292387
0.240318
0.200195
0.297640
0.156129
0.141959
0.322001
0.301831
0.159079
0.208953
0.231500
0.233816
0.178715
0.262103
0.258361
0.351320
0.274567
0.247527
0.197885
0.281079
0.292981
0.231175
0.298275
0.394792
0.317119
0.350062
0.288106
0.259220
0.281991
0.271308
0.356358
0.336933
0.349809
0.373709
0.370626
0.362316
0.332228
0.391795
0.316379
0.401646
0.297477
0.154657
0.321539
0.329890
0.261694
0.360294
0.398561
0.325059
0.347925
0.294389
0.317628
0.298373
0.304429
0.245266
0.337703
0.313131
0.372917
0.223799
0.351409
0.303087
0.306718
0.340812
0.400186
0.267875
0.291314
0.281542
0.252097
0.332122
0.371050
0.312558
0.340430
0.442438
0.273252
0.341689
0.290399
0.191588
0.253153
0.322256
0.374788
0.331246
0.410453
0.313765
0.312881
0.344200
0.391335
0.390340
0.337516
0.409426
0.316915
0.334767
0.344209
0.309158
0.284532
0.245317
0.366170
0.361413
0.374940
0.440296
0.374455
0.360297
0.353268
0.370219
0.320646
0.348411
0.274890
0.352179
0.344960
0.333415
0.317859
0.383700
0.449191
0.382198
0.405151
0.429089
0.347131
0.335588
0.445468
0.433237
0.382480
0.435810
0.335092
0.420362
0.342359
0.385214
0.330268
0.242697
0.315384
0.399445
0.430486
0.340343
0.468664
0.457911
0.428081
0.429959
0.404353
0.421764
0.381577
0.328125
0.372544
0.359962
0.364396
0.400176
0.414857
0.456521
0.405951
0.379688
0.403903
0.391870
0.363043
0.394379
0.395984
0.419643
0.363083
0.448826
0.376462
0.286760
0.319947
0.370520
0.355163
0.326403
0.358820
0.273819
0.377471
0.311874
0.366533
0.438874
0.336854
0.304226
0.326361
0.298057
0.318822
0.281512
0.273798
0.258951
0.326743
0.291548
0.417859
0.402493
0.504320
0.354031
0.391519
0.495254
0.409356
0.354129
0.418982
0.396213
0.439576
0.398643
0.361061
0.516377
0.556359
0.560467
0.583055
0.555935
0.563641
0.539636
0.532002
0.558738
0.544409
0.624352
0.526568
0.542522
0.533804
0.551307
0.502366
0.545498
0.594154
0.597884
0.529324
0.594926
0.636811
0.595073
0.618389
0.551365
0.640062
0.656511
0.633922
0.564800
0.666624
0.642305
0.678794
0.644008
0.742631
0.677522
0.573140
0.633646
0.695207
0.601731
0.697177
0.784382
0.716610
0.769785
0.611675
0.679797
0.628219
0.676848
0.572933
0.509818
0.246777
