0.539365
0.324959
0.099183
0.228988
0.180268
0.132213
0.059694
0.129334
0.184713
0.119444
0.304105
0.204880
0.289528
0.145820
0.235041
0.246886
0.295789
0.346778
0.250700
0.245133
0.284760
0.277579
0.358450
0.344594
0.211019
0.204089
0.279581
0.241032
0.251064
0.222370
0.243092
0.277460
0.239621
0.284123
0.334063
0.254082
0.268676
0.391583
0.313632
0.424541
0.309585
0.295574
0.228580
0.324097
0.340883
0.291912
0.287683
0.364994
0.418936
0.315895
0.352486
0.359756
0.362922
0.418345
0.409922
0.395097
0.438583
0.385769
0.374049
0.407934
0.278602
0.345028
0.357159
0.473699
0.510329
0.452177
0.477820
0.456923
0.481139
0.452305
0.476762
0.416021
0.494749
0.501794
0.508248
0.450996
0.443552
0.356087
0.393400
0.473127
0.384970
0.583211
0.497960
0.520704
0.602143
0.573036
0.589373
0.540753
0.612131
0.636314
0.614166
0.537515
0.579250
0.590215
0.574038
0.658621
0.637019
0.572058
0.651589
0.665017
0.668183
0.593991
0.631711
0.574503
0.644550
0.660674
0.604490
0.543441
0.586806
0.641603
0.587563
0.697988
0.615406
0.634228
0.730285
0.717642
0.629568
0.634584
0.632938
0.636385
0.671751
0.648388
0.609666
0.517079
0.572242
0.614802
0.636870
0.568947
0.583200
0.515766
0.457364
0.380872
0.536207
0.567820
0.540020
0.533419
0.531994
0.632158
0.535084
0.513993
0.563980
0.509654
0.526598
0.578040
0.542786
0.543014
0.563782
0.472235
0.574607
0.591630
0.476595
0.589219
0.587852
0.506078
0.543794
0.589778
0.638641
0.627250
0.589676
0.613366
0.541482
0.578359
0.627299
0.650228
0.684965
0.586555
0.522474
0.566079
0.667831
0.545420
0.576312
0.551921
0.537078
0.584356
0.612573
0.643556
0.645688
0.573889
0.566946
0.635072
0.581645
0.639979
0.601698
0.515930
0.617918
0.598736
0.599375
0.510814
0.523275
0.571286
0.523970
0.604625
0.606319
0.548409
0.594307
0.570445
0.535308
0.562494
0.611391
0.533072
0.571258
0.533026
0.543347
0.514427
0.517480
0.515826
0.477028
0.552270
0.529640
0.550740
0.572928
0.483980
0.513790
0.517605
0.436073
0.543999
0.634073
0.455903
0.578832
0.557205
0.523355
0.530163
0.528631
0.555835
0.520914
0.470736
0.596959
0.586592
0.473236
0.538797
0.461853
0.488629
0.629236
0.542023
0.579031
0.528176
0.522616
0.568109
0.533305
0.523822
0.506329
0.540279
0.449594
0.515855
0.516932
0.449287
0.373795
0.460198
0.449402
0.465127
0.463304
0.398754
0.459512
0.355380
0.398748
0.400748
0.342387
0.328519
0.303658
0.420387
0.355511
0.322710
0.216673
0.292282
0.383999
0.291477
0.253586
0.340942
0.254169
0.210879
0.215906
0.258772
0.272093
0.275126
0.222308
0.284673
0.257187
0.238868
0.260315
0.330179
0.341465
0.179120
0.151030
0.273684
0.109096
0.217224
0.251138
0.202851
0.322179
0.242923
0.262446
0.229949
0.276588
0.313943
0.381168
0.377285
0.368060
0.320167
0.185823
0.326247
0.292521
0.221737
0.218037
0.380272
0.326932
0.316542
0.361018
0.303390
0.261180
0.265541
0.414229
0.354453
0.307279
0.286039
0.283301
0.299972
0.249272
0.297492
0.303007
0.457457
0.379798
0.395458
0.464321
0.393561
0.438967
0.364625
0.313934
0.421837
0.407980
0.282880
0.375997
0.378731
0.365171
0.367217
0.402698
0.380820
0.384563
0.432014
0.374262
0.430341
0.443097
0.339574
0.421587
0.409078
0.392458
0.461901
0.446131
0.393157
0.448890
0.360276
0.373760
0.481096
0.470126
0.369112
0.339211
0.409195
0.359290
0.462858
0.369622
0.321905
0.421739
0.324878
0.359996
0.310922
0.316623
0.252520
0.297975
0.215011
0.349396
0.289276
0.159847
0.305969
0.220471
0.263118
0.302346
0.270514
0.275735
0.266171
0.221350
0.246855
0.237378
0.191904
0.260424
0.283128
0.220286
0.283113
0.319805
0.308333
0.246723
0.321998
0.335817
0.184435
0.293668
0.348526
0.316403
0.365569
0.298525
0.349515
0.335153
0.475894
0.355089
0.392799
0.391646
0.327151
0.357364
0.279686
0.327514
0.318610
0.426295
0.326580
0.416318
0.395446
0.318263
0.336247
0.291535
0.406678
0.262642
0.448607
0.378701
0.423601
0.391125
0.403445
0.380238
0.322094
0.463753
0.364442
0.419027
0.312572
0.360765
0.404551
0.322125
0.389902
0.406932
0.435219
0.457946
0.558543
0.563622
0.568833
0.528724
0.552027
0.643552
0.547872
0.479144
0.532247
0.535259
0.537257
0.595000
0.685373
0.597280
0.593293
0.575023
0.601816
0.505286
0.621661
0.656252
0.610903
0.568336
0.580199
0.537459
0.583073
0.473233
0.519198
0.555529
0.586413
0.564070
0.600217
0.625154
0.562307
0.648069
0.690232
0.625903
0.625503
0.730159
0.635299
0.557576
0.649718
0.651244
0.635236
0.664024
0.688658
0.618264
0.680558
0.709868
0.720212
0.683788
0.709271
0.658602
0.744478
0.780513
0.720458
0.658176
0.658748
0.683161
0.694752
0.749696
0.767896
0.760783
0.766084
0.766788
0.827277
0.794214
0.771382
0.820308
0.784553
0.793509
0.789837
0.715221
0.736109
0.758386
0.797235
0.789321
0.816177
0.738264
0.773886
0.819561
0.808563
0.823290
0.828076
0.768049
0.775902
0.831884
0.716824
0.748916
0.754157
0.788586
0.777687
0.816095
0.824828
0.782252
0.788608
0.825535
0.842735
0.810546
0.805618
0.808719
0.757370
0.796897
0.811525
0.801801
0.776332
0.762370
0.798313
0.787319
0.821989
0.823222
0.769887
0.789571
0.794456
0.798074
0.814565
0.763604
0.788585
0.786633
0.792061
0.771585
0.797323
0.736019
0.803668
0.730771
0.767743
0.735637
0.741491
0.776483
0.787724
0.771169
0.710604
0.720648
0.715436
0.741795
0.742818
0.689839
0.723968
0.663170
0.694659
0.682767
0.712381
0.729200
0.726730
0.781457
0.800656
0.799999
0.795310
0.767130
0.814691
0.809760
0.770981
0.731573
0.742250
0.772909
0.771008
0.814041
0.821935
0.788913
0.774643
0.834476
0.847456
0.790938
0.775929
0.799845
0.755266
0.794895
0.741566
0.695561
0.750799
0.763277
0.728157
0.771828
0.771349
0.763758
0.781550
0.822223
0.829695
0.857007
0.861867
0.807437
0.797650
0.856688
0.815567
0.805953
0.810147
0.744219
0.824049
0.808029
0.807698
0.790681
0.841852
0.830866
0.829907
0.830670
0.815124
0.757060
0.817390
0.835068
0.797014
0.804858
0.869850
0.881302
0.866227
0.851595
0.878155
0.804319
0.842859
0.859388
0.891897
0.844866
0.889909
0.864432
0.882063
0.875587
0.858895
0.813919
0.840407
0.837411
0.853378
0.831978
0.837809
0.830199
0.825919
0.823469
0.905989
0.882056
0.878195
0.798092
0.830465
0.835787
0.793763
0.828081
0.754520
0.790116
0.788004
0.777105
0.823607
0.766383
0.726629
0.790541
0.811527
0.809448
0.810902
0.754074
0.738821
0.764979
0.728424
0.766912
0.791878
0.794531
0.745902
0.702739
0.759341
0.743415
0.713481
0.727119
0.809747
0.757787
0.755564
0.716824
0.724721
0.778728
0.788379
0.678390
0.744934
0.740860
0.813456
0.773385
0.769528
0.809749
0.687444
0.746245
0.766352
0.761581
0.765262
0.678314
0.713269
0.734406
0.742679
0.704615
0.742000
0.727361
0.733345
0.738593
0.746071
0.688348
0.751154
0.801203
0.710128
0.692912
0.657098
0.655373
0.689330
0.777687
0.765957
0.620991
0.656951
0.714741
0.649585
0.709645
0.627432
0.648214
0.684629
0.706525
0.740657
0.765992
0.745873
0.726774
0.677773
0.727637
0.724456
0.486224
0.641314
0.616504
0.687933
0.664989
0.686716
0.756887
0.661738
0.693295
0.717879
0.769429
0.776986
0.729033
0.694616
0.703810
0.724610
0.684089
0.665894
0.662368
0.683470
0.713773
0.734602
0.654089
0.642086
0.662881
0.665438
0.608935
0.680216
0.624083
0.644958
0.674781
0.613564
0.582865
0.612063
0.626597
0.556093
0.557935
0.528895
0.514189
0.473451
0.489402
0.420393
0.554843
0.449920
0.361377
0.451387
0.483318
0.364587
0.470561
0.366488
0.469504
0.399972
0.436830
0.361826
0.430925
0.426771
0.338481
0.344357
0.455055
0.468423
0.357401
0.387828
0.552422
0.358188
0.355691
0.334038
0.312497
0.326432
0.429903
0.436670
0.445376
0.459303
0.439780
0.437256
0.399528
0.504031
0.488837
0.376819
0.511918
0.386665
0.390346
0.297531
0.325944
0.366652
0.396391
0.420109
0.360596
0.472238
0.392167
0.423550
0.445849
0.458150
0.384676
0.346302
0.462926
0.375066
0.370467
0.437142
0.403299
0.298810
0.346433
0.414692
0.501137
0.466210
0.428465
0.489878
0.433533
0.448447
0.385513
0.429444
0.397502
0.417884
0.423701
0.404201
0.399003
0.478910
0.390536
0.380199
0.498949
0.445034
0.445909
0.325086
0.415225
0.393464
0.393876
0.509261
0.401564
0.347641
0.495171
0.376471
0.330758
0.317150
0.327868
0.363177
0.205462
0.257193
0.229784
0.266692
0.212562
0.316824
0.212708
0.213509
0.216886
0.286207
0.226456
0.210258
0.242691
0.226726
0.205735
0.227025
0.270922
0.273420
0.182186
0.217042
0.280384
0.267278
0.277679
0.279043
0.298831
0.233918
0.159028
0.239720
0.236300
0.280694
0.228914
0.357826
0.329816
0.380743
0.330509
0.458245
0.410565
0.413087
0.380782
0.351246
0.402178
0.332621
0.316732
0.338977
0.307448
0.409592
0.345370
0.466902
0.386920
0.372135
0.424523
0.398407
0.377144
0.354066
0.331816
0.377126
0.394104
0.300898
0.441736
0.370927
0.229091
0.351499
0.324309
0.325416
0.304476
0.321435
0.348119
0.277088
0.309697
0.353191
0.396766
0.300841
0.340249
0.304303
0.281511
0.250925
0.231940
0.220758
0.207484
0.295784
0.214968
0.279790
0.261324
0.279599
0.328404
0.315226
0.317277
0.327557
0.300177
0.247771
0.321704
0.302488
0.307711
0.307566
0.302188
0.389037
0.399845
0.331752
0.371615
0.374343
0.322684
0.380392
0.338837
0.344839
0.467267
0.360912
0.319606
0.354655
0.371795
0.381342
0.299317
0.498343
0.391681
0.553636
0.506258
0.562102
0.483989
0.509793
0.555700
0.418220
0.548522
0.492988
0.436712
0.527759
0.569426
0.480199
0.485324
0.681412
0.629196
0.510527
0.539776
0.537997
0.534692
0.614440
0.627299
0.622250
0.681542
0.434189
0.568281
0.649438
0.558760
0.580761
0.551669
0.255793
