0.636405
0.766996
0.751248
0.876811
0.851107
0.854879
0.804098
0.833651
0.875302
0.810488
0.782981
0.725924
0.681743
0.790128
0.800290
0.869062
0.787127
0.773069
0.847899
0.801775
0.768245
0.813367
0.777387
0.749098
0.791558
0.757250
0.669728
0.730621
0.700447
0.714326
0.706556
0.739653
0.676188
0.695897
0.738275
0.711099
0.739190
0.695331
0.673141
0.683925
0.709888
0.663988
0.682898
0.687998
0.656128
0.720935
0.675746
0.728429
0.674908
0.584999
0.622150
0.599573
0.612189
0.585640
0.600680
0.637771
0.648054
0.606901
0.633719
0.610792
0.569150
0.650351
0.617346
0.561927
0.560231
0.460132
0.438191
0.459357
0.392282
0.445099
0.497392
0.477815
0.486681
0.412165
0.468672
0.439333
0.464053
0.447371
0.414187
0.294809
0.402636
0.258262
0.219569
0.239543
0.266461
0.232585
0.316251
0.260620
0.247216
0.217636
0.230560
0.190253
0.272701
0.181227
0.193269
0.156447
0.231220
0.171697
0.060951
0.121551
0.145925
0.181988
0.267411
0.209362
0.267052
0.208320
0.154780
0.232219
0.196800
0.144325
0.182315
0.240634
0.172840
0.258318
0.137910
0.176995
0.255944
0.215564
0.200167
0.247291
0.130416
0.195657
0.168523
0.213912
0.215084
0.162838
0.170749
0.274945
0.224782
0.246110
0.173958
0.195385
0.189658
0.267829
0.281254
0.252479
0.253633
0.220957
0.143757
0.177728
0.135778
0.126528
0.216621
0.203110
0.202559
0.110975
0.106681
0.203726
0.161706
0.171383
0.178284
0.191548
0.179061
0.110320
0.126992
0.180062
0.152023
0.097294
0.129715
0.138448
0.233182
0.210138
0.228664
0.239974
0.144641
0.309200
0.323854
0.189229
0.254214
0.263713
0.216840
0.201539
0.242243
0.208204
0.209448
0.236660
0.301030
0.256608
0.215344
0.283472
0.281474
0.393630
0.304052
0.268535
0.394404
0.296110
0.199003
0.158040
0.189452
0.255505
0.271622
0.236083
0.299950
0.257748
0.179437
0.191530
0.101114
0.196570
0.212909
0.264346
0.169782
0.096129
0.175051
0.132511
0.083234
0.087227
0.229642
0.149046
0.101965
0.155924
0.089689
0.121505
0.153067
0.230570
0.068506
0.178812
0.210863
0.124978
0.127757
0.117944
0.066837
0.127253
0.107068
0.118362
0.250641
0.104909
0.041829
0.090559
0.094248
0.147800
0.120636
0.139470
0.124676
0.090843
0.032107
0.103809
0.101314
0.068921
0.072664
0.174613
0.012518
0.193906
0.073837
0.082769
0.099348
0.041787
0.121508
0.117952
0.020099
0.085036
0.064280
0.055900
0.119306
0.049450
0.062749
0.060473
0.068034
0.048718
0.039612
0.031120
0.078752
0.113859
0.057218
0.135062
0.103297
0.074177
0.030220
0.081456
0.142297
0.036245
0.115595
0.212181
0.230342
0.153440
0.106061
0.140126
0.109646
0.201421
0.110031
0.148493
0.184871
0.068528
0.147699
0.111728
0.141626
0.110076
0.163088
0.151268
0.116918
0.113311
0.028234
0.144336
0.073633
0.154312
0.125606
0.151663
0.210283
0.128038
0.125494
0.150377
0.095856
0.088898
0.145036
0.184004
0.140736
0.206460
0.144419
0.138620
0.155046
0.164820
0.149197
0.144399
0.198259
0.268792
0.203851
0.216287
0.178476
0.150690
0.103269
0.238133
0.203988
0.147739
0.200455
0.217800
0.193755
0.192576
0.182930
0.239000
0.240420
0.139912
0.135568
0.217944
0.205611
0.195768
0.223864
0.253386
0.283384
0.198085
0.186839
0.156655
0.226275
0.248724
0.199241
0.259541
0.284326
0.158558
0.171248
0.234491
0.140335
0.097246
0.234928
0.172599
0.137758
0.138925
0.158005
0.129560
0.195300
0.191503
0.172114
0.257836
0.290075
0.222421
0.156833
0.273052
0.286537
0.226099
0.271896
0.283949
0.233922
0.349168
0.285850
0.286295
0.361605
0.369384
0.267757
0.361789
0.510775
0.358662
0.391066
0.371798
0.348028
0.318251
0.390354
0.502559
0.394685
0.481793
0.419083
0.380674
0.343126
0.386096
0.370491
0.357669
0.462575
0.335571
0.352420
0.338299
0.304153
0.325450
0.376993
0.409105
0.362207
0.394825
0.372878
0.311541
0.248029
0.420017
0.331139
0.314455
0.359589
0.360635
0.323614
0.328960
0.229736
0.297873
0.242236
0.244374
0.321754
0.334589
0.290626
0.335330
0.377305
0.359538
0.317772
0.335346
0.406577
0.399308
0.309285
0.269354
0.355718
0.296279
0.300905
0.392476
0.455097
0.363809
0.376763
0.376630
0.454023
0.375907
0.408811
0.363697
0.450632
0.358275
0.256207
0.414445
0.407192
0.360964
0.364447
0.477833
0.403388
0.382678
0.442758
0.385860
0.397243
0.439521
0.484483
0.407349
0.440674
0.340849
0.370474
0.372668
0.368310
0.319740
0.344450
0.299933
0.303419
0.302500
0.278325
0.236898
0.257239
0.267255
0.245065
0.298631
0.224107
0.285705
0.310648
0.246055
0.194481
0.205998
0.269397
0.354246
0.376598
0.386146
0.315507
0.351426
0.378736
0.377634
0.360445
0.397572
0.426573
0.300272
0.268191
0.277390
0.285768
0.341648
0.342082
0.336829
0.463590
0.314024
0.325092
0.306656
0.338988
0.396976
0.422315
0.366226
0.461396
0.303535
0.320722
0.292074
0.263775
0.297414
0.257884
0.491267
0.425300
0.386090
0.429608
0.361625
0.253641
0.452178
0.395218
0.234508
0.376988
0.289536
0.291736
0.292283
0.304055
0.234526
0.369668
0.265989
0.269264
0.288623
0.275448
0.228764
0.248823
0.311704
0.201776
0.284109
0.257458
0.188273
0.280052
0.297771
0.332469
0.180014
0.240630
0.334493
0.272968
0.244717
0.271322
0.244477
0.289440
0.214641
0.188964
0.273703
0.237049
0.147614
0.240039
0.204983
0.190582
0.153125
0.189488
0.241844
0.319597
0.207264
0.143086
0.115926
0.130691
0.290452
0.271520
0.150484
0.258378
0.149193
0.065648
0.174380
0.235868
0.168953
0.205283
0.230549
0.242300
0.228135
0.181744
0.150134
0.177793
0.253295
0.148768
0.179008
0.287066
0.253616
0.188147
0.160480
0.122497
0.133550
0.200511
0.254639
0.236682
0.202245
0.184457
0.192570
0.107378
0.177397
0.145466
0.166044
0.170667
0.119329
0.078004
0.115202
0.145160
0.070581
0.106247
0.175713
0.178191
0.129124
0.103186
0.077086
0.106763
0.212287
0.209846
0.139256
0.173787
0.085058
0.157424
0.152661
0.063835
0.085050
0.110919
0.215128
0.157714
0.155528
0.143122
0.152862
0.107921
0.147248
-0.036462
0.190529
0.204898
0.113228
0.115997
0.130084
0.063313
0.107987
0.121973
0.158407
0.108107
0.153309
0.146511
0.114255
0.055679
0.165876
0.131712
0.119241
0.204141
0.150963
0.059161
0.106258
0.149316
0.031396
0.082244
0.149719
0.128245
0.131855
0.123345
0.133627
0.072784
0.163045
0.140263
0.130989
0.088292
0.066521
0.106975
0.117246
0.103868
0.081737
0.011196
0.156750
0.181667
0.109821
-0.002205
0.093984
0.046799
0.181810
0.105357
0.117600
0.111711
0.014001
0.092612
0.044152
0.048105
0.041836
0.147066
0.090826
0.088279
0.070822
0.028499
0.064883
0.128170
0.164285
-0.030758
0.144567
0.151743
0.115321
0.053007
0.115193
0.110174
0.014809
0.042066
0.163210
0.004829
0.161122
0.100639
0.068785
0.123588
0.121245
0.169877
0.113170
0.074771
0.061928
0.068457
0.158396
0.096337
-0.004826
0.127472
0.172890
0.100386
0.135751
0.043733
0.125614
0.065750
0.213117
0.106200
0.158881
0.098133
0.094355
0.062265
0.096808
0.157928
0.116755
0.148099
0.166540
0.117916
0.152160
0.166298
0.169258
0.213833
0.159019
0.122139
0.211281
0.319852
0.164352
0.234462
0.186413
0.231964
0.214372
0.240420
0.282104
0.332120
0.272591
0.263695
0.322490
0.338762
0.296190
0.243059
0.285403
0.361303
0.348628
0.362326
0.303877
0.194291
0.308223
0.264204
0.385553
0.396119
0.348069
0.355555
0.396476
0.304948
0.328824
0.333337
0.324367
0.329279
0.313084
0.349817
0.234208
0.315254
0.273690
0.293903
0.208976
0.462448
0.220227
0.226916
0.255267
0.227682
0.271949
0.261301
0.252210
0.288277
0.256416
0.214932
0.272657
0.201620
0.252927
0.283016
0.355686
0.313013
0.346340
0.315774
0.283209
0.261252
0.275248
0.297664
0.277950
0.312660
0.206803
0.262472
0.266321
0.207726
0.248415
0.265004
0.262962
0.314137
0.265643
0.232273
0.284356
0.242575
0.339657
0.295111
0.272862
0.388674
0.306370
0.254071
0.241286
0.389221
0.327510
0.168291
0.385838
0.352277
0.266086
0.232953
0.227715
0.240539
0.305920
0.274296
0.310715
0.380473
0.340810
0.337903
0.365502
0.340429
0.277383
0.352661
0.359067
0.402219
0.460287
0.371491
0.367256
0.361387
0.376242
0.359451
0.376691
0.486456
0.395196
0.465081
0.434239
0.386549
0.393401
0.423447
0.411559
0.297139
0.352456
0.343512
0.372519
0.332543
0.358552
0.382137
0.356812
0.339250
0.282634
0.423285
0.293108
0.364342
0.318327
0.407352
0.383527
0.410941
0.335561
0.230127
0.185186
0.271065
0.332498
0.318406
0.311077
0.408286
0.311954
0.243583
0.328710
0.239064
0.169117
0.211568
0.203783
0.145949
0.216395
0.171260
0.169558
0.171526
0.181881
0.219377
0.189209
0.136462
0.186732
0.134737
0.172306
0.165836
0.088763
0.076219
0.144140
0.216269
0.117455
0.013110
0.158144
0.122702
0.138130
0.081213
0.151054
0.092678
0.112464
0.022667
0.086252
0.045156
0.132213
0.058621
0.095701
0.156466
0.136766
0.042666
0.096514
0.078493
0.073014
0.121629
0.128577
0.094316
0.041840
0.018704
0.072461
-0.012676
0.057059
0.038443
0.099708
0.057564
0.080216
-0.038074
0.028656
0.063602
0.065551
0.002613
0.148383
0.032629
0.035865
-0.030695
0.020607
0.053321
-0.003156
0.028563
0.074140
0.028123
0.062517
-0.019172
-0.003542
0.048836
-0.005824
-0.036619
0.076950
-0.008629
0.055191
-0.007583
0.047821
-0.088747
0.002432
0.046227
0.024933
0.004068
0.047656
-0.035651
0.043579
-0.021181
-0.040205
0.011645
0.063126
-0.000387
-0.018791
0.020305
-0.047296
-0.067707
-0.020172
0.046654
0.042948
-0.038384
0.039383
-0.004161
0.017689
-0.074041
-0.000196
-0.034663
0.076440
0.006685
0.001433
-0.064819
-0.056457
0.039109
-0.033600
0.005259
0.057322
-0.088039
0.085893
0.044873
-0.041731
0.003191
-0.040997
0.041921
-0.034333
0.012879
-0.038832
-0.098387
0.055060
-0.138921
0.000886
0.070089
0.234802
