0.531448
0.205804
0.012722
0.070937
-0.011688
0.076077
-0.048919
0.051372
0.088478
0.070804
0.012987
-0.003011
0.086891
0.094555
0.023442
0.099770
0.024695
0.116232
0.023663
0.029905
-0.012040
0.065323
-0.006940
0.132606
0.065933
-0.001391
0.004901
0.021220
0.003377
0.022345
0.025402
0.104599
0.015627
0.082871
-0.021807
0.028567
0.086637
0.043311
0.036229
0.110349
0.005153
0.020097
-0.011275
0.008162
0.069956
0.025035
0.013279
0.064572
0.112702
0.074620
-0.004469
0.019714
0.035216
0.155022
0.037095
0.096271
0.082284
0.042186
0.081907
-0.026258
0.014647
0.076713
0.035940
0.054610
0.089324
0.064308
-0.001911
0.044062
0.028714
0.075771
-0.030652
0.151748
0.073462
0.097399
0.065669
0.037837
0.049128
-0.009485
0.020797
0.092742
0.081064
0.064771
0.047419
0.008758
0.062494
0.117099
0.088597
0.079228
0.057854
0.038946
-0.026801
0.029371
0.075858
-0.031264
0.097670
0.048957
0.070418
0.061433
-0.004386
0.019442
-0.002538
0.058666
0.108354
0.080436
0.075616
0.063415
0.015696
-0.014126
0.009730
0.017064
0.032609
0.027174
0.038542
0.101202
-0.000419
0.052176
0.026726
-0.006880
-0.045849
0.142814
-0.000048
-0.006768
-0.022736
0.058906
0.060237
0.051492
-0.025364
0.040788
0.051002
0.064846
-0.000522
0.000834
-0.008282
-0.005306
0.024247
0.141436
-0.005529
-0.032161
0.027364
-0.043452
0.007014
0.041980
-0.034340
0.089465
0.019812
0.007475
-0.000485
0.009467
0.008029
0.020237
0.050634
0.121051
0.055439
0.057451
0.060602
-0.028974
0.004346
0.003651
0.023261
0.074238
0.115354
0.056746
-0.020385
0.070158
0.044326
0.026736
0.070273
0.058816
0.098776
0.102530
0.061144
0.078553
0.049056
0.091033
0.072071
0.051753
0.152176
0.098542
0.036744
0.101871
0.070902
0.004955
0.041301
0.110835
0.118195
0.116473
0.022328
0.130027
0.033409
0.079001
0.048714
0.061946
0.058222
0.105043
0.027052
0.057287
0.018434
0.085214
0.002102
0.124411
0.087966
-0.005549
0.056294
0.025432
-0.028618
0.057039
0.001979
0.086947
0.014010
0.053683
0.047250
0.057666
0.056104
0.098444
0.044531
0.091618
0.059695
0.050663
0.061281
-0.000343
0.047903
-0.015112
-0.037244
0.081113
0.109205
0.025005
-0.009068
0.031724
0.007855
0.073377
0.061005
0.128151
0.027004
0.085856
0.025238
0.007236
0.001278
-0.022115
0.069735
0.072283
0.050853
0.043886
0.050551
0.016498
0.007235
0.042284
0.043766
0.112440
0.024114
0.046447
0.020972
0.030272
0.074473
0.047635
0.019160
0.066833
0.084276
0.051296
-0.030346
0.064800
0.032115
0.038694
0.111087
0.086493
0.023110
0.025538
-0.008459
0.068954
0.118294
0.038065
0.044122
0.132257
0.039588
0.008813
0.049832
0.059774
0.051661
0.060726
0.088865
0.160688
0.000316
0.135558
0.082315
0.025237
0.027840
0.050840
0.022015
0.099676
0.087018
0.086031
0.061136
0.086230
0.045785
0.041859
0.063793
0.164651
0.001121
0.014283
0.038406
0.040889
0.015539
-0.013549
0.070794
0.066517
0.084235
0.078600
-0.000424
0.020592
0.034969
0.029055
0.063023
0.132128
0.059396
-0.018417
0.016330
0.062636
-0.030519
0.010502
0.072118
0.067297
0.086354
0.066691
0.037089
0.033336
-0.005012
0.052689
0.019780
0.116694
0.056691
0.045082
0.028772
0.090270
0.101878
0.021884
0.084247
0.067152
0.054314
0.084015
0.061785
0.015695
0.069135
0.128133
0.115244
0.159285
0.132617
0.048459
-0.002042
0.116038
0.137884
0.052117
0.167986
0.117391
0.136298
0.133626
0.082827
0.140521
0.109771
0.141450
0.173644
0.170242
0.204974
0.113240
0.104289
0.178827
0.203048
0.174130
0.123462
0.234409
0.229797
0.207177
0.234931
0.209107
0.186550
0.220824
0.241880
0.192087
0.225813
0.168252
0.191007
0.212581
0.189763
0.184895
0.257946
0.195321
0.200850
0.196505
0.185274
0.163207
0.184401
0.270051
0.249824
0.228254
0.235576
0.188640
0.270542
0.260371
0.215422
0.253955
0.242288
0.321669
0.167105
0.289972
0.309759
0.189686
0.345276
0.280806
0.386967
0.343262
0.368933
0.218428
0.299033
0.334835
0.332686
0.303409
0.336850
0.347526
0.313071
0.348250
0.348140
0.389619
0.339148
0.392316
0.325377
0.294135
0.437371
0.352344
0.343983
0.243119
0.328859
0.297912
0.287857
0.325827
0.407983
0.376814
0.369334
0.354604
0.300710
0.360917
0.264898
0.292145
0.423006
0.340236
0.294427
0.277782
0.298465
0.275973
0.208691
0.237921
0.326233
0.179851
0.186347
0.306094
0.226241
0.251231
0.243300
0.274944
0.296093
0.244154
0.302099
0.207616
0.225192
0.239009
0.211317
0.277702
0.269641
0.247385
0.279061
0.242046
0.211951
0.261614
0.341739
0.234654
0.217223
0.172750
0.144302
0.232072
0.143746
0.185440
0.179143
0.201772
0.251664
0.202527
0.090377
0.244370
0.109014
0.217945
0.140297
0.095077
0.185525
0.117777
0.117120
0.117779
0.136972
0.122951
0.071208
0.114341
0.139105
0.075731
0.151060
0.055995
0.244526
0.170555
0.089101
0.118092
0.198734
0.122880
0.148906
0.114992
0.125572
0.074602
0.077512
0.145135
0.165905
0.187650
0.103196
0.128650
0.083282
0.158518
0.158675
0.109781
0.161908
0.100506
0.075270
0.104067
0.105340
0.046041
0.076586
0.137883
0.049687
0.192724
0.072245
0.066860
0.080976
0.104719
0.153521
0.153573
0.013607
0.073892
0.145370
0.062634
0.055021
0.041363
0.098227
0.112962
0.106764
0.082454
0.058127
0.046032
0.140120
0.127201
0.073900
0.213276
0.152276
0.032373
0.134096
0.132649
0.110681
0.125652
0.153402
0.211494
0.231643
0.201659
0.147188
0.140891
0.067269
0.168601
0.118209
0.164996
0.124362
0.082919
0.130338
0.109163
0.106204
0.074332
0.059441
0.126096
0.158307
0.104514
0.017731
0.097368
0.079427
0.035647
0.109398
0.099579
0.141586
0.041207
0.042124
0.135151
0.036025
0.109251
0.061864
0.091494
0.048888
0.111452
0.067428
0.098851
0.092492
0.134201
0.103126
0.143912
0.158834
0.177848
0.160422
0.160771
0.119455
0.145856
0.103587
0.217437
0.178973
0.233717
0.134959
0.125741
0.185986
0.167270
0.106854
0.173197
0.222785
0.184320
0.304651
0.209651
0.191443
0.116223
0.176893
0.222337
0.220708
0.276173
0.146299
0.120789
0.193184
0.258474
0.306123
0.208808
0.217646
0.217991
0.223692
0.189113
0.086726
0.097228
0.138676
0.204115
0.164638
0.212933
0.164365
0.194160
0.183635
0.140505
0.173028
0.176256
0.322895
0.201058
0.165737
0.212994
0.216949
0.136669
0.182069
0.217091
0.198734
0.285551
0.206704
0.237022
0.206142
0.274829
0.268502
0.238382
0.195229
0.148451
0.234904
0.247187
0.187361
0.136245
0.221332
0.260226
0.301321
0.257752
0.149576
0.177016
0.190281
0.293795
0.231878
0.237055
0.389537
0.237050
0.154414
0.282093
0.247240
0.189841
0.252116
0.256831
0.286414
0.369324
0.187709
0.256012
0.331428
0.333951
0.187537
0.284506
0.334364
0.245120
0.266753
0.263585
0.210051
0.290208
0.327142
0.351615
0.362002
0.285480
0.354363
0.290224
0.296491
0.331001
0.364364
0.370556
0.408798
0.319307
0.348715
0.362462
0.358909
0.379632
0.374787
0.476786
0.342344
0.447166
0.499119
0.436741
0.381647
0.486113
0.352011
0.427418
0.483684
0.405786
0.481001
0.431045
0.328432
0.386105
0.441477
0.495737
0.423341
0.455751
0.421816
0.411155
0.397074
0.467913
0.387301
0.381026
0.479539
0.427003
0.406045
0.426161
0.377216
0.379157
0.433808
0.478616
0.381558
0.425382
0.388050
0.364099
0.438056
0.403415
0.412699
0.378661
0.467015
0.431261
0.372633
0.375561
0.452957
0.392721
0.460495
0.436709
0.369630
0.459719
0.387300
0.342632
0.415666
0.399443
0.413237
0.470414
0.464953
0.318402
0.359677
0.412569
0.378303
0.270775
0.451906
0.459388
0.270126
0.472830
0.418336
0.390157
0.455048
0.371364
0.398868
0.451247
0.454089
0.438305
0.401214
0.304216
0.437453
0.444562
0.388032
0.407737
0.395924
0.338260
0.353782
0.380640
0.370684
0.400952
0.389955
0.349704
0.362292
0.404294
0.403296
0.299724
0.291510
0.268307
0.330213
0.426196
0.321550
0.311752
0.336199
0.322253
0.276932
0.340447
0.276340
0.361958
0.420399
0.288192
0.222723
0.246043
0.232050
0.225553
0.226449
0.201883
0.206670
0.238647
0.163447
0.249578
0.180973
0.177873
0.070666
0.211867
0.168821
0.123916
0.177198
0.108804
0.186510
0.116739
0.112494
0.210479
0.200902
0.143203
0.102515
0.150239
0.134535
0.132966
0.087759
0.215311
0.116484
0.047242
0.062205
0.132659
0.171427
0.128337
0.092186
0.100545
0.155476
0.112014
0.060093
0.087005
0.082061
-0.007164
0.082424
0.156227
0.153944
-0.002005
0.085698
0.089707
0.023281
0.035948
0.091067
0.092151
-0.016970
0.068513
0.028160
0.060710
0.024455
0.007554
-0.015779
0.135035
0.028750
-0.010159
-0.002465
-0.015909
0.054813
-0.016654
0.007068
0.070062
0.053197
0.035337
0.011510
-0.046209
-0.027029
0.111383
-0.006041
0.106131
0.085931
0.094952
-0.018919
0.042773
0.028225
-0.014536
0.054671
0.062780
0.082156
0.063077
-0.037022
-0.025459
0.039417
0.080601
-0.025081
0.147179
0.035464
0.045407
-0.005236
0.045276
0.026517
-0.027501
0.002331
0.051599
0.089304
0.122327
0.054322
-0.015849
0.034631
0.083817
-0.042643
0.138309
0.064479
0.028155
0.083587
0.000422
0.003787
0.033115
0.008454
0.095658
0.025704
0.060060
0.024602
0.062637
-0.011428
-0.031870
0.057485
0.087004
0.009556
0.004178
0.010703
-0.000329
-0.005010
-0.011963
0.054196
0.028327
0.021999
0.043559
-0.064393
0.062683
0.023961
-0.021789
-0.013190
0.129768
-0.028761
-0.017258
0.027875
-0.031732
0.040515
-0.024853
0.005418
0.076950
0.058976
0.021896
-0.016647
-0.004489
0.026279
0.021321
0.024740
0.127562
0.072624
0.051123
0.033934
-0.005270
-0.018545
0.019124
0.032453
0.117661
0.013034
0.050317
0.011232
0.054660
0.099524
-0.005984
0.008649
0.083333
0.067903
-0.014783
0.036083
0.042718
-0.044121
0.007688
0.029398
0.073804
0.100366
0.055002
-0.019701
0.070209
0.091350
0.030389
0.069198
0.068505
0.133829
0.037280
0.009107
0.249048
0.072189
0.188669
0.190160
0.234702
