0.656109
0.790251
0.748780
0.905583
0.873991
0.889954
0.846450
0.889988
0.915277
0.854075
0.806066
0.852043
0.825526
0.878066
0.900898
0.923806
0.902334
0.885409
0.907317
0.923819
0.905428
0.938221
0.899742
0.884530
0.926437
0.911995
0.855817
0.910295
0.891594
0.899064
0.882434
0.854541
0.880109
0.883562
0.889451
0.917332
0.923521
0.912802
0.859512
0.891713
0.925440
0.903542
0.863050
0.903116
0.879699
0.900854
0.894688
0.908854
0.878112
0.887577
0.895865
0.940103
0.916747
0.925710
0.872329
0.885065
0.903715
0.910355
0.891758
0.924233
0.903679
0.921756
0.921914
0.910422
0.869239
0.897759
0.908074
0.924227
0.894519
0.901874
0.848944
0.913366
0.901512
0.897558
0.871246
0.898535
0.908504
0.915043
0.896569
0.892576
0.834453
0.899307
0.902883
0.899890
0.920291
0.918713
0.877181
0.900055
0.914549
0.895054
0.909198
0.900346
0.892995
0.910962
0.886961
0.891482
0.837638
0.870696
0.911171
0.927996
0.902221
0.907955
0.895211
0.895777
0.907057
0.906721
0.876253
0.902167
0.905485
0.934522
0.912382
0.896099
0.889484
0.892850
0.907250
0.936275
0.934042
0.922343
0.888127
0.908825
0.911562
0.933354
0.898931
0.912652
0.916574
0.922088
0.913488
0.920620
0.929668
0.916203
0.942666
0.959868
0.937321
0.943449
0.910026
0.936162
0.934227
0.955919
0.934445
0.943277
0.934874
0.950072
0.946054
0.933181
0.941848
0.921942
0.933375
0.939803
0.939788
0.945742
0.910382
0.937383
0.948671
0.938895
0.924211
0.933166
0.921801
0.915689
0.900410
0.909273
0.889189
0.894046
0.905415
0.937320
0.911928
0.915059
0.893806
0.894808
0.862317
0.897475
0.881576
0.879299
0.886028
0.872937
0.840436
0.841324
0.828896
0.791108
0.875542
0.876137
0.876083
0.871524
0.823977
0.841173
0.876953
0.835405
0.797045
0.794001
0.784292
0.848928
0.806988
0.837947
0.833192
0.809484
0.855115
0.864782
0.837901
0.844454
0.795199
0.837376
0.848546
0.807936
0.849051
0.796912
0.809591
0.848425
0.798309
0.826671
0.823198
0.770752
0.806359
0.863824
0.799276
0.826093
0.772636
0.781570
0.811813
0.765960
0.775581
0.805655
0.741675
0.788058
0.805561
0.791733
0.756143
0.800499
0.797257
0.837223
0.847320
0.833559
0.750254
0.831105
0.859187
0.775295
0.770143
0.797890
0.807151
0.821843
0.810233
0.813874
0.778741
0.815785
0.860183
0.848036
0.856630
0.851259
0.807918
0.871319
0.819777
0.844132
0.823536
0.854028
0.830048
0.837134
0.849070
0.829026
0.805374
0.830229
0.813602
0.869840
0.839487
0.851859
0.782486
0.846173
0.822516
0.804758
0.847786
0.795589
0.802124
0.846511
0.818447
0.803289
0.764002
0.760324
0.756085
0.734117
0.709566
0.746941
0.697267
0.682444
0.792477
0.770831
0.677188
0.715399
0.673976
0.739502
0.706329
0.727403
0.667297
0.682544
0.746992
0.771186
0.708308
0.630112
0.788933
0.719989
0.738164
0.685323
0.553233
0.656169
0.663456
0.670400
0.676939
0.684208
0.580005
0.607715
0.686030
0.723891
0.705155
0.657061
0.637217
0.656894
0.736028
0.652577
0.648331
0.725186
0.676446
0.683129
0.663865
0.724600
0.694604
0.680154
0.727070
0.746093
0.768152
0.673080
0.739969
0.658954
0.692894
0.664826
0.599492
0.636477
0.649516
0.646187
0.622595
0.694505
0.602165
0.633484
0.634608
0.657893
0.621033
0.647110
0.632593
0.603152
0.625584
0.492276
0.543411
0.494904
0.542079
0.542686
0.539204
0.627842
0.544409
0.597045
0.584625
0.577396
0.466802
0.505901
0.449778
0.494368
0.495962
0.504280
0.478148
0.423025
0.433790
0.432777
0.446890
0.515964
0.410933
0.524415
0.476778
0.362210
0.464109
0.447640
0.378006
0.439628
0.425144
0.347592
0.345894
0.422743
0.315164
0.396281
0.363069
0.540087
0.353031
0.395906
0.373606
0.332221
0.294657
0.408417
0.338813
0.337400
0.420053
0.325750
0.352416
0.284870
0.346516
0.335185
0.254752
0.334711
0.339942
0.339200
0.304977
0.224134
0.285770
0.285967
0.245612
0.251852
0.298892
0.264521
0.285923
0.330037
0.279974
0.260469
0.258078
0.360088
0.276095
0.250935
0.304483
0.195410
0.153866
0.223110
0.103638
0.245368
0.282889
0.200165
0.157505
0.294960
0.242975
0.101404
0.188669
0.160463
0.158267
0.197496
0.116722
0.114159
0.131147
0.162721
0.215008
0.263162
0.193147
0.167917
0.102838
0.207132
0.178462
0.131654
0.165072
0.197865
0.167128
0.237614
0.232359
0.146945
0.243176
0.226246
0.130494
0.229279
0.301689
0.185846
0.209776
0.148820
0.248556
0.279077
0.257708
0.305514
0.273162
0.317713
0.323274
0.307517
0.257200
0.317712
0.294668
0.228429
0.310769
0.285822
0.248915
0.181745
0.216210
0.192714
0.265730
0.284126
0.227928
0.283556
0.239163
0.273856
0.258024
0.265996
0.261256
0.250388
0.326998
0.266381
0.360164
0.323821
0.257007
0.356579
0.318257
0.399787
0.382905
0.280232
0.292501
0.293431
0.292334
0.333328
0.184609
0.379969
0.262896
0.416281
0.310594
0.311011
0.361306
0.372117
0.385544
0.417535
0.400990
0.462429
0.335211
0.378500
0.389655
0.392854
0.401573
0.450881
0.386229
0.455445
0.470578
0.345543
0.356825
0.367213
0.371770
0.313828
0.354859
0.586808
0.537355
0.490328
0.583966
0.473664
0.504005
0.506881
0.535750
0.560146
0.581023
0.516212
0.478070
0.620347
0.613969
0.679097
0.622084
0.588394
0.646711
0.697075
0.661519
0.647258
0.611256
0.600609
0.721735
0.699047
0.629883
0.668873
0.712556
0.659755
0.653120
0.721926
0.658348
0.629255
0.639582
0.704540
0.584303
0.603619
0.600212
0.583444
0.614509
0.610929
0.604952
0.608719
0.546924
0.640452
0.558782
0.583636
0.565833
0.518452
0.529993
0.588256
0.603372
0.534171
0.528598
0.592379
0.523573
0.551543
0.610978
0.494928
0.535424
0.532452
0.575795
0.509144
0.480782
0.434287
0.469614
0.472415
0.439550
0.508828
0.479248
0.527524
0.524218
0.420349
0.347607
0.540362
0.498001
0.469502
0.504323
0.526034
0.563798
0.416145
0.495011
0.507658
0.558720
0.569369
0.576274
0.500393
0.587245
0.507409
0.456067
0.514322
0.409275
0.461704
0.568885
0.575874
0.511651
0.573136
0.601880
0.596751
0.571319
0.649567
0.523993
0.617763
0.611439
0.534615
0.622325
0.522586
0.624534
0.591057
0.588706
0.689898
0.648858
0.701106
0.767236
0.739231
0.711700
0.635928
0.665469
0.658616
0.681045
0.644430
0.686468
0.544403
0.674833
0.729937
0.722350
0.757525
0.729828
0.737439
0.761319
0.701196
0.760106
0.727520
0.686273
0.711769
0.761971
0.711536
0.727587
0.757983
0.742649
0.735377
0.753200
0.761193
0.666374
0.682702
0.722905
0.748211
0.669044
0.765942
0.666263
0.690500
0.676164
0.627304
0.681230
0.693383
0.709764
0.651711
0.709067
0.706836
0.538036
0.620601
0.659509
0.643137
0.556081
0.661626
0.571048
0.614863
0.692286
0.615843
0.622045
0.633182
0.604817
0.610611
0.555620
0.543544
0.449319
0.525539
0.571775
0.554406
0.594084
0.625540
0.612879
0.600540
0.657738
0.509758
0.406370
0.530174
0.572143
0.522185
0.556949
0.667916
0.507745
0.631976
0.604637
0.669382
0.587253
0.524949
0.615307
0.632574
0.591670
0.563625
0.655116
0.563961
0.643601
0.694558
0.683003
0.683879
0.698383
0.682659
0.700393
0.733690
0.627403
0.588001
0.646491
0.597964
0.665940
0.679458
0.609369
0.635168
0.601244
0.613935
0.584293
0.595418
0.560576
0.646987
0.606327
0.631619
0.596706
0.628782
0.584733
0.691267
0.690855
0.624943
0.663830
0.629833
0.642441
0.696785
0.653925
0.678794
0.620303
0.694637
0.714184
0.762644
0.692093
0.696542
0.764627
0.741532
0.681292
0.788316
0.668365
0.718891
0.719685
0.781317
0.733329
0.762631
0.800993
0.720707
0.734273
0.804100
0.822795
0.860367
0.807624
0.761862
0.858657
0.749710
0.734629
0.735455
0.711110
0.723222
0.784430
0.809222
0.752863
0.811225
0.827979
0.818132
0.795426
0.790122
0.730524
0.769939
0.793673
0.768791
0.771606
0.765440
0.802684
0.824608
0.811203
0.809058
0.732571
0.791420
0.757757
0.788895
0.691179
0.715959
0.706001
0.685122
0.778284
0.711340
0.672866
0.757049
0.727354
0.752335
0.731464
0.728157
0.730180
0.763857
0.758125
0.748942
0.695270
0.735158
0.727351
0.790889
0.757414
0.745525
0.690365
0.738217
0.750919
0.785348
0.744998
0.786161
0.731622
0.753496
0.816476
0.799879
0.788103
0.829602
0.802395
0.786140
0.849939
0.824699
0.833193
0.794407
0.823509
0.835426
0.808459
0.857181
0.758198
0.851950
0.884307
0.879458
0.857622
0.862933
0.813590
0.855681
0.874023
0.809235
0.819388
0.835097
0.803089
0.871086
0.841113
0.857444
0.828719
0.887922
0.894158
0.903352
0.912544
0.904454
0.843730
0.890078
0.919028
0.903211
0.871917
0.916949
0.899727
0.901023
0.907172
0.927202
0.876890
0.915625
0.937814
0.956643
0.932787
0.946329
0.925197
0.942891
0.943209
0.929607
0.920979
0.940411
0.924061
0.941070
0.924355
0.938657
0.910496
0.931339
0.933878
0.962446
0.930725
0.934722
0.909236
0.917484
0.923250
0.909637
0.923413
0.925631
0.921672
0.940921
0.910302
0.902645
0.886574
0.903017
0.912552
0.951319
0.938029
0.924865
0.895020
0.921541
0.940862
0.928982
0.922892
0.939917
0.927652
0.942554
0.923885
0.928710
0.930572
0.951741
0.954606
0.977291
0.963980
0.969798
0.972461
0.969843
0.967984
0.962045
0.946767
0.975927
0.974075
0.974751
0.958352
0.960507
0.955115
0.962646
0.974251
0.982959
0.977009
0.981898
0.967782
0.976837
0.978485
0.970572
0.961466
0.979422
0.961444
0.980480
0.972420
0.968979
0.955625
0.956001
0.969361
0.979146
0.977069
0.979977
0.954049
0.962492
0.964948
0.954800
0.938939
0.957419
0.952159
0.959365
0.951550
0.927725
0.941918
0.929643
0.935945
0.966738
0.951042
0.967085
0.933193
0.945866
0.954527
0.940669
0.923448
0.926834
0.918656
0.958894
0.945674
0.946114
0.895064
0.811339
0.871465
0.906941
0.844782
0.894870
0.901448
0.853860
0.921799
0.813312
0.852412
0.823936
0.832433
0.721491
0.665423
0.266346
