0.593926
0.598963
0.438182
0.645623
0.610344
0.517404
0.475865
0.462177
0.615954
0.447963
0.462454
0.398895
0.401373
0.513246
0.497420
0.529811
0.506880
0.539680
0.510689
0.610442
0.562630
0.648050
0.582382
0.531536
0.631301
0.597547
0.559894
0.573146
0.608161
0.578287
0.588527
0.688492
0.632032
0.566072
0.599856
0.628256
0.602403
0.636053
0.658243
0.607262
0.690468
0.600788
0.624635
0.646026
0.629770
0.613468
0.681871
0.721239
0.606540
0.660204
0.637055
0.682303
0.611038
0.591233
0.493268
0.546557
0.626745
0.567605
0.513218
0.523590
0.539027
0.565474
0.511651
0.507245
0.410675
0.409865
0.391499
0.476058
0.441039
0.465663
0.427280
0.429851
0.449528
0.428674
0.408924
0.388813
0.401876
0.279547
0.345118
0.404010
0.271260
0.353088
0.355713
0.443421
0.309719
0.390496
0.425591
0.350065
0.363741
0.349727
0.314469
0.445937
0.376489
0.394889
0.418377
0.478377
0.541057
0.521252
0.413796
0.387933
0.450579
0.435013
0.443828
0.453450
0.563742
0.475416
0.513527
0.479732
0.378890
0.446201
0.477890
0.489536
0.393419
0.434854
0.355633
0.382905
0.312111
0.377785
0.296450
0.440996
0.336340
0.338023
0.330556
0.363295
0.368327
0.256915
0.350880
0.268840
0.201082
0.276947
0.295022
0.188150
0.185272
0.211940
0.191464
0.188567
0.275733
0.219970
0.274339
0.226689
0.217558
0.209364
0.294940
0.232704
0.306690
0.380334
0.197141
0.256148
0.347780
0.242835
0.278549
0.347193
0.318248
0.283475
0.283972
0.213709
0.265650
0.242820
0.288587
0.279433
0.230042
0.219539
0.219814
0.280648
0.298372
0.269992
0.204224
0.281991
0.358778
0.215742
0.185775
0.208577
0.263846
0.256670
0.224683
0.312233
0.264100
0.253238
0.280843
0.306721
0.182299
0.264048
0.239331
0.229449
0.281182
0.143839
0.206119
0.220854
0.222640
0.241488
0.276918
0.237970
0.254307
0.214635
0.135998
0.210636
0.217071
0.145178
0.116514
0.227441
0.203185
0.178447
0.195528
0.183992
0.226902
0.056215
0.116717
0.097096
0.234794
0.215117
0.058715
0.098371
0.111755
0.163212
0.219519
0.132472
0.167468
0.157080
0.149867
0.091987
0.137124
0.147827
0.079098
0.110753
0.143641
0.153363
0.208542
0.130294
0.122806
0.096221
0.201690
0.186823
0.193552
0.087255
0.180229
0.146207
0.242948
0.104175
0.283297
0.263745
0.207645
0.289159
0.124444
0.235926
0.180688
0.295244
0.326124
0.231033
0.314068
0.205617
0.162389
0.246265
0.198478
0.225626
0.244803
0.240939
0.266175
0.264441
0.247781
0.266983
0.312041
0.364996
0.336183
0.278148
0.251608
0.266896
0.262972
0.344207
0.253367
0.185335
0.300795
0.355957
0.274878
0.379738
0.277408
0.284445
0.339445
0.411176
0.330310
0.318868
0.430699
0.283885
0.318844
0.331858
0.348439
0.242423
0.331996
0.362776
0.349157
0.405611
0.328512
0.370872
0.277082
0.370173
0.318446
0.351395
0.317912
0.323144
0.398682
0.377490
0.395153
0.358603
0.340767
0.344027
0.423740
0.301673
0.305460
0.340286
0.291579
0.340430
0.313859
0.373849
0.380170
0.259611
0.304187
0.295936
0.362296
0.260647
0.310201
0.228770
0.327714
0.339153
0.416014
0.307853
0.334250
0.336428
0.382990
0.377400
0.504192
0.323381
0.260509
0.339439
0.279904
0.273442
0.396403
0.356776
0.402604
0.420167
0.378194
0.453177
0.394422
0.477025
0.450959
0.424633
0.442590
0.422056
0.396427
0.429673
0.450134
0.435232
0.494656
0.484427
0.535517
0.507411
0.474579
0.492510
0.488374
0.459756
0.400903
0.478808
0.433042
0.418081
0.424110
0.501185
0.480505
0.446337
0.461749
0.451696
0.463284
0.557617
0.488598
0.540236
0.535742
0.554078
0.491289
0.582155
0.613574
0.553543
0.622547
0.460845
0.548638
0.516824
0.571262
0.578942
0.651190
0.532994
0.534158
0.561808
0.470535
0.542017
0.557476
0.538197
0.479882
0.453235
0.488796
0.493186
0.452402
0.488814
0.516389
0.561567
0.525259
0.487869
0.451319
0.492177
0.510500
0.542643
0.433767
0.514033
0.619836
0.526785
0.492894
0.525555
0.491750
0.426719
0.468321
0.438614
0.421833
0.453586
0.448855
0.492081
0.505610
0.469324
0.425872
0.476326
0.584379
0.492550
0.452317
0.390794
0.475820
0.368180
0.509206
0.501248
0.445992
0.449047
0.467977
0.478451
0.434888
0.455557
0.513580
0.447531
0.488336
0.413699
0.322080
0.361173
0.339307
0.329947
0.353849
0.362275
0.401055
0.371307
0.319170
0.368815
0.375294
0.361712
0.357181
0.343048
0.383680
0.298967
0.310862
0.313556
0.308782
0.286438
0.223535
0.343009
0.308442
0.320494
0.337057
0.294710
0.222643
0.330310
0.315193
0.232650
0.281112
0.286287
0.191639
0.274981
0.313876
0.170175
0.248433
0.295871
0.337244
0.271835
0.259483
0.216298
0.263225
0.284648
0.402052
0.351509
0.355091
0.338567
0.357272
0.335633
0.283206
0.279700
0.329759
0.330878
0.390286
0.275686
0.293128
0.337098
0.261747
0.271586
0.335719
0.263739
0.333271
0.203374
0.301255
0.235589
0.207627
0.224369
0.233675
0.301299
0.217663
0.233772
0.216183
0.160794
0.132554
0.250006
0.255570
0.282984
0.176809
0.141585
0.174012
0.172165
0.195719
0.184036
0.184487
0.177775
0.269822
0.293915
0.184657
0.149582
0.240895
0.248952
0.168793
0.252740
0.346837
0.141408
0.182164
0.206299
0.267848
0.219639
0.255195
0.305151
0.405616
0.318561
0.242949
0.340991
0.319108
0.363312
0.334122
0.313589
0.456823
0.356913
0.258967
0.294804
0.304285
0.286440
0.283463
0.362605
0.378697
0.291983
0.318506
0.395605
0.328517
0.294506
0.391769
0.293564
0.429491
0.301482
0.278973
0.313716
0.386057
0.289327
0.348050
0.449060
0.399422
0.329410
0.331443
0.381427
0.333222
0.338576
0.351155
0.357314
0.434830
0.373357
0.374842
0.441714
0.394304
0.354762
0.350653
0.402234
0.281697
0.443857
0.397735
0.387552
0.297138
0.366610
0.213974
0.353127
0.388350
0.312258
0.357250
0.290054
0.358618
0.343448
0.354240
0.332869
0.316716
0.328842
0.248728
0.268697
0.317991
0.303225
0.411405
0.358391
0.307140
0.318505
0.332474
0.380886
0.267328
0.325340
0.328338
0.332290
0.370605
0.401827
0.329071
0.308815
0.313576
0.336922
0.287476
0.409026
0.387620
0.377666
0.393025
0.370157
0.321144
0.378481
0.354307
0.420687
0.491101
0.419445
0.459675
0.507703
0.505261
0.480972
0.475936
0.477780
0.594516
0.550459
0.467192
0.435623
0.447706
0.483133
0.538001
0.630510
0.541387
0.534075
0.574038
0.620841
0.591913
0.541942
0.498639
0.450619
0.581883
0.507935
0.481075
0.579866
0.526091
0.458460
0.481608
0.523684
0.476774
0.505171
0.444405
0.462479
0.524895
0.549643
0.516325
0.515018
0.540162
0.472646
0.410690
0.434670
0.321080
0.352273
0.361729
0.440303
0.311117
0.454033
0.486204
0.445358
0.446065
0.508509
0.448599
0.481661
0.512939
0.344262
0.404350
0.406481
0.511385
0.453442
0.484971
0.535945
0.499348
0.511691
0.467678
0.409600
0.510392
0.532365
0.530288
0.537174
0.556302
0.546845
0.491883
0.508996
0.533322
0.491751
0.497624
0.530648
0.452082
0.606042
0.574687
0.559374
0.559835
0.606961
0.543803
0.488834
0.625921
0.521637
0.589624
0.609595
0.539856
0.604061
0.561792
0.676042
0.627836
0.558657
0.591984
0.513926
0.544077
0.548007
0.505144
0.599325
0.625109
0.659903
0.617594
0.533997
0.606724
0.547248
0.557905
0.567119
0.645048
0.558569
0.608346
0.643047
0.632788
0.527849
0.611683
0.598733
0.573727
0.655890
0.605885
0.640016
0.648195
0.636650
0.591164
0.612473
0.546964
0.642574
0.641445
0.632557
0.633280
0.688210
0.605795
0.663286
0.680614
0.654608
0.659204
0.601668
0.517345
0.653020
0.625976
0.681465
0.638017
0.532972
0.593144
0.609699
0.596629
0.558470
0.552961
0.509610
0.644366
0.600515
0.584735
0.628509
0.622006
0.602291
0.632147
0.536069
0.481140
0.560015
0.506322
0.596969
0.531235
0.552327
0.602442
0.534332
0.554189
0.534358
0.571340
0.425737
0.529294
0.549085
0.536201
0.591755
0.599645
0.570919
0.634018
0.623484
0.591856
0.661768
0.522920
0.539990
0.659141
0.548769
0.558473
0.612056
0.592560
0.540283
0.636815
0.696755
0.654784
0.605458
0.627473
0.655219
0.636439
0.606269
0.565147
0.572432
0.636086
0.529674
0.607129
0.613838
0.593485
0.588658
0.567340
0.625732
0.622015
0.559672
0.574577
0.604046
0.599921
0.526010
0.562576
0.520014
0.549478
0.520534
0.561963
0.488386
0.439674
0.549395
0.460052
0.566050
0.507237
0.437969
0.497789
0.477058
0.463834
0.506412
0.534670
0.477097
0.477083
0.439376
0.400524
0.369742
0.468568
0.502327
0.514262
0.559712
0.552281
0.535572
0.459687
0.480686
0.493528
0.557486
0.607012
0.496067
0.597895
0.532694
0.499868
0.470699
0.451150
0.434911
0.474138
0.501945
0.480283
0.425278
0.496474
0.491472
0.514517
0.504018
0.464468
0.502294
0.556370
0.506823
0.442099
0.532354
0.508814
0.541703
0.497255
0.616473
0.516103
0.482603
0.592688
0.587010
0.581261
0.607509
0.542046
0.555414
0.645772
0.595926
0.532069
0.500136
0.404704
0.501606
0.491800
0.514709
0.543949
0.530494
0.531333
0.587149
0.532438
0.550394
0.547996
0.488315
0.563041
0.538260
0.495168
0.488726
0.569388
0.571236
0.580975
0.613140
0.616585
0.541780
0.533753
0.628731
0.634388
0.615155
0.575188
0.617764
0.625032
0.526742
0.507601
0.591763
0.616672
0.588894
0.559889
0.643232
0.600334
0.521986
0.557263
0.572906
0.659551
0.563341
0.448514
0.570528
0.630388
0.572260
0.534948
0.560914
0.496867
0.465349
0.472529
0.521838
0.543197
0.409724
0.469865
0.447129
0.396945
0.454104
0.473332
0.473321
0.330757
0.360407
0.510873
0.384839
0.339533
0.472862
0.442093
0.447308
0.375829
0.522870
0.523881
0.525162
0.519395
0.522697
0.473020
0.469394
0.654661
0.565298
0.477011
0.576873
0.561506
0.533933
0.554971
0.665161
0.615550
0.488425
0.548873
0.536122
0.576076
0.610132
0.645047
0.669272
0.779713
0.610859
0.584274
0.691443
0.633577
0.573457
0.587967
0.272544
