0.530363
0.207204
0.070131
0.076157
0.001745
0.131403
0.059832
0.007606
0.096055
0.111993
0.023465
0.040546
0.135132
0.120776
0.057843
0.121418
0.060041
0.113768
0.077224
0.035217
-0.015641
0.055939
0.089650
0.122122
0.012830
0.053764
0.037778
0.024715
-0.025684
0.035338
0.071534
0.024548
-0.004896
0.091400
-0.013591
-0.007838
0.022169
0.043492
0.016187
0.107500
0.008431
0.001896
0.022300
0.032667
0.007447
-0.008405
0.008003
0.034875
0.088536
0.081828
0.011047
0.003529
0.033113
0.053280
0.038469
0.084802
0.061705
-0.026016
0.003004
0.041432
0.040439
0.057629
0.010744
0.061543
-0.016656
0.088906
0.023551
0.017899
0.055761
0.090969
0.070796
0.087013
0.059935
0.053406
0.012742
0.035528
0.031830
0.048359
-0.013959
0.053562
0.055827
0.048545
0.012022
0.022320
0.024247
0.038638
-0.002771
0.091720
0.041625
0.058025
0.034490
0.094648
0.013884
0.031054
-0.036719
0.076897
0.079958
0.054118
0.024495
0.002762
0.025873
0.030498
0.051256
0.101323
0.032479
0.022787
0.036579
0.078996
0.005683
0.012111
0.012932
0.097807
-0.007093
0.072007
-0.019302
0.041716
0.020369
0.057597
0.013448
0.078100
0.052131
0.042655
0.000842
0.023718
0.022323
0.005714
0.051969
0.108313
0.033881
0.087791
0.037597
0.041076
0.011512
0.042980
-0.032219
0.069762
0.073532
0.036714
0.034968
-0.008349
-0.011745
0.027493
0.091134
0.089499
0.061848
0.051738
0.007055
0.071627
0.047069
0.048963
0.011368
0.077738
0.084847
0.049062
0.048113
0.080660
0.032556
0.073168
0.015153
0.051792
0.151822
0.070396
0.049643
0.064610
0.060128
0.087190
0.131890
0.155729
0.040630
0.114210
0.077332
0.089492
0.096839
0.049056
0.058006
0.135230
0.154918
0.133575
0.095092
0.037184
0.149193
0.167720
0.050005
0.157638
0.152160
0.076923
0.091835
0.086851
0.098600
0.107980
0.132675
0.150764
0.023303
0.178284
0.079175
0.077183
0.108345
0.052714
0.110879
0.165577
0.068355
0.013747
0.148097
0.145954
0.092612
-0.000732
0.095700
0.103058
0.191221
0.087770
0.058393
0.088763
0.093228
0.236103
0.118192
0.108824
0.244142
0.115046
0.104714
0.063204
0.119470
0.114794
0.076284
0.162445
0.042425
0.207458
0.142617
0.147758
0.188067
0.118164
0.138464
0.182546
0.136363
0.086568
0.126747
0.090370
0.096569
0.065602
0.102166
0.156108
0.150437
0.132074
0.087771
0.095809
0.164203
0.160689
0.194134
0.139135
0.134691
0.120040
0.139619
0.179920
0.162392
0.106203
0.115741
0.220274
0.299177
0.261360
0.218016
0.216128
0.264297
0.234723
0.252529
0.261795
0.312968
0.253021
0.173555
0.182070
0.159911
0.203984
0.225892
0.269847
0.311404
0.332211
0.266130
0.231431
0.227550
0.284606
0.280550
0.261416
0.326737
0.200749
0.236330
0.346480
0.319758
0.194772
0.305122
0.260037
0.263173
0.205902
0.208645
0.189657
0.195252
0.248243
0.321383
0.279400
0.251674
0.198178
0.158584
0.242580
0.240274
0.169761
0.169122
0.193558
0.206578
0.181578
0.091722
0.192714
0.147411
0.157711
0.125760
0.164787
0.189001
0.109812
0.139850
0.154478
0.095102
0.116074
0.186843
0.175249
0.156361
0.183129
0.142159
0.110776
0.200605
0.132305
0.264227
0.159842
0.232715
0.098291
0.103935
0.150316
0.181058
0.043004
0.126910
0.162428
0.187587
0.180079
0.037053
0.106797
0.094882
0.090331
0.188185
0.131423
0.119035
0.095821
0.185316
0.125763
0.105903
0.121467
0.177649
0.133730
0.147970
0.108203
0.038871
0.129616
0.093755
0.136515
0.102140
0.199433
0.100064
0.122787
0.177718
0.132522
0.047921
0.066822
0.110904
0.172867
0.057247
0.175214
0.123964
0.085089
0.096862
0.167959
0.143951
0.152561
0.135377
0.124105
0.102064
0.143952
0.139497
-0.001904
0.130614
0.185790
0.066031
0.295968
0.158915
0.180360
0.076492
0.163898
0.182103
0.153853
0.170690
0.174665
0.085671
0.173035
0.103310
0.079836
0.104007
0.121101
0.115440
0.185749
0.096730
0.225282
0.191469
0.233214
0.151895
0.155937
0.211552
0.116190
0.155811
0.181176
0.212836
0.197045
0.152619
0.239625
0.358711
0.201906
0.171853
0.254805
0.204116
0.319091
0.310847
0.297259
0.363456
0.267073
0.220658
0.333021
0.280682
0.266930
0.285377
0.323205
0.394977
0.238715
0.187633
0.285565
0.170567
0.298644
0.293637
0.330473
0.376573
0.327096
0.294414
0.343164
0.319117
0.325666
0.354753
0.363911
0.445794
0.369272
0.348807
0.374488
0.384659
0.366810
0.295356
0.413023
0.461758
0.363595
0.381825
0.381222
0.368727
0.412200
0.470076
0.446906
0.413672
0.451682
0.394028
0.336704
0.370677
0.335133
0.375661
0.381661
0.479950
0.361232
0.542411
0.377358
0.299103
0.337164
0.430621
0.397846
0.348384
0.479530
0.493054
0.424986
0.473874
0.439337
0.324403
0.417162
0.481177
0.440709
0.393841
0.322162
0.429285
0.409561
0.407881
0.483427
0.413751
0.394163
0.431383
0.378768
0.435053
0.436656
0.327789
0.392255
0.426875
0.439337
0.391752
0.356020
0.399388
0.348060
0.415691
0.411187
0.367282
0.381493
0.391182
0.412059
0.435189
0.423393
0.403690
0.381480
0.396705
0.398335
0.407823
0.399395
0.439652
0.381470
0.333700
0.344788
0.498996
0.327390
0.334748
0.384858
0.383272
0.422644
0.407242
0.424598
0.477305
0.489596
0.515436
0.419206
0.451827
0.417191
0.372709
0.384661
0.534743
0.491615
0.366119
0.369650
0.478210
0.478344
0.441404
0.456642
0.500230
0.429245
0.436123
0.539197
0.430799
0.427564
0.498338
0.518698
0.481615
0.556319
0.532610
0.603413
0.544705
0.564436
0.675711
0.577231
0.595895
0.558364
0.508930
0.582330
0.522926
0.608366
0.582493
0.682709
0.654404
0.645921
0.659450
0.601513
0.672710
0.700287
0.538526
0.580735
0.701524
0.581256
0.673081
0.666984
0.632396
0.605661
0.641097
0.688701
0.659924
0.587523
0.668407
0.714495
0.697037
0.683423
0.621277
0.568903
0.638785
0.589419
0.499936
0.557106
0.661529
0.503416
0.584750
0.512063
0.591628
0.607412
0.545612
0.622834
0.692847
0.591317
0.612650
0.606423
0.643881
0.550576
0.584395
0.542992
0.544280
0.637838
0.591082
0.676593
0.652587
0.565519
0.626003
0.645949
0.572367
0.634314
0.570054
0.542541
0.558572
0.573655
0.612132
0.567843
0.447683
0.545097
0.464427
0.560790
0.613996
0.447781
0.493857
0.511097
0.433396
0.516295
0.502794
0.447990
0.573816
0.440963
0.357909
0.427860
0.395404
0.413152
0.341947
0.345993
0.355632
0.423347
0.417467
0.364831
0.424614
0.402516
0.287509
0.405636
0.426894
0.348532
0.413858
0.290951
0.399078
0.278234
0.274835
0.437727
0.455958
0.417000
0.416090
0.430251
0.322617
0.408424
0.468654
0.418059
0.452347
0.401932
0.342657
0.390018
0.360257
0.404093
0.368505
0.429950
0.449109
0.343203
0.370118
0.434116
0.309979
0.440870
0.482656
0.292667
0.428636
0.341526
0.280780
0.406143
0.268989
0.276161
0.348642
0.398461
0.423155
0.366066
0.360556
0.317118
0.210957
0.352174
0.392334
0.297170
0.262066
0.303653
0.320105
0.332908
0.314547
0.345440
0.324585
0.304312
0.403815
0.287919
0.237549
0.224671
0.249879
0.243333
0.198806
0.296744
0.304000
0.314922
0.212525
0.227656
0.233580
0.197019
0.240942
0.204638
0.179665
0.271306
0.204838
0.165948
0.197413
0.280519
0.227870
0.249096
0.320957
0.210341
0.282000
0.243772
0.221683
0.166420
0.270461
0.173105
0.292673
0.307024
0.258003
0.280455
0.373232
0.336038
0.237079
0.414807
0.454123
0.255277
0.314946
0.338511
0.405794
0.449763
0.463703
0.548485
0.496695
0.493644
0.498680
0.452821
0.421098
0.486912
0.475650
0.408741
0.551473
0.510847
0.516011
0.390054
0.479234
0.459736
0.439058
0.498390
0.431363
0.399562
0.431321
0.350851
0.386498
0.385739
0.425224
0.466856
0.440817
0.334646
0.448743
0.398815
0.375200
0.363090
0.381322
0.410721
0.286889
0.312181
0.322133
0.402426
0.274106
0.319091
0.271254
0.222555
0.339723
0.244097
0.182874
0.347457
0.316766
0.303151
0.246054
0.261198
0.299205
0.258703
0.252421
0.264998
0.251592
0.226349
0.185871
0.275827
0.337905
0.199028
0.250677
0.211133
0.272738
0.309418
0.310634
0.417861
0.366786
0.337746
0.338983
0.274754
0.212314
0.325379
0.337543
0.358193
0.354360
0.270461
0.236862
0.240794
0.219521
0.311928
0.232681
0.215572
0.358109
0.315649
0.223387
0.278782
0.339732
0.270354
0.380276
0.307217
0.245395
0.301299
0.169338
0.249744
0.358989
0.344481
0.276511
0.317832
0.330202
0.388391
0.370835
0.438809
0.411718
0.314441
0.428306
0.377795
0.428262
0.420155
0.432049
0.422117
0.412541
0.470285
0.454189
0.501277
0.570275
0.424295
0.395241
0.454161
0.394265
0.549019
0.471720
0.472447
0.566254
0.540422
0.497210
0.431180
0.408706
0.427312
0.433304
0.421345
0.396971
0.430975
0.372600
0.431486
0.377638
0.415337
0.440789
0.417729
0.504367
0.415954
0.439461
0.496063
0.398257
0.414444
0.405378
0.515141
0.486836
0.375497
0.431127
0.445388
0.354601
0.454426
0.470742
0.429414
0.539393
0.459366
0.517007
0.516878
0.458709
0.445426
0.514358
0.480962
0.486657
0.453874
0.429721
0.518017
0.447592
0.486854
0.470433
0.479112
0.590559
0.485267
0.526578
0.493044
0.540425
0.508950
0.495254
0.545558
0.489261
0.557279
0.560742
0.533710
0.542842
0.635484
0.600397
0.594481
0.653726
0.653427
0.603705
0.670200
0.671283
0.652509
0.657139
0.742507
0.750230
0.733683
0.722031
0.774185
0.773899
0.791289
0.735597
0.725407
0.829271
0.749312
0.625566
0.720756
0.722336
0.755027
0.738602
0.786927
0.727893
0.740928
0.815568
0.850340
0.805336
0.792299
0.763303
0.765644
0.792145
0.776981
0.753947
0.769208
0.749829
0.751159
0.732329
0.805194
0.735443
0.830176
0.805180
0.802865
0.795881
0.779923
0.752208
0.771433
0.829902
0.778709
0.762039
0.803197
0.763547
0.786321
0.796347
0.841305
0.804222
0.714128
0.779391
0.817320
0.777807
0.777396
0.835786
0.839547
0.900506
0.736845
0.811855
0.810129
0.809165
0.725404
0.663676
0.279864
