0.572725
0.367509
0.261129
0.383523
0.345079
0.344651
0.297159
0.348185
0.316396
0.346056
0.387647
0.273586
0.263617
0.230054
0.378852
0.376308
0.266483
0.249956
0.206095
0.255770
0.221538
0.316024
0.393515
0.343371
0.349245
0.288726
0.216156
0.324632
0.230867
0.281866
0.317578
0.370063
0.304641
0.464182
0.292468
0.402248
0.444869
0.296989
0.309445
0.381428
0.352895
0.305664
0.352027
0.312097
0.305781
0.371814
0.339019
0.426691
0.473775
0.372180
0.396516
0.503693
0.417847
0.418803
0.355122
0.377872
0.363810
0.421441
0.462941
0.408885
0.433900
0.416688
0.314807
0.445059
0.392043
0.448683
0.394366
0.464248
0.403908
0.362906
0.350671
0.495409
0.409105
0.391759
0.426828
0.423255
0.408124
0.407633
0.487355
0.426230
0.437072
0.423285
0.379944
0.361885
0.381964
0.469725
0.358779
0.361681
0.448215
0.348832
0.374706
0.347262
0.353789
0.358478
0.397462
0.409572
0.333733
0.295390
0.345612
0.420624
0.400999
0.468305
0.489606
0.394313
0.492180
0.392915
0.360573
0.399121
0.359257
0.412570
0.445273
0.522601
0.524141
0.483615
0.482778
0.583419
0.546078
0.547912
0.521079
0.540223
0.554917
0.459362
0.514571
0.484317
0.523326
0.502750
0.561728
0.577346
0.569850
0.563072
0.586922
0.523119
0.483828
0.590956
0.573152
0.548802
0.513308
0.491931
0.534792
0.473804
0.485059
0.469709
0.492167
0.435248
0.459387
0.502152
0.446900
0.493245
0.446670
0.468250
0.418652
0.409602
0.530399
0.395203
0.461076
0.388358
0.374400
0.437026
0.418971
0.509418
0.450777
0.354972
0.366806
0.391425
0.355608
0.415330
0.383839
0.249150
0.398212
0.268275
0.208440
0.271622
0.232781
0.139692
0.136015
0.277407
0.154640
0.241812
0.199750
0.223541
0.207859
0.213931
0.172734
0.167990
0.162382
0.142527
0.148281
0.101705
0.117012
0.116975
0.184372
0.118192
0.217087
0.096278
0.068640
0.128204
0.116819
0.120705
0.153270
0.218579
0.233553
0.131354
0.063266
0.153662
0.097743
0.128317
0.064795
0.193470
0.102709
0.203398
0.171378
0.204338
0.200932
0.148762
0.173828
0.232604
0.139497
0.001039
0.146435
0.179786
0.132388
0.100287
0.204758
0.155353
0.109225
0.111743
0.108039
0.145242
0.149263
0.086625
0.049348
0.115643
0.088186
0.099820
0.126993
0.038454
0.115953
0.113628
0.050861
0.096429
0.004405
0.098729
0.083621
0.049601
0.062749
0.051463
-0.018755
0.165811
0.094114
-0.033494
0.030302
0.048684
-0.018110
0.006770
0.035672
0.069718
0.099382
0.069283
0.003504
0.052551
0.079561
0.029706
0.076584
0.147256
0.016090
0.020923
-0.017750
0.110463
0.127642
0.010837
0.065532
0.131370
0.114494
0.131026
0.064951
0.001130
0.081621
0.104156
-0.000407
0.159063
0.098644
0.041471
0.087945
0.035797
0.006661
0.055811
0.063055
0.085702
0.034174
0.102267
0.031305
0.058349
0.042847
0.022323
0.071101
0.120399
0.026307
-0.012567
0.056241
0.009784
0.078070
0.058164
0.065621
0.068156
0.062915
0.065533
-0.027238
0.022454
-0.004814
0.020706
0.041787
0.145773
0.038226
-0.010763
0.019797
0.031269
0.123465
-0.014646
-0.006625
0.114736
-0.024177
0.084520
0.001514
0.001634
0.106734
0.031101
0.029369
0.120112
0.034992
0.076446
-0.034322
-0.004258
0.040031
0.010647
-0.010773
0.020726
0.047148
0.038353
-0.061139
-0.001132
0.032656
0.023717
-0.065559
0.152695
-0.068253
-0.011553
-0.026221
0.014842
0.001674
-0.060499
0.067533
0.083960
-0.027846
0.018456
-0.001522
-0.040623
-0.072813
0.047083
-0.020901
0.117128
0.036871
-0.024137
-0.033432
0.051040
-0.006656
-0.028169
-0.026440
0.068063
-0.064332
0.067965
0.007025
-0.027912
-0.018718
0.052793
0.043745
0.094463
0.000062
-0.015365
-0.018919
-0.000463
-0.009930
-0.006431
0.021035
0.077805
0.024143
0.036067
-0.012170
0.005048
0.082234
0.008111
0.024749
0.100264
0.072339
0.022720
0.016758
-0.031062
-0.009902
-0.045956
0.090487
0.075653
-0.021177
0.039448
0.022103
0.060895
0.099070
0.018697
0.016357
0.132800
0.055123
-0.014105
0.033183
0.054741
0.095677
0.069904
0.040777
0.098205
0.132005
0.035472
0.043272
0.095046
0.044296
0.059217
0.067478
0.228225
0.092745
0.107020
0.083213
0.126883
0.031113
0.064800
0.041968
0.130565
0.116650
0.153371
0.042558
0.081794
0.033033
0.101948
-0.005335
0.104422
0.142975
0.096307
0.082231
0.024989
-0.021095
0.051891
0.065756
0.102976
0.091743
0.086092
0.023901
-0.010484
0.075394
0.143016
0.102046
0.114298
0.114498
0.098424
0.095409
0.044252
0.133824
0.096634
0.107760
0.151223
0.199579
0.132177
0.051389
0.091996
0.079164
0.130296
0.183651
0.116538
0.122608
0.119070
0.051329
0.115613
0.078444
0.056146
0.021885
0.055921
0.169875
0.131830
0.066259
0.053370
0.151744
0.166163
0.083922
0.142214
0.095617
0.076153
0.132406
0.041287
0.047623
0.071603
0.150286
0.134742
0.138749
0.185620
0.109324
0.085960
0.166689
0.202478
0.096996
0.148029
0.183836
0.168824
0.129980
0.196485
0.176047
0.039809
0.140338
0.206671
0.123744
0.272636
0.163718
0.208547
0.150916
0.149631
0.127332
0.213245
0.193051
0.185132
0.187799
0.210690
0.209966
0.147018
0.292119
0.200837
0.105535
0.264391
0.213056
0.232510
0.165793
0.215317
0.171112
0.246948
0.313811
0.250269
0.385373
0.237876
0.198963
0.232351
0.300180
0.227533
0.277853
0.351579
0.215658
0.337721
0.275923
0.288350
0.253257
0.236511
0.287364
0.253948
0.114419
0.330380
0.296218
0.198640
0.286951
0.392393
0.230394
0.360532
0.242201
0.261018
0.218565
0.390674
0.338058
0.392967
0.378481
0.330229
0.339745
0.317415
0.233639
0.294560
0.373691
0.353619
0.301584
0.329649
0.292466
0.259057
0.342940
0.378852
0.299229
0.351841
0.362125
0.264709
0.333733
0.328051
0.272826
0.323954
0.281844
0.307423
0.327539
0.299002
0.306147
0.288925
0.204315
0.288422
0.276434
0.277061
0.309683
0.302547
0.261371
0.271969
0.283887
0.198603
0.200080
0.255311
0.222927
0.219384
0.166035
0.228701
0.198997
0.353086
0.246972
0.198892
0.211658
0.153777
0.196293
0.201035
0.228553
0.174010
0.286097
0.306540
0.280441
0.297237
0.259207
0.220046
0.244158
0.291050
0.189537
0.301759
0.256217
0.235515
0.260534
0.277697
0.207773
0.212819
0.174670
0.285965
0.185929
0.223941
0.220347
0.165312
0.192818
0.262410
0.307292
0.189188
0.272012
0.221573
0.160116
0.184153
0.145907
0.132251
0.161574
0.217987
0.274581
0.250751
0.132143
0.157689
0.211229
0.276601
0.240531
0.241842
0.326023
0.164646
0.160430
0.240795
0.268314
0.126855
0.211474
0.275416
0.392117
0.290097
0.232630
0.226491
0.248154
0.292904
0.248445
0.203097
0.320229
0.129444
0.263702
0.315928
0.274476
0.258678
0.244317
0.373555
0.209617
0.342818
0.369847
0.290958
0.215882
0.299840
0.331156
0.283374
0.301547
0.235939
0.312005
0.299626
0.308253
0.245694
0.311104
0.272371
0.341283
0.328927
0.176267
0.246276
0.285587
0.251874
0.158566
0.180374
0.281331
0.175070
0.162582
0.221493
0.253094
0.188095
0.200364
0.225044
0.172469
0.267081
0.200791
0.189870
0.188569
0.170961
0.095798
0.188095
0.210750
0.068544
0.111010
0.154097
0.244502
0.135729
0.151115
0.188458
0.197325
0.219922
0.227426
0.176102
0.182197
0.250801
0.248350
0.178629
0.211899
0.162841
0.173125
0.153048
0.156911
0.185637
0.211554
0.158860
0.277913
0.237321
0.086494
0.205693
0.159043
0.176730
0.173647
0.198912
0.166218
0.196630
0.166410
0.219256
0.149423
0.239578
0.165399
0.129121
0.126291
0.222264
0.187149
0.207524
0.207756
0.261616
0.193004
0.256418
0.274208
0.267827
0.212080
0.138436
0.269884
0.181735
0.291607
0.266969
0.347696
0.276854
0.266332
0.150322
0.215752
0.239810
0.138642
0.195699
0.237082
0.213948
0.162184
0.232869
0.219292
0.189009
0.180060
0.251180
0.191757
0.153777
0.190478
0.274344
0.181584
0.210318
0.094608
0.199109
0.188308
0.162736
0.227310
0.149342
0.196467
0.185644
0.176421
0.166636
0.226378
0.215834
0.078457
0.133254
0.182184
0.276241
0.268271
0.195420
0.335114
0.170842
0.142674
0.120429
0.220127
0.204655
0.263044
0.277520
0.293145
0.253685
0.228818
0.175645
0.216022
0.245710
0.319851
0.233856
0.324393
0.249497
0.218311
0.157328
0.180752
0.233596
0.140473
0.262692
0.188232
0.248575
0.219656
0.349791
0.280827
0.175411
0.235848
0.296660
0.279311
0.231136
0.223413
0.292055
0.304127
0.188554
0.213738
0.335722
0.262886
0.258492
0.269519
0.263846
0.187918
0.275000
0.166714
0.333155
0.319228
0.217531
0.277099
0.214077
0.168662
0.197865
0.263960
0.185009
0.260248
0.282901
0.213614
0.223378
0.138914
0.220469
0.287165
0.225545
0.192661
0.185997
0.116114
0.133603
0.102052
0.215848
0.124642
0.138760
0.209050
0.153418
0.117115
0.043349
0.135559
0.182781
0.178776
0.116579
0.173216
0.121086
0.124283
0.134033
0.131310
0.161163
0.072101
0.194898
0.180401
0.136187
0.146119
0.126162
0.145331
0.168470
0.086277
0.120620
0.109240
0.158923
0.163865
0.154354
0.057593
0.087337
0.134792
0.156351
0.042096
0.149045
0.092418
0.039780
0.070854
0.198548
-0.019296
0.162719
0.183818
0.119671
0.092565
0.149331
0.131471
0.101901
0.110747
0.173033
0.129356
0.136070
0.106103
0.136893
0.129505
0.054537
0.072884
0.214933
0.131466
0.010260
0.053803
0.044129
0.074788
0.072858
0.045767
0.123033
0.020976
0.089488
0.017633
0.042647
0.069215
0.086778
0.034265
0.111132
0.090019
-0.008088
0.057124
0.034176
0.066536
0.031702
0.067766
0.033534
0.169909
0.020576
0.008832
-0.013879
-0.010935
0.142893
0.055366
0.075325
0.097159
0.059438
0.042731
0.024711
0.006239
0.011352
0.044506
0.062429
0.016270
0.113951
0.005884
0.042133
0.121429
0.042555
0.081137
0.076747
0.052047
0.073269
0.053719
0.031569
0.063267
-0.006614
-0.024332
0.045290
0.071374
0.025098
-0.014534
0.042833
0.059736
0.017932
-0.013179
-0.079823
0.188615
-0.006214
-0.129876
0.094396
-0.045823
0.048912
0.051071
0.243436
