0.576647
0.476629
0.185838
0.381207
0.389103
0.343799
0.129388
0.280654
0.459800
0.247038
0.382423
0.258758
0.309547
0.279777
0.337151
0.339039
0.253460
0.289425
0.310112
0.295728
0.326780
0.438879
0.385605
0.410912
0.384930
0.358739
0.383778
0.315484
0.392119
0.336346
0.470370
0.439857
0.421036
0.479627
0.456444
0.474107
0.356785
0.455508
0.411844
0.368092
0.477573
0.459616
0.372826
0.414315
0.320632
0.389648
0.365771
0.441401
0.419794
0.418704
0.398423
0.385933
0.398544
0.419532
0.287379
0.348803
0.433421
0.288222
0.433880
0.314910
0.370865
0.298363
0.385219
0.340659
0.387838
0.311517
0.317272
0.255059
0.308073
0.385556
0.353960
0.361607
0.429210
0.310661
0.452600
0.312845
0.297223
0.355113
0.342993
0.412681
0.397107
0.458306
0.449550
0.478671
0.434822
0.473504
0.426420
0.489477
0.556364
0.516963
0.583721
0.497060
0.492036
0.503865
0.569548
0.635890
0.493804
0.592279
0.620344
0.677719
0.564613
0.560647
0.529620
0.609936
0.647995
0.623625
0.664707
0.657602
0.691818
0.675677
0.653366
0.689290
0.661230
0.613266
0.624105
0.705056
0.644156
0.680778
0.637280
0.640836
0.746369
0.675595
0.567664
0.761135
0.761635
0.669912
0.666973
0.717227
0.648439
0.698675
0.723543
0.704929
0.612730
0.681733
0.634096
0.682355
0.745999
0.690318
0.687816
0.752138
0.682871
0.686382
0.681819
0.698825
0.661666
0.690184
0.703263
0.701304
0.695769
0.701309
0.703310
0.715123
0.760926
0.737427
0.674581
0.758698
0.713251
0.724956
0.735345
0.767276
0.698053
0.676384
0.761741
0.785642
0.713295
0.791816
0.710621
0.722385
0.786239
0.750747
0.794143
0.746874
0.710084
0.697610
0.721857
0.747058
0.646008
0.767130
0.738935
0.761250
0.752817
0.751786
0.721567
0.716090
0.801829
0.694340
0.691207
0.677159
0.676516
0.674304
0.709765
0.676450
0.684028
0.676174
0.704537
0.743649
0.722747
0.757008
0.716752
0.700338
0.757797
0.692344
0.657659
0.722144
0.706989
0.731055
0.719876
0.778257
0.741671
0.706094
0.741450
0.737053
0.740123
0.726096
0.691945
0.709267
0.718628
0.754121
0.726751
0.676841
0.727230
0.741520
0.714011
0.681472
0.669846
0.613039
0.648260
0.677316
0.609456
0.639176
0.605672
0.557221
0.728499
0.610790
0.462931
0.609811
0.617750
0.584686
0.527619
0.614377
0.561576
0.514862
0.566305
0.475774
0.533536
0.508764
0.470646
0.403623
0.531732
0.396293
0.412989
0.453172
0.323791
0.387931
0.318855
0.415153
0.291271
0.414109
0.352944
0.374815
0.280684
0.304222
0.254069
0.355678
0.391212
0.134793
0.246225
0.255785
0.217683
0.249931
0.211233
0.274188
0.221360
0.230915
0.205822
0.262399
0.224374
0.232509
0.265285
0.208369
0.230373
0.134853
0.108494
0.157665
0.207464
0.077685
0.139972
0.152349
0.236654
0.212412
0.162882
0.184003
0.190128
0.249091
0.119272
0.140779
0.154908
0.095819
0.100837
0.124531
0.124406
0.127064
0.085614
0.128757
0.191236
0.193008
0.087302
0.239536
0.123520
0.233339
0.325959
0.209995
0.204456
0.227474
0.176023
0.237571
0.259253
0.158070
0.211068
0.355520
0.283601
0.355131
0.326366
0.364597
0.316074
0.364810
0.371355
0.400163
0.415386
0.254548
0.343832
0.328942
0.303174
0.318320
0.367148
0.517370
0.416210
0.431571
0.433746
0.481795
0.480043
0.301804
0.295013
0.418997
0.440745
0.279956
0.281228
0.213163
0.354039
0.360841
0.338347
0.186015
0.194690
0.252803
0.186574
0.254804
0.152685
0.268865
0.321945
0.160353
0.276429
0.194023
0.059062
0.150374
0.120823
0.110118
0.121817
0.213072
0.223886
0.229314
0.176616
0.239288
0.227323
0.215080
0.251850
0.223340
0.273613
0.218989
0.193798
0.249121
0.153160
0.179556
0.125788
0.246125
0.261277
0.185131
0.252195
0.210817
0.210549
0.279346
0.260224
0.215935
0.260908
0.089837
0.138837
0.201675
0.192262
0.216806
0.250266
0.314175
0.295683
0.214844
0.170658
0.285404
0.226551
0.217486
0.226894
0.207867
0.195213
0.221000
0.210283
0.144544
0.171497
0.188889
0.175712
0.208109
0.175297
0.233241
0.193064
0.161032
0.164732
0.061966
0.118214
0.198891
0.125114
0.149784
0.078793
0.116662
0.170769
0.110100
0.106208
0.141667
0.171569
0.144003
0.075542
0.155335
0.142147
0.203768
0.230321
0.147045
0.159765
0.097335
0.074977
0.162313
0.137336
0.192007
0.061393
0.203511
0.192318
0.203907
0.150365
0.222798
0.246598
0.195394
0.127703
0.252118
0.247141
0.173311
0.208662
0.158132
0.241995
0.165236
0.259752
0.266541
0.228812
0.248440
0.211720
0.237803
0.257889
0.299928
0.191346
0.257509
0.236464
0.259008
0.220434
0.259171
0.261500
0.208556
0.162529
0.318639
0.223794
0.315987
0.303798
0.294344
0.253442
0.303701
0.330419
0.320294
0.411057
0.341132
0.360578
0.383584
0.356257
0.371638
0.349465
0.457807
0.390881
0.515950
0.446597
0.506687
0.472345
0.564911
0.528877
0.498206
0.669666
0.555408
0.477006
0.507019
0.557582
0.529784
0.634781
0.612413
0.608086
0.568006
0.550923
0.617576
0.582502
0.493524
0.510908
0.583027
0.633677
0.613519
0.542953
0.567422
0.539048
0.527137
0.537359
0.510669
0.551552
0.479968
0.472168
0.507422
0.474064
0.415945
0.470606
0.388180
0.505736
0.346793
0.287565
0.329222
0.336559
0.359345
0.412220
0.350019
0.213357
0.343772
0.327379
0.286966
0.311132
0.385454
0.414665
0.276557
0.345235
0.306786
0.280791
0.384523
0.396389
0.348163
0.369381
0.454276
0.446847
0.449177
0.429617
0.410429
0.358585
0.545827
0.473594
0.343238
0.554284
0.486099
0.332840
0.413637
0.393611
0.438562
0.409591
0.401241
0.489413
0.472561
0.518162
0.490138
0.528641
0.519250
0.474429
0.501691
0.524092
0.429560
0.483862
0.347003
0.497133
0.403942
0.443135
0.506293
0.379620
0.394936
0.449523
0.429937
0.471958
0.437070
0.414606
0.430638
0.531249
0.477755
0.373672
0.400708
0.345105
0.428066
0.445367
0.497266
0.466688
0.461019
0.443954
0.433573
0.368712
0.463369
0.519554
0.483372
0.433818
0.420939
0.415037
0.386343
0.477496
0.426009
0.432938
0.419004
0.435552
0.372551
0.319283
0.384539
0.320488
0.423650
0.450079
0.404242
0.495923
0.355112
0.368498
0.425949
0.318917
0.275412
0.266395
0.446215
0.369977
0.343474
0.498414
0.469486
0.403257
0.427795
0.387356
0.345102
0.364535
0.343877
0.350536
0.425455
0.471469
0.309703
0.296331
0.349326
0.310807
0.351589
0.313370
0.292329
0.312217
0.358751
0.441092
0.278734
0.453556
0.301408
0.250683
0.342715
0.261906
0.349780
0.366721
0.444983
0.415583
0.443232
0.372550
0.408690
0.346476
0.400273
0.397535
0.356886
0.438606
0.378945
0.405354
0.323392
0.311307
0.348021
0.312862
0.384475
0.319453
0.445258
0.328751
0.319843
0.364212
0.332558
0.252223
0.311727
0.237846
0.261927
0.346095
0.246740
0.184985
0.188695
0.250394
0.171168
0.237295
0.164801
0.202267
0.245943
0.173230
0.327138
0.197633
0.170514
0.102133
0.133825
0.105161
0.184484
0.161850
0.098485
0.133837
0.204937
0.088783
0.237941
0.125081
0.116815
0.150772
0.153690
0.130252
0.172256
0.170858
0.067610
0.139324
0.085787
0.144697
0.049493
0.241239
0.158010
0.165214
0.102479
0.091353
0.126065
0.156377
0.166371
0.082085
0.147492
0.183398
0.106580
0.097188
0.030233
0.025373
0.059348
0.047138
0.128285
0.036414
0.066295
0.071768
0.004354
0.032027
0.087015
0.070103
0.111383
0.107262
-0.010710
0.016179
0.023307
0.057543
0.017787
0.029664
0.069467
0.068203
0.068868
-0.031993
0.066899
0.031836
-0.014223
0.009517
0.125283
-0.000600
0.000945
0.058383
-0.031193
-0.024818
0.020477
0.040161
0.102532
0.043432
0.053617
0.014621
0.041698
0.055295
0.043758
0.017652
0.080488
0.066416
0.056297
0.010185
0.038488
0.026540
-0.048457
0.055434
0.110878
-0.003701
0.087317
0.026213
0.012636
0.025620
0.028335
0.070112
0.077311
0.066093
0.072889
0.061048
0.056048
0.033891
0.008141
0.028619
0.080594
0.005874
0.108944
0.023693
-0.017753
0.100180
0.010752
0.059268
0.101936
0.058115
0.085479
0.054488
-0.006590
0.039465
0.031569
0.009402
0.006130
0.094313
0.068864
0.045419
0.067204
0.118779
0.068251
0.092886
0.108377
0.082572
0.051485
0.050585
0.091578
0.118145
0.036815
0.095295
0.210358
0.204821
0.164144
0.152836
0.279678
0.194527
0.301552
0.264711
0.259139
0.213470
0.227859
0.237990
0.261339
0.253374
0.261745
0.267129
0.363448
0.377688
0.344503
0.275971
0.329899
0.366622
0.382890
0.312665
0.310975
0.443176
0.304294
0.362567
0.364725
0.331500
0.402480
0.441896
0.461654
0.407748
0.434288
0.419777
0.443680
0.455151
0.456329
0.454673
0.491391
0.561451
0.478375
0.473282
0.453440
0.455311
0.450771
0.491451
0.507739
0.548841
0.538698
0.497853
0.511875
0.511194
0.552502
0.482161
0.510438
0.582194
0.533048
0.478303
0.477910
0.540333
0.533262
0.558161
0.616336
0.652619
0.509802
0.563250
0.491768
0.593403
0.562028
0.480806
0.475431
0.577180
0.474113
0.393361
0.480969
0.404561
0.473417
0.416363
0.442871
0.416977
0.391417
0.320133
0.391546
0.335435
0.417661
0.378895
0.412164
0.438678
0.410981
0.262296
0.239781
0.356347
0.251218
0.246648
0.270491
0.344042
0.304138
0.377220
0.375124
0.289554
0.317400
0.308445
0.288510
0.386883
0.415462
0.340825
0.329877
0.302991
0.293130
0.332746
0.430647
0.419164
0.454944
0.403612
0.381281
0.342460
0.376208
0.269156
0.302024
0.385179
0.278979
0.360656
0.304161
0.339764
0.306239
0.233751
0.289429
0.338991
0.306163
0.304354
0.318025
0.367265
0.324827
0.303190
0.276958
0.438449
0.241723
0.245218
0.270579
0.375693
0.325092
0.337192
0.399926
0.323564
0.380502
0.375076
0.351163
0.358361
0.375262
0.351961
0.349469
0.331660
0.243351
0.269592
0.247277
0.310970
0.237490
0.305022
0.393898
0.372355
0.299746
0.392569
0.393600
0.266304
0.371639
0.330867
0.222301
0.537559
0.185688
0.158104
0.464855
0.343683
0.340363
0.326001
0.269391
