0.645858
0.704667
0.655847
0.797733
0.765483
0.741186
0.690748
0.715956
0.776187
0.700394
0.681628
0.645029
0.686261
0.758155
0.731922
0.772123
0.701717
0.717148
0.751664
0.751123
0.716210
0.721298
0.684562
0.732259
0.743416
0.762856
0.785225
0.781683
0.772555
0.735987
0.780952
0.776932
0.733636
0.777441
0.786885
0.811698
0.823716
0.817703
0.811753
0.847944
0.832636
0.774059
0.780943
0.771420
0.744667
0.752638
0.748576
0.755226
0.749373
0.668813
0.692217
0.722851
0.700060
0.744843
0.723441
0.651572
0.721281
0.655387
0.564625
0.683002
0.654223
0.672999
0.708786
0.720785
0.676054
0.543437
0.643811
0.635624
0.584090
0.661176
0.557803
0.513020
0.588910
0.547626
0.452664
0.555306
0.549063
0.470795
0.498246
0.469580
0.483787
0.409415
0.449200
0.506287
0.496993
0.453226
0.480575
0.520260
0.503552
0.427019
0.379291
0.418093
0.461444
0.417823
0.432395
0.476539
0.432394
0.447950
0.420220
0.428788
0.468916
0.430923
0.465855
0.374578
0.411820
0.269716
0.243294
0.343321
0.344519
0.294389
0.329302
0.397732
0.373411
0.302641
0.380367
0.348670
0.332452
0.347385
0.423282
0.293317
0.346809
0.308737
0.271849
0.290157
0.171992
0.211870
0.269430
0.376381
0.248564
0.379872
0.336445
0.379097
0.271699
0.264912
0.303090
0.318709
0.234485
0.213738
0.263579
0.258467
0.256641
0.250724
0.297575
0.305223
0.301199
0.269884
0.254979
0.338849
0.314486
0.243569
0.234692
0.338836
0.247319
0.238514
0.234394
0.219248
0.206742
0.136127
0.231288
0.191162
0.157720
0.259170
0.184890
0.145045
0.245747
0.240627
0.256445
0.240446
0.182931
0.216649
0.187428
0.226258
0.232806
0.182680
0.274260
0.365101
0.292146
0.346725
0.209616
0.283444
0.224598
0.372143
0.340501
0.386461
0.383716
0.270223
0.289684
0.326718
0.324429
0.275507
0.336320
0.327661
0.322217
0.323636
0.223215
0.289227
0.232320
0.355478
0.273692
0.262654
0.378718
0.293782
0.212376
0.281097
0.310956
0.252872
0.248894
0.312241
0.301659
0.156522
0.165933
0.294569
0.189219
0.276996
0.191228
0.270464
0.264181
0.154717
0.259814
0.189892
0.156902
0.210760
0.187316
0.237085
0.231926
0.235982
0.133478
0.159353
0.215364
0.202688
0.235421
0.219111
0.229422
0.226955
0.193120
0.217512
0.150125
0.128515
0.180753
0.198560
0.283298
0.269979
0.240619
0.256799
0.253647
0.319306
0.302951
0.273840
0.392495
0.278382
0.253050
0.300696
0.267268
0.356170
0.331172
0.354457
0.431536
0.328687
0.381796
0.298106
0.316034
0.354817
0.438624
0.397420
0.408678
0.394737
0.423456
0.466497
0.390565
0.437856
0.439799
0.536928
0.550264
0.576258
0.554907
0.495264
0.563921
0.552948
0.453967
0.565496
0.684900
0.589973
0.597615
0.544106
0.563586
0.631391
0.555286
0.641515
0.577338
0.605174
0.704299
0.699550
0.662591
0.669698
0.622497
0.604374
0.758444
0.697571
0.646156
0.682563
0.669871
0.705592
0.774375
0.791894
0.746222
0.722085
0.765671
0.725355
0.759087
0.686110
0.622623
0.685599
0.694906
0.669325
0.717149
0.728749
0.720256
0.742598
0.684354
0.629307
0.658260
0.539026
0.570992
0.573749
0.632387
0.560268
0.519526
0.471733
0.588431
0.588145
0.556189
0.520644
0.496254
0.569914
0.559003
0.567718
0.582997
0.531963
0.576834
0.443360
0.456820
0.563742
0.438190
0.545332
0.609906
0.462695
0.489613
0.524845
0.421536
0.412062
0.451652
0.470730
0.402483
0.472291
0.504353
0.509194
0.490874
0.464478
0.381463
0.489328
0.530380
0.462191
0.420614
0.459435
0.463069
0.503507
0.415589
0.541681
0.511079
0.554415
0.565442
0.556461
0.519484
0.529528
0.493796
0.520587
0.452364
0.435310
0.419308
0.433641
0.451981
0.465968
0.442949
0.446557
0.431841
0.481690
0.300962
0.340062
0.368589
0.340333
0.319338
0.416912
0.389079
0.255465
0.287544
0.255274
0.247525
0.312319
0.258677
0.271047
0.217170
0.217561
0.162125
0.187412
0.104509
0.235777
0.226015
0.187007
0.260697
0.155441
0.096092
0.159854
0.113654
0.108389
0.123386
0.129797
0.172775
0.235987
0.190905
0.195569
0.193098
0.197449
0.201531
0.161314
0.214891
0.193165
0.133452
0.147097
0.056379
0.091077
0.081174
0.139683
0.198232
0.182157
0.161861
0.144330
0.208640
0.183546
0.205320
0.235163
0.237972
0.101082
0.050398
0.138463
0.123987
0.118477
0.107714
0.201728
0.198002
0.148449
0.027427
0.108375
0.146202
0.236824
0.104056
0.171781
0.162088
0.087416
0.028574
0.093593
0.155120
0.125212
0.040556
0.154321
0.080880
0.166614
0.100001
0.126568
0.086332
0.170351
0.095155
0.166879
0.067173
0.040043
0.070273
0.078978
0.159077
0.077732
0.158266
0.103759
0.158920
0.092255
0.049171
0.079806
0.069820
0.128495
0.058678
0.144296
0.136147
0.139978
0.089259
0.080258
0.060785
0.076505
0.057901
0.051290
0.143485
0.139764
0.015166
0.032730
0.075933
0.141974
-0.028448
0.111210
0.189064
0.017145
0.008273
0.067831
0.043073
0.001234
0.069384
0.148072
0.046181
0.057620
0.023581
0.058843
0.062040
0.012399
0.068531
0.102898
0.141112
0.002684
0.035052
0.047262
-0.075392
0.096243
0.004021
0.009637
0.156414
0.024950
-0.013293
0.030210
-0.021173
0.060517
-0.016588
0.113373
0.077063
0.087529
0.049055
0.109616
0.004823
-0.021370
-0.025967
0.096864
0.065679
0.103221
0.046951
0.063094
0.053777
0.143128
0.055488
0.117592
0.093763
0.078394
0.096672
0.126789
0.171207
0.067671
0.106359
0.140857
0.150558
0.172916
0.146628
0.114610
0.151910
0.183952
0.202788
0.191838
0.154183
0.227391
0.189603
0.226565
0.227711
0.161168
0.188777
0.229552
0.251358
0.249924
0.190080
0.159588
0.204853
0.160096
0.231560
0.229360
0.129024
0.143106
0.183952
0.246910
0.201174
0.207115
0.223237
0.253921
0.127101
0.129422
0.098417
0.173731
0.164491
0.169817
0.171884
0.168234
0.149188
0.119209
0.166001
0.120788
0.051555
0.085805
0.149325
0.083773
0.109084
0.197438
0.086628
0.149706
0.171154
0.117563
0.081667
0.145632
0.127287
0.072749
0.067048
0.129530
0.167341
0.169313
0.174250
0.118506
0.207490
0.103058
0.070347
0.070950
0.137391
0.163144
0.090831
0.163923
0.250994
0.175915
0.190358
0.123970
0.147097
0.112749
0.230407
0.172100
0.171377
0.299771
0.180786
0.186821
0.258559
0.136423
0.173166
0.179566
0.172973
0.067442
0.116127
0.134553
0.180939
0.134959
0.213173
0.197990
0.233122
0.205372
0.145841
0.169756
0.117755
0.173413
0.191960
0.231014
0.159356
0.195539
0.156011
0.236898
0.156587
0.194496
0.114294
0.170731
0.029825
0.183131
0.165811
0.177812
0.160944
0.204427
0.179185
0.150684
0.174491
0.175785
0.109795
0.153818
0.105479
0.117193
0.131054
0.131107
0.204734
0.184130
0.092113
0.063963
0.041631
0.104689
0.100753
0.118666
0.152817
0.063166
0.123673
0.069629
-0.001783
0.105751
0.043868
0.085585
0.113824
0.104070
-0.013899
0.013716
0.054878
0.063683
0.056389
0.142154
0.065324
0.016769
0.015269
-0.004490
-0.013213
0.005678
0.098778
0.064237
0.059057
0.081074
0.031192
0.039527
-0.001566
0.092145
-0.002250
0.089375
0.103302
0.016791
0.045122
0.040423
0.058405
-0.007773
0.045208
0.083376
0.084480
0.127555
0.023574
0.041278
0.050393
0.096754
0.032793
0.087855
0.139956
0.019853
0.060634
0.075729
0.095538
0.033883
0.059318
0.063737
0.167748
0.046840
0.017749
0.080819
0.035949
0.034818
0.064149
0.131153
0.107811
0.034534
0.070711
0.069612
0.072811
0.063425
0.091688
0.121332
0.121564
0.044408
0.019088
0.068909
0.078263
0.065982
-0.004800
0.141799
0.119822
0.040219
0.013465
0.107249
0.053786
0.038640
-0.000443
0.111685
0.073396
0.138996
0.097534
0.082453
0.025717
0.097184
0.044233
0.096409
0.075403
0.044561
0.025304
0.016742
0.059255
0.039645
0.100622
0.119080
0.045984
0.201282
0.162968
0.132830
0.082549
0.213324
0.143664
0.119509
0.210905
0.157950
0.121417
0.134260
0.115480
0.128181
0.066801
0.108241
0.139831
0.148334
0.121370
0.117826
0.131026
0.143910
0.118629
0.179373
0.124599
0.145763
0.138184
0.114768
0.134529
0.111832
0.121820
0.174307
0.189385
0.136208
0.159693
0.161391
0.163997
0.223550
0.191827
0.156187
0.184932
0.196217
0.109557
0.083737
0.170021
0.072507
0.275601
0.189036
0.245622
0.248969
0.164902
0.096162
0.133502
0.193877
0.073952
0.240137
0.150117
0.128195
0.083668
0.141720
0.098009
0.053158
0.127752
0.137871
0.073006
0.152858
0.131128
0.146331
0.154178
0.141692
0.055200
0.122068
0.112232
0.049157
0.087178
0.047184
0.094596
0.081617
0.084709
0.118196
0.126122
0.100731
0.034783
0.067208
0.048768
0.127730
-0.000230
0.027175
0.221939
0.151015
0.095495
0.080931
0.066968
0.120406
0.092465
0.212765
0.118379
0.202861
0.188085
0.148823
0.174479
0.175554
0.065335
0.181962
0.189229
0.152991
0.154676
0.193930
0.104299
0.134201
0.192856
0.198106
0.095945
0.182185
0.181023
0.110880
0.085012
0.145859
0.176982
0.202688
0.085101
0.098768
0.158056
0.163228
0.238272
0.143672
0.124155
0.131415
0.180992
0.157415
0.080718
0.116636
0.115263
0.195828
0.145509
0.152894
0.150622
0.010193
0.196695
0.103728
0.101838
0.185086
0.148605
0.186213
0.192106
0.218125
0.153682
0.177318
0.217644
0.256327
0.268369
0.227776
0.345581
0.257425
0.216460
0.265821
0.334792
0.275685
0.319572
0.366360
0.382218
0.293809
0.440565
0.330393
0.335559
0.441845
0.486554
0.444041
0.450685
0.394268
0.303513
0.410943
0.386686
0.429251
0.451265
0.537301
0.531740
0.555900
0.573195
0.516700
0.499097
0.560342
0.586544
0.565486
0.627814
0.572511
0.507568
0.533701
0.564818
0.573300
0.589634
0.626161
0.613457
0.603776
0.631057
0.604280
0.626337
0.628975
0.555078
0.651487
0.687784
0.706942
0.633262
0.711124
0.650969
0.647969
0.713092
0.779435
0.678585
0.657996
0.709856
0.763677
0.718495
0.757008
0.809577
0.797760
0.873813
0.733567
0.777951
0.791113
0.788493
0.654489
0.644763
0.273318
