0.528104
0.244043
0.167432
0.151766
0.121264
0.176087
-0.066535
0.041623
0.119714
0.123483
0.040432
0.030773
0.113464
0.067687
0.071837
0.090078
0.053824
0.083970
0.007225
0.070995
0.041811
0.044843
-0.058890
0.115321
0.111025
-0.007612
0.015578
0.057319
-0.017659
-0.003736
0.029051
0.087838
-0.003000
0.084583
-0.024169
0.033810
-0.004724
-0.000136
-0.074403
0.129651
-0.003686
0.012157
0.003421
0.026828
0.008631
0.000883
-0.024243
0.079611
0.039620
0.036512
-0.000100
0.013116
0.040262
0.046794
-0.010226
0.144186
-0.026188
0.024468
0.051239
0.023966
-0.122789
0.028330
0.024066
0.041003
-0.007537
0.087533
-0.025773
-0.011214
-0.006068
0.017191
0.053696
0.091599
-0.015639
0.032656
-0.000456
-0.027161
0.009765
0.020639
-0.026918
0.057244
-0.030540
0.064701
0.027852
0.005890
0.084620
0.015532
0.003185
0.099418
0.015868
0.011186
0.049151
-0.045430
0.011423
0.000205
0.046256
0.066278
0.005102
0.099851
0.068026
0.047573
0.023117
0.070601
0.065557
0.116846
0.063429
0.023895
0.017084
0.042341
0.127181
0.016824
0.021103
0.133257
0.069774
0.058167
-0.012273
0.029263
0.079100
0.154689
0.012907
0.104738
0.139137
0.081242
0.004115
0.068930
0.016435
0.065452
0.016965
0.089281
0.041898
0.051024
0.085700
0.095220
0.011192
0.022399
0.088023
0.108713
0.030528
0.032733
0.004596
0.010693
0.050844
0.007411
0.041378
0.074801
0.084697
0.043291
0.019359
0.009445
-0.000999
0.064074
0.066671
0.118739
0.065857
0.053542
0.017581
0.056946
0.005677
0.014213
0.067429
0.114154
0.043989
0.071374
0.042442
0.033359
-0.021526
0.054695
-0.008393
0.092508
0.064256
0.026939
0.044926
0.046690
0.011030
0.002413
0.012497
0.056870
-0.049434
0.075562
-0.006762
0.007171
0.014110
0.055765
-0.014639
0.107791
0.020723
0.026611
-0.014293
-0.003759
-0.007064
-0.022619
0.020357
0.085654
-0.036931
0.075715
0.029126
0.011135
-0.037239
-0.007141
0.068999
0.127341
0.023997
-0.054155
0.044588
0.053790
0.004460
-0.015228
0.093273
0.071127
0.081174
0.032557
-0.024131
0.038370
0.008577
0.044136
0.035677
0.157778
0.026907
0.030639
-0.033417
0.066494
0.069923
-0.016199
0.018238
0.096211
0.012650
0.057078
0.008242
0.026250
0.027700
0.045750
0.054805
0.114798
0.041709
-0.002012
0.049347
0.058907
0.082509
-0.028067
0.047692
0.099178
0.007248
0.025296
0.037982
-0.014472
-0.001989
0.059115
0.030720
0.133580
0.032785
0.053796
0.075572
0.039173
0.017908
0.010741
0.083282
0.087351
0.044211
0.099395
0.026801
0.083731
0.013453
0.043079
0.111802
0.112763
0.065828
0.043822
0.073712
0.040409
0.063731
0.064442
0.072933
0.106173
0.033247
0.077925
0.147179
0.078461
0.051219
0.210166
0.144876
0.145775
0.134552
0.165080
0.124898
0.134374
0.102238
0.071316
0.054290
0.228811
0.226736
0.204884
0.095679
0.139348
0.153835
0.122172
0.136463
0.190398
0.071301
0.062362
0.115614
0.105199
0.065405
0.072750
0.134820
0.139487
0.125006
0.136468
0.034202
0.039693
0.052034
0.039290
0.081496
0.129884
0.074229
-0.015389
-0.001527
0.088661
0.023345
0.036833
0.041299
0.090958
0.084391
0.170101
0.054180
0.076307
0.061529
0.028104
0.070915
0.130805
0.005984
0.000915
0.069353
0.111013
0.120287
-0.007217
0.129362
0.113666
0.142975
0.096213
0.028946
0.090657
0.111316
0.164124
0.073139
0.164011
0.164198
0.094576
0.144540
0.143830
0.132469
0.088978
0.080886
0.147588
0.122687
0.126863
0.087126
0.121976
0.118449
0.121121
0.095995
0.090250
0.201876
0.162294
0.063331
0.115661
0.088348
0.102550
0.020873
0.062271
0.130386
0.091286
0.045571
0.034811
0.075842
0.047576
0.082183
0.062714
0.168379
0.058772
0.006429
0.122916
-0.006317
-0.013668
0.054370
0.108066
0.051197
0.100907
0.055202
0.035135
0.049826
0.060283
0.070157
0.091094
0.102186
0.032498
0.031616
0.066163
0.072412
0.030839
0.047403
0.079006
0.063542
0.114496
0.031166
0.099109
0.095190
0.062363
0.012925
0.108274
0.042382
0.049147
0.071997
0.015682
0.028327
0.113546
0.031842
0.052097
0.126889
0.051146
-0.012249
0.020972
0.033368
0.044509
-0.002643
0.101640
0.144270
0.005444
-0.039337
0.050588
0.026066
0.046543
0.079511
0.094436
0.091876
0.071960
-0.017860
0.054402
-0.033093
0.077041
0.049297
0.097240
0.071122
0.059092
0.034069
-0.007350
-0.003896
0.027006
-0.045817
0.059483
0.067966
0.013331
0.010385
0.046042
0.006264
0.040322
-0.034864
0.079948
0.065927
-0.007584
0.019640
0.012563
-0.009424
-0.008078
0.013110
0.065976
0.026730
0.003577
-0.012623
0.024144
0.030487
-0.034468
0.013315
0.091271
0.008206
-0.001980
0.061101
0.027279
-0.015424
-0.011014
0.012318
0.065052
0.040601
0.056529
-0.008662
0.021302
0.040355
0.082660
0.036570
0.075957
0.033138
0.037375
0.063434
0.086129
0.056420
0.024886
0.022635
0.082729
0.058531
0.061292
0.017376
0.019081
0.081127
0.045126
0.021163
0.131531
0.068666
0.097704
0.011031
0.045541
0.026203
-0.020074
0.056632
0.080195
0.022202
0.093318
0.034541
0.002523
0.068344
0.073368
0.100651
0.116193
0.059306
0.028547
-0.027719
0.016270
0.087508
0.033822
0.060519
0.139470
-0.022080
0.105118
0.068400
0.048147
0.003551
0.061362
0.111996
0.094331
0.056026
0.087373
0.045326
0.014721
0.100647
0.032577
0.112785
0.116371
0.036937
0.139977
0.067804
0.074861
0.074277
0.100930
0.055179
0.106123
0.146381
0.059986
0.006468
0.024410
0.053454
0.025450
0.101157
0.131435
0.013940
0.127693
0.062031
0.085387
0.062224
0.068147
0.082932
0.114415
0.041690
0.057499
0.051100
0.044776
0.048991
0.007159
0.070619
0.130996
0.009245
0.063522
0.066759
0.071772
0.014302
0.046727
0.087862
0.114708
0.024913
0.016148
0.010356
-0.000617
0.056511
0.010079
0.060902
0.059169
0.030066
0.040583
0.009480
0.012556
0.018292
0.019647
0.016008
0.118930
0.024497
-0.007680
-0.006504
0.029166
0.038529
-0.018066
0.071235
0.074875
0.023103
0.068801
-0.010628
0.054112
0.039308
0.112225
0.052456
0.032747
0.096362
0.095817
0.002296
0.058682
0.106403
0.021214
0.079235
0.099672
0.030524
0.041849
0.057278
0.100700
0.040176
0.039906
0.067434
0.100316
0.084706
0.081736
0.067459
0.080762
0.041823
0.009510
0.031985
0.122630
0.082520
0.090078
-0.027090
0.103686
0.039360
0.062221
0.068578
0.116499
0.011141
0.072492
0.034042
0.055200
0.025651
0.019281
0.029544
0.027822
0.047829
0.088445
-0.022019
0.049585
0.080559
0.029056
0.054078
0.103809
0.023684
0.021156
0.034745
0.016106
0.052159
-0.022990
0.089862
0.092798
0.116547
0.058557
-0.038293
0.022651
0.045276
0.080182
0.057318
0.088143
0.076100
0.062470
0.017335
0.055077
0.097283
-0.031805
0.026817
0.109367
0.067778
0.068027
0.022874
0.086481
0.028866
0.012913
0.120706
0.063706
0.101345
0.092152
0.017865
0.052897
0.100905
0.008230
0.080794
0.101351
0.041597
0.073111
0.054003
0.038483
0.116533
0.095028
0.100541
0.166863
0.096449
0.061333
0.073555
0.093002
0.030191
-0.002929
0.073125
0.114786
0.037175
0.145199
0.136971
0.109271
0.085228
0.148407
0.176630
0.152472
0.191784
0.113644
0.135432
0.155719
0.077291
0.110870
0.144131
0.198439
0.205410
0.211731
0.126241
0.119459
0.165906
0.235105
0.108739
0.177628
0.200519
0.116955
0.184187
0.156682
0.125117
0.076682
0.129296
0.142137
0.120380
0.154529
0.030271
0.095395
0.111312
0.165508
0.137972
0.212025
0.124936
0.087875
0.118517
0.076578
0.168266
0.061067
0.193739
0.104966
0.199820
0.113532
-0.003986
0.044920
0.067748
0.168933
0.143192
0.180793
0.068257
0.080549
0.069767
0.110168
0.103890
0.058651
0.109103
0.155344
0.057263
0.185332
0.142113
0.084815
0.081295
0.148097
0.186287
0.143492
0.181896
0.054001
0.063831
0.113407
0.145410
0.081389
0.086559
0.172855
0.083717
0.104775
0.118313
0.214559
0.157114
0.220738
0.143829
0.159847
0.234263
0.088446
0.122761
0.199815
0.239668
0.085029
0.127306
0.288810
0.184731
0.272607
0.187699
0.120603
0.134179
0.265551
0.215001
0.205526
0.188679
0.140350
0.152291
0.180568
0.067198
0.095511
0.276686
0.163577
0.081910
0.241502
0.099643
0.182441
0.094229
0.161620
0.171186
0.136236
0.111571
0.089418
0.014926
0.102335
0.160287
0.107452
0.009319
0.074172
0.175125
0.118411
0.020910
0.081442
0.031041
0.183878
0.075315
0.139314
0.146149
0.049584
0.078611
0.091778
0.168101
0.086563
0.061287
0.105076
0.213778
0.094008
0.002915
0.081003
0.004781
0.080470
0.091050
0.197121
0.138776
0.095873
0.028819
0.185763
0.049604
0.146574
0.192105
0.045382
0.083864
0.068916
0.034536
0.023694
0.074112
0.149751
0.141260
0.098044
0.103643
0.062412
0.037111
0.006629
0.096662
0.023940
0.095017
0.120322
0.073986
0.121771
0.064086
0.034029
0.084840
0.156531
0.111301
0.083962
0.139850
0.072832
0.063740
0.054407
0.153356
0.040127
0.047192
0.133507
0.200593
0.127541
0.122803
0.108039
0.164504
0.180753
0.088197
0.223550
0.152506
0.120338
0.175504
0.225846
0.187544
0.183327
0.211894
0.371818
0.263219
0.312955
0.239811
0.190061
0.236007
0.338324
0.194884
0.195048
0.335241
0.281358
0.188836
0.241390
0.179537
0.197562
0.167312
0.279023
0.317216
0.182640
0.300779
0.224163
0.202465
0.232419
0.266316
0.284654
0.294349
0.248526
0.197083
0.233798
0.292571
0.204856
0.203746
0.304420
0.140307
0.332084
0.245726
0.308063
0.276156
0.275735
0.235552
0.312927
0.249987
0.225548
0.266077
0.226043
0.235449
0.189088
0.199218
0.264246
0.251609
0.264207
0.188191
0.191487
0.228607
0.284065
0.266623
0.221413
0.207599
0.167110
0.160042
0.260639
0.231407
0.252418
0.176721
0.322228
0.223647
0.381729
0.210275
0.166209
0.247859
0.228006
0.044391
0.179413
0.190660
0.122165
0.252575
0.171007
0.158699
0.195897
0.214045
0.204556
0.219954
0.187546
0.084790
0.121648
0.097402
0.196063
0.224657
0.104049
0.353249
0.110682
0.102046
0.339485
0.136690
0.274586
0.274226
0.275906
