0.597376
0.551875
0.399505
0.557347
0.588108
0.566241
0.403239
0.438532
0.558442
0.415723
0.480007
0.407041
0.419587
0.390603
0.461776
0.596294
0.436553
0.423591
0.395681
0.364716
0.463450
0.387914
0.344730
0.358417
0.370310
0.373370
0.325526
0.400685
0.316315
0.304980
0.350121
0.371183
0.299643
0.294123
0.239273
0.325332
0.279808
0.295725
0.263522
0.345101
0.295321
0.267852
0.214018
0.136158
0.180923
0.241181
0.202793
0.216246
0.221988
0.307153
0.152223
0.138168
0.265050
0.215442
0.199176
0.200781
0.224644
0.158574
0.116445
0.172215
0.167190
0.177911
0.104907
0.125758
0.142697
0.109204
0.054360
0.128873
0.086328
0.062067
0.111176
0.126353
-0.020627
0.049010
0.011175
0.023185
0.052570
0.081502
0.079394
0.104097
0.055227
0.149441
0.057154
0.043458
0.051946
0.042727
0.060456
0.138530
0.116279
0.048786
0.029632
0.054515
0.123128
0.035455
0.057290
0.124052
0.152399
0.208624
0.200219
0.259001
0.113285
0.177848
0.249981
0.167968
0.163542
0.193294
0.174667
0.240634
0.289185
0.190322
0.116639
0.231403
0.389413
0.168150
0.189523
0.246540
0.169597
0.291148
0.228145
0.210103
0.342319
0.246999
-0.008018
0.168564
0.249876
0.160324
0.077995
0.193958
0.239612
0.195256
0.114329
0.194611
0.112608
0.206208
0.156873
0.141255
0.206485
0.092715
0.106467
0.140861
0.055038
0.061530
0.110546
0.145958
0.070761
0.096113
0.081914
0.074480
0.052320
0.095494
0.033005
0.161982
0.080069
0.050091
0.064740
0.090276
0.004076
0.014289
0.070532
0.114793
0.045256
0.076203
0.037373
0.053328
0.054235
0.054236
0.037488
0.161550
-0.036610
0.087474
0.178500
0.044988
-0.000049
0.008226
0.065770
0.094485
0.020861
0.070553
0.109712
0.017964
0.060903
0.077752
0.057162
0.134160
0.102831
0.100698
-0.000427
0.025343
0.082858
0.059536
0.103302
0.137099
0.095919
0.046396
0.035014
0.086739
0.079784
0.109258
-0.023930
0.164046
0.123334
0.050511
0.040374
0.027096
0.040177
0.043695
0.036329
0.097906
0.081236
0.037846
0.029512
0.053775
0.114368
0.105158
0.001622
0.116589
0.041451
0.075363
0.011344
0.055399
0.146856
-0.012059
0.018345
0.124121
0.065684
0.106595
0.059289
0.087199
0.070349
0.100947
0.068884
0.126278
0.091814
0.140160
-0.050530
0.097742
0.133341
0.073045
0.039751
0.121054
0.176705
0.163405
0.078580
0.059091
0.106957
0.052845
0.089683
0.148051
0.046495
0.092257
0.155214
0.130335
0.034600
0.096796
0.103367
0.072369
0.074773
0.104272
0.093722
0.129150
0.082049
0.078328
0.001319
0.143196
0.132427
0.069368
0.046045
0.148046
0.214806
0.031974
0.068227
0.087676
0.178203
0.045248
0.083490
0.108423
0.089661
0.174879
0.025510
0.173981
0.172351
0.145961
0.097183
0.093757
0.103773
0.136526
0.207866
0.173159
0.183630
0.177093
0.101918
0.196957
0.163859
0.265013
0.306239
0.248196
0.259337
0.144667
0.119677
0.209904
0.177990
0.119638
0.146460
0.202724
0.208163
0.221566
0.157742
0.220601
0.255946
0.222624
0.131652
0.117980
0.203405
0.076230
0.179390
0.096169
0.120860
0.127624
0.115585
0.179987
0.262980
0.111875
0.076008
0.215251
0.200925
0.167574
0.264439
0.235173
0.201406
0.111166
0.100956
0.215631
0.222611
0.113174
0.231614
0.214702
0.220671
0.239500
0.178935
0.205022
0.226612
0.305731
0.395033
0.215776
0.290830
0.270876
0.207600
0.359968
0.256507
0.213726
0.360185
0.455895
0.358907
0.322668
0.361887
0.385498
0.347557
0.392143
0.333350
0.353029
0.380741
0.447734
0.432694
0.416979
0.345577
0.394429
0.355253
0.385073
0.475335
0.443937
0.412316
0.430906
0.480465
0.466585
0.479719
0.394462
0.575585
0.404478
0.363611
0.355956
0.387162
0.346550
0.358549
0.407343
0.472978
0.430101
0.384903
0.352600
0.450815
0.456701
0.460610
0.353532
0.453358
0.367135
0.376562
0.368713
0.370998
0.374964
0.387171
0.458092
0.419853
0.414678
0.451061
0.447021
0.398825
0.441141
0.461372
0.392889
0.407687
0.370539
0.452496
0.397180
0.412809
0.407345
0.455462
0.540507
0.501842
0.392329
0.466203
0.466188
0.378564
0.435696
0.612004
0.407133
0.424461
0.512556
0.378509
0.481613
0.499249
0.481355
0.468103
0.509372
0.465415
0.486265
0.501452
0.501098
0.473900
0.545236
0.506070
0.543762
0.565002
0.481008
0.552485
0.553080
0.564740
0.571287
0.631241
0.549817
0.550350
0.601281
0.490400
0.518576
0.564511
0.502045
0.474319
0.514639
0.542050
0.506061
0.559380
0.554644
0.548153
0.456539
0.532301
0.552117
0.473976
0.530265
0.522774
0.540996
0.560882
0.549323
0.463606
0.506790
0.561193
0.554964
0.552325
0.395916
0.552830
0.539957
0.494509
0.534784
0.529560
0.446926
0.415865
0.536427
0.575145
0.563931
0.542358
0.528910
0.560425
0.513855
0.395505
0.479714
0.536833
0.506974
0.530704
0.676100
0.607878
0.539332
0.623536
0.583848
0.590811
0.632789
0.594463
0.558778
0.620812
0.651557
0.628186
0.604867
0.549785
0.582558
0.619674
0.579752
0.580968
0.596069
0.548265
0.594260
0.660938
0.602627
0.465011
0.546803
0.594263
0.603227
0.607838
0.636084
0.566830
0.577554
0.581649
0.680020
0.593319
0.611736
0.641114
0.609523
0.591756
0.592738
0.522470
0.553256
0.686380
0.565504
0.603552
0.564871
0.566023
0.595667
0.612468
0.578121
0.520562
0.574575
0.638343
0.630149
0.577775
0.551175
0.553548
0.548293
0.520777
0.539050
0.523327
0.584717
0.492269
0.612513
0.629674
0.652611
0.585252
0.519154
0.588966
0.533563
0.543054
0.617671
0.532126
0.603012
0.593376
0.612198
0.513934
0.541805
0.514031
0.532700
0.553753
0.573152
0.508706
0.638575
0.631047
0.532684
0.523066
0.388448
0.385647
0.529691
0.513258
0.411876
0.539391
0.476984
0.565399
0.546629
0.528656
0.501781
0.560776
0.406964
0.492011
0.522610
0.435266
0.428201
0.534426
0.454364
0.570221
0.525518
0.486901
0.568803
0.542143
0.601542
0.561055
0.624766
0.604973
0.521034
0.551532
0.523519
0.492344
0.544053
0.584879
0.539378
0.533141
0.519149
0.442274
0.568691
0.525139
0.517433
0.525923
0.582052
0.522297
0.524910
0.533798
0.457731
0.483135
0.538618
0.521081
0.575836
0.633257
0.482088
0.487300
0.544311
0.531472
0.572665
0.529038
0.542540
0.564668
0.526588
0.561945
0.568711
0.397584
0.564076
0.578468
0.531472
0.560311
0.530879
0.478442
0.540307
0.593408
0.568779
0.534510
0.598309
0.513686
0.582129
0.563217
0.671938
0.578953
0.576220
0.513174
0.542874
0.661773
0.629063
0.564214
0.558662
0.537800
0.534762
0.567064
0.642367
0.560677
0.602830
0.680463
0.743465
0.677393
0.659652
0.583749
0.669683
0.704392
0.612346
0.618891
0.712978
0.699406
0.736614
0.688449
0.763434
0.730254
0.713910
0.742199
0.775120
0.710261
0.755012
0.738038
0.728852
0.736453
0.709101
0.673190
0.722774
0.702836
0.699678
0.697841
0.712144
0.683928
0.722957
0.711658
0.768383
0.756732
0.765330
0.709616
0.696102
0.758435
0.688436
0.690954
0.681882
0.677705
0.678811
0.723791
0.771539
0.735820
0.689908
0.737445
0.701360
0.769584
0.784137
0.684275
0.760948
0.785043
0.731591
0.714909
0.783226
0.813732
0.797248
0.814025
0.820987
0.794441
0.759470
0.815492
0.867043
0.829314
0.840170
0.791731
0.820623
0.880786
0.767542
0.795047
0.809059
0.804069
0.810044
0.828521
0.818742
0.726310
0.848457
0.853186
0.872840
0.825512
0.845346
0.773159
0.802515
0.897240
0.854511
0.802721
0.819408
0.822725
0.852724
0.829912
0.844297
0.862794
0.827348
0.858637
0.864378
0.849440
0.848559
0.817231
0.847784
0.871857
0.867015
0.794600
0.856452
0.858430
0.861275
0.855070
0.853038
0.807009
0.793218
0.858976
0.894386
0.844471
0.862938
0.795096
0.813556
0.889308
0.833339
0.753105
0.858872
0.824439
0.834502
0.799516
0.852356
0.782600
0.835221
0.864009
0.866155
0.816073
0.891124
0.849101
0.834199
0.893883
0.833088
0.736011
0.842384
0.784540
0.829480
0.815975
0.842506
0.783944
0.797595
0.823699
0.854066
0.845830
0.841472
0.807525
0.775286
0.855253
0.808029
0.774518
0.856884
0.801076
0.858009
0.822421
0.857312
0.813542
0.778404
0.810170
0.773946
0.755767
0.789117
0.713396
0.750079
0.746439
0.730802
0.732141
0.659863
0.706094
0.702452
0.702699
0.636663
0.590486
0.594848
0.584038
0.613532
0.495210
0.566547
0.539765
0.548918
0.644041
0.577456
0.537025
0.571375
0.560183
0.528059
0.546070
0.485041
0.495982
0.507462
0.494114
0.583146
0.531752
0.563069
0.429671
0.568330
0.612226
0.540138
0.406418
0.556477
0.511337
0.600995
0.611295
0.678732
0.615898
0.631591
0.641183
0.643099
0.549489
0.578267
0.511736
0.606767
0.622823
0.542977
0.435817
0.494496
0.488750
0.558456
0.537117
0.583150
0.496562
0.484775
0.481358
0.505701
0.526833
0.488297
0.500340
0.466013
0.553383
0.499963
0.499212
0.483157
0.460577
0.468354
0.538328
0.484054
0.360053
0.467466
0.437789
0.466641
0.434765
0.412695
0.393703
0.276724
0.526382
0.463453
0.480192
0.376828
0.462582
0.437945
0.498390
0.437894
0.444114
0.520784
0.458908
0.462696
0.459617
0.390290
0.457062
0.489745
0.540386
0.403796
0.426920
0.430156
0.384201
0.420069
0.401699
0.454296
0.359537
0.448854
0.350590
0.333853
0.322515
0.383034
0.335295
0.356304
0.383531
0.355484
0.304850
0.349686
0.425542
0.289066
0.381190
0.485144
0.385710
0.449280
0.421503
0.383486
0.470170
0.435300
0.420953
0.392605
0.496651
0.435281
0.383227
0.283627
0.389936
0.407777
0.380251
0.423807
0.382049
0.399856
0.349019
0.439444
0.407876
0.356618
0.406924
0.329527
0.303967
0.372124
0.368022
0.349398
0.287020
0.284507
0.362092
0.423171
0.349277
0.391665
0.324096
0.277180
0.385042
0.302409
0.305012
0.315091
0.327151
0.283522
0.352860
0.215132
0.155138
0.165181
0.256814
0.278011
0.270220
0.237878
0.296951
0.238634
0.229225
0.255231
0.252663
0.184474
0.458074
0.201763
0.268260
0.364982
0.242068
0.309330
0.321434
0.238048
