0.458600
0.236346
0.010706
0.059737
-0.012427
0.046640
-0.041216
0.008377
0.186248
0.087946
0.034175
0.019527
0.118693
0.046867
0.077560
0.049024
0.121343
0.067558
0.002867
0.038128
0.107968
0.045113
0.026484
0.116292
0.099398
0.056203
0.018104
0.046217
0.066100
0.061708
0.073272
0.048379
0.041014
0.045103
0.048309
0.024202
0.016219
0.074137
0.021670
0.120494
0.074566
0.015060
-0.014149
0.058786
0.050242
0.047179
0.010934
0.106439
0.064572
0.063349
0.019539
0.121044
0.066682
0.051631
0.099068
0.032103
0.145072
0.029277
-0.027450
0.045872
0.117641
0.018396
-0.012976
0.139991
0.060621
0.094135
0.053140
0.107471
0.058420
0.052180
0.151935
0.131897
0.056731
0.051569
0.051149
0.112011
0.051214
0.112275
0.116153
0.125846
0.133784
0.126479
0.063885
0.128564
0.074064
0.231495
0.089007
0.129619
0.136301
0.090219
0.126152
0.067381
0.016217
0.061927
0.133984
0.132060
0.139638
0.169097
0.084583
0.145471
0.112009
0.176190
0.089271
0.139165
0.217807
0.182139
0.111377
0.003755
0.104603
0.143620
0.116523
0.120252
0.196623
0.206495
0.125826
0.147748
0.176221
0.130665
0.186580
0.162397
0.162741
0.183842
0.195385
0.265721
0.251509
0.158181
0.159851
0.290530
0.308343
0.290459
0.257189
0.296650
0.215362
0.340724
0.350230
0.285657
0.341680
0.282577
0.246428
0.352360
0.304274
0.273669
0.351942
0.422981
0.328021
0.425763
0.424268
0.495702
0.430769
0.449237
0.420064
0.468845
0.481226
0.458285
0.388856
0.432403
0.511859
0.483330
0.540953
0.630422
0.551964
0.639602
0.620584
0.641379
0.617365
0.613084
0.590196
0.615938
0.644203
0.681321
0.720680
0.620090
0.577922
0.694081
0.726416
0.750139
0.667663
0.764651
0.741816
0.782478
0.757152
0.769168
0.741199
0.714859
0.809228
0.701053
0.548588
0.752421
0.751424
0.668340
0.707281
0.726257
0.683379
0.741153
0.694488
0.770539
0.831382
0.779577
0.708775
0.729669
0.813020
0.678447
0.625294
0.766901
0.713121
0.684354
0.756982
0.771852
0.727138
0.691840
0.681407
0.756111
0.764254
0.758994
0.668429
0.736307
0.787415
0.764296
0.762894
0.731589
0.715841
0.737200
0.768133
0.806983
0.741599
0.732011
0.723463
0.774370
0.685701
0.684955
0.700537
0.712234
0.726779
0.654848
0.655781
0.664212
0.668210
0.698831
0.642253
0.713676
0.622340
0.626032
0.651098
0.692928
0.735846
0.727524
0.712203
0.694038
0.737954
0.676814
0.598572
0.697671
0.690088
0.655598
0.718202
0.732943
0.685566
0.717595
0.720134
0.718268
0.725868
0.679586
0.568020
0.709191
0.723732
0.666171
0.743917
0.641180
0.672458
0.716497
0.681775
0.733034
0.662137
0.662183
0.714666
0.720363
0.665930
0.680440
0.610874
0.623859
0.590738
0.592605
0.652010
0.646513
0.627947
0.615398
0.627262
0.659075
0.641076
0.623594
0.599117
0.622374
0.575580
0.558895
0.480917
0.604229
0.656844
0.545150
0.648278
0.526429
0.456613
0.581821
0.569234
0.648779
0.609707
0.625986
0.618164
0.625730
0.616654
0.609505
0.653817
0.575332
0.643795
0.616887
0.487720
0.647550
0.654184
0.596928
0.589884
0.683787
0.628963
0.600098
0.633488
0.706005
0.663609
0.652274
0.653825
0.632659
0.685082
0.659517
0.630185
0.641493
0.602365
0.639864
0.650621
0.721272
0.696061
0.687737
0.705375
0.690919
0.691705
0.723948
0.645786
0.651376
0.752920
0.690112
0.656666
0.678723
0.645776
0.674365
0.700371
0.742850
0.640500
0.712324
0.737027
0.749346
0.734487
0.748822
0.742585
0.688896
0.765764
0.646105
0.644800
0.703888
0.703182
0.723310
0.724897
0.805433
0.786176
0.733653
0.788989
0.800004
0.762245
0.825467
0.765134
0.775092
0.780838
0.743282
0.709293
0.803868
0.796083
0.806292
0.781446
0.805848
0.813013
0.779046
0.771999
0.797704
0.805852
0.831796
0.696269
0.775331
0.810578
0.789421
0.739968
0.791332
0.759290
0.741231
0.826952
0.770441
0.683773
0.772919
0.757809
0.835279
0.711396
0.773848
0.683812
0.794008
0.771542
0.783606
0.784301
0.826692
0.792513
0.758516
0.756690
0.764036
0.756776
0.753347
0.692592
0.743834
0.741697
0.736482
0.697735
0.715434
0.766203
0.693722
0.737280
0.682528
0.694806
0.694054
0.706246
0.684113
0.608390
0.703647
0.731115
0.744937
0.722209
0.678116
0.647611
0.686982
0.701707
0.664297
0.651687
0.626234
0.631695
0.645103
0.570079
0.682494
0.605141
0.661447
0.644293
0.680033
0.650319
0.587294
0.567424
0.551858
0.667699
0.551561
0.595491
0.582230
0.577947
0.628390
0.666194
0.702947
0.650778
0.661597
0.675957
0.587324
0.653826
0.624575
0.590862
0.582044
0.689574
0.593328
0.593985
0.622455
0.607727
0.612656
0.605634
0.588242
0.582795
0.612493
0.611165
0.562760
0.587864
0.601893
0.526474
0.615373
0.681090
0.597865
0.479080
0.525869
0.595271
0.561150
0.551049
0.584301
0.557014
0.611666
0.612752
0.638817
0.574094
0.618868
0.567562
0.569482
0.628547
0.562612
0.589433
0.545999
0.548158
0.614675
0.559074
0.595678
0.480840
0.566902
0.507898
0.625148
0.618095
0.661326
0.637046
0.535499
0.645650
0.534910
0.508899
0.475226
0.567523
0.575503
0.610990
0.645591
0.570462
0.538234
0.530361
0.521060
0.500781
0.548668
0.450033
0.488596
0.580477
0.514975
0.474021
0.478012
0.569319
0.489997
0.420888
0.549875
0.489747
0.497654
0.510868
0.464374
0.525629
0.509467
0.465824
0.508810
0.537950
0.476758
0.511310
0.480316
0.465129
0.462398
0.527154
0.546048
0.483299
0.521624
0.586570
0.555562
0.565976
0.537003
0.463925
0.497473
0.638268
0.546865
0.464527
0.578720
0.625897
0.561210
0.611072
0.714482
0.542896
0.588831
0.605399
0.592547
0.557794
0.626687
0.561431
0.515864
0.669159
0.589536
0.653369
0.543820
0.563805
0.585909
0.494072
0.595858
0.585597
0.605203
0.569970
0.548852
0.555908
0.572892
0.490372
0.594170
0.597959
0.560378
0.545160
0.493216
0.522180
0.534973
0.539813
0.564389
0.483497
0.486511
0.503706
0.459679
0.464771
0.513212
0.473526
0.401226
0.516547
0.417877
0.351791
0.445645
0.482331
0.426816
0.396927
0.483313
0.495281
0.456657
0.522286
0.481508
0.504929
0.528163
0.389410
0.465136
0.541409
0.486449
0.433141
0.358578
0.442977
0.346403
0.414888
0.480889
0.514472
0.478579
0.485656
0.574758
0.580460
0.591167
0.555136
0.591179
0.579788
0.579350
0.493811
0.540448
0.552426
0.512161
0.555251
0.616900
0.642616
0.594983
0.550753
0.612522
0.630009
0.595921
0.647635
0.656115
0.737599
0.593992
0.493108
0.616129
0.604217
0.563295
0.591105
0.663235
0.563922
0.652278
0.671959
0.667566
0.640881
0.597408
0.579489
0.525081
0.637035
0.603891
0.629106
0.551952
0.602193
0.635065
0.609769
0.616256
0.626026
0.580382
0.493604
0.617978
0.611721
0.682840
0.547543
0.576316
0.646182
0.491605
0.479915
0.531795
0.598284
0.578120
0.571852
0.630471
0.604305
0.670653
0.679912
0.731862
0.679009
0.732526
0.702090
0.629202
0.814185
0.718217
0.540783
0.711787
0.670025
0.644762
0.692889
0.785747
0.713186
0.697354
0.726207
0.750428
0.764946
0.772377
0.727895
0.720452
0.747548
0.686178
0.690635
0.785155
0.776707
0.686911
0.777361
0.750597
0.628628
0.698318
0.724204
0.748993
0.749479
0.728574
0.718680
0.686178
0.761046
0.661886
0.627322
0.612608
0.640627
0.585505
0.666026
0.668696
0.616952
0.634971
0.666097
0.625827
0.604633
0.641906
0.565205
0.553519
0.644800
0.557932
0.581617
0.630360
0.588032
0.544671
0.608440
0.689253
0.591862
0.598331
0.623317
0.600022
0.548280
0.567345
0.547239
0.492345
0.575049
0.531689
0.516411
0.491440
0.556928
0.539463
0.501764
0.557703
0.469819
0.428269
0.434242
0.455783
0.437214
0.434130
0.449125
0.444488
0.463511
0.460837
0.393214
0.375008
0.458484
0.410030
0.361362
0.349590
0.457634
0.490632
0.329600
0.371873
0.454053
0.413018
0.470476
0.495669
0.518858
0.425291
0.414717
0.491902
0.334513
0.434289
0.414770
0.555301
0.527089
0.496959
0.509672
0.575148
0.565496
0.466656
0.413948
0.526790
0.546185
0.526110
0.472899
0.462289
0.436477
0.447203
0.458667
0.534421
0.513193
0.469351
0.530613
0.538391
0.519357
0.507759
0.366504
0.443561
0.559259
0.494691
0.486016
0.449460
0.367252
0.337019
0.354088
0.498033
0.449972
0.410598
0.469678
0.405787
0.439119
0.427421
0.491613
0.406047
0.418141
0.445929
0.453330
0.351240
0.337347
0.454179
0.480265
0.422967
0.541765
0.428588
0.321322
0.421870
0.425233
0.503802
0.389949
0.443561
0.519641
0.401229
0.324717
0.415403
0.374514
0.394586
0.441202
0.473286
0.434202
0.383160
0.389518
0.350702
0.359106
0.324836
0.287892
0.397545
0.486795
0.312652
0.417964
0.297448
0.341859
0.329390
0.308164
0.436842
0.379895
0.398833
0.366331
0.279202
0.294357
0.364541
0.322350
0.290564
0.334685
0.383806
0.315501
0.381634
0.245416
0.280381
0.306745
0.351566
0.210863
0.274072
0.263637
0.337706
0.329589
0.325709
0.326193
0.310255
0.357515
0.289444
0.313564
0.287587
0.264899
0.228336
0.318245
0.336010
0.274230
0.351697
0.402885
0.308720
0.302518
0.336583
0.454265
0.339853
0.316964
0.326254
0.287350
0.254866
0.289066
0.275505
0.296014
0.356431
0.305961
0.306872
0.285057
0.316757
0.349776
0.351061
0.282542
0.262587
0.314135
0.293319
0.290526
0.299451
0.275790
0.276652
0.278906
0.485045
0.313143
0.376432
0.384841
0.373583
0.359576
0.415132
0.403627
0.389152
0.395357
0.317269
0.305308
0.280562
0.325488
0.282325
0.273234
0.382633
0.344181
0.441667
0.444278
0.456355
0.473600
0.417269
0.369338
0.361174
0.543052
0.374086
0.330949
0.462325
0.462867
0.464963
0.503175
0.600558
0.492991
0.546939
0.546113
0.564860
0.477078
0.539937
0.528508
0.523838
0.484621
0.421452
0.424184
0.487455
0.449321
0.412445
0.455997
0.553278
0.430714
0.339004
0.446565
0.413335
0.263248
0.423769
0.465092
0.323166
0.605558
0.299017
0.408208
0.455319
0.375529
0.430791
0.391489
0.247594
