0.565956
0.433879
0.250127
0.358745
0.327598
0.357346
0.310942
0.270469
0.382244
0.304127
0.347626
0.269930
0.259627
0.263820
0.215613
0.335966
0.250205
0.381287
0.365510
0.305986
0.300834
0.331570
0.323149
0.373945
0.351106
0.198315
0.268864
0.293180
0.312514
0.267996
0.278360
0.375020
0.314976
0.360449
0.287557
0.292738
0.335900
0.425920
0.294022
0.341179
0.503375
0.427685
0.352636
0.375530
0.350977
0.290856
0.265174
0.480382
0.396192
0.359893
0.444692
0.383478
0.421244
0.437335
0.447071
0.372814
0.377224
0.429462
0.283231
0.300751
0.215686
0.263235
0.271428
0.315613
0.423383
0.359737
0.339762
0.278283
0.418534
0.366699
0.245513
0.270643
0.369227
0.356795
0.293797
0.261061
0.247744
0.319165
0.275404
0.334258
0.356530
0.344851
0.328656
0.267601
0.288890
0.245208
0.271904
0.311761
0.266828
0.235752
0.335173
0.250981
0.188500
0.182122
0.198965
0.243662
0.245702
0.226159
0.252778
0.257229
0.219638
0.233751
0.224675
0.185088
0.218335
0.140846
0.212546
0.221938
0.169416
0.141598
0.113413
0.146298
0.283278
0.234391
0.190616
0.151353
0.177616
0.229530
0.239191
0.148588
0.312998
0.242949
0.242045
0.158609
0.119964
0.209851
0.188352
0.209608
0.223866
0.277878
0.262409
0.315125
0.325028
0.325059
0.290388
0.371249
0.392514
0.309810
0.348822
0.338497
0.355462
0.334050
0.356176
0.504187
0.372438
0.459954
0.498220
0.495842
0.533051
0.525367
0.445383
0.467799
0.600808
0.494199
0.548116
0.621452
0.584440
0.546094
0.599072
0.691888
0.594207
0.598783
0.582407
0.618340
0.506970
0.564750
0.584849
0.567531
0.612486
0.476689
0.595969
0.607460
0.529646
0.594980
0.523689
0.561770
0.467195
0.542933
0.495333
0.546828
0.529496
0.510637
0.513685
0.483492
0.632065
0.531914
0.508856
0.437855
0.440802
0.494514
0.439129
0.469654
0.418219
0.427937
0.447097
0.462899
0.482707
0.447125
0.554798
0.486453
0.524724
0.442339
0.504178
0.482570
0.501416
0.568437
0.606581
0.604252
0.659796
0.608522
0.663793
0.635211
0.667238
0.570169
0.482450
0.590723
0.662859
0.622106
0.582543
0.578111
0.584809
0.564743
0.580467
0.566017
0.600676
0.559675
0.589420
0.638384
0.584239
0.637357
0.592624
0.618664
0.663223
0.548170
0.552716
0.588169
0.635085
0.603400
0.602369
0.629990
0.564400
0.589304
0.654008
0.629397
0.602413
0.615741
0.686442
0.627379
0.600788
0.647866
0.625984
0.675309
0.678779
0.673261
0.709455
0.715417
0.691319
0.740401
0.766434
0.762215
0.775850
0.744284
0.666424
0.780876
0.787284
0.740753
0.742789
0.704695
0.735196
0.764954
0.710988
0.726219
0.703117
0.702040
0.721545
0.755876
0.698638
0.714570
0.707022
0.701591
0.727483
0.736856
0.726965
0.651079
0.663538
0.711960
0.716115
0.724320
0.710278
0.718712
0.688316
0.756842
0.723509
0.719370
0.703121
0.721212
0.750058
0.657075
0.624165
0.688796
0.661748
0.697061
0.697607
0.688160
0.748063
0.677227
0.689961
0.723735
0.659201
0.692823
0.703301
0.660255
0.711233
0.714471
0.677906
0.685912
0.668328
0.660138
0.680033
0.748596
0.675307
0.745486
0.751982
0.747014
0.741105
0.694688
0.674155
0.715029
0.747989
0.712542
0.698060
0.711264
0.730129
0.686765
0.679299
0.693435
0.645987
0.663748
0.641835
0.629166
0.593153
0.604641
0.575280
0.583077
0.650226
0.542354
0.531209
0.555823
0.486345
0.579548
0.584974
0.586799
0.528046
0.480297
0.523418
0.553628
0.486810
0.471892
0.443968
0.440833
0.503575
0.471727
0.421928
0.432418
0.435260
0.415069
0.450384
0.487069
0.359952
0.529572
0.486150
0.515938
0.454238
0.465873
0.513293
0.439610
0.420587
0.367373
0.314803
0.455991
0.412883
0.372127
0.430556
0.473462
0.397490
0.426559
0.429919
0.484099
0.386847
0.437375
0.319231
0.347298
0.358094
0.391700
0.315065
0.323447
0.270691
0.307331
0.253716
0.383585
0.356546
0.318160
0.291575
0.334846
0.304365
0.282684
0.304774
0.212872
0.351314
0.208544
0.179441
0.267265
0.201606
0.191681
0.191001
0.229469
0.271576
0.200522
0.221116
0.137232
0.216912
0.230470
0.259641
0.280521
0.222348
0.151263
0.187117
0.221372
0.130382
0.148297
0.264642
0.256290
0.116784
0.241855
0.146464
0.198746
0.167912
0.121613
0.144239
0.210292
0.108501
0.096421
0.204255
0.130880
0.032639
0.124141
0.193013
0.147492
0.208130
0.196226
0.123472
0.217847
0.218602
0.132828
0.090677
0.152994
0.329869
0.207385
0.133154
0.141956
0.144451
0.237128
0.171354
0.228258
0.328698
0.152548
0.038309
0.140041
0.179211
0.202848
0.171702
0.252086
0.156231
0.104133
0.112757
0.144552
0.127597
0.070460
0.185441
0.104238
0.053818
0.220557
0.188661
0.114338
0.134479
0.090705
0.010897
0.140947
0.118162
0.083887
0.121597
0.056230
0.117427
0.096079
0.110681
0.138904
0.022509
0.127805
0.111371
0.065263
0.081158
0.080324
0.100552
0.128625
-0.012047
0.079282
0.044271
0.094958
0.105912
0.074677
0.028652
0.087886
0.129845
0.057214
0.005685
0.028463
0.058670
0.087438
0.012927
0.143454
0.103874
0.101587
0.047686
0.065666
0.055064
0.004934
0.020725
0.047591
0.149237
0.075766
-0.007680
0.061655
0.049201
0.064159
0.030011
0.111472
0.083012
0.022794
0.057697
0.039544
-0.074336
0.079174
0.022258
0.113870
0.038414
0.132641
0.066640
0.073406
0.112226
0.026678
0.072709
0.137731
0.022361
0.061223
0.092570
0.123403
0.129515
0.063850
0.159980
0.200613
0.130170
0.230658
0.193872
0.244534
0.300769
0.182056
0.241137
0.303815
0.230175
0.278702
0.363348
0.222366
0.155144
0.229871
0.275105
0.280113
0.346174
0.371771
0.242786
0.314912
0.315675
0.286087
0.311872
0.300980
0.243339
0.281473
0.320941
0.205403
0.246547
0.248767
0.172410
0.214876
0.316517
0.293942
0.193348
0.203990
0.223149
0.290465
0.297685
0.230895
0.209712
0.261655
0.162845
0.116132
0.252227
0.154934
0.157965
0.238631
0.182747
0.238490
0.191251
0.197989
0.254838
0.337045
0.239230
0.260682
0.443655
0.326544
0.198699
0.301084
0.299366
0.266101
0.304988
0.416880
0.399186
0.384941
0.358877
0.360525
0.335829
0.399295
0.387548
0.292566
0.337873
0.318424
0.362674
0.328494
0.330667
0.315156
0.296326
0.401296
0.395451
0.334901
0.317325
0.330899
0.357758
0.301494
0.224780
0.359812
0.299664
0.266948
0.331987
0.306022
0.286423
0.251888
0.256304
0.237956
0.274983
0.177049
0.164391
0.177712
0.160034
0.250867
0.276917
0.261303
0.211486
0.245436
0.204260
0.184164
0.140131
0.075369
0.191482
0.246657
0.244424
0.224339
0.111425
0.163358
0.167866
0.229880
0.258247
0.147777
0.226166
0.127037
0.129879
0.153847
0.086265
0.049857
0.144139
0.203613
0.022765
0.145588
0.085913
0.098405
0.059936
0.080183
0.160681
0.104546
0.062645
0.039499
0.050895
0.080555
0.086284
0.016204
0.028449
0.062283
0.069919
0.068695
-0.000575
0.070202
0.065133
0.116461
0.051810
0.112272
0.108972
0.031515
0.022549
0.093312
0.119036
0.056942
0.035899
0.143667
0.120868
0.134124
0.082280
0.059451
0.037123
0.147316
0.177058
0.124492
0.299675
0.185757
0.108197
0.183243
0.210428
0.204443
0.103911
0.171797
0.247102
0.217412
0.074919
0.239176
0.122681
0.253422
0.157665
0.169762
0.252790
0.154470
0.191228
0.100318
0.147200
0.176731
0.113044
0.177383
0.202010
0.245274
0.185149
0.176114
0.203941
0.264900
0.224539
0.174013
0.252051
0.181213
0.185373
0.212635
0.245236
0.170678
0.242245
0.244289
0.288137
0.256818
0.126437
0.195394
0.291676
0.347412
0.336125
0.312986
0.320598
0.229258
0.167172
0.177395
0.247873
0.234289
0.223850
0.355183
0.222216
0.401495
0.346652
0.297725
0.326131
0.387726
0.296814
0.240653
0.472723
0.246907
0.336053
0.248777
0.245588
0.214419
0.311211
0.338655
0.221164
0.281401
0.249311
0.249873
0.197149
0.275660
0.243464
0.252504
0.235431
0.233946
0.110808
0.188903
0.273141
0.215118
0.139595
0.232965
0.176724
0.198014
0.224424
0.253428
0.207695
0.298634
0.252941
0.195787
0.366443
0.187458
0.203593
0.273394
0.264327
0.265944
0.284106
0.362602
0.398741
0.361079
0.236399
0.303345
0.226107
0.308494
0.248070
0.275363
0.340409
0.150305
0.250993
0.337360
0.179208
0.181580
0.267039
0.245780
0.136725
0.259543
0.211026
0.124807
0.203528
0.252463
0.150854
0.190576
0.205022
0.192882
0.178375
0.228179
0.154838
0.192275
0.270989
0.224652
0.232743
0.315301
0.210407
0.260260
0.238078
0.214622
0.228513
0.258150
0.194367
0.211379
0.166042
0.244741
0.273053
0.210653
0.208739
0.295078
0.256434
0.265534
0.278178
0.322170
0.335441
0.329763
0.314176
0.300903
0.428523
0.304363
0.284478
0.280122
0.339040
0.320171
0.341037
0.367978
0.261886
0.429347
0.351174
0.423180
0.438307
0.363552
0.460647
0.412354
0.440495
0.363378
0.380770
0.426377
0.336316
0.420750
0.390705
0.490906
0.517904
0.471384
0.482559
0.500985
0.409054
0.456808
0.529034
0.482054
0.489587
0.433082
0.561517
0.469019
0.571050
0.468905
0.499970
0.637744
0.510063
0.563628
0.525051
0.591472
0.569614
0.565808
0.523638
0.534850
0.623881
0.558667
0.508078
0.449031
0.427473
0.478527
0.464120
0.556768
0.553229
0.570321
0.558472
0.609277
0.638722
0.586016
0.592041
0.636208
0.626965
0.576488
0.549244
0.537008
0.565749
0.639834
0.552908
0.616785
0.727392
0.656818
0.637948
0.678627
0.715287
0.698642
0.657872
0.626518
0.706086
0.654842
0.525212
0.596201
0.574964
0.628465
0.664606
0.724645
0.657268
0.697592
0.760151
0.772549
0.781527
0.754888
0.754897
0.725674
0.770154
0.629814
0.679061
0.656441
0.652226
0.652666
0.678208
0.690602
0.694551
0.714063
0.751315
0.761847
0.767506
0.771767
0.737056
0.729112
0.774972
0.759802
0.775085
0.762949
0.728900
0.714999
0.742050
0.814851
0.797656
0.642142
0.687316
0.743304
0.579964
0.703036
0.754043
0.722168
0.815670
0.656551
0.722287
0.712591
0.748100
0.654394
0.562182
0.264001
