0.544367
0.300817
0.143868
0.195711
0.187015
0.208897
0.139643
0.038138
0.223739
0.178840
0.214816
0.183582
0.206509
0.159131
0.173752
0.243445
0.374892
0.222176
0.144841
0.173761
0.128272
0.164948
0.172902
0.153264
0.172981
0.134757
0.202595
0.196135
0.101144
0.152953
0.143904
0.139167
0.134760
0.114745
0.117796
0.065388
0.159945
0.097911
0.099857
0.189320
0.160495
0.163337
0.117852
0.092937
0.084400
0.119936
0.149018
0.150056
0.118372
0.089020
0.076729
0.041647
0.151830
0.150167
0.115421
0.161997
0.062014
0.044340
0.004683
0.091742
0.123389
0.131463
0.048163
0.146673
0.038285
0.151354
0.097806
0.103580
0.072367
0.044273
0.083018
0.138229
0.042043
0.013944
0.099236
0.091328
0.019946
0.045042
0.180926
0.112579
0.077357
0.088823
0.076941
0.077112
0.056674
0.078367
0.057932
0.103544
0.137473
0.093580
0.135625
0.089025
0.070017
0.074845
0.091379
0.117457
0.151619
0.122946
0.043408
0.059918
0.070307
0.168331
0.122577
0.119887
0.251786
0.094660
0.031153
0.109534
0.072747
0.099619
0.115349
0.158624
0.128821
0.051616
0.035229
0.144885
0.066307
0.126139
0.001752
0.105345
0.172685
0.116752
0.058545
0.077750
0.066043
0.007005
0.062246
0.139107
0.072097
0.104274
0.035471
0.067064
0.025441
0.154116
0.019622
0.133902
0.073994
0.019238
0.010597
0.027439
0.045931
0.076156
0.001969
0.094913
0.072971
0.036153
-0.010815
0.019066
0.043688
0.033414
0.069141
0.079632
0.059096
0.063053
0.059959
0.046964
-0.063751
0.045442
0.059718
0.070355
0.055104
0.030046
0.072977
0.045375
0.002072
0.102363
0.097207
0.104983
-0.029757
0.075230
0.073378
-0.015946
0.075911
0.069018
0.038236
0.087198
0.020362
0.027336
0.032258
0.015566
0.005819
0.058055
0.018401
0.097793
0.009970
0.036204
-0.031801
-0.020611
0.023051
-0.037861
0.008885
0.055676
-0.046515
0.082078
-0.003527
-0.023066
0.031445
0.040401
-0.059319
0.128165
0.042095
-0.038701
-0.011126
0.032254
0.060649
-0.036952
0.009968
0.077884
0.003978
0.041126
-0.006259
0.005021
-0.001130
0.034463
-0.024968
0.115470
0.041986
0.000783
-0.028752
-0.028376
0.014295
0.012878
0.028646
0.033935
-0.025852
0.061528
-0.084440
-0.003338
0.042936
-0.026808
-0.019724
0.094160
-0.001494
0.024582
0.002397
-0.022999
-0.034447
-0.010703
-0.022676
0.012612
0.010311
0.023001
-0.038560
-0.001100
0.057194
0.019032
-0.006378
0.093706
-0.008754
0.031920
-0.018026
-0.033221
0.000258
-0.055227
0.020358
0.051115
0.020739
0.060727
-0.033365
0.015240
0.019487
0.040403
-0.005607
0.087863
0.000929
0.003961
0.010159
-0.030056
0.001404
-0.033418
0.045968
0.082775
0.010073
0.020699
-0.051893
-0.024264
-0.014048
0.019120
0.022619
0.124936
0.043702
0.041122
0.050389
0.036087
-0.039767
0.026051
0.015944
0.028769
0.069540
0.054667
0.008115
0.026067
0.008552
0.000775
0.013745
0.129336
-0.024509
0.031424
0.057414
-0.064312
0.025093
-0.020985
0.076837
0.033187
0.033208
0.050344
-0.003419
0.013741
0.018664
0.013163
0.079741
0.107363
0.063184
-0.008555
-0.089940
0.028945
0.106658
-0.007285
0.031642
0.081480
0.068721
0.092213
0.023293
0.071687
0.074481
0.023011
0.050482
0.110324
0.075688
0.025379
0.062573
0.024336
0.013474
0.077092
0.042351
0.073347
0.107016
0.096641
0.071246
0.118716
0.046591
0.060778
0.155345
0.137995
0.076314
0.057041
0.118732
0.141182
0.125709
0.045461
0.168677
0.193277
0.186298
0.105412
0.155738
0.106556
0.132604
0.223845
0.177454
0.239049
0.273342
0.104495
0.075762
0.167418
0.223469
0.177028
0.264909
0.325184
0.198266
0.311778
0.304879
0.255507
0.321044
0.358110
0.324995
0.301936
0.397275
0.292055
0.318306
0.368891
0.344663
0.281070
0.284319
0.346415
0.344601
0.340546
0.313928
0.396519
0.366093
0.437831
0.334804
0.389397
0.372598
0.359989
0.379273
0.376643
0.419826
0.457484
0.396449
0.475820
0.508477
0.481354
0.472392
0.474642
0.458552
0.517647
0.558202
0.601009
0.501363
0.496535
0.519164
0.600022
0.619987
0.608442
0.640418
0.645075
0.670292
0.618470
0.607773
0.642034
0.625412
0.679684
0.646213
0.647376
0.702288
0.729335
0.714501
0.697207
0.656554
0.677392
0.669532
0.682445
0.684845
0.640727
0.694865
0.640144
0.636592
0.670805
0.608628
0.600269
0.687329
0.590269
0.622709
0.588894
0.590920
0.549640
0.590116
0.553704
0.532966
0.648180
0.611207
0.528186
0.677000
0.620000
0.595802
0.664486
0.673294
0.641618
0.606620
0.611645
0.582940
0.631218
0.618784
0.713984
0.670006
0.616926
0.688776
0.639628
0.553869
0.572112
0.560266
0.619788
0.525371
0.593763
0.675676
0.561633
0.542741
0.608273
0.595170
0.511953
0.508182
0.561037
0.519460
0.513075
0.486535
0.524245
0.559303
0.551686
0.527105
0.480278
0.445468
0.381305
0.485088
0.469324
0.437332
0.460534
0.369264
0.310559
0.365011
0.320112
0.257713
0.341315
0.305622
0.237056
0.322262
0.251239
0.303087
0.298775
0.212959
0.243465
0.243247
0.372297
0.190384
0.358900
0.333332
0.251036
0.238681
0.243156
0.217491
0.229177
0.217546
0.205912
0.295758
0.185701
0.277723
0.231597
0.142402
0.159960
0.157914
0.152672
0.098334
0.063329
0.110584
0.124888
0.149660
0.239427
0.215977
0.149102
0.176196
0.186959
0.081574
0.097891
0.130855
0.218199
0.168671
0.187784
0.123169
0.182557
0.174091
0.197040
0.191782
0.165777
0.161513
0.140012
0.110030
0.115378
0.109029
0.068392
0.207743
0.200928
0.106402
0.204154
0.115557
0.213626
0.247143
0.209919
0.206985
0.179660
0.268852
0.249938
0.177749
0.209207
0.178695
0.214377
0.198619
0.300450
0.351746
0.275033
0.256590
0.209784
0.223206
0.353053
0.268479
0.261393
0.246716
0.326165
0.363481
0.243811
0.226493
0.240959
0.293946
0.355720
0.268018
0.315585
0.260241
0.232228
0.214408
0.313038
0.293508
0.196608
0.223052
0.126228
0.180903
0.171677
0.185361
0.132720
0.104464
0.171565
0.177335
0.230532
0.161496
0.137501
0.204004
0.194438
0.194788
0.163394
0.166044
0.106451
0.180399
0.080497
0.223832
0.089120
0.114107
0.152592
0.166477
0.132151
0.050859
0.118175
0.134666
0.172204
0.120632
0.143040
0.145603
0.121125
0.130907
0.150964
0.139304
0.119486
0.064987
0.196977
0.203080
0.157644
0.148665
0.069267
0.169021
0.234888
0.259176
0.223843
0.163600
0.137172
0.160900
0.133375
0.119746
0.078026
0.174901
0.181175
0.147452
0.176253
0.166917
0.218806
0.115087
0.132500
0.139369
0.117648
0.145937
0.158051
0.171589
0.086369
0.094799
0.119991
0.105401
0.089652
0.149194
0.188566
0.123856
0.157251
0.172478
0.165183
0.177628
0.139642
0.275566
0.167472
0.172745
0.185423
0.082149
0.107352
0.063474
0.273068
0.125002
0.205661
0.248270
0.259068
0.170625
0.285429
0.249393
0.193372
0.299965
0.177862
0.176807
0.260886
0.220834
0.139493
0.303975
0.331299
0.343216
0.360277
0.270715
0.240097
0.261786
0.318484
0.286685
0.345817
0.358487
0.320692
0.325518
0.364729
0.317418
0.243040
0.315133
0.288318
0.368108
0.245295
0.233714
0.245438
0.271496
0.233039
0.226196
0.208943
0.221211
0.220259
0.270558
0.210483
0.167387
0.135872
0.145528
0.238825
0.147021
0.141296
0.123491
0.117322
0.207171
0.267720
0.177865
0.153247
0.239682
0.234725
0.190232
0.196583
0.190194
0.202872
0.174922
0.295949
0.368697
0.272695
0.184959
0.199202
0.171070
0.228252
0.255065
0.203953
0.279148
0.251329
0.245196
0.230178
0.147328
0.215760
0.310072
0.272471
0.308980
0.295543
0.324179
0.274208
0.246005
0.367694
0.374372
0.374028
0.399161
0.309155
0.247666
0.376286
0.332033
0.307174
0.300163
0.323145
0.376664
0.341439
0.290675
0.348722
0.335266
0.378890
0.352704
0.340170
0.373656
0.344350
0.308208
0.375334
0.390962
0.378681
0.398293
0.548649
0.436350
0.402648
0.412778
0.460524
0.380289
0.472893
0.384532
0.367847
0.412810
0.309637
0.412779
0.379400
0.401506
0.414155
0.419394
0.467022
0.350294
0.480551
0.431983
0.485244
0.453067
0.461171
0.513722
0.420954
0.552251
0.437439
0.318665
0.434886
0.485759
0.462101
0.525766
0.561714
0.534941
0.485904
0.513121
0.479210
0.431341
0.560927
0.559363
0.539525
0.534619
0.445349
0.571031
0.437543
0.548030
0.458423
0.446016
0.482346
0.511364
0.459022
0.413708
0.376025
0.377249
0.403698
0.396054
0.366865
0.419845
0.361111
0.372352
0.373219
0.375319
0.353130
0.287489
0.318871
0.418209
0.206324
0.248320
0.262690
0.180284
0.252573
0.289920
0.383063
0.274307
0.307455
0.242598
0.313918
0.254031
0.303773
0.369758
0.336820
0.339064
0.321589
0.222331
0.271360
0.220743
0.331921
0.245842
0.321522
0.270602
0.307400
0.292322
0.300480
0.264192
0.164617
0.261505
0.321763
0.231838
0.322950
0.262327
0.214883
0.246997
0.236840
0.198210
0.221502
0.298593
0.251342
0.285978
0.280969
0.177740
0.180123
0.150775
0.269528
0.244837
0.172861
0.187399
0.105426
0.176253
0.194970
0.145649
0.174950
0.180185
0.161813
0.217206
0.157443
0.079039
0.155056
0.125515
0.154003
0.145176
0.244955
0.142044
0.142655
0.150536
0.143122
0.201848
0.290146
0.104358
0.143590
0.216933
0.181014
0.191811
0.158380
0.285072
0.225793
0.143508
0.204544
0.166260
0.149175
0.224576
0.221142
0.164954
0.265981
0.232051
0.237246
0.314743
0.180330
0.244099
0.207748
0.276914
0.325480
0.342083
0.310337
0.213794
0.238346
0.214914
0.255564
0.267313
0.257863
0.303161
0.262203
0.249238
0.185372
0.176279
0.173369
0.182385
0.203237
0.252776
0.314866
0.246906
0.293007
0.285477
0.263243
0.287757
0.240367
0.221262
0.239917
0.312850
0.219973
0.199889
0.291413
0.321508
0.221911
0.372697
0.400080
0.273138
0.368197
0.359786
0.414720
0.388300
0.393600
0.515374
0.306997
0.276568
0.437741
0.402956
0.389840
0.420379
0.608535
0.567823
0.492405
0.575472
0.537204
0.506889
0.633764
0.635917
0.638765
0.773737
0.598568
0.648100
0.648598
0.622601
0.600009
0.531045
0.281542
