0.585952
0.468140
0.331094
0.498480
0.371018
0.396423
0.319774
0.340388
0.349107
0.266375
0.453029
0.287118
0.329208
0.444962
0.444534
0.401799
0.546311
0.447503
0.394721
0.510374
0.470078
0.503614
0.461119
0.440734
0.540017
0.483519
0.533951
0.471667
0.459816
0.514450
0.507881
0.604399
0.557731
0.515613
0.550623
0.534547
0.463603
0.519004
0.530897
0.531509
0.533826
0.471421
0.477284
0.487129
0.510089
0.350365
0.492762
0.432282
0.386969
0.436261
0.438107
0.444660
0.504746
0.522311
0.516116
0.520502
0.536312
0.440803
0.497383
0.448494
0.437290
0.530232
0.558214
0.517650
0.538486
0.603867
0.430985
0.601602
0.597815
0.593094
0.533108
0.583046
0.667339
0.594065
0.573434
0.529880
0.550050
0.543429
0.508575
0.643801
0.572788
0.592409
0.628058
0.581243
0.576495
0.619963
0.618610
0.638466
0.658680
0.561258
0.521789
0.595867
0.543908
0.610036
0.639725
0.665450
0.569268
0.548349
0.502280
0.545685
0.574066
0.635911
0.647250
0.567252
0.685418
0.556653
0.444406
0.571696
0.540648
0.562662
0.570742
0.652684
0.545323
0.555102
0.607394
0.507391
0.624728
0.560073
0.487920
0.538580
0.605758
0.564271
0.623006
0.574987
0.505558
0.577256
0.548532
0.630565
0.548701
0.578090
0.579188
0.593528
0.582336
0.529272
0.553612
0.575565
0.585777
0.520123
0.489023
0.514849
0.511852
0.560576
0.520629
0.503573
0.521842
0.485909
0.427604
0.409756
0.444605
0.417838
0.455283
0.481588
0.514056
0.465791
0.512123
0.446442
0.401239
0.448150
0.411085
0.435217
0.454457
0.429304
0.321049
0.284451
0.419855
0.325357
0.251031
0.227937
0.331375
0.223462
0.175260
0.266904
0.214313
0.200337
0.263899
0.244376
0.248584
0.179788
0.139726
0.200204
0.112199
0.173313
0.030859
0.139643
0.195043
0.112383
0.130776
0.141071
0.104228
0.053342
0.112656
0.179924
0.070236
0.197526
0.077318
0.043320
0.063199
0.164543
0.065740
0.149838
0.046023
0.076651
0.101291
0.049984
0.091539
0.030623
0.083274
0.055602
0.086718
0.133723
-0.044682
0.047515
0.081312
0.040889
0.051162
0.071079
0.067732
-0.004240
0.050049
-0.040718
0.027319
0.004802
0.046047
0.101033
-0.014935
0.056158
-0.025703
0.060920
0.037184
0.024984
0.010421
0.061091
0.025571
-0.026222
0.034713
-0.029059
0.004957
0.012954
0.078422
0.040208
-0.017303
0.077646
0.004678
-0.029248
0.068983
0.035697
0.037329
0.102324
-0.013832
0.080169
-0.045740
-0.022615
-0.015430
-0.016870
0.038230
0.025894
0.073798
0.054845
-0.028197
0.014289
0.014602
-0.007200
0.040369
0.090336
-0.064319
0.017977
-0.016829
-0.026036
0.040352
-0.016655
0.038113
0.048233
-0.030159
0.043011
-0.027266
-0.005338
0.003861
-0.011349
0.011504
0.061965
0.039527
-0.045563
-0.036233
-0.007426
-0.026803
-0.018210
-0.004299
0.047156
-0.028047
0.033999
-0.031368
-0.031043
0.049581
0.024665
0.008340
0.132849
0.049231
0.028525
0.013285
0.003932
-0.032965
0.001474
0.053977
0.021293
0.053016
0.069594
-0.043892
-0.004572
0.092507
-0.003592
0.052837
0.114577
-0.015248
-0.010996
0.004240
-0.035675
0.093490
-0.043276
0.036325
0.091085
0.009428
0.037777
0.058088
-0.025033
0.007398
0.031695
0.017549
0.088243
0.038747
0.079892
0.016120
0.004032
0.030209
0.045546
0.042865
0.095429
0.010354
0.064077
0.004586
0.078518
0.019417
-0.001074
0.007439
0.164165
0.007741
0.096547
0.047435
0.028999
0.041565
-0.004404
0.051376
0.100759
0.078972
0.100615
0.025359
0.045177
0.087503
-0.001655
0.097807
0.117540
0.051673
0.021292
0.036432
0.097755
0.052897
0.021795
0.110822
0.097795
0.022535
0.177887
0.081688
0.040190
0.115128
0.163164
0.080437
0.192918
0.096965
0.061431
0.083465
0.110308
0.095092
0.042018
0.190253
0.141152
0.160492
0.257189
0.122519
0.162038
0.174585
0.117960
0.119005
0.252851
0.190780
0.232303
0.268914
0.214233
0.163652
0.240969
0.174325
0.318877
0.268393
0.248862
0.238585
0.232017
0.247906
0.187464
0.243234
0.219632
0.286891
0.178690
0.250400
0.274224
0.162227
0.132791
0.183974
0.231550
0.168236
0.372846
0.271661
0.212531
0.327160
0.376222
0.329132
0.323548
0.467317
0.393316
0.367323
0.292824
0.215330
0.353538
0.334906
0.473851
0.429292
0.424153
0.452878
0.461093
0.470957
0.482434
0.464145
0.384861
0.587236
0.370857
0.444805
0.356745
0.420141
0.303256
0.496910
0.518337
0.417282
0.640134
0.680281
0.602130
0.681946
0.621057
0.586252
0.609490
0.663663
0.603900
0.558160
0.546706
0.600346
0.643174
0.627961
0.705934
0.637143
0.657062
0.720855
0.711327
0.639273
0.670431
0.628584
0.665673
0.729891
0.666771
0.674906
0.651641
0.604876
0.667191
0.648650
0.713032
0.665934
0.604996
0.645379
0.665710
0.605302
0.619135
0.563824
0.585696
0.617949
0.593445
0.558066
0.546131
0.520762
0.622088
0.579618
0.486134
0.529477
0.461300
0.418121
0.472647
0.388919
0.464516
0.362562
0.359624
0.504571
0.386040
0.340354
0.423846
0.450089
0.391927
0.357360
0.438434
0.326484
0.382695
0.393169
0.410242
0.365902
0.428515
0.399630
0.362790
0.397059
0.328020
0.349058
0.359676
0.380702
0.277256
0.334247
0.422278
0.365698
0.352320
0.322176
0.298526
0.300406
0.348494
0.336824
0.391653
0.325768
0.314431
0.332142
0.369014
0.353428
0.303721
0.232499
0.333403
0.348986
0.291394
0.343040
0.259596
0.296512
0.359627
0.336879
0.310750
0.404446
0.317881
0.267552
0.324352
0.368082
0.281400
0.354026
0.385510
0.320349
0.372411
0.320785
0.372225
0.355085
0.378494
0.313106
0.343356
0.444711
0.325759
0.391979
0.414394
0.383585
0.284389
0.366035
0.453663
0.396686
0.404157
0.428834
0.383041
0.334884
0.387423
0.404137
0.406340
0.398478
0.383726
0.342526
0.398295
0.426468
0.361783
0.311287
0.335020
0.294756
0.295881
0.265454
0.330645
0.303741
0.390812
0.274086
0.260646
0.382544
0.222631
0.268132
0.292060
0.105567
0.217723
0.154612
0.194485
0.249941
0.328027
0.296539
0.281215
0.254662
0.305352
0.238827
0.284377
0.360024
0.268234
0.246850
0.329324
0.302159
0.209114
0.206877
0.299879
0.377743
0.238834
0.290286
0.241462
0.290944
0.376041
0.420876
0.372395
0.362173
0.305865
0.341230
0.298640
0.362486
0.320441
0.323498
0.460756
0.412570
0.350823
0.414532
0.320483
0.459435
0.441550
0.347840
0.388688
0.452126
0.427010
0.320881
0.378218
0.374734
0.292842
0.359863
0.453237
0.414481
0.454678
0.391960
0.476345
0.482152
0.382144
0.372896
0.314751
0.486485
0.488891
0.434088
0.384461
0.435507
0.403151
0.291003
0.452064
0.508206
0.379532
0.381181
0.402726
0.399144
0.376337
0.446942
0.448224
0.492328
0.417823
0.381744
0.433124
0.314454
0.356395
0.358721
0.448954
0.287398
0.322962
0.412630
0.378081
0.310635
0.348915
0.261864
0.358529
0.385372
0.269271
0.399227
0.324031
0.388198
0.327464
0.371024
0.370953
0.372452
0.437787
0.338131
0.247483
0.343704
0.337747
0.313249
0.375300
0.370377
0.318112
0.327772
0.279691
0.339239
0.295402
0.369034
0.333812
0.247516
0.410516
0.262813
0.249808
0.352964
0.317572
0.208319
0.264648
0.295700
0.263337
0.310415
0.208115
0.235181
0.216842
0.218905
0.324674
0.233933
0.244105
0.243077
0.259762
0.227273
0.283507
0.221290
0.179254
0.323752
0.243135
0.174196
0.209968
0.247509
0.237694
0.218278
0.303831
0.261817
0.277335
0.214713
0.210738
0.162534
0.225271
0.180096
0.206724
0.182878
0.105902
0.121699
0.118319
0.139883
0.078641
0.129034
0.154801
0.108879
0.081266
0.127436
0.139469
0.114797
0.228437
0.203884
0.181339
0.106834
0.085720
0.044390
0.114527
0.113816
0.152909
0.072108
0.095948
0.164619
0.206397
0.098528
0.124964
0.152279
0.202760
0.218039
0.175811
0.138360
0.156110
0.143443
0.135500
0.217704
0.137424
0.248763
0.287996
0.236797
0.283585
0.239159
0.269748
0.258564
0.219995
0.185381
0.311050
0.184778
0.192648
0.139022
0.177369
0.174791
0.255109
0.182175
0.178314
0.255646
0.179590
0.109146
0.229030
0.224671
0.261351
0.230731
0.208846
0.281379
0.232814
0.280015
0.251332
0.163369
0.156986
0.245029
0.343920
0.085601
0.261592
0.225643
0.212768
0.164780
0.265088
0.288372
0.246563
0.284530
0.246171
0.248641
0.231381
0.320741
0.152333
0.155960
0.283645
0.233879
0.277239
0.203476
0.173200
0.182521
0.206392
0.117445
0.205879
0.211811
0.186934
0.204914
0.172459
0.134887
0.130111
0.136077
0.174036
0.121649
0.282706
0.245124
0.184847
0.216300
0.222763
0.188377
0.223860
0.161425
0.122383
0.188950
0.078406
0.098529
0.179021
0.173503
0.207678
0.198089
0.220650
0.156872
0.213655
0.137176
0.224284
0.225220
0.210247
0.151119
0.151960
0.141760
0.098042
0.184151
0.149783
0.173087
0.255132
0.218987
0.248824
0.172941
0.234167
0.222387
0.246011
0.187728
0.225213
0.169051
0.190943
0.147607
0.128670
0.222562
0.167702
0.113004
0.195843
0.112759
0.217847
0.079986
0.098727
0.152023
0.073278
0.133577
0.166779
0.082691
0.117307
0.125323
0.149293
0.128975
0.127027
0.146299
0.148474
0.160087
0.154391
0.140440
0.167752
0.101853
0.207204
0.209601
0.253681
0.145084
0.117173
0.157717
0.237275
0.228633
0.111655
0.243957
0.254288
0.199040
0.260488
0.230362
0.189504
0.163889
0.257103
0.305337
0.199241
0.268553
0.214561
0.223048
0.246256
0.275560
0.167640
0.213842
0.315174
0.331727
0.300909
0.267168
0.256123
0.218854
0.278446
0.317036
0.282851
0.252612
0.268483
0.196890
0.263669
0.191257
0.221792
0.250810
0.293754
0.263379
0.391418
0.330457
0.363282
0.314643
0.293656
0.390608
0.395159
0.274926
0.363095
0.416374
0.356433
0.407830
0.411575
0.449113
0.486903
0.467385
0.488584
0.507799
0.583563
0.487579
0.557098
0.581933
0.535460
0.625547
0.607207
0.432162
0.630207
0.596539
0.561270
0.597722
0.745469
0.648180
0.558057
0.613093
0.664979
0.536717
0.653152
0.672062
0.653149
0.731358
0.577711
0.625378
0.696476
0.645330
0.574417
0.509530
0.279508
