0.552535
0.369935
0.140257
0.275860
0.213426
0.185796
0.072177
0.086453
0.187996
0.114633
0.157787
0.170850
0.223897
0.129194
0.132025
0.216176
0.275980
0.173200
0.181938
0.170129
0.205765
0.240709
0.194983
0.205865
0.177934
0.146274
0.179135
0.127999
0.080682
0.110307
0.190313
0.114058
0.156760
0.147294
0.163669
0.147395
0.163443
0.103294
0.255371
0.238835
0.048919
0.173037
0.158363
0.113532
0.115194
0.180656
0.137817
0.189022
0.331331
0.209537
0.109472
0.207875
0.125386
0.200627
0.293773
0.151105
0.201418
0.224997
0.163564
0.192905
0.211945
0.160404
0.140401
0.237640
0.176722
0.310939
0.257010
0.238353
0.200438
0.301807
0.216521
0.256301
0.332995
0.206019
0.296779
0.234879
0.287863
0.292713
0.313968
0.210855
0.334737
0.333398
0.303282
0.352682
0.337016
0.385961
0.274947
0.335028
0.409999
0.306585
0.400505
0.322668
0.222709
0.287632
0.286198
0.342684
0.361779
0.508819
0.370348
0.502469
0.496729
0.467343
0.469673
0.441689
0.552215
0.443569
0.421006
0.455522
0.473311
0.494469
0.588413
0.678510
0.577950
0.629204
0.655493
0.667789
0.696102
0.659322
0.505672
0.582936
0.652565
0.617653
0.691460
0.633435
0.637759
0.648265
0.659177
0.724228
0.624328
0.674420
0.639843
0.615346
0.643271
0.591683
0.517017
0.612950
0.689965
0.592177
0.599656
0.664801
0.619952
0.635431
0.546091
0.588189
0.564614
0.604937
0.595830
0.561855
0.649216
0.613956
0.635755
0.695570
0.682450
0.673086
0.646257
0.493188
0.644164
0.611515
0.524515
0.598797
0.570032
0.611724
0.642217
0.658665
0.635493
0.672060
0.656338
0.638854
0.712485
0.565353
0.554019
0.604952
0.652465
0.638174
0.600125
0.706752
0.649833
0.564137
0.622468
0.596770
0.612970
0.589967
0.581366
0.545780
0.677545
0.581166
0.540843
0.554418
0.549870
0.575880
0.622462
0.625766
0.539289
0.678327
0.585059
0.655321
0.621603
0.630421
0.454415
0.608855
0.656403
0.553366
0.635729
0.558436
0.543646
0.548536
0.620418
0.620622
0.565196
0.562897
0.629377
0.688327
0.674169
0.626592
0.476090
0.560946
0.611153
0.518405
0.503962
0.513871
0.566062
0.569759
0.603858
0.634160
0.581388
0.543264
0.573080
0.614924
0.499158
0.657908
0.567859
0.510594
0.684829
0.511388
0.555837
0.548797
0.471594
0.465182
0.467366
0.546427
0.530646
0.449161
0.482429
0.457289
0.493791
0.406811
0.435274
0.438653
0.379975
0.401486
0.487993
0.327817
0.346944
0.422556
0.393862
0.419337
0.328144
0.333024
0.271468
0.273469
0.271533
0.308763
0.355257
0.349286
0.352262
0.361433
0.255105
0.373075
0.358140
0.285878
0.331690
0.405557
0.408035
0.397308
0.302053
0.395041
0.432386
0.355281
0.330570
0.371950
0.393978
0.312107
0.343176
0.337165
0.353466
0.298893
0.353285
0.468203
0.418151
0.314018
0.340856
0.390720
0.259621
0.296273
0.283814
0.278451
0.301552
0.281944
0.256100
0.265806
0.183281
0.237535
0.199789
0.212640
0.201729
0.186406
0.197382
0.175376
0.160711
0.253853
0.329732
0.252301
0.275456
0.186960
0.219246
0.262120
0.217454
0.203009
0.213382
0.262519
0.294991
0.221597
0.144400
0.232837
0.216590
0.277330
0.254595
0.296555
0.261948
0.247433
0.263308
0.259600
0.340144
0.297247
0.288455
0.383182
0.321490
0.286604
0.202046
0.318912
0.257022
0.285149
0.259039
0.263923
0.319840
0.307907
0.397360
0.337666
0.297891
0.288423
0.312415
0.344512
0.256425
0.360098
0.358824
0.263186
0.326989
0.331543
0.408323
0.377431
0.383203
0.327869
0.297846
0.434817
0.347319
0.375346
0.391539
0.463919
0.445241
0.408626
0.394686
0.432868
0.414688
0.508658
0.435067
0.445619
0.628299
0.591619
0.488925
0.532555
0.514156
0.544566
0.610378
0.606094
0.536437
0.649118
0.595088
0.692717
0.637215
0.689289
0.584214
0.589785
0.724097
0.675919
0.707700
0.720574
0.701703
0.691625
0.703262
0.735211
0.740612
0.743721
0.695987
0.733882
0.686412
0.715557
0.679220
0.744345
0.728997
0.641355
0.664831
0.706093
0.683273
0.661813
0.718504
0.646097
0.661545
0.609380
0.603370
0.703161
0.671020
0.676126
0.620155
0.610617
0.717595
0.665352
0.660366
0.635759
0.630563
0.640326
0.615853
0.656112
0.602635
0.667299
0.673675
0.669406
0.648372
0.637775
0.587047
0.631889
0.699942
0.642677
0.617083
0.579333
0.671312
0.697068
0.685792
0.705019
0.669275
0.641450
0.635346
0.677735
0.693228
0.677261
0.642089
0.681826
0.725820
0.665709
0.679612
0.677929
0.696584
0.710650
0.641779
0.745927
0.673429
0.709169
0.725796
0.680453
0.736496
0.723055
0.707658
0.684684
0.777879
0.724541
0.665026
0.742661
0.758544
0.745662
0.759599
0.751532
0.682910
0.756234
0.745355
0.744551
0.727064
0.707999
0.698080
0.734113
0.770226
0.760122
0.747304
0.766280
0.769166
0.812850
0.779619
0.777118
0.759942
0.774248
0.801751
0.786761
0.764679
0.725352
0.737808
0.816498
0.830807
0.781713
0.808877
0.779330
0.762174
0.798547
0.791266
0.736526
0.750377
0.776634
0.814431
0.858732
0.806764
0.774530
0.774827
0.765742
0.806139
0.770672
0.744634
0.750303
0.812930
0.829801
0.794888
0.809764
0.776782
0.691787
0.763726
0.790097
0.760939
0.779931
0.797550
0.725984
0.744150
0.770082
0.714316
0.710014
0.711948
0.704111
0.703505
0.704277
0.679714
0.620413
0.656315
0.611150
0.652000
0.660301
0.672832
0.659067
0.591459
0.577353
0.625101
0.661458
0.647144
0.681509
0.646370
0.645149
0.643998
0.654887
0.638625
0.648469
0.611183
0.618242
0.513832
0.557326
0.703344
0.595685
0.606113
0.642989
0.571267
0.604774
0.577698
0.599246
0.627642
0.619502
0.600330
0.616182
0.620017
0.640355
0.528504
0.607969
0.702576
0.611430
0.611179
0.520123
0.591639
0.651151
0.667866
0.704762
0.628890
0.583715
0.668702
0.693964
0.629952
0.654033
0.598295
0.640993
0.644117
0.619459
0.657659
0.589359
0.633742
0.541775
0.606392
0.637803
0.577877
0.624430
0.660703
0.592355
0.566824
0.601112
0.525360
0.577931
0.653779
0.604572
0.530681
0.565664
0.648330
0.598769
0.570048
0.614579
0.458974
0.569810
0.561144
0.574870
0.598965
0.602298
0.573066
0.530791
0.647404
0.607419
0.537045
0.533545
0.488702
0.496681
0.469710
0.548943
0.606378
0.648167
0.540272
0.612106
0.748419
0.661531
0.635627
0.556761
0.751906
0.663250
0.560869
0.616758
0.555083
0.593503
0.630791
0.694673
0.548769
0.672793
0.608392
0.681581
0.599139
0.622500
0.579484
0.562116
0.728088
0.566281
0.555751
0.615586
0.558243
0.560753
0.559947
0.637697
0.538108
0.622393
0.594656
0.627878
0.623727
0.592394
0.643564
0.644251
0.555977
0.517547
0.624117
0.602196
0.569935
0.659512
0.647656
0.689790
0.572741
0.554144
0.577128
0.601030
0.582594
0.673020
0.640579
0.580182
0.670115
0.627211
0.534220
0.653956
0.649528
0.665517
0.671471
0.746158
0.760696
0.696514
0.720348
0.714690
0.672323
0.702658
0.699994
0.643786
0.722893
0.642396
0.620244
0.708512
0.713485
0.700059
0.774355
0.750241
0.644701
0.728245
0.725470
0.768360
0.723916
0.686526
0.641865
0.730402
0.732239
0.766499
0.759941
0.693248
0.689412
0.706920
0.742715
0.759481
0.669290
0.765456
0.774601
0.725716
0.718524
0.692337
0.660227
0.761274
0.717363
0.702861
0.701309
0.779093
0.791004
0.763737
0.755956
0.766799
0.742107
0.745098
0.772413
0.768767
0.726683
0.745728
0.700127
0.765165
0.806191
0.746407
0.739484
0.815372
0.801266
0.807110
0.773066
0.808806
0.760121
0.775388
0.828782
0.834922
0.779516
0.799411
0.769840
0.814618
0.805813
0.820722
0.788395
0.817591
0.846086
0.864681
0.837309
0.797527
0.803234
0.751325
0.790217
0.788328
0.811310
0.795130
0.726836
0.758705
0.816237
0.815846
0.739548
0.812558
0.784958
0.792277
0.749054
0.769888
0.772071
0.764013
0.769099
0.824604
0.766674
0.802803
0.738492
0.789717
0.852842
0.764830
0.744545
0.772605
0.784818
0.751812
0.789555
0.791918
0.786045
0.821386
0.837588
0.858236
0.872141
0.842687
0.760788
0.847010
0.838758
0.833053
0.811936
0.808337
0.839709
0.863821
0.858702
0.862884
0.844138
0.860506
0.910424
0.923345
0.876351
0.908413
0.895927
0.883490
0.923338
0.902084
0.865488
0.927061
0.918891
0.899949
0.901107
0.918733
0.871746
0.915389
0.919328
0.938964
0.940914
0.940683
0.922794
0.923899
0.925411
0.934859
0.884109
0.933122
0.936306
0.943190
0.924824
0.928461
0.911646
0.894017
0.919898
0.955261
0.932590
0.943105
0.929361
0.931060
0.945940
0.911567
0.864800
0.930455
0.921786
0.905477
0.906468
0.895536
0.878141
0.842481
0.864942
0.864308
0.845652
0.877490
0.852397
0.860987
0.870114
0.841312
0.768661
0.861667
0.845834
0.847938
0.838841
0.831648
0.806007
0.805234
0.846230
0.846617
0.833001
0.820778
0.828645
0.781910
0.859452
0.812794
0.748328
0.757921
0.783998
0.812576
0.797066
0.781268
0.792044
0.753307
0.771951
0.841203
0.841127
0.790399
0.759460
0.728321
0.782388
0.777032
0.702585
0.722665
0.731513
0.709383
0.712856
0.753223
0.755977
0.685710
0.687286
0.756231
0.723883
0.673902
0.705252
0.732280
0.667750
0.670806
0.687010
0.696398
0.666316
0.639840
0.645972
0.716541
0.624741
0.606249
0.656509
0.610753
0.566931
0.649841
0.583496
0.588850
0.609712
0.569810
0.598174
0.573757
0.523357
0.509877
0.522479
0.495043
0.472113
0.504839
0.482098
0.529274
0.510154
0.462871
0.471702
0.465439
0.529986
0.390189
0.437056
0.434260
0.378578
0.429809
0.432696
0.415501
0.473969
0.358829
0.376181
0.411600
0.376194
0.376293
0.356267
0.264497
0.414566
0.357393
0.315790
0.276763
0.281520
0.249674
0.252572
0.370814
0.294349
0.372903
0.375070
0.364691
0.316549
0.343511
0.302899
0.263629
0.276860
0.194805
0.259960
0.212183
0.132208
0.172671
0.189985
0.228672
0.208942
0.258636
0.245288
0.147645
0.197383
0.141615
0.225729
0.232124
0.256377
0.101815
0.204491
0.379844
0.189611
0.281105
0.317659
0.251443
