0.585508
0.672874
0.643067
0.788247
0.759648
0.723050
0.677489
0.706802
0.810663
0.679448
0.676030
0.575747
0.599951
0.692149
0.697295
0.733533
0.671106
0.670357
0.735024
0.698249
0.621883
0.690669
0.663898
0.652771
0.682441
0.614712
0.665188
0.590195
0.524053
0.559478
0.588103
0.605501
0.543618
0.585785
0.542135
0.455087
0.599399
0.577565
0.431172
0.512979
0.555165
0.509872
0.526890
0.427696
0.347832
0.350349
0.453023
0.415656
0.294662
0.427659
0.419993
0.457660
0.451203
0.456281
0.399463
0.374172
0.450756
0.335607
0.361905
0.321174
0.319964
0.330124
0.376931
0.444164
0.444869
0.358739
0.314370
0.416970
0.320380
0.393735
0.344702
0.335091
0.288918
0.299086
0.368921
0.230607
0.251429
0.208449
0.258495
0.259847
0.246866
0.175805
0.170220
0.178890
0.215631
0.231114
0.311953
0.245675
0.282530
0.189824
0.092764
0.199391
0.283568
0.109488
0.082844
0.168451
0.262051
0.208046
0.031935
0.105626
0.162919
0.112055
0.214889
0.150543
0.182412
0.095263
0.141210
0.195756
0.107596
0.145004
0.170608
0.198355
0.200376
0.130540
0.119428
0.174678
0.112262
0.156457
0.229824
0.141870
0.094622
0.126354
0.174321
0.120952
0.059014
0.134810
0.164714
0.093925
0.200184
0.049944
-0.003992
0.102985
-0.037036
0.065231
0.091284
0.093080
0.073200
0.091850
0.050485
0.090931
0.086231
0.038490
0.064797
0.072211
0.057123
0.078443
0.061614
0.049759
0.009689
0.047104
0.072381
0.100978
0.010836
0.030289
0.089598
0.023224
0.063335
0.008330
0.030835
0.023012
0.100618
0.088675
-0.033809
0.004584
0.009999
0.060904
0.004829
0.156406
-0.001168
-0.050793
0.017628
-0.008925
0.079335
0.029214
0.025959
0.066136
-0.033351
0.057845
0.017894
0.003839
0.010689
0.014335
-0.009993
0.095609
0.032156
0.022893
0.009114
-0.004268
0.021309
0.016536
-0.003057
0.077134
-0.011081
0.016611
0.033361
0.033939
-0.016027
0.018283
0.052715
0.091196
0.034297
0.018927
0.011750
0.028308
0.016114
-0.013220
0.000442
0.048396
0.031738
0.063084
-0.000571
0.023645
-0.003161
0.046597
0.019754
0.063362
0.024174
0.010046
0.016270
0.003105
-0.040122
-0.072485
0.040043
0.048001
0.031521
0.046268
-0.027679
0.014596
0.005224
-0.003007
0.020487
0.107749
-0.020631
-0.022163
-0.032103
-0.060316
0.011017
-0.015594
0.008376
0.052140
-0.042896
0.014988
-0.081626
-0.017545
-0.009896
0.015205
0.015450
0.034587
0.001089
0.041431
-0.051275
-0.065489
-0.020461
-0.036568
-0.016811
0.042372
-0.043730
0.060106
0.022612
-0.017437
-0.082558
-0.013418
0.024129
0.096237
-0.037042
-0.004444
-0.027784
-0.054338
-0.049262
-0.011837
-0.036713
0.012502
0.049204
-0.035698
-0.037152
0.003063
-0.006864
0.008753
-0.023684
0.111744
-0.006506
0.000159
-0.024450
-0.032685
-0.019793
-0.017370
-0.003714
0.089475
-0.051235
0.037877
-0.021181
0.009502
-0.015591
-0.005152
0.022044
0.071634
0.027036
-0.008711
0.012324
-0.028988
-0.031852
0.015526
0.006528
0.014677
-0.013452
0.056169
-0.022606
-0.029341
0.058716
0.037874
-0.031612
0.114763
-0.050784
0.002050
-0.021631
-0.059326
-0.001916
-0.029987
-0.001792
0.062681
-0.009521
-0.001758
-0.010939
0.003962
-0.042322
0.049313
-0.065083
0.086922
0.007072
0.009166
-0.023939
-0.004171
-0.026667
0.008684
-0.020676
0.050657
0.013440
0.086862
-0.028217
0.045329
-0.001219
0.019965
-0.010806
0.137564
-0.055237
0.004822
-0.004553
-0.000837
-0.011345
-0.001815
0.028838
0.104802
-0.068884
0.081180
-0.010231
0.002510
0.002620
0.014217
0.010090
0.105090
0.049512
0.033585
-0.001779
0.006300
-0.026960
-0.038376
0.033623
0.042628
0.026622
0.083670
-0.056549
-0.007028
0.006720
0.008054
-0.044889
0.091340
0.085759
0.007255
0.015267
0.058566
-0.052669
0.000534
-0.053911
0.067101
0.040311
0.019995
-0.044824
-0.002510
-0.005843
0.075823
-0.051986
0.110377
0.003013
0.017927
0.015120
0.003354
0.061681
0.001366
-0.012524
0.055239
-0.001160
0.034381
-0.040688
0.006709
0.038578
0.022239
0.035387
0.093250
-0.008092
0.036217
0.021003
-0.021966
-0.052863
-0.043348
0.051126
0.038383
-0.035531
0.034691
0.005737
-0.017592
0.032913
0.027231
-0.052506
0.086208
0.090631
0.084363
-0.006250
-0.028856
0.036352
-0.038941
0.016151
0.052077
0.084268
0.072968
-0.032148
0.009679
0.025959
0.027572
-0.028148
0.156981
0.063499
0.022571
0.007567
0.055867
0.016641
-0.011648
0.034095
0.050300
0.083968
0.007652
-0.036019
-0.015336
0.028545
0.076534
-0.028258
0.143199
-0.018165
0.002616
-0.035138
0.061950
0.047372
-0.062039
0.003776
0.047598
0.028066
0.018521
-0.003626
-0.001062
-0.002693
0.026805
-0.009002
0.095338
0.018674
-0.005790
-0.035040
-0.015143
-0.017063
0.012295
-0.014893
0.050036
-0.007137
0.015713
0.002388
0.018167
-0.012360
-0.035924
-0.000024
0.121765
-0.011985
-0.014478
-0.005851
-0.011376
0.027537
-0.044323
0.036613
0.054762
0.048245
0.038506
-0.074476
-0.021652
0.008136
0.032834
-0.049410
0.111702
-0.008757
0.043591
-0.029863
0.019105
0.011086
-0.044256
0.013311
0.045538
-0.018089
0.032052
-0.006882
-0.006714
-0.019343
0.040704
-0.034209
0.072895
0.069250
0.021977
-0.007216
-0.001296
-0.079022
-0.019420
-0.041430
0.027881
0.002865
0.021590
-0.052285
-0.029546
-0.047155
0.016106
-0.024739
0.105417
-0.017994
-0.032074
0.000128
-0.042295
-0.028471
-0.007781
-0.005192
0.074583
-0.063276
0.025675
-0.023184
0.020657
0.033567
-0.019164
-0.021012
0.126126
0.015021
-0.032517
-0.056274
-0.028906
-0.012902
-0.003786
-0.040465
0.091776
-0.019396
0.008670
0.023355
-0.004239
0.003673
0.000807
-0.008290
0.056696
0.076211
0.033670
0.005728
-0.008633
-0.010261
-0.056698
0.017364
0.037188
0.013019
0.040818
0.016616
0.018142
-0.025263
0.026577
-0.057205
0.043458
0.038807
0.011262
-0.016709
-0.000887
-0.008594
0.005721
-0.001386
0.048305
0.034325
0.020059
-0.057758
-0.027984
-0.014172
0.024089
0.009925
0.105576
0.041129
0.017003
-0.035387
0.032350
0.036153
-0.058700
0.011328
0.027037
0.039671
0.110991
-0.023576
0.051634
-0.004414
0.011205
0.077626
0.067042
0.140329
0.001704
-0.094122
0.073200
0.102869
0.085348
0.008523
0.082499
0.116408
0.047323
-0.004012
0.088496
0.032591
0.003105
0.085587
0.160657
-0.053763
0.069221
-0.006083
0.045443
0.133249
0.031650
0.017009
0.052431
0.039670
0.057772
0.000684
0.050355
0.048293
-0.006543
-0.027661
0.153492
-0.002845
-0.007197
-0.001998
0.017824
0.036690
-0.010827
0.102897
0.055437
0.040403
0.026987
-0.025936
0.034993
0.063240
-0.010062
0.052025
0.110680
0.016639
0.052444
0.047511
-0.002731
0.090535
-0.022949
-0.018547
0.047471
0.065610
0.045631
0.009941
0.013805
0.040554
0.126331
0.133311
0.104226
0.046162
0.065983
0.031712
0.010555
0.007544
-0.022054
0.045768
0.093950
0.021555
0.116233
-0.030760
-0.020166
0.039884
0.044729
-0.009025
0.073711
0.091557
0.009065
-0.045912
0.011815
0.075224
0.002626
0.039743
0.086270
0.007804
0.059425
-0.014491
0.003578
0.017887
0.032408
0.000723
0.103684
0.003077
-0.018487
0.017067
0.065913
0.044106
-0.022761
0.016556
0.050629
0.077680
0.071804
-0.043933
0.044013
0.030760
-0.008012
0.006082
0.092377
0.038603
0.006197
0.079837
0.002687
0.007108
0.035232
0.105159
0.062336
0.056152
0.088314
0.007898
0.042224
0.007052
0.042797
0.032309
0.048341
0.124901
0.017705
0.006047
-0.014734
0.100979
0.054553
0.029608
0.100924
0.061144
0.085709
0.035986
0.032993
-0.015624
0.062421
0.043657
0.095517
0.098749
0.027693
0.015287
0.022447
-0.004983
0.010176
0.088942
0.063301
0.068842
0.083931
0.028532
0.042309
0.020439
0.038184
0.013044
0.103270
0.068201
0.058970
0.060117
-0.008027
-0.009970
0.070931
0.054348
0.084669
0.025540
0.056352
-0.009855
0.075855
0.044870
0.016200
0.120026
0.088944
0.020209
0.059548
0.040048
-0.021879
0.025249
0.024915
0.108313
0.085931
0.080046
0.062838
0.028254
0.030975
0.085053
0.070897
0.115826
0.076381
0.062498
0.006434
0.021374
0.087601
0.095312
0.054468
-0.000945
0.095006
0.056133
-0.000732
-0.005044
0.060871
-0.011749
0.134910
0.035179
0.103289
0.053531
0.025175
0.020450
0.025597
0.073907
0.027672
0.051945
0.116048
0.020705
0.048500
-0.028360
0.074057
0.047760
0.079503
0.023471
0.090463
0.145785
0.048301
0.013911
0.066464
0.041654
-0.015441
0.017926
0.128141
0.040109
0.053951
0.040672
0.039780
0.027028
0.167496
0.110819
0.060162
0.119085
0.042502
-0.014455
0.117721
0.078625
0.013665
0.081932
0.170198
0.076919
0.111933
0.119641
0.059594
0.049675
0.155974
0.002402
0.160071
0.135910
0.046346
0.028703
0.051655
0.023447
0.017617
0.038490
0.049471
0.094938
0.047326
-0.066195
0.046617
0.011448
0.018882
0.028385
0.148870
-0.001262
0.057860
0.028045
-0.017203
-0.093058
0.013620
0.016093
0.075358
0.009509
0.017868
-0.003409
0.006108
-0.054215
0.006796
-0.019665
0.137556
-0.008477
0.016348
-0.067774
0.058813
0.014308
-0.043174
-0.022313
0.067144
-0.012904
0.081543
-0.006269
0.014400
0.026276
-0.015295
0.003067
0.108597
0.013655
0.027082
0.003169
0.040297
0.015617
-0.009444
0.014870
0.034549
0.000871
0.029820
-0.011418
0.010566
0.025176
0.057047
0.011573
0.190263
-0.019538
-0.029823
0.018166
-0.035644
-0.000871
-0.054967
0.063128
0.047934
0.041545
0.066085
-0.020038
0.018602
0.024385
0.027989
-0.057255
0.112300
0.082452
0.002917
0.052552
-0.013245
-0.006964
-0.015916
0.026736
0.099611
0.043125
0.073819
0.004704
0.001847
0.017258
0.050478
0.027627
0.089153
0.052249
0.076343
-0.046410
0.027098
-0.008858
0.018175
0.069248
0.081905
0.044269
0.114021
0.012860
0.037263
0.051117
0.096576
0.126804
0.104960
0.085138
0.050389
0.045093
0.071078
0.057170
-0.023777
0.057627
0.080449
0.126301
0.095613
0.091260
0.094591
0.149055
0.111981
0.163719
0.149548
0.133080
0.089530
0.013545
0.222546
0.259749
0.205431
0.131300
0.309344
0.401612
0.245159
0.302060
0.331211
0.163076
0.431530
0.415663
0.320091
0.653867
0.337704
0.397151
0.529768
0.402856
0.399280
0.407094
0.260507
