0.549472
0.245673
0.068335
0.131472
0.034501
0.067743
-0.004596
0.002615
0.138473
0.090030
0.099280
0.034017
0.109929
0.007480
0.029996
0.042882
0.098696
0.060522
0.015486
0.038624
0.070366
0.090558
0.055615
0.162179
0.082796
0.100795
0.051816
0.144199
0.154493
0.083773
0.128824
0.141169
0.194468
0.170351
0.055526
0.142317
0.119793
0.131760
0.071669
0.109893
0.239021
0.157382
0.231790
0.176392
0.093587
0.144572
0.177037
0.293367
0.184193
0.242051
0.221352
0.162978
0.122910
0.182613
0.230893
0.176411
0.121958
0.172338
0.232881
0.163095
0.180665
0.129124
0.108510
0.213808
0.113405
0.159668
0.118208
0.049890
0.092211
0.119474
0.141140
0.107847
0.060338
0.089830
0.072352
0.102621
0.159303
0.055040
0.063474
0.066828
0.225287
0.122415
0.045462
0.092944
0.147698
0.135365
0.131611
0.126167
0.146904
0.115013
0.191263
0.152775
0.141193
0.136463
0.126186
0.146719
0.125194
0.201840
0.204389
0.222243
0.173371
0.190152
0.192141
0.235081
0.237287
0.194504
0.256918
0.227049
0.296120
0.268146
0.262818
0.268871
0.290844
0.266700
0.184555
0.212109
0.250968
0.338435
0.303994
0.330469
0.321565
0.248733
0.264786
0.187010
0.256907
0.195490
0.215712
0.268077
0.215335
0.351865
0.304783
0.280322
0.327896
0.273909
0.270170
0.276531
0.296801
0.213183
0.270566
0.191646
0.211870
0.217976
0.282500
0.221059
0.397082
0.275533
0.312931
0.305840
0.296256
0.368388
0.438901
0.415359
0.340642
0.310343
0.318480
0.349941
0.394813
0.308844
0.389268
0.418151
0.381881
0.421201
0.400673
0.430069
0.440931
0.450569
0.449373
0.405472
0.403759
0.429664
0.330984
0.394293
0.372994
0.352191
0.347731
0.457553
0.453258
0.435691
0.412781
0.465354
0.428510
0.470092
0.514616
0.476319
0.555835
0.447549
0.372464
0.505304
0.464944
0.387338
0.415398
0.443079
0.430187
0.563557
0.535596
0.555521
0.587164
0.568544
0.529735
0.509035
0.624457
0.557474
0.492714
0.482684
0.455218
0.466788
0.541825
0.563700
0.565431
0.580037
0.584547
0.647448
0.624337
0.588316
0.563563
0.569291
0.679416
0.632377
0.669611
0.648835
0.654006
0.663199
0.693279
0.732569
0.714546
0.673581
0.733332
0.715499
0.669236
0.743320
0.698088
0.765164
0.774986
0.716283
0.740229
0.767835
0.724274
0.745854
0.736457
0.781866
0.719732
0.769677
0.803105
0.828690
0.795167
0.821041
0.767874
0.787166
0.849835
0.784282
0.774144
0.850418
0.830716
0.822872
0.830611
0.867673
0.788470
0.823237
0.872741
0.874971
0.853480
0.899019
0.828985
0.837066
0.902201
0.879803
0.838030
0.883607
0.860789
0.871538
0.872559
0.867987
0.821846
0.877901
0.876618
0.864909
0.855070
0.876300
0.831817
0.893812
0.880998
0.887386
0.890006
0.872805
0.846673
0.892825
0.857514
0.877022
0.824062
0.891434
0.874466
0.914687
0.900474
0.915552
0.840067
0.906210
0.915002
0.872534
0.845666
0.883824
0.877678
0.847228
0.862798
0.828449
0.828336
0.835645
0.879296
0.897085
0.866239
0.903412
0.855218
0.858103
0.905842
0.855535
0.794226
0.879305
0.856868
0.849802
0.866902
0.883418
0.852980
0.871089
0.881311
0.935907
0.916371
0.903527
0.855304
0.861098
0.879633
0.859506
0.835998
0.850539
0.844044
0.815305
0.813879
0.857334
0.829116
0.828078
0.848130
0.883854
0.849702
0.861155
0.812480
0.811567
0.894400
0.838919
0.713973
0.811615
0.798791
0.817581
0.807720
0.761215
0.755004
0.755658
0.805519
0.829429
0.800236
0.781886
0.696794
0.753209
0.775490
0.763848
0.697676
0.770537
0.796503
0.756715
0.722921
0.796272
0.741785
0.638912
0.763726
0.702111
0.729276
0.691599
0.729297
0.635184
0.604105
0.651866
0.716917
0.701026
0.654344
0.663690
0.654802
0.610645
0.614089
0.533129
0.496112
0.590367
0.449588
0.499832
0.552542
0.543321
0.587218
0.529308
0.538123
0.602207
0.591706
0.586691
0.538185
0.538428
0.439997
0.508894
0.457218
0.540015
0.494212
0.552016
0.368732
0.454573
0.468599
0.406621
0.451531
0.449376
0.466000
0.453874
0.504216
0.492720
0.504197
0.480357
0.485013
0.486133
0.429196
0.412626
0.382851
0.495233
0.575922
0.444406
0.361793
0.484833
0.529586
0.478589
0.475518
0.460272
0.425998
0.427256
0.492604
0.387486
0.374900
0.400858
0.472051
0.385900
0.329964
0.346042
0.387102
0.383545
0.360904
0.349024
0.375512
0.402574
0.405236
0.359043
0.353515
0.308533
0.301372
0.251035
0.179192
0.221246
0.218076
0.257154
0.172401
0.135995
0.138252
0.232678
0.202720
0.120902
0.084590
0.212302
0.107173
0.121513
0.047004
0.061829
0.084298
0.151135
0.089366
0.094043
0.111437
0.096586
0.174691
0.018782
0.127084
0.130530
0.074360
0.139494
0.044978
-0.012126
0.104528
0.035594
0.118243
0.111342
0.065484
0.071289
0.130031
0.125205
0.111086
0.089111
0.085178
0.103009
0.175714
0.118407
0.057036
0.118023
0.089500
0.185751
0.072696
0.143842
0.081850
0.138781
0.122119
0.113592
0.100369
0.076915
0.097368
0.173220
0.163344
0.157154
0.112223
0.085804
0.113518
0.151074
0.201169
0.126106
0.177095
0.066434
0.080441
0.085737
0.135876
0.029496
0.123137
0.123691
0.119006
0.137361
0.065230
0.130714
0.144443
0.144033
0.089524
0.164967
0.094081
0.058789
0.067038
0.074412
0.081286
0.086031
0.058858
0.086636
0.071120
0.125022
0.031012
0.033517
0.079402
0.115972
0.018689
0.115344
0.097095
0.008457
0.035705
0.065734
0.085500
0.010613
0.129626
0.166245
0.072604
0.103575
0.049976
0.107672
-0.030093
0.093641
0.063114
0.149531
0.055164
0.019568
0.002688
0.022244
0.074597
0.058366
0.057610
0.104000
0.012314
0.060242
0.032282
0.020117
-0.016849
0.041378
-0.000274
0.092242
0.054635
0.038764
0.073619
-0.049001
-0.012347
-0.032753
0.090582
0.078356
0.039033
0.118203
-0.034681
0.034723
0.040996
0.014583
0.028215
0.139988
0.058248
-0.010190
0.010155
0.044736
0.102408
-0.010494
0.025957
0.078578
0.120854
0.059870
0.011616
0.104841
0.037559
0.089111
0.050420
0.075812
0.104319
0.080756
0.028269
0.094159
0.026622
0.081714
0.031531
0.107134
0.109532
0.078690
0.018630
0.093472
0.064752
0.142476
0.087470
0.054777
0.118494
0.056091
0.071614
-0.011779
0.142492
0.004050
0.036357
0.071841
0.064934
0.140090
0.044247
0.057938
0.137283
0.078849
0.056261
0.123182
0.097229
0.045733
0.090758
0.093580
0.071178
0.083046
0.104925
0.121823
0.079342
0.214584
0.101000
0.058872
0.132567
0.157872
0.058331
0.085672
0.145708
0.073604
0.112163
0.077005
-0.040688
0.068849
0.108357
0.102687
0.056774
0.091731
0.097889
0.077175
0.091193
0.200440
0.106806
0.143089
0.062254
0.115053
0.112311
0.048618
0.099993
0.055458
0.073332
0.068445
0.168585
0.138393
0.080569
0.167223
0.091594
0.230126
0.178119
0.105096
0.190416
0.078875
0.109247
0.143978
0.129875
0.087324
0.092721
0.164223
0.232823
0.196057
0.122603
0.133426
0.195608
0.250271
0.174067
0.213341
0.243430
0.170199
0.216353
0.186140
0.059247
0.160661
0.203262
0.250814
0.260908
0.252079
0.120758
0.108250
0.148554
0.212294
0.117958
0.152665
0.203549
0.049423
0.159985
0.201899
0.176803
0.080873
0.162827
0.180593
0.167259
0.154419
0.015768
0.141506
0.213872
0.275625
0.090470
0.177058
0.186018
0.152114
0.184240
0.186460
0.079709
0.074944
0.151655
0.216849
0.148205
0.223214
0.134154
0.235442
0.202587
0.291635
0.138364
0.208996
0.247705
0.127677
0.162358
0.159104
0.247927
0.164506
0.142963
0.251121
0.288300
0.247684
0.173317
0.182272
0.204438
0.251152
0.282908
0.226813
0.236051
0.259024
0.119436
0.241978
0.173822
0.126889
0.181182
0.232515
0.189165
0.279927
0.224996
0.180819
0.257951
0.221720
0.187481
0.201842
0.329222
0.214779
0.170262
0.203577
0.138415
0.171546
0.224755
0.246048
0.215925
0.254007
0.182528
0.264851
0.169588
0.257087
0.167211
0.247442
0.282338
0.205559
0.229423
0.298368
0.259132
0.263542
0.198819
0.357833
0.316933
0.338025
0.225691
0.267579
0.328599
0.315553
0.132361
0.323781
0.247683
0.208843
0.213239
0.274126
0.239230
0.326958
0.341538
0.293056
0.293295
0.387423
0.271765
0.327143
0.397247
0.394083
0.325404
0.461878
0.383767
0.214670
0.304065
0.374469
0.419412
0.385989
0.460329
0.458920
0.406887
0.449811
0.459734
0.459417
0.527006
0.536063
0.502710
0.440159
0.490914
0.536870
0.474567
0.420965
0.516931
0.515368
0.570114
0.578687
0.615606
0.554195
0.500694
0.600592
0.646893
0.604799
0.538581
0.584992
0.695033
0.620032
0.578989
0.662435
0.595241
0.638558
0.556144
0.683389
0.636066
0.628436
0.710638
0.710325
0.714604
0.706559
0.700861
0.632218
0.759441
0.688769
0.692951
0.677245
0.608123
0.656540
0.628232
0.749248
0.701846
0.772698
0.760026
0.750089
0.703391
0.740162
0.744441
0.787321
0.762058
0.722200
0.719556
0.778946
0.713423
0.778071
0.763238
0.779992
0.816305
0.827138
0.836460
0.859622
0.874844
0.855474
0.818204
0.846235
0.879484
0.846155
0.774065
0.856248
0.871863
0.856634
0.839926
0.864640
0.858091
0.876815
0.880919
0.924891
0.895008
0.899929
0.853738
0.876481
0.896987
0.880856
0.873700
0.892356
0.865176
0.923609
0.884530
0.917088
0.897555
0.906700
0.905112
0.927997
0.906663
0.897829
0.879737
0.877907
0.905104
0.882372
0.870813
0.893875
0.911356
0.904531
0.880275
0.883468
0.869189
0.857660
0.897119
0.900995
0.888843
0.870758
0.848692
0.879134
0.888348
0.867674
0.848604
0.890254
0.852964
0.863228
0.836695
0.847095
0.828184
0.875619
0.888767
0.900354
0.900438
0.892516
0.854327
0.880973
0.893204
0.871594
0.885973
0.911018
0.912119
0.911075
0.916166
0.916212
0.901782
0.894108
0.925253
0.949568
0.939544
0.944919
0.904034
0.935112
0.914641
0.923527
0.925537
0.925489
0.930599
0.943362
0.932913
0.961757
0.928371
0.881660
0.915673
0.938809
0.890766
0.923361
0.962658
0.924220
0.960633
0.882164
0.912371
0.908068
0.919868
0.836557
0.811382
0.294183
