0.453245
0.224139
0.009654
0.102985
0.048059
0.002471
-0.018123
0.104917
0.062969
0.092195
0.206364
0.091771
0.175382
0.095500
0.027632
0.129403
0.155569
0.147549
0.081701
0.125103
0.094184
0.064863
0.134815
0.133503
0.109069
0.090274
0.136880
0.086316
0.157825
0.067640
0.079449
0.105281
0.179056
0.167285
0.091959
0.104758
0.149191
0.200533
0.211062
0.252995
0.198026
0.165496
0.158589
0.236768
0.227094
0.119297
0.246617
0.262918
0.289238
0.177261
0.170253
0.321970
0.154080
0.372986
0.305916
0.244764
0.312920
0.241900
0.223356
0.199412
0.172152
0.225089
0.237853
0.261817
0.288385
0.305917
0.271376
0.281276
0.275413
0.243337
0.205148
0.244832
0.268510
0.227069
0.297454
0.176693
0.252015
0.229475
0.215569
0.270144
0.204363
0.310917
0.295367
0.260947
0.260251
0.323813
0.259551
0.381156
0.342259
0.335581
0.424993
0.320182
0.285625
0.332010
0.352558
0.319141
0.345089
0.380240
0.379461
0.447481
0.423591
0.406982
0.412852
0.425661
0.504642
0.452978
0.396288
0.432667
0.528395
0.475658
0.497305
0.543695
0.561068
0.539058
0.555865
0.583308
0.628889
0.570463
0.565768
0.589046
0.616574
0.596529
0.640782
0.535036
0.665552
0.641294
0.654377
0.708024
0.660618
0.702677
0.703409
0.688181
0.680182
0.637594
0.578678
0.615741
0.655519
0.615157
0.538464
0.609340
0.550463
0.565935
0.605556
0.632288
0.587776
0.616945
0.636283
0.534613
0.524633
0.596374
0.631091
0.602568
0.596584
0.553124
0.563257
0.544954
0.600948
0.517273
0.628180
0.616909
0.609976
0.576021
0.596457
0.632659
0.599427
0.670579
0.578056
0.588933
0.650695
0.561028
0.451186
0.552837
0.606803
0.507735
0.575408
0.613653
0.624729
0.587477
0.541863
0.612790
0.668044
0.577896
0.457790
0.563746
0.633455
0.513078
0.521950
0.514816
0.482903
0.518593
0.575857
0.575019
0.547240
0.566636
0.496672
0.482225
0.611666
0.616838
0.449206
0.577594
0.649395
0.577670
0.602125
0.485581
0.485638
0.487200
0.569736
0.585974
0.662558
0.608526
0.551179
0.701938
0.662020
0.637145
0.552997
0.569576
0.674681
0.614210
0.540013
0.635954
0.656171
0.677135
0.680115
0.726283
0.747235
0.700270
0.696624
0.728083
0.718712
0.731004
0.748814
0.699993
0.806924
0.682213
0.613113
0.662557
0.648512
0.676971
0.691598
0.685449
0.639994
0.585059
0.647225
0.681180
0.661608
0.633147
0.534143
0.616979
0.541710
0.561126
0.656741
0.496732
0.452663
0.488716
0.529200
0.446248
0.474850
0.470070
0.410159
0.401237
0.399155
0.425428
0.265680
0.404034
0.350927
0.346187
0.387009
0.291458
0.307725
0.286585
0.310761
0.328872
0.215117
0.303940
0.293662
0.204665
0.131095
0.158536
0.171407
0.163482
0.187477
0.091885
0.152269
0.134827
0.167906
0.158899
0.152592
0.201580
0.151928
0.197339
0.120533
0.164919
0.150361
0.160113
0.199837
0.235125
0.264356
0.122464
0.125796
0.232801
0.152417
0.068118
0.265999
0.255200
0.100111
0.195326
0.152299
0.148965
0.157793
0.222618
0.230519
0.204699
0.237543
0.198656
0.074828
0.167887
0.199979
0.188744
0.144393
0.237243
0.222275
0.200594
0.240396
0.245514
0.226510
0.169713
0.126706
0.161578
0.089250
0.116371
0.170064
0.060788
0.071423
0.077019
0.081334
0.131997
0.152689
0.081373
0.036700
0.103059
0.065498
0.094174
0.139620
0.078212
0.080410
0.060930
0.030301
0.026506
0.033491
0.047817
0.079535
0.091280
0.039737
0.142397
0.017855
0.035530
0.060135
0.137409
0.094033
0.155020
0.063692
0.083565
0.060997
0.004468
0.046715
0.059418
0.069501
0.085472
0.148319
0.089568
0.055014
0.036126
0.091449
0.125281
0.117241
0.135305
0.097025
0.114235
-0.001481
0.084993
0.141212
0.099511
0.107675
0.128262
0.103015
0.190071
0.117135
0.114199
0.180609
0.225976
0.156310
0.159475
0.170831
0.211620
0.199313
0.227425
0.182589
0.200205
0.261572
0.274119
0.399075
0.220523
0.153692
0.265438
0.267566
0.220539
0.144785
0.245410
0.265622
0.267669
0.276279
0.200562
0.250845
0.154620
0.223466
0.294361
0.161651
0.332036
0.250675
0.338917
0.276260
0.304896
0.247864
0.303432
0.328531
0.198575
0.312849
0.336286
0.298975
0.295314
0.363544
0.344628
0.235879
0.303961
0.229188
0.275297
0.220631
0.329993
0.276137
0.372907
0.384250
0.372189
0.331197
0.330212
0.242471
0.281765
0.388813
0.431658
0.334981
0.499977
0.417039
0.391779
0.403977
0.371560
0.326304
0.372343
0.382106
0.312048
0.289841
0.330871
0.397655
0.335815
0.272914
0.292440
0.228189
0.300100
0.303510
0.296464
0.329955
0.406197
0.264258
0.308521
0.418818
0.305972
0.345721
0.314457
0.292944
0.316212
0.425433
0.454913
0.401363
0.458813
0.431787
0.341482
0.444656
0.402511
0.398697
0.499650
0.459578
0.406886
0.378257
0.450789
0.393267
0.445602
0.480659
0.472103
0.398732
0.534310
0.497901
0.538561
0.465448
0.532003
0.461781
0.492337
0.545731
0.535365
0.538255
0.468749
0.576830
0.594221
0.565161
0.575513
0.597633
0.578878
0.618647
0.635997
0.664325
0.653521
0.687408
0.658815
0.678644
0.644711
0.579287
0.615216
0.610518
0.624696
0.674355
0.689484
0.655289
0.658021
0.686087
0.722661
0.677761
0.697482
0.728022
0.647649
0.717176
0.733625
0.713233
0.707006
0.667687
0.716717
0.649074
0.763151
0.749483
0.731315
0.748699
0.806239
0.773013
0.784830
0.770591
0.758623
0.761230
0.762583
0.730241
0.718817
0.721921
0.742058
0.741432
0.764418
0.786918
0.744736
0.786992
0.793413
0.819217
0.784411
0.743725
0.725871
0.816880
0.807720
0.838482
0.823323
0.810988
0.829080
0.811348
0.854687
0.847358
0.819982
0.829172
0.857482
0.811558
0.824268
0.791323
0.820409
0.881809
0.838839
0.840905
0.791197
0.764998
0.820322
0.799429
0.743208
0.718648
0.712731
0.793389
0.746800
0.765051
0.735097
0.748574
0.733622
0.761737
0.725290
0.669214
0.685701
0.647381
0.674507
0.678278
0.680710
0.630298
0.696105
0.707445
0.701250
0.757968
0.754256
0.639289
0.690258
0.740282
0.650915
0.636840
0.657907
0.656855
0.643067
0.689739
0.704167
0.691519
0.723609
0.769202
0.671112
0.646861
0.721202
0.662263
0.721018
0.745353
0.696142
0.620391
0.670056
0.716691
0.636400
0.674369
0.679573
0.652613
0.688079
0.733710
0.764390
0.706581
0.678521
0.661399
0.687601
0.753873
0.651068
0.615756
0.650323
0.672126
0.692085
0.666958
0.626028
0.687178
0.611126
0.584590
0.694142
0.708549
0.736207
0.633511
0.584096
0.756594
0.681680
0.671967
0.586410
0.648376
0.634034
0.644141
0.694727
0.649484
0.641286
0.681303
0.715361
0.670828
0.655380
0.691584
0.626064
0.662719
0.672321
0.656649
0.669135
0.588993
0.627554
0.655334
0.676580
0.587994
0.624225
0.667222
0.619769
0.637881
0.639920
0.585362
0.641594
0.614956
0.544318
0.567832
0.540250
0.603338
0.631621
0.603407
0.634527
0.588490
0.579523
0.560016
0.618166
0.572601
0.655297
0.506438
0.568782
0.676291
0.499835
0.535393
0.520287
0.507041
0.465019
0.469317
0.530742
0.422793
0.549924
0.520763
0.494050
0.512822
0.545446
0.438129
0.492763
0.662801
0.532740
0.374097
0.501487
0.540033
0.565913
0.554811
0.627460
0.576745
0.629048
0.622976
0.708261
0.606993
0.569571
0.644032
0.527533
0.630066
0.571554
0.564950
0.569241
0.566943
0.661971
0.624815
0.721133
0.664596
0.632868
0.670698
0.700879
0.663577
0.701205
0.634193
0.687870
0.642977
0.617019
0.691925
0.659522
0.678326
0.737152
0.657388
0.622796
0.652218
0.616771
0.561888
0.640458
0.569085
0.605461
0.593628
0.649786
0.578297
0.617652
0.540960
0.505752
0.522357
0.520154
0.548693
0.437681
0.502787
0.491294
0.416485
0.393982
0.522195
0.520351
0.537790
0.352600
0.514497
0.436736
0.400116
0.385015
0.414260
0.303191
0.381404
0.411350
0.476755
0.448715
0.466532
0.431538
0.446799
0.372815
0.336969
0.392781
0.472926
0.355802
0.442515
0.363465
0.438394
0.474881
0.408023
0.397917
0.436407
0.377512
0.423209
0.434533
0.404364
0.361950
0.462651
0.383613
0.450893
0.284270
0.336530
0.366677
0.387040
0.395264
0.451490
0.517617
0.455733
0.499123
0.522247
0.426799
0.441240
0.451683
0.469338
0.435100
0.479615
0.440611
0.457763
0.472111
0.413538
0.423379
0.472150
0.537091
0.473065
0.464223
0.412796
0.485612
0.503324
0.526568
0.450694
0.451891
0.458364
0.453853
0.397623
0.441015
0.369495
0.365909
0.378096
0.446341
0.341532
0.480176
0.505459
0.474663
0.483946
0.530906
0.458486
0.491357
0.519296
0.344612
0.473782
0.439826
0.425525
0.503240
0.498769
0.530829
0.437044
0.491951
0.510041
0.488059
0.431953
0.503490
0.494186
0.431262
0.513107
0.467064
0.464244
0.456493
0.489391
0.476937
0.402484
0.467174
0.450749
0.506182
0.501174
0.482841
0.513364
0.528988
0.523697
0.473727
0.524665
0.472624
0.389040
0.511774
0.469224
0.449002
0.417842
0.520098
0.526875
0.445989
0.466073
0.511739
0.424235
0.383265
0.470152
0.435382
0.458409
0.448693
0.488291
0.408707
0.403594
0.453808
0.445195
0.481229
0.418859
0.413478
0.415037
0.383651
0.347538
0.332645
0.411730
0.413291
0.292885
0.394472
0.417788
0.366758
0.298607
0.363539
0.308651
0.395678
0.321579
0.394179
0.377474
0.310790
0.398614
0.324070
0.398622
0.375718
0.367225
0.379853
0.415500
0.336623
0.380850
0.396331
0.373055
0.468778
0.486957
0.513276
0.575306
0.481451
0.405183
0.459247
0.376372
0.449684
0.512727
0.506825
0.460343
0.512496
0.553636
0.520201
0.545048
0.542578
0.566486
0.566836
0.592579
0.632062
0.670073
0.633299
0.601748
0.665278
0.677536
0.564638
0.578203
0.578984
0.576099
0.610343
0.626832
0.649063
0.561004
0.697475
0.695933
0.778852
0.713212
0.736662
0.714023
0.691612
0.801191
0.760808
0.670179
0.761995
0.735553
0.792522
0.781423
0.845939
0.868388
0.681078
0.761140
0.804537
0.683596
0.810512
0.831895
0.778820
0.857204
0.687742
0.767856
0.771674
0.784452
0.663974
0.635681
0.265806
