0.632643
0.678419
0.581096
0.746887
0.730622
0.775414
0.679524
0.703638
0.828036
0.711025
0.686554
0.657830
0.621755
0.738726
0.705615
0.734407
0.584699
0.698633
0.658322
0.673297
0.656805
0.676583
0.572182
0.702013
0.691064
0.618952
0.640977
0.620641
0.636778
0.635736
0.644845
0.697692
0.580672
0.622466
0.630109
0.642464
0.573439
0.615509
0.495692
0.645601
0.661242
0.548039
0.568496
0.561348
0.547353
0.545551
0.530317
0.580197
0.604716
0.464925
0.512851
0.531674
0.469996
0.542442
0.455616
0.431045
0.525889
0.469887
0.467343
0.560831
0.454005
0.489228
0.534818
0.523083
0.454375
0.434062
0.467025
0.430089
0.407453
0.447039
0.358323
0.338447
0.505018
0.407858
0.385955
0.415543
0.392474
0.334946
0.369644
0.331542
0.273564
0.369221
0.298448
0.352535
0.322684
0.364458
0.283428
0.327773
0.353272
0.290341
0.352756
0.240628
0.292496
0.294943
0.284127
0.299445
0.316310
0.264743
0.235761
0.266675
0.246934
0.247599
0.350399
0.284211
0.193190
0.338702
0.186783
0.323757
0.283481
0.170938
0.199988
0.244534
0.138221
0.257323
0.198571
0.157871
0.159586
0.204468
0.173782
0.207793
0.193276
0.260764
0.251584
0.228258
0.170375
0.172261
0.132540
0.261010
0.182409
0.284203
0.247435
0.177102
0.199083
0.275559
0.213327
0.288479
0.262907
0.228378
0.235187
0.187421
0.261688
0.154521
0.286058
0.314423
0.280253
0.317499
0.283581
0.282306
0.309301
0.311492
0.317664
0.303407
0.288009
0.319790
0.271648
0.334887
0.266776
0.249720
0.285874
0.415651
0.292457
0.302114
0.308100
0.252304
0.219469
0.269842
0.325331
0.275268
0.309761
0.214870
0.264471
0.299063
0.200181
0.244078
0.180296
0.222336
0.184330
0.276094
0.244431
0.208994
0.215535
0.274424
0.223784
0.329000
0.249137
0.182402
0.251883
0.220667
0.178914
0.191400
0.261311
0.242057
0.291259
0.238161
0.181048
0.219476
0.167769
0.279216
0.197356
0.222206
0.291106
0.269936
0.254596
0.250729
0.229204
0.181470
0.270380
0.408783
0.300097
0.307125
0.223606
0.254445
0.273772
0.367362
0.323272
0.326549
0.332692
0.262475
0.325836
0.262169
0.208355
0.203251
0.210891
0.308364
0.246592
0.352533
0.162971
0.318518
0.293888
0.339421
0.393106
0.250179
0.354143
0.302632
0.184123
0.315086
0.254192
0.319176
0.353447
0.357405
0.476267
0.499821
0.412033
0.496961
0.453067
0.548433
0.466169
0.450813
0.511426
0.477944
0.461836
0.493957
0.430521
0.495474
0.502517
0.645958
0.615332
0.532747
0.635971
0.570626
0.590741
0.598393
0.537125
0.510302
0.522146
0.545404
0.571723
0.569959
0.593013
0.549618
0.584301
0.570810
0.515065
0.513426
0.528151
0.442808
0.469762
0.524166
0.529404
0.518025
0.546853
0.520422
0.558008
0.557226
0.490361
0.547065
0.512452
0.518486
0.474286
0.501480
0.565945
0.541637
0.494740
0.498286
0.624543
0.546190
0.585607
0.519275
0.526386
0.548975
0.498311
0.520893
0.574933
0.513783
0.496788
0.519626
0.483099
0.587058
0.564938
0.601309
0.548727
0.532023
0.648959
0.647479
0.540645
0.635143
0.631802
0.590457
0.589864
0.651193
0.639694
0.603009
0.645310
0.648853
0.545163
0.614503
0.537248
0.560363
0.580969
0.482578
0.573632
0.526765
0.567716
0.472238
0.466935
0.626301
0.577858
0.485877
0.591893
0.551098
0.542411
0.503818
0.430898
0.528922
0.567474
0.459030
0.541365
0.442103
0.430530
0.473091
0.447766
0.411510
0.429600
0.342292
0.360475
0.438721
0.277448
0.361946
0.323126
0.274715
0.430938
0.357320
0.280146
0.340464
0.277828
0.223495
0.255620
0.330286
0.314835
0.289223
0.270750
0.225063
0.293249
0.256787
0.261669
0.215107
0.321157
0.199203
0.118646
0.270392
0.166521
0.174875
0.161204
0.263790
0.084920
0.198222
0.108311
0.192301
0.131740
0.118258
0.205027
0.184772
0.135508
0.088314
0.097057
0.109360
0.072785
0.140047
0.081292
0.103151
0.139470
0.178821
0.076326
0.113032
0.097621
0.112998
0.152320
0.080506
0.128985
0.127396
0.072398
0.097825
0.125190
0.104032
0.066039
0.139974
0.094701
0.029408
0.084379
0.090115
0.007708
0.082478
0.173098
0.135528
0.062797
0.073975
0.052174
0.149105
0.086538
0.014864
0.075122
0.117824
0.051600
0.150802
0.099244
0.096279
0.090252
0.095885
0.023570
0.116857
0.104153
0.061342
0.061222
0.118972
0.016881
0.104441
0.006821
0.098246
0.094430
0.122726
0.045215
0.041855
0.077567
0.039786
0.016888
0.133084
0.126534
0.023433
0.090417
0.114747
0.085294
0.058937
0.057174
0.085682
0.093196
0.143933
0.102513
0.135720
0.126011
0.090579
0.155975
0.170036
0.149331
0.052452
0.128221
0.147052
0.145052
0.134804
0.204138
0.217538
0.235689
0.172888
0.084350
0.111299
0.123086
0.164398
0.131737
0.193723
0.112302
0.091493
0.114536
0.157178
0.160167
0.067371
0.077862
0.185560
0.126826
0.167404
0.169199
0.125311
0.128425
0.162213
0.095660
0.114177
0.194494
0.178921
0.083232
0.165342
0.156902
0.143605
0.115080
0.168721
0.122246
0.128785
0.143441
0.162735
0.085360
0.178205
0.149069
0.156358
0.154422
0.116701
0.158113
0.126965
0.122835
0.125536
0.129373
0.175401
0.137425
0.109517
0.086013
0.109293
0.146202
0.188504
0.164693
0.128786
0.199139
0.222947
0.048154
0.123893
0.092444
0.105615
0.058821
0.144973
0.070085
0.134270
0.077348
0.147718
0.080738
0.096240
0.115121
0.127153
0.101315
0.098701
0.066272
0.124766
0.117894
0.121398
-0.000121
0.136668
0.198116
0.146612
0.044485
0.107601
0.066967
0.140750
0.144390
0.169610
0.075336
0.091477
0.051853
0.111986
0.100310
0.124811
0.114766
0.085023
0.093005
0.133797
0.042645
0.057605
0.109346
0.109686
0.048102
0.156269
0.095833
0.088993
0.087990
0.107590
0.063511
0.125493
0.060461
0.135093
0.129310
0.081562
0.079637
0.101153
0.091524
0.137562
0.115003
0.159917
0.108479
0.072483
0.044473
0.090553
0.096364
0.070649
0.085351
0.088512
0.124225
0.079497
0.015493
0.121607
0.118325
0.136354
0.138108
0.098964
0.083468
0.111479
0.096742
0.124777
0.053447
0.021316
0.082956
0.128761
0.140158
0.135247
0.086822
0.070035
0.098915
0.098484
-0.004727
0.109352
0.221341
0.035050
0.052830
0.095515
0.002564
0.066498
0.100978
0.059684
0.087448
0.100750
0.015052
0.058046
0.076704
0.027604
0.028864
0.141510
0.044695
-0.000302
0.103654
0.083438
0.053584
0.090888
0.055437
0.050288
0.115071
0.096588
0.048421
0.045537
0.144246
0.184430
0.139250
0.192163
0.082589
0.188535
0.188186
0.113798
0.217331
0.005292
0.109203
0.182755
0.159342
0.146208
0.101113
0.077453
0.098858
0.112750
0.163450
0.142568
0.155198
0.075664
0.067533
0.196580
0.177213
0.058989
0.178468
0.168129
0.072249
0.150428
0.135659
0.156167
0.119850
0.154808
0.089296
0.145391
0.117746
0.155483
0.151985
0.098385
0.090101
0.104133
0.117741
0.135914
0.112320
0.094496
0.058850
0.079101
0.019460
0.124550
0.076931
0.113022
0.191329
0.080903
0.026900
0.090468
0.012946
0.100774
0.132991
0.123778
0.100168
0.105097
0.013788
0.063843
0.070850
0.112705
-0.025350
0.128226
0.125937
0.075691
0.030612
0.036133
0.039780
0.032770
0.045661
0.120890
0.021750
0.098249
0.028490
0.075484
0.016087
0.043557
0.067325
0.105386
0.080553
-0.043099
0.062123
0.027201
-0.030009
0.046832
0.032237
0.054140
-0.014852
0.023987
0.042075
-0.005957
0.037901
0.013132
0.020684
0.127508
-0.008569
-0.017246
-0.040706
-0.008015
0.033469
-0.006892
0.033878
0.065467
0.040374
0.026491
0.009790
0.021500
-0.014809
0.018453
-0.069782
0.083151
0.074285
-0.026739
-0.003941
-0.038478
-0.028294
-0.028937
0.017331
0.066948
-0.055804
0.046279
-0.000991
0.028302
0.028420
-0.008652
0.056889
0.124190
-0.038242
-0.064698
-0.057142
-0.027202
0.031571
-0.032079
0.028843
0.070722
-0.017409
-0.015473
-0.008658
0.000967
-0.034654
0.015195
-0.012881
0.089738
0.087816
0.035091
-0.079854
-0.009815
0.080088
0.016607
-0.036650
0.056921
-0.039447
0.066190
0.065837
0.011181
-0.047543
0.029399
0.016546
0.082009
0.030182
0.029210
-0.005145
0.020857
0.077986
-0.012786
0.011419
0.057283
0.030754
0.045412
-0.020946
0.005939
0.019228
0.013444
0.022400
0.113043
0.002134
-0.021092
-0.003837
0.023309
-0.032670
-0.040252
0.117860
0.054968
0.045528
0.019205
-0.033668
0.025912
0.046157
0.055310
-0.076027
0.133689
0.045080
0.042765
0.011493
0.029724
0.046295
-0.052166
0.052733
0.071830
0.054031
0.081238
0.037132
0.035853
0.049962
0.115112
-0.001920
0.076363
0.147508
0.064213
0.071932
0.069091
0.033542
0.045243
-0.015535
0.130443
0.138394
0.141386
0.034332
0.027820
0.157234
0.122384
0.090366
0.138835
0.272657
0.110183
0.092792
0.120831
0.065444
0.065041
0.127633
0.167182
0.103189
0.173356
0.155154
0.176292
0.170549
0.185661
0.139023
0.164457
0.161988
0.181357
0.139522
0.135206
0.132674
0.070761
0.184282
0.150074
0.149719
0.185960
0.132509
0.130914
0.166101
0.177668
0.238502
0.145494
0.245549
0.123550
0.109207
0.238756
0.212398
0.073972
0.217363
0.343905
0.181365
0.214341
0.171744
0.120560
0.107282
0.263161
0.103403
0.190031
0.136353
0.159602
0.137685
0.194740
0.125000
0.088983
0.088136
0.137019
0.040169
0.138901
0.083454
0.160000
0.130138
0.073268
0.115064
0.093857
0.049601
0.118042
0.035866
0.081438
0.051728
0.077324
0.106171
0.096011
0.090831
0.121630
0.053020
0.075088
-0.015829
0.133443
0.061034
0.119157
0.107808
0.025060
0.014607
0.035366
0.077854
0.106594
0.081434
0.103056
0.079987
0.142288
0.098431
0.080718
0.063869
0.088527
0.056025
0.138981
0.105697
0.007573
0.006635
0.066345
0.106395
0.067800
0.153597
0.059688
0.141828
0.061871
0.004466
0.035151
0.127347
0.137534
-0.021309
0.127536
0.200358
0.076689
0.114512
0.062562
0.062405
0.083550
0.066407
0.197676
0.106487
0.150161
0.152389
0.142363
0.123331
0.077639
0.127831
0.047191
0.198254
-0.031105
0.046117
0.196748
0.031959
0.165884
0.183668
0.226512
