0.589049
0.519175
0.541795
0.618733
0.510771
0.542778
0.458737
0.489602
0.509655
0.384775
0.452139
0.346432
0.408247
0.401970
0.419647
0.407053
0.421849
0.334744
0.335353
0.424045
0.385049
0.447033
0.302995
0.283076
0.475401
0.382986
0.306018
0.304957
0.324463
0.298621
0.331391
0.385757
0.324076
0.431403
0.368041
0.409150
0.393505
0.400170
0.398702
0.360823
0.496826
0.404446
0.330110
0.381382
0.344703
0.385034
0.400154
0.452030
0.381412
0.446490
0.352471
0.403835
0.359128
0.450784
0.335600
0.432971
0.430439
0.337220
0.473934
0.425953
0.390362
0.321122
0.437103
0.484819
0.349732
0.407910
0.430097
0.426878
0.322164
0.400274
0.404185
0.374069
0.427415
0.390200
0.313065
0.371058
0.388593
0.309133
0.310076
0.335685
0.317127
0.352542
0.321857
0.283527
0.373383
0.314268
0.406099
0.368873
0.380948
0.248713
0.367246
0.347054
0.274963
0.291055
0.301137
0.336218
0.317025
0.258972
0.252814
0.332469
0.237512
0.289318
0.337273
0.267812
0.269073
0.269314
0.326278
0.257858
0.236819
0.286870
0.316843
0.286937
0.312469
0.296539
0.269956
0.274946
0.309973
0.319687
0.319057
0.322163
0.372504
0.242437
0.220463
0.347847
0.303480
0.311745
0.321847
0.426572
0.308098
0.393246
0.354920
0.382781
0.242308
0.276017
0.336392
0.276310
0.339515
0.359077
0.393691
0.328768
0.306535
0.361536
0.415909
0.497773
0.425816
0.474575
0.404879
0.409021
0.355376
0.455199
0.421010
0.433586
0.489195
0.328817
0.362569
0.408237
0.419189
0.419203
0.450142
0.424174
0.480915
0.451563
0.434480
0.475501
0.429482
0.396617
0.382411
0.468973
0.427422
0.379648
0.491912
0.442047
0.429404
0.442562
0.479203
0.498242
0.393359
0.413382
0.432760
0.435604
0.291175
0.348145
0.389291
0.358393
0.434199
0.293238
0.331398
0.367288
0.312409
0.265818
0.357208
0.358788
0.271502
0.317031
0.300767
0.350872
0.329028
0.327043
0.294747
0.275017
0.353741
0.359007
0.295136
0.296728
0.234409
0.273024
0.226811
0.193613
0.344244
0.217483
0.112186
0.245636
0.136479
0.259866
0.229722
0.166175
0.306534
0.198965
0.076956
0.176212
0.211624
0.255443
0.159893
0.250947
0.265137
0.257632
0.221617
0.258477
0.240500
0.216714
0.152036
0.264355
0.228151
0.210886
0.287349
0.220636
0.175220
0.217818
0.235047
0.310180
0.237634
0.240261
0.159840
0.197879
0.177612
0.247285
0.220975
0.205797
0.232130
0.162203
0.213924
0.141885
0.140518
0.197906
0.249752
0.270509
0.189988
0.222532
0.157225
0.158816
0.126142
0.191938
0.193047
0.150925
0.220177
0.116711
0.218384
0.144647
0.020061
0.150878
0.106876
0.131316
0.168329
0.154533
0.010770
0.152978
0.095983
0.199885
0.110559
0.116729
0.193932
0.083645
0.111140
0.060429
0.135217
0.075583
0.057299
0.164992
0.169419
0.164824
0.138986
0.165277
0.149539
0.175824
0.178233
0.129030
0.238536
0.196680
0.072088
0.176160
0.120937
0.185483
0.118365
0.199776
0.205985
0.183627
0.126880
0.068727
0.164411
0.232181
0.118643
0.175761
0.113399
0.218942
0.179354
0.126523
0.108879
0.074472
0.119434
0.142100
0.242393
0.157699
0.007576
0.105718
0.084631
0.103995
0.060229
0.099931
0.149120
0.071931
0.181068
0.087499
0.021832
0.099957
0.099800
0.071146
0.116855
0.089941
0.004276
0.061214
0.110997
0.064080
-0.001144
0.116471
0.078575
0.070671
0.114818
-0.013220
0.051179
0.041915
0.023325
0.096672
0.061397
0.113159
0.026328
0.052965
0.020720
0.154533
0.083866
0.093930
0.116991
0.057091
0.099631
0.044259
0.036289
0.085929
0.079840
0.133082
0.090462
0.110285
0.077526
0.074243
0.088914
0.053640
0.058054
0.144675
0.060707
0.038604
0.031855
0.057231
0.062656
0.012189
-0.021461
0.116464
0.056308
0.051125
0.031002
0.070282
0.021498
0.023736
0.081593
0.102773
0.026706
0.015499
0.103604
0.034690
-0.005867
0.076374
0.030155
0.081044
0.017522
0.098048
0.007314
0.076527
0.044568
-0.020143
0.075181
0.081289
-0.012997
0.023485
0.076478
-0.012426
-0.023722
0.031089
0.077101
0.097381
-0.045524
0.046798
-0.001963
0.037351
0.069841
-0.001411
0.029229
0.096220
0.055997
0.049521
-0.018821
0.040518
0.034834
-0.004768
0.032539
0.053943
0.037703
0.099747
0.023395
0.004986
-0.011240
0.028778
0.036768
0.108594
0.024441
0.022220
0.021753
0.035475
0.015905
0.003536
0.011048
0.075066
0.020555
0.072469
-0.001029
0.040131
0.045599
0.097569
0.010081
0.105823
0.045345
-0.025516
-0.027716
-0.011421
0.078867
0.007924
0.033154
-0.005409
0.050071
0.079774
-0.045490
0.056898
0.049781
0.021895
0.038248
0.069019
0.035638
0.061381
-0.017472
0.013145
0.071497
0.054731
-0.031701
0.126419
0.096578
0.055286
0.046371
0.061653
-0.000683
0.048245
0.054658
0.106934
0.010433
-0.054329
0.105336
0.029737
-0.039787
0.017817
0.069218
0.041442
0.058038
0.043323
-0.004417
-0.027808
0.036542
0.080779
0.021964
0.153786
0.098962
0.001568
-0.084140
0.085327
0.060275
-0.046081
0.026652
0.091432
0.084848
0.128794
0.054602
0.080739
0.091211
0.085237
0.106117
0.115783
0.099802
0.121318
0.010326
0.090088
0.076635
0.072937
0.102019
0.161668
0.129200
0.097082
0.151007
0.090690
0.058654
0.114076
0.102539
0.113990
0.069909
0.074092
0.094915
0.120765
0.088675
0.035940
0.063288
0.107247
0.056922
0.119276
0.077463
0.052706
0.061336
0.062234
0.130811
0.083584
0.017650
0.159206
0.071348
0.015073
0.044351
0.033891
-0.008440
0.084853
0.075657
0.079111
-0.000470
-0.003722
0.029811
0.013999
0.010450
0.088745
0.088499
0.004307
-0.009448
0.046820
0.024654
0.006805
-0.012321
0.079125
0.046487
0.025667
0.058486
0.037769
-0.063255
0.067809
0.011471
0.084274
0.046609
0.038124
0.005021
-0.002147
-0.009088
0.039544
0.060077
0.068781
0.065401
0.065862
-0.018340
0.040768
0.035752
0.012758
0.065154
0.145591
0.047095
0.036086
0.069887
0.047327
0.021463
0.031851
0.075968
0.100442
0.067498
0.094177
0.012408
0.082687
0.020170
0.079026
0.118502
0.108105
0.132056
0.036305
0.003246
0.081960
0.038797
0.011964
0.140863
0.113712
0.079170
0.126354
0.075380
0.062146
0.071990
0.065490
0.018584
0.123960
0.066559
0.089304
0.024425
0.071934
0.085114
0.066577
0.002171
0.079433
0.027127
0.076199
0.096308
0.077434
0.091568
-0.019478
0.062006
0.097142
0.001079
-0.028298
0.033128
0.015456
0.056564
-0.006434
0.028621
0.057382
0.128147
0.031219
-0.014824
0.022625
0.084222
0.044655
-0.035159
0.164056
0.052328
-0.008527
0.071685
0.021509
0.024136
0.041104
0.042444
0.100070
0.045705
0.097419
0.040679
0.040515
0.108720
0.046349
0.051596
0.131154
0.112793
0.050222
0.072546
0.031382
0.047819
0.024615
0.115385
0.145782
0.046705
0.089393
0.012021
0.073093
0.063312
0.107557
0.050115
0.130281
0.065638
0.095154
0.035075
0.054797
0.091020
0.105479
0.076453
0.122019
0.104311
0.082084
0.024558
0.088995
0.040263
0.092988
0.066447
0.096567
0.188383
0.084746
0.062006
0.038036
0.046612
0.051802
0.092339
0.108014
0.115240
0.071801
0.016558
0.076892
0.090874
0.126167
-0.032481
0.127217
0.135003
0.039757
0.127819
0.080752
0.015314
0.039983
0.066741
0.109678
0.134814
0.096552
0.030506
0.108951
0.009086
0.058820
0.013500
0.048069
0.231432
0.066218
0.074190
0.082827
0.041103
0.032439
0.096218
0.112458
0.080277
0.050653
0.078224
0.029254
0.040796
0.087619
0.069186
0.097284
0.139307
0.137150
0.093121
0.117628
0.021841
0.145909
0.041853
0.047745
0.178101
0.121556
0.007933
0.038832
0.108042
0.136937
0.107167
0.144478
0.149483
0.066743
0.121894
0.092724
0.113482
0.071973
0.041888
0.139316
0.171631
0.125398
0.068362
0.115959
0.083981
0.145077
0.139023
0.141284
0.069574
0.072882
0.060772
0.047598
0.061002
0.055063
0.074657
0.114432
0.042153
0.124134
0.047215
0.066765
0.046779
0.063163
0.038649
0.141967
0.100167
0.072321
0.163250
0.125910
0.042708
0.021230
0.117596
0.113797
0.068317
0.106284
0.042808
0.061898
0.065319
0.072191
-0.049054
0.189397
0.056158
-0.008171
0.064352
0.005972
0.043931
0.054733
0.071106
0.063529
0.044029
0.033046
-0.016011
0.045114
0.055569
0.032634
0.049956
0.118127
0.087242
0.010349
-0.025770
0.038229
0.056315
-0.067536
0.068488
0.092651
0.043118
0.041578
-0.049568
0.016203
0.042601
0.033440
0.025734
0.126421
0.058768
-0.046790
0.003282
0.024578
0.009187
0.019618
-0.014727
0.088242
-0.028874
0.076822
0.007956
0.004239
0.017797
0.003661
-0.064203
0.098028
0.051437
-0.057771
0.004220
0.012438
-0.046674
-0.015771
0.066133
0.036237
-0.010489
0.021969
-0.040709
0.051774
-0.010434
-0.026710
-0.042592
0.077797
-0.015380
0.024141
-0.037980
-0.050941
0.011782
0.005583
0.007949
0.026031
-0.013472
0.002406
-0.034710
0.023430
-0.021151
-0.034837
0.049654
0.120574
-0.019546
0.003778
-0.031775
-0.039088
-0.042651
0.046051
0.019850
0.052642
-0.026361
0.015973
-0.046806
0.030005
-0.043552
0.023662
-0.040860
0.101232
-0.012246
-0.004623
-0.069769
0.000587
0.045401
-0.033684
-0.003826
0.022770
0.021494
0.017475
-0.069153
0.008535
-0.034601
-0.033578
0.008761
0.066188
-0.022062
0.014625
-0.016113
-0.069857
-0.001375
-0.053380
0.064085
0.017121
-0.067008
0.042172
-0.046346
-0.015693
-0.032005
-0.004089
0.025355
0.086119
-0.007896
-0.009094
-0.022696
-0.052695
0.017010
-0.040578
0.007801
0.008078
0.019368
0.008541
-0.040607
0.035964
-0.036516
-0.025739
-0.005180
0.129459
-0.017096
0.051074
-0.027918
-0.021542
-0.018331
-0.017346
-0.022402
0.078433
0.033642
0.011297
-0.044480
-0.000597
-0.022187
-0.029053
-0.016117
0.109455
0.040965
0.028680
-0.036144
0.024477
-0.022573
0.042298
0.016920
0.031790
0.044835
0.091503
-0.012737
0.010394
-0.000523
0.041158
0.074727
0.070191
0.025515
0.034018
0.001937
-0.028708
0.066319
0.010620
0.033699
0.017074
0.044055
0.082721
0.072016
0.004977
0.040317
0.143910
0.110752
-0.030942
0.305738
0.040822
-0.087520
0.229637
0.071670
0.149429
0.157922
0.258805
