0.634784
0.646729
0.556915
0.727507
0.728092
0.734611
0.506111
0.619763
0.741404
0.556351
0.640366
0.504212
0.539426
0.615196
0.650918
0.716726
0.723530
0.733209
0.734450
0.791627
0.803102
0.805146
0.713321
0.712540
0.837423
0.766726
0.712128
0.724910
0.717930
0.741203
0.750591
0.803881
0.747661
0.809094
0.790378
0.813384
0.802094
0.810755
0.787897
0.752872
0.806826
0.741036
0.717139
0.750978
0.753673
0.788013
0.797034
0.836979
0.765263
0.847760
0.839893
0.817723
0.803789
0.797200
0.787210
0.799555
0.842232
0.824022
0.836319
0.844486
0.841834
0.852637
0.862472
0.826884
0.794328
0.862585
0.829623
0.859570
0.855465
0.843447
0.846488
0.860098
0.917358
0.872011
0.838951
0.893942
0.880682
0.899939
0.867049
0.892764
0.818527
0.878541
0.891389
0.891588
0.900846
0.878107
0.814849
0.860085
0.917399
0.916040
0.876477
0.903309
0.893717
0.908431
0.888192
0.909591
0.874728
0.897133
0.902553
0.945388
0.928415
0.933241
0.866248
0.923400
0.935703
0.928533
0.942158
0.932402
0.949184
0.953908
0.928533
0.927055
0.907580
0.910043
0.930949
0.963597
0.955905
0.965360
0.945456
0.955740
0.970857
0.952665
0.910477
0.957940
0.950807
0.966249
0.964627
0.954641
0.952849
0.944795
0.972854
0.985746
0.981034
0.985578
0.973311
0.974783
0.977478
0.973669
0.960647
0.973714
0.962178
0.965090
0.964186
0.972626
0.954322
0.957266
0.977157
0.975923
0.968521
0.979653
0.944640
0.959423
0.969495
0.970923
0.945978
0.958249
0.949817
0.947060
0.934923
0.945813
0.923709
0.942004
0.959620
0.976413
0.949578
0.959960
0.938977
0.947280
0.962683
0.958714
0.937336
0.956478
0.935421
0.969402
0.943261
0.952278
0.941591
0.939761
0.961219
0.971519
0.957897
0.960053
0.917648
0.953906
0.959963
0.961124
0.947807
0.963300
0.960686
0.976178
0.954752
0.961757
0.947830
0.963206
0.969695
0.985926
0.971897
0.982966
0.964659
0.976453
0.981945
0.967187
0.942787
0.969923
0.960927
0.973163
0.958694
0.968952
0.940466
0.972654
0.980816
0.989357
0.986702
0.988947
0.976744
0.977185
0.986645
0.978348
0.970673
0.985213
0.979211
0.985713
0.981185
0.984649
0.983593
0.980251
0.982280
0.993914
0.988849
0.988175
0.984128
0.985344
0.989012
0.986891
0.982900
0.990084
0.986125
0.989784
0.989175
0.974931
0.972875
0.980298
0.987425
0.991121
0.987640
0.991526
0.981393
0.987034
0.987547
0.984023
0.976328
0.986471
0.981836
0.987681
0.981133
0.968977
0.952252
0.954055
0.966522
0.981046
0.973116
0.976406
0.960167
0.966473
0.969211
0.962247
0.933524
0.961222
0.953651
0.962597
0.955364
0.921978
0.910828
0.913930
0.925116
0.952563
0.941973
0.952052
0.927185
0.941569
0.952696
0.916175
0.896628
0.923225
0.899470
0.940666
0.918375
0.906472
0.877984
0.889381
0.900415
0.914029
0.893870
0.897700
0.877356
0.882913
0.872946
0.889482
0.867052
0.890551
0.892042
0.897362
0.893281
0.865506
0.853230
0.853649
0.873319
0.888662
0.885161
0.890645
0.839608
0.882852
0.876365
0.855108
0.866535
0.870342
0.871819
0.912425
0.887651
0.895911
0.849166
0.849827
0.863023
0.875403
0.854673
0.849517
0.840365
0.878116
0.849795
0.792955
0.810598
0.883956
0.860560
0.824739
0.825477
0.819645
0.780166
0.777208
0.825880
0.837830
0.862248
0.821141
0.840471
0.803153
0.822201
0.774815
0.726681
0.750959
0.742121
0.776564
0.784749
0.755170
0.741670
0.731299
0.802605
0.765882
0.761672
0.776006
0.776223
0.795963
0.785894
0.757670
0.680666
0.788799
0.774087
0.767077
0.746088
0.816181
0.759533
0.716522
0.797931
0.795087
0.747683
0.793941
0.778117
0.756653
0.761243
0.748759
0.786663
0.788689
0.756924
0.768636
0.773106
0.832267
0.764065
0.785315
0.793480
0.811024
0.761449
0.744967
0.735455
0.745167
0.691313
0.744511
0.677801
0.702681
0.655261
0.696578
0.622159
0.613482
0.594275
0.623225
0.637247
0.646841
0.609486
0.556692
0.572701
0.630561
0.638625
0.567834
0.672761
0.562414
0.609173
0.559811
0.617478
0.635008
0.602480
0.670706
0.645613
0.606207
0.682103
0.688180
0.616268
0.692429
0.712273
0.627281
0.582059
0.678764
0.682696
0.648396
0.705073
0.757456
0.753460
0.610230
0.612127
0.631404
0.621244
0.655785
0.645558
0.669911
0.650731
0.631209
0.595935
0.681513
0.682327
0.662948
0.624248
0.679837
0.629071
0.572342
0.688017
0.707381
0.638609
0.587488
0.587771
0.620361
0.610178
0.571108
0.592866
0.510026
0.564122
0.585413
0.537515
0.529048
0.504723
0.492832
0.484081
0.518771
0.553035
0.538712
0.524296
0.536502
0.597214
0.577215
0.470253
0.476161
0.521446
0.581737
0.618632
0.634984
0.617903
0.526383
0.497522
0.555498
0.603221
0.569588
0.568010
0.558678
0.591675
0.557932
0.569405
0.503653
0.491903
0.580883
0.537429
0.602533
0.557208
0.561773
0.621173
0.637136
0.629698
0.657544
0.511393
0.524597
0.620217
0.564313
0.558101
0.520670
0.583935
0.532090
0.583147
0.553280
0.528065
0.476680
0.552290
0.550307
0.577411
0.595289
0.510737
0.510846
0.647934
0.641639
0.487020
0.556210
0.563543
0.508119
0.542348
0.648624
0.564237
0.611217
0.596398
0.598058
0.540962
0.570399
0.519899
0.553282
0.692563
0.601442
0.547322
0.534180
0.523147
0.530436
0.542920
0.648033
0.489650
0.578709
0.602337
0.613405
0.559506
0.644633
0.573637
0.606959
0.565379
0.618589
0.663771
0.588512
0.592997
0.566836
0.636281
0.696235
0.548576
0.604701
0.594753
0.599106
0.619582
0.618868
0.581561
0.609175
0.593453
0.472200
0.492858
0.512136
0.520770
0.566025
0.465616
0.586204
0.497664
0.502796
0.611538
0.528304
0.457817
0.526111
0.494166
0.488063
0.504753
0.461797
0.464930
0.434811
0.421599
0.375599
0.394233
0.394011
0.489736
0.458134
0.387850
0.373165
0.416132
0.456296
0.364248
0.442619
0.468125
0.507004
0.477168
0.431080
0.393887
0.365317
0.431494
0.359626
0.486819
0.426701
0.400312
0.466501
0.526926
0.494709
0.424095
0.509612
0.464071
0.503776
0.441216
0.464382
0.451099
0.468704
0.467364
0.490617
0.416379
0.563276
0.482482
0.442528
0.509815
0.560286
0.501986
0.469220
0.518420
0.501583
0.415160
0.530349
0.490464
0.515834
0.568757
0.590183
0.537844
0.581700
0.594233
0.599382
0.569019
0.646358
0.635660
0.563733
0.668238
0.621782
0.657289
0.542931
0.585959
0.661015
0.646462
0.701899
0.679504
0.547768
0.614657
0.570507
0.694104
0.624488
0.590822
0.579282
0.670454
0.655610
0.655689
0.564262
0.554783
0.550349
0.524112
0.614827
0.565179
0.605096
0.638812
0.677374
0.632671
0.659577
0.604097
0.682336
0.628061
0.594042
0.672630
0.631480
0.625851
0.631885
0.677357
0.648109
0.600252
0.643465
0.691361
0.667620
0.716324
0.633872
0.621566
0.659239
0.673789
0.658987
0.732193
0.629257
0.676169
0.730256
0.702888
0.710897
0.726074
0.714723
0.772174
0.789125
0.827505
0.813496
0.741281
0.741984
0.764401
0.723998
0.718388
0.738219
0.662445
0.686923
0.719781
0.790692
0.653043
0.763469
0.759621
0.783027
0.766288
0.751015
0.746729
0.750133
0.683436
0.731700
0.731410
0.681777
0.695206
0.790453
0.753240
0.714032
0.797987
0.759053
0.737783
0.809732
0.718332
0.768927
0.662759
0.759885
0.782573
0.752133
0.700400
0.728520
0.694275
0.722359
0.716255
0.713650
0.719189
0.684566
0.748730
0.741781
0.675782
0.657772
0.672634
0.731091
0.763030
0.698530
0.669951
0.653864
0.642412
0.709282
0.685443
0.669827
0.748983
0.630496
0.677259
0.681831
0.631860
0.649320
0.673102
0.650732
0.642499
0.609999
0.660546
0.637771
0.630102
0.677883
0.604421
0.650706
0.707967
0.656907
0.655839
0.620489
0.591946
0.672792
0.625099
0.655839
0.738376
0.653904
0.555658
0.588135
0.669207
0.670094
0.683041
0.697530
0.763592
0.640186
0.624793
0.645643
0.659021
0.702823
0.660583
0.685346
0.674500
0.727796
0.721641
0.704059
0.637339
0.716573
0.730309
0.767645
0.757549
0.649854
0.615177
0.675795
0.600567
0.529500
0.544921
0.585786
0.637871
0.591189
0.657326
0.639758
0.653935
0.552334
0.594722
0.489932
0.442364
0.449512
0.445087
0.387555
0.418884
0.414271
0.438513
0.410153
0.398997
0.384785
0.393837
0.379185
0.527059
0.422845
0.442397
0.437618
0.422322
0.462034
0.392504
0.357215
0.384688
0.432837
0.389774
0.463917
0.481037
0.450175
0.488110
0.479681
0.407100
0.467953
0.477306
0.581816
0.488447
0.580868
0.474413
0.475528
0.541018
0.524019
0.315558
0.428223
0.618010
0.430417
0.498449
0.479178
0.459312
0.487140
0.453720
0.561847
0.433260
0.516553
0.551186
0.573345
0.511639
0.453706
0.512463
0.402514
0.461484
0.446265
0.462058
0.379355
0.527845
0.512122
0.490893
0.559035
0.447282
0.520184
0.556503
0.562616
0.564817
0.507051
0.488789
0.576889
0.598014
0.480405
0.441927
0.544623
0.529015
0.547942
0.543430
0.649567
0.672463
0.607680
0.585908
0.536841
0.624980
0.588237
0.547727
0.583162
0.704356
0.661435
0.568637
0.595210
0.616300
0.607667
0.573880
0.656923
0.640374
0.615505
0.657660
0.734278
0.560952
0.592133
0.670640
0.619651
0.621041
0.613121
0.592328
0.594277
0.549661
0.633093
0.667193
0.671634
0.600513
0.625308
0.646958
0.676186
0.562095
0.543375
0.592621
0.593304
0.663624
0.614492
0.599387
0.583412
0.562526
0.673327
0.617410
0.702435
0.594641
0.664353
0.669755
0.691050
0.668316
0.609087
0.581604
0.635924
0.686653
0.647036
0.695378
0.683482
0.652373
0.725126
0.686530
0.664428
0.679297
0.615173
0.658938
0.703049
0.651135
0.708716
0.637482
0.668353
0.709474
0.655847
0.634331
0.628754
0.661713
0.625096
0.663738
0.673490
0.696430
0.634417
0.604160
0.685759
0.635576
0.624559
0.648840
0.645234
0.639606
0.642060
0.644769
0.567553
0.635514
0.628716
0.654432
0.623109
0.622914
0.452086
0.489613
0.523592
0.413175
0.525174
0.590416
0.498586
0.716857
0.458195
0.435011
0.587873
0.604655
0.486528
0.458745
0.260843
