0.011168
0.078645
0.037488
0.053248
0.006626
0.103625
0.075905
0.054154
0.029931
0.056849
-0.005673
0.053235
0.034260
0.047252
0.028689
0.032556
0.030752
0.063163
0.025308
0.063416
0.008134
0.042763
0.042919
0.060136
0.030171
0.064083
0.015724
0.046778
0.052925
0.068908
0.034131
0.037958
0.038467
0.094188
0.033862
0.064019
0.034339
0.065129
0.049148
0.073433
0.042321
0.070919
0.036020
0.053060
0.026219
0.073235
0.044367
0.032113
0.038270
0.093583
0.040911
0.069261
0.025548
0.054744
0.024925
0.081792
0.038557
0.076314
0.011187
0.040271
0.027010
0.058861
0.019620
0.018954
0.036159
0.062812
0.036669
0.043732
0.002808
0.041175
0.038859
0.057361
0.018492
0.041562
0.005282
0.051566
0.031909
0.074291
0.029277
0.028283
0.026372
0.058510
0.032810
0.050462
0.012856
0.057091
0.056117
0.078592
0.041701
0.046036
0.036030
0.055514
0.047518
0.072470
0.049443
0.038785
0.025378
0.063007
0.031992
0.067792
0.023046
0.060366
0.032804
0.055298
0.018690
0.050826
0.032384
0.039720
0.032157
0.082405
0.025507
0.018821
0.029335
0.079000
0.012647
0.058133
0.000404
0.062195
0.033782
0.055463
0.025493
0.056778
0.011428
0.045946
0.039636
0.082804
0.034860
0.032870
0.039428
0.070507
0.041285
0.081179
0.035585
0.072127
0.039597
0.063237
0.051640
0.056745
0.031335
0.055009
0.044590
0.091225
0.057484
0.052155
0.036919
0.090693
0.040652
0.064286
0.006542
0.047054
0.044168
0.057895
0.048478
0.067851
0.033527
0.034624
0.019917
0.073487
0.022106
0.025218
0.035655
0.091569
0.060559
0.057931
0.008602
0.062646
0.048223
0.085922
0.045385
0.065604
0.029786
0.054336
0.046590
0.081582
0.042370
0.028390
0.025324
0.110745
0.044497
0.080498
0.017501
0.089192
0.079133
0.086325
0.068238
0.061163
0.066969
0.108401
0.067123
0.118934
0.108765
0.111232
0.110043
0.148650
0.120932
0.158884
0.126339
0.171275
0.146228
0.182639
0.193973
0.173635
0.147103
0.194244
0.182853
0.196921
0.193096
0.198400
0.190072
0.236331
0.186196
0.210081
0.176030
0.217966
0.154571
0.192222
0.178466
0.174150
0.159586
0.181738
0.132549
0.188634
0.142804
0.098580
0.131486
0.163014
0.116909
0.148028
0.129915
0.167972
0.113929
0.139984
0.136022
0.140959
0.136214
0.149337
0.079670
0.146747
0.132299
0.091454
0.112637
0.200633
0.106660
0.146982
0.128822
0.162738
0.093746
0.160419
0.128517
0.148989
0.136995
0.171260
0.115726
0.135814
0.118359
0.110262
0.087080
0.210064
0.131392
0.151005
0.094091
0.203254
0.148238
0.176994
0.171561
0.145307
0.116612
0.183816
0.159054
0.205659
0.176793
0.157305
0.182257
0.232641
0.186642
0.212164
0.179636
0.262649
0.223108
0.244482
0.221219
0.209325
0.184846
0.262146
0.237289
0.254733
0.232816
0.230154
0.240508
0.318610
0.277641
0.288997
0.272441
0.377838
0.333922
0.379291
0.339628
0.361455
0.324040
0.420708
0.372513
0.414981
0.394334
0.422906
0.425776
0.467982
0.413090
0.465552
0.400033
0.499851
0.432295
0.474309
0.450478
0.522017
0.438983
0.507564
0.475271
0.534045
0.495455
0.531437
0.512626
0.575724
0.512217
0.548395
0.481843
0.540715
0.525526
0.542684
0.525581
0.546597
0.506174
0.544902
0.533164
0.509743
0.511578
0.490012
0.498764
0.549424
0.491486
0.524407
0.453718
0.504385
0.434855
0.492516
0.472867
0.524995
0.480340
0.451896
0.434417
0.460598
0.433482
0.427011
0.428870
0.489558
0.447182
0.477380
0.401692
0.482028
0.456767
0.489158
0.467692
0.507086
0.443302
0.494147
0.479520
0.471619
0.475307
0.466125
0.503815
0.545485
0.472145
0.502049
0.430738
0.527138
0.435374
0.468866
0.448685
0.497157
0.445790
0.466784
0.443911
0.443337
0.416909
0.451412
0.447298
0.488088
0.428199
0.459685
0.400245
0.427209
0.399961
0.444094
0.427828
0.443102
0.401500
0.420539
0.393761
0.398541
0.335129
0.367992
0.345138
0.481408
0.425640
0.434545
0.364078
0.444759
0.414776
0.487712
0.461353
0.502576
0.466867
0.503020
0.469049
0.548290
0.538190
0.539390
0.525924
0.573218
0.482956
0.553536
0.502079
0.538901
0.531670
0.540742
0.523950
0.549733
0.481172
0.545216
0.506297
0.560667
0.507303
0.488267
0.537531
0.540704
0.504594
0.553825
0.508593
0.518913
0.454149
0.529863
0.556950
0.572638
0.483250
0.483694
0.460509
0.482804
0.455682
0.470359
0.438104
0.477259
0.432682
0.444472
0.412831
0.454659
0.438345
0.466435
0.474095
0.456909
0.441778
0.478619
0.435437
0.479989
0.444430
0.474919
0.461743
0.496153
0.414024
0.468073
0.424578
0.472353
0.442812
0.461001
0.458762
0.431308
0.403859
0.443499
0.446687
0.440601
0.394938
0.413769
0.406856
0.494117
0.395801
0.452998
0.374595
0.464186
0.402215
0.439750
0.423676
0.449965
0.416487
0.492873
0.462069
0.451950
0.465050
0.477272
0.430971
0.537948
0.456256
0.513593
0.417338
0.477830
0.467871
0.509756
0.478278
0.493146
0.471097
0.485001
0.483919
0.470353
0.457832
0.471956
0.479118
0.565817
0.483143
0.523228
0.422687
0.524794
0.469635
0.520448
0.477864
0.547636
0.482538
0.515854
0.513178
0.517555
0.517292
0.536173
0.541219
0.565952
0.484688
0.525012
0.450881
0.493831
0.432743
0.490497
0.481817
0.499647
0.409324
0.435619
0.399931
0.465472
0.394193
0.370075
0.412682
0.430470
0.373985
0.411661
0.345521
0.408058
0.364458
0.392384
0.362806
0.424572
0.323623
0.366482
0.384261
0.378845
0.294141
0.352059
0.341036
0.366668
0.332689
0.333967
0.285571
0.350009
0.323001
0.345438
0.360029
0.307693
0.290573
0.361915
0.292143
0.332799
0.302080
0.337157
0.322562
0.365974
0.308755
0.313621
0.249588
0.344794
0.284581
0.326391
0.347006
0.355449
0.268595
0.317035
0.288054
0.317075
0.320271
0.292310
0.308287
0.318782
0.308075
0.309707
0.267458
0.309340
0.230304
0.285048
0.300097
0.264624
0.252405
0.247198
0.185386
0.262311
0.252637
0.200770
0.200133
0.269932
0.206563
0.196612
0.159818
0.258302
0.220447
0.240390
0.217193
0.199389
0.163276
0.234373
0.211978
0.283645
0.239545
0.203657
0.223444
0.305808
0.266641
0.286065
0.246655
0.316619
0.321540
0.361897
0.326142
0.352160
0.302741
0.383667
0.367780
0.386888
0.403935
0.451942
0.403297
0.486467
0.398706
0.432894
0.360471
0.456224
0.459471
0.446585
0.427955
0.402844
0.349231
0.430988
0.384631
0.439675
0.365121
0.360805
0.352881
0.393379
0.328095
0.344536
0.321783
0.381162
0.286504
0.321768
0.325257
0.329599
0.297961
0.335035
0.273523
0.310835
0.260047
0.277688
0.310165
0.379095
0.298881
0.315694
0.284953
0.350150
0.264519
0.319399
0.317263
0.351271
0.309270
0.324355
0.302446
0.330710
0.350552
0.347176
0.322523
0.389526
0.351043
0.386419
0.326256
0.372015
0.357538
0.383634
0.360845
0.351790
0.340748
0.404276
0.374630
0.351565
0.343140
0.345467
0.359673
0.425141
0.363256
0.350310
0.291470
0.382809
0.287785
0.363909
0.343008
0.322257
0.286090
0.330671
0.287425
0.342181
0.293691
0.284579
0.300411
0.387517
0.314794
0.321491
0.269266
0.389020
0.312392
0.357342
0.328383
0.354261
0.299401
0.358051
0.305653
0.369664
0.332433
0.348772
0.377400
0.381567
0.331046
0.362746
0.279123
0.367814
0.328085
0.367760
0.338812
0.311662
0.300084
0.341011
0.315191
0.356578
0.307453
0.306505
0.302364
0.400713
0.348025
0.342883
0.279416
0.373370
0.305792
0.380173
0.341144
0.373888
0.322912
0.354082
0.383124
0.355413
0.367732
0.373538
0.349364
0.358373
0.386081
0.363051
0.300860
0.367384
0.281667
0.371124
0.345460
0.340965
0.348768
0.349225
0.295231
0.332008
0.321807
0.285062
0.316326
0.360374
0.310723
0.300104
0.256864
0.344475
0.310845
0.311471
0.343016
0.304712
0.245424
0.332747
0.317044
0.338153
0.319698
0.284484
0.305700
0.381973
0.308323
0.332172
0.311331
0.392278
0.372215
0.416732
0.381566
0.421898
0.351648
0.428036
0.369540
0.439592
0.431436
0.426127
0.437244
0.438802
0.386618
0.438603
0.382483
0.401143
0.361549
0.381449
0.390129
0.385786
0.357617
0.341466
0.302882
0.340174
0.319656
0.282696
0.303496
0.331992
0.291786
0.291081
0.239944
0.320877
0.256564
0.299865
0.275885
0.279544
0.250901
0.304836
0.277261
0.300733
0.237681
0.240828
0.252849
0.305627
0.245673
0.229214
0.200620
0.270267
0.212897
0.216435
0.255001
0.219090
0.186468
0.219371
0.187849
0.229755
0.195039
0.179093
0.192041
0.225380
0.183817
0.203314
0.151395
0.180973
0.109097
0.193665
0.182501
0.203877
0.150440
0.158038
0.143493
0.164003
0.161695
0.148379
0.117486
0.190356
0.140388
0.144968
0.103210
0.174292
0.131735
0.166577
0.161171
0.130045
0.122733
0.178177
0.117448
0.177826
0.111652
0.149778
0.109232
0.129649
0.105489
0.093627
0.098350
0.122871
0.056647
0.097726
0.067408
0.085591
0.068392
0.077859
0.068736
0.105376
0.070229
0.055995
0.045444
0.072450
0.052991
0.079165
0.039796
0.056481
0.034263
0.080061
0.058011
0.055270
0.030152
0.055833
0.030245
0.081548
0.038817
0.026385
0.026843
0.072897
0.021171
0.056054
-0.001121
0.048847
0.010563
0.054555
0.016188
0.065013
0.015789
0.033374
0.029141
0.060757
0.002419
0.014168
0.027010
0.060009
0.032688
0.061077
0.022404
0.046707
0.014309
0.053693
0.011867
0.056371
0.007560
0.028790
0.020524
0.067154
0.004730
0.013704
0.021841
0.074960
0.030933
0.048200
-0.006519
0.054609
0.033671
0.033008
0.016179
0.068022
-0.005673
0.034779
0.013937
0.063617
0.014446
0.012091
0.027072
0.067778
0.037819
0.045961
-0.016617
0.051961
0.030244
0.043286
0.004945
0.068418
0.006280
0.019103
0.011261
0.057977
0.010872
-0.009240
0.011686
0.077040
0.017594
0.055273
0.000048
0.034007
-0.005459
0.032552
-0.010790
0.074877
-0.002117
0.012007
0.005378
0.059822
-0.007846
-0.002194
0.023131
0.053260
0.015597
0.037579
-0.009324
0.049064
0.013996
0.040643
0.012449
0.078223
0.035235
0.023902
0.006766
0.041558
0.036577
0.012747
