0.010015
0.058636
0.029111
0.042484
0.007967
0.066250
0.026801
0.029313
0.003383
0.071495
-0.019497
0.012694
-0.007519
0.057787
-0.004425
0.000905
0.018583
0.047496
0.018205
0.043703
-0.024019
0.038195
0.002451
0.032000
-0.025603
0.048923
0.002505
0.011512
0.007003
0.048457
-0.007413
0.005975
0.008107
0.068648
0.016702
0.028717
-0.035074
0.038071
0.019032
0.029178
-0.003942
0.060041
-0.004910
0.012500
0.010836
0.048392
-0.010155
0.006711
0.014285
0.064948
0.009977
0.053467
-0.017022
0.041535
0.005727
0.027413
-0.003177
0.064275
-0.004109
0.022830
-0.002493
0.059134
-0.008395
0.012349
0.029088
0.062229
0.025310
0.039867
-0.011533
0.056570
0.020534
0.024426
-0.003566
0.059620
-0.004197
0.026016
0.019091
0.065899
0.003716
-0.009090
0.014096
0.081087
0.037675
0.036453
-0.014097
0.048638
0.003456
0.019361
-0.013792
0.055740
0.007138
0.013975
0.010447
0.059508
-0.002369
0.008466
0.013434
0.057182
0.017510
0.041434
-0.016349
0.042906
0.018521
0.037810
-0.011344
0.064228
0.016623
0.015174
0.009538
0.051204
0.002805
0.008624
0.022788
0.071448
0.033666
0.037268
-0.015619
0.063186
0.027052
0.021315
0.005538
0.055391
0.017786
0.036745
0.024167
0.058863
-0.006282
0.012647
0.020117
0.066285
0.028187
0.036826
-0.008061
0.053437
0.020450
0.031120
-0.007314
0.063065
0.008904
0.017516
-0.001057
0.059437
0.002618
0.010730
0.023985
0.060278
0.021527
0.048322
-0.012435
0.035092
0.024891
0.038176
0.009082
0.063166
-0.008576
0.031125
0.004746
0.059552
0.002671
0.020685
0.023289
0.065028
0.034995
0.055018
-0.002433
0.040585
0.028497
0.056445
0.005573
0.064404
0.031342
0.046325
0.016836
0.058681
0.007149
0.023767
0.045934
0.082947
0.035478
0.052768
0.005177
0.076618
0.052031
0.065748
0.040790
0.051727
0.025232
0.078976
0.056768
0.085246
0.043870
0.058250
0.063841
0.172611
0.114933
0.116202
0.089142
0.191298
0.099377
0.176016
0.163869
0.170347
0.135431
0.167444
0.141905
0.182025
0.153192
0.151814
0.174576
0.280717
0.183949
0.206165
0.164146
0.253832
0.217699
0.226324
0.240546
0.218722
0.204438
0.239802
0.221806
0.241206
0.206048
0.231717
0.245860
0.280302
0.253147
0.264412
0.237329
0.275666
0.215641
0.251366
0.264104
0.271999
0.275304
0.256951
0.176401
0.234222
0.190336
0.230559
0.233933
0.308980
0.216423
0.245643
0.207443
0.293779
0.259128
0.285297
0.263867
0.267117
0.226900
0.287242
0.238876
0.280831
0.271700
0.247263
0.229668
0.353640
0.288384
0.333475
0.254645
0.390057
0.323758
0.360429
0.362763
0.366690
0.311813
0.407586
0.358576
0.392484
0.392357
0.408545
0.436274
0.506372
0.477843
0.471889
0.413931
0.499687
0.470744
0.511269
0.499999
0.532505
0.477569
0.532235
0.526764
0.535090
0.517695
0.520427
0.541769
0.624536
0.499074
0.567458
0.498797
0.567860
0.516945
0.549148
0.524082
0.557817
0.502039
0.562551
0.529201
0.516604
0.493023
0.504280
0.497491
0.589269
0.505177
0.578647
0.481750
0.541983
0.519999
0.542560
0.540464
0.567889
0.511822
0.555125
0.543138
0.568852
0.537589
0.538969
0.555141
0.638968
0.527190
0.592753
0.547127
0.601299
0.580907
0.604918
0.589382
0.639976
0.545246
0.607309
0.603359
0.594058
0.554340
0.561708
0.573240
0.634696
0.581077
0.583086
0.557438
0.591583
0.528929
0.563058
0.547863
0.618439
0.555243
0.559694
0.557783
0.572250
0.540914
0.556610
0.537416
0.565753
0.499225
0.550855
0.490830
0.543214
0.505834
0.534371
0.529308
0.560974
0.511378
0.557695
0.532879
0.536637
0.547030
0.547759
0.556899
0.551586
0.470533
0.557684
0.488904
0.506257
0.456506
0.498095
0.463042
0.523232
0.455412
0.440597
0.415647
0.449771
0.430447
0.384604
0.374924
0.425776
0.372264
0.413662
0.356177
0.417011
0.395209
0.431405
0.431610
0.429302
0.359633
0.409233
0.389813
0.408745
0.392324
0.397481
0.406009
0.429323
0.380693
0.401495
0.328748
0.393011
0.358770
0.362679
0.368163
0.401636
0.333914
0.354042
0.327509
0.387306
0.371400
0.370900
0.356411
0.332491
0.341258
0.347338
0.273606
0.331534
0.310260
0.321792
0.318114
0.267964
0.280629
0.300447
0.245984
0.309869
0.267059
0.229686
0.237441
0.271294
0.246592
0.250947
0.200912
0.255392
0.213878
0.251676
0.271444
0.237978
0.194645
0.217804
0.189337
0.246473
0.169244
0.188444
0.150351
0.177503
0.190387
0.145172
0.134057
0.171066
0.097263
0.151488
0.137791
0.125723
0.141190
0.146750
0.074817
0.139948
0.114898
0.076937
0.089269
0.140895
0.085679
0.094992
0.061041
0.129173
0.076978
0.104195
0.110586
0.087177
0.079470
0.112097
0.064161
0.126451
0.090501
0.051963
0.096234
0.139533
0.093671
0.109730
0.088700
0.143462
0.071417
0.094354
0.130027
0.131309
0.079040
0.120259
0.104281
0.137810
0.101916
0.110622
0.092988
0.162311
0.110994
0.105191
0.082158
0.129687
0.067702
0.120587
0.108431
0.095165
0.074683
0.107667
0.087336
0.122066
0.108857
0.052288
0.061716
0.126104
0.065766
0.092611
0.053473
0.090966
0.038512
0.096532
0.062275
0.049133
0.062005
0.074750
0.060736
0.100798
0.092890
0.061702
0.058436
0.088591
0.035735
0.085623
0.047716
0.068532
0.031326
0.084361
0.062900
0.071100
0.037129
0.075314
0.048235
0.086154
0.060422
0.036236
0.056859
0.136018
0.073126
0.081570
0.054157
0.131984
0.059873
0.102661
0.112769
0.098390
0.076162
0.119949
0.093049
0.137340
0.111018
0.127680
0.132140
0.173663
0.153147
0.137727
0.132734
0.192679
0.140726
0.195767
0.172888
0.152674
0.151938
0.175632
0.160365
0.197010
0.168374
0.169384
0.122621
0.207988
0.163201
0.187776
0.145310
0.204905
0.160145
0.175359
0.183730
0.183496
0.154315
0.189380
0.131874
0.215242
0.181914
0.176361
0.159754
0.187240
0.171130
0.192613
0.122768
0.207640
0.122550
0.181238
0.146689
0.164726
0.165976
0.182019
0.136710
0.174094
0.160904
0.126477
0.131893
0.236105
0.144548
0.141504
0.111510
0.197980
0.143972
0.164171
0.150540
0.145583
0.116895
0.175936
0.124527
0.175697
0.138144
0.133411
0.116322
0.209997
0.177899
0.173270
0.136933
0.229200
0.191842
0.222658
0.203268
0.172650
0.140519
0.203618
0.216328
0.229219
0.216367
0.197894
0.181907
0.273337
0.188147
0.212857
0.180219
0.263279
0.227471
0.226708
0.236962
0.246506
0.197075
0.259305
0.233486
0.274188
0.235676
0.224039
0.237364
0.336508
0.292201
0.280438
0.210318
0.318669
0.248881
0.312290
0.311606
0.302870
0.310106
0.315183
0.253063
0.303007
0.233533
0.251621
0.298340
0.331397
0.273845
0.265515
0.203958
0.327173
0.276952
0.276854
0.278215
0.279186
0.238339
0.313918
0.292217
0.305249
0.346477
0.291598
0.332600
0.372689
0.283799
0.333033
0.268630
0.342124
0.338591
0.361304
0.336929
0.298757
0.267948
0.337547
0.315275
0.341519
0.318447
0.284344
0.274481
0.341961
0.312917
0.276292
0.240478
0.344866
0.284298
0.327219
0.297942
0.313844
0.272213
0.318182
0.295077
0.345356
0.347162
0.315171
0.318610
0.353608
0.314739
0.362848
0.301469
0.412460
0.412404
0.430049
0.397554
0.437620
0.391638
0.477408
0.467767
0.500135
0.496029
0.537233
0.496907
0.568010
0.532147
0.564862
0.484921
0.589066
0.540279
0.580810
0.536729
0.598100
0.548721
0.558751
0.543784
0.629918
0.553083
0.569592
0.571701
0.610253
0.528572
0.606412
0.532437
0.587883
0.547785
0.567907
0.562174
0.604619
0.504950
0.553893
0.559328
0.573339
0.521516
0.529781
0.532974
0.549567
0.494399
0.542636
0.471726
0.497999
0.467292
0.500834
0.490989
0.491997
0.445565
0.446613
0.429029
0.442739
0.414622
0.410395
0.412018
0.458790
0.402210
0.454604
0.364070
0.455340
0.411698
0.438929
0.438604
0.454338
0.393515
0.433732
0.402625
0.491630
0.412255
0.374845
0.432666
0.471791
0.415543
0.461207
0.374653
0.490027
0.447843
0.474132
0.443510
0.478808
0.438176
0.493175
0.453902
0.464390
0.467971
0.478481
0.488082
0.514716
0.478478
0.467773
0.418792
0.480511
0.383157
0.429300
0.450394
0.456428
0.402241
0.404127
0.350070
0.432673
0.381575
0.336489
0.361997
0.393525
0.333275
0.328412
0.284900
0.330664
0.288538
0.299378
0.338312
0.311513
0.276226
0.320188
0.250062
0.309533
0.271177
0.228459
0.260298
0.290494
0.281345
0.247489
0.217523
0.290045
0.222345
0.251590
0.273776
0.242008
0.232714
0.272946
0.222104
0.244711
0.217065
0.168004
0.198761
0.227021
0.166963
0.168717
0.157071
0.200340
0.164999
0.178974
0.168625
0.145254
0.123978
0.170159
0.146169
0.174824
0.149029
0.104067
0.059974
0.159128
0.077627
0.116341
0.081289
0.126929
0.064054
0.125978
0.100853
0.113814
0.083032
0.082991
0.096646
0.133859
0.072400
0.064310
0.068662
0.173449
0.086814
0.090291
0.064585
0.175717
0.094774
0.161017
0.131077
0.117141
0.103684
0.138754
0.099649
0.179628
0.107275
0.133324
0.132473
0.131365
0.126347
0.120512
0.106653
0.131698
0.073966
0.133379
0.117073
0.081031
0.088850
0.121139
0.074394
0.124244
0.084264
0.062266
0.076039
0.114961
0.059625
0.082505
0.059769
0.094710
0.061903
0.095223
0.083832
0.068206
0.077971
0.057899
0.052138
0.105482
0.053606
0.044726
0.033409
0.062566
0.036420
0.073703
0.042778
0.057034
0.029681
0.066098
0.034559
0.079236
0.028603
0.037730
0.018891
0.064967
0.022827
0.041121
0.025535
0.070610
0.031492
0.066180
-0.009619
0.057207
0.038910
0.057658
0.029914
0.069732
0.014647
0.046369
0.016415
0.081769
0.045350
0.020891
0.038884
0.077654
0.034466
0.047363
0.004403
0.071758
0.046233
0.049079
0.016370
0.067907
0.020946
0.048466
0.024266
0.060489
0.018658
0.023649
0.033164
0.083044
0.045314
0.059421
0.018246
0.054276
0.027571
0.057769
0.021265
0.054161
0.018805
0.051094
0.030425
0.069942
0.032507
0.023909
0.024368
0.072152
0.018419
0.065964
0.004884
0.053949
0.031831
0.060300
0.033090
0.109470
0.081144
0.039397
0.021129
0.060002
0.050836
0.013737
