0.011807
0.109233
0.051234
0.076655
0.021499
0.140318
0.117661
0.074909
0.063188
0.079883
0.036533
0.092496
0.079500
0.101733
0.076908
0.099709
0.095107
0.155266
0.119912
0.123558
0.105206
0.163855
0.107575
0.156175
0.134118
0.114850
0.092352
0.161865
0.129631
0.145393
0.138846
0.118985
0.087216
0.115833
0.083809
0.110933
0.092965
0.119083
0.103278
0.128264
0.108256
0.076374
0.092708
0.104429
0.095195
0.131930
0.101270
0.081456
0.070572
0.152934
0.079082
0.115247
0.065255
0.121576
0.059517
0.104226
0.088282
0.092631
0.093439
0.078835
0.071902
0.110801
0.091291
0.069210
0.075674
0.127325
0.075808
0.108079
0.076147
0.103676
0.042469
0.108884
0.090410
0.081452
0.075760
0.084250
0.068393
0.103328
0.080826
0.064022
0.058335
0.074931
0.045570
0.086388
0.056915
0.077540
0.034799
0.085530
0.044141
0.072077
0.050197
0.055019
0.032144
0.085353
0.047632
0.033816
0.034444
0.063022
0.030871
0.056140
0.022338
0.066805
0.031979
0.058532
0.016392
0.075749
0.010120
0.036675
0.027595
0.066706
0.019469
0.024153
0.034339
0.060637
0.025687
0.056304
0.013761
0.063340
0.035080
0.068998
0.021057
0.055278
-0.001913
0.056226
0.045473
0.060061
0.026683
0.046484
0.026479
0.073582
0.019175
0.050753
0.021431
0.059352
0.019205
0.047327
0.004879
0.067850
0.029418
0.016569
0.031390
0.063577
0.010751
0.013217
0.024149
0.062622
0.025616
0.043155
-0.005893
0.053576
0.014626
0.045718
0.015077
0.047440
0.001391
0.038466
0.018106
0.069619
0.011731
0.023004
0.029498
0.066315
0.027068
0.053425
0.006298
0.047972
0.016050
0.054662
0.014968
0.068248
0.010902
0.031745
0.018653
0.071116
0.007455
0.012092
0.030130
0.073930
0.037301
0.049200
-0.002022
0.054682
0.016275
0.044775
0.004621
0.052352
-0.007954
0.046770
0.030260
0.049685
-0.002629
0.025332
0.017334
0.060723
0.021342
0.052288
0.016046
0.052674
0.040192
0.037798
0.011184
0.056979
0.012129
0.044033
0.023780
0.064933
0.023785
0.028520
0.035394
0.052612
0.023598
0.055709
0.017733
0.042594
0.021576
0.046163
0.004345
0.058381
0.007185
0.028068
0.016214
0.055932
0.008894
0.017166
0.030609
0.069394
0.024085
0.046174
-0.003316
0.037192
0.022543
0.050070
0.009939
0.051561
-0.000237
0.030223
0.021480
0.063564
-0.000368
0.010812
0.012704
0.063566
0.028535
0.047940
-0.012857
0.052947
0.019687
0.020734
0.003582
0.068401
0.003703
0.031378
0.008846
0.068917
0.007174
0.009877
0.031931
0.063373
0.025141
0.040378
-0.006871
0.055898
0.034394
0.037696
0.005413
0.058873
0.002133
0.035914
0.007228
0.061268
0.021935
0.017274
0.035381
0.050123
0.014401
0.053764
0.002786
0.041655
0.009910
0.054004
-0.000215
0.073358
0.012084
0.016473
0.005171
0.065320
-0.000289
0.006255
0.018642
0.046925
0.019601
0.049619
0.000421
0.043731
0.025492
0.049333
-0.008567
0.054449
-0.006878
0.040550
0.005855
0.060201
0.022400
0.023370
0.027286
0.055621
0.022651
0.032649
0.000426
0.047368
0.026671
0.043562
0.013674
0.041431
0.013619
0.043557
0.022508
0.052027
0.016659
0.022587
0.031649
0.053352
0.019117
0.047882
0.016991
0.050888
0.016967
0.054021
0.007367
0.056311
-0.009478
0.042468
0.005552
0.054180
0.011985
0.001424
0.026824
0.070729
0.021133
0.052291
-0.010997
0.041260
0.018194
0.041899
0.000034
0.059142
0.008949
0.029729
0.010977
0.062183
-0.001795
0.015529
0.016909
0.054016
0.023868
0.052667
-0.005671
0.042656
0.014180
0.045456
-0.015085
0.052116
-0.004923
0.022765
0.024461
0.047263
-0.006446
0.013303
0.012958
0.055039
0.023495
0.034785
-0.016273
0.048181
0.012113
0.030958
-0.017707
0.055344
0.005768
0.021421
0.028691
0.049742
-0.000137
0.013748
0.016540
0.058492
0.017904
0.047220
-0.003061
0.042733
0.017914
0.036123
-0.003572
0.058617
-0.009856
0.016059
0.015200
0.062000
0.003431
0.021182
0.001188
0.070803
0.027632
0.043660
-0.017277
0.047623
0.012729
0.054190
0.001521
0.051577
-0.010200
0.020248
0.021727
0.052845
0.011773
0.004918
0.023255
0.066563
0.012348
0.047956
-0.013350
0.031611
0.017632
0.045636
-0.011130
0.057161
0.008683
0.030287
0.015513
0.046403
-0.004375
0.014933
0.030743
0.044757
0.018371
0.053742
-0.009110
0.030967
0.022209
0.034712
-0.009573
0.070458
-0.016307
0.014739
-0.002331
0.053921
-0.000389
-0.000250
0.022521
0.055075
0.016027
0.062367
-0.014886
0.024386
0.026895
0.042826
0.015111
0.056882
-0.003554
0.032770
0.008872
0.048970
-0.011636
0.012418
0.025799
0.055351
0.039265
0.037816
-0.009495
0.036896
0.008229
0.046204
0.007884
0.054256
-0.013262
0.027908
0.019211
0.050037
0.020224
0.037290
0.037782
0.045635
0.011418
0.066285
0.014207
0.056223
0.031197
0.060737
0.023874
0.064050
0.029873
0.039241
0.020593
0.072903
0.026582
0.030607
0.035861
0.066217
0.037825
0.062742
0.009223
0.055863
0.048633
0.071967
0.032214
0.040464
-0.008408
0.045621
0.044666
0.072245
0.038324
0.025544
0.032701
0.092398
0.037336
0.053254
0.010189
0.071842
0.038133
0.058425
0.040204
0.059351
0.017923
0.046118
0.037153
0.082370
0.064135
0.042388
0.059745
0.069301
0.045445
0.061846
0.038838
0.071486
0.041911
0.086505
0.065328
0.064968
0.046870
0.079184
0.053277
0.102324
0.056492
0.070098
0.061907
0.137969
0.071520
0.084450
0.065155
0.107363
0.056730
0.120284
0.101215
0.081137
0.078217
0.090597
0.060296
0.119631
0.090228
0.047718
0.091816
0.167677
0.118758
0.109651
0.098499
0.184899
0.124500
0.171245
0.123769
0.127177
0.111127
0.202193
0.142535
0.161355
0.147766
0.162355
0.162173
0.224139
0.183832
0.213705
0.178539
0.277847
0.221190
0.249404
0.268050
0.264305
0.191401
0.281235
0.245528
0.301958
0.277752
0.267213
0.259961
0.337094
0.275322
0.292469
0.248828
0.328262
0.262460
0.293269
0.291629
0.274623
0.239329
0.269744
0.244680
0.276216
0.240852
0.232129
0.217050
0.243111
0.191555
0.199271
0.164093
0.199004
0.153469
0.196647
0.178398
0.168808
0.153332
0.162649
0.144724
0.177209
0.137092
0.128660
0.133507
0.198260
0.132303
0.144435
0.134802
0.163683
0.124961
0.180987
0.139448
0.124543
0.127336
0.173754
0.136354
0.172031
0.111274
0.157545
0.105008
0.168953
0.150733
0.169364
0.138699
0.173216
0.131047
0.172333
0.183432
0.193314
0.173756
0.208981
0.156928
0.210858
0.191209
0.223337
0.198201
0.237431
0.191146
0.246991
0.203260
0.220079
0.188902
0.222790
0.243950
0.221803
0.196821
0.234409
0.199914
0.253037
0.203148
0.214241
0.230288
0.288338
0.243556
0.236995
0.219446
0.235424
0.178338
0.265109
0.223211
0.198824
0.219604
0.249108
0.205924
0.221718
0.196268
0.217500
0.173030
0.219648
0.166403
0.195736
0.180241
0.194148
0.184803
0.193967
0.201817
0.161890
0.161722
0.200886
0.151830
0.207339
0.176024
0.153384
0.143551
0.184716
0.120536
0.148897
0.100101
0.141336
0.100273
0.121588
0.129124
0.081306
0.114899
0.108115
0.084050
0.144307
0.099809
0.064287
0.052921
0.138740
0.070860
0.083325
0.055147
0.095581
0.059624
0.093291
0.068667
0.067543
0.081528
0.060578
0.034777
0.112735
0.077950
0.043489
0.040793
0.116995
0.065584
0.087012
0.052256
0.098722
0.073958
0.088410
0.097169
0.073578
0.066615
0.087509
0.066070
0.103078
0.094723
0.066009
0.068362
0.168137
0.122013
0.104828
0.080407
0.145652
0.092809
0.124542
0.135360
0.126666
0.095693
0.132099
0.079495
0.136351
0.104169
0.153213
0.132144
0.234067
0.200634
0.175112
0.105719
0.267404
0.191621
0.212359
0.219507
0.205871
0.162604
0.248444
0.225900
0.248148
0.201899
0.242145
0.254536
0.283528
0.253634
0.258836
0.222354
0.262946
0.241995
0.266402
0.241152
0.261875
0.212044
0.269662
0.234885
0.265823
0.261057
0.254536
0.251067
0.282997
0.242423
0.299527
0.246733
0.358936
0.309327
0.327396
0.330230
0.325281
0.264123
0.343045
0.328695
0.368416
0.367400
0.369983
0.350835
0.394711
0.365197
0.408746
0.312825
0.421599
0.375695
0.365083
0.383337
0.410030
0.344426
0.365629
0.375800
0.374014
0.375445
0.395660
0.386974
0.416621
0.382405
0.398148
0.302571
0.430827
0.371996
0.386209
0.372288
0.388664
0.370542
0.409651
0.388651
0.397456
0.348434
0.387865
0.374070
0.424802
0.357966
0.385661
0.344440
0.404021
0.352353
0.404695
0.378456
0.374275
0.345404
0.367206
0.317668
0.355015
0.341990
0.302452
0.344638
0.379727
0.281543
0.343277
0.275039
0.320807
0.298180
0.307521
0.292842
0.267434
0.261701
0.268913
0.249493
0.293088
0.271773
0.249432
0.252296
0.317338
0.232610
0.279779
0.229164
0.335921
0.264076
0.299115
0.275232
0.305237
0.269743
0.313663
0.272615
0.288084
0.275470
0.308343
0.291616
0.336450
0.284338
0.331530
0.274847
0.378180
0.355842
0.368894
0.354548
0.371479
0.342464
0.364113
0.344312
0.398801
0.358702
0.360072
0.385310
0.364806
0.279725
0.330410
0.306707
0.287229
0.256536
0.298731
0.254856
0.262468
0.246634
0.259397
0.187066
0.225396
0.193393
0.173397
0.124833
0.196215
0.147600
0.145728
0.098050
0.153216
0.095390
0.131910
0.129534
0.109785
0.112348
0.128635
0.090903
0.151652
0.105235
0.065988
0.085220
0.128024
0.101762
0.101000
0.061149
0.129583
0.066987
0.117742
0.124572
0.104164
0.072330
0.084944
0.071473
0.120355
0.091982
0.047404
0.076663
0.134517
0.093817
0.112092
0.094777
0.122473
0.068911
0.111218
0.112704
0.119077
0.098919
0.122383
0.106688
0.122211
0.080038
0.106437
0.107074
0.153408
0.125721
0.121214
0.089671
0.116405
0.072827
0.118491
0.114456
0.113102
0.102326
0.126968
0.086886
0.112189
0.081629
0.079270
0.048260
0.105323
0.061734
0.099810
0.074176
0.068396
0.034924
0.105183
0.059358
0.060810
0.055467
0.074099
0.045770
0.096933
0.075587
0.059522
0.066921
0.084074
0.059465
0.082329
0.051779
0.056450
0.025152
0.073942
0.084090
0.110918
0.096848
0.067887
0.035342
0.074964
0.073322
0.012485
