0.013820
0.078303
0.039471
0.061626
0.016075
0.103514
0.076866
0.057801
0.040364
0.071837
0.017858
0.073515
0.025238
0.078126
0.047983
0.040105
0.058780
0.093360
0.048980
0.077040
0.044690
0.087552
0.035938
0.072487
0.030312
0.072240
0.015068
0.070082
0.033617
0.069573
0.028036
0.048919
0.037537
0.080780
0.031503
0.061390
0.010357
0.058915
0.029690
0.072054
0.031397
0.064749
0.011892
0.049070
0.032667
0.072992
0.020170
0.048647
0.043597
0.096385
0.060975
0.064837
0.028945
0.095126
0.056594
0.068662
0.060353
0.071661
0.059669
0.067642
0.052190
0.103942
0.087254
0.073827
0.053244
0.110056
0.075147
0.100850
0.062630
0.075663
0.050788
0.079206
0.053529
0.063528
0.037730
0.071588
0.034310
0.080942
0.053546
0.056134
0.061085
0.075512
0.051218
0.079946
0.041135
0.073083
0.048801
0.060749
0.029720
0.075230
0.028521
0.046434
0.039747
0.083149
0.044606
0.033150
0.039448
0.064672
0.038303
0.066939
0.017744
0.054332
0.018920
0.075701
0.015865
0.050480
0.024462
0.041033
0.016071
0.069792
0.030407
0.019597
0.029349
0.047699
0.007993
0.058135
0.014525
0.037772
0.008522
0.065407
0.019150
0.055564
0.006499
0.029901
0.009294
0.061231
0.015988
0.023871
0.018185
0.074354
0.044738
0.063472
0.008661
0.059436
0.042528
0.051081
0.033731
0.069723
0.020978
0.034311
0.032409
0.078721
0.038940
0.027695
0.033345
0.056477
0.025178
0.076123
0.011659
0.057515
0.044505
0.061410
0.030408
0.060301
0.015188
0.038946
0.033659
0.093011
0.031582
0.026957
0.038111
0.071282
0.018351
0.071502
0.005986
0.046351
0.028866
0.054431
0.033609
0.049202
-0.013125
0.051157
0.026257
0.063908
0.023649
0.028669
0.029968
0.067415
0.029718
0.065908
0.023226
0.056699
0.030702
0.071928
0.067876
0.047274
0.009608
0.041644
0.034603
0.081274
0.063894
0.048357
0.027287
0.075642
0.040454
0.074831
0.022883
0.057241
0.028559
0.057965
0.041807
0.064214
0.022007
0.049675
0.031501
0.081830
0.038198
0.046641
0.032350
0.077458
0.039056
0.055175
0.030083
0.059224
0.044281
0.088014
0.056595
0.044729
0.021420
0.060987
0.036717
0.083981
0.072711
0.018998
0.049530
0.093563
0.044627
0.065988
0.033666
0.090992
0.045458
0.082423
0.062765
0.073487
0.049192
0.094984
0.068388
0.100330
0.081465
0.126816
0.135439
0.176508
0.140223
0.156401
0.125689
0.165003
0.101194
0.157517
0.150214
0.156320
0.087074
0.175603
0.108932
0.179816
0.132188
0.111751
0.114313
0.182184
0.126755
0.155163
0.108124
0.200361
0.125159
0.133843
0.146525
0.177112
0.159457
0.191890
0.132047
0.146331
0.125426
0.149505
0.166355
0.281285
0.193700
0.216520
0.207269
0.281352
0.231887
0.306306
0.277374
0.294160
0.240697
0.312588
0.276626
0.338807
0.302773
0.335962
0.317895
0.339938
0.301531
0.336024
0.287462
0.324890
0.255721
0.334446
0.298776
0.282888
0.281351
0.289454
0.253703
0.258580
0.250953
0.250492
0.240965
0.291723
0.246588
0.265388
0.210390
0.297255
0.256190
0.278732
0.292598
0.276973
0.236197
0.279962
0.248524
0.291853
0.273117
0.295654
0.273765
0.363390
0.346241
0.363702
0.283029
0.406529
0.379595
0.376915
0.393558
0.406444
0.362231
0.444169
0.415763
0.433123
0.422868
0.483252
0.445686
0.521751
0.449420
0.513967
0.436286
0.499119
0.436722
0.486657
0.458903
0.513784
0.445700
0.509176
0.477670
0.475168
0.460832
0.498477
0.482110
0.518017
0.465278
0.507508
0.469406
0.479392
0.384129
0.462373
0.440577
0.532031
0.412786
0.450146
0.385212
0.438152
0.432194
0.433017
0.417017
0.454783
0.388857
0.433906
0.355893
0.450647
0.426418
0.467978
0.412158
0.453571
0.399116
0.464662
0.418429
0.480216
0.458923
0.443658
0.443032
0.441178
0.384727
0.432042
0.351920
0.422433
0.373038
0.395818
0.396641
0.442860
0.344832
0.377545
0.337953
0.357072
0.358786
0.270762
0.306933
0.366905
0.295849
0.330536
0.297018
0.368643
0.313525
0.381873
0.323409
0.327349
0.309649
0.415528
0.325790
0.363821
0.328825
0.332700
0.295636
0.439544
0.357601
0.377076
0.292028
0.431473
0.404189
0.427932
0.395360
0.422730
0.354637
0.442504
0.422560
0.436330
0.438422
0.438883
0.401934
0.425603
0.400232
0.428819
0.371445
0.422661
0.387126
0.400883
0.371854
0.392180
0.369456
0.381978
0.360032
0.385345
0.352534
0.359042
0.339994
0.421334
0.346715
0.389092
0.343160
0.441420
0.435105
0.477191
0.459933
0.429746
0.392379
0.488235
0.425820
0.454391
0.433988
0.429688
0.434672
0.508410
0.475617
0.510686
0.394991
0.526712
0.531084
0.525367
0.503319
0.553852
0.509564
0.590449
0.562952
0.561992
0.578193
0.613922
0.608767
0.626531
0.580677
0.647881
0.583905
0.640269
0.577712
0.620628
0.606694
0.652625
0.538711
0.626169
0.624526
0.665229
0.603763
0.624303
0.609315
0.669824
0.588457
0.681952
0.637057
0.668293
0.646756
0.677418
0.663958
0.688482
0.638126
0.707204
0.687655
0.733985
0.691705
0.702048
0.709722
0.744634
0.696085
0.770542
0.717340
0.763957
0.733618
0.767062
0.758824
0.782227
0.745363
0.784627
0.779989
0.801771
0.787231
0.820846
0.791445
0.843647
0.798954
0.850888
0.826658
0.865599
0.841907
0.872305
0.867575
0.886662
0.845900
0.880740
0.862688
0.892313
0.877876
0.888504
0.894316
0.911107
0.865893
0.903828
0.882652
0.898254
0.864026
0.903670
0.893496
0.928977
0.882489
0.879583
0.876246
0.889967
0.880069
0.889782
0.893101
0.897877
0.846985
0.894401
0.849305
0.887075
0.851230
0.877861
0.849494
0.875090
0.838305
0.854622
0.832646
0.866003
0.847681
0.837385
0.848946
0.864551
0.831582
0.863385
0.824110
0.861576
0.840594
0.855711
0.846666
0.860996
0.809597
0.853171
0.840926
0.862095
0.819987
0.841596
0.838974
0.864616
0.813509
0.853932
0.820375
0.866774
0.830380
0.864568
0.849854
0.871850
0.825378
0.856547
0.844614
0.862507
0.843272
0.851841
0.829773
0.895759
0.810582
0.855694
0.824490
0.844748
0.813535
0.834883
0.829090
0.852994
0.788294
0.829349
0.813392
0.847343
0.806445
0.798226
0.812700
0.845279
0.797961
0.847357
0.814804
0.834822
0.790061
0.818584
0.838555
0.869410
0.807475
0.837230
0.816093
0.834641
0.813471
0.837302
0.849073
0.868202
0.844848
0.874040
0.825030
0.878516
0.846172
0.886256
0.876281
0.893974
0.876018
0.886249
0.868744
0.890400
0.889914
0.905239
0.897057
0.933068
0.886594
0.910312
0.876804
0.895981
0.875899
0.911806
0.894842
0.909913
0.869371
0.889341
0.875517
0.896869
0.887135
0.890871
0.887042
0.918476
0.888589
0.911899
0.879864
0.914106
0.889410
0.929663
0.924769
0.925051
0.902489
0.917110
0.903405
0.937176
0.922914
0.934296
0.928099
0.947316
0.902302
0.939862
0.906806
0.938426
0.912040
0.936488
0.936903
0.935606
0.905775
0.920535
0.904814
0.934384
0.912887
0.913029
0.918847
0.923782
0.863856
0.901291
0.866593
0.887107
0.857207
0.875837
0.866192
0.877282
0.814915
0.825895
0.813572
0.822634
0.805111
0.774744
0.777413
0.808151
0.731907
0.787001
0.716477
0.755978
0.683785
0.719615
0.722465
0.757385
0.681729
0.691769
0.654047
0.677503
0.646167
0.657403
0.641897
0.710913
0.624951
0.692595
0.648451
0.690600
0.638856
0.688275
0.672061
0.703597
0.662925
0.703174
0.677605
0.717770
0.702308
0.703302
0.706190
0.721389
0.638297
0.740272
0.692799
0.709724
0.678954
0.706224
0.693095
0.718453
0.660103
0.704242
0.677660
0.675678
0.671413
0.677047
0.646719
0.705644
0.636433
0.684784
0.605426
0.641708
0.579654
0.652871
0.614216
0.651899
0.582578
0.596082
0.591339
0.575722
0.567480
0.558719
0.549664
0.590531
0.528728
0.566584
0.485662
0.548187
0.502322
0.528790
0.514390
0.541087
0.464908
0.500675
0.469440
0.510142
0.490174
0.457795
0.440222
0.521162
0.465357
0.486233
0.409605
0.499912
0.447454
0.497749
0.449039
0.481108
0.415694
0.469990
0.453991
0.440146
0.426121
0.426138
0.450570
0.506554
0.429321
0.470128
0.377656
0.443463
0.386097
0.432893
0.419382
0.453258
0.386218
0.385295
0.396658
0.410751
0.381827
0.394224
0.379337
0.403048
0.359604
0.380929
0.327343
0.416246
0.377735
0.375066
0.355449
0.358317
0.320431
0.377225
0.340667
0.346914
0.319138
0.297892
0.331978
0.366273
0.320222
0.329058
0.281999
0.346555
0.275825
0.359209
0.340562
0.313404
0.275968
0.336628
0.311138
0.331789
0.307056
0.302952
0.250992
0.436971
0.384777
0.372887
0.333284
0.425658
0.390326
0.438199
0.403165
0.438161
0.382261
0.434183
0.441137
0.424923
0.423883
0.453065
0.453887
0.498419
0.432938
0.491783
0.391025
0.492125
0.433789
0.475359
0.447467
0.470175
0.422048
0.461098
0.433589
0.479514
0.473495
0.459738
0.469930
0.497812
0.476610
0.505604
0.454164
0.513495
0.474914
0.520610
0.499210
0.521518
0.473420
0.504298
0.486031
0.515992
0.510380
0.482980
0.483690
0.551398
0.466789
0.545362
0.491707
0.547403
0.513952
0.550656
0.533046
0.555848
0.515817
0.589170
0.553594
0.576681
0.598894
0.596334
0.599791
0.591920
0.552332
0.615862
0.542527
0.594852
0.546897
0.567677
0.533683
0.548683
0.513768
0.531852
0.529904
0.508683
0.470422
0.495628
0.468070
0.532470
0.449411
0.516248
0.427841
0.465933
0.457787
0.473016
0.488719
0.455189
0.409116
0.448799
0.433910
0.437020
0.417607
0.405563
0.371222
0.382815
0.339837
0.360425
0.280588
0.292794
0.266934
0.268614
0.261722
0.260595
0.220137
0.238178
0.196066
0.222759
0.165854
0.153260
0.133526
0.201106
0.120559
0.171625
0.142858
0.199921
0.113419
0.194080
0.166782
0.158370
0.127881
0.205938
0.151942
0.169606
0.120858
0.086850
0.116430
0.179398
0.139198
0.115635
0.098004
0.166682
0.100768
0.140450
0.130482
0.140692
0.122998
0.155784
0.121004
0.168679
0.123827
0.128428
0.120562
0.146215
0.108360
0.130595
0.086085
0.100434
0.065960
0.099656
0.119685
0.135318
0.113530
0.093010
0.056509
0.087526
0.077066
0.015495
