0.012790
0.088677
0.043511
0.051265
0.011105
0.095109
0.068097
0.031408
0.025702
0.060082
0.002890
0.060814
0.035418
0.070748
0.067837
0.032391
0.045221
0.087384
0.035194
0.074717
0.017811
0.069676
0.029114
0.078444
0.044063
0.061450
0.022906
0.062063
0.037198
0.067252
0.039147
0.035499
0.035908
0.072476
0.026233
0.079358
0.035976
0.052548
0.036508
0.064760
0.030995
0.056202
0.030424
0.047483
0.020346
0.086334
0.022173
0.008473
0.032561
0.074149
0.026028
0.049883
0.023435
0.047032
0.024065
0.060338
0.012197
0.070510
0.013641
0.033730
0.016011
0.071411
0.027893
0.027676
0.022440
0.085798
0.031309
0.054569
-0.003485
0.050351
0.020090
0.078814
0.000976
0.064332
0.010546
0.038469
0.018492
0.061275
0.030493
0.017542
0.029647
0.076232
0.040324
0.059185
0.011467
0.027512
0.038210
0.058362
0.025115
0.053130
0.017636
0.034383
0.032566
0.063640
0.017775
0.031293
0.038316
0.075253
0.043335
0.064520
0.023589
0.066552
0.034804
0.082588
0.044603
0.059795
0.028900
0.060199
0.036649
0.074435
0.038461
0.034543
0.055735
0.075411
0.031709
0.054849
0.010848
0.068942
0.042253
0.049937
0.034685
0.057463
0.024951
0.051114
0.052519
0.090013
0.043436
0.026338
0.037424
0.076266
0.041540
0.067307
0.018896
0.044089
0.020442
0.050214
0.014234
0.063755
0.004006
0.042999
0.010702
0.068869
0.009217
0.015684
0.020194
0.072855
0.016918
0.047209
-0.012592
0.043444
0.037083
0.035627
0.020545
0.059959
-0.018963
0.036973
0.038400
0.061004
-0.003704
0.011288
0.015475
0.085277
0.039032
0.038913
-0.016476
0.059312
0.046606
0.031798
0.000496
0.043774
-0.016401
0.045356
0.044093
0.039918
0.020015
0.026657
0.036746
0.079054
0.021435
0.068473
0.031703
0.030392
0.026388
0.065389
0.028875
0.062325
0.021268
0.040186
0.033297
0.089586
0.030973
0.019455
0.026286
0.075620
0.039597
0.069530
0.026232
0.059455
0.014233
0.068060
0.039198
0.046547
0.027506
0.041574
0.023835
0.078548
0.024596
0.030488
0.032217
0.078664
0.025432
0.070206
0.012360
0.059015
0.040214
0.080939
0.024997
0.052957
0.034982
0.048940
0.043824
0.074527
0.046742
0.036399
0.045386
0.081501
0.057940
0.070468
0.044422
0.084134
0.055624
0.092182
0.074239
0.066333
0.032140
0.069153
0.052324
0.088815
0.062447
0.087803
0.089889
0.116438
0.077156
0.106031
0.101935
0.145195
0.075459
0.118068
0.074851
0.066984
0.059579
0.130863
0.089182
0.133854
0.087432
0.105275
0.080307
0.165149
0.112040
0.135246
0.106806
0.220813
0.172685
0.202278
0.184934
0.186911
0.159273
0.225398
0.179514
0.225040
0.210240
0.244697
0.217658
0.258769
0.180149
0.221803
0.210752
0.220817
0.182833
0.210395
0.191997
0.185823
0.168322
0.208865
0.158194
0.190167
0.125677
0.163886
0.149531
0.204360
0.153451
0.147693
0.124562
0.172000
0.119594
0.183401
0.151407
0.138424
0.135542
0.179428
0.103380
0.164441
0.140466
0.079250
0.090615
0.124702
0.097127
0.139892
0.123572
0.146170
0.065629
0.129706
0.121311
0.123114
0.121030
0.110975
0.094640
0.105343
0.109807
0.103089
0.094932
0.158500
0.119164
0.125228
0.064388
0.121163
0.050710
0.092177
0.092497
0.102064
0.076527
0.074994
0.050489
0.084997
0.061169
0.063402
0.062516
0.103768
0.075105
0.078613
0.086601
0.084274
0.040231
0.099409
0.085371
0.051738
0.081643
0.070204
0.042855
0.099017
0.061470
0.043779
0.046713
0.124972
0.069046
0.076689
0.036596
0.069460
0.041595
0.077713
0.045239
0.058084
0.022360
0.062301
0.040074
0.078774
0.041138
0.046692
0.030534
0.078653
0.055281
0.064341
0.035241
0.051204
0.047006
0.094280
0.051002
0.071996
0.015754
0.055624
0.047096
0.095706
0.054334
0.038555
0.039432
0.078323
0.011694
0.078176
0.040578
0.058788
0.038110
0.073233
0.033218
0.045692
0.033907
0.054899
0.039976
0.087409
0.030194
0.030189
0.034920
0.056870
0.027341
0.067235
0.010758
0.044207
0.036786
0.057064
0.031199
0.049937
0.022226
0.037030
0.013315
0.064499
0.020043
0.020607
0.037798
0.081081
0.027161
0.049773
0.002745
0.044221
0.031037
0.058610
0.008958
0.091593
0.005713
0.035301
0.000489
0.050464
0.025613
0.013491
0.033696
0.056628
0.046824
0.051536
0.024874
0.067560
0.028457
0.044083
0.025894
0.057649
0.015593
0.040140
0.012057
0.077207
0.004865
0.011499
0.024519
0.068602
0.037892
0.052245
0.001682
0.053175
0.010554
0.039356
0.005294
0.058194
0.004206
0.022284
0.016427
0.075731
0.022554
0.003261
0.015457
0.066093
0.015272
0.054724
-0.014304
0.051427
0.042725
0.046261
0.005168
0.050516
0.005625
0.031577
0.033148
0.057483
0.006012
0.030821
0.021167
0.064274
0.029966
0.056384
0.014982
0.051472
0.032694
0.073934
0.010947
0.058384
0.020097
0.057533
0.036567
0.048010
0.039065
0.041967
0.048816
0.078464
0.056433
0.067396
0.032869
0.059294
0.028561
0.096579
0.058775
0.058373
0.021401
0.073252
0.028604
0.064829
0.036457
0.067686
0.056819
0.079443
0.048802
0.081830
0.040867
0.080547
0.052651
0.087517
0.069383
0.064504
0.025228
0.097055
0.070694
0.089918
0.073648
0.062831
0.061453
0.153814
0.093213
0.103501
0.064808
0.177699
0.150167
0.145662
0.128561
0.108938
0.090328
0.151724
0.136180
0.200111
0.131935
0.127771
0.132234
0.171289
0.152282
0.149111
0.127649
0.186564
0.126174
0.178376
0.168342
0.149221
0.137076
0.191308
0.143289
0.205086
0.154629
0.159597
0.203403
0.247760
0.191066
0.186731
0.156456
0.270164
0.241792
0.255247
0.255543
0.227620
0.192695
0.279145
0.238543
0.288860
0.302781
0.266941
0.283889
0.357709
0.296527
0.334872
0.290225
0.351292
0.315034
0.342712
0.381612
0.382031
0.322272
0.351570
0.335928
0.353801
0.331769
0.376691
0.371070
0.438863
0.401543
0.412954
0.361918
0.449806
0.433604
0.453615
0.407728
0.452404
0.427372
0.478561
0.434001
0.484740
0.492611
0.482211
0.450771
0.550506
0.458224
0.510396
0.443276
0.523111
0.482608
0.483665
0.497869
0.499227
0.441835
0.509308
0.469947
0.482977
0.469935
0.454055
0.482744
0.501581
0.440945
0.484118
0.403101
0.453790
0.418691
0.444238
0.454990
0.452656
0.412632
0.413572
0.361380
0.427425
0.414770
0.413478
0.386535
0.449675
0.396704
0.465441
0.376604
0.477234
0.438705
0.462557
0.460689
0.495173
0.425077
0.507376
0.489579
0.492061
0.498380
0.523584
0.541933
0.511177
0.461208
0.500609
0.446839
0.506078
0.464246
0.475075
0.489259
0.500988
0.404452
0.460927
0.417003
0.463998
0.464265
0.414267
0.418742
0.454023
0.388385
0.412726
0.352921
0.429057
0.358711
0.397475
0.387465
0.364542
0.322995
0.380830
0.355772
0.359197
0.337726
0.270966
0.280372
0.350795
0.294832
0.315705
0.237026
0.314824
0.264281
0.293406
0.263816
0.272829
0.275351
0.260396
0.228875
0.251504
0.271348
0.263434
0.252313
0.271185
0.239577
0.254623
0.224327
0.297963
0.213711
0.253371
0.244750
0.243231
0.263460
0.261854
0.226894
0.262162
0.204052
0.234678
0.228326
0.275255
0.241555
0.217255
0.155240
0.242476
0.182912
0.208897
0.156480
0.157549
0.169777
0.169466
0.119881
0.174229
0.138539
0.102583
0.114749
0.174880
0.117256
0.115668
0.080128
0.169249
0.095919
0.143077
0.157431
0.117829
0.119558
0.127358
0.112086
0.148593
0.131213
0.127643
0.106946
0.181562
0.136693
0.137412
0.125840
0.170317
0.113706
0.138049
0.139374
0.131503
0.091927
0.134773
0.084153
0.142759
0.115622
0.068038
0.079696
0.134976
0.091212
0.113133
0.087543
0.091670
0.016848
0.107143
0.079375
0.067935
0.060476
0.067899
0.031233
0.089598
0.076081
0.036477
0.045578
0.074820
0.049054
0.088107
0.014921
0.086388
0.046112
0.071999
0.033279
0.051699
0.011258
0.053528
0.031818
0.080527
0.025361
0.028249
0.036674
0.071375
0.035980
0.072102
0.014123
0.060624
0.018045
0.061837
0.040296
0.054903
0.017526
0.046661
0.027240
0.080846
0.032287
0.029977
0.020206
0.062414
0.022341
0.066317
0.018489
0.057066
0.047805
0.057701
0.033233
0.065234
0.007834
0.051669
0.036103
0.066071
0.041775
0.059309
0.050479
0.096861
0.062839
0.060884
0.058357
0.085024
0.045712
0.086274
0.093213
0.074208
0.062916
0.076042
0.044993
0.077979
0.046759
0.029163
0.052075
0.094108
0.051290
0.069570
0.026306
0.043263
0.020411
0.069439
0.027253
0.051941
0.007204
0.047463
0.041816
0.069506
0.022216
0.013878
0.031785
0.076180
0.039217
0.054705
0.008065
0.051316
0.039806
0.058851
0.033823
0.050281
0.017963
0.046514
0.023263
0.077790
0.034552
0.040284
0.051051
0.075966
0.028876
0.075054
0.007590
0.068855
0.059686
0.057510
0.030488
0.061352
0.038142
0.058867
0.052001
0.088216
0.050274
0.041899
0.053562
0.105157
0.058218
0.087681
0.046445
0.096290
0.044383
0.091055
0.071632
0.060501
0.018376
0.095231
0.047058
0.072468
0.060896
0.041350
0.045976
0.137948
0.078005
0.077538
0.035809
0.112567
0.060443
0.100765
0.078992
0.056448
0.062836
0.084430
0.072206
0.109695
0.077376
0.082194
0.077094
0.170192
0.105175
0.112257
0.062860
0.131624
0.091734
0.137283
0.153438
0.137030
0.099153
0.128477
0.126859
0.156034
0.113321
0.156583
0.129904
0.229001
0.178756
0.187838
0.163502
0.172955
0.148572
0.186720
0.199568
0.166764
0.152221
0.197201
0.134868
0.171159
0.116171
0.110475
0.132943
0.137126
0.087563
0.116082
0.092190
0.123755
0.089674
0.112368
0.111384
0.088898
0.065476
0.121296
0.092432
0.098490
0.089851
0.089410
0.071217
0.146336
0.089340
0.122025
0.090054
0.112069
0.063804
0.111189
0.096421
0.082536
0.109666
0.124045
0.065126
0.128300
0.098894
0.057645
0.062458
0.117840
0.078530
0.100722
0.086786
0.121291
0.085988
0.120642
0.096030
0.102053
0.065381
0.155368
0.120224
0.143557
0.120525
0.155041
0.104119
0.106282
0.090780
0.119883
0.073292
0.065375
0.061560
0.094046
0.100309
0.129514
0.140817
0.070247
0.052399
0.076521
0.067251
0.015423
