0.015895
0.057076
0.035554
0.056735
0.020769
0.093428
0.055433
0.039618
0.021249
0.064712
0.004277
0.017999
0.009969
0.067867
0.022036
0.018505
0.032938
0.051782
0.020002
0.058017
-0.008899
0.050549
0.033084
0.051438
0.013265
0.049729
-0.012091
0.043280
0.020535
0.053595
0.026115
0.022280
0.032245
0.049461
0.023432
0.064020
0.005234
0.058886
0.021634
0.067623
0.025634
0.041565
0.006217
0.038413
0.038825
0.050878
0.017477
0.026871
0.040948
0.056796
0.012667
0.056630
0.002298
0.059506
0.047869
0.056707
0.015573
0.063556
-0.002536
0.042901
0.019782
0.065387
0.014493
0.035282
0.030532
0.061173
0.035489
0.047214
0.001390
0.061017
0.038602
0.058459
0.022183
0.060779
0.011574
0.046203
0.027433
0.081056
0.047115
0.030144
0.038414
0.064632
0.019668
0.072381
0.020580
0.060038
0.014763
0.083208
0.040398
0.057818
0.005871
0.042193
0.036127
0.066054
0.024863
0.013517
0.032025
0.070557
0.020505
0.059809
0.000319
0.051442
0.004892
0.050167
0.000293
0.059745
0.011301
0.012034
-0.001892
0.058678
-0.000799
0.005800
0.016825
0.049742
0.019385
0.037015
-0.019555
0.045858
-0.000920
0.049365
-0.012790
0.062821
-0.009650
0.008964
-0.006149
0.061003
0.000534
0.002349
0.015112
0.058668
0.017213
0.035586
-0.010037
0.041753
0.013817
0.044832
-0.006788
0.051601
0.012934
0.004415
0.000857
0.059120
-0.000440
-0.010119
0.021617
0.051090
0.020669
0.045945
-0.016058
0.041651
0.013493
0.030746
-0.009426
0.050938
-0.014300
0.019708
0.005245
0.059700
0.009080
-0.005520
0.011649
0.061120
0.011754
0.047262
-0.007662
0.030632
0.000889
0.052051
-0.006647
0.055695
-0.003592
0.020339
0.006463
0.054213
-0.006551
0.008367
0.014531
0.069507
0.016635
0.029866
-0.016197
0.036873
0.026859
0.040054
-0.012521
0.059038
0.003309
0.020488
0.009798
0.050545
-0.001579
0.008432
0.027184
0.060239
0.007329
0.045047
-0.002714
0.035081
-0.002925
0.044434
-0.017050
0.060113
0.006316
0.010511
0.001716
0.060933
0.000648
0.002696
0.005706
0.056275
0.026501
0.046345
-0.011399
0.037248
0.011525
0.033337
-0.008579
0.074448
-0.023286
0.014186
-0.006930
0.068346
-0.002631
-0.009512
0.015793
0.062738
0.033118
0.035674
-0.015365
0.048791
0.022126
0.023641
-0.003217
0.057870
-0.029213
0.027049
0.008977
0.059282
0.012809
-0.002225
0.026502
0.077785
0.021948
0.035933
-0.018154
0.054574
0.026469
0.039146
0.002986
0.051001
-0.004420
0.026447
0.011931
0.073207
0.006763
-0.004725
0.033801
0.063454
0.019878
0.051786
-0.002261
0.052361
0.012020
0.050709
-0.002485
0.058476
-0.011105
0.022208
0.012575
0.054371
0.009044
0.008214
0.021929
0.077254
0.024548
0.036428
-0.012509
0.054319
0.024491
0.047576
0.005665
0.070244
0.004910
0.030447
0.018585
0.071382
0.014480
0.023505
0.019530
0.058020
0.020019
0.061538
-0.003636
0.048896
0.029555
0.050685
0.013911
0.068239
0.017289
0.040633
0.014151
0.050465
0.012857
0.032263
0.038776
0.062370
0.031720
0.056804
0.000425
0.047330
0.034245
0.042334
0.003367
0.057325
0.001095
0.050459
0.037789
0.080793
0.028255
0.050951
0.032417
0.079190
0.040418
0.065222
0.038430
0.101607
0.078065
0.081931
0.069994
0.066197
0.025114
0.098586
0.057907
0.108795
0.096750
0.084817
0.069134
0.134431
0.078813
0.133285
0.105542
0.159125
0.122716
0.154748
0.121165
0.142883
0.078325
0.193445
0.140534
0.185530
0.150680
0.162017
0.154961
0.226254
0.163816
0.153878
0.128513
0.210026
0.167776
0.204898
0.200836
0.170828
0.142328
0.218983
0.176066
0.237966
0.219487
0.161049
0.187113
0.231436
0.169988
0.211637
0.166585
0.252582
0.183888
0.231587
0.201701
0.179476
0.184410
0.222148
0.179564
0.220909
0.202726
0.154563
0.171356
0.278055
0.221177
0.235169
0.198142
0.321125
0.278266
0.304494
0.298025
0.304288
0.227954
0.333970
0.302672
0.328177
0.298442
0.342211
0.329926
0.356309
0.346767
0.366219
0.326751
0.356258
0.303461
0.365674
0.351366
0.384497
0.329913
0.352534
0.329514
0.355951
0.338285
0.337702
0.364052
0.356284
0.315362
0.326823
0.293567
0.292471
0.202839
0.255128
0.250018
0.263581
0.253922
0.233307
0.184584
0.200716
0.156387
0.121617
0.152554
0.234418
0.162575
0.172762
0.098255
0.175515
0.123789
0.175380
0.158902
0.148282
0.128344
0.172377
0.147458
0.153728
0.151326
0.116334
0.111681
0.196119
0.143219
0.140998
0.116496
0.132065
0.087701
0.138175
0.125714
0.128067
0.126150
0.145443
0.093661
0.135189
0.084962
0.088541
0.068355
0.129867
0.110525
0.086567
0.057868
0.095580
0.047566
0.076248
0.076159
0.084883
0.060901
0.091115
0.062179
0.104698
0.061399
0.059415
0.060778
0.107943
0.055970
0.083198
0.084830
0.095565
0.068272
0.097730
0.089439
0.083261
0.054505
0.119192
0.087935
0.117517
0.112888
0.101499
0.093687
0.180507
0.090946
0.115656
0.094121
0.208847
0.146734
0.147427
0.155650
0.168423
0.121333
0.238848
0.170671
0.210480
0.188764
0.243246
0.225451
0.241225
0.213553
0.246034
0.208198
0.277978
0.232807
0.267817
0.254519
0.268915
0.198417
0.289727
0.216376
0.257916
0.215500
0.245808
0.231628
0.282091
0.238527
0.236211
0.213878
0.264392
0.263920
0.266413
0.254469
0.219604
0.196140
0.265669
0.200924
0.252089
0.226563
0.230673
0.198276
0.237404
0.207338
0.279059
0.211570
0.331064
0.306585
0.312244
0.311169
0.340288
0.284988
0.358648
0.328259
0.384410
0.361411
0.430878
0.400230
0.469309
0.395174
0.500277
0.448142
0.474465
0.451847
0.510452
0.514457
0.565451
0.489747
0.532318
0.509752
0.529308
0.514817
0.546670
0.544462
0.644325
0.530701
0.581554
0.488508
0.590387
0.560593
0.571343
0.588391
0.603725
0.526178
0.590357
0.579317
0.629906
0.566880
0.564598
0.572969
0.606907
0.568326
0.607041
0.527626
0.614894
0.569318
0.618236
0.590578
0.622447
0.576057
0.606559
0.582081
0.560562
0.536803
0.563631
0.550903
0.641544
0.590104
0.578968
0.516730
0.566518
0.544982
0.589147
0.563394
0.616820
0.559938
0.581903
0.543635
0.581538
0.592970
0.608180
0.570983
0.593566
0.527491
0.600302
0.524010
0.549527
0.543778
0.532622
0.510107
0.486678
0.473176
0.498977
0.495854
0.480036
0.435613
0.389897
0.367151
0.434110
0.351671
0.351125
0.306733
0.331051
0.238933
0.326730
0.264047
0.239795
0.261968
0.242291
0.214334
0.235962
0.180234
0.158584
0.179973
0.183300
0.159732
0.156385
0.142400
0.142350
0.080758
0.163399
0.125486
0.097517
0.103768
0.103605
0.073944
0.126165
0.113367
0.066038
0.047056
0.151359
0.077243
0.104975
0.067091
0.085608
0.046864
0.096848
0.092692
0.089745
0.066598
0.078941
0.053200
0.089033
0.044407
0.063699
0.074376
0.104676
0.057056
0.104234
0.060074
0.073856
0.040665
0.091608
0.083466
0.086266
0.041470
0.059144
0.043270
0.113161
0.059368
0.054660
0.060216
0.091748
0.064298
0.078653
0.029232
0.078529
0.045624
0.060312
0.040456
0.071185
0.017619
0.046299
0.041737
0.077817
0.035098
0.022558
0.031082
0.073790
0.028984
0.046852
0.004090
0.044389
0.016311
0.042669
0.002835
0.060667
-0.004536
0.028175
0.008390
0.058729
0.013368
0.001045
0.019550
0.077747
0.014645
0.039418
0.001134
0.053258
0.031520
0.062580
0.009854
0.047655
0.002805
0.030831
0.022035
0.065532
0.021966
0.035001
0.050389
0.103978
0.043601
0.078710
0.017559
0.075537
0.063595
0.062399
0.056171
0.084006
0.046995
0.094298
0.061413
0.097252
0.087403
0.095014
0.075896
0.147202
0.079468
0.149737
0.096083
0.196318
0.157824
0.193867
0.180204
0.177576
0.105727
0.222967
0.179782
0.205878
0.187054
0.202821
0.242547
0.267564
0.206850
0.258380
0.212084
0.263432
0.263089
0.279534
0.247711
0.239271
0.194369
0.278599
0.268151
0.257995
0.245293
0.251114
0.215668
0.308088
0.236872
0.249357
0.217639
0.278207
0.221090
0.281974
0.260653
0.274268
0.236757
0.319266
0.277582
0.280223
0.274850
0.279801
0.265510
0.348909
0.291270
0.334791
0.286812
0.376393
0.372664
0.397641
0.360815
0.441756
0.371751
0.432975
0.408480
0.486926
0.480262
0.465084
0.478373
0.528252
0.467346
0.538896
0.472883
0.555449
0.500380
0.536189
0.500408
0.569868
0.472371
0.557896
0.545382
0.571105
0.521747
0.535821
0.528187
0.568935
0.505662
0.578409
0.504931
0.562353
0.560714
0.559436
0.516503
0.566991
0.546665
0.567493
0.543322
0.589989
0.563342
0.580128
0.581589
0.630000
0.551243
0.647366
0.581562
0.641783
0.593429
0.630168
0.622272
0.666944
0.616199
0.663216
0.661816
0.635752
0.624794
0.663714
0.631095
0.717718
0.663984
0.682500
0.581923
0.642686
0.608089
0.673147
0.628491
0.677981
0.620844
0.654754
0.609179
0.617515
0.627671
0.612728
0.610503
0.662300
0.602019
0.629427
0.566810
0.623509
0.571228
0.601321
0.612696
0.636249
0.561844
0.612437
0.577367
0.610955
0.592439
0.587990
0.582924
0.614137
0.576180
0.619144
0.536173
0.639102
0.613938
0.616201
0.617623
0.649543
0.599968
0.650373
0.637350
0.660852
0.637713
0.625745
0.654139
0.674359
0.610954
0.609046
0.517154
0.568158
0.533429
0.519859
0.518064
0.529553
0.429048
0.459752
0.402273
0.447510
0.374422
0.323123
0.337274
0.380905
0.310560
0.367048
0.306281
0.351985
0.263924
0.316093
0.329850
0.329070
0.300248
0.335187
0.334372
0.335518
0.308942
0.312626
0.337512
0.351899
0.311519
0.354936
0.302637
0.375860
0.324410
0.387856
0.356713
0.386854
0.347966
0.362925
0.343093
0.358362
0.351169
0.337021
0.355819
0.392575
0.344421
0.374842
0.300324
0.359860
0.280969
0.362929
0.318845
0.297711
0.277454
0.302913
0.255359
0.257824
0.210981
0.188970
0.217040
0.256586
0.184122
0.204223
0.169009
0.220662
0.148558
0.173559
0.157463
0.144773
0.136566
0.164120
0.143372
0.186330
0.154747
0.118294
0.123267
0.136913
0.103709
0.135331
0.114681
0.082867
0.022075
0.114739
0.120933
0.168070
0.130897
0.069762
0.038830
0.090285
0.071724
0.012463
