0.013174
0.073750
0.043146
0.062563
0.011601
0.126663
0.095679
0.058404
0.037735
0.053163
0.011542
0.086449
0.066992
0.071730
0.060322
0.043371
0.054773
0.111117
0.064020
0.076764
0.073208
0.112214
0.062614
0.095862
0.098717
0.090824
0.072468
0.119123
0.084766
0.110154
0.082439
0.098087
0.104687
0.154996
0.104418
0.111468
0.082536
0.120364
0.079530
0.132385
0.114234
0.115416
0.097621
0.108558
0.085641
0.125134
0.095447
0.092903
0.082785
0.142340
0.081668
0.106854
0.062719
0.090603
0.054612
0.116012
0.106227
0.077556
0.077816
0.084298
0.056952
0.113423
0.081616
0.047211
0.050476
0.113690
0.053550
0.085020
0.043178
0.061691
0.046857
0.065632
0.059449
0.044995
0.029159
0.075793
0.054163
0.099752
0.055115
0.021465
0.041729
0.097073
0.027218
0.055826
0.016122
0.078650
0.039107
0.073848
0.046308
0.044006
0.030724
0.069342
0.031845
0.111127
0.072462
0.034703
0.045088
0.064539
0.016768
0.074195
0.031518
0.067246
0.048835
0.066222
0.032097
0.050657
0.010705
0.066465
0.044903
0.075607
0.038488
0.031259
0.049054
0.037088
0.005725
0.072470
0.029756
0.044501
0.028796
0.049238
0.012005
0.066881
0.039651
0.030689
0.017598
0.060477
0.023957
0.020233
0.013867
0.062802
0.028707
0.038908
-0.001666
0.051555
0.038653
0.045751
0.006046
0.053437
0.008101
0.032135
0.028066
0.054179
0.016514
0.015256
0.034851
0.075666
0.029097
0.060379
0.009343
0.054966
0.039632
0.039944
0.001971
0.071327
0.018104
0.035715
0.042442
0.060907
0.019229
0.034328
0.044352
0.075283
0.025859
0.065915
0.014516
0.055508
0.040531
0.058495
0.027487
0.045541
0.034718
0.058655
0.037559
0.077484
0.041202
0.023003
0.026727
0.069657
0.042917
0.071780
0.008565
0.048932
0.021682
0.075446
0.012569
0.056419
0.004545
0.045058
0.032026
0.058442
0.022306
0.018841
0.024747
0.069118
0.026832
0.055027
0.012505
0.040831
0.012948
0.058545
0.006207
0.061313
0.010427
0.016864
0.008566
0.064627
0.015497
0.016943
0.013950
0.054380
0.036493
0.054924
0.003351
0.048651
0.040210
0.053281
0.014187
0.063011
0.017780
0.041874
0.018552
0.061017
0.024171
0.031326
0.041454
0.048421
0.021091
0.043607
0.017142
0.058215
0.036916
0.047820
0.006455
0.050361
0.014470
0.036405
0.026461
0.049155
0.027329
0.012970
0.018679
0.061779
0.030307
0.046961
-0.006317
0.046394
0.003068
0.047781
0.010777
0.054827
0.010217
0.034036
0.016501
0.062032
0.007443
0.015396
0.029342
0.069363
0.017554
0.044949
0.003812
0.054128
0.038633
0.058673
0.021808
0.062397
-0.005987
0.034470
0.026408
0.054680
0.029145
0.045900
0.030514
0.087361
0.034173
0.062188
-0.000004
0.068683
0.039840
0.061474
0.043324
0.050615
0.011750
0.046192
0.035260
0.098587
0.049785
0.048022
0.042711
0.075481
0.045883
0.064441
0.026887
0.076720
0.057164
0.059395
0.047834
0.074810
0.014418
0.071680
0.032446
0.059176
0.032406
0.026606
0.069260
0.084777
0.022704
0.072965
0.028491
0.048041
0.038897
0.077539
0.035545
0.067112
0.019928
0.038297
0.023253
0.079393
0.039024
0.023820
0.038275
0.075764
0.043966
0.052292
0.024482
0.075702
0.060303
0.064362
0.039627
0.055785
0.043932
0.061580
0.049675
0.077589
0.069888
0.053811
0.051500
0.116892
0.070562
0.099155
0.059396
0.145455
0.085361
0.085860
0.090297
0.118263
0.068524
0.109272
0.103589
0.145882
0.103372
0.101944
0.110337
0.186901
0.122819
0.139165
0.120321
0.169760
0.116920
0.164476
0.142097
0.142948
0.121210
0.161118
0.111749
0.161099
0.119680
0.108780
0.110231
0.180672
0.128027
0.116756
0.116828
0.152436
0.123288
0.136255
0.125552
0.130097
0.121628
0.139508
0.109863
0.153547
0.124146
0.132614
0.082565
0.163244
0.120068
0.122367
0.112428
0.157246
0.131764
0.177544
0.161800
0.162278
0.133066
0.174084
0.122250
0.179031
0.155690
0.172676
0.159268
0.231426
0.174051
0.219213
0.156431
0.240835
0.175327
0.208695
0.224017
0.236366
0.189106
0.265799
0.207248
0.260531
0.276561
0.243949
0.262123
0.286572
0.231981
0.263495
0.215131
0.280498
0.260560
0.251553
0.271724
0.209705
0.180793
0.257040
0.232092
0.248783
0.200690
0.208606
0.178155
0.266536
0.223673
0.189366
0.183809
0.233160
0.192971
0.241449
0.187910
0.169349
0.190255
0.218561
0.181354
0.190035
0.169514
0.162561
0.181088
0.226450
0.189433
0.185279
0.175181
0.209833
0.154676
0.188818
0.196323
0.132643
0.120622
0.199383
0.162170
0.195229
0.156833
0.158135
0.125224
0.187054
0.154997
0.148420
0.147394
0.149546
0.118387
0.152698
0.152210
0.126372
0.120666
0.165579
0.126591
0.152738
0.150854
0.152830
0.103850
0.162281
0.110755
0.143537
0.145712
0.126945
0.072113
0.150845
0.112960
0.129895
0.119943
0.127219
0.076154
0.133582
0.109711
0.071245
0.070521
0.137030
0.091498
0.084614
0.048315
0.104933
0.076102
0.099952
0.089716
0.068786
0.065489
0.079422
0.068677
0.125375
0.069927
0.038197
0.056955
0.122932
0.080653
0.102838
0.054958
0.100217
0.074213
0.120973
0.108355
0.086727
0.053120
0.091572
0.065529
0.114362
0.079960
0.088907
0.073790
0.108181
0.057496
0.099534
0.084500
0.099187
0.091248
0.111923
0.112185
0.095326
0.088780
0.111385
0.066134
0.129541
0.115411
0.090031
0.102089
0.144139
0.095832
0.106290
0.061272
0.138844
0.081832
0.087063
0.101106
0.066258
0.066434
0.085643
0.063338
0.116121
0.079291
0.063945
0.058089
0.124830
0.075969
0.096803
0.069126
0.065729
0.039453
0.077082
0.061056
0.049016
0.054505
0.094020
0.066170
0.082293
0.062110
0.054883
0.075504
0.083937
0.053120
0.076570
0.048204
0.062600
0.049218
0.104022
0.069407
0.058708
0.035424
0.061038
0.037356
0.092277
0.060591
0.017309
0.027994
0.063044
0.028754
0.062087
0.017323
0.052716
0.027685
0.054113
0.037093
0.044680
0.014931
0.048335
0.021609
0.064998
0.031203
0.016754
0.035016
0.075101
0.041798
0.052921
0.015448
0.051712
0.026270
0.057165
0.026049
0.057080
0.006916
0.036382
0.018628
0.072186
0.009703
0.034631
0.028107
0.081328
0.016433
0.056883
-0.022635
0.061890
0.041354
0.052244
0.016363
0.071069
0.012885
0.043385
0.042040
0.072264
0.016368
0.046796
0.055862
0.072226
0.029736
0.073365
0.017069
0.054482
0.043473
0.060960
0.037887
0.059190
0.025505
0.048381
0.031275
0.079759
0.035475
0.030366
0.031768
0.075429
0.011398
0.069596
0.028508
0.050688
0.013292
0.071185
0.024810
0.069543
0.020152
0.030308
0.008895
0.051687
0.016314
0.010855
0.028646
0.051394
0.030451
0.050121
0.004705
0.043937
0.016045
0.042673
0.009620
0.077102
-0.006342
0.020289
-0.007129
0.056072
0.007536
0.001418
0.018473
0.052276
0.006773
0.045015
-0.011859
0.033462
0.007286
0.049170
-0.015041
0.071462
-0.006468
0.015989
-0.007166
0.062465
0.010188
0.001944
0.006015
0.059470
0.036882
0.034465
-0.018337
0.052981
0.013088
0.038591
0.005608
0.055095
-0.008196
0.030854
0.019870
0.063680
-0.001102
0.006891
0.032454
0.050929
0.015013
0.040226
0.002607
0.038042
0.031710
0.048734
-0.002401
0.062120
0.006635
0.030404
0.021507
0.052604
0.011985
0.021065
0.030428
0.071008
0.035425
0.040234
-0.005517
0.065865
0.051611
0.064694
0.025021
0.059245
-0.006801
0.028172
0.031478
0.063993
0.019424
0.015654
0.036223
0.104886
0.029406
0.047732
0.008018
0.106534
0.072819
0.075174
0.052886
0.085931
0.023259
0.068662
0.038322
0.111258
0.110839
0.082080
0.075463
0.129713
0.057810
0.094936
0.068668
0.133321
0.097761
0.120742
0.125276
0.078506
0.089922
0.109142
0.085789
0.127366
0.127915
0.111018
0.114243
0.165961
0.101515
0.151392
0.118366
0.148027
0.094697
0.157461
0.156423
0.126129
0.141421
0.149229
0.131186
0.158853
0.144122
0.107016
0.119744
0.232919
0.154183
0.155249
0.115962
0.261196
0.193847
0.205056
0.180841
0.231780
0.191399
0.254386
0.237720
0.278014
0.259082
0.286386
0.311323
0.389156
0.340170
0.364038
0.290382
0.421900
0.402034
0.433424
0.391903
0.467862
0.390794
0.470765
0.468848
0.466023
0.474540
0.482865
0.517536
0.561586
0.513889
0.553504
0.473278
0.590523
0.543104
0.582539
0.546419
0.599378
0.547164
0.616493
0.601918
0.618861
0.600003
0.623542
0.607512
0.690389
0.634757
0.655494
0.603122
0.651790
0.628442
0.657228
0.638952
0.700425
0.622479
0.669473
0.670159
0.670052
0.668370
0.677541
0.647419
0.715272
0.651255
0.687902
0.639051
0.668294
0.635654
0.661510
0.656509
0.708475
0.614859
0.648457
0.652863
0.633393
0.628774
0.636145
0.626837
0.667824
0.584159
0.653982
0.566832
0.597047
0.570333
0.568590
0.578971
0.615680
0.532023
0.543549
0.536417
0.538130
0.495078
0.483900
0.486448
0.511359
0.461424
0.508524
0.441950
0.517865
0.507233
0.496156
0.466599
0.484892
0.423203
0.478675
0.461728
0.493356
0.451537
0.434542
0.424304
0.479678
0.438209
0.461039
0.401405
0.487969
0.421884
0.445355
0.429016
0.491817
0.432603
0.451583
0.423243
0.453668
0.453955
0.458738
0.465268
0.462405
0.395048
0.438969
0.393687
0.444510
0.383103
0.397800
0.403421
0.402244
0.346209
0.399560
0.399858
0.400185
0.353713
0.322763
0.385435
0.395859
0.328917
0.354223
0.321676
0.361775
0.330294
0.387528
0.362402
0.339107
0.349245
0.380031
0.328105
0.350725
0.335336
0.324208
0.311009
0.361381
0.319709
0.307099
0.271695
0.327612
0.293038
0.332136
0.291850
0.307442
0.300812
0.337998
0.265135
0.322602
0.295760
0.304169
0.289869
0.298298
0.251709
0.279503
0.225521
0.285661
0.276503
0.275325
0.232285
0.262437
0.223982
0.263821
0.247361
0.264251
0.208871
0.211029
0.179238
0.229957
0.188579
0.165617
0.177357
0.182388
0.161544
0.172247
0.138306
0.143212
0.134005
0.183535
0.119538
0.183863
0.122803
0.127990
0.118157
0.109078
0.076450
0.111205
0.092443
0.064513
0.039323
0.104923
0.099815
0.122611
0.138349
0.064681
0.039587
0.078390
0.071390
0.012850
