0.012338
0.048166
0.027164
0.046706
0.013055
0.076381
0.033813
0.029482
0.004817
0.057387
-0.005513
0.029091
0.027698
0.052047
-0.004209
0.022473
0.020092
0.058834
0.033208
0.049046
-0.021429
0.037826
0.016569
0.054292
-0.000644
0.054095
-0.011473
0.017838
0.010196
0.069211
0.006868
0.005442
0.022849
0.045848
0.023463
0.048093
-0.008224
0.034853
0.018218
0.045107
-0.001194
0.064570
-0.001271
0.023582
0.008710
0.050607
-0.000952
0.006746
0.013570
0.057989
0.023095
0.051836
-0.005051
0.031867
0.006828
0.043747
-0.009479
0.061278
-0.008575
0.025638
0.011423
0.053316
-0.002966
0.015127
0.013751
0.043884
0.032624
0.043791
-0.012766
0.035349
0.009652
0.035925
0.000792
0.055827
-0.000250
0.022364
0.021459
0.050083
0.003748
0.006192
0.020455
0.062364
0.011807
0.046656
-0.015944
0.040413
0.013648
0.026159
-0.007306
0.044580
-0.006053
0.022488
0.029034
0.051109
0.000671
0.002575
0.032501
0.051390
0.005768
0.049737
-0.006468
0.039603
0.019102
0.040551
-0.006545
0.050190
-0.004312
0.022754
0.019786
0.049131
-0.006152
0.024935
0.036808
0.038780
0.006061
0.056053
0.007460
0.045224
0.002996
0.040945
0.000132
0.068931
-0.006815
0.024775
0.008928
0.061383
0.015410
-0.000865
0.019710
0.061566
0.016564
0.057322
-0.024992
0.033565
0.010616
0.029956
-0.004394
0.065171
-0.016669
0.021437
0.013813
0.052826
-0.001487
0.006842
0.010542
0.057330
0.018764
0.036046
-0.010873
0.039358
0.004705
0.039108
0.001161
0.072827
-0.012887
0.013790
0.002347
0.065810
0.004782
-0.005532
0.023885
0.064025
0.014461
0.052451
-0.014330
0.045924
0.015049
0.044102
-0.011141
0.070931
-0.014125
0.028770
-0.003308
0.062152
-0.006833
0.011375
0.016893
0.050298
0.020898
0.047200
-0.018028
0.045935
-0.001088
0.032557
-0.015790
0.076382
-0.001298
-0.000034
-0.003793
0.063737
0.014682
-0.019044
0.012794
0.071772
0.027280
0.036313
-0.027912
0.046516
0.012425
0.045846
-0.030354
0.057286
0.000263
0.024847
0.010894
0.045877
0.007019
0.019648
0.018707
0.038800
0.010802
0.045801
-0.008603
0.039817
0.003127
0.048015
0.000099
0.065547
0.013448
0.021224
0.018701
0.051401
0.010302
0.005002
0.025511
0.067624
0.015162
0.044382
0.009910
0.043955
0.008415
0.044756
-0.006399
0.068965
0.009415
0.025668
0.022389
0.052401
-0.006952
-0.006242
0.033121
0.075970
0.034160
0.038048
-0.010907
0.047171
0.020748
0.047868
0.010934
0.048419
-0.005534
0.030338
0.022337
0.048964
0.003441
0.023567
0.021235
0.073249
0.027414
0.046885
-0.014155
0.060433
0.045492
0.055536
0.026305
0.059299
-0.021014
0.029017
0.044578
0.066568
0.029601
0.018316
0.022465
0.088433
0.051534
0.059728
0.035903
0.073556
0.045349
0.067375
0.054240
0.068476
0.018568
0.071086
0.029803
0.055164
0.051216
0.047873
0.055810
0.106844
0.068939
0.076521
0.036281
0.077913
0.053027
0.083113
0.074225
0.054941
0.037181
0.072962
0.051211
0.084960
0.061258
0.042313
0.055941
0.072154
0.043388
0.075574
0.038147
0.077949
0.052249
0.095038
0.047315
0.057487
0.016547
0.071553
0.045410
0.090728
0.059435
0.039349
0.060666
0.101284
0.047962
0.077429
0.028624
0.117064
0.078040
0.084132
0.065155
0.049548
0.034247
0.085898
0.053121
0.106872
0.112476
0.069506
0.083716
0.116182
0.076984
0.115146
0.077686
0.156679
0.107482
0.113868
0.123255
0.086471
0.081424
0.128365
0.119350
0.142609
0.112757
0.095496
0.095909
0.165341
0.113917
0.108606
0.092477
0.145721
0.075107
0.127405
0.112152
0.084585
0.105664
0.128396
0.075580
0.135677
0.122099
0.082963
0.087017
0.147419
0.077096
0.118334
0.108479
0.160830
0.108700
0.143206
0.146791
0.161637
0.133914
0.144839
0.135891
0.170146
0.145331
0.136514
0.159912
0.243525
0.192073
0.208395
0.170945
0.238998
0.197004
0.250628
0.216638
0.287878
0.246502
0.288271
0.229027
0.262078
0.237974
0.273247
0.317202
0.375608
0.308111
0.340455
0.280023
0.389340
0.325642
0.374787
0.354641
0.380734
0.326924
0.395370
0.369716
0.418465
0.380819
0.373760
0.400411
0.400067
0.365311
0.400423
0.326019
0.404761
0.363365
0.372364
0.366084
0.389195
0.328820
0.380999
0.328513
0.390652
0.351848
0.338659
0.343511
0.373186
0.361193
0.375170
0.303216
0.360252
0.309726
0.366803
0.370391
0.331151
0.302913
0.333032
0.308964
0.345124
0.294011
0.312321
0.281008
0.327336
0.303317
0.312052
0.281453
0.366315
0.315742
0.352554
0.332915
0.332176
0.312270
0.375574
0.344603
0.379382
0.361926
0.381354
0.397452
0.380977
0.317675
0.400235
0.344343
0.389426
0.338953
0.388665
0.353981
0.386490
0.371346
0.367042
0.360564
0.381977
0.379513
0.369846
0.353163
0.443304
0.397629
0.431514
0.384477
0.431386
0.395117
0.464863
0.437380
0.496701
0.413098
0.467450
0.457420
0.446194
0.422478
0.499914
0.467422
0.520422
0.430901
0.480717
0.408233
0.496550
0.468331
0.476765
0.455974
0.485941
0.419321
0.478240
0.451196
0.483308
0.490100
0.468439
0.434790
0.502734
0.437322
0.494931
0.417256
0.488326
0.418240
0.483224
0.446149
0.500819
0.451702
0.447634
0.425524
0.435452
0.419865
0.434914
0.409148
0.465042
0.396367
0.458283
0.363418
0.460610
0.450735
0.470791
0.417360
0.472379
0.408938
0.457497
0.449679
0.473210
0.448237
0.441444
0.445972
0.488280
0.394982
0.458948
0.391640
0.437196
0.386091
0.384687
0.402568
0.426872
0.346104
0.370610
0.338086
0.365270
0.295343
0.322533
0.275432
0.346032
0.326853
0.302840
0.262387
0.331712
0.249044
0.322147
0.317908
0.276895
0.254556
0.285455
0.272897
0.321605
0.261035
0.244495
0.246148
0.328647
0.274434
0.296983
0.245551
0.338696
0.279597
0.354722
0.339264
0.356510
0.300904
0.323887
0.330157
0.368707
0.344115
0.341365
0.368861
0.394599
0.367179
0.359635
0.314388
0.356698
0.303892
0.348115
0.311389
0.301459
0.325385
0.325095
0.265963
0.288666
0.281636
0.281265
0.253036
0.297055
0.256382
0.235444
0.198718
0.252906
0.196040
0.212741
0.229743
0.171678
0.185237
0.206926
0.172207
0.186096
0.143557
0.133668
0.138204
0.158989
0.124286
0.119981
0.105608
0.116110
0.065973
0.139519
0.107142
0.093901
0.107765
0.091171
0.061773
0.110653
0.088393
0.062657
0.065781
0.143201
0.075585
0.082087
0.026304
0.098177
0.076825
0.119825
0.097912
0.077831
0.061193
0.079001
0.078136
0.128241
0.060535
0.082819
0.072218
0.140675
0.083724
0.109908
0.075895
0.106785
0.062414
0.095950
0.103397
0.087303
0.064962
0.079946
0.082297
0.119655
0.087652
0.092945
0.089838
0.119861
0.083412
0.097482
0.099431
0.113414
0.068899
0.095838
0.061261
0.097486
0.063335
0.093974
0.081807
0.088207
0.078924
0.066638
0.064244
0.144967
0.095035
0.090452
0.051563
0.097228
0.061489
0.116454
0.097571
0.056080
0.075152
0.073431
0.073039
0.104451
0.084916
0.063581
0.060126
0.113148
0.059059
0.099489
0.065220
0.110377
0.083554
0.111164
0.128411
0.096442
0.061502
0.134774
0.107463
0.118305
0.118527
0.143150
0.139115
0.178885
0.157573
0.134068
0.153162
0.146754
0.071246
0.184289
0.156369
0.119578
0.148662
0.158886
0.112400
0.158255
0.110872
0.106165
0.111796
0.155149
0.112509
0.133720
0.092628
0.125454
0.086081
0.133212
0.099689
0.093573
0.089966
0.106354
0.088615
0.140925
0.093287
0.070212
0.057757
0.131429
0.090677
0.109701
0.056671
0.109426
0.051742
0.128944
0.085028
0.072238
0.066479
0.084229
0.070733
0.124470
0.077941
0.066356
0.083794
0.083162
0.042982
0.080538
0.083782
0.077795
0.040757
0.071109
0.063589
0.073727
0.030457
0.059211
0.034135
0.100055
0.033688
0.029016
0.030430
0.104273
0.040098
0.053844
0.004521
0.073352
0.047174
0.071799
0.044722
0.051994
0.023707
0.067370
0.042478
0.075017
0.063871
0.048918
0.040558
0.121560
0.051000
0.079135
0.050319
0.100746
0.067180
0.080218
0.079388
0.080062
0.037169
0.090587
0.084782
0.116489
0.071007
0.088390
0.059843
0.112040
0.065387
0.099453
0.097198
0.080040
0.052388
0.116294
0.112076
0.057372
0.089074
0.081022
0.073321
0.117579
0.102385
0.060180
0.059256
0.144711
0.098248
0.098644
0.035386
0.127288
0.082409
0.107805
0.104991
0.085358
0.092959
0.115348
0.093924
0.148800
0.113382
0.105581
0.113426
0.184133
0.120882
0.145708
0.089184
0.184676
0.143796
0.161783
0.151975
0.132632
0.129066
0.170315
0.166714
0.192133
0.182912
0.123921
0.115076
0.181422
0.157017
0.134843
0.106950
0.184992
0.121629
0.176446
0.129736
0.128632
0.140775
0.146084
0.115107
0.167514
0.129544
0.087486
0.093790
0.160387
0.094709
0.123784
0.083283
0.171628
0.111183
0.160950
0.152796
0.115418
0.122889
0.169542
0.132485
0.175652
0.120213
0.143652
0.100418
0.223513
0.154694
0.161102
0.154954
0.225157
0.163686
0.206664
0.201778
0.215953
0.171306
0.230274
0.199891
0.256296
0.206732
0.227425
0.225341
0.246080
0.231039
0.244185
0.196298
0.257154
0.220952
0.213475
0.239723
0.209280
0.197509
0.231495
0.205275
0.236222
0.197644
0.192080
0.189720
0.254795
0.199343
0.189948
0.215952
0.247421
0.185643
0.229565
0.210271
0.178543
0.172874
0.189514
0.126442
0.219653
0.194178
0.127591
0.155861
0.180882
0.140236
0.167268
0.139804
0.192564
0.139367
0.147633
0.184375
0.158795
0.118906
0.159543
0.110844
0.159365
0.137413
0.110082
0.107213
0.194177
0.149955
0.129381
0.081087
0.176614
0.108781
0.122233
0.131887
0.135906
0.113224
0.160616
0.125231
0.176647
0.142380
0.147384
0.125324
0.183137
0.130378
0.154424
0.136223
0.178806
0.129897
0.187658
0.152368
0.112260
0.103892
0.155624
0.131191
0.153326
0.117930
0.117852
0.097566
0.168543
0.113096
0.111667
0.091457
0.150686
0.090746
0.133180
0.117156
0.113875
0.100008
0.122182
0.104097
0.156580
0.129608
0.122762
0.098219
0.111427
0.091913
0.124454
0.078999
0.071785
0.041274
0.079502
0.095335
0.122837
0.140074
0.073406
0.053861
0.080561
0.084818
0.015645
