0.010993
0.059233
0.017099
0.050444
0.002611
0.069862
0.043845
0.042557
-0.001402
0.066190
-0.009626
0.033908
0.024367
0.049964
-0.002412
0.006430
0.019605
0.075216
0.054268
0.028611
-0.017192
0.031768
0.028161
0.057203
-0.001854
0.061357
-0.022711
0.039843
0.016116
0.052496
0.014979
0.015339
0.018232
0.059987
0.015797
0.052099
-0.014879
0.042745
0.026101
0.050062
-0.010525
0.065363
-0.012810
0.012852
0.033713
0.058447
0.014256
0.008406
0.028607
0.082430
0.025615
0.053227
-0.026228
0.046184
0.037612
0.050888
0.011817
0.044595
-0.011266
0.040758
0.021648
0.065352
0.010821
0.010513
0.019428
0.074168
0.062827
0.028818
-0.007321
0.048238
0.020693
0.053859
-0.000216
0.043881
-0.002721
0.034411
0.019519
0.060359
0.020081
0.028389
0.005958
0.080535
0.052537
0.049268
-0.016379
0.059640
0.025002
0.044570
0.018596
0.071657
0.007460
0.028052
0.037666
0.060861
0.002155
0.004083
0.017735
0.086171
0.028476
0.044167
-0.007482
0.043927
0.015464
0.048162
0.010493
0.054888
-0.028562
0.017291
0.011256
0.060559
0.012430
-0.003302
0.021859
0.069733
0.039665
0.046498
-0.012551
0.050586
0.012311
0.054249
-0.001703
0.047658
-0.013727
0.031760
0.016399
0.059985
0.000140
0.031614
0.013680
0.069245
0.040568
0.050524
-0.009337
0.062099
0.043644
0.067821
0.021427
0.045124
-0.016117
0.068649
0.029181
0.071333
0.035499
0.032693
0.033530
0.086283
0.045080
0.065552
0.006617
0.062215
0.038540
0.070674
0.044808
0.062973
0.017828
0.063479
0.040751
0.083406
0.042042
0.039015
0.036251
0.080560
0.058474
0.074506
0.010164
0.054640
0.034133
0.077092
0.062880
0.072292
0.020262
0.044454
0.038885
0.097851
0.052886
0.014241
0.050710
0.086227
0.024914
0.074272
0.029100
0.066724
0.048836
0.065099
0.055760
0.063096
-0.002897
0.071040
0.063753
0.078610
0.051020
0.038972
0.052139
0.132942
0.086291
0.076160
0.084499
0.128488
0.097034
0.147739
0.126177
0.099387
0.075853
0.164502
0.111068
0.138118
0.143755
0.149946
0.122166
0.224727
0.158928
0.183927
0.132992
0.225217
0.162592
0.232918
0.262650
0.221040
0.178002
0.228239
0.170298
0.238262
0.227338
0.240367
0.208465
0.306420
0.255762
0.269989
0.238160
0.297645
0.207405
0.254259
0.285200
0.315907
0.214433
0.276914
0.241009
0.265997
0.262596
0.260012
0.278878
0.297704
0.228064
0.270700
0.259401
0.297617
0.266668
0.303674
0.281568
0.263696
0.208611
0.310899
0.257660
0.293235
0.273619
0.232689
0.222204
0.280738
0.227382
0.233270
0.163575
0.229464
0.153710
0.193179
0.183997
0.160892
0.141454
0.189461
0.157360
0.200222
0.146766
0.121920
0.110414
0.184686
0.143613
0.145299
0.124665
0.193964
0.144119
0.200877
0.202517
0.178862
0.110608
0.194214
0.165635
0.210401
0.177315
0.138290
0.135921
0.182333
0.123050
0.166643
0.112515
0.143323
0.087260
0.117030
0.131269
0.147269
0.085970
0.149342
0.095834
0.109080
0.087617
0.071966
0.094767
0.177341
0.118209
0.100467
0.076036
0.085775
0.051444
0.145711
0.109954
0.077934
0.125737
0.093465
0.101190
0.109042
0.063177
0.079938
0.051300
0.166306
0.095569
0.114590
0.051604
0.097426
0.060230
0.101679
0.094375
0.087063
0.049278
0.089093
0.077027
0.097552
0.070096
0.053475
0.075972
0.101482
0.072122
0.084689
0.036542
0.070837
0.047567
0.070535
0.034931
0.069350
0.018710
0.062715
0.029902
0.081914
0.044756
0.017276
0.017618
0.061824
0.028416
0.066740
-0.022356
0.040871
0.018400
0.070297
0.002400
0.059501
-0.003070
0.024019
0.009119
0.052613
0.016569
0.018382
0.018757
0.068185
0.022631
0.059696
0.006088
0.030076
0.007424
0.055632
0.012607
0.053382
-0.002069
0.037000
0.016803
0.067653
0.019145
0.015016
0.029528
0.090925
0.039882
0.045741
-0.006166
0.091568
0.069927
0.058088
0.032708
0.049566
0.007037
0.045743
0.049430
0.099365
0.069151
0.036934
0.022195
0.107333
0.076589
0.082330
0.041523
0.068412
0.021547
0.082495
0.066730
0.061175
0.040609
0.060006
0.041863
0.078668
0.054118
0.050361
0.071421
0.092503
0.063136
0.074595
0.033511
0.067518
0.029915
0.101806
0.067852
0.051280
0.034997
0.070987
0.046564
0.082043
0.055746
0.047076
0.033433
0.083137
0.062856
0.078480
0.020153
0.081848
0.019196
0.085812
0.062538
0.055212
0.038937
0.041984
0.042008
0.068845
0.044489
0.045323
0.065786
0.095113
0.048199
0.067822
0.024780
0.085943
0.048179
0.093660
0.050118
0.060255
0.008653
0.074732
0.044965
0.083825
0.078830
0.041173
0.040586
0.103034
0.077683
0.082164
0.042927
0.094580
0.068369
0.095756
0.069470
0.070517
0.014723
0.102364
0.069336
0.109165
0.101883
0.049898
0.096228
0.170864
0.089863
0.106895
0.100580
0.132075
0.108271
0.155066
0.145617
0.117994
0.111078
0.153571
0.126983
0.160858
0.152812
0.161745
0.119326
0.199865
0.195495
0.168118
0.133015
0.199576
0.137533
0.201243
0.158785
0.191259
0.153456
0.185170
0.142234
0.222144
0.149378
0.212061
0.178910
0.258737
0.206639
0.205392
0.239679
0.240288
0.244230
0.284237
0.274032
0.252644
0.235698
0.315074
0.270930
0.291673
0.248981
0.287543
0.293300
0.346458
0.296305
0.327813
0.323956
0.352231
0.267643
0.370138
0.355183
0.389460
0.354986
0.389292
0.351883
0.371121
0.358721
0.427808
0.431548
0.460338
0.459128
0.473198
0.422535
0.468878
0.452986
0.505167
0.469795
0.538997
0.468655
0.509618
0.469114
0.509924
0.489843
0.515370
0.507198
0.564552
0.532996
0.628099
0.584284
0.630419
0.593672
0.667855
0.642222
0.722455
0.667500
0.705453
0.702284
0.711595
0.722396
0.741956
0.741980
0.831237
0.760279
0.792510
0.738652
0.780990
0.752875
0.785547
0.793569
0.834284
0.775621
0.794613
0.802500
0.809655
0.792986
0.824251
0.829348
0.848517
0.772001
0.846706
0.786153
0.835752
0.769614
0.812860
0.800611
0.839391
0.760176
0.779934
0.764789
0.788706
0.756701
0.745005
0.768472
0.788297
0.693300
0.780525
0.710251
0.725486
0.671519
0.724579
0.676846
0.723504
0.660569
0.653330
0.625173
0.647604
0.614049
0.586374
0.594555
0.624305
0.544000
0.597035
0.510626
0.564607
0.525572
0.528372
0.516987
0.510363
0.463302
0.508848
0.474842
0.519416
0.465196
0.450995
0.456476
0.513942
0.472939
0.491765
0.428725
0.527259
0.505745
0.536215
0.518551
0.541613
0.477306
0.567392
0.514678
0.534523
0.551563
0.567889
0.551754
0.619967
0.498898
0.572899
0.530679
0.582109
0.498044
0.571598
0.526398
0.556061
0.512764
0.545439
0.512914
0.542335
0.502534
0.497571
0.517182
0.578188
0.519359
0.571403
0.508248
0.577007
0.548154
0.580454
0.587857
0.576182
0.547895
0.621641
0.603238
0.570413
0.592278
0.574946
0.567778
0.695471
0.629972
0.674095
0.620348
0.678151
0.654943
0.705689
0.687337
0.752080
0.684262
0.733016
0.721027
0.764079
0.759778
0.775182
0.758297
0.842045
0.761352
0.827968
0.785424
0.832817
0.825859
0.845734
0.826951
0.861217
0.820878
0.861113
0.854954
0.859983
0.839800
0.883369
0.860730
0.893789
0.848377
0.872945
0.839360
0.864994
0.817990
0.869149
0.842131
0.869281
0.831044
0.848369
0.837693
0.836965
0.822596
0.838389
0.832647
0.876054
0.824030
0.857739
0.806384
0.843024
0.792065
0.830819
0.833667
0.849920
0.800262
0.809979
0.792470
0.799986
0.797142
0.784071
0.785670
0.837039
0.765806
0.828151
0.770419
0.815430
0.781486
0.822599
0.797347
0.831225
0.776591
0.813074
0.812648
0.827055
0.803041
0.802657
0.822948
0.854352
0.788744
0.828573
0.778944
0.824802
0.769913
0.798987
0.803552
0.842124
0.761626
0.783826
0.764430
0.778803
0.770318
0.764308
0.763347
0.803509
0.718111
0.782466
0.716089
0.771659
0.727718
0.748149
0.709764
0.734335
0.699531
0.738360
0.705388
0.722024
0.674522
0.698432
0.679822
0.731598
0.614278
0.687242
0.611538
0.676043
0.635491
0.646266
0.618077
0.650791
0.589299
0.635428
0.592539
0.601602
0.609727
0.596971
0.568149
0.569861
0.504537
0.569772
0.498206
0.487790
0.409323
0.456141
0.476621
0.435338
0.414592
0.401757
0.328150
0.391258
0.352950
0.268398
0.296671
0.357046
0.263242
0.309741
0.243140
0.318406
0.288809
0.269749
0.294411
0.228024
0.203336
0.309733
0.259895
0.280629
0.200573
0.255568
0.183947
0.244974
0.245636
0.221968
0.204457
0.204040
0.101888
0.173701
0.220970
0.214750
0.143316
0.144660
0.104884
0.154739
0.152766
0.113074
0.127390
0.110261
0.095067
0.111537
0.088644
0.086995
0.063609
0.103055
0.060401
0.073272
0.077688
0.069252
0.059126
0.102798
0.038684
0.043523
0.028943
0.109635
0.029939
0.048617
0.006751
0.074400
0.047914
0.068530
0.033866
0.037569
0.002089
0.040187
0.048640
0.068964
0.031343
0.029908
0.034314
0.080536
0.036989
0.061867
-0.000144
0.057197
0.028892
0.071602
0.056417
0.081396
-0.015296
0.058898
0.043357
0.069943
0.015589
0.031076
0.035116
0.082397
0.042279
0.063318
0.013301
0.056795
0.023397
0.098648
0.023473
0.042567
-0.001358
0.047126
0.037615
0.062638
0.031231
0.019024
0.036354
0.071995
0.022575
0.047689
0.000137
0.067646
0.033623
0.069127
0.035510
0.065020
-0.020022
0.055747
0.036311
0.052227
0.018561
0.047542
0.036624
0.062466
0.024899
0.077151
0.014621
0.036780
0.002825
0.044471
0.019881
0.057940
0.021951
0.033289
0.028320
0.073584
-0.007812
0.029598
0.030909
0.064561
0.013077
0.062065
0.002984
0.045778
0.018847
0.055269
-0.001288
0.072056
-0.010331
0.027506
-0.004511
0.072161
0.013152
-0.012031
0.027345
0.056101
0.022372
0.049764
-0.022648
0.036160
0.000373
0.035597
-0.024365
0.061735
-0.025125
0.025471
-0.002425
0.061889
-0.003322
-0.002233
0.011665
0.045336
0.015812
0.057997
-0.006313
0.035994
0.007577
0.056486
0.002011
0.054930
-0.020240
0.020626
0.024673
0.039968
-0.003001
-0.011008
0.021482
0.058768
0.032186
0.041959
-0.009369
0.036513
0.034881
0.065474
0.004062
0.083389
0.051103
0.027116
0.005006
0.050142
0.044754
0.011073
