0.017165
0.063826
0.034740
0.076891
0.007304
0.096717
0.056081
0.056121
0.041186
0.060177
0.008144
0.042867
0.029718
0.056727
0.021931
0.031816
0.045456
0.076783
0.030734
0.057431
0.000004
0.057339
0.020937
0.036895
0.023809
0.064685
0.024044
0.024601
0.021051
0.065092
0.000380
0.031588
0.012698
0.062918
0.020470
0.044943
-0.005815
0.045101
0.015136
0.049254
0.002518
0.053486
0.001495
0.034070
0.006862
0.062372
0.005745
0.017799
0.015827
0.071373
0.024694
0.040203
-0.015356
0.047151
0.018855
0.053382
-0.005380
0.045978
0.001367
0.029518
0.015907
0.049809
0.015903
0.014411
0.019723
0.072702
0.014904
0.047705
0.011695
0.047206
0.024288
0.058758
0.007459
0.085641
0.012332
0.032903
0.013747
0.057803
0.003670
0.006950
0.023833
0.058749
0.016993
0.050024
-0.011225
0.046174
0.019285
0.045729
-0.020404
0.082751
0.012595
0.023215
0.005021
0.053313
-0.000059
0.018121
0.006411
0.076936
0.018891
0.043716
-0.017976
0.056398
0.010376
0.028809
-0.008710
0.053358
0.018118
0.018370
0.015539
0.052592
0.011654
0.004481
0.012827
0.058459
0.014927
0.047804
-0.022101
0.039073
0.021123
0.038148
-0.016504
0.058777
-0.014883
0.010879
0.008286
0.053726
0.005966
-0.005540
0.009294
0.073303
0.031255
0.038466
-0.000566
0.032112
0.018596
0.044346
-0.015106
0.069605
-0.008774
0.015973
-0.001019
0.060538
0.015298
0.000522
0.024208
0.056374
0.031393
0.043473
-0.019757
0.053338
0.040779
0.062772
0.015387
0.059145
-0.008387
0.037813
0.022560
0.053620
0.005289
0.028408
0.027402
0.077861
0.031667
0.053751
-0.002097
0.058438
0.032911
0.060397
0.020252
0.056546
0.015423
0.036183
0.037041
0.065356
0.034508
0.037727
0.030765
0.078172
0.049671
0.075944
0.013833
0.059735
0.047105
0.057331
0.039972
0.044173
0.024445
0.055151
0.042604
0.072025
0.029081
0.028809
0.041256
0.071477
0.021013
0.055972
0.019976
0.049375
0.032138
0.054956
0.033048
0.083669
0.008750
0.031462
0.020637
0.069867
0.016162
0.015819
0.020263
0.092867
0.030611
0.054794
0.002360
0.048628
0.022494
0.057629
0.011396
0.051584
0.017243
0.042922
0.024011
0.059473
0.013914
0.024082
0.019970
0.065997
0.022539
0.040175
-0.001621
0.052106
0.021349
0.045089
0.015135
0.046192
-0.014723
0.042483
0.018502
0.052272
0.015115
0.010539
0.026437
0.068220
0.038152
0.058385
-0.007446
0.054372
0.021314
0.069156
0.010392
0.045435
0.004430
0.048041
0.028323
0.052727
0.050788
0.037457
0.037089
0.067449
0.018389
0.068221
0.025734
0.072346
0.038456
0.052429
0.031380
0.067473
0.034194
0.034894
0.018469
0.069099
0.024106
0.035526
0.029172
0.069018
0.038094
0.038336
-0.001637
0.053128
0.024388
0.056287
0.017932
0.057160
0.010164
0.036694
0.025225
0.065801
0.017788
0.014523
0.024950
0.095766
0.029424
0.050724
-0.005286
0.063374
0.040797
0.060525
0.024350
0.045781
0.011940
0.035911
0.041138
0.067519
0.017591
0.042948
0.052499
0.118690
0.058447
0.072829
0.025973
0.088101
0.050417
0.095930
0.068027
0.050643
0.055247
0.077419
0.059869
0.074433
0.067464
0.055473
0.062166
0.116243
0.069704
0.094989
0.047034
0.073620
0.054809
0.072008
0.050584
0.062294
0.044263
0.067442
0.043183
0.084569
0.062966
0.026086
0.050619
0.084657
0.049671
0.086952
0.041812
0.070093
0.029276
0.078661
0.058557
0.076548
0.024431
0.055712
0.018387
0.097054
0.059785
0.022865
0.041273
0.105637
0.027058
0.049570
0.014611
0.082183
0.055237
0.070795
0.040789
0.041365
0.048961
0.072499
0.074826
0.095624
0.061078
0.047939
0.056564
0.143758
0.054101
0.073178
0.046638
0.164783
0.071199
0.131373
0.096452
0.103976
0.068738
0.161117
0.113955
0.141916
0.118747
0.153934
0.162459
0.214976
0.154151
0.136095
0.126298
0.189723
0.149010
0.194255
0.166389
0.168978
0.182384
0.195020
0.165384
0.180735
0.130706
0.153814
0.161289
0.171516
0.142680
0.143080
0.112047
0.138368
0.084513
0.127911
0.132533
0.115270
0.083531
0.112821
0.099524
0.131722
0.069513
0.040418
0.059958
0.103922
0.056226
0.067571
0.048651
0.080121
0.055117
0.085711
0.055919
0.057289
0.035760
0.056232
0.046944
0.072491
0.056027
0.043359
0.039335
0.085436
0.049316
0.078252
0.033088
0.045754
0.022783
0.062654
0.043628
0.055921
0.036430
0.046255
0.037469
0.069964
0.034650
0.027553
0.038016
0.062427
0.055252
0.057206
0.031268
0.054897
0.024228
0.066678
0.023342
0.063483
-0.000380
0.056942
0.027908
0.064179
0.026899
0.036779
0.030115
0.071605
0.048298
0.070098
0.017467
0.041428
0.005379
0.069563
0.020721
0.071547
0.022336
0.032445
0.002210
0.075233
0.012390
0.010794
0.032308
0.074258
0.020043
0.041359
-0.019215
0.055625
0.014833
0.043196
0.000916
0.055073
-0.003660
0.035572
-0.001138
0.061093
0.017091
0.029837
0.023782
0.047827
0.017150
0.061585
0.020317
0.044705
0.028319
0.066994
0.041534
0.076628
0.010393
0.053013
0.037411
0.064436
0.007054
0.046855
0.029554
0.071792
0.020963
0.058151
0.007833
0.062966
0.014685
0.052080
0.019045
0.068504
0.006506
0.053035
0.022281
0.078497
0.031879
0.026604
0.032824
0.068770
0.019933
0.057537
0.012525
0.076976
0.037906
0.056405
0.017057
0.068844
0.007968
0.069935
0.047127
0.067065
0.018164
0.040950
0.053101
0.092574
0.056644
0.073979
0.014693
0.091802
0.038795
0.078589
0.060524
0.046169
0.023740
0.076168
0.047018
0.095514
0.079841
0.055857
0.055936
0.085036
0.051483
0.089909
0.044975
0.078340
0.049386
0.092605
0.071150
0.048340
0.059614
0.085238
0.065867
0.105708
0.073270
0.041359
0.054473
0.128594
0.059179
0.094211
0.062760
0.068331
0.042614
0.092935
0.083087
0.060035
0.036816
0.070828
0.047080
0.084117
0.050187
0.041172
0.059510
0.089679
0.058514
0.072062
0.007613
0.062604
0.021605
0.056784
0.030993
0.052999
0.033890
0.042495
0.018129
0.093774
0.018812
-0.002851
0.029593
0.086182
0.041444
0.064348
-0.003242
0.048557
0.012611
0.055473
0.027974
0.052898
0.010853
0.037012
0.020414
0.071270
0.021549
0.021607
0.018824
0.058655
0.017165
0.058733
-0.002866
0.028818
0.009525
0.064435
0.018056
0.044978
-0.016702
0.027886
0.021514
0.063464
0.002919
-0.004125
0.029321
0.059296
0.029123
0.047059
-0.013012
0.046222
0.010555
0.040235
-0.012329
0.058859
-0.011072
0.025050
0.007099
0.054173
0.004420
0.004829
0.010739
0.070985
0.018539
0.056908
-0.027373
0.035136
0.026094
0.023865
0.002773
0.053366
-0.014314
0.024887
0.025536
0.049537
-0.001414
0.015097
0.037767
0.071683
0.015792
0.042413
-0.025495
0.039940
0.037970
0.040007
0.003018
0.061269
-0.003342
0.034539
0.018995
0.076861
0.013604
0.006769
0.022895
0.050248
0.030339
0.057763
-0.011061
0.032975
0.012947
0.035818
-0.016099
0.062934
-0.016585
0.018731
0.008490
0.065017
0.005320
0.005162
0.020434
0.042954
0.012511
0.042737
0.001736
0.047628
0.015067
0.052098
-0.000479
0.060670
-0.002409
0.021165
0.010763
0.047370
0.015470
0.016263
0.019506
0.071145
0.030952
0.037066
-0.011831
0.050259
0.002953
0.050667
-0.004730
0.052068
-0.023229
0.031605
0.032200
0.041844
-0.005060
0.022126
0.023555
0.068908
0.028484
0.054910
-0.007380
0.040634
0.027220
0.066077
0.020280
0.053151
0.000231
0.032553
0.011673
0.060340
0.035522
0.023444
0.034662
0.093338
0.038410
0.050529
0.021379
0.071970
0.038583
0.080291
0.051746
0.050777
0.012912
0.077568
0.045088
0.082423
0.052413
0.048234
0.049305
0.127928
0.058034
0.085495
0.028786
0.100531
0.071224
0.111230
0.091786
0.065819
0.050961
0.086887
0.083991
0.122138
0.079084
0.082891
0.076121
0.169772
0.092133
0.124232
0.094980
0.159972
0.112641
0.149941
0.152272
0.184806
0.127608
0.201271
0.142846
0.178809
0.159137
0.197526
0.195094
0.257629
0.208077
0.209183
0.188889
0.226284
0.203331
0.237027
0.255922
0.260084
0.215987
0.262755
0.244303
0.294378
0.209379
0.257234
0.263330
0.401239
0.334963
0.355127
0.309018
0.443387
0.442553
0.470365
0.443325
0.479701
0.434166
0.551272
0.524663
0.556456
0.543885
0.590772
0.576005
0.677594
0.579821
0.649199
0.610285
0.650671
0.641596
0.672124
0.643716
0.702150
0.654718
0.710519
0.703984
0.729376
0.702350
0.742237
0.719365
0.780473
0.697853
0.763155
0.700459
0.770234
0.706749
0.729815
0.707843
0.747284
0.700109
0.708833
0.701638
0.719861
0.705120
0.677303
0.697365
0.707173
0.623828
0.693253
0.615233
0.645388
0.612623
0.644351
0.601434
0.615293
0.525388
0.559826
0.528505
0.504925
0.496588
0.466042
0.433261
0.501868
0.444313
0.502756
0.431383
0.504207
0.456273
0.480104
0.458556
0.476358
0.443684
0.480593
0.478232
0.486797
0.445850
0.451278
0.469687
0.542572
0.477082
0.480373
0.413893
0.491522
0.463623
0.482565
0.453725
0.471268
0.422083
0.474346
0.462855
0.475658
0.466980
0.486835
0.449014
0.497344
0.465430
0.492996
0.452612
0.470521
0.419311
0.473923
0.449185
0.453117
0.450150
0.476004
0.395070
0.416525
0.392373
0.389311
0.392379
0.452642
0.366276
0.408137
0.340008
0.370175
0.315756
0.378026
0.367991
0.376907
0.301320
0.340682
0.330610
0.350771
0.264346
0.318337
0.289441
0.296990
0.302367
0.309823
0.280356
0.284006
0.240772
0.314933
0.301800
0.298113
0.263069
0.290518
0.239201
0.287475
0.261282
0.235582
0.234647
0.270144
0.221572
0.241424
0.197930
0.221560
0.168302
0.231591
0.217556
0.195267
0.183159
0.217434
0.181318
0.222340
0.170442
0.148261
0.144660
0.194023
0.154375
0.165819
0.124843
0.190952
0.143342
0.201104
0.160281
0.167005
0.138828
0.162523
0.123381
0.164700
0.139758
0.119930
0.092027
0.150850
0.076039
0.112520
0.096187
0.131195
0.067424
0.125303
0.072675
0.093812
0.076697
0.115128
0.078897
0.115666
0.090100
0.083468
0.091219
0.082335
0.044729
0.078323
0.053082
0.057854
0.015566
0.079020
0.062803
0.089684
0.107972
0.050839
0.033145
0.073143
0.067958
0.010313
