0.008863
0.055904
0.023794
0.041246
0.000104
0.069691
0.036878
0.035421
0.011279
0.069364
-0.010722
0.020982
0.005694
0.058961
0.010084
0.016593
0.016277
0.064465
0.027734
0.050891
-0.028108
0.038294
0.019018
0.039989
0.013654
0.059112
0.000860
0.026684
0.029046
0.055970
0.001701
0.017329
0.029828
0.056828
0.010609
0.052516
0.022648
0.058586
0.017905
0.043476
0.002741
0.057062
-0.005917
0.033009
0.026621
0.062464
0.005887
0.019431
0.012041
0.060006
0.034880
0.044380
-0.001335
0.051805
0.008363
0.043172
-0.019601
0.069466
0.005965
0.022211
-0.005877
0.057240
0.012982
0.000470
0.021344
0.057352
0.030787
0.039649
-0.007206
0.045636
0.026759
0.041915
0.007131
0.055552
-0.012363
0.039836
0.018253
0.057501
0.009366
0.012839
0.022103
0.044584
0.026366
0.051239
-0.004433
0.032648
0.021002
0.057084
-0.024632
0.045167
0.007871
0.034293
0.022372
0.035622
0.003919
0.009059
0.028865
0.060763
0.021301
0.048289
-0.016404
0.041486
0.006999
0.051343
-0.014948
0.066224
-0.006664
0.027599
-0.007681
0.057669
0.001203
0.029684
0.021932
0.034229
0.006537
0.056231
-0.018146
0.037321
-0.008335
0.043660
-0.008371
0.062190
-0.018188
0.001847
0.020232
0.052897
0.010164
0.016880
0.018929
0.042593
0.011870
0.055102
-0.018130
0.041894
0.014157
0.037697
0.011818
0.055153
0.016014
0.007302
0.020139
0.052515
-0.003840
0.018309
0.020687
0.049047
0.017186
0.042411
-0.004299
0.040700
0.004913
0.041414
-0.006822
0.065132
-0.010335
0.020215
0.016351
0.068542
0.004162
0.014440
0.003433
0.053155
0.023472
0.045600
-0.006271
0.033781
0.012702
0.049219
-0.007290
0.056165
-0.008903
0.026560
0.010315
0.048735
0.002446
0.019999
0.015045
0.062139
0.012930
0.037606
-0.008626
0.055974
0.008019
0.027015
0.003053
0.059118
0.002944
0.022870
0.005999
0.059496
0.005995
0.008297
0.033036
0.041539
0.020957
0.052848
-0.017088
0.046313
0.013776
0.038228
-0.008723
0.052700
-0.018279
0.037185
0.031092
0.045832
-0.008798
0.025051
0.018158
0.074414
0.021030
0.049732
-0.009558
0.041242
0.032429
0.042633
0.021663
0.065913
0.003535
0.029257
0.018777
0.067050
0.027579
0.001546
0.037683
0.100063
0.034167
0.040894
0.016922
0.079259
0.058688
0.074569
0.035959
0.079007
0.016179
0.086269
0.054881
0.090380
0.060736
0.066840
0.117692
0.223079
0.138462
0.150937
0.129803
0.262075
0.175470
0.235775
0.201664
0.224079
0.173736
0.274503
0.245094
0.254507
0.234041
0.289178
0.296338
0.359867
0.318693
0.326085
0.273595
0.369877
0.295610
0.341573
0.309586
0.362724
0.340160
0.353830
0.341389
0.334511
0.334856
0.358307
0.350412
0.388857
0.318087
0.392755
0.389528
0.361276
0.299221
0.360386
0.316750
0.391098
0.337036
0.362216
0.286012
0.340300
0.336210
0.337180
0.322964
0.396707
0.364663
0.402878
0.307413
0.417367
0.396935
0.438177
0.413009
0.419527
0.404365
0.438502
0.404824
0.410995
0.426504
0.431377
0.435191
0.516141
0.493668
0.539217
0.453778
0.568468
0.522969
0.599483
0.562485
0.611317
0.542680
0.616647
0.603067
0.621713
0.622398
0.662010
0.641871
0.687646
0.607993
0.651937
0.614648
0.655625
0.615377
0.604942
0.547786
0.624514
0.555788
0.618140
0.597537
0.571511
0.565887
0.599474
0.568352
0.593730
0.515918
0.598127
0.526654
0.545597
0.521368
0.542388
0.522857
0.567433
0.508484
0.507368
0.493138
0.495837
0.457899
0.488506
0.437201
0.565211
0.470152
0.516551
0.432577
0.488464
0.423680
0.493517
0.486511
0.504360
0.435160
0.512051
0.489460
0.473395
0.472774
0.455760
0.460616
0.494249
0.438602
0.488313
0.455715
0.514310
0.481999
0.511044
0.453685
0.522801
0.446268
0.520916
0.492547
0.509892
0.496692
0.474292
0.487668
0.530131
0.480741
0.520789
0.455951
0.499879
0.484001
0.493401
0.472677
0.524981
0.481370
0.507452
0.501601
0.506770
0.483452
0.492711
0.505732
0.569381
0.506341
0.545312
0.465405
0.543913
0.498196
0.559900
0.529134
0.563304
0.501929
0.556833
0.536994
0.582044
0.561495
0.544259
0.531985
0.594132
0.541981
0.600698
0.517799
0.618168
0.561653
0.607292
0.587765
0.618981
0.533889
0.608601
0.579311
0.607510
0.616322
0.601149
0.602613
0.650636
0.577031
0.669198
0.572162
0.656924
0.624942
0.646661
0.631830
0.650860
0.607549
0.661305
0.668983
0.687117
0.656628
0.667693
0.637017
0.714808
0.655319
0.692266
0.657694
0.725644
0.702955
0.709507
0.663162
0.722360
0.680277
0.722196
0.702977
0.698624
0.714944
0.724753
0.708793
0.794829
0.682587
0.758471
0.706406
0.764155
0.747206
0.767016
0.756763
0.794472
0.716668
0.755477
0.774027
0.795290
0.785459
0.793572
0.793400
0.829409
0.787123
0.840636
0.798368
0.852901
0.818399
0.851818
0.858028
0.872604
0.812986
0.863998
0.856370
0.878407
0.861841
0.887759
0.879912
0.908057
0.853923
0.897829
0.861882
0.894373
0.855241
0.892215
0.884094
0.892284
0.863823
0.879804
0.859455
0.900104
0.886204
0.888075
0.881219
0.900339
0.870472
0.903470
0.875682
0.910037
0.888698
0.917085
0.914563
0.924494
0.887911
0.906854
0.902811
0.920211
0.916460
0.923134
0.919757
0.937797
0.893018
0.915583
0.889387
0.923788
0.903407
0.924132
0.917945
0.918324
0.877527
0.902754
0.888197
0.921655
0.899101
0.895438
0.890130
0.923446
0.875442
0.919910
0.888932
0.931595
0.903828
0.935711
0.921283
0.932695
0.910126
0.919597
0.920032
0.938985
0.932950
0.942126
0.937698
0.957240
0.928777
0.954174
0.931986
0.964310
0.948007
0.962930
0.961763
0.960079
0.952911
0.959565
0.956930
0.969757
0.959262
0.971222
0.971004
0.971439
0.943450
0.966716
0.953369
0.969866
0.951632
0.964811
0.960776
0.961115
0.940585
0.945273
0.938394
0.957963
0.934936
0.939317
0.941923
0.952275
0.920852
0.942054
0.910995
0.948699
0.918701
0.938400
0.932957
0.940450
0.915717
0.925468
0.911401
0.940282
0.917980
0.922016
0.921009
0.939622
0.905993
0.919572
0.907984
0.931850
0.909918
0.926688
0.920490
0.928893
0.889129
0.913025
0.904425
0.919112
0.910910
0.912519
0.906950
0.934367
0.890524
0.917913
0.887513
0.927271
0.908533
0.926577
0.923049
0.920505
0.902426
0.923701
0.911096
0.940396
0.922769
0.933385
0.925829
0.938665
0.910866
0.931334
0.906737
0.935508
0.906050
0.927131
0.917193
0.932546
0.905231
0.915403
0.897862
0.917185
0.903126
0.915199
0.913518
0.929805
0.877381
0.912089
0.883043
0.906602
0.876045
0.905955
0.892589
0.906760
0.858985
0.875450
0.852503
0.904427
0.861805
0.861255
0.858664
0.882779
0.800707
0.876943
0.844693
0.867748
0.825835
0.862511
0.840400
0.878924
0.816618
0.820250
0.837832
0.855071
0.816818
0.837571
0.836212
0.864906
0.823374
0.853146
0.824115
0.838244
0.796711
0.852275
0.857703
0.870551
0.813242
0.833711
0.819969
0.831503
0.822084
0.839671
0.827485
0.861370
0.762301
0.823226
0.788104
0.774544
0.737950
0.758464
0.753546
0.804926
0.724978
0.732024
0.726289
0.742473
0.704612
0.685465
0.689032
0.747734
0.672554
0.692836
0.631653
0.699577
0.665768
0.675379
0.647594
0.671233
0.613844
0.677922
0.611910
0.650637
0.600544
0.593534
0.617124
0.669715
0.591479
0.643285
0.575757
0.668382
0.603194
0.662264
0.626046
0.677446
0.622377
0.669920
0.647881
0.688557
0.661593
0.671161
0.685300
0.715420
0.595275
0.709671
0.644355
0.670809
0.631750
0.667412
0.666683
0.703580
0.602143
0.633314
0.644023
0.593646
0.608019
0.583751
0.575126
0.618822
0.575514
0.622410
0.554192
0.582391
0.572154
0.599205
0.568073
0.611762
0.547248
0.581461
0.565787
0.559688
0.545515
0.567211
0.552867
0.585399
0.528794
0.569754
0.503789
0.545277
0.508893
0.524196
0.515144
0.552507
0.490664
0.514732
0.485422
0.527126
0.497313
0.502140
0.478091
0.514455
0.465799
0.522562
0.463356
0.492245
0.438169
0.500437
0.471248
0.543200
0.419360
0.470234
0.419212
0.497737
0.459612
0.435381
0.433160
0.437608
0.392925
0.456615
0.394746
0.442848
0.404039
0.429820
0.416834
0.421441
0.399398
0.389491
0.361642
0.381078
0.379715
0.351565
0.358172
0.381883
0.332317
0.354607
0.280488
0.375440
0.343876
0.332089
0.363705
0.346667
0.327148
0.361092
0.307329
0.370521
0.359230
0.312384
0.332871
0.365306
0.330732
0.354097
0.297014
0.369698
0.318996
0.350274
0.337913
0.280420
0.296477
0.344095
0.298582
0.332304
0.321569
0.318039
0.272801
0.290791
0.265647
0.275494
0.225709
0.269177
0.193914
0.246072
0.247217
0.197062
0.191458
0.200749
0.197804
0.224267
0.175482
0.155665
0.133245
0.204533
0.154145
0.129222
0.114027
0.163319
0.115661
0.166741
0.106399
0.089022
0.092040
0.130509
0.109818
0.133183
0.083004
0.082652
0.054114
0.118290
0.055415
0.095867
0.044889
0.091322
0.029096
0.102422
0.071213
0.048927
0.037415
0.107155
0.074082
0.082757
0.072538
0.034916
0.043924
0.094943
0.075487
0.080646
0.045023
0.092600
0.067545
0.099366
0.093956
0.070309
0.068904
0.096282
0.080893
0.148689
0.089823
0.084326
0.110097
0.127311
0.092508
0.122302
0.088021
0.111688
0.070196
0.108183
0.096915
0.076281
0.059032
0.094237
0.055303
0.109435
0.068368
0.036580
0.057325
0.110716
0.070314
0.081932
0.048145
0.074013
0.042375
0.073916
0.058360
0.060541
0.034883
0.065443
0.043031
0.084660
0.043341
0.027231
0.041290
0.082315
0.046211
0.064222
0.017428
0.065723
0.041273
0.060904
0.027932
0.058353
0.022444
0.045377
0.034790
0.077754
0.044897
0.027632
0.037701
0.083265
0.048160
0.063131
0.014044
0.069596
0.036129
0.079692
0.030419
0.047869
0.019701
0.058138
0.034674
0.060322
0.029782
0.039372
0.025933
0.086142
0.050870
0.043663
0.004731
0.072451
0.040109
0.063777
0.022473
0.062534
0.006788
0.054295
0.030352
0.073223
0.029685
0.042950
0.039238
0.075895
0.042833
0.083058
0.024479
0.058881
0.042533
0.084062
0.084494
0.125431
0.060799
0.049547
0.026033
0.067102
0.069341
0.011206
