0.013721
0.110477
0.055437
0.075677
0.020657
0.176006
0.126406
0.105041
0.097120
0.104664
0.046011
0.159819
0.125647
0.142001
0.123889
0.218827
0.192078
0.257656
0.191553
0.182221
0.160075
0.244628
0.188665
0.201418
0.218143
0.185411
0.146425
0.205010
0.169196
0.216062
0.135458
0.148066
0.151471
0.225244
0.180284
0.200169
0.182490
0.215335
0.195389
0.247387
0.247723
0.255411
0.190906
0.282625
0.247498
0.289187
0.226114
0.258370
0.259964
0.332621
0.286774
0.270879
0.222861
0.279245
0.222303
0.272178
0.265523
0.314473
0.262897
0.249375
0.260003
0.289298
0.212791
0.223470
0.267827
0.314003
0.276235
0.302169
0.253229
0.279843
0.206992
0.291760
0.287378
0.293002
0.258525
0.302884
0.258025
0.284081
0.215914
0.247733
0.238730
0.276472
0.228952
0.190706
0.166215
0.229273
0.178785
0.194158
0.186923
0.152499
0.131260
0.190722
0.139173
0.186505
0.130274
0.128190
0.100709
0.147726
0.135369
0.121417
0.118874
0.146783
0.102999
0.197636
0.150459
0.126546
0.085374
0.166063
0.145440
0.171619
0.148521
0.144314
0.160691
0.162843
0.155375
0.160213
0.158167
0.184750
0.090475
0.202518
0.181301
0.173308
0.164190
0.212369
0.164859
0.188466
0.126954
0.174241
0.169060
0.206661
0.171065
0.206877
0.168740
0.235524
0.172930
0.251292
0.204773
0.196133
0.161476
0.239661
0.248639
0.282699
0.232678
0.251472
0.222037
0.259868
0.226221
0.234282
0.194551
0.232289
0.162044
0.222002
0.236277
0.230181
0.201963
0.241670
0.180629
0.218981
0.151967
0.190953
0.170014
0.222858
0.192371
0.192293
0.155427
0.186008
0.156292
0.169870
0.174773
0.147504
0.154216
0.185593
0.134627
0.162647
0.084619
0.102068
0.112869
0.167509
0.106180
0.096649
0.079536
0.097013
0.050005
0.096836
0.104481
0.090079
0.075833
0.091862
0.055283
0.093069
0.069662
0.071718
0.050753
0.078653
0.043199
0.076024
0.033488
0.059304
0.036524
0.062408
0.041943
0.068963
0.051857
0.033730
0.041139
0.103253
0.036254
0.038533
0.034075
0.045474
0.048078
0.068361
0.020468
0.059257
0.047694
0.071495
0.059635
0.062778
0.017048
0.049157
0.029237
0.086392
0.032270
0.056072
0.040787
0.065991
0.045635
0.077478
0.028541
0.041967
0.031205
0.058408
0.027268
0.059921
-0.010021
0.066720
0.049895
0.073418
0.035234
0.017289
0.035773
0.085273
0.035027
0.065492
0.009558
0.054637
0.021386
0.084950
0.053842
0.069226
0.007565
0.044201
0.043693
0.086965
0.025904
0.008974
0.030479
0.084392
0.025642
0.086145
0.017636
0.038628
0.012597
0.058255
0.036878
0.084547
-0.002672
0.017974
0.007778
0.058592
0.026820
0.018761
0.011876
0.063474
0.022139
0.042506
0.000266
0.035590
0.015249
0.040484
0.000166
0.051750
-0.011739
0.032493
0.005995
0.051711
0.019532
0.005922
0.022688
0.051022
0.011087
0.048679
0.003177
0.014689
0.004272
0.057993
-0.018281
0.059993
-0.006133
0.038179
0.006480
0.045805
0.005180
0.017520
0.023918
0.039585
0.023136
0.076383
-0.015776
0.032353
0.007670
0.057706
-0.006131
0.051343
-0.005024
0.014435
0.016583
0.050862
-0.008326
0.004255
0.029471
0.059410
0.015986
0.052146
-0.017831
0.037212
-0.004581
0.037356
-0.014959
0.061068
-0.030502
0.029341
0.018818
0.059495
0.003251
-0.004248
0.019911
0.070647
0.046471
0.039047
-0.019147
0.024663
0.009964
0.054330
-0.027440
0.054841
-0.024267
0.025005
0.008497
0.051883
-0.000195
0.000418
0.016834
0.055636
0.026653
0.038855
0.004055
0.043336
0.018111
0.049068
-0.013020
0.056230
-0.022562
0.041390
0.020623
0.052972
0.009441
0.003484
0.014812
0.066343
0.026894
0.051773
-0.019776
0.049103
0.006996
0.064412
-0.003484
0.059672
-0.033156
0.030984
0.001882
0.068603
0.026417
0.019450
0.042122
0.079851
0.043600
0.046796
-0.011827
0.042664
0.022968
0.085279
0.038856
0.040856
-0.012100
0.055541
0.025872
0.059024
0.020616
0.031155
0.023674
0.068774
0.044531
0.055046
-0.006806
0.048592
0.014784
0.069714
0.009135
0.051037
0.003371
0.033165
0.025102
0.068156
0.029684
0.010194
0.026356
0.068556
0.047221
0.065055
0.021776
0.058012
0.033611
0.053459
0.042063
0.041414
-0.001043
0.050077
0.050595
0.080944
0.035900
0.073045
0.043569
0.088295
0.047367
0.078125
0.053221
0.061051
0.059364
0.108647
0.074138
0.073627
0.046746
0.098100
0.075573
0.089390
0.092242
0.079095
0.082993
0.151523
0.139329
0.144571
0.109241
0.178739
0.151269
0.183654
0.189866
0.186248
0.123649
0.256078
0.213224
0.216964
0.158548
0.245875
0.226187
0.253698
0.192097
0.206878
0.222247
0.205154
0.229721
0.242170
0.219567
0.187360
0.154962
0.227600
0.208106
0.230892
0.202948
0.169697
0.144997
0.231033
0.204251
0.256488
0.195951
0.271535
0.166616
0.265896
0.259092
0.270411
0.206536
0.289049
0.250965
0.292585
0.266202
0.279324
0.309521
0.388080
0.312028
0.357815
0.296999
0.422010
0.381948
0.419993
0.405870
0.451180
0.394544
0.512772
0.492552
0.520658
0.468265
0.527772
0.538176
0.668164
0.571231
0.631419
0.555630
0.707550
0.636461
0.696168
0.661142
0.723059
0.663970
0.730555
0.726107
0.750115
0.722924
0.761781
0.776259
0.828729
0.777757
0.811682
0.765054
0.841017
0.802442
0.835934
0.809658
0.851092
0.805489
0.836098
0.825069
0.851471
0.820825
0.843198
0.818232
0.895377
0.828578
0.873154
0.843930
0.869441
0.847043
0.895955
0.871088
0.901350
0.864807
0.885832
0.889314
0.906042
0.899651
0.898566
0.911491
0.935249
0.884261
0.927709
0.896766
0.936352
0.920941
0.940594
0.932205
0.939317
0.923111
0.939803
0.934146
0.950113
0.944371
0.952235
0.953533
0.963640
0.943079
0.961944
0.943203
0.971048
0.957340
0.973289
0.967205
0.971732
0.950524
0.965181
0.962206
0.976510
0.966036
0.971852
0.966395
0.978849
0.958853
0.976254
0.969135
0.980705
0.969510
0.976644
0.974699
0.979976
0.967156
0.973125
0.970756
0.975601
0.969088
0.976899
0.972484
0.982376
0.967655
0.972408
0.962364
0.981217
0.968162
0.979775
0.972586
0.972425
0.962823
0.967637
0.958551
0.973711
0.963644
0.970252
0.963668
0.975478
0.959908
0.970138
0.958978
0.976400
0.961600
0.977301
0.972213
0.977981
0.962167
0.973520
0.963457
0.979181
0.973648
0.979831
0.978315
0.983252
0.960196
0.980147
0.969125
0.980637
0.970274
0.977524
0.978328
0.978927
0.962651
0.971439
0.963303
0.973460
0.963500
0.972278
0.965944
0.972915
0.955124
0.969541
0.949164
0.966729
0.948454
0.964718
0.963440
0.966552
0.946211
0.949179
0.950679
0.960000
0.941231
0.954292
0.957916
0.960753
0.933854
0.959038
0.943973
0.959888
0.940919
0.965328
0.953896
0.959937
0.940437
0.946205
0.938570
0.944560
0.935195
0.950557
0.940948
0.960316
0.920042
0.946179
0.925043
0.945344
0.923986
0.939050
0.929197
0.938446
0.905921
0.924150
0.912603
0.931716
0.912588
0.918605
0.922500
0.927813
0.872717
0.905960
0.873664
0.904366
0.860103
0.878171
0.873205
0.873203
0.835648
0.846088
0.847101
0.854213
0.836626
0.820531
0.834363
0.852050
0.773668
0.821247
0.777994
0.797047
0.725614
0.757066
0.732947
0.756226
0.678548
0.697067
0.669114
0.703930
0.632143
0.629188
0.626631
0.636985
0.533709
0.615285
0.569602
0.609191
0.559052
0.559799
0.542320
0.552657
0.490368
0.518628
0.492893
0.487113
0.443869
0.458246
0.425292
0.449947
0.412446
0.433137
0.381733
0.354545
0.329715
0.360549
0.340007
0.356493
0.326431
0.316305
0.319188
0.309599
0.276264
0.311545
0.247871
0.299712
0.274070
0.231225
0.189048
0.248038
0.183495
0.229600
0.199980
0.190162
0.204267
0.183483
0.141433
0.180201
0.150261
0.127514
0.108239
0.139947
0.106846
0.113039
0.102453
0.130845
0.062619
0.128573
0.100187
0.073987
0.067726
0.111968
0.065656
0.098042
0.079738
0.058550
0.063647
0.101680
0.066149
0.099919
0.018219
0.058495
0.051189
0.075100
0.043576
0.069993
0.001254
0.053980
0.021127
0.075697
0.019426
0.018043
0.041394
0.045860
0.023454
0.054204
0.004313
0.049885
0.023149
0.033506
-0.012221
0.071924
-0.003224
0.013420
-0.010797
0.068296
0.020277
-0.011844
0.046102
0.050072
0.015638
0.062839
-0.024979
0.037364
0.008666
0.034585
-0.012147
0.075719
-0.006505
0.012447
0.000993
0.061048
-0.005433
-0.011649
0.005429
0.063391
0.019260
0.042053
-0.033547
0.037227
0.012389
0.028278
-0.024113
0.060207
-0.034540
0.014888
0.016205
0.054846
-0.012160
-0.004664
0.021361
0.061306
0.022332
0.066260
-0.042226
0.023679
0.000282
0.043355
-0.007506
0.064359
-0.033640
0.032128
-0.003403
0.055376
-0.001747
-0.014489
0.026353
0.061848
0.024085
0.050728
-0.033036
0.039784
0.010971
0.027535
-0.014731
0.053941
-0.034016
0.032910
-0.000246
0.056402
0.001216
0.013688
0.002655
0.060252
0.014962
0.059285
-0.035490
0.032432
-0.006927
0.028377
-0.029428
0.067735
-0.037502
0.014762
0.006512
0.052281
-0.001604
-0.014062
0.008371
0.053426
0.031005
0.050080
-0.035953
0.043075
-0.000203
0.034725
-0.023387
0.085788
-0.036435
0.018338
-0.007471
0.062497
-0.001326
-0.013767
0.011606
0.072786
0.037021
0.042200
-0.043964
0.028315
0.006359
0.043979
-0.008042
0.061603
-0.024264
0.021346
0.021318
0.051614
-0.005370
-0.001434
0.027399
0.063857
0.022523
0.058109
-0.015008
0.033519
0.008941
0.047168
-0.027131
0.044321
-0.046717
0.032048
0.020355
0.064676
0.022852
0.022510
0.014292
0.039399
0.011954
0.052760
0.007233
0.048001
0.015438
0.037322
0.011621
0.060539
-0.040595
0.031448
0.015485
0.056643
0.014086
0.005236
0.023968
0.048165
0.022486
0.060565
-0.012192
0.031590
0.014227
0.051708
-0.015670
0.065053
-0.026167
0.018641
0.014414
0.041977
0.007897
0.018282
0.030518
0.061848
0.026352
0.048724
-0.027537
0.044019
0.023543
0.046766
-0.001915
0.052165
-0.031464
0.043442
0.030379
0.061975
0.015730
0.028577
0.025856
0.044467
0.032358
0.056677
0.019119
0.034908
0.019952
0.048230
0.046703
0.081360
0.046970
0.028395
0.007621
0.050559
0.044991
0.014022
