0.011059
0.078621
0.039661
0.057291
0.002817
0.079467
0.052695
0.048853
0.021193
0.057280
0.000921
0.048619
0.012483
0.072380
0.014876
0.023990
0.026591
0.048672
0.041730
0.064440
0.012748
0.041202
0.016617
0.057341
0.018883
0.051192
0.005020
0.024118
0.021958
0.067591
0.032296
0.013422
0.037876
0.071356
0.001580
0.051619
-0.006520
0.044282
0.028829
0.059480
0.017348
0.049952
-0.007770
0.038831
0.024257
0.049706
0.007619
0.035398
0.016355
0.067858
0.013799
0.048775
-0.001151
0.053647
0.008925
0.043566
-0.002316
0.056461
-0.022365
0.028702
0.014848
0.056503
-0.005937
0.003759
0.014509
0.078700
0.022288
0.049685
-0.030636
0.032097
0.009245
0.052123
-0.013280
0.051171
-0.016089
0.024590
0.007509
0.060133
0.000238
0.002385
0.014173
0.071241
0.022076
0.039156
-0.024917
0.048556
0.035493
0.022237
-0.008252
0.086073
0.015696
0.014802
0.003301
0.059812
0.000200
0.006523
0.010710
0.056426
0.022917
0.036474
-0.007969
0.052371
0.011811
0.041811
-0.000087
0.053863
0.000073
0.009173
0.012067
0.064428
0.011983
0.005243
0.034332
0.065187
0.034682
0.045313
-0.012604
0.065415
0.023952
0.049033
0.023913
0.052412
-0.017837
0.038593
0.010750
0.069762
0.019762
0.016150
0.017345
0.051502
0.020825
0.049706
-0.004846
0.036564
0.023139
0.047898
0.002974
0.065742
-0.003254
0.036460
-0.005139
0.058849
0.021801
0.005405
0.023380
0.061082
0.021325
0.046689
-0.022488
0.046784
0.026630
0.039437
-0.005192
0.064970
-0.008953
0.032433
0.008959
0.060047
0.017259
0.007183
0.029654
0.066680
0.015135
0.060738
-0.008236
0.043203
0.025473
0.046504
0.009681
0.074776
0.002401
0.021726
0.018423
0.065187
0.019798
0.008914
0.023590
0.054502
0.021704
0.052809
-0.005412
0.041819
0.031095
0.060382
0.026553
0.039152
0.009049
0.034208
0.039002
0.055944
0.006120
0.018938
0.024808
0.060139
0.021267
0.046614
0.010910
0.049349
0.021710
0.072757
0.026979
0.055710
-0.002581
0.040378
0.016913
0.077542
0.033043
0.035212
0.028739
0.073730
0.030966
0.072967
0.021017
0.063442
0.037024
0.057773
0.040795
0.062468
0.006276
0.050739
0.007608
0.092435
0.059861
0.030105
0.043410
0.061942
0.025793
0.072711
0.036888
0.045011
0.015461
0.082177
0.030663
0.053284
0.006250
0.055203
0.029967
0.068626
0.029440
0.035578
0.035837
0.064126
0.028470
0.052686
-0.001566
0.059997
0.015932
0.070331
0.019316
0.054874
0.009440
0.050795
0.020130
0.071765
0.026533
0.019459
0.037364
0.092984
0.041554
0.065080
-0.008095
0.047903
0.028132
0.036541
0.020369
0.058755
0.001964
0.043259
0.019607
0.066426
0.013306
0.035921
0.016603
0.058067
0.023186
0.061978
0.002892
0.042502
0.010997
0.045955
0.012772
0.062627
0.000991
0.032405
0.019865
0.074855
0.015765
0.029106
0.013777
0.054130
0.031156
0.068559
-0.007516
0.039315
0.011587
0.049426
0.016637
0.063143
0.011712
0.035040
0.013606
0.057962
0.009757
0.031084
0.038181
0.066830
0.026055
0.060444
-0.005477
0.050787
0.013523
0.062732
0.026394
0.049186
-0.001945
0.036003
0.030817
0.051980
-0.006760
0.033985
0.028415
0.071898
0.025127
0.056550
-0.001540
0.061625
0.049325
0.059944
0.017001
0.060333
0.000322
0.043946
0.036327
0.057514
0.041043
0.030625
0.045031
0.075813
0.034496
0.057754
0.029708
0.052889
0.026332
0.068402
0.030749
0.059009
0.039727
0.053744
0.027021
0.060177
0.035045
0.039126
0.042291
0.044724
0.001008
0.063810
0.029173
0.044349
0.031808
0.062297
0.020747
0.050870
0.024759
0.027655
0.032908
0.055892
0.028720
0.014681
0.037698
0.095883
0.046332
0.054418
0.026203
0.073730
0.035198
0.077664
0.038632
0.063650
0.024980
0.070938
0.049499
0.068021
0.050091
0.031478
0.074870
0.120902
0.053998
0.069992
0.042789
0.100305
0.055306
0.079051
0.086925
0.074127
0.053908
0.068297
0.063147
0.096030
0.071504
0.056312
0.068245
0.137453
0.055835
0.081207
0.052409
0.125108
0.068034
0.104198
0.094210
0.076523
0.061202
0.101816
0.067573
0.114180
0.088543
0.054156
0.080500
0.145883
0.104132
0.086739
0.059202
0.135254
0.056705
0.098307
0.106829
0.089745
0.081127
0.064606
0.076185
0.125740
0.087286
0.056602
0.061490
0.174965
0.110076
0.108690
0.052761
0.139255
0.086609
0.126456
0.117873
0.104644
0.102041
0.149940
0.084365
0.131843
0.133369
0.139681
0.142258
0.183259
0.133187
0.129097
0.136827
0.154853
0.120873
0.190039
0.134260
0.128798
0.127181
0.147670
0.094493
0.173560
0.110786
0.088755
0.068669
0.168275
0.115233
0.097740
0.051065
0.136442
0.088967
0.107081
0.113502
0.084384
0.069927
0.132562
0.089476
0.135010
0.083190
0.073295
0.104383
0.211019
0.133836
0.129467
0.102259
0.204202
0.159136
0.195671
0.176109
0.160418
0.126986
0.203439
0.197496
0.257207
0.178677
0.222831
0.203680
0.237399
0.195070
0.207517
0.181885
0.233314
0.167475
0.235209
0.189591
0.202197
0.191310
0.233165
0.198739
0.216053
0.230004
0.238471
0.221061
0.339933
0.274271
0.258583
0.232989
0.330640
0.313542
0.320691
0.327602
0.317406
0.308262
0.337730
0.308827
0.336619
0.314691
0.345621
0.341019
0.385307
0.349516
0.357730
0.301350
0.391246
0.321394
0.381579
0.365471
0.429250
0.358681
0.383656
0.386104
0.437350
0.403933
0.436921
0.435007
0.451457
0.446711
0.463825
0.395955
0.423568
0.384292
0.441184
0.419311
0.459814
0.411874
0.415121
0.369072
0.398567
0.362415
0.379762
0.364964
0.434774
0.375491
0.411798
0.363987
0.439629
0.366908
0.455127
0.427673
0.450311
0.388669
0.417762
0.418811
0.449877
0.411884
0.427883
0.427408
0.477751
0.460883
0.466049
0.378366
0.498373
0.426463
0.484585
0.479240
0.514083
0.449091
0.487440
0.471488
0.517736
0.509253
0.510585
0.532651
0.551610
0.480692
0.558061
0.465403
0.519724
0.465915
0.513944
0.500916
0.527050
0.442197
0.475666
0.435904
0.449369
0.408657
0.385286
0.419459
0.458943
0.437017
0.462864
0.395831
0.441558
0.402273
0.481957
0.439727
0.454919
0.417634
0.456882
0.388985
0.424729
0.459764
0.420568
0.396944
0.449568
0.437437
0.439348
0.385208
0.452118
0.395208
0.446580
0.407953
0.415448
0.409593
0.421572
0.388203
0.404945
0.379153
0.395235
0.432285
0.457234
0.396924
0.422376
0.337147
0.404004
0.370954
0.404438
0.405485
0.363895
0.323224
0.375960
0.325639
0.329699
0.316758
0.318189
0.276419
0.332691
0.313664
0.300926
0.250722
0.307916
0.246390
0.299827
0.267860
0.290736
0.246995
0.289201
0.246181
0.293136
0.222621
0.265854
0.241896
0.271133
0.254346
0.218127
0.203623
0.248889
0.199435
0.239606
0.229225
0.238030
0.207532
0.214640
0.188558
0.256596
0.234377
0.184684
0.189193
0.257697
0.197643
0.211322
0.184063
0.255545
0.221326
0.250656
0.248395
0.192487
0.147773
0.226958
0.204739
0.225544
0.188496
0.159907
0.160284
0.191410
0.142902
0.155009
0.157584
0.171329
0.099841
0.166038
0.154816
0.121478
0.130829
0.133322
0.114061
0.160503
0.085203
0.070782
0.062125
0.137773
0.084927
0.083453
0.061169
0.118037
0.091593
0.105756
0.097487
0.062348
0.084582
0.123967
0.089713
0.127518
0.090353
0.096070
0.085688
0.170934
0.124261
0.128892
0.097739
0.160904
0.133552
0.171206
0.152277
0.171465
0.140282
0.183177
0.119173
0.158015
0.144706
0.140914
0.156678
0.226167
0.142996
0.170490
0.125541
0.202056
0.165794
0.204585
0.155442
0.163228
0.168098
0.204379
0.154034
0.197302
0.183813
0.180055
0.168839
0.191887
0.172542
0.162427
0.136240
0.171300
0.106326
0.181234
0.163972
0.146682
0.149957
0.155839
0.112280
0.189186
0.128737
0.078891
0.090629
0.139865
0.066637
0.113731
0.116854
0.128017
0.067166
0.121161
0.109188
0.132172
0.091271
0.132235
0.092069
0.140236
0.127286
0.118422
0.150807
0.182322
0.101163
0.127993
0.095180
0.165034
0.116319
0.134906
0.146729
0.120729
0.112079
0.157546
0.106540
0.131385
0.105664
0.071309
0.092591
0.129722
0.069355
0.100745
0.101241
0.122355
0.075782
0.112518
0.099427
0.084486
0.068477
0.118988
0.093460
0.150010
0.104983
0.058690
0.120132
0.152276
0.079609
0.104525
0.086913
0.147121
0.105151
0.095612
0.116454
0.089299
0.103802
0.095845
0.083333
0.127380
0.079813
0.050254
0.050446
0.108547
0.092175
0.103814
0.068010
0.066928
0.034283
0.077637
0.049491
0.061513
0.009456
0.057491
0.051793
0.082327
0.056321
0.027313
0.042122
0.083680
0.039842
0.095925
0.035934
0.049664
0.008342
0.083181
0.050565
0.053029
0.026249
0.053269
0.038314
0.075105
0.033788
0.036610
0.028121
0.063415
0.026317
0.057390
-0.000046
0.054851
0.023416
0.058110
0.021970
0.052857
0.015809
0.030789
0.031272
0.074452
0.018886
0.027096
0.035219
0.087836
0.045429
0.051612
0.027471
0.081539
0.049389
0.089171
0.044336
0.052660
0.026884
0.071470
0.050947
0.093382
0.067846
0.064075
0.060568
0.076161
0.048357
0.084442
0.047880
0.086563
0.067296
0.098686
0.062630
0.060052
0.033812
0.058926
0.059788
0.079814
0.034821
0.061096
0.064477
0.094452
0.036264
0.074828
0.026298
0.085984
0.050963
0.083018
0.048768
0.069069
0.041112
0.053609
0.057601
0.081801
0.036692
0.037252
0.041075
0.095257
0.053527
0.072617
0.041486
0.072776
0.035002
0.087427
0.046648
0.073326
0.030263
0.067013
0.062803
0.082738
0.067452
0.072791
0.065354
0.141796
0.086214
0.104754
0.066135
0.118948
0.073401
0.116623
0.123671
0.097930
0.070945
0.114378
0.074311
0.110078
0.087377
0.085430
0.068378
0.158149
0.085076
0.104162
0.080320
0.137877
0.056966
0.105835
0.090754
0.089850
0.076259
0.090165
0.081591
0.107011
0.074059
0.061300
0.047542
0.137255
0.078004
0.097190
0.060620
0.104173
0.052843
0.099362
0.086524
0.083735
0.034280
0.086210
0.059971
0.082923
0.074970
0.050225
0.063085
0.074407
0.047347
0.085711
0.050659
0.046769
0.022443
0.074130
0.065925
0.086263
0.082797
0.042123
0.031150
0.064418
0.058506
0.011430
