0.013217
0.102472
0.052340
0.072084
0.023054
0.126109
0.096999
0.088730
0.074534
0.076216
0.045000
0.093972
0.063596
0.107598
0.075973
0.103209
0.088524
0.126451
0.070327
0.107807
0.071747
0.100078
0.055937
0.088514
0.045246
0.079784
0.075608
0.104383
0.071010
0.118276
0.060610
0.055953
0.049667
0.119198
0.063108
0.092308
0.040747
0.110919
0.076021
0.095692
0.110289
0.071565
0.048000
0.104881
0.062721
0.121132
0.086572
0.051980
0.040868
0.098809
0.038469
0.081668
0.039021
0.106575
0.065920
0.060846
0.063138
0.063503
0.037538
0.085507
0.064530
0.091791
0.046795
0.024391
0.055317
0.105827
0.052674
0.070844
0.038842
0.077899
0.034112
0.085245
0.046312
0.054246
0.032981
0.053436
0.044297
0.073182
0.043890
0.047054
0.044462
0.062963
0.022145
0.067500
0.028036
0.049405
0.020523
0.057546
0.031328
0.040837
0.024811
0.032899
0.041337
0.067619
0.027445
0.013822
0.027509
0.090196
0.040475
0.045111
0.021064
0.045648
0.021172
0.077274
0.023625
0.048401
0.025414
0.037135
0.014175
0.075798
0.049381
0.036819
0.037779
0.053322
0.011673
0.069943
0.019976
0.061502
0.047105
0.047858
0.022227
0.062669
-0.001291
0.061193
0.030522
0.077176
0.031467
0.029359
0.034979
0.071614
0.046307
0.062962
0.010056
0.061646
0.020168
0.062024
0.046394
0.054375
0.008680
0.056350
0.026048
0.070448
0.043139
0.024772
0.040487
0.068532
0.042087
0.063344
0.021196
0.056862
0.034501
0.059163
0.035132
0.053228
0.016521
0.040369
0.024811
0.081375
0.035176
0.033621
0.026566
0.063485
0.034107
0.067507
0.035478
0.056100
0.026239
0.079621
0.032665
0.050256
0.014304
0.042292
0.045630
0.058738
0.024305
0.051986
0.028652
0.085829
0.044740
0.063417
0.020777
0.059314
0.042783
0.084107
0.047401
0.062864
0.018352
0.074065
0.031485
0.073984
0.047952
0.051947
0.029806
0.081546
0.029680
0.072137
0.067666
0.042574
0.013485
0.079655
0.058941
0.064194
0.048669
0.061958
0.025586
0.087537
0.048161
0.025724
0.024751
0.083993
0.049691
0.070260
0.011324
0.058740
0.024453
0.078395
0.017821
0.056321
0.018115
0.041204
0.029434
0.064218
0.038532
0.031948
0.038177
0.054136
0.040778
0.068517
0.014129
0.051628
0.037405
0.066699
0.029686
0.057876
0.034380
0.049741
0.026128
0.064398
0.015635
0.034476
0.037665
0.062555
0.017452
0.072633
0.029503
0.051722
0.024307
0.053607
0.021436
0.069199
0.028272
0.035339
0.013573
0.064018
0.028593
0.022791
0.045938
0.052761
0.042687
0.072020
0.012930
0.053039
0.021513
0.053640
0.030836
0.063584
-0.000315
0.043114
0.011942
0.079472
0.011747
0.011928
0.024951
0.074740
0.045231
0.046472
-0.017595
0.059046
0.027602
0.048001
0.021752
0.063713
0.004668
0.032546
0.017677
0.070115
0.022097
0.029846
0.036053
0.054744
0.028559
0.056583
0.019969
0.051156
0.018795
0.046438
0.000377
0.062925
0.015742
0.037499
0.025330
0.054792
0.017669
0.011433
0.033791
0.078411
0.028672
0.045628
-0.020997
0.055916
0.012408
0.046508
-0.001925
0.054965
0.010813
0.037409
0.014860
0.052987
-0.003989
0.030651
0.032147
0.072862
0.039793
0.050056
0.007579
0.050195
0.020264
0.057367
0.047232
0.056717
0.005849
0.053585
0.030583
0.082966
0.027138
0.045729
0.038868
0.110520
0.063982
0.055611
0.054736
0.080276
0.046659
0.073170
0.068947
0.066914
0.022309
0.081448
0.034215
0.077873
0.069631
0.054360
0.044669
0.097870
0.062978
0.102065
0.042711
0.103494
0.042516
0.086790
0.064750
0.075469
0.064716
0.074005
0.033117
0.079969
0.077832
0.026155
0.068865
0.137710
0.095915
0.094415
0.067077
0.179483
0.113244
0.141859
0.111421
0.115649
0.080524
0.184115
0.130744
0.188823
0.147458
0.164521
0.152574
0.250258
0.198915
0.242634
0.200863
0.309269
0.251408
0.306082
0.298610
0.332589
0.278623
0.372799
0.348946
0.411282
0.425570
0.427676
0.408063
0.486791
0.434247
0.521431
0.467911
0.573481
0.556433
0.583204
0.551267
0.605611
0.573038
0.653461
0.632903
0.644473
0.629319
0.664434
0.655271
0.781867
0.699757
0.764087
0.722075
0.783647
0.783409
0.800226
0.803268
0.824770
0.790056
0.836435
0.813294
0.862390
0.826758
0.858514
0.863747
0.891452
0.850553
0.887472
0.858257
0.906892
0.865887
0.910342
0.902762
0.914821
0.886139
0.903739
0.886317
0.925595
0.903315
0.925449
0.929426
0.946468
0.904669
0.933317
0.907345
0.945642
0.919626
0.940940
0.940723
0.947576
0.924861
0.940606
0.929901
0.952062
0.941116
0.951510
0.948816
0.960841
0.942634
0.954138
0.939182
0.965788
0.947895
0.968311
0.957923
0.967979
0.954789
0.958622
0.953012
0.967714
0.957809
0.967711
0.964288
0.973700
0.951162
0.967930
0.951867
0.974288
0.955193
0.969394
0.968615
0.970071
0.955273
0.959988
0.958134
0.972709
0.959474
0.966745
0.964637
0.970547
0.954100
0.965521
0.953770
0.972495
0.957287
0.973287
0.969945
0.968906
0.954809
0.966915
0.956557
0.974764
0.964230
0.971464
0.969217
0.975817
0.948864
0.969337
0.951723
0.969620
0.951118
0.962395
0.957902
0.961896
0.934165
0.945209
0.938996
0.959588
0.934727
0.933520
0.939358
0.945956
0.914017
0.937961
0.915348
0.940416
0.894401
0.925972
0.920468
0.922302
0.883928
0.893010
0.885938
0.907984
0.872685
0.877067
0.875518
0.894266
0.846024
0.889000
0.852519
0.876895
0.825483
0.861513
0.853064
0.881403
0.817362
0.830094
0.829472
0.853916
0.818505
0.814236
0.832244
0.855644
0.783369
0.827933
0.773177
0.817008
0.787879
0.807634
0.801442
0.825618
0.745078
0.785356
0.776473
0.779275
0.748321
0.753912
0.743464
0.819773
0.745276
0.753031
0.701376
0.756025
0.704356
0.756078
0.738234
0.784652
0.720882
0.730035
0.724747
0.785627
0.726737
0.740062
0.729859
0.783792
0.685957
0.761443
0.705748
0.728525
0.687856
0.733432
0.700332
0.734658
0.678095
0.688801
0.675395
0.710362
0.654301
0.671345
0.646812
0.708110
0.606779
0.655758
0.608247
0.611208
0.596947
0.602140
0.581526
0.620865
0.544004
0.576824
0.544412
0.580047
0.545432
0.513698
0.489583
0.565809
0.503308
0.535469
0.477636
0.569987
0.535615
0.545083
0.526856
0.569873
0.508288
0.578392
0.546112
0.573763
0.570488
0.550214
0.548199
0.602235
0.555557
0.602862
0.549286
0.574685
0.560096
0.601023
0.587661
0.609569
0.571278
0.611698
0.600829
0.557878
0.559247
0.604960
0.580791
0.700663
0.609625
0.655829
0.570735
0.662821
0.624025
0.665354
0.652076
0.698153
0.638722
0.682826
0.682196
0.695879
0.691287
0.706490
0.710158
0.747470
0.676100
0.760013
0.706332
0.758027
0.702649
0.764416
0.743211
0.776441
0.715470
0.777617
0.754723
0.792853
0.767104
0.780740
0.776872
0.799323
0.739161
0.813510
0.762516
0.786515
0.727869
0.794837
0.769023
0.810354
0.752624
0.768969
0.733400
0.767960
0.745307
0.742100
0.743306
0.786425
0.722138
0.775894
0.734674
0.784755
0.717706
0.791037
0.774233
0.784776
0.737218
0.773054
0.775760
0.780399
0.741216
0.759364
0.768704
0.801269
0.714669
0.763264
0.696567
0.721951
0.685452
0.724394
0.697390
0.715706
0.683115
0.690763
0.683544
0.706084
0.660439
0.656506
0.634405
0.698527
0.625961
0.685924
0.613001
0.696025
0.645692
0.682343
0.621809
0.697956
0.626615
0.667230
0.651501
0.675146
0.649070
0.654902
0.639199
0.700655
0.595829
0.676247
0.597859
0.668026
0.637502
0.638314
0.614642
0.662834
0.566464
0.608763
0.608327
0.628632
0.561572
0.543360
0.557380
0.583016
0.464915
0.520767
0.443238
0.506720
0.414589
0.413064
0.424319
0.395398
0.359387
0.395637
0.338462
0.357243
0.304442
0.291651
0.291704
0.339273
0.320250
0.329062
0.277051
0.333877
0.275878
0.343907
0.334179
0.338564
0.321986
0.333629
0.300001
0.330928
0.303307
0.289673
0.316813
0.363114
0.303625
0.309150
0.247264
0.300767
0.287143
0.308971
0.288623
0.312846
0.271289
0.328671
0.262322
0.306165
0.271489
0.284106
0.323081
0.371822
0.222217
0.274813
0.212475
0.312978
0.219666
0.271697
0.231070
0.181578
0.215021
0.245203
0.179938
0.218147
0.165003
0.105080
0.150618
0.200546
0.146630
0.148407
0.102883
0.143536
0.097426
0.152421
0.130793
0.084659
0.106667
0.136310
0.093884
0.128493
0.084955
0.080858
0.073938
0.152707
0.073784
0.079884
0.048381
0.099180
0.079125
0.109834
0.091805
0.067820
0.055196
0.107312
0.060336
0.078161
0.057354
0.065157
0.072162
0.131577
0.085012
0.094040
0.064515
0.107008
0.049094
0.115783
0.074477
0.079689
0.071287
0.063968
0.056279
0.125939
0.105452
0.060177
0.038759
0.120196
0.063456
0.120492
0.059766
0.078351
0.054163
0.086227
0.080536
0.055408
0.051455
0.083598
0.075362
0.088551
0.050242
0.047657
0.056423
0.117945
0.062991
0.077149
0.048867
0.063325
0.038900
0.104925
0.065289
0.068899
0.031478
0.069034
0.048169
0.095918
0.050154
0.020257
0.053416
0.116178
0.064308
0.056452
0.016029
0.083125
0.051307
0.078310
0.063656
0.059135
0.044134
0.080189
0.051306
0.092778
0.057445
0.028166
0.052040
0.076207
0.054188
0.078227
0.023197
0.092929
0.049107
0.073853
0.066285
0.074579
0.025843
0.068472
0.050375
0.068785
0.037568
0.057053
0.046134
0.093653
0.055727
0.070104
0.034646
0.065693
0.031687
0.082188
0.054381
0.080768
0.043571
0.052577
0.038297
0.084528
0.063258
0.035734
0.032314
0.115758
0.049470
0.088604
0.053818
0.094424
0.056095
0.092315
0.090013
0.077272
0.045331
0.068112
0.048023
0.099298
0.065359
0.052680
0.049906
0.113934
0.080011
0.071473
0.055391
0.074834
0.052900
0.095634
0.091817
0.055759
0.061750
0.065121
0.039124
0.097033
0.077004
0.041668
0.064864
0.131322
0.074483
0.112241
0.071398
0.147650
0.101185
0.125880
0.129568
0.122229
0.090336
0.163779
0.132501
0.181554
0.169585
0.201057
0.185151
0.170136
0.122753
0.157683
0.146443
0.103983
0.124952
0.164572
0.169889
0.154782
0.155100
0.123393
0.078103
0.090802
0.095092
0.019717
