0.009490
0.070381
0.040623
0.048905
0.021191
0.119791
0.088321
0.069220
0.052711
0.046376
-0.001182
0.065771
0.075203
0.058747
0.040823
0.054123
0.054641
0.111970
0.056914
0.077449
0.055538
0.065332
0.031700
0.102842
0.061348
0.072694
0.036423
0.089921
0.066677
0.076492
0.061580
0.066921
0.082542
0.141463
0.106985
0.117814
0.096916
0.122677
0.069466
0.136055
0.112421
0.079485
0.090990
0.134579
0.081795
0.093636
0.106251
0.081087
0.096803
0.162610
0.102830
0.113804
0.094140
0.147567
0.095194
0.148366
0.119650
0.118337
0.119059
0.159047
0.094664
0.139335
0.078647
0.126783
0.110624
0.188725
0.129150
0.147614
0.144336
0.183484
0.110597
0.174920
0.168356
0.149849
0.072670
0.171873
0.152955
0.171486
0.156287
0.134916
0.151176
0.235603
0.183678
0.218010
0.172461
0.256820
0.214732
0.247680
0.215643
0.229420
0.190830
0.276712
0.237021
0.254747
0.244275
0.265931
0.280608
0.302705
0.232698
0.271859
0.241705
0.316563
0.259167
0.265853
0.282187
0.296233
0.245499
0.286735
0.241529
0.279312
0.242551
0.283537
0.261372
0.256048
0.220895
0.250175
0.194688
0.228083
0.168595
0.184930
0.168086
0.160680
0.171207
0.189760
0.164238
0.191683
0.153662
0.083160
0.116200
0.145050
0.100969
0.100130
0.073742
0.080092
0.066594
0.067840
0.070061
0.093030
0.070875
0.092913
0.064895
0.098884
0.071915
0.024009
0.035133
0.071796
0.025693
0.068075
0.046868
0.062703
0.014528
0.074355
0.026068
0.063362
0.027965
0.053250
0.021878
0.073539
0.041429
0.016594
0.046349
0.066531
0.023098
0.063133
0.010289
0.047968
0.016647
0.059232
0.018577
0.053691
-0.005275
0.031679
0.028525
0.067642
0.032837
0.022473
0.037921
0.072473
0.031834
0.068079
0.004834
0.044955
0.030732
0.076191
0.041655
0.055111
-0.004390
0.052699
0.045505
0.073382
0.047205
0.045626
0.025165
0.092316
0.043174
0.058018
0.000345
0.057537
0.050806
0.058420
0.029808
0.042872
0.020251
0.037586
0.033105
0.074347
0.061618
0.022598
0.035331
0.060232
0.045480
0.077493
0.016857
0.057679
0.021327
0.092742
0.028981
0.055459
0.008650
0.049337
0.035529
0.049588
0.041613
0.027868
0.033155
0.074307
0.031171
0.057424
0.014669
0.049022
0.016956
0.071099
0.010845
0.056887
0.000105
0.042339
0.018008
0.059159
0.027931
0.026157
0.025412
0.055390
0.018558
0.065115
0.000795
0.045098
0.003708
0.061312
0.012798
0.058581
-0.011477
0.032186
0.017522
0.060167
0.002986
0.012421
0.017515
0.086878
0.024698
0.075874
0.009710
0.050212
0.000362
0.055802
0.027733
0.056128
0.032909
0.040021
0.022141
0.075960
0.015775
0.026264
0.020220
0.075382
0.017672
0.044225
-0.013781
0.052507
0.036533
0.069135
0.022086
0.041438
-0.018769
0.056562
0.036176
0.064453
0.029062
0.031498
0.023803
0.077977
0.037917
0.058974
0.014318
0.057189
0.034549
0.061223
0.036635
0.065442
0.002753
0.044217
0.049576
0.067525
0.036815
0.050021
0.028440
0.056725
0.052982
0.060461
0.012428
0.045959
0.036543
0.060123
0.033494
0.063362
-0.019348
0.043143
0.035388
0.078121
0.037687
0.020061
0.034135
0.054160
0.041180
0.068166
0.006019
0.040105
0.006577
0.071770
0.003383
0.046039
-0.009203
0.023537
0.026392
0.055074
0.015138
0.024378
0.023156
0.058288
0.062925
0.041211
-0.023970
0.041656
0.033939
0.044808
0.001100
0.045945
-0.025145
0.033073
0.023467
0.052561
0.004484
0.005145
0.032804
0.063077
0.021786
0.046980
-0.018307
0.040169
0.025039
0.041242
0.002861
0.051032
-0.017079
0.020084
0.021690
0.053593
0.003353
0.009893
0.022087
0.055787
0.026137
0.044007
-0.007918
0.033603
0.020415
0.035931
-0.006427
0.063686
-0.014490
0.046576
0.044263
0.047712
0.012994
0.029256
0.024222
0.085503
0.029694
0.036666
-0.010344
0.046104
0.034319
0.057285
0.004811
0.041690
-0.006992
0.045826
0.044101
0.062328
0.017248
0.025950
0.020736
0.076253
0.036945
0.050130
-0.003253
0.057442
0.031340
0.071579
0.025701
0.070614
0.000609
0.031156
0.032071
0.073029
0.036791
0.010493
0.032269
0.093156
0.034254
0.052661
0.017863
0.063479
0.032265
0.062877
0.019632
0.047578
0.032903
0.045359
0.028255
0.078602
0.036170
0.058628
0.034567
0.072714
0.036173
0.078366
0.040224
0.061614
0.028838
0.094192
0.041822
0.028836
0.004810
0.075242
0.054334
0.072792
0.058145
0.028551
0.039429
0.110344
0.041521
0.055745
0.040039
0.094116
0.045133
0.092573
0.045462
0.065637
0.033693
0.074633
0.051618
0.087976
0.072798
0.053790
0.062336
0.141190
0.108614
0.090011
0.023505
0.123920
0.101557
0.098281
0.091175
0.055800
0.029417
0.098731
0.085037
0.106455
0.090867
0.090479
0.076570
0.171841
0.118583
0.139480
0.137149
0.179056
0.137389
0.232517
0.206516
0.216994
0.172143
0.264913
0.249001
0.254144
0.229311
0.338445
0.305530
0.404979
0.358886
0.376493
0.284587
0.410760
0.348460
0.421807
0.377656
0.462638
0.378526
0.484631
0.460169
0.452522
0.435332
0.517570
0.465462
0.565457
0.514743
0.510686
0.443949
0.546749
0.498058
0.550526
0.534084
0.576489
0.476210
0.577852
0.552569
0.577622
0.531523
0.530667
0.513856
0.616339
0.610164
0.635643
0.586095
0.669512
0.666498
0.678495
0.687512
0.712560
0.693013
0.770599
0.750313
0.793456
0.774010
0.813122
0.796943
0.855299
0.810886
0.864980
0.828656
0.878584
0.863735
0.897145
0.879306
0.914459
0.871098
0.903810
0.898396
0.926345
0.914721
0.929662
0.920570
0.935617
0.915471
0.933356
0.920541
0.934924
0.911198
0.939705
0.935462
0.942898
0.913105
0.927162
0.908502
0.937691
0.931529
0.923567
0.920667
0.946764
0.910457
0.935871
0.914761
0.943563
0.928186
0.943209
0.934594
0.937567
0.921092
0.942851
0.935419
0.953290
0.944443
0.941472
0.945910
0.959458
0.925484
0.957500
0.942299
0.959187
0.944182
0.963569
0.956285
0.968446
0.937773
0.957515
0.949043
0.960253
0.954886
0.959295
0.958720
0.970578
0.946145
0.964867
0.953889
0.972766
0.952683
0.970769
0.965949
0.972623
0.954655
0.964248
0.963264
0.977014
0.965963
0.971614
0.976687
0.974047
0.951092
0.973028
0.959674
0.975500
0.959412
0.968826
0.967717
0.969718
0.953238
0.959900
0.954946
0.955939
0.954984
0.957844
0.949226
0.959688
0.939492
0.956597
0.938075
0.951606
0.930505
0.952815
0.949937
0.956044
0.926111
0.935055
0.924645
0.939144
0.937220
0.931620
0.931814
0.944151
0.908373
0.935939
0.905100
0.941374
0.915129
0.937254
0.931124
0.931337
0.909890
0.927247
0.910585
0.939149
0.916155
0.929123
0.922678
0.927504
0.880322
0.915316
0.892792
0.926612
0.897564
0.903930
0.909822
0.909204
0.862629
0.883708
0.878658
0.895829
0.875723
0.878881
0.864542
0.903061
0.855364
0.881627
0.850425
0.893981
0.869555
0.886177
0.887370
0.880798
0.840858
0.880698
0.868648
0.884124
0.870087
0.860138
0.851360
0.890887
0.842479
0.867284
0.839432
0.854807
0.835897
0.846050
0.834954
0.860275
0.804881
0.833626
0.823298
0.838827
0.812658
0.835615
0.811136
0.875950
0.812053
0.850865
0.795776
0.837458
0.805231
0.847440
0.845499
0.864269
0.803936
0.832094
0.825914
0.852520
0.811362
0.838544
0.840184
0.861094
0.797167
0.829858
0.763071
0.820810
0.752397
0.797322
0.757827
0.765073
0.739463
0.733418
0.708126
0.710178
0.707451
0.672639
0.669633
0.684466
0.593895
0.672071
0.583625
0.591734
0.545326
0.538679
0.522631
0.543043
0.473235
0.465628
0.376134
0.428489
0.376289
0.304610
0.312777
0.378503
0.318756
0.321234
0.282675
0.251241
0.167116
0.271090
0.283822
0.274258
0.225204
0.180960
0.151172
0.219551
0.183961
0.113863
0.126214
0.148614
0.084804
0.126010
0.080122
0.098985
0.050367
0.092872
0.075072
0.074140
0.019479
0.096133
0.071277
0.084098
0.034537
0.029392
0.037341
0.085225
0.047216
0.056604
-0.014595
0.046990
0.015294
0.069156
0.005295
0.060564
-0.046940
0.051811
0.034614
0.061495
0.014757
0.000166
0.029819
0.049862
0.032016
0.058347
-0.004531
0.040095
0.003981
0.044808
-0.000124
0.071628
-0.002592
0.024349
0.012463
0.056935
0.018085
-0.009579
0.020950
0.068327
0.009831
0.065837
-0.025408
0.012259
0.008085
0.058243
-0.006909
0.045051
-0.010522
0.021000
0.013295
0.047409
-0.028629
0.018034
0.031047
0.073367
0.026682
0.029350
-0.014825
0.035191
0.020005
0.063890
-0.006840
0.062456
-0.020318
0.021951
0.021359
0.054074
0.005467
0.017951
0.027531
0.050474
0.019823
0.050881
-0.013618
0.054211
0.016258
0.037624
-0.012474
0.063099
0.014289
0.031291
0.022345
0.038394
0.001343
0.013391
0.020408
0.071382
0.029653
0.037416
-0.000568
0.043533
0.020551
0.034823
0.002591
0.046051
0.011492
0.029304
0.018965
0.055746
0.003448
0.035626
0.029877
0.060748
0.020378
0.060596
0.016743
0.042335
0.037000
0.071688
0.019284
0.043187
0.004359
0.029794
0.021097
0.066816
0.034698
0.035429
0.026140
0.088831
0.023095
0.070498
-0.025371
0.049580
0.040859
0.059228
0.030645
0.063222
-0.011182
0.037577
0.021723
0.057205
0.018175
0.006043
0.033311
0.076461
0.031273
0.052235
0.006315
0.049567
0.013087
0.061959
-0.001750
0.061259
0.005391
0.033536
0.025072
0.051335
0.014348
0.033303
0.042917
0.069511
0.037541
0.053697
0.005068
0.045013
0.040500
0.060950
0.019876
0.041088
0.032529
0.050539
0.044580
0.062971
0.047022
0.059615
0.049729
0.037278
0.032523
0.077116
0.017338
0.055225
0.032417
0.057977
0.018252
0.061341
0.014357
0.040308
0.035895
0.068568
0.038120
0.020854
0.041141
0.099506
0.042040
0.065190
0.013265
0.069378
0.039402
0.081672
0.049868
0.054970
0.031514
0.049331
0.044151
0.069666
0.030392
0.034932
0.050103
0.058921
0.035267
0.074307
0.027723
0.054977
0.048468
0.072632
0.048234
0.062164
0.007016
0.065979
0.044076
0.067658
0.023837
0.032169
0.039883
0.058805
0.053775
0.059209
0.035344
0.047093
0.000155
0.077904
0.023762
0.090335
0.068424
0.041055
0.018801
0.057008
0.054513
0.009111
