0.012435
0.095405
0.047689
0.062669
0.007776
0.129681
0.097799
0.060933
0.058474
0.089583
0.006214
0.039946
0.065666
0.070036
0.043798
0.046445
0.076302
0.114952
0.060192
0.093101
0.068715
0.095548
0.056151
0.099100
0.062083
0.064335
0.039447
0.089253
0.074852
0.114157
0.092030
0.060139
0.058378
0.129859
0.060481
0.077277
0.061435
0.088707
0.069102
0.079177
0.083782
0.080517
0.060329
0.077578
0.036917
0.081621
0.063924
0.017436
0.045249
0.126220
0.073687
0.085365
0.041030
0.074887
0.022720
0.086326
0.077129
0.079831
0.049425
0.054645
0.039036
0.111569
0.063984
0.060738
0.059638
0.120845
0.067269
0.088654
0.060182
0.097353
0.067034
0.101948
0.060456
0.082443
0.046405
0.084409
0.052019
0.091077
0.075499
0.044045
0.055393
0.112724
0.059708
0.091601
0.062452
0.098188
0.054742
0.105387
0.071544
0.086145
0.041198
0.078501
0.078110
0.114826
0.092885
0.049968
0.068210
0.112833
0.055836
0.085501
0.037084
0.110072
0.062046
0.104784
0.081077
0.077389
0.046580
0.083228
0.058145
0.105229
0.085968
0.042892
0.067917
0.089251
0.041827
0.086690
0.069738
0.060995
0.043825
0.090766
0.080314
0.052595
0.040445
0.085660
0.080337
0.110768
0.052749
0.060497
0.033642
0.123907
0.070449
0.080379
0.026514
0.093869
0.040342
0.099418
0.101000
0.088251
0.044242
0.083196
0.059047
0.093253
0.081109
0.082573
0.097188
0.162636
0.105025
0.114907
0.100732
0.127606
0.089757
0.149732
0.136457
0.115939
0.093081
0.138529
0.099531
0.152869
0.120900
0.112294
0.104669
0.160113
0.110223
0.122256
0.138373
0.141388
0.108315
0.143750
0.128795
0.137604
0.102138
0.160905
0.132442
0.152096
0.121280
0.145854
0.124465
0.217970
0.135628
0.186033
0.174449
0.211757
0.213615
0.231504
0.229249
0.210368
0.199948
0.264772
0.223419
0.252528
0.225500
0.271068
0.221260
0.297079
0.237358
0.291034
0.254206
0.286081
0.225765
0.286299
0.275745
0.272387
0.214089
0.241102
0.240364
0.263117
0.213848
0.181844
0.196732
0.250644
0.183044
0.216383
0.174915
0.194785
0.146382
0.198124
0.174760
0.172420
0.165147
0.173973
0.122345
0.165463
0.137965
0.136748
0.109720
0.146195
0.124173
0.145414
0.120846
0.142148
0.055869
0.139363
0.132974
0.100243
0.092727
0.130626
0.120445
0.148100
0.102386
0.090958
0.096618
0.190474
0.109258
0.132061
0.106804
0.167221
0.138621
0.164066
0.132499
0.135522
0.115672
0.159281
0.113913
0.196303
0.171209
0.144535
0.133582
0.204605
0.163082
0.198608
0.158406
0.229193
0.178691
0.216467
0.221999
0.222140
0.184703
0.251142
0.227398
0.246146
0.189742
0.242494
0.238685
0.305877
0.263163
0.256692
0.243007
0.317092
0.282340
0.295054
0.306334
0.284026
0.273140
0.313032
0.293034
0.352751
0.310708
0.291477
0.280757
0.390587
0.339431
0.378417
0.325498
0.389793
0.355033
0.389628
0.389291
0.377589
0.358074
0.417072
0.420690
0.389342
0.377608
0.396879
0.396221
0.444314
0.409487
0.450642
0.425135
0.460642
0.433001
0.481079
0.508711
0.544267
0.481478
0.553722
0.550223
0.547861
0.557436
0.616868
0.583597
0.608761
0.536691
0.592319
0.541367
0.548968
0.542562
0.567503
0.520364
0.556458
0.499466
0.514449
0.472416
0.475899
0.427884
0.404237
0.389453
0.419372
0.355790
0.376982
0.323441
0.380791
0.342475
0.341649
0.285109
0.353431
0.306030
0.328635
0.297125
0.310295
0.264090
0.225733
0.241324
0.319518
0.257692
0.292681
0.275911
0.341394
0.310618
0.344016
0.358693
0.346519
0.323189
0.378015
0.328597
0.390055
0.384474
0.388452
0.398586
0.439718
0.389168
0.412168
0.355581
0.416536
0.363597
0.403778
0.398981
0.417604
0.425195
0.401327
0.364346
0.386594
0.384695
0.400516
0.398789
0.419891
0.379666
0.423878
0.367418
0.475563
0.432702
0.440888
0.426360
0.438992
0.372211
0.447083
0.412587
0.451980
0.451415
0.434692
0.404380
0.472644
0.422005
0.499620
0.406047
0.481758
0.474173
0.484934
0.461374
0.478981
0.466575
0.533504
0.484153
0.481681
0.473417
0.519535
0.525284
0.599122
0.584037
0.584986
0.509673
0.619029
0.584904
0.621607
0.606140
0.678650
0.602210
0.645260
0.630464
0.682642
0.639026
0.677227
0.652939
0.712441
0.647171
0.692823
0.628428
0.664878
0.634602
0.673992
0.654024
0.692729
0.610749
0.659237
0.644278
0.616624
0.601894
0.636629
0.600805
0.682090
0.618498
0.660369
0.605096
0.652399
0.601366
0.646723
0.636698
0.691163
0.603937
0.631116
0.643449
0.650980
0.653738
0.647958
0.636696
0.742534
0.657927
0.714533
0.674193
0.739812
0.728140
0.758282
0.746993
0.803118
0.746610
0.779259
0.780335
0.827664
0.800743
0.811462
0.816696
0.865569
0.822247
0.852677
0.811829
0.867669
0.827991
0.871867
0.856999
0.868873
0.843612
0.871015
0.859250
0.884420
0.870522
0.884044
0.875505
0.900291
0.849736
0.901262
0.864545
0.883301
0.848801
0.886021
0.879059
0.890455
0.852169
0.878088
0.853532
0.875896
0.863817
0.873075
0.866841
0.910749
0.865550
0.897537
0.875345
0.909144
0.884240
0.913612
0.908403
0.922538
0.893260
0.912213
0.909551
0.923821
0.913962
0.927696
0.926894
0.951556
0.923198
0.948534
0.914168
0.955822
0.933972
0.958384
0.950203
0.956265
0.937214
0.949143
0.947534
0.965742
0.954263
0.961830
0.962701
0.972154
0.952818
0.972897
0.959068
0.971162
0.960618
0.974958
0.972628
0.977374
0.957089
0.971227
0.967750
0.977821
0.972505
0.981769
0.979586
0.983641
0.970807
0.982439
0.971605
0.986561
0.975870
0.984535
0.979893
0.985068
0.975226
0.979456
0.975729
0.985197
0.977903
0.984210
0.980826
0.985921
0.975517
0.981265
0.974364
0.984579
0.972667
0.983088
0.981254
0.982104
0.968327
0.975357
0.965620
0.976959
0.971626
0.971915
0.969839
0.976146
0.956687
0.970409
0.957856
0.972167
0.950464
0.968124
0.964653
0.967604
0.949572
0.950949
0.944914
0.962994
0.946976
0.955837
0.946085
0.962807
0.929982
0.954329
0.935822
0.957569
0.941206
0.953068
0.951839
0.953966
0.929587
0.945500
0.938957
0.958229
0.939350
0.944093
0.945392
0.954242
0.919000
0.943568
0.919253
0.946042
0.925792
0.939440
0.942278
0.944205
0.903899
0.921517
0.901549
0.930460
0.919406
0.905912
0.909417
0.924644
0.880804
0.922966
0.892374
0.920246
0.896529
0.928843
0.921583
0.930538
0.892753
0.909193
0.896384
0.928756
0.907396
0.908276
0.913069
0.932149
0.889988
0.914598
0.894303
0.932240
0.903883
0.926964
0.912409
0.923221
0.892553
0.916667
0.898439
0.928835
0.901600
0.903012
0.908364
0.928352
0.880960
0.906420
0.878200
0.898976
0.882460
0.891032
0.891415
0.898960
0.847412
0.880904
0.865308
0.885905
0.860033
0.865436
0.867809
0.881159
0.795599
0.844689
0.814257
0.844193
0.808638
0.831210
0.813156
0.813842
0.741898
0.791047
0.769921
0.785972
0.784852
0.748515
0.721561
0.754815
0.680780
0.768128
0.731184
0.746736
0.721398
0.748869
0.700965
0.756902
0.713891
0.751363
0.707414
0.696719
0.705601
0.717398
0.698233
0.759321
0.678283
0.743666
0.649230
0.697259
0.676020
0.697452
0.666887
0.714939
0.651156
0.664197
0.640882
0.659282
0.627952
0.594006
0.620687
0.601325
0.549979
0.592741
0.548614
0.576180
0.530806
0.564991
0.506282
0.533670
0.479433
0.494726
0.501706
0.501760
0.458259
0.483266
0.423179
0.458893
0.407672
0.472140
0.417397
0.425421
0.427679
0.447155
0.426102
0.424864
0.367486
0.427617
0.404104
0.405848
0.386126
0.414238
0.377441
0.409182
0.363674
0.379832
0.328135
0.362053
0.323673
0.379538
0.362998
0.312799
0.288884
0.296935
0.257489
0.317825
0.279222
0.208212
0.253398
0.286088
0.240954
0.258090
0.231123
0.282289
0.211537
0.272897
0.220297
0.210314
0.161695
0.279982
0.270430
0.283502
0.197389
0.211502
0.224310
0.241356
0.206780
0.197294
0.173839
0.167314
0.127635
0.186465
0.174125
0.157246
0.110925
0.146800
0.098970
0.149619
0.097857
0.085192
0.065062
0.127150
0.079876
0.086806
0.063599
0.098870
0.058381
0.115549
0.081904
0.062754
0.031399
0.096544
0.051470
0.102480
0.064256
0.036005
0.028409
0.134075
0.079253
0.103569
0.068927
0.099556
0.065688
0.115029
0.116949
0.103105
0.057070
0.077652
0.070357
0.096886
0.089843
0.076736
0.073303
0.151456
0.093750
0.103677
0.057339
0.091974
0.059211
0.095046
0.062767
0.062576
0.040310
0.094064
0.072444
0.090659
0.059562
0.042982
0.073183
0.103493
0.030336
0.081525
0.044573
0.059707
0.048742
0.091105
0.059067
0.050645
0.029637
0.061281
0.035333
0.116860
0.047991
0.013947
0.024056
0.104872
0.057982
0.066542
0.017721
0.071012
0.038374
0.071846
0.058729
0.048986
0.006027
0.049665
0.060826
0.079463
0.022470
0.032504
0.036477
0.092796
0.068995
0.061673
0.027971
0.058315
0.040389
0.079772
0.042111
0.067231
-0.011827
0.041406
0.047214
0.068371
0.047888
0.043544
0.047144
0.073824
0.053861
0.077503
0.039555
0.048025
0.019130
0.103137
0.063109
0.055437
0.027449
0.055836
0.052050
0.076837
0.076163
0.063434
0.041106
0.081029
0.043547
0.091469
0.075128
0.086315
0.059182
0.104505
0.065307
0.085286
0.082651
0.130450
0.061509
0.103158
0.092049
0.082532
0.087128
0.124028
0.084868
0.106358
0.084440
0.087416
0.062771
0.111112
0.080335
0.066148
0.032668
0.089646
0.069172
0.109943
0.054733
0.060915
0.029709
0.082429
0.062533
0.070172
0.046437
0.085997
0.073258
0.104999
0.049995
0.077922
0.041756
0.092106
0.052344
0.093844
0.052810
0.046088
0.048305
0.131011
0.050293
0.063982
0.010828
0.109786
0.070392
0.076317
0.050286
0.071484
0.034307
0.080535
0.054189
0.090240
0.067392
0.057307
0.050037
0.108990
0.064495
0.103953
0.072340
0.132900
0.089052
0.106423
0.079013
0.064908
0.046414
0.120048
0.083592
0.110095
0.073671
0.079481
0.074319
0.124653
0.084698
0.103172
0.074313
0.061305
0.053223
0.122242
0.109107
0.127987
0.128315
0.081248
0.051582
0.075804
0.071449
0.021351
