0.011245
0.109781
0.048536
0.070276
0.014466
0.140665
0.122217
0.079635
0.068085
0.081601
0.023342
0.094391
0.055751
0.091642
0.080361
0.091708
0.077192
0.108371
0.071341
0.110316
0.078758
0.099318
0.059959
0.085490
0.071213
0.077394
0.045499
0.076138
0.051535
0.107052
0.069124
0.031795
0.029555
0.060498
0.034424
0.070450
0.031090
0.053188
0.029191
0.065719
0.041780
0.061484
0.023731
0.048441
0.040780
0.080898
0.019416
0.023927
0.037058
0.067000
0.013161
0.074463
0.017328
0.045666
0.019063
0.059898
0.023360
0.074192
0.017087
0.045166
0.026028
0.058269
0.020130
0.010729
0.021598
0.071733
0.032274
0.050896
-0.008043
0.036530
0.010738
0.036805
-0.003778
0.066654
-0.002494
0.008867
0.002054
0.050819
-0.005668
0.017240
0.022403
0.069847
0.025663
0.045436
-0.003564
0.055814
0.042934
0.060422
0.005901
0.067490
0.008090
0.036546
0.031776
0.057952
0.024996
0.018903
0.023166
0.092417
0.054164
0.052033
-0.011973
0.066427
0.028677
0.031897
0.003060
0.071076
0.024413
0.023665
0.026856
0.066512
0.005825
0.012820
0.024116
0.063597
0.035610
0.062631
-0.013441
0.042124
0.011967
0.063318
-0.003286
0.049975
0.009894
0.036867
0.008237
0.054155
0.019469
0.014456
0.011695
0.069481
0.025653
0.053098
0.003739
0.036292
0.013751
0.062603
0.004622
0.061968
0.019352
0.013157
0.007828
0.065856
0.001188
0.012617
0.036388
0.056820
0.028394
0.060936
-0.004502
0.062916
0.016649
0.055080
0.016051
0.054373
0.002569
0.038544
0.017099
0.069386
0.020346
0.020268
0.028083
0.075224
0.014618
0.062348
0.012982
0.060784
0.020112
0.065104
0.022403
0.072698
0.018048
0.035171
0.011264
0.081926
0.029408
0.026338
0.015856
0.052304
0.032012
0.045348
0.001922
0.058054
0.027847
0.054147
0.017910
0.065509
-0.005173
0.029343
0.010726
0.062121
0.030542
0.010142
0.027986
0.073109
0.027080
0.048290
-0.005240
0.049116
0.019860
0.055965
0.006309
0.069043
0.003917
0.038582
0.006976
0.075283
0.025308
0.010437
0.030842
0.054604
0.022205
0.037108
0.012352
0.041201
0.029486
0.052533
0.020487
0.063013
-0.009389
0.038657
0.010367
0.061807
0.034003
0.011693
0.029924
0.070985
0.033620
0.059374
0.013106
0.046470
0.039867
0.050462
0.034361
0.066993
0.002587
0.051427
0.036062
0.070401
0.038908
0.034931
0.038469
0.082204
0.042275
0.085790
0.023173
0.055855
0.043676
0.061354
0.050227
0.071962
0.045745
0.048745
0.017768
0.108016
0.067749
0.007562
0.033070
0.096070
0.032591
0.065681
0.019380
0.098473
0.065794
0.074767
0.040182
0.071190
0.010787
0.093582
0.069486
0.086147
0.075355
0.066018
0.085352
0.167060
0.119018
0.114775
0.094361
0.156051
0.099128
0.151010
0.144861
0.131149
0.144545
0.168831
0.143111
0.157339
0.154891
0.161893
0.137133
0.188901
0.194370
0.206043
0.157099
0.224939
0.165198
0.218908
0.232549
0.196389
0.166116
0.203019
0.170613
0.224092
0.168904
0.187902
0.225123
0.225674
0.179602
0.175218
0.167591
0.193216
0.142935
0.160492
0.160164
0.153963
0.129868
0.160577
0.121639
0.136067
0.112492
0.120944
0.099362
0.183361
0.127666
0.125670
0.104946
0.144213
0.128705
0.128346
0.130838
0.119532
0.097063
0.170755
0.123497
0.147830
0.125208
0.099969
0.108077
0.184783
0.138881
0.139692
0.089750
0.162235
0.128615
0.155595
0.170751
0.157238
0.116832
0.198285
0.151069
0.188202
0.138390
0.189252
0.158391
0.265810
0.197265
0.225575
0.208849
0.251611
0.199077
0.252787
0.287427
0.310998
0.247326
0.302377
0.272517
0.283095
0.290012
0.309896
0.329509
0.358655
0.311537
0.341028
0.324200
0.394978
0.320090
0.407228
0.344781
0.350044
0.339952
0.414239
0.363244
0.399941
0.383411
0.387396
0.382515
0.470280
0.428683
0.456037
0.383894
0.504611
0.446999
0.481582
0.499745
0.525678
0.446639
0.516829
0.506659
0.517923
0.513818
0.519934
0.519430
0.595099
0.568518
0.570682
0.508622
0.589365
0.549252
0.583458
0.557839
0.611437
0.558257
0.612534
0.616087
0.607694
0.611420
0.620595
0.609931
0.671359
0.611003
0.673826
0.614766
0.654895
0.630744
0.665500
0.632747
0.675755
0.613987
0.646964
0.643990
0.658073
0.640665
0.634218
0.623271
0.660529
0.610402
0.672490
0.616519
0.693511
0.631861
0.653313
0.634406
0.689296
0.609511
0.670569
0.659832
0.696256
0.685198
0.680300
0.678510
0.723615
0.637738
0.733907
0.690827
0.727378
0.694535
0.728914
0.705427
0.732508
0.679135
0.731299
0.706829
0.686284
0.729771
0.703367
0.688543
0.794018
0.729895
0.777350
0.730859
0.795415
0.745257
0.780862
0.785582
0.825998
0.767919
0.806098
0.801253
0.825953
0.808164
0.827812
0.832102
0.838306
0.784563
0.847022
0.791494
0.824958
0.784890
0.803775
0.797263
0.821862
0.760470
0.782570
0.787477
0.792842
0.758622
0.754016
0.756237
0.806175
0.726355
0.789947
0.757353
0.759493
0.731874
0.769030
0.741097
0.769563
0.714702
0.732898
0.704202
0.731873
0.723921
0.683967
0.687720
0.748753
0.654080
0.749433
0.692287
0.712087
0.683801
0.728265
0.710094
0.724252
0.673769
0.722019
0.704403
0.727531
0.725778
0.728254
0.716931
0.739201
0.659268
0.725453
0.694725
0.713291
0.659618
0.701683
0.692121
0.731044
0.638065
0.678108
0.660766
0.684280
0.670327
0.687279
0.660271
0.717735
0.640613
0.696692
0.643831
0.702499
0.656941
0.702240
0.650981
0.702361
0.643992
0.679825
0.653557
0.681725
0.620549
0.659043
0.649985
0.747962
0.620785
0.704537
0.642046
0.684732
0.669901
0.713998
0.684318
0.739246
0.702767
0.715350
0.688190
0.713023
0.731919
0.736664
0.737217
0.792980
0.743212
0.791675
0.736026
0.793815
0.747965
0.814759
0.787278
0.828063
0.790070
0.795741
0.792780
0.825674
0.800725
0.835054
0.817916
0.852043
0.811891
0.844417
0.809171
0.866330
0.829359
0.864067
0.858608
0.863975
0.821930
0.850626
0.842924
0.855890
0.810774
0.850241
0.847701
0.874115
0.807569
0.846067
0.800636
0.830045
0.806525
0.831757
0.823510
0.847769
0.806035
0.819918
0.786938
0.822277
0.803215
0.822621
0.812253
0.848822
0.793227
0.830841
0.789685
0.825722
0.769807
0.825354
0.802020
0.804055
0.795430
0.809137
0.777033
0.782540
0.764648
0.769628
0.774315
0.808128
0.747306
0.786670
0.752829
0.782922
0.723986
0.790686
0.786261
0.796783
0.760002
0.779342
0.750878
0.743433
0.769900
0.777592
0.776296
0.829355
0.749306
0.824025
0.775718
0.803631
0.768151
0.805322
0.802244
0.821958
0.787801
0.797401
0.795560
0.823097
0.800025
0.811427
0.806922
0.837634
0.796864
0.820205
0.795939
0.814361
0.773086
0.826380
0.793358
0.840188
0.783017
0.803566
0.783307
0.788363
0.782301
0.776790
0.775530
0.828588
0.762661
0.824064
0.797955
0.800693
0.765188
0.825842
0.812857
0.839223
0.788792
0.814565
0.771337
0.823294
0.818681
0.820367
0.801401
0.865225
0.821784
0.861092
0.805773
0.853224
0.833893
0.878505
0.856216
0.869639
0.834558
0.849308
0.863990
0.878063
0.848506
0.883214
0.873039
0.883070
0.828517
0.868492
0.827488
0.862549
0.836654
0.849343
0.831365
0.847050
0.814436
0.833525
0.820320
0.829877
0.821473
0.822911
0.820394
0.846500
0.781827
0.825763
0.789442
0.797826
0.760866
0.778383
0.779981
0.798397
0.732936
0.742540
0.726245
0.752656
0.719025
0.703662
0.714186
0.778380
0.712178
0.751508
0.701417
0.755568
0.716894
0.743083
0.735980
0.757479
0.720842
0.733242
0.735887
0.727903
0.735378
0.745461
0.716821
0.734301
0.675179
0.735635
0.660172
0.690146
0.638597
0.657510
0.631900
0.668377
0.592242
0.650196
0.624564
0.634200
0.592770
0.611083
0.587872
0.667710
0.573744
0.634436
0.544091
0.608377
0.579281
0.576300
0.558794
0.610825
0.529289
0.510611
0.515415
0.531056
0.485225
0.434751
0.476058
0.439377
0.372359
0.430362
0.361912
0.428059
0.358030
0.373538
0.378204
0.359342
0.298336
0.343307
0.345823
0.332912
0.317461
0.275051
0.335438
0.348509
0.306847
0.312290
0.246776
0.343982
0.257442
0.309245
0.284221
0.244236
0.240819
0.263676
0.233019
0.273487
0.227900
0.181768
0.200073
0.250371
0.199457
0.210451
0.192235
0.196206
0.129456
0.178134
0.187844
0.190063
0.153392
0.180726
0.132212
0.182970
0.151533
0.139350
0.120350
0.195386
0.146082
0.136425
0.125588
0.170390
0.120241
0.159058
0.158077
0.147952
0.134356
0.167001
0.119084
0.198145
0.114013
0.124709
0.122433
0.184170
0.142394
0.160336
0.123016
0.157117
0.151277
0.171723
0.165266
0.114044
0.117822
0.152139
0.113162
0.153726
0.106613
0.104493
0.089276
0.111157
0.063187
0.118750
0.074857
0.103867
0.059363
0.105910
0.098949
0.113967
0.077337
0.087131
0.046553
0.116513
0.084070
0.062951
0.065973
0.131873
0.083774
0.095206
0.069107
0.097262
0.035527
0.094191
0.100175
0.079617
0.083113
0.097264
0.064654
0.112210
0.074785
0.049653
0.078579
0.104740
0.077961
0.078544
0.052886
0.075451
0.052376
0.091118
0.079170
0.061664
0.043538
0.057470
0.029589
0.120667
0.054704
0.035586
0.045832
0.083526
0.029903
0.064254
0.013478
0.067326
0.039391
0.063700
0.044030
0.066129
0.021139
0.032949
0.038552
0.071398
0.019225
0.023082
0.032611
0.067093
0.039766
0.051067
0.012722
0.057181
0.025835
0.045043
0.014918
0.067756
-0.005657
0.064204
0.019461
0.063307
0.018721
0.012811
0.029900
0.072035
0.023847
0.050729
0.000602
0.051672
0.034705
0.049522
0.003658
0.050603
0.020649
0.026053
0.029473
0.058399
0.012175
0.031471
0.037797
0.072576
0.018717
0.042992
0.011798
0.057928
0.042529
0.044092
0.010833
0.045158
-0.012992
0.059323
0.038153
0.052024
0.029841
0.041058
0.040687
0.082406
0.038425
0.058051
0.009456
0.050989
0.015463
0.065535
0.019414
0.060422
0.003871
0.028834
0.032771
0.068059
0.019045
-0.002926
0.023889
0.071745
0.039073
0.056024
-0.005349
0.034026
0.023849
0.065874
0.023278
0.095646
0.065200
0.037543
-0.002472
0.048272
0.034149
0.011177
