0.017320
0.076154
0.051576
0.064789
0.029012
0.140018
0.098617
0.053978
0.065966
0.087607
0.020963
0.095394
0.089869
0.110552
0.073292
0.105292
0.116620
0.127649
0.105237
0.122794
0.084557
0.089466
0.066964
0.098974
0.102281
0.077121
0.065055
0.071118
0.051430
0.093510
0.035306
0.027563
0.043074
0.090470
0.068724
0.052784
0.014928
0.074148
0.055046
0.078267
0.048784
0.058332
0.003236
0.074185
0.044618
0.068031
0.026080
0.037924
0.051004
0.090326
0.038819
0.063715
0.028281
0.075911
0.022850
0.087909
0.042782
0.066348
0.029214
0.070035
0.063526
0.053045
0.049717
0.048225
0.037701
0.137402
0.094010
0.086757
0.071135
0.115369
0.045294
0.122212
0.080923
0.074410
0.047729
0.100963
0.068047
0.090034
0.088307
0.061802
0.070088
0.109539
0.054361
0.099059
0.078569
0.072160
0.046350
0.080400
0.071313
0.067196
0.047738
0.064780
0.033657
0.082914
0.054369
0.040819
0.038307
0.072337
0.050722
0.066581
0.017210
0.056111
0.023717
0.065010
0.042790
0.066297
0.000036
0.043761
0.025759
0.071407
0.036490
0.028875
0.031836
0.065037
0.043382
0.067452
-0.000767
0.052160
0.028387
0.062015
0.035906
0.077794
0.007823
0.050728
0.020083
0.072992
0.052906
0.011955
0.019296
0.078769
0.032034
0.058563
0.019533
0.061826
0.035366
0.063633
0.050594
0.054565
-0.010798
0.063837
0.038211
0.061911
0.030399
0.032702
0.039851
0.060402
0.043379
0.066841
0.009415
0.063243
0.034361
0.079185
0.033205
0.054196
0.020868
0.041602
0.031397
0.059523
0.017976
0.035358
0.029687
0.075162
0.047902
0.073114
0.021843
0.065844
0.040817
0.065255
0.040100
0.058824
-0.009136
0.075062
0.063705
0.077959
0.075598
0.064052
0.057803
0.085034
0.069019
0.094647
0.052726
0.078819
0.050667
0.077317
0.064268
0.067841
0.044320
0.071302
0.028287
0.103066
0.081045
0.031123
0.064309
0.084767
0.022195
0.071043
0.032114
0.050268
0.042134
0.089568
0.024877
0.070847
0.036304
0.043190
0.018549
0.073761
0.029780
0.024119
0.033402
0.077235
0.020571
0.064677
-0.000625
0.045429
0.008657
0.055103
0.019893
0.058952
0.017048
0.035188
0.029124
0.072379
0.027533
0.018808
0.029425
0.089425
0.052697
0.059230
0.012272
0.067257
0.041778
0.065806
0.032520
0.064446
0.004974
0.052562
0.058986
0.071073
0.029101
0.036547
0.063556
0.083764
0.052271
0.078425
0.034416
0.056330
0.017644
0.080875
0.038187
0.074348
0.007404
0.045662
0.013788
0.069629
0.032992
0.037506
0.052526
0.090607
0.066070
0.072159
0.043792
0.089170
0.043287
0.096311
0.074090
0.080132
0.072290
0.074750
0.032393
0.095230
0.067796
0.080805
0.056092
0.160023
0.114165
0.101635
0.050227
0.124484
0.086292
0.110924
0.102398
0.114364
0.046089
0.114091
0.102235
0.118372
0.085904
0.082477
0.086605
0.159129
0.109834
0.131517
0.125116
0.144634
0.096293
0.164233
0.162855
0.128533
0.094281
0.141497
0.107214
0.151487
0.148325
0.130505
0.121901
0.168898
0.112634
0.158067
0.126680
0.189426
0.113669
0.146864
0.208364
0.122929
0.094282
0.172390
0.139683
0.159343
0.169795
0.114432
0.108697
0.170132
0.121783
0.140624
0.130184
0.138869
0.059104
0.149615
0.152482
0.115667
0.082872
0.123395
0.096115
0.129252
0.089222
0.093827
0.076893
0.169529
0.098684
0.120068
0.067467
0.148139
0.116053
0.145731
0.132738
0.104544
0.071635
0.153723
0.140614
0.143752
0.129758
0.141373
0.117194
0.198606
0.143467
0.173735
0.137375
0.231247
0.179170
0.209925
0.175842
0.179257
0.166346
0.226319
0.191567
0.226871
0.217696
0.186027
0.204010
0.274712
0.253706
0.273400
0.222132
0.310394
0.312795
0.322756
0.335725
0.359122
0.277249
0.403635
0.382713
0.394438
0.386391
0.420263
0.420262
0.464220
0.427541
0.465721
0.400563
0.429138
0.446139
0.485345
0.449796
0.476138
0.401310
0.460049
0.403102
0.439572
0.457982
0.415094
0.400450
0.458328
0.388556
0.436742
0.379690
0.451557
0.415682
0.451703
0.418331
0.477507
0.368889
0.477475
0.440456
0.474808
0.493526
0.502445
0.457607
0.512433
0.481003
0.548678
0.495592
0.561824
0.529477
0.565461
0.562353
0.617068
0.521567
0.617960
0.610239
0.591394
0.607878
0.626835
0.610310
0.655898
0.629503
0.672254
0.625994
0.646777
0.608258
0.678355
0.678435
0.668000
0.628740
0.667432
0.661101
0.676730
0.642978
0.656104
0.623947
0.712349
0.655035
0.693714
0.622276
0.715789
0.670874
0.678072
0.692857
0.715838
0.662261
0.688472
0.689839
0.691331
0.692875
0.710893
0.684014
0.730866
0.675378
0.713564
0.659020
0.705675
0.650355
0.706460
0.681731
0.718467
0.667676
0.717934
0.709839
0.692325
0.698915
0.723321
0.684431
0.762463
0.693137
0.724267
0.659095
0.666422
0.635627
0.699559
0.654174
0.684870
0.622846
0.638264
0.595232
0.626263
0.574320
0.570176
0.568722
0.616995
0.563211
0.612600
0.541981
0.599493
0.544092
0.606208
0.609207
0.634807
0.556787
0.624420
0.582007
0.629670
0.605622
0.615570
0.599591
0.675655
0.658141
0.714028
0.644509
0.715468
0.678066
0.724361
0.715977
0.768982
0.713823
0.762473
0.754513
0.775717
0.774407
0.795502
0.801746
0.814264
0.755930
0.818735
0.776188
0.804884
0.786754
0.797896
0.782618
0.808878
0.741901
0.787461
0.770622
0.798671
0.754902
0.751895
0.771887
0.789274
0.720236
0.764658
0.720375
0.758711
0.708706
0.735441
0.713444
0.722413
0.682386
0.707012
0.676093
0.663772
0.616248
0.630882
0.622711
0.660722
0.590654
0.608021
0.542693
0.585711
0.540750
0.579135
0.554894
0.594256
0.502797
0.544790
0.531358
0.537322
0.523722
0.483694
0.542192
0.521661
0.428936
0.503114
0.462668
0.465904
0.436102
0.450922
0.423887
0.444372
0.368840
0.429507
0.379124
0.424382
0.390510
0.349971
0.369478
0.384285
0.332015
0.361639
0.339457
0.326618
0.345309
0.339610
0.323982
0.332999
0.300217
0.334455
0.236796
0.289056
0.279903
0.238674
0.234364
0.331296
0.223307
0.327534
0.285457
0.297183
0.241923
0.321534
0.315800
0.311776
0.287263
0.310557
0.274785
0.303921
0.302978
0.302552
0.286515
0.371168
0.349084
0.362830
0.327947
0.433933
0.361062
0.421725
0.400629
0.462241
0.397523
0.475816
0.437699
0.443158
0.472708
0.491008
0.491799
0.558451
0.508534
0.558035
0.456354
0.545121
0.518438
0.523727
0.489992
0.557296
0.496648
0.530641
0.537561
0.567952
0.498084
0.519387
0.545038
0.592247
0.515402
0.582823
0.537493
0.566735
0.553205
0.570534
0.543620
0.590332
0.536118
0.574967
0.573220
0.547631
0.572014
0.551381
0.585141
0.613414
0.581902
0.621734
0.576769
0.610785
0.568217
0.619924
0.585342
0.615017
0.587085
0.618042
0.595985
0.614181
0.619594
0.615227
0.618842
0.664037
0.576266
0.672861
0.612023
0.623806
0.591053
0.636955
0.634294
0.699866
0.605201
0.646683
0.638893
0.658225
0.594536
0.635820
0.623951
0.704631
0.649182
0.691082
0.618669
0.701804
0.684961
0.705347
0.702414
0.727941
0.652083
0.727291
0.710265
0.742936
0.718658
0.742071
0.703368
0.764516
0.723671
0.773657
0.752394
0.790412
0.757094
0.807166
0.798017
0.834347
0.768880
0.810852
0.808061
0.833949
0.814670
0.841442
0.819685
0.875639
0.815851
0.850672
0.805791
0.839582
0.819500
0.859278
0.841838
0.846733
0.805041
0.842460
0.829509
0.848304
0.823265
0.826548
0.832483
0.866372
0.822333
0.861170
0.827370
0.873165
0.835404
0.881217
0.861783
0.883702
0.838487
0.875724
0.856717
0.878192
0.868041
0.883123
0.875502
0.896301
0.820064
0.874815
0.842025
0.865407
0.826348
0.844636
0.843869
0.866285
0.810062
0.817917
0.809669
0.826959
0.807758
0.795399
0.811669
0.852243
0.757373
0.824540
0.792390
0.839497
0.776197
0.826342
0.800788
0.837798
0.787117
0.793647
0.790861
0.822604
0.789460
0.788575
0.802051
0.845201
0.754118
0.831751
0.768544
0.821690
0.776642
0.816610
0.782422
0.809779
0.755893
0.791999
0.776845
0.790618
0.765054
0.756723
0.765766
0.805561
0.725605
0.776833
0.735236
0.758040
0.710144
0.734010
0.714110
0.758499
0.685580
0.714114
0.712729
0.695149
0.652516
0.690493
0.694074
0.728444
0.663182
0.699977
0.620559
0.665736
0.590878
0.649821
0.657763
0.693948
0.618142
0.614759
0.596151
0.623606
0.617068
0.604229
0.616993
0.653634
0.571696
0.609787
0.564496
0.597257
0.602805
0.574016
0.593281
0.580816
0.525443
0.573794
0.546693
0.554501
0.547202
0.503766
0.507084
0.582233
0.536723
0.594106
0.522778
0.582495
0.539299
0.633415
0.595339
0.629528
0.569871
0.624097
0.595443
0.586469
0.618117
0.594512
0.611062
0.719031
0.606498
0.683097
0.594655
0.655878
0.603205
0.641180
0.638860
0.671565
0.644809
0.639722
0.633332
0.647247
0.624173
0.644680
0.652723
0.685698
0.628067
0.692541
0.644933
0.659425
0.622994
0.658817
0.660187
0.701454
0.604722
0.652998
0.628647
0.611307
0.602605
0.629246
0.619505
0.669762
0.579964
0.615416
0.545518
0.595708
0.559282
0.553550
0.547472
0.548868
0.482190
0.535744
0.539701
0.517368
0.470134
0.448792
0.465761
0.504675
0.421248
0.507945
0.445340
0.438324
0.351890
0.487357
0.428673
0.460598
0.393927
0.441209
0.413736
0.396074
0.347602
0.408059
0.382732
0.459388
0.379505
0.420047
0.349154
0.416230
0.402940
0.441621
0.422576
0.448054
0.408646
0.435770
0.405351
0.439818
0.446137
0.424321
0.430480
0.434276
0.389925
0.438522
0.356213
0.442109
0.352100
0.394985
0.365971
0.381978
0.324747
0.322565
0.337815
0.353441
0.301041
0.295762
0.292911
0.331286
0.255926
0.295770
0.263735
0.305038
0.192319
0.268542
0.291193
0.214953
0.217849
0.230627
0.159708
0.212854
0.207829
0.165462
0.202351
0.270751
0.212465
0.261303
0.211052
0.295275
0.203833
0.266169
0.246167
0.278069
0.210718
0.290190
0.268344
0.301154
0.293004
0.314346
0.253151
0.221941
0.201485
0.239967
0.229852
0.169929
0.140953
0.181981
0.162855
0.155251
0.192681
0.125473
0.102796
0.121642
0.104644
0.015549
