0.014127
0.044244
0.027665
0.043630
0.009343
0.081273
0.038329
0.032987
0.012346
0.049742
0.007206
0.046297
0.028010
0.068665
-0.000307
0.029642
0.018156
0.065739
0.019492
0.045405
0.001090
0.035267
0.008206
0.047178
0.003085
0.050436
-0.006462
0.027443
0.009290
0.064853
0.011545
0.014186
0.019782
0.070422
0.035447
0.037358
-0.015281
0.035595
0.018953
0.053652
0.025806
0.067453
0.003448
0.024233
0.010529
0.060546
0.005127
0.013719
0.022208
0.092851
0.037306
0.031208
-0.019651
0.052813
0.045737
0.047023
0.000352
0.057088
0.015338
0.021046
0.005456
0.057242
0.000668
0.014077
0.020167
0.068017
0.029344
0.041976
0.007969
0.060794
0.037416
0.040536
0.005638
0.048245
0.008395
0.028554
0.035171
0.083232
0.022505
0.017260
0.025587
0.081680
0.041926
0.049368
0.011914
0.055325
0.036289
0.054515
0.022738
0.057856
0.011206
0.051600
0.039678
0.059719
0.045745
0.038141
0.043887
0.071219
0.046473
0.072817
0.032342
0.071094
0.060598
0.086901
0.052648
0.054718
0.025121
0.071713
0.058071
0.100928
0.067535
0.068020
0.044762
0.175797
0.088390
0.090432
0.059031
0.088352
0.047906
0.087009
0.079994
0.091862
0.074683
0.068990
0.044242
0.097600
0.070784
0.044369
0.057946
0.115027
0.059383
0.084040
0.054752
0.102571
0.053851
0.093964
0.059963
0.085070
0.056110
0.073806
0.062626
0.094517
0.062090
0.049979
0.066613
0.104626
0.054148
0.075302
0.033604
0.097925
0.062689
0.070061
0.050864
0.058542
0.040834
0.076910
0.047282
0.091096
0.051635
0.039570
0.043525
0.128625
0.073448
0.068206
0.055090
0.126551
0.060717
0.124162
0.121267
0.078276
0.072984
0.101621
0.067759
0.117240
0.103951
0.125877
0.100853
0.122281
0.096278
0.150166
0.139651
0.168220
0.146141
0.171484
0.154484
0.137672
0.115319
0.170678
0.148815
0.185220
0.176281
0.168277
0.160795
0.175333
0.140762
0.158231
0.131597
0.173219
0.137082
0.137572
0.134116
0.121863
0.122150
0.140004
0.085558
0.144143
0.116656
0.070701
0.070189
0.117414
0.062690
0.094886
0.048810
0.081049
0.023428
0.088454
0.083201
0.080459
0.043361
0.053082
0.036729
0.089620
0.054180
0.017959
0.032969
0.083453
0.020549
0.058571
0.005905
0.082095
0.032429
0.052551
0.025792
0.060005
0.023996
0.045858
0.034531
0.060347
0.034415
0.036088
0.026004
0.065007
0.015998
0.053269
0.006818
0.042675
0.011819
0.057650
0.025952
0.071416
-0.019110
0.033806
0.006665
0.065516
0.018109
0.022069
0.025633
0.067030
0.032077
0.067406
-0.001551
0.040837
0.005097
0.047656
0.002005
0.070664
0.014292
0.028132
0.002595
0.064388
-0.003387
0.015263
0.015012
0.063227
0.026079
0.064664
-0.002285
0.033243
-0.001492
0.046851
0.000547
0.059513
0.001952
0.025734
0.012331
0.062277
0.002046
0.008939
0.016175
0.042251
0.004300
0.048011
-0.012241
0.061168
-0.002367
0.029101
-0.009353
0.064098
-0.008589
0.022536
0.006022
0.060984
-0.001955
0.006619
0.023656
0.043741
0.015304
0.052892
-0.016933
0.035486
0.004642
0.039908
0.004845
0.051132
-0.036150
0.015978
0.017697
0.066850
0.007514
-0.002048
0.016416
0.069014
0.022002
0.041329
-0.023084
0.039696
0.024263
0.046707
-0.003647
0.039546
-0.020960
0.030744
0.024604
0.062130
0.009628
0.015028
0.014654
0.064594
0.032504
0.043506
-0.010328
0.047991
0.019212
0.053144
0.005739
0.063569
0.005768
0.029389
0.004778
0.049802
0.009296
0.001346
0.036032
0.080788
0.020638
0.042208
-0.003633
0.046252
0.006342
0.028320
0.015206
0.056492
0.015574
0.036512
0.011880
0.060784
0.014512
0.011339
0.019954
0.057736
0.012843
0.053949
0.017235
0.046492
0.016980
0.047092
-0.006339
0.071684
0.023835
0.034548
0.027162
0.049756
0.006764
0.010425
0.035732
0.073384
0.016004
0.058253
0.008608
0.053318
0.038899
0.060109
0.027117
0.055326
0.031679
0.066977
0.031981
0.078120
0.040168
0.041443
0.051356
0.081723
0.028007
0.080036
0.023520
0.093345
0.081629
0.064444
0.052493
0.062453
0.005128
0.086275
0.071676
0.108277
0.062419
0.048142
0.048112
0.147750
0.087184
0.092287
0.043477
0.155788
0.136722
0.120288
0.104364
0.100199
0.073723
0.154231
0.113480
0.125862
0.120245
0.115389
0.110252
0.207669
0.171023
0.197639
0.143650
0.215838
0.172590
0.231214
0.229138
0.220577
0.190887
0.285616
0.261273
0.271727
0.260306
0.312089
0.333925
0.382814
0.358767
0.337508
0.293563
0.383883
0.329546
0.383574
0.370494
0.364072
0.355637
0.399252
0.369620
0.384102
0.369975
0.356809
0.333305
0.460952
0.409500
0.423553
0.363448
0.449793
0.412287
0.455044
0.452657
0.516365
0.434777
0.484601
0.490877
0.492412
0.485327
0.491874
0.516436
0.633484
0.557114
0.587295
0.572706
0.632820
0.604385
0.685197
0.631258
0.699250
0.672888
0.702232
0.687995
0.735927
0.733841
0.746075
0.764423
0.799783
0.725692
0.792598
0.754513
0.779135
0.746667
0.786019
0.794154
0.830441
0.754936
0.798542
0.777528
0.808922
0.800815
0.821366
0.806424
0.847866
0.780946
0.843387
0.796532
0.853419
0.819123
0.846917
0.838145
0.850214
0.806754
0.831039
0.832009
0.855434
0.823827
0.825843
0.823874
0.861310
0.800577
0.875370
0.832937
0.872853
0.849472
0.880603
0.869232
0.888032
0.862677
0.891184
0.875743
0.894324
0.884588
0.908650
0.891228
0.924547
0.891976
0.917570
0.892074
0.928468
0.888674
0.927703
0.925769
0.934360
0.909611
0.922319
0.909391
0.929325
0.922058
0.936567
0.925696
0.942786
0.897879
0.930361
0.908855
0.929021
0.901978
0.925438
0.917485
0.931709
0.895145
0.902682
0.891031
0.908269
0.890594
0.901974
0.897814
0.916009
0.864994
0.901176
0.863552
0.889538
0.870133
0.884488
0.881926
0.878922
0.849130
0.873746
0.854799
0.888029
0.870443
0.868919
0.859279
0.881215
0.840002
0.879832
0.844090
0.882805
0.845869
0.886490
0.867431
0.864681
0.833178
0.849803
0.849664
0.877375
0.838822
0.845959
0.835921
0.862055
0.803548
0.844953
0.796869
0.830877
0.784620
0.818701
0.796929
0.809284
0.786886
0.793886
0.778945
0.819102
0.776699
0.799819
0.791070
0.809623
0.716444
0.807968
0.734983
0.776512
0.726382
0.757594
0.742410
0.748660
0.704707
0.722781
0.713010
0.724460
0.688104
0.659742
0.681480
0.734207
0.639739
0.725863
0.660545
0.696915
0.625828
0.688795
0.667817
0.720048
0.670937
0.675200
0.665205
0.693797
0.661764
0.688456
0.671505
0.747764
0.686763
0.733278
0.676447
0.762138
0.739046
0.762832
0.749491
0.775929
0.752707
0.788114
0.788127
0.813081
0.807844
0.828766
0.825586
0.852594
0.804058
0.850088
0.818163
0.861472
0.832433
0.857484
0.860882
0.859341
0.830903
0.852549
0.843863
0.881045
0.848079
0.848207
0.865055
0.885507
0.849386
0.884417
0.833352
0.890529
0.861317
0.896073
0.884954
0.893164
0.866513
0.887095
0.874241
0.905988
0.889537
0.907468
0.893171
0.929134
0.889482
0.928406
0.906687
0.931891
0.913649
0.936739
0.935512
0.948436
0.916832
0.940455
0.934151
0.955937
0.941155
0.954911
0.953418
0.966550
0.945324
0.960822
0.947728
0.971408
0.947993
0.967655
0.964134
0.969812
0.948926
0.959169
0.953234
0.969025
0.954733
0.966100
0.957257
0.972533
0.945991
0.964628
0.951653
0.961946
0.947378
0.965591
0.960598
0.964715
0.935861
0.947299
0.943873
0.949293
0.938105
0.951587
0.943938
0.959085
0.936306
0.947817
0.921384
0.949598
0.929332
0.949707
0.941619
0.942611
0.924170
0.934640
0.925453
0.943352
0.930974
0.934440
0.935047
0.943935
0.897675
0.925544
0.902675
0.928491
0.894337
0.909134
0.903482
0.915279
0.872080
0.884120
0.864408
0.881490
0.864262
0.852829
0.853692
0.890197
0.809060
0.857868
0.818096
0.842502
0.792158
0.835252
0.819874
0.850089
0.773230
0.786967
0.784985
0.792873
0.763887
0.757405
0.741805
0.797800
0.713299
0.754822
0.687712
0.701066
0.662684
0.692743
0.660398
0.723874
0.649758
0.659118
0.620357
0.657996
0.602658
0.585386
0.615626
0.611709
0.539946
0.590660
0.502604
0.538274
0.455407
0.501083
0.484601
0.489339
0.439322
0.432034
0.377541
0.382982
0.335857
0.289997
0.299339
0.327554
0.266465
0.289594
0.235907
0.271271
0.192407
0.245323
0.241707
0.226958
0.230994
0.196378
0.161822
0.226080
0.195634
0.165605
0.157683
0.187201
0.171841
0.198031
0.128431
0.197184
0.123056
0.152430
0.153092
0.134210
0.119794
0.150804
0.115382
0.163280
0.127938
0.114847
0.095261
0.132393
0.117798
0.118578
0.074854
0.099107
0.046476
0.103852
0.091743
0.074866
0.036789
0.085641
0.057398
0.101005
0.062116
0.036662
0.045911
0.071840
0.038584
0.087483
0.048729
0.057236
0.022297
0.055804
0.060553
0.079683
0.027213
0.048185
0.016245
0.071258
0.028694
0.023138
0.029816
0.059158
0.035563
0.054931
0.022554
0.055224
0.017063
0.068547
0.003672
0.047054
-0.000838
0.042409
0.016750
0.061626
0.038892
0.023831
0.025670
0.069216
0.016089
0.070720
0.001118
0.042021
0.035639
0.049867
0.024792
0.057900
0.009862
0.028434
0.034340
0.059884
0.026473
0.020489
0.029000
0.089899
0.043472
0.048582
0.002220
0.053218
0.036639
0.073781
0.016143
0.045882
0.015941
0.053212
0.021308
0.056975
0.031601
0.054028
0.024070
0.068321
0.032399
0.070593
0.003315
0.029597
0.034004
0.054898
0.025424
0.053030
0.011100
0.040005
0.022535
0.067843
0.004607
0.033803
0.035824
0.069259
0.032475
0.044581
-0.007940
0.055290
0.031126
0.052713
0.005951
0.050169
-0.007068
0.048805
0.037564
0.057510
0.019112
0.014486
0.017919
0.064774
0.025682
0.050765
-0.000719
0.058975
0.016253
0.055099
0.017601
0.061083
0.000652
0.018651
-0.006791
0.076747
0.001619
0.000514
0.019625
0.078181
0.034828
0.043754
-0.006782
0.052836
0.030705
0.031209
0.007110
0.058258
0.000781
0.025388
0.034826
0.050293
0.025456
0.039564
0.019271
0.075593
0.038833
0.050434
0.018438
0.068635
0.049553
0.065014
0.046382
0.086737
0.083617
0.037163
0.024805
0.062024
0.047209
0.010931
