0.010825
0.069397
0.033153
0.044061
0.009663
0.087682
0.060946
0.027294
0.013340
0.065732
0.003943
0.034725
0.035988
0.060038
0.003222
0.001571
0.028361
0.070573
0.046715
0.055177
-0.014002
0.039862
0.024233
0.056502
0.007194
0.062444
0.002455
0.035009
0.010637
0.041442
0.003677
0.021801
0.027360
0.054045
0.024044
0.058913
0.002379
0.038824
0.024166
0.049504
0.002988
0.054238
0.020689
0.037644
0.022027
0.047806
0.012266
0.012070
0.022426
0.054479
0.035740
0.061036
-0.011810
0.031747
0.022037
0.036967
0.004778
0.047909
0.023528
0.034446
0.026304
0.058318
0.012621
0.023975
0.030379
0.060353
0.027972
0.051399
0.003661
0.063950
0.036038
0.044849
0.017995
0.049046
0.024818
0.041143
0.032077
0.078983
0.047786
0.018540
0.027708
0.081703
0.029661
0.068235
0.024263
0.055663
0.035393
0.053193
0.017851
0.069758
0.026536
0.046070
0.044239
0.070411
0.026309
0.025053
0.029218
0.071527
0.040942
0.054868
0.013918
0.054245
0.020194
0.070970
0.020218
0.057774
0.016173
0.035682
0.018306
0.080424
0.026409
0.023084
0.020188
0.048685
0.029588
0.046023
0.000782
0.052807
0.013076
0.063879
0.004255
0.050029
-0.002723
0.037529
0.012740
0.059904
0.000509
0.017899
0.035698
0.050923
0.034849
0.035009
-0.000771
0.054071
0.027888
0.051214
0.010309
0.061327
-0.004208
0.041938
0.024012
0.060730
0.006933
0.019248
0.019754
0.076768
0.031146
0.054908
0.004340
0.065698
0.031596
0.041910
0.013923
0.071713
0.007636
0.053659
0.021344
0.066604
0.029552
0.022557
0.047717
0.076970
0.047498
0.066779
0.000172
0.065595
0.027536
0.077637
0.053004
0.048711
0.001078
0.066195
0.031801
0.077115
0.018466
0.020750
0.037910
0.094201
0.032289
0.052903
0.009748
0.059949
0.039637
0.068261
0.033620
0.074545
0.010229
0.049945
0.020913
0.079822
0.023768
0.033746
0.033515
0.067974
0.029509
0.069909
0.035120
0.060322
0.035421
0.067597
0.046108
0.065267
0.000888
0.076409
0.058980
0.057064
0.034386
0.065281
0.046631
0.084222
0.058142
0.076629
0.040617
0.050224
0.045293
0.076508
0.045581
0.057388
0.055637
0.068189
0.036480
0.082562
0.040634
0.023637
0.035311
0.080446
0.034975
0.065692
0.015265
0.056281
0.027298
0.068193
0.029451
0.070864
-0.000853
0.057673
0.035272
0.078276
0.027272
0.029356
0.032143
0.080685
0.039041
0.063061
0.046371
0.067900
0.053020
0.077045
0.040666
0.055364
0.031362
0.079069
0.037485
0.094774
0.088908
0.061149
0.060745
0.088437
0.048820
0.085573
0.055030
0.104739
0.069309
0.089137
0.068927
0.082163
0.047405
0.072632
0.061671
0.098497
0.076723
0.050024
0.078086
0.137224
0.089801
0.088770
0.071133
0.129519
0.092703
0.097530
0.091935
0.108109
0.088039
0.130382
0.106010
0.143078
0.093265
0.089696
0.079165
0.165590
0.116359
0.113748
0.079079
0.135156
0.083662
0.144901
0.123958
0.113848
0.078966
0.096905
0.099717
0.134245
0.101586
0.062225
0.064942
0.126065
0.084317
0.098341
0.078380
0.097094
0.046237
0.090410
0.074912
0.056665
0.071400
0.084234
0.064258
0.085111
0.059218
0.061971
0.054432
0.099912
0.059699
0.103819
0.064211
0.101734
0.056640
0.091010
0.067436
0.081027
0.072479
0.099145
0.070762
0.116808
0.090563
0.080220
0.073708
0.112109
0.106422
0.085921
0.056189
0.148840
0.072342
0.125388
0.096258
0.102911
0.065845
0.145177
0.112332
0.139289
0.127097
0.124902
0.108577
0.163710
0.143890
0.157274
0.118196
0.217421
0.117963
0.183771
0.140402
0.150340
0.130901
0.155902
0.125562
0.170205
0.127731
0.159398
0.119243
0.218874
0.149387
0.154541
0.122721
0.199720
0.161039
0.203386
0.163931
0.160443
0.154556
0.155479
0.160155
0.220957
0.173802
0.166271
0.140625
0.239835
0.178545
0.212423
0.152637
0.232877
0.185904
0.228559
0.190937
0.195937
0.187877
0.230976
0.183025
0.237868
0.194732
0.207738
0.202538
0.292280
0.230262
0.271051
0.242305
0.326399
0.242250
0.317107
0.290414
0.334209
0.310931
0.341944
0.296143
0.310172
0.302228
0.356901
0.358126
0.447069
0.398621
0.400002
0.323390
0.421499
0.359438
0.428644
0.432071
0.475186
0.390124
0.451075
0.457661
0.515939
0.480652
0.489516
0.509246
0.579836
0.495563
0.546954
0.468137
0.554263
0.529869
0.559302
0.535594
0.561827
0.510751
0.561131
0.550214
0.585945
0.559105
0.544677
0.573740
0.615053
0.525740
0.579386
0.494838
0.549530
0.483406
0.531864
0.496693
0.516700
0.469071
0.465919
0.453640
0.456416
0.420867
0.398486
0.425975
0.447654
0.431418
0.453487
0.363678
0.474413
0.399511
0.440684
0.416822
0.474443
0.431396
0.444571
0.428015
0.488115
0.440747
0.446110
0.457399
0.494584
0.472816
0.494999
0.435302
0.482872
0.423910
0.482422
0.457208
0.482185
0.443682
0.448852
0.413015
0.448897
0.433263
0.411041
0.417469
0.430082
0.354446
0.387458
0.356918
0.371123
0.323003
0.343137
0.312218
0.343868
0.304346
0.305381
0.259523
0.309113
0.276507
0.226543
0.257291
0.323310
0.276201
0.272217
0.243930
0.324948
0.297139
0.330061
0.302511
0.325017
0.274121
0.342768
0.306386
0.340716
0.271547
0.345415
0.323627
0.393687
0.299642
0.330867
0.284259
0.369801
0.288802
0.352519
0.316156
0.336921
0.310529
0.376200
0.287435
0.284069
0.264277
0.269678
0.300102
0.351758
0.280976
0.248160
0.221125
0.259292
0.213197
0.269966
0.244016
0.233939
0.209509
0.230803
0.159977
0.229573
0.188714
0.190388
0.139872
0.212690
0.135027
0.176605
0.135935
0.196303
0.128138
0.168069
0.163928
0.174605
0.103122
0.186941
0.162473
0.173006
0.162156
0.141573
0.183988
0.187060
0.169991
0.171579
0.140282
0.176389
0.146466
0.187768
0.196427
0.190343
0.145479
0.201567
0.164044
0.232792
0.205965
0.186307
0.182554
0.263025
0.199934
0.251502
0.220188
0.306394
0.288774
0.288641
0.286611
0.287098
0.259041
0.354069
0.309775
0.334049
0.290425
0.309825
0.323051
0.348882
0.271206
0.314834
0.271528
0.310085
0.244928
0.308124
0.280379
0.288688
0.259657
0.286406
0.257116
0.285649
0.284278
0.243878
0.272343
0.289184
0.252382
0.281743
0.240438
0.290565
0.242347
0.270770
0.276917
0.293503
0.227810
0.293286
0.250118
0.275773
0.265094
0.225223
0.235791
0.318442
0.252640
0.263988
0.234271
0.344052
0.318403
0.298185
0.297926
0.337972
0.280640
0.348394
0.330288
0.372909
0.319624
0.337599
0.341240
0.385268
0.324343
0.344967
0.268093
0.373841
0.328341
0.339364
0.339195
0.321274
0.270883
0.345067
0.316507
0.346568
0.329576
0.297724
0.290459
0.426669
0.341768
0.394027
0.336219
0.389080
0.346079
0.429719
0.405811
0.429898
0.376842
0.450454
0.418468
0.402779
0.391933
0.428760
0.435176
0.495417
0.403386
0.444912
0.326338
0.416080
0.398589
0.423495
0.392635
0.440869
0.385249
0.418962
0.361643
0.409169
0.386693
0.337993
0.372219
0.401405
0.376066
0.359739
0.304801
0.395754
0.336602
0.386011
0.356612
0.351854
0.328904
0.364934
0.323220
0.357451
0.332920
0.318482
0.339703
0.384179
0.356461
0.362948
0.314621
0.419142
0.357017
0.415017
0.383674
0.390567
0.356901
0.452278
0.415191
0.441796
0.445912
0.464936
0.468506
0.529245
0.430113
0.532441
0.510353
0.506433
0.474199
0.566597
0.540825
0.572757
0.529717
0.552264
0.553831
0.590250
0.558327
0.582491
0.565238
0.633871
0.543479
0.599133
0.554213
0.567361
0.516217
0.559991
0.572980
0.600773
0.501460
0.576743
0.546510
0.551870
0.510189
0.507305
0.509019
0.558684
0.505745
0.528880
0.439293
0.562943
0.505395
0.493315
0.505314
0.541448
0.462216
0.509013
0.472606
0.510884
0.500904
0.459778
0.484290
0.546937
0.486232
0.523489
0.479964
0.550089
0.502085
0.542960
0.529635
0.584845
0.498968
0.540161
0.545709
0.573284
0.537442
0.559238
0.546468
0.610304
0.535541
0.596521
0.525967
0.594744
0.538817
0.588033
0.562767
0.611452
0.550978
0.590297
0.584499
0.600340
0.555369
0.586574
0.598077
0.634679
0.591557
0.629841
0.578702
0.617385
0.556207
0.601137
0.593812
0.647388
0.570176
0.569068
0.564903
0.585799
0.565713
0.577140
0.564481
0.639831
0.557714
0.594489
0.547281
0.570489
0.571631
0.592778
0.570475
0.607525
0.519074
0.600970
0.560669
0.574083
0.544899
0.550295
0.533415
0.588187
0.520810
0.560534
0.480497
0.563789
0.482840
0.519659
0.508285
0.571971
0.484230
0.515995
0.481928
0.479354
0.510033
0.489647
0.493835
0.549835
0.505776
0.514001
0.449404
0.517774
0.451832
0.517066
0.487690
0.496022
0.462544
0.474416
0.450332
0.464353
0.428113
0.427574
0.446045
0.507339
0.444134
0.452224
0.373296
0.478126
0.408000
0.464848
0.431319
0.455202
0.417967
0.457196
0.425952
0.449373
0.403761
0.460981
0.442895
0.490880
0.411315
0.452980
0.395691
0.409701
0.347226
0.409851
0.375061
0.435559
0.346288
0.368949
0.341527
0.332532
0.311230
0.295669
0.295118
0.363348
0.266390
0.313161
0.233292
0.316009
0.292419
0.298524
0.272061
0.263097
0.260642
0.321215
0.263651
0.308303
0.309656
0.221223
0.263562
0.324803
0.263655
0.285382
0.254644
0.348638
0.294711
0.330392
0.319400
0.323517
0.266920
0.361877
0.340027
0.361323
0.362222
0.373628
0.364982
0.331361
0.302419
0.349437
0.305245
0.337947
0.313217
0.318889
0.319245
0.305950
0.271559
0.304547
0.285395
0.301371
0.229800
0.240230
0.197427
0.245004
0.220197
0.195486
0.160498
0.185437
0.137338
0.180716
0.162892
0.165243
0.143629
0.168878
0.104631
0.182319
0.121705
0.081560
0.097544
0.098134
0.057556
0.099135
0.063857
0.097989
0.040572
0.089207
0.061128
0.079436
0.033866
0.080235
0.052014
0.087338
0.041758
0.054195
0.046599
0.074659
0.033633
0.067786
0.025123
0.071875
0.028465
0.089515
0.038631
0.063387
0.022148
0.043560
0.039188
0.073153
0.026619
0.038288
0.031809
0.065943
0.032522
0.059368
0.011376
0.052994
0.033539
0.074134
0.032930
0.075544
0.070953
0.038106
0.017484
0.058141
0.052806
0.013232
