0.008125
0.079007
0.047897
0.047924
0.008830
0.094553
0.079126
0.040043
0.033868
0.063641
0.011313
0.054820
0.032326
0.061741
0.015361
0.021144
0.044371
0.053624
0.024610
0.058878
0.029364
0.058504
0.016363
0.050412
0.024319
0.056119
0.009955
0.059568
0.027303
0.073129
0.026796
0.020625
0.027404
0.063620
0.044280
0.049466
0.015114
0.068420
0.032578
0.062663
0.031996
0.054245
0.016360
0.054187
0.032203
0.078834
0.039449
0.030423
0.040511
0.057759
0.017907
0.069026
0.019089
0.042716
0.025066
0.061902
0.014014
0.050367
0.000466
0.044792
0.037183
0.051287
0.020234
0.027482
0.029830
0.073416
0.039844
0.048600
0.023777
0.053589
0.030659
0.063756
0.015828
0.068014
0.032517
0.042277
0.030071
0.054535
0.025382
0.010557
0.031192
0.074781
0.024279
0.053847
-0.001907
0.052555
0.015249
0.035948
0.003796
0.054547
0.005784
0.027925
0.017080
0.067855
0.011033
0.011997
0.024180
0.061676
0.018953
0.057282
-0.010653
0.052947
0.026083
0.040991
0.000616
0.072548
-0.000517
0.017379
0.008267
0.060611
0.018738
-0.012506
0.025748
0.067627
0.025142
0.035321
-0.021518
0.036900
0.021850
0.026046
-0.016792
0.044325
-0.000610
0.025748
0.013142
0.065365
0.003602
0.003406
0.013923
0.065614
0.021735
0.037149
-0.005736
0.038825
0.019915
0.050280
0.009506
0.039414
0.001688
0.023768
0.019194
0.062087
0.006001
0.014521
0.027421
0.047323
0.012487
0.053175
-0.010729
0.030267
0.002805
0.030989
-0.031747
0.057113
-0.007857
0.020397
0.004693
0.057518
0.008781
-0.003002
0.015747
0.070528
0.007756
0.046006
-0.023399
0.047880
0.014778
0.040560
-0.014656
0.062153
-0.020115
0.025518
0.008601
0.053918
-0.001708
0.007621
0.006945
0.054994
0.026232
0.044165
-0.017159
0.045444
-0.001939
0.034420
-0.012300
0.057349
0.001403
0.015323
0.010668
0.053587
-0.000889
-0.000400
0.018938
0.056829
0.009432
0.045814
-0.025928
0.032457
0.009917
0.037766
-0.017190
0.061726
-0.006274
0.012478
-0.005737
0.056267
-0.002884
-0.001836
0.033195
0.049610
0.021751
0.043215
-0.015695
0.038030
-0.006036
0.038115
-0.010844
0.057071
-0.011259
0.020494
0.010253
0.050455
-0.012910
0.019047
0.006529
0.042112
0.009132
0.053629
-0.006215
0.042148
0.015675
0.029308
-0.016086
0.077878
-0.027261
0.011010
0.023805
0.051011
-0.001423
-0.004293
0.015073
0.052198
0.026584
0.046267
-0.026127
0.052143
0.010052
0.044204
-0.018474
0.075160
-0.018503
0.006924
0.004905
0.065284
0.003374
-0.005886
0.014350
0.050783
0.027887
0.030837
-0.021881
0.037012
0.007079
0.030766
-0.019496
0.059480
-0.022168
0.018504
0.008818
0.055401
0.000949
-0.002831
0.016385
0.066778
0.016271
0.039506
-0.035565
0.050863
0.027799
0.021616
-0.005888
0.055116
-0.010423
0.026326
0.003257
0.055365
-0.004138
-0.006399
0.026840
0.045546
0.020273
0.049867
-0.010684
0.047753
0.012841
0.045344
0.003229
0.062918
0.004221
0.009639
-0.000212
0.049748
-0.003852
0.009320
0.019044
0.059332
0.014774
0.035813
-0.009896
0.036677
0.018157
0.033282
-0.001734
0.059957
-0.015086
0.011591
0.013965
0.055119
0.002862
-0.001596
0.025325
0.041713
0.013088
0.036183
-0.024325
0.052538
0.014166
0.030690
-0.019341
0.055784
-0.010984
0.024495
0.008516
0.057893
-0.008079
0.018637
0.018917
0.046874
0.004096
0.054212
-0.012510
0.037343
0.002823
0.032624
-0.009193
0.056157
-0.007777
0.018707
0.019150
0.051145
0.011182
0.018644
0.014570
0.063072
0.032275
0.033472
-0.018528
0.046622
0.014381
0.030915
-0.007539
0.068694
-0.010415
0.026168
0.007516
0.064950
0.005988
0.002625
0.027384
0.043351
0.022867
0.036381
-0.006910
0.052679
0.020339
0.062400
-0.009932
0.055035
-0.015343
0.020938
0.008260
0.059968
0.007968
0.026490
-0.001680
0.091757
0.021609
0.049122
-0.013783
0.049173
0.020763
0.044398
0.002511
0.075677
0.004887
0.029328
0.014431
0.060921
-0.002736
0.022496
0.034991
0.059280
0.027710
0.057355
-0.007853
0.048322
0.006815
0.049179
0.002718
0.062826
-0.006653
0.038408
0.009194
0.068907
0.019727
-0.001018
0.025329
0.066964
0.015936
0.054136
-0.004272
0.051638
0.034845
0.057018
0.008877
0.050755
0.008386
0.041921
0.030060
0.062558
0.008378
0.034083
0.035064
0.043647
0.017629
0.073735
0.022994
0.046500
0.023069
0.043025
0.011193
0.061925
0.002883
0.034379
0.045353
0.073833
0.016670
0.033883
0.023693
0.049074
0.038188
0.062157
0.020803
0.035121
0.033202
0.087215
0.032457
0.033840
0.009672
0.049039
0.050023
0.078855
0.024826
0.040685
0.047735
0.069416
0.026417
0.056963
0.039093
0.059422
0.042212
0.096612
0.047703
0.051733
0.035702
0.061445
0.048058
0.091216
0.067447
0.058710
0.051137
0.122769
0.077334
0.088918
0.058762
0.161401
0.082173
0.137016
0.110468
0.089699
0.063966
0.162683
0.110035
0.133886
0.136270
0.115091
0.109765
0.200800
0.172399
0.168192
0.100707
0.220244
0.209897
0.233376
0.216219
0.200410
0.178070
0.254317
0.226412
0.314272
0.295622
0.235722
0.277506
0.414277
0.339503
0.368856
0.345046
0.459370
0.451378
0.489386
0.469103
0.497635
0.455288
0.534558
0.547791
0.551334
0.567351
0.561903
0.572988
0.649811
0.569871
0.655160
0.571975
0.637592
0.629987
0.656722
0.639654
0.676850
0.625679
0.654563
0.651587
0.671548
0.659017
0.668516
0.661459
0.698470
0.650764
0.694000
0.636724
0.671878
0.631466
0.672165
0.664138
0.682121
0.600812
0.669878
0.651427
0.661253
0.611305
0.622567
0.605800
0.719809
0.625258
0.666811
0.585316
0.647024
0.604537
0.628760
0.618275
0.646537
0.599938
0.627750
0.585140
0.645886
0.604937
0.583988
0.592380
0.648490
0.555143
0.613521
0.576796
0.581511
0.526026
0.575551
0.576833
0.570088
0.522338
0.549343
0.534508
0.516983
0.482417
0.527180
0.496047
0.527391
0.458138
0.513323
0.447976
0.443436
0.444714
0.455453
0.448936
0.482893
0.420278
0.413545
0.359491
0.394216
0.404234
0.362436
0.353294
0.389241
0.336433
0.378291
0.307669
0.378137
0.348612
0.374301
0.354436
0.371832
0.299998
0.367172
0.313925
0.366563
0.321558
0.337850
0.332099
0.369329
0.322139
0.335157
0.259881
0.348844
0.314229
0.351582
0.370719
0.341184
0.299429
0.347118
0.300446
0.307885
0.301565
0.273086
0.277667
0.352158
0.295708
0.295284
0.220551
0.296578
0.243222
0.310620
0.244496
0.285429
0.237880
0.289341
0.237551
0.259151
0.240897
0.209742
0.260388
0.291928
0.211276
0.251710
0.217552
0.230374
0.184138
0.234891
0.220553
0.239548
0.185047
0.231384
0.167159
0.203876
0.200702
0.160234
0.142219
0.163887
0.155288
0.149599
0.142925
0.136379
0.084345
0.144130
0.148296
0.115991
0.112586
0.120457
0.078370
0.136910
0.086985
0.071968
0.065006
0.139293
0.069515
0.085446
0.076211
0.097141
0.052445
0.087689
0.086619
0.076591
0.039288
0.092609
0.054032
0.095271
0.070928
0.093434
0.045570
0.087805
0.082214
0.111277
0.085054
0.104316
0.032155
0.106564
0.058671
0.086983
0.077886
0.090849
0.049853
0.103977
0.065176
0.093453
0.091471
0.114935
0.066036
0.103271
0.054281
0.083886
0.074950
0.105333
0.077447
0.061010
0.046836
0.090995
0.057210
0.088437
0.042970
0.031441
0.038531
0.088097
0.052001
0.055917
0.012005
0.061377
0.056021
0.087847
0.050015
0.074041
0.008045
0.057881
0.038922
0.087144
0.068337
0.030514
0.045245
0.116966
0.064306
0.080998
0.062142
0.076891
0.028409
0.081442
0.042952
0.055012
0.047474
0.083997
0.038433
0.111261
0.045176
0.041774
0.030786
0.073667
0.028421
0.078604
0.032180
0.055607
0.030768
0.070308
0.022108
0.054210
0.041167
0.022743
0.038646
0.077474
0.047349
0.021273
0.043509
0.087545
0.064195
0.066972
0.015169
0.096440
0.068535
0.084412
0.059298
0.066019
0.044775
0.068311
0.061081
0.109272
0.105414
0.083523
0.087645
0.174574
0.092749
0.100557
0.068953
0.156072
0.078675
0.131819
0.099149
0.113233
0.106947
0.138665
0.132491
0.153561
0.125681
0.137093
0.142593
0.249394
0.175141
0.217961
0.182920
0.256402
0.213580
0.274324
0.240390
0.261576
0.220263
0.294340
0.277316
0.293243
0.256449
0.304263
0.302093
0.376141
0.298094
0.328222
0.285736
0.376634
0.360117
0.351208
0.331672
0.342716
0.319126
0.377100
0.404119
0.392714
0.426299
0.367364
0.396098
0.433650
0.347320
0.410592
0.357153
0.415057
0.393294
0.410863
0.371894
0.382720
0.342813
0.379620
0.378392
0.376601
0.343111
0.354731
0.349583
0.371580
0.324009
0.378034
0.307835
0.354911
0.340996
0.385920
0.375910
0.361549
0.333461
0.402071
0.357083
0.377914
0.357185
0.392449
0.359173
0.462540
0.396561
0.485602
0.403877
0.473358
0.469122
0.486993
0.467357
0.496943
0.496271
0.533027
0.524483
0.512389
0.512878
0.550298
0.516856
0.583734
0.529074
0.561247
0.511056
0.565275
0.520235
0.557445
0.506019
0.593954
0.534642
0.560914
0.534125
0.561113
0.554423
0.606482
0.556830
0.641301
0.517192
0.604788
0.559134
0.548498
0.484768
0.554250
0.553097
0.581040
0.503613
0.515873
0.490450
0.485420
0.452934
0.465285
0.469756
0.479332
0.428547
0.449206
0.391518
0.419298
0.381831
0.381175
0.384425
0.380232
0.317973
0.340335
0.333646
0.339736
0.275901
0.240310
0.245991
0.256172
0.180843
0.200074
0.218364
0.202163
0.139012
0.174592
0.142636
0.162961
0.149857
0.171546
0.121768
0.161250
0.077338
0.083255
0.072774
0.205882
0.126393
0.124024
0.122592
0.152034
0.108510
0.189548
0.166041
0.146225
0.120449
0.173110
0.138240
0.171936
0.134847
0.148213
0.134346
0.182108
0.128131
0.152395
0.137984
0.197784
0.138218
0.158499
0.140402
0.147923
0.125547
0.159247
0.143745
0.235986
0.144923
0.154938
0.138155
0.177962
0.130188
0.164636
0.143657
0.142193
0.093084
0.134796
0.116787
0.119221
0.087912
0.115100
0.097786
0.125450
0.105412
0.060088
0.069725
0.074230
0.032151
0.080047
0.062354
0.050037
0.022168
0.080635
0.070418
0.104499
0.103374
0.032594
0.023631
0.067373
0.045935
0.013764
