0.009188
0.064774
0.031920
0.047722
0.001812
0.085508
0.057125
0.051732
0.016916
0.050065
-0.007806
0.048478
0.038171
0.050164
0.002987
0.030732
0.032436
0.068485
0.032205
0.051079
-0.002036
0.043504
0.003775
0.057581
-0.011920
0.049687
-0.002818
0.035546
0.023736
0.061949
0.011643
0.005524
0.015554
0.065645
0.027212
0.056175
-0.000562
0.036992
0.010854
0.049035
0.005104
0.054860
-0.000240
0.036640
0.028798
0.064835
-0.000642
0.017932
0.017367
0.057993
0.021591
0.049744
0.005353
0.037785
0.005635
0.049122
-0.004967
0.060105
-0.001867
0.019218
0.013668
0.056534
0.008688
0.003313
0.029741
0.053040
0.013079
0.042233
-0.018105
0.059983
0.009644
0.036361
-0.013053
0.060065
-0.006798
0.020626
0.016624
0.060742
0.001167
0.003508
0.021100
0.070819
0.035248
0.047216
-0.014978
0.049445
0.011113
0.035630
-0.015336
0.057798
0.000528
0.036301
0.024920
0.051767
-0.007392
0.017949
0.016070
0.058737
0.022770
0.045492
-0.016865
0.027450
0.000559
0.051392
0.003131
0.052304
-0.010040
0.020669
0.004461
0.050294
0.002368
0.012412
0.018734
0.061530
0.024162
0.045854
-0.009354
0.044252
0.022277
0.039770
0.001339
0.064369
-0.015560
0.019793
0.016029
0.060023
-0.002343
0.007298
0.027466
0.067855
0.017981
0.061437
-0.011470
0.045732
0.007607
0.050892
0.006883
0.063649
-0.004602
0.037040
0.007198
0.056599
-0.005309
0.012875
0.008167
0.063138
0.030347
0.048498
-0.029161
0.050420
0.029434
0.049891
-0.001741
0.062403
-0.018020
0.011708
0.001641
0.061570
0.015915
0.011311
0.018574
0.060827
0.011121
0.051576
-0.015424
0.046255
0.021567
0.035619
0.006189
0.048863
-0.002396
0.016632
0.020571
0.059284
0.002808
0.014765
0.014777
0.082392
0.026211
0.049615
-0.001447
0.062568
0.034947
0.039358
0.031093
0.053173
0.012665
0.029437
0.035990
0.069415
0.029627
0.023770
0.030401
0.074061
0.030432
0.071582
0.005499
0.053240
0.046624
0.062281
0.028950
0.050665
0.023337
0.051267
0.026396
0.073778
0.038016
0.039577
0.045798
0.088594
0.041219
0.067803
0.013154
0.083581
0.052918
0.059926
0.044195
0.048337
0.048763
0.063646
0.068256
0.080455
0.054143
0.047913
0.046467
0.114273
0.062259
0.086896
0.066143
0.144154
0.088770
0.126458
0.110530
0.132748
0.062722
0.139082
0.126320
0.155276
0.118864
0.143569
0.153464
0.172875
0.150971
0.144117
0.141070
0.194458
0.106328
0.156988
0.115618
0.131398
0.096545
0.167732
0.116463
0.137078
0.127656
0.115111
0.103398
0.191843
0.159225
0.170089
0.154887
0.233872
0.205748
0.239649
0.197357
0.203953
0.175447
0.223515
0.212630
0.239814
0.237826
0.219412
0.220290
0.238253
0.201623
0.239239
0.213242
0.279325
0.223938
0.252842
0.243400
0.249719
0.207587
0.278120
0.233616
0.256524
0.248731
0.257360
0.252628
0.271569
0.257975
0.249296
0.218596
0.229448
0.180518
0.223956
0.210293
0.230671
0.217356
0.194378
0.160066
0.186827
0.145031
0.135282
0.140248
0.220259
0.158559
0.169218
0.169624
0.224951
0.184940
0.197786
0.196009
0.183608
0.177830
0.226724
0.180778
0.221832
0.186403
0.217699
0.170562
0.231588
0.200539
0.197673
0.186671
0.212313
0.122739
0.205237
0.183219
0.195866
0.170447
0.204512
0.145246
0.166020
0.147753
0.130651
0.153561
0.193536
0.162966
0.149504
0.130031
0.199580
0.150497
0.221563
0.180883
0.175272
0.142316
0.196465
0.182927
0.206214
0.206529
0.179891
0.188073
0.215171
0.172314
0.178470
0.109274
0.206826
0.159531
0.181528
0.167602
0.143604
0.142229
0.170697
0.119606
0.181334
0.128939
0.115250
0.084862
0.157926
0.124013
0.119211
0.086333
0.116484
0.083255
0.100589
0.133530
0.107239
0.096315
0.121535
0.079524
0.127110
0.093642
0.024294
0.073022
0.130444
0.067716
0.089874
0.060506
0.094681
0.048025
0.093781
0.082453
0.066265
0.049944
0.067384
0.058527
0.091780
0.058414
0.066983
0.057308
0.114917
0.084844
0.077205
0.057975
0.079204
0.051883
0.091934
0.069386
0.055562
0.064366
0.070371
0.032845
0.081071
0.052576
0.026922
0.037043
0.095185
0.049944
0.059012
0.011725
0.054759
0.028128
0.056569
0.036807
0.060811
0.023968
0.031818
0.018386
0.082143
0.028724
0.030019
0.035272
0.067009
0.037500
0.060855
0.013214
0.054153
0.037853
0.048756
0.028857
0.065006
0.019322
0.040365
0.031592
0.073292
0.036434
0.024833
0.033514
0.091304
0.035122
0.064206
0.007475
0.058323
0.029768
0.067497
0.026602
0.054770
0.022142
0.041975
0.042761
0.076050
0.021084
0.037201
0.027711
0.070097
0.023235
0.070406
0.006417
0.065610
0.035110
0.069700
0.024886
0.057135
0.012211
0.056335
0.037918
0.062648
0.019435
0.027476
0.027728
0.059601
0.035589
0.059175
-0.003941
0.065222
0.052044
0.045553
0.037715
0.046883
0.008218
0.050693
0.038246
0.074742
0.031627
0.028913
0.033921
0.074861
0.035139
0.054772
0.010511
0.070236
0.047536
0.063063
0.033306
0.054220
0.016999
0.060735
0.030449
0.075161
0.039200
0.047334
0.049829
0.072360
0.041955
0.061049
0.023086
0.081061
0.035188
0.069972
0.029767
0.063235
0.026071
0.058460
0.044843
0.081884
0.022294
0.045199
0.037163
0.058132
0.035815
0.070588
0.010827
0.066548
0.022030
0.070706
0.034457
0.059076
0.005889
0.051590
0.034510
0.069803
0.034910
0.037276
0.024469
0.084826
0.059815
0.061500
0.009497
0.069293
0.067829
0.063769
0.059542
0.040679
0.015485
0.067447
0.051706
0.074713
0.039100
0.039814
0.033816
0.093778
0.064841
0.064321
0.032662
0.084001
0.038505
0.098943
0.066113
0.087323
0.044435
0.082195
0.054941
0.118010
0.065745
0.056344
0.059577
0.140582
0.096380
0.088617
0.065588
0.138568
0.084628
0.135503
0.123298
0.092009
0.092692
0.156610
0.149967
0.175515
0.110399
0.147073
0.139740
0.230485
0.218746
0.196629
0.148291
0.241561
0.172850
0.231985
0.207571
0.235254
0.185088
0.263418
0.201962
0.259615
0.247166
0.247603
0.296989
0.345863
0.272126
0.300083
0.276008
0.357560
0.297721
0.365386
0.328731
0.314981
0.306294
0.368661
0.338002
0.357952
0.319730
0.341409
0.327920
0.395820
0.335827
0.362672
0.315604
0.371757
0.349145
0.389231
0.381997
0.359121
0.313240
0.379735
0.365780
0.374785
0.369589
0.335831
0.336852
0.381631
0.328014
0.373325
0.290243
0.393182
0.344745
0.357261
0.347808
0.348331
0.306843
0.377971
0.377804
0.348581
0.323414
0.337726
0.366766
0.391152
0.340005
0.361211
0.309419
0.380191
0.331920
0.365104
0.344329
0.380516
0.316046
0.337895
0.345705
0.374150
0.365717
0.345240
0.330051
0.401292
0.377204
0.389901
0.335924
0.414038
0.341106
0.405443
0.399641
0.427317
0.359469
0.392742
0.376504
0.358766
0.335256
0.365792
0.349025
0.408481
0.364204
0.343469
0.324949
0.355338
0.307628
0.348114
0.338515
0.377090
0.300736
0.341344
0.323974
0.319318
0.279173
0.324371
0.296532
0.358859
0.313575
0.316240
0.273859
0.311451
0.268758
0.300248
0.288847
0.269727
0.268097
0.264385
0.247789
0.283409
0.232883
0.224944
0.192155
0.299448
0.220171
0.218821
0.170999
0.290293
0.228014
0.234868
0.254748
0.211696
0.187031
0.242622
0.194605
0.269837
0.195373
0.186311
0.199554
0.249048
0.201713
0.197320
0.163828
0.248585
0.197681
0.204111
0.194560
0.190232
0.184574
0.192540
0.169651
0.190792
0.160680
0.172019
0.170877
0.186260
0.155325
0.150382
0.135352
0.170293
0.117664
0.147932
0.115014
0.116785
0.080197
0.137934
0.105533
0.153264
0.099349
0.070074
0.068643
0.129999
0.099956
0.111548
0.093632
0.096373
0.040415
0.140756
0.112507
0.089732
0.113186
0.107782
0.067755
0.104873
0.089315
0.067935
0.062031
0.120048
0.091179
0.081648
0.057847
0.105143
0.087444
0.117677
0.088086
0.084563
0.097765
0.115135
0.060628
0.117496
0.103418
0.080949
0.100837
0.158178
0.106626
0.103616
0.063529
0.155845
0.123294
0.181028
0.106423
0.083978
0.075134
0.155130
0.139572
0.168029
0.124930
0.114000
0.091415
0.184670
0.133100
0.154580
0.147195
0.188055
0.110392
0.177560
0.181491
0.181099
0.162022
0.196028
0.145186
0.171445
0.135723
0.161474
0.175544
0.186963
0.160904
0.178806
0.162382
0.190351
0.125231
0.206737
0.184259
0.161545
0.128925
0.195911
0.172279
0.198909
0.148587
0.145977
0.160872
0.220465
0.179637
0.196403
0.172154
0.233510
0.157735
0.245779
0.226826
0.206951
0.190057
0.225415
0.205375
0.220887
0.174292
0.196237
0.196383
0.295858
0.231818
0.236880
0.210350
0.292502
0.228788
0.297482
0.302203
0.318813
0.275550
0.345595
0.312427
0.392314
0.342017
0.398246
0.393335
0.449052
0.402401
0.406846
0.392680
0.423313
0.385883
0.423371
0.432538
0.455071
0.413672
0.437137
0.397834
0.466103
0.443688
0.446897
0.473580
0.489450
0.442591
0.488442
0.421895
0.468961
0.433160
0.488009
0.465881
0.491509
0.450309
0.470408
0.402893
0.444101
0.455696
0.429771
0.430415
0.416222
0.375385
0.430325
0.372933
0.431164
0.384386
0.411740
0.375806
0.320604
0.358096
0.369276
0.322676
0.333692
0.266074
0.268279
0.241085
0.323694
0.298265
0.296268
0.251688
0.345980
0.260884
0.314515
0.308579
0.357483
0.304887
0.345008
0.282150
0.333599
0.312781
0.366288
0.325433
0.378237
0.350936
0.368666
0.305888
0.359465
0.343402
0.354982
0.348788
0.383384
0.370093
0.375721
0.321456
0.352293
0.364040
0.360574
0.352208
0.358087
0.306989
0.345748
0.282395
0.298034
0.264905
0.290842
0.293707
0.223624
0.208750
0.227111
0.181219
0.228244
0.180319
0.113502
0.116185
0.203691
0.153307
0.170329
0.161242
0.189987
0.126004
0.201299
0.185075
0.169057
0.150934
0.190646
0.169891
0.204578
0.144065
0.151497
0.169314
0.225060
0.185160
0.197288
0.175349
0.219182
0.161683
0.228709
0.223787
0.201153
0.192066
0.259655
0.231645
0.262567
0.252907
0.260830
0.260816
0.254458
0.207692
0.207531
0.170431
0.124374
0.097544
0.175754
0.171522
0.169083
0.195254
0.091801
0.094729
0.105370
0.098558
0.016729
