0.013455
0.069429
0.035046
0.062939
0.017090
0.095097
0.066901
0.044327
0.027442
0.059029
0.005045
0.067005
0.053048
0.061065
0.027425
0.015933
0.046121
0.095151
0.038763
0.065709
0.014615
0.061566
0.029288
0.062708
0.026557
0.051397
0.037428
0.051763
0.025453
0.082304
0.047878
0.041084
0.046097
0.039302
0.014540
0.074380
0.021599
0.054053
0.031613
0.072266
0.032990
0.063674
0.024993
0.057278
0.023497
0.084907
0.062011
0.032655
0.036598
0.081322
0.019555
0.070216
0.025848
0.079245
0.053747
0.079705
0.045538
0.054779
0.018489
0.057355
0.049201
0.103931
0.049594
0.042188
0.042955
0.074394
0.045601
0.081927
0.036589
0.088484
0.058972
0.079041
0.066825
0.073247
0.045292
0.081694
0.074805
0.084486
0.058585
0.047523
0.055541
0.123664
0.052544
0.082751
0.055322
0.068973
0.035787
0.083641
0.050608
0.069475
0.047783
0.063723
0.046202
0.091340
0.040524
0.038281
0.036685
0.083508
0.043856
0.063886
0.012440
0.069823
0.052692
0.062873
0.047783
0.067370
0.019102
0.052536
0.036321
0.078141
0.043638
0.026949
0.032422
0.070204
0.045425
0.070506
0.030429
0.065468
0.034865
0.080232
0.041459
0.060774
0.026391
0.058054
0.036485
0.086681
0.052735
0.048698
0.049604
0.100717
0.054293
0.079974
0.067893
0.083198
0.038461
0.076416
0.069684
0.066913
0.046082
0.082590
0.044443
0.094443
0.055436
0.054489
0.063110
0.066852
0.049323
0.079017
0.036721
0.056471
0.028570
0.083936
0.030715
0.055998
0.024265
0.062649
0.040633
0.083774
0.031373
0.037819
0.030453
0.078497
0.043999
0.059453
0.013709
0.070004
0.049032
0.076098
0.037984
0.053804
0.014355
0.036563
0.040642
0.092128
0.055498
0.013076
0.045415
0.087354
0.025383
0.060319
0.035066
0.077350
0.040180
0.075385
0.048642
0.072623
0.004776
0.068358
0.042797
0.068913
0.039408
0.031646
0.038132
0.087142
0.039906
0.074469
0.040629
0.059929
0.029969
0.077452
0.084221
0.064540
0.046370
0.054569
0.043273
0.097820
0.031551
0.031294
0.048502
0.116562
0.059293
0.059594
0.017390
0.112964
0.079397
0.095669
0.066740
0.062710
0.059682
0.087903
0.057414
0.124954
0.087186
0.065299
0.079330
0.170443
0.095624
0.121269
0.090289
0.200047
0.138699
0.151401
0.160513
0.164155
0.149005
0.200770
0.158608
0.196998
0.158041
0.251536
0.206150
0.276338
0.233900
0.235290
0.199147
0.282138
0.232058
0.269135
0.259162
0.268018
0.221591
0.268992
0.247400
0.277738
0.221761
0.247019
0.246058
0.302451
0.252159
0.267253
0.215489
0.276107
0.245486
0.299223
0.282033
0.312656
0.263565
0.285544
0.259691
0.300420
0.284274
0.267171
0.293928
0.334938
0.261855
0.303035
0.218584
0.364826
0.280331
0.318170
0.296050
0.339748
0.291690
0.375193
0.329707
0.353682
0.310613
0.360715
0.334769
0.427157
0.362047
0.387215
0.337352
0.386003
0.379018
0.407424
0.390596
0.427015
0.368870
0.407092
0.392588
0.421245
0.396481
0.384417
0.376184
0.464039
0.351205
0.413070
0.357368
0.408272
0.386371
0.407914
0.397950
0.388580
0.366991
0.397078
0.396712
0.405316
0.356262
0.366196
0.395521
0.435873
0.413571
0.435126
0.382584
0.464419
0.396458
0.464802
0.400095
0.485814
0.399466
0.475422
0.430201
0.441865
0.392608
0.471030
0.430116
0.521709
0.461866
0.519858
0.447944
0.541202
0.480941
0.555134
0.532504
0.619141
0.552993
0.597186
0.591495
0.603994
0.623496
0.667565
0.617523
0.692950
0.615551
0.683245
0.638273
0.663885
0.654238
0.691732
0.673871
0.674001
0.619326
0.695380
0.688026
0.671290
0.677045
0.673721
0.651822
0.740231
0.653737
0.713872
0.658818
0.727594
0.685200
0.715699
0.712202
0.745741
0.687357
0.731254
0.721501
0.734077
0.726563
0.740296
0.717283
0.791863
0.717843
0.769623
0.740835
0.785128
0.714888
0.776100
0.747481
0.782536
0.759508
0.791238
0.770156
0.785336
0.768438
0.812251
0.790987
0.827603
0.774181
0.807332
0.750917
0.807984
0.768717
0.808360
0.786661
0.810325
0.764979
0.773753
0.774885
0.771782
0.769103
0.767016
0.754332
0.798159
0.686496
0.763250
0.730163
0.734028
0.707519
0.717685
0.692317
0.743161
0.678637
0.694866
0.685582
0.691876
0.652720
0.668699
0.666512
0.688961
0.597635
0.672790
0.622394
0.654246
0.610323
0.639654
0.615456
0.664819
0.596861
0.609861
0.586163
0.623878
0.583230
0.580940
0.583451
0.610145
0.538639
0.599532
0.520341
0.580148
0.563021
0.572905
0.538025
0.533271
0.524296
0.570224
0.526661
0.527049
0.520579
0.501641
0.487447
0.532636
0.450325
0.520573
0.461914
0.468909
0.417853
0.458051
0.441559
0.467824
0.431337
0.422127
0.375793
0.422040
0.364722
0.318306
0.347649
0.369331
0.319424
0.365782
0.288279
0.322612
0.246921
0.338219
0.323456
0.346399
0.307771
0.289219
0.239044
0.286663
0.273141
0.235035
0.280697
0.326372
0.263580
0.282105
0.246622
0.321537
0.288227
0.335644
0.301834
0.303236
0.275005
0.325565
0.250670
0.299833
0.278695
0.272097
0.287192
0.277275
0.241743
0.244155
0.195021
0.239384
0.181205
0.225154
0.169500
0.170162
0.162801
0.168634
0.126554
0.188798
0.144508
0.097236
0.093699
0.167194
0.107558
0.106149
0.072021
0.110526
0.044485
0.114790
0.098442
0.047035
0.046363
0.079584
0.055964
0.104685
0.061390
0.037616
0.042436
0.063462
0.047374
0.060506
0.016006
0.060421
0.043506
0.068316
0.042107
0.048795
0.018414
0.052403
0.035800
0.078752
0.041446
0.029104
0.031145
0.100297
0.058954
0.053150
0.021197
0.063216
0.045713
0.073829
0.070185
0.054982
0.007452
0.067725
0.040033
0.092242
0.043140
0.031453
0.043764
0.085364
0.056946
0.069147
0.041935
0.078392
0.052497
0.084922
0.042212
0.075700
0.023233
0.077084
0.042667
0.081918
0.062889
0.055158
0.081855
0.118639
0.016204
0.085914
0.055116
0.073609
0.053680
0.090465
0.083176
0.070826
0.046955
0.087721
0.078458
0.098553
0.075294
0.088806
0.092390
0.089259
0.057543
0.101516
0.088390
0.120383
0.100640
0.118227
0.106979
0.077078
0.067487
0.111520
0.090931
0.137885
0.103521
0.115188
0.092366
0.127579
0.071793
0.120471
0.085701
0.100466
0.081886
0.120410
0.101022
0.078405
0.046188
0.101242
0.101068
0.114413
0.066229
0.055719
0.041553
0.130315
0.084298
0.086723
0.056319
0.123044
0.054394
0.091149
0.079748
0.077774
0.071082
0.084743
0.076943
0.101821
0.094846
0.064570
0.051515
0.172579
0.109579
0.111010
0.073284
0.151810
0.079276
0.138098
0.130688
0.129496
0.120343
0.137986
0.095935
0.181901
0.160373
0.139724
0.181696
0.217395
0.154617
0.161374
0.133527
0.163149
0.163095
0.197497
0.196412
0.166251
0.141632
0.187051
0.131379
0.212099
0.182930
0.147225
0.137828
0.176848
0.120793
0.155384
0.139435
0.163726
0.137273
0.155801
0.155770
0.109107
0.120784
0.146486
0.107025
0.149817
0.130978
0.079805
0.094643
0.142946
0.089697
0.113916
0.059134
0.103305
0.049589
0.095607
0.080882
0.086262
0.074247
0.081340
0.041401
0.115520
0.081376
0.062208
0.067516
0.154561
0.103376
0.079699
0.044628
0.124241
0.089464
0.134672
0.106274
0.101805
0.078813
0.136084
0.087049
0.143858
0.116318
0.116913
0.108947
0.216531
0.154300
0.155310
0.152628
0.234150
0.186611
0.229839
0.241778
0.257185
0.191615
0.269849
0.232026
0.282233
0.272895
0.300068
0.319350
0.367025
0.328661
0.333437
0.312942
0.412465
0.382158
0.410183
0.400674
0.398911
0.370734
0.465609
0.416760
0.455502
0.434860
0.483541
0.492250
0.565210
0.466545
0.482696
0.430660
0.514727
0.442364
0.500299
0.463409
0.518362
0.431768
0.480618
0.438862
0.486049
0.444550
0.460734
0.454139
0.485012
0.433112
0.470404
0.441820
0.474185
0.400846
0.462925
0.447013
0.478177
0.426129
0.432348
0.398597
0.415029
0.392931
0.401887
0.412220
0.429979
0.396952
0.429635
0.369991
0.453379
0.390658
0.420818
0.425460
0.493316
0.384422
0.442587
0.422877
0.452976
0.422693
0.460722
0.484248
0.503479
0.435222
0.468226
0.445810
0.493886
0.414458
0.466788
0.467861
0.477353
0.418406
0.472384
0.424308
0.429293
0.420029
0.427026
0.423618
0.510319
0.432568
0.475807
0.412923
0.461531
0.411310
0.459402
0.446478
0.487260
0.420523
0.436841
0.433138
0.461854
0.438304
0.423870
0.440438
0.464075
0.422963
0.469714
0.367044
0.495771
0.470492
0.454758
0.424296
0.492223
0.437033
0.498160
0.467128
0.523490
0.476072
0.485755
0.504426
0.551330
0.486737
0.539235
0.436979
0.523574
0.504972
0.526522
0.530468
0.517179
0.450046
0.533463
0.516135
0.500453
0.473217
0.483859
0.487440
0.535347
0.471834
0.519934
0.450848
0.494940
0.449183
0.503879
0.493629
0.553194
0.472566
0.502644
0.463991
0.462894
0.431470
0.464256
0.472390
0.512596
0.432978
0.479042
0.399120
0.481769
0.406053
0.458506
0.438837
0.396135
0.348478
0.426837
0.428915
0.425429
0.403204
0.368962
0.357249
0.381056
0.362789
0.399934
0.339248
0.416298
0.362388
0.379052
0.371689
0.350303
0.364453
0.409426
0.370886
0.399830
0.404343
0.411530
0.406291
0.444191
0.360460
0.415525
0.340838
0.415813
0.334594
0.374156
0.380126
0.395503
0.338737
0.366932
0.343457
0.353006
0.349650
0.334297
0.293468
0.346383
0.313891
0.331255
0.268109
0.339124
0.308422
0.309568
0.310485
0.293657
0.253458
0.290606
0.272813
0.309408
0.268279
0.255071
0.225256
0.325571
0.300675
0.274871
0.257120
0.320395
0.305017
0.346789
0.322074
0.341653
0.320265
0.373379
0.298651
0.355098
0.364024
0.349731
0.358226
0.364218
0.299451
0.361698
0.303597
0.331022
0.312064
0.315621
0.277493
0.287174
0.241917
0.313634
0.248080
0.293929
0.245389
0.178829
0.181506
0.301745
0.234402
0.239333
0.194015
0.293853
0.260706
0.315645
0.303175
0.268342
0.252290
0.307633
0.290961
0.320992
0.287759
0.314395
0.298090
0.251169
0.209976
0.250508
0.219736
0.170668
0.098140
0.205063
0.168875
0.153091
0.193636
0.110711
0.057448
0.101880
0.093088
0.015920
