0.014054
0.069472
0.038492
0.041546
0.003317
0.073382
0.061153
0.039046
0.027094
0.058599
0.004950
0.028370
0.015721
0.058017
0.020058
0.013195
0.034075
0.075690
0.017442
0.058645
0.008174
0.043299
0.014328
0.055907
0.015881
0.061229
0.025897
0.016989
0.025213
0.062803
0.005920
0.016923
0.009991
0.084193
0.039943
0.054242
-0.000626
0.047116
0.021243
0.044484
0.008131
0.069297
0.013204
0.027867
0.011360
0.053388
0.007959
0.006210
0.029257
0.058369
0.019441
0.059439
-0.003574
0.036953
0.007697
0.045615
0.009144
0.068701
-0.013554
0.040144
0.014522
0.048103
0.005220
0.015415
0.030090
0.061766
0.022382
0.049901
-0.014486
0.040145
0.006873
0.047814
0.009223
0.057269
-0.004968
0.027000
0.016883
0.062544
-0.002413
0.022502
0.017777
0.068050
0.025426
0.044179
-0.015724
0.033609
0.014427
0.041493
0.015540
0.054652
0.009384
0.022264
0.023154
0.060908
-0.005415
0.022558
0.024435
0.057157
0.047968
0.052049
0.010939
0.051295
0.018568
0.058771
0.019493
0.062093
0.005161
0.045512
0.019832
0.070133
0.001285
0.022381
0.025558
0.080102
0.032428
0.048103
-0.023070
0.057828
0.022492
0.051730
0.030295
0.041823
-0.007402
0.046234
0.042817
0.056709
0.004687
0.025991
0.015689
0.061103
0.039036
0.057456
-0.002597
0.051537
0.039701
0.059633
0.018753
0.051958
0.010675
0.058463
0.019878
0.066322
0.031094
0.041169
0.043761
0.067338
0.034208
0.046197
0.000757
0.067167
0.034921
0.053815
0.022113
0.054530
0.008719
0.035403
0.015420
0.071220
0.014443
0.013748
0.030900
0.065198
0.033762
0.042838
-0.007008
0.067137
0.019050
0.050063
0.002847
0.070744
-0.009510
0.023948
0.003870
0.064462
0.031058
0.001324
0.025510
0.055558
0.027853
0.050421
-0.012344
0.045701
0.017647
0.043409
0.010195
0.047284
-0.003680
0.041579
0.019188
0.054790
-0.006340
0.006158
0.032171
0.054688
0.018360
0.049102
-0.012876
0.038062
0.013166
0.039325
0.011989
0.066592
-0.005147
0.014177
0.004802
0.068095
0.005413
0.004235
0.011928
0.076066
0.019591
0.050616
-0.004500
0.052213
0.019958
0.052744
-0.001204
0.050706
0.000969
0.039132
0.025322
0.057779
0.018733
0.026404
0.021139
0.075360
0.032612
0.056212
0.012020
0.055632
0.029407
0.055110
0.040149
0.068163
0.026182
0.046454
0.022675
0.088316
0.016134
0.039726
0.036926
0.128256
0.060328
0.068543
0.032201
0.094717
0.060686
0.070941
0.042875
0.048873
0.055262
0.094225
0.057187
0.091035
0.074630
0.083363
0.087797
0.157476
0.080310
0.102717
0.083264
0.162072
0.128283
0.156280
0.134941
0.095951
0.100649
0.159632
0.135066
0.174196
0.152525
0.126923
0.131582
0.161368
0.110515
0.162233
0.120747
0.132867
0.069338
0.135684
0.140778
0.097533
0.118783
0.121274
0.094329
0.111236
0.078898
0.081034
0.078906
0.136453
0.086934
0.090900
0.081158
0.152946
0.090911
0.137344
0.110386
0.069020
0.080554
0.136178
0.103895
0.142973
0.103984
0.092321
0.091696
0.127265
0.084710
0.116987
0.086686
0.107398
0.052625
0.084811
0.085130
0.097798
0.051155
0.078851
0.052752
0.118237
0.082386
0.048019
0.032879
0.109354
0.073589
0.086047
0.031842
0.121857
0.072444
0.111547
0.098702
0.074655
0.055000
0.106212
0.079155
0.113074
0.091068
0.093881
0.074748
0.150187
0.089053
0.101109
0.078121
0.136075
0.067677
0.105730
0.091006
0.091133
0.089734
0.116243
0.080455
0.147768
0.109766
0.094478
0.100027
0.145769
0.112708
0.103072
0.078736
0.125299
0.042970
0.111081
0.108179
0.093164
0.070391
0.094226
0.085129
0.113430
0.085027
0.058749
0.080764
0.138464
0.083147
0.095595
0.071801
0.124830
0.062854
0.130174
0.112798
0.098847
0.090351
0.120875
0.093954
0.128294
0.090201
0.092218
0.088824
0.139644
0.120516
0.133784
0.110821
0.179913
0.076724
0.167878
0.160259
0.157372
0.110971
0.173335
0.148556
0.148042
0.141194
0.144262
0.110208
0.240327
0.180148
0.180385
0.150675
0.248459
0.222575
0.252705
0.270539
0.235445
0.175604
0.278872
0.265374
0.308670
0.311263
0.316908
0.320175
0.360363
0.302068
0.356794
0.321816
0.374739
0.356670
0.392820
0.358656
0.398876
0.350594
0.433707
0.395844
0.446033
0.378895
0.412031
0.452462
0.519620
0.441542
0.504356
0.438592
0.522451
0.503271
0.556151
0.528520
0.598626
0.501121
0.579578
0.557086
0.621841
0.616968
0.621333
0.584971
0.682606
0.633422
0.690622
0.633963
0.710625
0.665031
0.719759
0.714758
0.748203
0.697287
0.727858
0.709169
0.777554
0.747507
0.757529
0.756325
0.812807
0.735912
0.784866
0.737162
0.795009
0.757097
0.776976
0.756802
0.783363
0.737841
0.769057
0.745654
0.777140
0.738924
0.739304
0.762290
0.783345
0.713430
0.782049
0.727360
0.802302
0.750128
0.788666
0.767093
0.787464
0.743588
0.785984
0.762705
0.786542
0.792147
0.786468
0.780279
0.818444
0.776442
0.832496
0.787186
0.852935
0.790851
0.841038
0.834147
0.861134
0.809350
0.833870
0.830953
0.853885
0.847526
0.852076
0.856139
0.881300
0.823892
0.871098
0.833894
0.879361
0.822679
0.863332
0.859181
0.876445
0.825301
0.848669
0.836174
0.849748
0.829676
0.863522
0.849141
0.869351
0.801010
0.839385
0.797034
0.828807
0.774421
0.818620
0.814943
0.807754
0.770249
0.777960
0.772778
0.813430
0.766172
0.752146
0.759731
0.798873
0.718441
0.770152
0.738311
0.761072
0.726587
0.756408
0.708739
0.763367
0.703500
0.708032
0.711101
0.692646
0.682238
0.650775
0.663414
0.744690
0.656696
0.677949
0.642150
0.690101
0.632633
0.690249
0.668340
0.694899
0.641054
0.676001
0.646930
0.705396
0.698719
0.694279
0.635634
0.669930
0.621046
0.687871
0.647041
0.645266
0.613922
0.607680
0.603368
0.656488
0.570671
0.597402
0.594464
0.570050
0.514883
0.546742
0.547061
0.593171
0.525679
0.520348
0.434453
0.498064
0.484415
0.518387
0.458436
0.497571
0.464909
0.427132
0.405557
0.444810
0.372194
0.369689
0.367848
0.455636
0.369656
0.417806
0.351872
0.406819
0.378066
0.439836
0.408297
0.446023
0.375314
0.446833
0.404247
0.468062
0.406677
0.431599
0.444867
0.512090
0.461556
0.464335
0.360565
0.486204
0.435077
0.475490
0.448163
0.435942
0.426408
0.469651
0.429067
0.450895
0.453570
0.464241
0.441083
0.530381
0.476602
0.478797
0.382525
0.493780
0.468138
0.492320
0.477641
0.484671
0.414276
0.484979
0.446850
0.497896
0.468541
0.467071
0.478253
0.568027
0.511052
0.534573
0.475488
0.566478
0.516151
0.563920
0.565253
0.611982
0.542005
0.603976
0.608067
0.619601
0.602692
0.654902
0.637925
0.680807
0.636749
0.699982
0.605896
0.699284
0.618894
0.689011
0.643694
0.688768
0.648823
0.666280
0.649756
0.666976
0.696766
0.678223
0.666729
0.704090
0.595269
0.670464
0.587329
0.625245
0.577181
0.580067
0.560012
0.569799
0.499919
0.511741
0.484605
0.521546
0.457320
0.425774
0.453065
0.470585
0.386829
0.464981
0.392200
0.443826
0.408874
0.452454
0.404647
0.442589
0.385108
0.412563
0.358318
0.413407
0.361526
0.353787
0.353323
0.411975
0.387056
0.419093
0.332986
0.429359
0.391582
0.433657
0.403818
0.425723
0.405626
0.443108
0.403636
0.450228
0.441414
0.434603
0.456621
0.485189
0.415080
0.449593
0.382243
0.441577
0.407633
0.421229
0.382596
0.411264
0.379724
0.372276
0.331783
0.393033
0.348178
0.327254
0.344087
0.362069
0.293109
0.343525
0.258102
0.379145
0.304937
0.341780
0.327128
0.340805
0.263992
0.373309
0.310893
0.359640
0.327564
0.318794
0.326163
0.360205
0.292004
0.338448
0.268527
0.334159
0.306923
0.315012
0.337381
0.296789
0.252197
0.329478
0.277225
0.290234
0.261573
0.272584
0.261090
0.303964
0.261933
0.261674
0.235981
0.284786
0.230225
0.273923
0.238989
0.228288
0.217438
0.236845
0.211023
0.240151
0.188914
0.169762
0.173703
0.241686
0.204481
0.195886
0.133228
0.194578
0.142670
0.193556
0.192205
0.151687
0.151787
0.168623
0.113891
0.166699
0.136291
0.118923
0.115998
0.149178
0.105475
0.118218
0.099953
0.128822
0.078205
0.140366
0.117488
0.093056
0.096619
0.122030
0.097580
0.122133
0.086101
0.054734
0.070463
0.139769
0.070789
0.083652
0.083260
0.107191
0.069718
0.091403
0.110664
0.100089
0.075970
0.110417
0.088293
0.134949
0.095187
0.071685
0.071193
0.175710
0.108757
0.095562
0.053504
0.124232
0.058822
0.089814
0.116747
0.084246
0.064745
0.071707
0.052798
0.109990
0.056241
0.034444
0.043508
0.091686
0.059242
0.057291
0.029210
0.079865
0.035731
0.063186
0.033845
0.061915
0.041744
0.071012
0.060897
0.083684
0.069118
0.065753
0.068419
0.080623
0.035719
0.078406
0.060561
0.082737
0.048479
0.090553
0.062051
0.050403
0.043213
0.068880
0.051224
0.066112
0.050483
0.028928
0.040581
0.088053
0.035915
0.076096
0.020903
0.043491
0.005821
0.075776
0.035010
0.064682
0.031589
0.039279
0.025658
0.060670
0.012645
0.023972
0.014698
0.079898
0.045772
0.049166
-0.013569
0.068996
0.020233
0.060838
0.012788
0.051814
-0.000212
0.056870
0.034837
0.051539
0.029430
0.025305
0.045869
0.077757
0.028598
0.064120
0.008222
0.066934
0.035224
0.054957
0.029137
0.053724
0.025400
0.044409
0.057674
0.069299
0.015760
0.027512
0.029982
0.067566
0.022001
0.059996
0.016610
0.052693
0.018506
0.047590
0.023931
0.085817
0.020274
0.032447
0.014636
0.073112
0.014765
0.013980
0.029267
0.088894
0.033454
0.052443
-0.000954
0.047238
0.022299
0.056346
0.033183
0.055323
0.033762
0.047282
0.018503
0.062507
0.026396
0.011126
0.020077
0.059296
0.035042
0.058473
-0.000595
0.041095
0.021115
0.047636
0.014610
0.061929
0.016775
0.031817
0.018628
0.069406
0.006541
0.029439
0.036800
0.064055
0.033526
0.046321
-0.008436
0.045492
0.030510
0.056097
0.011004
0.055192
0.005457
0.030768
0.032113
0.061424
0.005490
0.015441
0.030243
0.058600
0.032142
0.055588
0.003040
0.046113
0.011746
0.048426
0.029228
0.084905
0.045115
0.014669
0.010026
0.048874
0.042260
0.010501
