0.012471
0.089043
0.040864
0.081041
0.015221
0.097630
0.082020
0.055512
0.046706
0.073459
0.018033
0.069538
0.031301
0.069851
0.032092
0.057022
0.045571
0.088713
0.054850
0.066547
0.050691
0.077907
0.047620
0.092143
0.046198
0.062269
0.036366
0.070941
0.042475
0.081291
0.055264
0.044353
0.048223
0.100863
0.059004
0.071882
0.047234
0.072366
0.038145
0.088496
0.062175
0.065439
0.049148
0.060390
0.048716
0.080477
0.075528
0.042720
0.055698
0.110409
0.031537
0.062823
0.020654
0.093192
0.052197
0.077913
0.059089
0.059548
0.060111
0.046821
0.050181
0.090518
0.058959
0.029695
0.048243
0.062919
0.031313
0.081437
0.039344
0.065179
0.037154
0.058695
0.045565
0.048660
0.017663
0.059057
0.043417
0.071627
0.034473
0.024180
0.034255
0.091503
0.041102
0.056312
0.010478
0.069638
0.041446
0.065648
0.035335
0.063618
0.031996
0.052004
0.020166
0.076971
0.034448
0.030576
0.030818
0.077431
0.046500
0.056103
-0.010767
0.057606
0.053435
0.047273
0.021248
0.050283
-0.015065
0.048735
0.040017
0.049261
0.022149
0.034347
0.040462
0.046225
0.037664
0.062436
0.015747
0.051643
0.035374
0.059142
0.015599
0.065324
0.006679
0.061473
0.029688
0.061379
0.035714
0.032552
0.026431
0.096101
0.045884
0.058717
0.021825
0.056752
0.021869
0.078829
0.026876
0.047139
0.006150
0.057200
0.040946
0.064263
0.025134
0.022992
0.030325
0.069017
0.027597
0.066075
0.007879
0.045069
0.025761
0.054769
0.013840
0.059854
0.023756
0.031267
0.021332
0.055744
0.006310
0.021996
0.027908
0.043513
0.028749
0.061234
0.009834
0.036603
0.010964
0.061441
0.017718
0.051661
-0.005891
0.015890
0.019850
0.060848
0.016913
0.013540
0.028794
0.065517
0.015742
0.051550
-0.001258
0.049956
0.029540
0.058044
0.012866
0.050008
0.002740
0.040812
0.024854
0.063692
0.015230
0.035633
0.038684
0.037620
0.028034
0.051995
0.016441
0.052907
0.024887
0.051280
0.027062
0.065275
-0.001926
0.022850
0.009906
0.064761
0.039554
0.010589
0.022405
0.103857
0.030587
0.068030
-0.001144
0.051230
0.032179
0.074556
0.036407
0.058082
0.011474
0.043381
0.023536
0.070935
0.031334
0.036044
0.029287
0.129299
0.060019
0.053951
0.001236
0.112501
0.078096
0.097364
0.071032
0.039663
0.035180
0.075373
0.071040
0.106766
0.096587
0.086396
0.072500
0.118584
0.075936
0.093629
0.067258
0.110396
0.068513
0.091740
0.078082
0.064471
0.049493
0.079480
0.052567
0.086024
0.051379
0.052268
0.046184
0.096423
0.052119
0.084761
0.032152
0.071198
0.038331
0.091986
0.032726
0.054474
0.017454
0.076493
0.035449
0.084745
0.053062
0.055049
0.061830
0.092542
0.037744
0.088152
0.031142
0.079456
0.032967
0.085114
0.079837
0.056939
0.021417
0.063995
0.042891
0.096656
0.058978
0.052524
0.050272
0.112060
0.048721
0.065860
0.023246
0.071586
0.050030
0.059657
0.078157
0.084694
0.040923
0.077380
0.034308
0.079451
0.047322
0.037488
0.045794
0.106719
0.047276
0.078078
0.019971
0.062051
0.021106
0.091196
0.037499
0.067309
0.011938
0.062012
0.037288
0.074045
0.018926
0.036631
0.023635
0.076641
0.039457
0.063873
0.009642
0.048511
0.008580
0.073786
0.029094
0.057631
-0.000792
0.043219
0.025170
0.066308
0.023183
0.026798
0.025895
0.087658
0.054485
0.056557
0.008475
0.075947
0.030650
0.058891
0.031173
0.050701
0.038670
0.048286
0.042026
0.084644
0.043584
0.039524
0.043068
0.081095
0.029124
0.066338
0.011533
0.053964
0.039669
0.048148
0.021026
0.048643
0.009051
0.056132
0.031632
0.067451
0.021195
0.007990
0.044820
0.061101
0.029759
0.059204
0.008776
0.045148
0.009958
0.047847
0.020144
0.062133
0.008059
0.030876
0.009594
0.072310
0.017744
0.010617
0.037791
0.056800
0.022413
0.056028
0.027218
0.044199
0.003179
0.063292
0.006627
0.063773
-0.003466
0.029503
0.017116
0.056978
0.008677
0.015533
0.039383
0.062517
0.030483
0.054246
-0.006032
0.035773
0.006782
0.068152
-0.016236
0.057896
-0.019832
0.040401
0.019599
0.056525
0.015696
0.005037
0.026054
0.080199
0.004835
0.047158
-0.009975
0.050691
-0.000601
0.037670
-0.005124
0.067878
-0.019044
0.029179
0.011032
0.063736
0.015998
0.003165
0.004818
0.073016
0.026425
0.040753
-0.030173
0.048344
0.017713
0.030960
-0.019340
0.060196
-0.003760
0.032159
0.012330
0.055339
-0.001524
0.018541
0.026885
0.062747
0.027224
0.037458
-0.029790
0.039965
0.033349
0.039862
-0.005280
0.065144
-0.010926
0.019611
0.020059
0.064273
-0.008906
0.000773
0.027938
0.068613
0.036092
0.035033
-0.003241
0.041894
0.022929
0.036482
0.006289
0.056584
-0.015926
0.027342
0.025000
0.062602
0.015400
0.008603
0.024268
0.070964
0.024153
0.036389
-0.023741
0.059221
0.031870
0.046758
0.012693
0.061430
-0.000123
0.026259
0.008511
0.065959
0.012666
0.006131
0.034876
0.064274
0.022508
0.061296
0.003068
0.044502
0.029058
0.052838
0.006743
0.050700
0.003211
0.030188
0.027561
0.070622
0.014698
0.024450
0.021913
0.075376
0.029132
0.067742
0.000031
0.040602
0.017273
0.051929
0.018320
0.046093
0.007338
0.044804
0.039010
0.059841
0.019009
0.022347
0.050162
0.065754
0.030588
0.063401
0.015325
0.063985
0.033189
0.072462
0.027290
0.070148
0.011892
0.050281
0.018010
0.089415
0.033246
0.024721
0.032344
0.077444
0.044386
0.067107
0.015628
0.069036
0.041172
0.071306
0.038074
0.059393
0.019422
0.074397
0.037234
0.095687
0.052069
0.052334
0.052055
0.120998
0.068404
0.092202
0.034491
0.094961
0.053055
0.104540
0.069671
0.060493
0.050467
0.092716
0.072973
0.077750
0.060311
0.055308
0.072652
0.123704
0.062836
0.091692
0.059120
0.056884
0.024488
0.097371
0.063788
0.088205
0.063901
0.058815
0.043126
0.083732
0.053461
0.034355
0.033711
0.089054
0.050176
0.073912
0.048577
0.054048
0.021392
0.088084
0.059935
0.056195
0.018097
0.056606
0.013712
0.076946
0.061515
0.041161
0.030786
0.080839
0.035258
0.062931
0.019855
0.052269
0.029740
0.084842
0.043537
0.063239
0.021525
0.056111
0.044806
0.067079
0.034836
0.034848
0.023515
0.075354
0.031016
0.063637
0.006549
0.064244
0.049660
0.077539
0.029298
0.034034
0.014093
0.064486
0.059872
0.054929
0.014907
0.048337
0.051097
0.080965
0.035583
0.065161
0.020887
0.068054
0.023680
0.070777
0.034075
0.073369
-0.009215
0.053874
0.066160
0.066813
0.035027
0.066471
0.053842
0.117720
0.049688
0.075524
0.063763
0.079937
0.032586
0.107267
0.064536
0.072144
0.049225
0.077504
0.050950
0.071456
0.052589
0.052457
0.039599
0.071959
0.042227
0.062080
0.012812
0.068764
0.052732
0.065134
0.017387
0.061683
0.008438
0.052220
0.041807
0.087145
0.058203
0.037248
0.051466
0.072772
0.050134
0.073818
0.026755
0.066021
0.039172
0.081669
0.025875
0.067016
0.014476
0.055397
0.037414
0.072825
0.051750
0.049951
0.041093
0.097520
0.071051
0.063268
0.023948
0.087088
0.029577
0.095240
0.086097
0.065991
0.051206
0.068539
0.038138
0.097897
0.056839
0.064924
0.051457
0.087959
0.055235
0.074424
0.044368
0.072729
0.042988
0.087352
0.075863
0.086798
0.053237
0.077868
0.059257
0.089643
0.051488
0.061754
0.070681
0.117286
0.061867
0.084032
0.043195
0.079736
0.048736
0.099015
0.068679
0.066910
0.030214
0.093162
0.063506
0.083425
0.071036
0.042380
0.063804
0.106957
0.042488
0.069751
0.018845
0.082697
0.050372
0.086191
0.070753
0.049145
0.035561
0.052147
0.046403
0.090475
0.074867
0.054670
0.048615
0.114733
0.065764
0.086144
0.054127
0.095272
0.068489
0.099979
0.118101
0.110849
0.084312
0.119724
0.097834
0.126218
0.084405
0.156669
0.122102
0.213879
0.136130
0.156939
0.132133
0.195080
0.155481
0.209963
0.200784
0.193889
0.150735
0.238995
0.219250
0.232631
0.232083
0.232224
0.216772
0.358139
0.281313
0.303702
0.246415
0.381024
0.343782
0.342266
0.352595
0.375277
0.329949
0.379479
0.376148
0.399126
0.394799
0.420074
0.404054
0.446416
0.432288
0.418602
0.377464
0.440545
0.419017
0.461573
0.435212
0.454617
0.393794
0.462861
0.439554
0.453692
0.449715
0.445691
0.436655
0.495888
0.477903
0.477816
0.432631
0.502132
0.447013
0.507036
0.488129
0.479952
0.462758
0.518690
0.486734
0.502342
0.474677
0.511564
0.472231
0.524951
0.488112
0.537488
0.444451
0.497696
0.475346
0.519082
0.481943
0.559636
0.483758
0.518127
0.517502
0.538519
0.519527
0.531824
0.525231
0.524389
0.514195
0.550369
0.490199
0.551173
0.506918
0.533656
0.504193
0.552408
0.485864
0.522988
0.492108
0.510392
0.473884
0.487764
0.502781
0.524607
0.440748
0.532318
0.487527
0.480295
0.433814
0.475008
0.476651
0.514780
0.443617
0.484686
0.481413
0.484963
0.437246
0.443014
0.435521
0.547902
0.463767
0.530968
0.461201
0.552316
0.521800
0.579086
0.533981
0.577176
0.522637
0.614627
0.595243
0.620136
0.637779
0.617506
0.625341
0.688745
0.590205
0.661607
0.639063
0.660985
0.611235
0.647875
0.617034
0.669586
0.586583
0.626165
0.615686
0.614212
0.596403
0.583725
0.602758
0.631437
0.547653
0.618797
0.528469
0.554097
0.487102
0.532802
0.540570
0.547296
0.463618
0.492250
0.473722
0.469684
0.445867
0.415532
0.428445
0.458071
0.419751
0.494534
0.416921
0.509910
0.446583
0.504128
0.468541
0.529690
0.467983
0.521286
0.502885
0.510642
0.507132
0.507192
0.525573
0.591636
0.509246
0.546462
0.465567
0.544100
0.468989
0.490213
0.499040
0.562866
0.462427
0.492313
0.476892
0.510730
0.462355
0.446650
0.485941
0.513172
0.449836
0.477902
0.420797
0.446305
0.416754
0.469935
0.448136
0.478161
0.391444
0.477632
0.425797
0.427816
0.422427
0.371956
0.384101
0.497126
0.427461
0.439501
0.396814
0.495716
0.471466
0.513259
0.504860
0.555176
0.490918
0.578173
0.551190
0.577069
0.551420
0.590134
0.592615
0.539456
0.434471
0.500249
0.450399
0.393531
0.366049
0.386631
0.374005
0.294735
0.334839
0.226345
0.185181
0.190676
0.172367
0.020314
