0.009887
0.050432
0.032253
0.043485
0.016224
0.082587
0.051111
0.039275
0.023097
0.058553
0.002287
0.040699
0.028010
0.070652
0.014279
0.020113
0.025738
0.063381
0.027069
0.051867
0.029915
0.055900
0.007019
0.056763
0.012157
0.063257
0.011437
0.031467
0.012343
0.068664
0.008674
0.006609
0.010588
0.062599
0.033931
0.044300
-0.015718
0.046105
0.018456
0.036480
0.007299
0.061299
-0.005554
0.037728
0.027834
0.048793
0.005556
0.018822
0.023966
0.063672
0.026178
0.052444
-0.022807
0.043795
0.026622
0.034764
0.001592
0.062228
-0.002380
0.035498
0.025133
0.057564
0.026453
-0.002166
0.040984
0.077264
0.035206
0.065113
0.013196
0.047816
0.019668
0.064349
0.028335
0.052111
0.025072
0.039746
0.034144
0.066947
0.033811
0.012690
0.033730
0.089639
0.029018
0.054152
-0.015110
0.066864
0.031228
0.045571
0.023308
0.046190
0.009032
0.037349
0.041041
0.058819
0.026039
0.007175
0.028698
0.068639
0.028444
0.058176
0.010096
0.041395
0.023387
0.041853
0.009175
0.057007
0.007111
0.032758
0.023757
0.070920
0.016532
0.010497
0.030363
0.094324
0.036988
0.058356
-0.005046
0.051680
0.026403
0.050039
0.023294
0.061356
-0.001330
0.039019
0.029230
0.062960
0.028004
0.040332
0.041015
0.080740
0.050477
0.061991
0.023729
0.052294
0.025236
0.059312
0.037645
0.053573
0.027677
0.045123
0.042224
0.066502
0.033188
0.039376
0.041652
0.081010
0.028916
0.085541
0.022349
0.060163
0.039039
0.065040
0.027540
0.057300
0.033462
0.041767
0.048672
0.069456
0.026957
0.019025
0.026745
0.082776
0.042004
0.062977
-0.004294
0.060009
0.028088
0.050958
0.022675
0.079428
0.017334
0.042736
0.001863
0.076975
0.044044
0.018082
0.029596
0.042495
0.026882
0.052372
-0.002077
0.061762
0.035129
0.051120
0.013037
0.064317
0.001540
0.032810
0.022000
0.061124
0.022104
0.012078
0.024568
0.066745
0.036214
0.049765
-0.001288
0.040277
0.020112
0.046309
0.007133
0.055892
-0.005205
0.026272
0.021947
0.062401
0.018527
0.006724
0.029680
0.057506
0.023083
0.049801
-0.001971
0.046996
0.015477
0.046119
0.009446
0.045282
0.007524
0.039192
0.017733
0.060959
0.014085
0.010917
0.037421
0.061882
0.024759
0.040778
-0.015044
0.061512
0.025641
0.055200
0.018676
0.052801
0.016610
0.018254
0.024074
0.062003
0.012001
0.024456
0.028181
0.076137
0.032156
0.054300
-0.009699
0.046951
0.031973
0.056145
0.014620
0.059353
-0.011088
0.045456
0.036176
0.055865
0.028382
0.035231
0.038809
0.094355
0.048069
0.062164
0.008699
0.043664
0.022423
0.057074
0.012759
0.063170
0.034344
0.061782
0.024606
0.055625
0.019729
0.033969
0.038320
0.072103
0.020659
0.065975
-0.004348
0.045145
0.011708
0.047166
0.003123
0.070304
0.009208
0.032175
0.024713
0.053630
0.000575
0.019132
0.019830
0.054324
0.030426
0.056355
-0.021521
0.062795
0.001371
0.036397
-0.015068
0.070922
0.004943
0.013735
0.013821
0.063392
-0.010979
-0.015518
0.008688
0.070971
0.022382
0.028592
-0.020194
0.047103
0.005569
0.029779
-0.031649
0.068574
-0.015471
0.020032
0.002682
0.065722
-0.005311
-0.016055
0.010757
0.051554
0.014017
0.049092
-0.030756
0.034344
0.013396
0.045677
-0.031247
0.063813
-0.023592
0.016843
0.000867
0.054526
-0.005633
-0.011096
0.008752
0.077764
0.014389
0.038507
-0.017275
0.046957
-0.015669
0.025531
-0.020655
0.072951
-0.007193
0.009630
-0.004154
0.057821
-0.008265
-0.002068
0.021978
0.057874
0.024277
0.030430
-0.036158
0.049300
0.019420
0.035037
-0.015990
0.076138
-0.011398
0.015459
-0.010076
0.060452
0.006077
-0.005623
0.023494
0.049967
0.012586
0.048308
-0.027168
0.051451
0.002886
0.027964
-0.027051
0.068455
-0.011089
0.012626
0.006117
0.050613
-0.000345
0.007430
0.017477
0.035378
0.013775
0.041505
-0.026221
0.031158
0.009950
0.034569
-0.016936
0.066960
-0.017068
0.017627
0.001192
0.047619
0.002321
-0.007982
0.029249
0.047483
0.012478
0.049054
-0.011356
0.040802
0.010444
0.030249
-0.007551
0.078946
-0.009796
0.028070
0.007056
0.061376
0.009354
-0.000518
0.017136
0.064056
0.016120
0.045387
-0.021110
0.040128
0.016712
0.049056
0.001879
0.054559
-0.015424
0.025072
0.013354
0.057845
0.000410
0.001216
0.030103
0.057421
0.014114
0.051424
-0.003875
0.034447
-0.007884
0.063837
-0.003143
0.057865
-0.020279
0.031561
0.016670
0.053766
0.010289
0.041686
0.024807
0.051283
0.021494
0.048790
-0.006666
0.046133
0.043186
0.058321
0.027382
0.065096
-0.013037
0.047875
0.038337
0.065028
0.020014
0.034021
0.038141
0.092994
0.044985
0.066910
0.033776
0.059911
0.026868
0.076817
0.055096
0.046839
0.046265
0.055600
0.023729
0.089812
0.070273
0.052683
0.052545
0.098954
0.050124
0.085664
0.066425
0.131517
0.081845
0.110925
0.066330
0.111988
0.070361
0.126287
0.097877
0.140876
0.115173
0.126145
0.129565
0.182625
0.214145
0.167464
0.163323
0.274113
0.214876
0.258183
0.235501
0.291977
0.239565
0.320675
0.285927
0.385231
0.374665
0.350543
0.397207
0.419249
0.316141
0.412764
0.353435
0.438808
0.425031
0.412619
0.441412
0.394552
0.372462
0.443582
0.429435
0.452999
0.422323
0.421297
0.414092
0.507821
0.440800
0.467752
0.421570
0.499461
0.474597
0.515210
0.481171
0.526333
0.502406
0.508129
0.491417
0.529890
0.547512
0.531181
0.514893
0.552751
0.512700
0.556249
0.463903
0.563789
0.505178
0.515009
0.511128
0.555474
0.490125
0.535706
0.512241
0.528708
0.507867
0.496509
0.532813
0.565395
0.501480
0.529499
0.459604
0.522491
0.458062
0.496360
0.481073
0.528449
0.447621
0.469676
0.454680
0.513087
0.470088
0.461226
0.477612
0.470460
0.423754
0.488077
0.394662
0.474038
0.426289
0.424745
0.427940
0.458248
0.384459
0.432962
0.383114
0.413775
0.404876
0.366321
0.348874
0.385941
0.368375
0.363757
0.304183
0.366497
0.322022
0.378056
0.372516
0.333587
0.312942
0.343639
0.297485
0.335194
0.282715
0.294314
0.282326
0.286959
0.263921
0.303178
0.253625
0.282131
0.222230
0.277524
0.282389
0.255196
0.230918
0.234603
0.203375
0.250505
0.184834
0.170812
0.214960
0.239808
0.163363
0.179912
0.160402
0.210771
0.096198
0.152292
0.145560
0.142778
0.112320
0.148535
0.116710
0.150250
0.087731
0.096392
0.110424
0.153435
0.105179
0.116463
0.065377
0.117494
0.060995
0.121311
0.113327
0.094339
0.105967
0.103606
0.077732
0.116617
0.094022
0.091800
0.063552
0.102927
0.069079
0.104672
0.058371
0.082444
0.040464
0.093194
0.071973
0.057287
0.044479
0.089291
0.057224
0.079211
0.044608
0.072005
0.032687
0.064261
0.041711
0.087745
0.029145
0.051789
0.032989
0.071132
0.052582
0.066001
0.019188
0.045086
0.032926
0.074149
0.040233
0.017778
0.044517
0.085217
0.042776
0.051055
0.021587
0.063377
0.056414
0.081254
0.045379
0.041106
0.018410
0.075084
0.045790
0.083785
0.045138
0.043395
0.039684
0.086754
0.041406
0.066065
0.030145
0.062810
0.051987
0.060064
0.038440
0.053330
0.010137
0.050744
0.039195
0.074865
0.043576
0.047396
0.043409
0.074210
0.027610
0.061443
0.008854
0.059272
0.041264
0.056323
0.038581
0.053417
0.033552
0.046862
0.042831
0.077241
0.033407
0.024648
0.026966
0.083805
0.027240
0.059808
0.020159
0.066559
0.040210
0.058975
0.028197
0.057360
-0.006583
0.052653
0.045651
0.063023
0.045395
0.019698
0.043054
0.086923
0.052252
0.065660
0.013668
0.051754
0.029466
0.068422
0.029239
0.069823
0.019515
0.033968
0.023175
0.053246
0.019129
0.036778
0.056296
0.069918
0.036179
0.070563
0.027529
0.058676
0.035065
0.074436
0.038244
0.064295
0.009718
0.068522
0.032787
0.085559
0.041068
0.044519
0.027760
0.056578
0.028030
0.075572
0.020036
0.062252
0.026848
0.059503
0.037706
0.059662
0.015944
0.053917
0.037146
0.066682
0.021730
0.036347
0.032740
0.079267
0.017456
0.060404
0.012303
0.045348
0.018074
0.051559
0.035228
0.066958
0.027741
0.035786
0.026659
0.073883
0.005468
0.026941
0.027898
0.073530
0.030957
0.054580
0.010132
0.026320
0.028034
0.074592
0.023847
0.062569
0.013552
0.026381
0.022079
0.056888
0.016690
0.015625
0.032980
0.086072
0.023387
0.044778
-0.009493
0.066540
0.064320
0.060103
0.029692
0.065948
0.015149
0.040550
0.038906
0.073164
0.030206
0.047866
0.026849
0.084881
0.051582
0.071819
0.010230
0.069509
0.025315
0.083154
0.041261
0.056930
0.028541
0.041519
0.036038
0.074560
0.038218
0.050104
0.041779
0.084179
0.050734
0.064292
0.040887
0.054959
0.028832
0.096597
0.047376
0.061773
0.058998
0.067198
0.058844
0.084075
0.044795
0.056779
0.060638
0.122158
0.050863
0.110891
0.082191
0.115964
0.038695
0.090726
0.093206
0.094785
0.095229
0.105492
0.076338
0.127197
0.111840
0.093893
0.106732
0.134412
0.098811
0.138523
0.109491
0.115477
0.075365
0.114899
0.101580
0.096427
0.082473
0.125105
0.077622
0.111693
0.077429
0.070098
0.056338
0.121129
0.079699
0.082563
0.064599
0.106673
0.056583
0.100188
0.082137
0.083471
0.072815
0.072735
0.056143
0.094051
0.055409
0.053915
0.037761
0.092777
0.069835
0.080783
0.059344
0.090562
0.053722
0.077921
0.065951
0.078177
0.037003
0.066496
0.058738
0.100817
0.067653
0.046641
0.070831
0.114154
0.070816
0.102724
0.027124
0.070781
0.036618
0.058981
0.061175
0.081021
0.043594
0.054478
0.029013
0.078450
0.028937
0.024562
0.038859
0.108920
0.054372
0.057463
0.025300
0.084112
0.042372
0.078546
0.043221
0.068912
0.051046
0.069178
0.057008
0.096769
0.047665
0.047874
0.057817
0.147728
0.086898
0.074311
0.037053
0.128043
0.096875
0.113655
0.099655
0.111014
0.076062
0.135572
0.098317
0.141021
0.124696
0.114990
0.117255
0.178195
0.137646
0.129234
0.088892
0.178421
0.089181
0.135728
0.135522
0.131771
0.130803
0.140958
0.086577
0.132111
0.114898
0.120438
0.144242
0.136394
0.106455
0.102717
0.094316
0.087626
0.039793
0.090120
0.086248
0.082575
0.129276
0.046983
0.030393
0.080671
0.075519
0.008144
