0.006965
0.065502
0.035087
0.040970
0.010592
0.068536
0.045831
0.040212
0.036379
0.054719
0.012767
0.036192
0.030623
0.055943
0.016376
0.020087
0.033201
0.048485
0.027746
0.054117
0.003045
0.047416
0.010454
0.053598
0.013380
0.062323
0.000153
0.026334
0.016081
0.060747
0.003786
0.006763
0.004860
0.066684
0.021126
0.046751
-0.016004
0.047266
0.010848
0.034437
-0.004254
0.077000
0.012461
0.016533
0.016906
0.055401
0.015999
-0.001508
0.014052
0.063915
0.025159
0.044753
-0.007411
0.042654
0.012264
0.034388
-0.000046
0.065164
-0.007709
0.028445
0.020626
0.053332
0.011199
0.009578
0.012634
0.055646
0.019837
0.035961
-0.020338
0.045403
0.013921
0.027187
-0.014066
0.051647
0.001996
0.024195
0.016956
0.056689
-0.000217
0.006475
0.013135
0.054720
0.017889
0.054395
-0.012105
0.046401
0.008932
0.018309
-0.014007
0.060689
0.001686
0.024059
0.008038
0.052555
-0.000559
0.015251
0.017772
0.033647
0.021475
0.052908
-0.007875
0.035573
0.021333
0.046906
0.003244
0.051957
-0.004896
0.018802
0.015383
0.052348
0.004040
0.017645
0.025735
0.060089
0.019822
0.045730
-0.007868
0.053772
0.018137
0.046994
0.008952
0.053460
-0.008249
0.035972
0.017603
0.063364
0.013473
0.020194
0.020470
0.060977
0.036620
0.045016
-0.010246
0.035321
0.022197
0.059472
0.000828
0.057890
0.003571
0.036182
0.020381
0.061813
0.005526
0.026800
0.022167
0.069812
0.012339
0.058438
0.003599
0.043739
0.027872
0.065984
0.007268
0.062100
0.006656
0.038106
0.023593
0.069995
0.008004
0.019784
0.028818
0.073312
0.032944
0.044851
-0.000735
0.059786
0.019414
0.058806
0.008168
0.048649
0.019931
0.029106
0.009243
0.063314
0.021910
0.010762
0.051804
0.059104
0.034954
0.049131
-0.001870
0.056157
0.031940
0.044723
0.017951
0.051825
-0.000096
0.049094
0.026589
0.073458
0.022552
0.025293
0.036037
0.077264
0.025115
0.058101
-0.005099
0.052424
0.050342
0.054712
0.018822
0.048584
-0.004628
0.044857
0.025957
0.061957
0.039207
0.058460
0.059476
0.097323
0.061212
0.077180
0.047592
0.103896
0.070472
0.099963
0.084457
0.070968
0.065250
0.094336
0.069429
0.125551
0.090492
0.073086
0.090337
0.129473
0.083098
0.097849
0.070255
0.122535
0.089244
0.089480
0.104497
0.114241
0.105386
0.090523
0.048491
0.130529
0.085489
0.053295
0.071877
0.105429
0.072965
0.084106
0.060682
0.070755
0.059844
0.071400
0.049513
0.061492
0.038908
0.057053
0.051830
0.064322
0.028588
0.008985
0.039298
0.084620
0.034910
0.046842
0.015525
0.055900
0.029247
0.056542
0.027080
0.053279
0.028042
0.031046
0.028528
0.080056
0.019705
0.026727
0.036107
0.052249
-0.004722
0.066176
0.019762
0.046507
0.026381
0.041791
0.019267
0.086449
0.005802
0.035094
0.015183
0.052088
0.006102
0.016057
0.035339
0.062724
0.037688
0.057861
0.008529
0.040937
0.024217
0.064786
0.004858
0.060578
-0.003576
0.036119
0.046925
0.057998
0.032239
0.019751
0.027949
0.084085
0.033000
0.055016
0.013614
0.055687
0.037129
0.058817
0.019557
0.050079
0.016263
0.046275
0.037796
0.071077
0.030368
0.038919
0.033669
0.067984
0.027886
0.070469
0.024297
0.055864
0.036669
0.059915
0.028145
0.054017
0.017825
0.030209
0.027356
0.070648
0.035956
0.007056
0.042271
0.063441
0.010117
0.059468
0.014304
0.054800
0.018659
0.061644
0.006786
0.055381
0.006185
0.046566
0.004989
0.068984
0.010178
0.035897
0.020991
0.047403
0.020900
0.057186
0.001677
0.052543
0.016997
0.033563
0.009114
0.063709
0.002253
0.030808
0.018658
0.056863
0.010085
0.003241
0.016323
0.060035
0.018424
0.038604
-0.019040
0.040454
0.013343
0.034086
-0.004390
0.059455
-0.015298
0.025568
0.007030
0.060882
0.001981
0.006483
0.026549
0.048267
0.024217
0.048586
-0.014793
0.044606
0.017007
0.056145
0.012850
0.044210
-0.007706
0.031137
0.027071
0.062489
0.013411
0.017230
0.040302
0.079751
0.039509
0.056283
0.000915
0.052914
0.025502
0.079301
0.034814
0.054141
0.031999
0.054629
0.039006
0.067646
0.020897
0.051444
0.039157
0.067264
0.030710
0.068774
0.012100
0.056452
0.024166
0.056505
0.039536
0.070129
0.026595
0.026050
0.015047
0.086005
0.013846
0.025279
0.018902
0.087496
0.041773
0.043071
-0.011590
0.079533
0.059710
0.062691
0.029663
0.056972
-0.004267
0.061089
0.063609
0.100409
0.049662
0.069384
0.069901
0.172332
0.073951
0.102403
0.082035
0.172602
0.130438
0.142511
0.166810
0.149424
0.130855
0.183663
0.150093
0.204832
0.221396
0.152355
0.218285
0.271171
0.166228
0.205181
0.170809
0.279708
0.226733
0.238498
0.241635
0.230150
0.191773
0.273553
0.257018
0.300061
0.250645
0.269474
0.297092
0.354809
0.328937
0.347193
0.289229
0.412678
0.359431
0.404215
0.395627
0.419277
0.359415
0.425137
0.415123
0.421670
0.420858
0.433582
0.448424
0.525597
0.471534
0.500102
0.421059
0.552319
0.478907
0.522948
0.502807
0.579683
0.503228
0.562741
0.543360
0.594855
0.542549
0.582385
0.579251
0.682393
0.600623
0.630636
0.574907
0.668878
0.646690
0.664816
0.655714
0.692330
0.630351
0.695590
0.681993
0.679096
0.641463
0.687261
0.666127
0.741058
0.682338
0.698383
0.669663
0.721417
0.670260
0.714871
0.686599
0.728888
0.676996
0.701829
0.685806
0.718599
0.696256
0.698776
0.690434
0.745266
0.697562
0.742923
0.710035
0.726703
0.698148
0.741151
0.718460
0.774292
0.712668
0.717474
0.694225
0.768266
0.724773
0.742536
0.747873
0.776619
0.710948
0.784111
0.753063
0.787790
0.755739
0.798016
0.770279
0.812462
0.746732
0.788771
0.790482
0.816427
0.777231
0.805274
0.808315
0.832376
0.760683
0.819311
0.783215
0.810092
0.759699
0.801426
0.826028
0.836144
0.757546
0.786075
0.783536
0.791048
0.757577
0.780239
0.783453
0.814026
0.727679
0.776809
0.705438
0.746351
0.698378
0.713343
0.694892
0.718626
0.658000
0.668669
0.649013
0.673566
0.631240
0.592671
0.614124
0.656219
0.552096
0.634396
0.556187
0.577979
0.505692
0.583873
0.542956
0.577547
0.511099
0.506679
0.506650
0.531890
0.484568
0.449092
0.484846
0.562352
0.481968
0.512951
0.434035
0.511314
0.438701
0.482873
0.500629
0.490349
0.456632
0.469420
0.445182
0.449432
0.430565
0.432893
0.473487
0.481790
0.393971
0.424792
0.331295
0.421403
0.437745
0.359071
0.395799
0.346428
0.293871
0.390871
0.344588
0.382709
0.315984
0.322185
0.324663
0.401219
0.347676
0.340552
0.322002
0.386183
0.322065
0.394537
0.381360
0.392749
0.333113
0.379428
0.325644
0.345336
0.329165
0.380186
0.307764
0.383927
0.341458
0.366112
0.281841
0.339782
0.302785
0.354677
0.340916
0.330289
0.328092
0.327986
0.293632
0.307705
0.311696
0.331253
0.317618
0.410119
0.334608
0.333126
0.281109
0.345368
0.311631
0.368199
0.329301
0.338634
0.323731
0.313210
0.326986
0.359886
0.298343
0.319981
0.311757
0.337640
0.259893
0.277381
0.242540
0.292375
0.251885
0.293066
0.252858
0.234231
0.207180
0.219981
0.171843
0.241846
0.179570
0.133303
0.143528
0.156078
0.114684
0.148569
0.124494
0.126559
0.113443
0.100424
0.129377
0.108385
0.099536
0.147826
0.069705
0.142753
0.116246
0.068236
0.086755
0.156626
0.068335
0.106005
0.046325
0.114766
0.075695
0.090995
0.091724
0.071761
0.052320
0.086369
0.057296
0.108772
0.084220
0.059506
0.052533
0.108639
0.057945
0.097488
0.052576
0.056027
0.033365
0.079005
0.061930
0.036437
0.024990
0.059761
0.060403
0.072221
0.029501
0.030034
0.045535
0.085266
0.049502
0.074446
0.019994
0.053478
0.039924
0.064973
0.044431
0.065963
0.032102
0.049881
0.031284
0.082380
0.025661
0.020006
0.039153
0.065058
0.040874
0.064893
0.003256
0.048501
0.008971
0.069156
0.014476
0.047341
0.000591
0.037047
0.031016
0.069928
0.008862
0.001929
0.027508
0.092862
0.042546
0.044884
-0.008238
0.052490
0.018994
0.049717
0.025656
0.055320
0.013838
0.028645
0.023558
0.059212
0.001691
0.006088
0.028371
0.054908
0.034848
0.048090
-0.004018
0.047974
0.001700
0.041422
-0.015689
0.047766
-0.007950
0.033831
0.018159
0.061678
0.019009
0.013935
0.027980
0.060784
0.013701
0.046956
-0.015915
0.040876
0.026419
0.050556
0.018441
0.069470
0.008728
0.015854
0.012270
0.063262
0.006243
0.005049
0.034733
0.059826
0.034976
0.042011
-0.004749
0.042242
0.001055
0.030680
-0.004509
0.062991
-0.015214
0.027537
0.018436
0.057697
-0.003952
0.017636
0.018251
0.045821
0.017507
0.047348
-0.000510
0.042777
0.003635
0.036389
-0.012436
0.074742
0.002000
0.031456
0.019520
0.058683
-0.014296
0.004943
0.023629
0.076262
0.015467
0.036808
-0.007423
0.042252
0.003372
0.033290
-0.009463
0.048426
0.016996
0.026668
0.010777
0.044744
0.006918
0.020870
0.016681
0.044190
0.002621
0.049841
-0.012563
0.033242
0.016058
0.029820
0.003109
0.074432
-0.000185
0.017790
0.006876
0.060200
-0.010893
0.013982
0.021766
0.053547
0.033510
0.048836
-0.000008
0.030272
0.024656
0.042510
-0.003168
0.063681
0.000539
0.022109
0.011378
0.055376
-0.002183
0.011040
0.016044
0.050192
0.022615
0.043314
-0.024012
0.039644
0.015712
0.024383
-0.018712
0.073546
-0.011756
0.015802
-0.006943
0.065996
0.001503
-0.002142
0.013737
0.058568
0.016769
0.050513
-0.018888
0.054768
-0.001057
0.032255
-0.010859
0.076361
-0.005927
0.007348
0.001943
0.068800
-0.001231
-0.009775
0.017435
0.077985
0.030766
0.036249
-0.010887
0.051773
0.036906
0.052032
0.009508
0.048611
-0.005623
0.029971
0.017251
0.060046
0.021089
0.014741
0.025474
0.063744
0.039723
0.042380
0.004098
0.055971
0.014971
0.033384
0.016081
0.062600
0.000971
0.027600
0.006411
0.071021
0.006803
0.012872
0.024546
0.062830
0.017825
0.059287
-0.006610
0.042465
0.018147
0.051980
-0.002349
0.067871
-0.004340
0.027245
0.024876
0.046489
0.004521
0.029697
0.040715
0.036857
0.023523
0.054618
0.005592
0.035569
0.037290
0.057618
0.027098
0.092228
0.070921
0.023219
0.011849
0.050967
0.048609
0.011332
