0.010046
0.068507
0.033725
0.051896
0.005278
0.078748
0.046743
0.029122
0.009717
0.054011
-0.013988
0.023719
0.021987
0.060638
0.008053
0.002290
0.018109
0.066690
0.030665
0.044424
-0.001253
0.049038
0.011779
0.042485
-0.004502
0.075103
0.011166
0.027136
0.000340
0.061999
0.017124
0.012512
0.030679
0.063691
0.010299
0.053820
-0.001781
0.048785
0.013107
0.038636
-0.005230
0.065387
0.001862
0.026056
0.019474
0.065076
-0.001700
0.006092
0.017330
0.065030
0.031223
0.047290
-0.015593
0.043069
0.014679
0.043724
-0.009189
0.059783
-0.000314
0.016367
0.009679
0.062213
-0.001999
0.019870
0.018574
0.054494
0.025269
0.051591
-0.017887
0.040931
0.009844
0.048191
-0.004663
0.069006
-0.007165
0.030280
0.009059
0.059810
0.004088
0.002747
0.021921
0.060653
0.013541
0.055606
-0.004946
0.036058
0.007334
0.043441
0.016972
0.059157
0.006276
0.029598
0.009127
0.045914
-0.002169
0.012941
0.016095
0.056325
0.021435
0.042634
-0.009045
0.043864
-0.006669
0.039155
-0.012326
0.047115
0.011016
0.015461
0.003744
0.054488
0.015825
-0.001106
0.029947
0.056315
0.014503
0.046970
-0.004744
0.043746
0.022967
0.051615
0.000758
0.059376
-0.012919
0.020747
0.000770
0.057547
0.007537
-0.000139
0.019860
0.066112
0.031303
0.043233
-0.003720
0.054084
0.016750
0.031911
-0.004674
0.067003
-0.005560
0.033164
0.017896
0.056277
0.012355
0.015201
0.034812
0.061567
0.019857
0.054623
-0.009314
0.047548
0.009100
0.039337
0.010251
0.056497
-0.007507
0.025531
0.002433
0.064813
-0.002839
0.007972
0.024457
0.048705
0.021365
0.043111
-0.014876
0.042636
0.010954
0.019691
0.003176
0.062726
-0.004143
0.015385
0.010278
0.057508
-0.002747
0.015799
0.011478
0.036297
0.018679
0.039863
-0.012586
0.037844
-0.000024
0.034356
-0.009837
0.065888
-0.014757
0.023886
0.006886
0.062708
-0.004969
0.002916
0.016256
0.057704
0.013519
0.041131
-0.017108
0.049799
0.017935
0.029328
0.000823
0.061965
-0.008592
0.013905
0.011587
0.053925
0.013140
0.001059
0.021540
0.061975
0.025385
0.037533
-0.005678
0.036459
0.012014
0.052520
-0.014655
0.044580
0.008331
0.034763
0.005078
0.062705
-0.006232
0.010999
0.015381
0.068493
0.029962
0.034995
-0.013213
0.054705
0.002003
0.035259
0.000593
0.050604
-0.000468
0.025375
0.002116
0.064034
0.004872
0.006097
0.015892
0.056583
0.014624
0.057956
-0.012466
0.047399
0.005330
0.042984
-0.002509
0.050357
-0.002030
0.024721
0.017222
0.055215
0.014411
0.008471
0.021543
0.050637
0.007856
0.048046
-0.019724
0.044449
0.018778
0.037320
-0.005101
0.063366
-0.011454
0.025411
-0.002462
0.060708
0.004527
0.003014
0.016427
0.061716
0.022174
0.036218
-0.025492
0.051046
0.012056
0.033999
-0.005901
0.055883
-0.015706
0.001973
0.008148
0.060106
-0.003958
-0.003084
0.026117
0.056626
0.031059
0.036765
-0.015352
0.039443
0.031679
0.037901
-0.000943
0.054355
-0.011754
0.014988
0.013850
0.061570
0.013961
0.011527
0.026665
0.055597
0.024548
0.030179
-0.003605
0.045056
0.038866
0.053658
-0.001113
0.055568
0.005947
0.034987
0.015016
0.048737
0.014840
0.018055
0.023534
0.068548
0.024580
0.058094
0.011045
0.053842
0.034164
0.042222
0.023809
0.073980
0.026625
0.039161
0.020000
0.066860
0.025289
0.035216
0.034888
0.079570
0.046421
0.056919
-0.006215
0.066910
0.054015
0.053113
0.034371
0.062776
0.002266
0.062275
0.053749
0.057078
0.038007
0.045604
0.041642
0.081742
0.048684
0.063396
0.018116
0.055863
0.041059
0.058113
0.040260
0.054141
0.031386
0.044833
0.060322
0.074172
0.036005
0.022801
0.024832
0.087979
0.032654
0.071923
0.013509
0.059782
0.057067
0.074443
0.036620
0.055837
0.014538
0.078805
0.073756
0.095412
0.072880
0.054195
0.072438
0.136594
0.081116
0.112089
0.064471
0.133168
0.107928
0.157185
0.122811
0.096449
0.106449
0.170207
0.110996
0.169712
0.145695
0.112753
0.107492
0.204963
0.139072
0.162218
0.156364
0.230334
0.175073
0.238428
0.207227
0.210478
0.197585
0.267737
0.245472
0.258839
0.239296
0.306313
0.252369
0.373607
0.348326
0.365862
0.287733
0.456109
0.380689
0.438906
0.417452
0.466230
0.409041
0.471862
0.480059
0.483857
0.468888
0.512949
0.495710
0.506403
0.496606
0.522188
0.470555
0.513447
0.445361
0.505229
0.461827
0.475690
0.460090
0.464542
0.418395
0.471312
0.451745
0.453867
0.414697
0.512461
0.428894
0.476547
0.402882
0.484578
0.439465
0.454575
0.443058
0.470788
0.423909
0.451579
0.425151
0.463691
0.458910
0.462515
0.450005
0.489264
0.458588
0.515490
0.464097
0.531489
0.498198
0.546282
0.500174
0.585346
0.523826
0.568692
0.574639
0.589949
0.576927
0.608938
0.594731
0.647177
0.572731
0.628950
0.577743
0.633391
0.592835
0.628332
0.585662
0.612656
0.566141
0.622046
0.579498
0.598056
0.580886
0.573947
0.550924
0.605834
0.500620
0.559816
0.501713
0.521748
0.490856
0.519722
0.469909
0.505914
0.434089
0.446994
0.403038
0.448693
0.350692
0.361677
0.349270
0.406634
0.366252
0.383908
0.331866
0.395276
0.338423
0.390781
0.364716
0.381067
0.359268
0.371433
0.367106
0.357041
0.336321
0.385077
0.362280
0.431145
0.372451
0.396300
0.336052
0.434899
0.362880
0.423472
0.398518
0.437735
0.367132
0.443693
0.418824
0.440206
0.448675
0.452420
0.467402
0.513331
0.437232
0.494311
0.447519
0.478167
0.434376
0.483810
0.450690
0.488020
0.469012
0.497228
0.459966
0.444593
0.459911
0.499930
0.486047
0.554743
0.464143
0.486587
0.427190
0.519018
0.449795
0.503466
0.477004
0.514080
0.452929
0.510508
0.456635
0.485903
0.451261
0.478227
0.446853
0.487594
0.413539
0.482048
0.425423
0.433682
0.401935
0.435071
0.420931
0.461736
0.391674
0.411313
0.360862
0.441518
0.357774
0.339504
0.392745
0.444775
0.394105
0.427926
0.339026
0.419257
0.382074
0.417431
0.417523
0.423261
0.379706
0.381894
0.345466
0.382126
0.330036
0.383805
0.367461
0.379827
0.321039
0.401542
0.337814
0.381942
0.327719
0.390136
0.363586
0.366926
0.337111
0.376056
0.364962
0.374415
0.326917
0.350350
0.358832
0.447788
0.399893
0.424932
0.353863
0.448546
0.364616
0.430835
0.411462
0.454087
0.428679
0.446105
0.391672
0.450710
0.383495
0.426195
0.431300
0.501312
0.455341
0.455596
0.383618
0.467214
0.356732
0.459148
0.446508
0.484430
0.427140
0.447916
0.394160
0.427536
0.457315
0.439162
0.474936
0.475099
0.441468
0.488179
0.412088
0.457208
0.415007
0.464241
0.448288
0.487371
0.420711
0.453763
0.421568
0.439572
0.431186
0.427909
0.431002
0.435292
0.421602
0.404183
0.342891
0.404424
0.347840
0.389489
0.363719
0.344884
0.348133
0.377306
0.343527
0.348956
0.338725
0.297292
0.321419
0.331286
0.287182
0.311783
0.265289
0.316777
0.296867
0.308404
0.309591
0.320994
0.286911
0.280595
0.270559
0.343982
0.323088
0.290707
0.304128
0.304227
0.284924
0.326978
0.275064
0.336653
0.296709
0.352826
0.352748
0.331192
0.297163
0.334548
0.315852
0.349396
0.317340
0.330627
0.307594
0.391241
0.367845
0.383090
0.312702
0.403891
0.379354
0.433987
0.381174
0.409942
0.399003
0.435385
0.399075
0.431805
0.433882
0.466063
0.427751
0.518180
0.436327
0.499176
0.447528
0.508419
0.424026
0.495606
0.491004
0.538166
0.483728
0.514217
0.522469
0.544464
0.532064
0.554528
0.553290
0.617457
0.557711
0.627440
0.548273
0.628045
0.590441
0.644382
0.615680
0.649774
0.611050
0.654370
0.624577
0.648139
0.625251
0.655859
0.648561
0.674583
0.614791
0.659177
0.607488
0.624497
0.574003
0.617519
0.588314
0.648149
0.572538
0.573992
0.542171
0.563641
0.559122
0.527591
0.542322
0.526239
0.446617
0.518637
0.458393
0.500384
0.433376
0.459048
0.425349
0.472744
0.389328
0.418368
0.376784
0.410246
0.366862
0.326006
0.370720
0.385474
0.335571
0.396768
0.335336
0.407737
0.327006
0.397592
0.382008
0.396761
0.371469
0.376384
0.372029
0.390449
0.343680
0.384999
0.388260
0.443418
0.385520
0.428203
0.321185
0.433738
0.359363
0.402890
0.379845
0.398278
0.347006
0.397043
0.375337
0.378577
0.362850
0.369715
0.390786
0.400913
0.346862
0.383148
0.317574
0.377120
0.319483
0.325467
0.345468
0.368048
0.320961
0.313878
0.258957
0.303921
0.273103
0.252835
0.285580
0.280521
0.227953
0.250374
0.203919
0.269831
0.174538
0.203973
0.188580
0.185534
0.196330
0.183659
0.153205
0.196293
0.180996
0.149415
0.146858
0.226017
0.151083
0.174762
0.151400
0.174985
0.121237
0.187013
0.180158
0.154925
0.136731
0.159743
0.141580
0.189649
0.108378
0.127587
0.132673
0.213751
0.186084
0.142668
0.096982
0.191086
0.119725
0.186070
0.163457
0.145940
0.159191
0.148537
0.085568
0.158343
0.130419
0.114868
0.119833
0.142818
0.130932
0.140274
0.128477
0.138063
0.093007
0.124192
0.159662
0.098944
0.101223
0.112972
0.086819
0.111391
0.079433
0.067293
0.064731
0.160884
0.082892
0.094258
0.051498
0.103683
0.062960
0.117476
0.090243
0.067005
0.066441
0.094287
0.078433
0.082818
0.065845
0.061766
0.069112
0.125896
0.060171
0.087064
0.061674
0.094490
0.055338
0.077142
0.064009
0.062585
0.058108
0.070390
0.044129
0.089474
0.052652
0.048049
0.046194
0.077154
0.044601
0.068614
0.006690
0.064919
0.043200
0.066831
0.034216
0.073809
0.035937
0.040219
0.033579
0.087181
0.016905
0.032174
0.028294
0.077495
0.039630
0.053025
0.015859
0.055817
0.027016
0.075994
0.042348
0.048011
0.019248
0.051917
0.048600
0.059043
0.039989
0.027891
0.041530
0.079514
0.056767
0.065587
0.026899
0.067496
0.041213
0.079821
0.042805
0.066973
0.042608
0.091464
0.046462
0.071110
0.043585
0.051025
0.030367
0.085335
0.061094
0.074933
0.029159
0.044295
0.000351
0.082731
0.030075
0.074201
0.039166
0.032352
0.012097
0.071714
0.010146
0.024130
0.024616
0.042928
0.020070
0.039778
-0.005262
0.052963
0.026663
0.055624
0.024940
0.089981
0.073710
0.021947
-0.001746
0.052888
0.046652
0.010039
