0.009247
0.072866
0.042685
0.054782
0.022975
0.117608
0.097428
0.073595
0.045811
0.058963
0.007136
0.105562
0.074021
0.081677
0.088309
0.085787
0.084600
0.120414
0.073545
0.114745
0.087411
0.073548
0.010086
0.096491
0.088339
0.068619
0.054279
0.088765
0.074584
0.097274
0.048742
0.030553
0.034233
0.075617
0.049751
0.068848
0.027056
0.045082
0.021739
0.060999
0.030743
0.063240
0.029311
0.050080
0.016902
0.082623
0.022142
0.031530
0.034416
0.064019
0.016547
0.075252
0.002331
0.049647
0.016272
0.059257
0.011313
0.068294
0.014425
0.047483
0.011440
0.057834
0.028032
0.009541
0.016977
0.081405
0.028374
0.043279
-0.001310
0.076094
0.026743
0.052708
0.007779
0.059202
0.002729
0.042885
0.024981
0.075323
0.030708
0.032450
0.026982
0.099774
0.057129
0.068654
0.012595
0.055759
0.022497
0.057829
0.034122
0.060216
0.029671
0.052626
0.037885
0.062354
0.024419
0.038662
0.045977
0.075370
0.065670
0.074083
0.018536
0.058832
0.030245
0.064795
0.028410
0.059484
0.027419
0.043893
0.030238
0.067742
0.027517
0.019413
0.033163
0.061465
0.030166
0.065867
-0.009635
0.052779
0.059861
0.050302
0.017568
0.050070
-0.002142
0.063449
0.023814
0.059506
0.029345
0.024323
0.024584
0.071176
0.037326
0.059126
0.030545
0.046640
0.036087
0.057481
0.030898
0.051427
0.026792
0.050658
0.038038
0.074760
0.031236
0.054688
0.045849
0.077163
0.030128
0.071483
0.040431
0.072595
0.047464
0.098490
0.047975
0.040864
0.023883
0.067720
0.054427
0.084359
0.029886
0.029552
0.038422
0.103104
0.064720
0.075551
0.045057
0.096240
0.050050
0.089954
0.063892
0.062321
0.040686
0.089584
0.045321
0.066537
0.055183
0.054481
0.054508
0.088853
0.079302
0.067116
0.040520
0.081174
0.040274
0.085260
0.064087
0.057521
0.036691
0.080011
0.043040
0.079098
0.060307
0.075694
0.046905
0.116829
0.063128
0.079236
0.046546
0.100507
0.072978
0.087517
0.071890
0.070480
0.049219
0.059713
0.056761
0.106795
0.068649
0.050235
0.031898
0.112984
0.072818
0.074170
0.042484
0.127348
0.085805
0.101751
0.100369
0.082903
0.041307
0.132806
0.115962
0.114547
0.145637
0.124063
0.141017
0.174632
0.141126
0.172973
0.155831
0.226228
0.147688
0.205545
0.228086
0.191960
0.199847
0.224669
0.195142
0.228976
0.193302
0.182854
0.194972
0.242251
0.224507
0.222069
0.227771
0.218951
0.145904
0.220400
0.235738
0.251039
0.214584
0.206774
0.163236
0.210411
0.168481
0.193287
0.183293
0.278509
0.240523
0.226116
0.178411
0.271532
0.238045
0.284426
0.248279
0.285687
0.257359
0.319301
0.328887
0.316130
0.302836
0.365435
0.331683
0.444668
0.388783
0.399067
0.323409
0.397206
0.379432
0.417843
0.393969
0.423499
0.368644
0.400808
0.390456
0.424036
0.385214
0.383938
0.410052
0.461117
0.390603
0.445456
0.394029
0.459663
0.417939
0.459133
0.430206
0.435711
0.376460
0.468437
0.452769
0.466503
0.431333
0.405292
0.415036
0.486707
0.443095
0.480203
0.425389
0.475780
0.447128
0.458191
0.461759
0.514982
0.414183
0.472575
0.471571
0.512439
0.482612
0.457354
0.459046
0.547513
0.486086
0.524265
0.459981
0.546755
0.495004
0.529110
0.550872
0.555249
0.482691
0.552930
0.534533
0.567769
0.522685
0.512090
0.545591
0.627792
0.573830
0.593675
0.559001
0.610906
0.550006
0.604487
0.607443
0.633366
0.585660
0.615137
0.589191
0.601587
0.616167
0.607810
0.607113
0.700836
0.617267
0.687339
0.636971
0.697261
0.654005
0.687925
0.666557
0.719606
0.660830
0.700072
0.702997
0.718403
0.701531
0.758126
0.727726
0.780745
0.727561
0.758320
0.707818
0.761894
0.723373
0.757930
0.746615
0.780636
0.732876
0.779501
0.758024
0.788296
0.768743
0.788919
0.778793
0.805112
0.717504
0.803931
0.738931
0.756361
0.718203
0.747606
0.714544
0.763586
0.726984
0.727418
0.704491
0.708026
0.679008
0.695047
0.713940
0.769743
0.694537
0.743351
0.679351
0.712078
0.666789
0.731379
0.715781
0.774675
0.682491
0.723621
0.710444
0.744439
0.711671
0.721989
0.729714
0.743457
0.660680
0.746795
0.695016
0.716310
0.671613
0.699005
0.687970
0.740155
0.669653
0.699073
0.671076
0.646446
0.644980
0.634046
0.628493
0.682899
0.577534
0.638374
0.589468
0.572190
0.519417
0.570949
0.558098
0.593839
0.476956
0.479675
0.466441
0.525482
0.452450
0.400498
0.403519
0.461789
0.431661
0.456140
0.383976
0.463302
0.433380
0.462535
0.460459
0.453449
0.429488
0.495752
0.464065
0.481973
0.490929
0.466804
0.493976
0.551551
0.503125
0.532086
0.465931
0.540451
0.502463
0.530335
0.528187
0.543519
0.480887
0.556010
0.558713
0.530925
0.549290
0.544442
0.566502
0.559293
0.504274
0.565496
0.509377
0.507987
0.391679
0.465483
0.493885
0.483924
0.390997
0.436968
0.366768
0.386935
0.343839
0.296029
0.327816
0.368649
0.327914
0.320684
0.250698
0.341074
0.250619
0.308942
0.319128
0.303189
0.228010
0.271944
0.247150
0.270691
0.192151
0.206480
0.176844
0.241611
0.208714
0.220292
0.181300
0.216552
0.148122
0.217067
0.208040
0.166303
0.132725
0.174473
0.153999
0.193428
0.165586
0.134011
0.112390
0.185529
0.124328
0.160542
0.118489
0.154508
0.140818
0.129954
0.170778
0.125731
0.090640
0.134214
0.123986
0.164841
0.130349
0.106332
0.099269
0.189845
0.151214
0.128373
0.098789
0.171338
0.123443
0.174052
0.163227
0.143145
0.100446
0.168898
0.130938
0.180048
0.125158
0.117654
0.157923
0.206368
0.149867
0.143607
0.135021
0.199282
0.125938
0.164366
0.165877
0.181791
0.147587
0.170933
0.139148
0.223177
0.182168
0.143842
0.156087
0.230165
0.157910
0.192914
0.172991
0.183253
0.166169
0.203651
0.179655
0.177082
0.167671
0.179380
0.150031
0.222069
0.203287
0.191226
0.170383
0.238771
0.190048
0.213062
0.165896
0.252847
0.198672
0.210663
0.185397
0.201602
0.178455
0.219982
0.170290
0.228223
0.179637
0.155024
0.191266
0.273150
0.184540
0.225391
0.178185
0.306094
0.206711
0.252761
0.261177
0.236986
0.202197
0.289745
0.233380
0.277198
0.266331
0.255438
0.282828
0.380915
0.327343
0.384734
0.330809
0.467625
0.399900
0.441379
0.418333
0.491488
0.469612
0.537488
0.505819
0.556971
0.586243
0.600325
0.628646
0.653969
0.526440
0.655437
0.580839
0.623590
0.631750
0.612724
0.587237
0.650142
0.608124
0.646996
0.638352
0.618498
0.579322
0.588031
0.594301
0.706837
0.663850
0.651994
0.594132
0.642426
0.586827
0.670925
0.664602
0.707798
0.617386
0.653017
0.670755
0.631084
0.646479
0.659358
0.642885
0.729215
0.673494
0.739296
0.672309
0.722461
0.703816
0.759470
0.744704
0.747082
0.717982
0.768959
0.756785
0.783066
0.787888
0.774237
0.770082
0.813483
0.750074
0.789923
0.727555
0.797039
0.752281
0.761438
0.740930
0.749034
0.705262
0.750170
0.733195
0.731576
0.715951
0.724837
0.676707
0.716651
0.665003
0.714665
0.643327
0.673620
0.638344
0.672995
0.648390
0.685947
0.587961
0.619389
0.624495
0.612021
0.603471
0.572984
0.571184
0.631841
0.583676
0.632103
0.589047
0.660234
0.577740
0.627510
0.607000
0.667240
0.589305
0.638960
0.612148
0.672468
0.617972
0.633399
0.635119
0.705066
0.651340
0.721817
0.667418
0.718359
0.688354
0.734924
0.743560
0.783961
0.721534
0.753154
0.757201
0.791768
0.771977
0.798535
0.797832
0.814787
0.762532
0.822748
0.767438
0.816539
0.777788
0.788295
0.797694
0.818593
0.770578
0.804809
0.789882
0.782692
0.772830
0.799605
0.773319
0.803898
0.747854
0.790044
0.722530
0.765128
0.721950
0.759374
0.730366
0.757940
0.680035
0.727145
0.701338
0.692572
0.666384
0.626294
0.629754
0.693819
0.611188
0.672687
0.599370
0.627465
0.603021
0.612823
0.606425
0.639742
0.598704
0.598447
0.567061
0.632056
0.548532
0.577423
0.589129
0.626602
0.565962
0.623734
0.558258
0.596515
0.560687
0.585925
0.585302
0.618791
0.575225
0.581936
0.572339
0.543279
0.510909
0.542570
0.563539
0.605563
0.536573
0.538704
0.484125
0.525874
0.440223
0.487013
0.521715
0.535450
0.448112
0.444272
0.444779
0.412834
0.410254
0.423538
0.432975
0.524307
0.446249
0.468667
0.387144
0.445571
0.434458
0.471424
0.466178
0.452454
0.409422
0.451881
0.429984
0.440795
0.402593
0.419358
0.407392
0.474500
0.426649
0.424925
0.375513
0.416107
0.361296
0.425292
0.435023
0.449984
0.403623
0.449720
0.398114
0.381999
0.391386
0.429974
0.431677
0.447513
0.426431
0.407107
0.369862
0.410549
0.349280
0.403742
0.370346
0.377332
0.327023
0.383855
0.308811
0.318284
0.338497
0.316507
0.265405
0.281663
0.225821
0.282136
0.245544
0.258803
0.252184
0.252118
0.284560
0.198955
0.197704
0.250930
0.231249
0.253782
0.182686
0.179427
0.168863
0.217044
0.204915
0.194907
0.179204
0.239172
0.155604
0.229465
0.221145
0.212233
0.149292
0.198833
0.161442
0.194832
0.155126
0.141675
0.189677
0.212065
0.207816
0.202634
0.144409
0.207621
0.121814
0.179866
0.176599
0.143124
0.144697
0.167406
0.157037
0.166691
0.118201
0.123383
0.130451
0.156235
0.142122
0.131478
0.112463
0.134911
0.077104
0.120971
0.113516
0.110027
0.082233
0.116615
0.100016
0.137996
0.099064
0.079533
0.072064
0.111768
0.067994
0.110695
0.072712
0.083715
0.054146
0.096081
0.095721
0.099266
0.092862
0.070150
0.059071
0.100198
0.043005
0.029795
0.031978
0.105379
0.061528
0.067203
0.053244
0.103325
0.075513
0.090572
0.056375
0.061465
0.035662
0.087580
0.063791
0.109661
0.079093
0.093245
0.088181
0.112476
0.065168
0.121059
0.112527
0.169678
0.108228
0.135068
0.157656
0.164345
0.111719
0.188996
0.142460
0.167735
0.163587
0.172692
0.184531
0.200326
0.145680
0.191551
0.168136
0.146876
0.106711
0.160439
0.136740
0.164573
0.124801
0.171547
0.135324
0.156969
0.146802
0.130073
0.093877
0.089169
0.075249
0.098727
0.095884
0.069245
0.024735
0.084724
0.071422
0.101723
0.097928
0.058998
0.039463
0.078217
0.071967
0.009691
