0.009085
0.065981
0.023189
0.043695
-0.004980
0.068910
0.040791
0.027692
0.003840
0.055440
0.003712
0.025947
0.027867
0.047525
-0.000650
0.001539
0.039498
0.050239
0.003836
0.067840
-0.005601
0.034225
0.005492
0.048192
-0.013987
0.070201
-0.012487
0.025630
-0.000992
0.053629
-0.008579
0.009847
0.026354
0.054349
0.009977
0.046248
-0.014569
0.037503
0.020037
0.026515
-0.015022
0.054600
-0.005164
0.020122
0.008966
0.056088
-0.006775
0.005656
0.015535
0.064087
0.022608
0.043418
-0.013786
0.049500
0.023215
0.028910
-0.014761
0.053179
-0.005605
0.029654
0.010233
0.055149
0.013852
0.012877
0.023927
0.064681
0.031515
0.048276
-0.002467
0.065313
0.044780
0.045518
0.011398
0.046724
0.015195
0.054125
0.031337
0.065891
0.016169
0.032626
0.032347
0.087312
0.031435
0.052958
-0.002408
0.061740
0.035414
0.048953
0.012484
0.064950
0.037081
0.027617
0.026705
0.062550
-0.001178
0.017454
0.022799
0.065764
0.021954
0.034271
0.002083
0.046447
0.035779
0.043957
0.014857
0.059758
-0.004944
0.035628
0.013109
0.058609
0.015584
-0.002532
0.038100
0.058736
0.026581
0.063785
-0.011475
0.040678
0.049381
0.055461
0.004930
0.058653
-0.008874
0.037763
0.018142
0.066651
0.018899
0.016383
0.018720
0.086204
0.042463
0.051522
0.022701
0.061599
0.037929
0.060860
0.032630
0.067003
0.013044
0.052115
0.033024
0.064571
0.053880
0.058222
0.054827
0.102173
0.040693
0.077369
0.033432
0.055293
0.033564
0.082868
0.046384
0.055147
0.040300
0.070312
0.032694
0.070183
0.032052
0.028301
0.027122
0.084885
0.047483
0.072480
0.006849
0.052350
0.034300
0.046552
0.037769
0.054125
0.018382
0.047593
0.019414
0.080619
0.034638
0.016994
0.037532
0.061491
0.009470
0.055682
-0.001748
0.054188
0.046085
0.051270
0.018131
0.068078
0.002552
0.055955
0.029769
0.073364
0.026291
0.033277
0.050633
0.068096
0.030643
0.073659
0.027319
0.053114
0.027071
0.056366
0.028167
0.046935
0.018546
0.061979
0.030777
0.074299
0.043146
0.032424
0.036428
0.061093
0.041739
0.064418
0.001763
0.059788
0.043215
0.078923
0.029975
0.047297
0.016152
0.052688
0.044854
0.071139
0.037571
0.032793
0.048577
0.070079
0.034769
0.082715
0.039254
0.070202
0.038493
0.071731
0.051432
0.074348
0.016655
0.081590
0.039847
0.066144
0.063248
0.080306
0.058026
0.142540
0.079411
0.111671
0.101816
0.125541
0.072796
0.136472
0.131543
0.100550
0.096462
0.134014
0.076484
0.116066
0.104656
0.087592
0.076995
0.149075
0.079416
0.126999
0.064465
0.087281
0.038874
0.084337
0.063676
0.071650
0.072260
0.065499
0.051644
0.103159
0.058804
0.033211
0.058592
0.083300
0.039393
0.068050
0.028413
0.067957
0.059520
0.066726
0.052290
0.062837
0.030267
0.070550
0.046476
0.090162
0.042922
0.019684
0.052868
0.074552
0.025809
0.073456
0.033114
0.057405
0.021247
0.075131
0.032623
0.059430
0.016108
0.047853
0.025893
0.077681
0.033258
0.004810
0.031866
0.072725
0.035996
0.063458
0.008459
0.052475
0.033540
0.071420
0.014551
0.039310
0.033022
0.050349
0.033488
0.057427
0.041052
0.026323
0.034205
0.077578
0.017931
0.058375
0.010825
0.072884
0.047753
0.048666
0.022302
0.050355
0.012781
0.067555
0.076920
0.085347
0.067734
0.044142
0.048999
0.111205
0.068255
0.086791
0.058967
0.121228
0.063537
0.116284
0.102927
0.077037
0.086013
0.120793
0.102015
0.135190
0.100500
0.082806
0.090756
0.175843
0.097290
0.116658
0.096307
0.152607
0.091094
0.143856
0.118180
0.105661
0.099776
0.122922
0.086396
0.159391
0.108458
0.117305
0.096923
0.141846
0.097037
0.110621
0.088322
0.110836
0.085725
0.121154
0.090001
0.089402
0.088386
0.109030
0.057636
0.142119
0.104453
0.069100
0.062157
0.104904
0.054344
0.071766
0.032057
0.104903
0.056418
0.083232
0.054371
0.056330
0.029690
0.076952
0.037503
0.111496
0.056362
0.040648
0.041745
0.055613
0.024912
0.071235
0.042584
0.062812
0.030495
0.081986
0.038187
0.047069
0.016283
0.054103
0.038004
0.072335
0.056393
0.034032
0.048148
0.097408
0.043843
0.074477
0.010565
0.068453
0.036404
0.087603
0.057909
0.061751
0.035584
0.059438
0.019032
0.082892
0.046293
0.035211
0.052038
0.089198
0.060391
0.063987
0.026995
0.072238
0.042431
0.072553
0.065600
0.060211
0.032424
0.057356
0.037096
0.066707
0.056077
0.065344
0.048844
0.071101
0.053825
0.079030
0.055316
0.084565
0.060974
0.091698
0.051954
0.078056
0.054624
0.073992
0.063681
0.117799
0.066932
0.062223
0.090055
0.162581
0.087261
0.116094
0.074126
0.136110
0.085762
0.131521
0.134985
0.140667
0.106111
0.116591
0.115065
0.162803
0.117387
0.096399
0.118662
0.210030
0.159184
0.136186
0.087922
0.216220
0.145331
0.175978
0.189822
0.145938
0.118994
0.195368
0.177623
0.213002
0.168526
0.186466
0.178872
0.248088
0.200567
0.220369
0.225277
0.303876
0.254069
0.287075
0.286294
0.266291
0.225389
0.330674
0.273794
0.319300
0.302319
0.299475
0.301833
0.381127
0.315318
0.364414
0.304725
0.439655
0.422663
0.408159
0.389063
0.398491
0.349716
0.464824
0.451065
0.467458
0.457388
0.463625
0.490812
0.522779
0.437156
0.511925
0.436176
0.518695
0.476999
0.515102
0.484232
0.517537
0.506464
0.534550
0.480941
0.479246
0.480558
0.490377
0.502030
0.581356
0.535004
0.541488
0.490451
0.577872
0.541134
0.584052
0.568430
0.615156
0.547484
0.598591
0.600940
0.602658
0.615654
0.598987
0.612712
0.628947
0.581892
0.662141
0.584793
0.653584
0.609643
0.636493
0.613686
0.666487
0.601443
0.620141
0.624606
0.645206
0.623405
0.612536
0.611357
0.666116
0.615052
0.643677
0.592195
0.625380
0.573769
0.618601
0.612543
0.656699
0.589070
0.620753
0.565983
0.620205
0.608247
0.612038
0.616284
0.653134
0.593291
0.654183
0.595797
0.677927
0.633040
0.627097
0.647129
0.697567
0.619524
0.667299
0.654568
0.725276
0.627982
0.662932
0.685299
0.742372
0.641271
0.714815
0.664243
0.714339
0.652499
0.712851
0.683647
0.739212
0.665914
0.704393
0.688673
0.727627
0.712042
0.701271
0.711235
0.775093
0.710837
0.767323
0.735564
0.782673
0.748168
0.783086
0.765478
0.809869
0.752695
0.793073
0.758700
0.804269
0.766749
0.799644
0.801306
0.840266
0.786209
0.809894
0.779769
0.810762
0.792031
0.822453
0.821571
0.851274
0.784574
0.805727
0.799868
0.838537
0.803393
0.809529
0.806791
0.869724
0.789785
0.836791
0.793556
0.848117
0.804848
0.844194
0.814721
0.853999
0.804997
0.826025
0.818829
0.829013
0.813925
0.824136
0.817437
0.861155
0.802929
0.842090
0.807327
0.842136
0.797119
0.844120
0.830234
0.842543
0.809204
0.827689
0.819703
0.835076
0.814401
0.827687
0.820044
0.859567
0.807005
0.828950
0.776841
0.817228
0.773726
0.809937
0.790662
0.828264
0.780922
0.787325
0.759489
0.787708
0.796447
0.787459
0.770059
0.804511
0.752087
0.777710
0.730806
0.778041
0.738059
0.763606
0.728200
0.769074
0.688534
0.729588
0.724807
0.726274
0.698838
0.696467
0.682395
0.714764
0.672178
0.715537
0.653836
0.746769
0.685398
0.697285
0.682002
0.706450
0.629342
0.695065
0.690633
0.693516
0.675737
0.663610
0.658466
0.745128
0.685453
0.745868
0.701836
0.760843
0.721362
0.767140
0.769611
0.808647
0.760475
0.804894
0.792431
0.831397
0.818164
0.835979
0.838247
0.869726
0.821371
0.868549
0.834779
0.872161
0.845781
0.880819
0.862847
0.878446
0.844588
0.882660
0.862001
0.879230
0.870865
0.881793
0.869731
0.891080
0.846987
0.864504
0.816856
0.855528
0.820055
0.837303
0.814125
0.819325
0.777377
0.784868
0.768738
0.800346
0.768060
0.716482
0.717562
0.775238
0.696779
0.767311
0.720208
0.779530
0.746868
0.766627
0.766061
0.785624
0.727091
0.774389
0.779200
0.804403
0.749488
0.767161
0.774544
0.814166
0.746876
0.795107
0.752108
0.783084
0.731403
0.781595
0.777827
0.809008
0.733301
0.755818
0.741354
0.762398
0.742590
0.733066
0.741931
0.771033
0.704327
0.746024
0.699439
0.733826
0.675242
0.701098
0.685228
0.730840
0.671907
0.684903
0.686702
0.677162
0.636268
0.633565
0.613364
0.695284
0.610963
0.662732
0.613482
0.619185
0.591305
0.620606
0.600575
0.654893
0.578041
0.619735
0.585528
0.608203
0.577735
0.568897
0.567773
0.628931
0.523822
0.566381
0.504876
0.553939
0.489575
0.534426
0.521044
0.591482
0.494519
0.538087
0.502679
0.546383
0.503653
0.503542
0.519466
0.565050
0.489298
0.535235
0.495202
0.544274
0.505757
0.557251
0.527929
0.553339
0.511453
0.544146
0.478071
0.503304
0.483911
0.489321
0.475866
0.567752
0.502925
0.534362
0.447139
0.538177
0.484526
0.538194
0.511660
0.556466
0.492220
0.526433
0.508181
0.518472
0.473279
0.526974
0.519784
0.551280
0.516471
0.550709
0.482776
0.517142
0.485840
0.525026
0.506700
0.552901
0.478052
0.505839
0.455825
0.480137
0.442596
0.436276
0.437021
0.514784
0.456066
0.482438
0.417186
0.469610
0.407333
0.459899
0.438762
0.473348
0.436458
0.458860
0.405995
0.459124
0.451568
0.457635
0.468971
0.495157
0.439028
0.504491
0.436490
0.512585
0.497888
0.506010
0.487316
0.557166
0.489504
0.556631
0.533732
0.562765
0.519616
0.589868
0.568466
0.566388
0.462003
0.566728
0.517481
0.502707
0.466063
0.492875
0.454525
0.510216
0.432661
0.472698
0.436752
0.437632
0.376079
0.385464
0.376354
0.406774
0.333741
0.360976
0.312942
0.354060
0.284444
0.343942
0.324234
0.341152
0.260656
0.310136
0.245759
0.333300
0.252111
0.220568
0.247815
0.287053
0.239585
0.276714
0.222131
0.294075
0.241883
0.281476
0.261636
0.311499
0.270586
0.307875
0.279894
0.277058
0.258456
0.258998
0.275629
0.281479
0.264659
0.237482
0.199291
0.277601
0.213312
0.255343
0.236142
0.204341
0.184536
0.246344
0.199330
0.232665
0.190647
0.196553
0.171003
0.163826
0.137641
0.134763
0.110331
0.102054
0.067756
0.109086
0.111957
0.119278
0.141534
0.070385
0.050253
0.094242
0.076650
0.014447
