0.014658
0.156970
0.117926
0.103619
0.073548
0.247201
0.170740
0.193363
0.199750
0.251553
0.142401
0.268489
0.246486
0.243196
0.265863
0.359455
0.373341
0.379799
0.369536
0.317948
0.298265
0.313727
0.264405
0.327653
0.282942
0.270725
0.270155
0.296581
0.265099
0.255493
0.194545
0.266799
0.216233
0.389490
0.292844
0.327289
0.240620
0.311453
0.266449
0.386830
0.375245
0.353285
0.316856
0.347626
0.317747
0.360954
0.391498
0.342598
0.344441
0.393634
0.316545
0.378971
0.299918
0.351781
0.348005
0.337652
0.333858
0.302295
0.281870
0.353428
0.305446
0.323994
0.292817
0.301092
0.290786
0.319852
0.243776
0.307467
0.276246
0.239259
0.231927
0.259524
0.277568
0.275932
0.180973
0.286700
0.229192
0.241772
0.170064
0.148020
0.166817
0.210822
0.172499
0.198660
0.162667
0.207301
0.144017
0.245746
0.216294
0.171889
0.162310
0.194506
0.135186
0.237241
0.143454
0.142247
0.150026
0.175892
0.170703
0.168460
0.168212
0.172530
0.053683
0.158582
0.158736
0.153128
0.095723
0.123782
0.087914
0.135675
0.110521
0.071838
0.060876
0.116450
0.065100
0.100682
0.058484
0.084925
0.024468
0.095871
0.052128
0.094246
0.056272
0.066535
0.040010
0.086185
0.063349
0.039807
0.045503
0.083430
0.046169
0.069904
0.026007
0.059786
0.039434
0.073215
0.049028
0.047529
0.037041
0.028744
0.038314
0.075448
0.038036
0.028109
0.049799
0.084135
0.036629
0.058062
-0.002154
0.078814
0.059069
0.066109
0.043682
0.058624
0.008357
0.058282
0.041230
0.070124
0.040736
0.061727
0.070380
0.107831
0.066232
0.086632
0.020268
0.102954
0.068210
0.092092
0.077068
0.058405
0.035148
0.085745
0.068070
0.083528
0.064925
0.016577
0.057517
0.163499
0.079023
0.092971
0.049881
0.121933
0.085863
0.126853
0.094946
0.084425
0.037424
0.126939
0.098963
0.105984
0.080389
0.098384
0.092039
0.123211
0.101440
0.100895
0.102340
0.057147
0.015117
0.091915
0.103401
0.079236
0.041177
0.081595
0.032002
0.105378
0.096922
0.055421
0.039324
0.080483
0.025192
0.094625
0.024179
0.066159
0.031483
0.076146
0.026697
0.077482
-0.000705
0.056809
0.035125
0.086491
0.019511
0.040493
0.025299
0.070158
0.024187
0.055585
0.024119
0.042075
0.050418
0.082756
0.043040
0.051584
0.001417
0.068433
0.044585
0.077602
0.059694
0.061646
0.055723
0.158672
0.101998
0.093787
0.080451
0.195839
0.109219
0.178135
0.135831
0.132012
0.127489
0.222992
0.162078
0.204337
0.198656
0.214376
0.190669
0.263651
0.200053
0.271938
0.251300
0.274564
0.208867
0.278189
0.288847
0.230998
0.167426
0.283715
0.238618
0.283880
0.241030
0.279033
0.298716
0.320197
0.289813
0.327548
0.277794
0.410228
0.322210
0.368487
0.343482
0.349701
0.299737
0.366640
0.365612
0.395868
0.367161
0.398084
0.394910
0.428531
0.391426
0.457628
0.440516
0.468445
0.462767
0.454587
0.481856
0.507024
0.426521
0.569128
0.512048
0.486575
0.477437
0.563937
0.552073
0.560614
0.500810
0.587914
0.529542
0.519796
0.467545
0.518482
0.511973
0.568445
0.490499
0.516743
0.468113
0.438060
0.456448
0.479924
0.473875
0.557660
0.454081
0.515320
0.430894
0.482662
0.465680
0.497406
0.486793
0.556376
0.460938
0.500748
0.482427
0.450621
0.430293
0.495594
0.473604
0.546112
0.482186
0.515332
0.462388
0.498957
0.429698
0.551726
0.505658
0.614393
0.502509
0.529892
0.504860
0.530369
0.514403
0.567659
0.537639
0.571715
0.510964
0.581840
0.494557
0.513065
0.486500
0.547966
0.548522
0.535426
0.466233
0.563448
0.523243
0.470350
0.485033
0.485453
0.470627
0.490724
0.403805
0.478167
0.418678
0.424033
0.413193
0.426205
0.399977
0.419019
0.345236
0.378619
0.374615
0.372762
0.318077
0.314037
0.309294
0.277924
0.233587
0.277151
0.252173
0.242425
0.157200
0.230788
0.225248
0.184211
0.162972
0.167370
0.136041
0.168634
0.106779
0.100011
0.077788
0.123096
0.067889
0.084018
0.049940
0.070598
0.040627
0.084193
0.031525
0.057373
0.017173
0.053459
0.049716
0.072029
0.046074
0.057085
0.041078
0.076655
0.030548
0.058078
0.017272
0.049752
0.002045
0.071606
0.022102
0.050740
0.007433
0.038241
0.033488
0.050047
0.041567
0.027705
0.019128
0.077726
0.028470
0.054880
0.008581
0.035954
0.017073
0.052891
0.017287
0.065342
-0.009825
0.033215
0.024363
0.065865
0.017090
0.003813
0.035638
0.080486
0.032145
0.055164
-0.008200
0.030211
0.006621
0.043949
-0.004353
0.049927
-0.002152
0.050876
0.018401
0.058510
0.010867
0.024045
0.033188
0.061777
0.022114
0.047671
-0.003160
0.031702
0.033359
0.072829
0.009475
0.050131
-0.019635
0.041949
0.042884
0.056848
0.015749
0.035449
0.042480
0.094673
0.032814
0.077000
0.033022
0.075442
0.043154
0.073528
0.069138
0.068313
0.033779
0.099334
0.058927
0.107957
0.074946
0.076086
0.087272
0.127261
0.080164
0.122727
0.072407
0.117074
0.077708
0.122628
0.104061
0.067081
0.056682
0.118636
0.085566
0.147413
0.110075
0.086027
0.073045
0.203111
0.106835
0.117207
0.063568
0.156728
0.114072
0.126406
0.126832
0.183762
0.102415
0.163111
0.133965
0.230474
0.224488
0.191184
0.198060
0.225850
0.157234
0.250128
0.248461
0.281228
0.247276
0.301626
0.325572
0.304066
0.239113
0.332684
0.316301
0.305873
0.285259
0.339207
0.337377
0.329105
0.312946
0.334436
0.270216
0.341888
0.247113
0.325715
0.307520
0.276006
0.238231
0.288465
0.261607
0.289171
0.255654
0.242661
0.235127
0.300206
0.286172
0.306741
0.303061
0.338006
0.325910
0.385382
0.359422
0.402506
0.385197
0.468566
0.391708
0.459646
0.430242
0.521555
0.496121
0.564014
0.461815
0.532755
0.489544
0.530228
0.499685
0.525460
0.516150
0.585755
0.450408
0.548880
0.512329
0.532176
0.484693
0.481366
0.471340
0.516441
0.466235
0.499070
0.438920
0.408004
0.344956
0.438467
0.444991
0.497529
0.333745
0.378794
0.335811
0.384956
0.348468
0.311810
0.305499
0.346547
0.269918
0.301937
0.245253
0.280387
0.272354
0.265996
0.289347
0.239570
0.227125
0.292290
0.241125
0.290030
0.212419
0.209069
0.184506
0.281147
0.258574
0.260747
0.249325
0.266664
0.230038
0.330790
0.309024
0.268288
0.212304
0.316886
0.298139
0.279548
0.188575
0.278645
0.240133
0.279642
0.226513
0.231027
0.225967
0.233407
0.156854
0.212922
0.201577
0.176582
0.118853
0.187736
0.136743
0.174845
0.112703
0.105020
0.099306
0.153832
0.120282
0.126166
0.123165
0.108028
0.060063
0.116811
0.105730
0.108469
0.077982
0.121558
0.052299
0.104795
0.076220
0.035078
0.064665
0.117223
0.065048
0.063874
0.030391
0.078419
0.047888
0.083363
0.032240
0.060478
0.014676
0.074721
0.044851
0.070157
0.031252
0.055247
0.055894
0.102696
0.077894
0.081200
0.030532
0.071147
0.044902
0.079858
0.049816
0.060012
0.026176
0.051642
0.059925
0.055049
0.037650
0.031657
0.039304
0.061602
0.048215
0.067916
0.018901
0.053583
0.024170
0.093173
0.056225
0.040867
0.014396
0.046580
0.032842
0.077221
0.064980
0.022790
0.027640
0.137043
0.052901
0.076671
0.030302
0.069158
0.040366
0.102703
0.047630
0.081271
0.032979
0.088387
0.042996
0.083781
0.067321
0.054914
0.039471
0.121113
0.072091
0.091093
0.041038
0.069777
0.026998
0.102327
0.042101
0.056646
0.022772
0.065977
0.045796
0.052312
0.025341
0.044746
0.058295
0.104037
0.035999
0.065194
0.049999
0.068864
0.012990
0.088376
0.077895
0.043900
0.025351
0.061072
0.038663
0.097573
0.045952
0.046412
0.040098
0.071164
0.037641
0.074914
0.042745
0.055716
0.033852
0.105194
0.040658
0.048571
0.014070
0.071313
0.055564
0.084476
0.077363
0.089283
0.065782
0.113899
0.097300
0.121748
0.086631
0.087511
0.066765
0.133851
0.110831
0.095776
0.043755
0.107391
0.095601
0.119806
0.100439
0.081621
0.067187
0.180152
0.118114
0.145980
0.106772
0.197136
0.161559
0.224224
0.187678
0.224086
0.148018
0.249284
0.239911
0.278940
0.254074
0.277444
0.283796
0.310559
0.257064
0.313004
0.232332
0.313508
0.230894
0.259561
0.274982
0.285374
0.228936
0.318902
0.251495
0.280266
0.271360
0.249205
0.231397
0.298999
0.277698
0.326683
0.291468
0.347577
0.290243
0.335376
0.351480
0.351435
0.282872
0.397631
0.384153
0.382352
0.365714
0.398240
0.360997
0.455091
0.391226
0.447044
0.402107
0.453455
0.476284
0.479206
0.451918
0.513005
0.457410
0.510657
0.528763
0.519057
0.509434
0.534822
0.532130
0.607047
0.504409
0.591699
0.513081
0.587339
0.545887
0.597374
0.562157
0.608205
0.543417
0.590782
0.622177
0.605842
0.566091
0.623033
0.590730
0.662342
0.617612
0.639360
0.604737
0.658368
0.615007
0.668946
0.652326
0.668170
0.608113
0.667675
0.641571
0.682591
0.649483
0.639837
0.631082
0.715314
0.630254
0.658073
0.610415
0.691304
0.654987
0.668471
0.614665
0.658815
0.585430
0.637052
0.619784
0.617307
0.617319
0.571646
0.595083
0.560345
0.541738
0.618517
0.582982
0.586020
0.533421
0.587697
0.559568
0.580923
0.521026
0.591141
0.539931
0.528750
0.532752
0.550899
0.499319
0.592875
0.538700
0.552574
0.494379
0.571600
0.553361
0.566242
0.568188
0.592033
0.537326
0.583381
0.571317
0.635787
0.597568
0.613145
0.618474
0.664609
0.615380
0.691166
0.630769
0.710072
0.651065
0.711436
0.681428
0.742473
0.677516
0.722302
0.723722
0.749857
0.718694
0.726060
0.722941
0.781784
0.707457
0.788174
0.719025
0.740010
0.701668
0.748945
0.756113
0.785887
0.718828
0.755100
0.739249
0.731936
0.728926
0.707280
0.752372
0.747734
0.696083
0.732485
0.683949
0.696694
0.644699
0.678767
0.655256
0.685958
0.613155
0.642690
0.628918
0.584360
0.541264
0.565317
0.495076
0.580993
0.552410
0.549047
0.495033
0.488519
0.440578
0.536766
0.509095
0.545774
0.459862
0.519362
0.467962
0.539269
0.501569
0.482928
0.496193
0.410385
0.325595
0.397697
0.346083
0.218295
0.260899
0.300660
0.303504
0.259935
0.261489
0.145443
0.127926
0.144235
0.144921
0.016738
