0.467598
0.247393
0.077722
0.116354
0.064172
0.114299
0.036671
0.030071
0.222433
0.135926
0.072862
0.095128
0.142633
0.076388
0.010467
0.172515
0.127998
0.119759
0.100294
0.159130
0.122730
0.210547
0.151853
0.197954
0.246031
0.144701
0.177171
0.179574
0.180286
0.174190
0.246085
0.280121
0.288243
0.386758
0.296621
0.256712
0.322804
0.332652
0.200762
0.280500
0.368342
0.320770
0.315254
0.348593
0.313415
0.334765
0.284782
0.406889
0.375731
0.398976
0.340833
0.299698
0.247625
0.321778
0.387342
0.387407
0.298766
0.262946
0.384387
0.361941
0.390739
0.321564
0.315357
0.202615
0.213880
0.226713
0.181556
0.164649
0.169942
0.176269
0.177853
0.214416
0.264049
0.202389
0.228552
0.252625
0.150635
0.107554
0.148167
0.202278
0.351729
0.192728
0.245578
0.240138
0.339229
0.235126
0.241131
0.197974
0.375493
0.277013
0.115303
0.252942
0.285162
0.289624
0.258157
0.382265
0.263517
0.294785
0.252058
0.249300
0.205634
0.268954
0.246791
0.214401
0.206341
0.151926
0.249117
0.202435
0.269896
0.224789
0.216332
0.120236
0.207238
0.193807
0.172963
0.213419
0.306334
0.215989
0.189085
0.286504
0.329696
0.192150
0.202047
0.273695
0.186214
0.172532
0.211474
0.323210
0.246286
0.319669
0.312032
0.304505
0.263347
0.363401
0.295474
0.271106
0.391079
0.315468
0.255855
0.269534
0.323412
0.276737
0.267816
0.437121
0.377105
0.392096
0.394623
0.420764
0.350996
0.394307
0.426597
0.355278
0.419091
0.368003
0.359154
0.423569
0.349158
0.337384
0.320412
0.439403
0.419041
0.391144
0.341024
0.375322
0.388114
0.455466
0.420922
0.370572
0.515018
0.469308
0.429615
0.336258
0.411299
0.342189
0.379249
0.389723
0.489531
0.378282
0.310498
0.372817
0.428736
0.384071
0.399575
0.328395
0.383628
0.335081
0.289631
0.260209
0.254784
0.271915
0.232377
0.337998
0.270884
0.359374
0.256353
0.347681
0.309380
0.341829
0.335790
0.399251
0.395534
0.361654
0.225592
0.204308
0.384308
0.213476
0.250469
0.329069
0.276907
0.329464
0.255874
0.316168
0.372729
0.394679
0.293529
0.306201
0.377188
0.301338
0.295621
0.278278
0.267775
0.340507
0.336460
0.434012
0.424364
0.418903
0.378786
0.364748
0.426694
0.445701
0.363561
0.402367
0.455893
0.499313
0.424834
0.439504
0.424908
0.447901
0.464582
0.501408
0.469672
0.456971
0.402793
0.502910
0.429918
0.434343
0.422777
0.483637
0.502522
0.488720
0.558906
0.505753
0.527749
0.525160
0.467867
0.514270
0.499012
0.441094
0.512217
0.516923
0.460209
0.496888
0.456522
0.425185
0.476590
0.462885
0.425995
0.462286
0.370443
0.399250
0.390901
0.466178
0.377922
0.486924
0.460500
0.409547
0.378860
0.335440
0.347490
0.326981
0.469106
0.372655
0.316723
0.337779
0.356380
0.305883
0.330063
0.375425
0.341788
0.459094
0.415145
0.445535
0.464551
0.411967
0.378320
0.408886
0.513928
0.489750
0.403655
0.431284
0.453394
0.466448
0.545327
0.570869
0.558978
0.498652
0.462624
0.574466
0.536099
0.488570
0.410488
0.455557
0.512812
0.509779
0.558076
0.464763
0.461174
0.483612
0.473195
0.489144
0.439897
0.528645
0.412170
0.537182
0.427262
0.506906
0.473965
0.461950
0.537040
0.458859
0.433898
0.438387
0.451209
0.391123
0.400491
0.374718
0.414574
0.441130
0.481024
0.518282
0.604225
0.553466
0.487817
0.576462
0.650377
0.602825
0.567803
0.538128
0.548593
0.537111
0.565162
0.636679
0.625891
0.656105
0.604387
0.640142
0.643982
0.610038
0.569024
0.645192
0.716712
0.590049
0.597118
0.693152
0.642033
0.636109
0.664712
0.652593
0.687574
0.637040
0.616457
0.692960
0.726382
0.655425
0.586252
0.699000
0.674231
0.643007
0.664712
0.631445
0.693995
0.674345
0.662468
0.637220
0.587618
0.670501
0.610381
0.688667
0.683395
0.664326
0.646670
0.607711
0.715918
0.587696
0.589052
0.650646
0.655231
0.658371
0.635369
0.696328
0.676019
0.618813
0.651086
0.686933
0.573922
0.581339
0.573056
0.642770
0.674806
0.622880
0.635838
0.637772
0.631510
0.632499
0.671880
0.596782
0.571561
0.598886
0.582032
0.588035
0.621783
0.634886
0.631517
0.597657
0.741741
0.666102
0.508821
0.640619
0.590067
0.585394
0.614957
0.662995
0.642989
0.600841
0.628446
0.656010
0.620250
0.604600
0.573981
0.541912
0.667570
0.612573
0.615284
0.644690
0.686738
0.635620
0.596075
0.648706
0.637739
0.540230
0.591295
0.540522
0.614106
0.539112
0.594316
0.569357
0.568687
0.604318
0.618702
0.570441
0.560943
0.592907
0.544178
0.528238
0.533706
0.501421
0.471887
0.525016
0.431247
0.547928
0.521748
0.521875
0.509271
0.486111
0.469312
0.515049
0.512190
0.460705
0.476446
0.568178
0.525780
0.479159
0.517109
0.511149
0.478576
0.544541
0.443228
0.402289
0.532510
0.466362
0.427014
0.400798
0.391624
0.477170
0.397290
0.418952
0.458337
0.437677
0.426916
0.373408
0.445060
0.518386
0.432326
0.286425
0.475109
0.352208
0.271303
0.268708
0.437974
0.338124
0.339321
0.458525
0.419180
0.364197
0.392724
0.378482
0.394801
0.403193
0.365996
0.289052
0.384056
0.427273
0.315976
0.395361
0.467839
0.293679
0.355393
0.465308
0.405419
0.394849
0.390138
0.458720
0.336929
0.461561
0.332295
0.364924
0.476811
0.443745
0.418083
0.429777
0.434883
0.361865
0.400566
0.393898
0.412220
0.435017
0.359043
0.432381
0.395542
0.300818
0.321261
0.390037
0.275804
0.373214
0.432425
0.372527
0.358009
0.365354
0.359780
0.262356
0.398342
0.410448
0.319161
0.386733
0.484955
0.511215
0.428350
0.423225
0.463363
0.362561
0.358380
0.333180
0.353320
0.433976
0.471255
0.483499
0.460362
0.495280
0.487565
0.381296
0.516873
0.470711
0.398467
0.433525
0.421183
0.412476
0.371620
0.479665
0.389569
0.376792
0.442396
0.544913
0.391966
0.538396
0.528445
0.520657
0.510143
0.463208
0.413906
0.394322
0.444617
0.392214
0.432105
0.352719
0.454405
0.431680
0.370765
0.463658
0.543212
0.382523
0.402962
0.445845
0.442089
0.365206
0.402178
0.493235
0.409872
0.447430
0.410854
0.490047
0.512424
0.468058
0.397493
0.548972
0.404025
0.505574
0.529141
0.450713
0.525089
0.428922
0.425536
0.423844
0.464048
0.494090
0.502320
0.368506
0.358159
0.453758
0.458778
0.435211
0.507416
0.433453
0.442700
0.424349
0.485575
0.491642
0.463860
0.431922
0.485766
0.421027
0.300144
0.461309
0.553323
0.492948
0.466408
0.480698
0.497706
0.447721
0.480848
0.376286
0.399948
0.467507
0.370605
0.509322
0.478995
0.397200
0.262376
0.390521
0.413983
0.359281
0.382482
0.354376
0.295074
0.333473
0.312112
0.336108
0.350000
0.296938
0.198869
0.261363
0.423205
0.249592
0.189000
0.282084
0.277735
0.241071
0.192789
0.284109
0.278797
0.256379
0.327894
0.271489
0.358058
0.264775
0.257181
0.280667
0.203747
0.272695
0.325964
0.190459
0.146392
0.140791
0.274602
0.282267
0.259747
0.366421
0.289160
0.271663
0.341850
0.304436
0.288737
0.299881
0.429250
0.335754
0.340186
0.438993
0.293919
0.326240
0.362551
0.435829
0.438085
0.458831
0.444018
0.490096
0.462459
0.570172
0.533821
0.497577
0.532924
0.513564
0.426795
0.451238
0.467190
0.457475
0.509747
0.544952
0.555801
0.538115
0.506616
0.557242
0.506881
0.518807
0.472693
0.468083
0.567919
0.428371
0.395480
0.519471
0.562129
0.518356
0.448891
0.445346
0.532658
0.378371
0.432880
0.434942
0.482909
0.515424
0.421208
0.372821
0.592975
0.561852
0.480276
0.453286
0.451713
0.424856
0.423554
0.514296
0.465144
0.437874
0.508879
0.458978
0.466142
0.514806
0.406658
0.448291
0.564152
0.436768
0.570230
0.510365
0.409392
0.476612
0.495032
0.387674
0.420277
0.415359
0.364200
0.395711
0.374066
0.451770
0.506212
0.458989
0.563372
0.517059
0.369143
0.427583
0.462104
0.430571
0.416129
0.524237
0.489380
0.590780
0.521910
0.554369
0.473779
0.510185
0.499059
0.545924
0.545571
0.606645
0.525970
0.552227
0.523979
0.609974
0.574193
0.593384
0.638171
0.576732
0.595095
0.667851
0.653851
0.711488
0.663712
0.636811
0.749929
0.721439
0.556922
0.701859
0.696147
0.687251
0.742590
0.747012
0.733179
0.700219
0.785609
0.816716
0.788659
0.824307
0.777240
0.802113
0.814172
0.825815
0.796530
0.788001
0.783729
0.818118
0.804326
0.843761
0.840796
0.831454
0.776514
0.836014
0.823826
0.828946
0.768176
0.798854
0.878375
0.764498
0.780996
0.796137
0.793607
0.780112
0.794914
0.775255
0.639737
0.820445
0.784405
0.853821
0.857448
0.834383
0.780143
0.804786
0.883953
0.839594
0.841742
0.824804
0.824162
0.833111
0.853830
0.898324
0.849670
0.861843
0.893101
0.902828
0.912053
0.917252
0.862271
0.899969
0.897279
0.907004
0.894651
0.929817
0.928949
0.939070
0.926050
0.933177
0.907751
0.939907
0.941798
0.955095
0.941855
0.948196
0.940416
0.960531
0.962335
0.964717
0.951177
0.972275
0.966257
0.966796
0.959860
0.959379
0.932745
0.960686
0.964958
0.983387
0.970430
0.982145
0.956804
0.975015
0.974763
0.974204
0.963153
0.974395
0.975311
0.984457
0.975797
0.981306
0.975076
0.979692
0.988137
0.993819
0.990276
0.993417
0.985107
0.985775
0.989712
0.987148
0.977840
0.988251
0.980347
0.989215
0.982589
0.984963
0.979405
0.979551
0.987892
0.995250
0.992048
0.994019
0.990050
0.990473
0.991547
0.993024
0.987458
0.994478
0.993384
0.995843
0.993437
0.994676
0.990107
0.993081
0.993815
0.996605
0.995143
0.995902
0.991804
0.994691
0.995123
0.992858
0.992855
0.995624
0.992191
0.993980
0.993283
0.992601
0.984486
0.992031
0.994160
0.997289
0.993242
0.996382
0.992538
0.992614
0.994985
0.992976
0.978760
0.995064
0.992235
0.995846
0.991173
0.992868
0.985593
0.986923
0.988836
0.995896
0.992545
0.995423
0.988696
0.992831
0.993927
0.993008
0.992564
0.995806
0.993200
0.995192
0.993700
0.993311
0.986421
0.971844
0.976408
0.988320
0.964059
0.981122
0.985979
0.979654
0.992036
0.963546
0.980972
0.962139
0.962609
0.912055
0.887374
0.287833
