0.490637
0.201498
0.043484
0.085711
-0.005671
0.063759
-0.013998
0.013480
0.192481
0.086270
0.107370
0.069651
0.043159
0.072623
0.085901
0.071386
0.074952
0.118818
-0.012212
0.075222
0.119258
0.007198
0.046207
0.092270
0.118805
0.064297
0.032633
0.055126
0.097260
-0.021541
0.099730
0.141594
0.014714
0.108415
0.027493
0.125667
0.059358
0.094652
0.052105
0.112913
0.014779
0.052179
0.017573
0.048427
0.073506
0.100305
0.139418
0.091547
0.067836
0.101005
0.079893
0.093350
0.112708
0.139040
0.049452
0.189931
0.227877
0.061065
0.090286
0.221459
0.200354
0.172155
0.195625
0.220839
0.215098
0.226258
0.171615
0.221434
0.236239
0.197072
0.234541
0.292661
0.214159
0.219214
0.264662
0.294985
0.344651
0.299084
0.338609
0.346488
0.269890
0.287578
0.285369
0.285569
0.236080
0.374353
0.416306
0.323438
0.422251
0.346661
0.327224
0.347438
0.388775
0.299367
0.305011
0.363692
0.304422
0.425109
0.327768
0.394246
0.394986
0.368819
0.321670
0.382044
0.459753
0.323300
0.351052
0.409928
0.453052
0.484800
0.456898
0.550756
0.524381
0.447407
0.489752
0.535025
0.482047
0.527332
0.451532
0.482368
0.544826
0.566425
0.509098
0.482380
0.507231
0.545681
0.509211
0.607123
0.507416
0.606508
0.495947
0.603937
0.576083
0.567042
0.444022
0.547748
0.607118
0.502430
0.519036
0.569861
0.486206
0.551688
0.536710
0.563085
0.418515
0.492993
0.494597
0.431226
0.490967
0.432933
0.420425
0.511528
0.427878
0.456382
0.474738
0.471778
0.507209
0.514057
0.519634
0.548956
0.551901
0.393564
0.442771
0.520490
0.433492
0.500369
0.529918
0.437778
0.463501
0.456516
0.511445
0.427376
0.464782
0.479826
0.562874
0.543275
0.448415
0.442084
0.463639
0.476739
0.383508
0.442562
0.415397
0.400009
0.527755
0.452435
0.403987
0.444876
0.405087
0.325298
0.357156
0.479648
0.340563
0.448945
0.371653
0.422054
0.452184
0.405358
0.408347
0.364001
0.388234
0.392715
0.351188
0.353340
0.307854
0.290941
0.339380
0.375249
0.428594
0.338306
0.304931
0.309320
0.248607
0.187497
0.270695
0.259486
0.313413
0.310728
0.271373
0.276726
0.275637
0.325800
0.247892
0.246024
0.268934
0.234592
0.216001
0.227680
0.249060
0.287259
0.153330
0.240863
0.306369
0.204627
0.195815
0.163299
0.201829
0.144073
0.131695
0.168716
0.237907
0.215568
0.093438
0.132430
0.193712
0.171926
0.066969
0.204702
0.203747
0.026460
0.120940
0.166837
0.173389
0.107796
0.150126
0.217308
0.193170
0.184098
0.153556
0.142081
0.173082
0.159070
0.171185
0.108012
0.160134
0.157980
0.115890
0.085309
0.112386
0.046057
0.064536
0.153871
0.237500
0.163569
0.007792
0.132012
0.188091
0.135905
0.191200
0.093724
0.116704
0.022347
0.111027
0.050647
0.201680
0.065747
0.025690
0.160369
0.108053
0.091480
0.071786
0.107509
0.082047
0.131165
0.151441
0.127625
0.093552
0.084986
0.099513
0.081500
0.039534
0.076684
0.065770
0.091169
0.111328
0.236943
0.093256
0.109279
0.192331
0.149806
0.128207
0.196653
0.151505
0.144723
0.142624
0.059141
0.140123
0.087037
0.161440
0.182964
0.288481
0.118538
0.039347
0.069074
0.096220
0.162624
0.111031
0.090288
0.203828
0.083885
0.161968
0.121538
0.137744
0.076767
0.065716
0.089530
0.112560
0.135431
0.104769
0.113739
0.199267
0.153867
0.132642
0.129842
0.191026
0.181966
0.080545
0.073689
0.109771
0.085704
0.151734
0.139914
0.197889
0.161382
0.019105
0.060652
0.101456
0.151599
0.193593
0.131711
0.165567
0.167391
0.201428
0.191211
0.185955
0.128968
0.184158
0.278233
0.180607
0.226471
0.185090
0.256545
0.196818
0.299495
0.264448
0.260890
0.210719
0.168942
0.174387
0.227554
0.308397
0.269079
0.202848
0.184454
0.198646
0.284711
0.229424
0.281851
0.222383
0.277349
0.155575
0.200678
0.327848
0.253818
0.275689
0.291420
0.343775
0.266134
0.354453
0.341861
0.285138
0.306436
0.329099
0.317730
0.290765
0.306937
0.306807
0.318572
0.357126
0.387076
0.321546
0.271504
0.251530
0.283374
0.326369
0.390681
0.280243
0.451602
0.380723
0.333712
0.354493
0.309867
0.348175
0.384497
0.415189
0.279623
0.379739
0.349289
0.345695
0.334692
0.367344
0.416763
0.273798
0.357747
0.298313
0.412615
0.342537
0.412274
0.328503
0.370619
0.379189
0.291819
0.345859
0.361354
0.309645
0.303291
0.299255
0.372278
0.416545
0.277312
0.311544
0.314865
0.305273
0.338166
0.396500
0.366461
0.357313
0.393290
0.252616
0.290308
0.332692
0.266666
0.281236
0.317483
0.410587
0.238849
0.204369
0.293796
0.220205
0.298369
0.310076
0.204824
0.321862
0.238090
0.179372
0.285049
0.317041
0.233711
0.237372
0.338836
0.349833
0.265884
0.259353
0.239094
0.250280
0.297505
0.241461
0.257916
0.212591
0.200783
0.223254
0.295849
0.238554
0.263584
0.251083
0.234510
0.237370
0.242619
0.282516
0.329994
0.257394
0.427304
0.235517
0.312381
0.382332
0.234639
0.232757
0.281437
0.227871
0.308877
0.219937
0.364539
0.343362
0.397888
0.407818
0.393239
0.464629
0.458151
0.476824
0.381464
0.497304
0.407325
0.416277
0.414735
0.408303
0.370285
0.495766
0.562560
0.497425
0.516699
0.519908
0.449810
0.464538
0.533960
0.515640
0.508073
0.530714
0.518042
0.456286
0.363439
0.408048
0.356881
0.366732
0.482054
0.415184
0.441552
0.437877
0.425141
0.282872
0.373951
0.350353
0.332498
0.382656
0.378853
0.446849
0.341012
0.288701
0.272819
0.381197
0.339683
0.271184
0.368319
0.276791
0.228371
0.253496
0.333653
0.331713
0.315508
0.348333
0.415814
0.300890
0.237804
0.338756
0.304702
0.396599
0.255833
0.368050
0.315013
0.323262
0.397722
0.310375
0.375872
0.344821
0.294685
0.465921
0.348054
0.340457
0.400010
0.271294
0.335624
0.353274
0.421853
0.352719
0.381241
0.410940
0.375380
0.357625
0.436736
0.447240
0.340615
0.397078
0.315707
0.311162
0.313378
0.323818
0.256756
0.291280
0.394460
0.328864
0.359038
0.356992
0.242798
0.224201
0.253225
0.285719
0.305421
0.199034
0.159682
0.279122
0.259026
0.220878
0.138083
0.202443
0.163067
0.121951
0.332682
0.336842
0.202725
0.257979
0.160049
0.213008
0.190598
0.256563
0.205863
0.190466
0.267740
0.241575
0.135909
0.224841
0.208739
0.255380
0.245640
0.188793
0.238266
0.252120
0.282514
0.226430
0.229733
0.356379
0.218533
0.241240
0.270977
0.245119
0.238210
0.255133
0.323063
0.398978
0.401228
0.308184
0.350488
0.388627
0.400592
0.346290
0.310844
0.343470
0.333325
0.247469
0.223616
0.254884
0.235599
0.215629
0.159720
0.220252
0.172474
0.128788
0.081290
0.209388
0.156815
0.199386
0.176801
0.178760
0.152395
0.146255
0.199328
0.157075
0.091536
0.161146
0.203040
0.163155
0.233359
0.092649
0.170742
0.164354
0.197292
0.137349
0.172739
0.123420
0.183672
0.241733
0.168960
0.190035
0.227957
0.195213
0.250894
0.250290
0.237829
0.132315
0.094732
0.176599
0.214045
0.204960
0.191447
0.208859
0.218504
0.266148
0.151711
0.172152
0.151232
0.143380
0.246339
0.200290
0.274505
0.152455
0.160484
0.238746
0.273104
0.266005
0.257405
0.305634
0.192960
0.195507
0.225686
0.194564
0.141704
0.136328
0.156477
0.283057
0.214425
-0.002241
0.231593
0.239740
0.225596
0.355588
0.158099
0.208287
0.152471
0.086362
0.107228
0.219201
0.166911
0.124141
0.152506
0.414091
0.110561
0.081929
0.089971
0.159317
0.171740
0.261745
0.152125
0.198250
0.196375
0.164736
0.188561
0.069702
0.132986
0.167447
0.145720
0.096163
0.134433
0.143210
0.119180
0.104425
0.130000
0.122108
0.132377
0.139198
0.133219
0.202136
0.105015
0.146878
0.105324
0.205060
0.150189
0.124642
0.162030
0.142696
0.087071
0.195094
0.185676
0.174219
0.149214
0.108976
0.091745
0.058865
0.124656
0.117063
0.070805
0.102138
0.117029
0.213513
0.150220
0.030562
0.067049
0.072190
0.166564
0.079133
0.149090
0.170111
0.076591
0.119884
0.042281
0.105012
0.062273
0.065248
0.124983
0.115613
0.045277
-0.005515
0.049351
0.052209
0.033779
0.113131
0.145823
0.025640
0.065842
0.081056
0.076308
0.031778
0.078495
0.084945
0.095904
0.028915
0.070799
0.025527
0.068568
0.046386
0.005025
-0.014407
0.110705
0.124145
0.034587
0.095685
0.115139
0.000010
0.091396
0.061334
0.065487
0.168734
0.099548
0.029338
0.023809
0.104480
0.077220
0.029702
0.176471
0.014006
0.099087
0.061210
0.062984
0.029288
0.122853
0.101069
0.096953
0.114371
0.082663
0.026075
0.091767
0.085250
0.089797
0.068872
0.102602
0.214198
0.069726
0.085985
0.106771
0.107145
0.091418
0.093663
0.117632
0.127297
0.120028
0.048042
0.113753
0.094730
0.058391
0.042609
0.162551
0.124265
0.031134
0.085474
0.154876
0.122779
0.109267
0.091819
0.159983
0.099856
0.116233
0.109879
0.109392
0.144015
0.038414
0.160251
0.149850
0.078916
0.187678
0.150647
0.105105
0.139454
0.049696
0.090931
0.095447
0.152589
0.149088
0.113637
0.160473
0.164284
0.089646
0.260119
0.198224
0.213403
0.140479
0.141783
0.198018
0.162963
0.181733
0.175079
0.248144
0.185542
0.193918
0.117790
0.125891
0.200776
0.223664
0.287073
0.232696
0.244643
0.244106
0.165444
0.194194
0.155811
0.143794
0.277776
0.324213
0.256635
0.225221
0.261278
0.258566
0.166579
0.278938
0.277032
0.217223
0.167353
0.223223
0.196352
0.200194
0.231700
0.289300
0.196853
0.240560
0.308592
0.259570
0.257195
0.195219
0.243072
0.319236
0.158358
0.287131
0.297279
0.233188
0.254802
0.186397
0.236895
0.198815
0.203613
0.268635
0.311644
0.196982
0.121970
0.217226
0.191975
0.101645
0.134718
0.112277
0.128255
0.098265
0.110796
0.079389
0.104182
0.100828
0.106227
0.108384
0.107165
0.082580
0.031029
0.077767
0.028033
0.130011
0.087782
0.093538
0.080378
0.084327
0.042945
0.055367
0.014929
-0.006512
0.093277
0.052622
0.039591
0.071899
0.033672
0.093962
0.052809
0.058286
0.130473
0.034285
0.203660
0.003049
0.101879
0.205772
0.037189
0.229506
0.190765
0.240085
