0.618420
0.527192
0.388973
0.547107
0.440174
0.440054
0.361044
0.377720
0.459386
0.371520
0.422364
0.349492
0.387375
0.393697
0.403366
0.420184
0.427514
0.353422
0.370939
0.399069
0.361450
0.389296
0.349869
0.341006
0.411565
0.359458
0.347439
0.271008
0.346166
0.273178
0.301154
0.358237
0.267350
0.332831
0.257755
0.273222
0.274660
0.255765
0.302592
0.377561
0.335128
0.316880
0.316893
0.340436
0.249195
0.258238
0.292041
0.282562
0.369775
0.318615
0.278332
0.286790
0.312475
0.354827
0.160201
0.298505
0.393912
0.288955
0.302512
0.255004
0.260080
0.293136
0.215997
0.255393
0.314584
0.241821
0.265962
0.197556
0.251363
0.290872
0.195337
0.229067
0.251850
0.163984
0.236860
0.244386
0.295708
0.203368
0.315341
0.305912
0.279550
0.351416
0.268716
0.300385
0.262717
0.273842
0.233200
0.277019
0.375672
0.323444
0.341559
0.303425
0.293914
0.325544
0.277624
0.288322
0.429800
0.464405
0.284244
0.318954
0.395914
0.357900
0.462053
0.394168
0.433803
0.373036
0.371132
0.370325
0.405481
0.370320
0.363358
0.329347
0.368356
0.340238
0.395450
0.351702
0.399342
0.441910
0.380111
0.329985
0.472734
0.387853
0.296843
0.333450
0.403922
0.331572
0.364791
0.493998
0.502229
0.454489
0.499860
0.363157
0.447870
0.428687
0.331847
0.382637
0.404105
0.428451
0.334960
0.364044
0.360635
0.313533
0.391850
0.406887
0.310250
0.384064
0.394276
0.336079
0.337309
0.402912
0.355262
0.440657
0.447864
0.353007
0.471045
0.337907
0.345221
0.255098
0.370062
0.424933
0.367038
0.320370
0.350717
0.348066
0.378314
0.399414
0.453822
0.360032
0.435720
0.260792
0.253393
0.392728
0.394714
0.376265
0.429833
0.417800
0.467851
0.463871
0.420238
0.376460
0.425905
0.432849
0.323487
0.451197
0.505558
0.418430
0.458280
0.382974
0.493309
0.500764
0.506762
0.521114
0.491906
0.560811
0.510508
0.538663
0.556167
0.622435
0.625091
0.621582
0.662975
0.664961
0.550867
0.517265
0.591775
0.584758
0.592752
0.662385
0.703613
0.632974
0.670610
0.665768
0.697833
0.668978
0.631445
0.631204
0.795954
0.692315
0.650965
0.687473
0.624291
0.711620
0.735231
0.726746
0.699354
0.776042
0.763625
0.797403
0.832451
0.804271
0.815846
0.792743
0.812124
0.798284
0.721232
0.770730
0.744834
0.749075
0.770294
0.793005
0.745293
0.803260
0.811325
0.862558
0.809289
0.832252
0.744603
0.823914
0.842147
0.835033
0.837688
0.853208
0.831131
0.836340
0.806453
0.871257
0.824869
0.856668
0.853445
0.889997
0.822139
0.871300
0.800498
0.846665
0.869847
0.848292
0.810406
0.844691
0.871287
0.827919
0.842040
0.813673
0.834816
0.819238
0.866993
0.890350
0.862596
0.874261
0.853555
0.884477
0.888911
0.870181
0.818316
0.826554
0.812938
0.846347
0.849938
0.863421
0.832501
0.826664
0.858792
0.868995
0.839590
0.853203
0.811851
0.779713
0.833539
0.780611
0.777219
0.763003
0.730795
0.772199
0.795646
0.788913
0.750746
0.699637
0.778469
0.757519
0.743359
0.767511
0.712613
0.712562
0.700415
0.613338
0.663919
0.629449
0.675829
0.653841
0.617969
0.640308
0.580291
0.668825
0.657539
0.637922
0.579801
0.593979
0.498810
0.543911
0.587745
0.518942
0.602721
0.468143
0.445078
0.517502
0.473878
0.529345
0.535874
0.480757
0.562585
0.600924
0.585526
0.580652
0.574474
0.506913
0.609188
0.557881
0.519288
0.507685
0.494263
0.544094
0.531241
0.578786
0.571378
0.565308
0.536957
0.553437
0.496926
0.446288
0.566584
0.456429
0.586319
0.494933
0.586923
0.542576
0.537569
0.569490
0.601556
0.637435
0.600551
0.583372
0.612346
0.618108
0.595991
0.646462
0.625281
0.636069
0.609435
0.587421
0.509903
0.503348
0.521462
0.538144
0.550912
0.531396
0.474895
0.457707
0.391343
0.477904
0.412507
0.446721
0.391749
0.415012
0.411867
0.376729
0.434477
0.317656
0.375040
0.396980
0.329828
0.397517
0.327217
0.335902
0.324826
0.377336
0.335678
0.401627
0.343284
0.320837
0.367701
0.315493
0.301589
0.245698
0.244923
0.233628
0.324531
0.411358
0.404510
0.423876
0.416632
0.381770
0.380869
0.421004
0.507126
0.432555
0.440086
0.398472
0.380874
0.463240
0.431104
0.431027
0.426083
0.503671
0.439307
0.543941
0.565033
0.530363
0.611637
0.579281
0.468549
0.511549
0.673688
0.563833
0.565363
0.526573
0.563012
0.496538
0.567475
0.606044
0.460050
0.602515
0.551630
0.595172
0.550803
0.494608
0.513612
0.524625
0.489063
0.503431
0.571903
0.499293
0.426842
0.583072
0.516243
0.553240
0.500614
0.405300
0.479622
0.463763
0.426228
0.482906
0.412127
0.416519
0.489371
0.416298
0.380019
0.371123
0.391259
0.403510
0.380690
0.386999
0.327467
0.424204
0.422220
0.442750
0.420222
0.465044
0.515577
0.432821
0.484404
0.402418
0.342705
0.444727
0.417307
0.456242
0.429270
0.505463
0.475544
0.515988
0.499633
0.583287
0.432285
0.517738
0.508642
0.490749
0.523956
0.464530
0.465242
0.448816
0.499034
0.514900
0.462238
0.521216
0.477644
0.424303
0.442771
0.582926
0.554352
0.523518
0.459761
0.435038
0.530970
0.470385
0.404489
0.419139
0.443701
0.389617
0.381108
0.502220
0.448168
0.445328
0.522270
0.497596
0.401080
0.493056
0.593368
0.442340
0.592950
0.503610
0.451283
0.521660
0.380659
0.480136
0.478277
0.617202
0.553443
0.498811
0.531645
0.504580
0.553635
0.513812
0.476500
0.493560
0.478427
0.484387
0.465361
0.432589
0.509431
0.419814
0.400667
0.472336
0.474683
0.351979
0.380242
0.438574
0.485069
0.417854
0.415433
0.421337
0.524904
0.400999
0.433613
0.461608
0.403504
0.432967
0.412312
0.520974
0.394832
0.441314
0.414094
0.489092
0.446849
0.348119
0.406421
0.395908
0.349671
0.489253
0.378897
0.419967
0.444320
0.390346
0.425578
0.411075
0.427889
0.411766
0.327768
0.393943
0.409520
0.418332
0.490675
0.442670
0.410996
0.425220
0.339963
0.420768
0.360024
0.401394
0.393049
0.446620
0.474307
0.485537
0.421418
0.470309
0.444687
0.397473
0.406138
0.451951
0.453052
0.433457
0.387971
0.383779
0.365971
0.335377
0.302506
0.369061
0.410370
0.400838
0.376878
0.323309
0.347763
0.424120
0.472066
0.410798
0.445395
0.407918
0.421246
0.367052
0.331620
0.362855
0.340361
0.381601
0.472406
0.434202
0.402542
0.331423
0.480966
0.462735
0.453555
0.491074
0.519668
0.357678
0.394959
0.460149
0.409950
0.431362
0.529705
0.518170
0.449827
0.448676
0.425374
0.454653
0.431823
0.474119
0.474467
0.469200
0.485850
0.452977
0.488480
0.415245
0.414172
0.419765
0.523289
0.525100
0.409558
0.404703
0.393145
0.519790
0.460491
0.362257
0.330026
0.407513
0.424812
0.439370
0.475051
0.426553
0.337506
0.383701
0.424624
0.409112
0.252027
0.374036
0.424757
0.346628
0.304312
0.316609
0.328396
0.297752
0.301680
0.266658
0.387816
0.257238
0.275131
0.295154
0.339797
0.354574
0.307273
0.311266
0.302313
0.258393
0.312153
0.359651
0.369755
0.277834
0.352242
0.343562
0.262556
0.327478
0.288160
0.236977
0.253196
0.313928
0.331604
0.303649
0.329653
0.422908
0.313717
0.332356
0.340748
0.320829
0.344601
0.336222
0.255399
0.250894
0.258881
0.318317
0.280072
0.290424
0.343580
0.364778
0.287934
0.331494
0.261912
0.321118
0.410193
0.234778
0.371416
0.327563
0.266862
0.362480
0.366244
0.289297
0.341607
0.358312
0.290557
0.361172
0.316308
0.359029
0.378885
0.400261
0.377048
0.414621
0.430052
0.435487
0.475397
0.383331
0.405737
0.445339
0.463289
0.515144
0.512616
0.497689
0.475485
0.498757
0.434699
0.443301
0.421584
0.473239
0.437344
0.388325
0.543390
0.465170
0.390424
0.505248
0.490754
0.405512
0.421540
0.412966
0.269625
0.355356
0.484039
0.467792
0.472355
0.439306
0.413777
0.423799
0.339331
0.357464
0.318990
0.351838
0.394020
0.420170
0.439875
0.505280
0.459055
0.459892
0.395647
0.440803
0.416260
0.443987
0.504959
0.486562
0.439203
0.442193
0.489925
0.463235
0.439688
0.519683
0.523932
0.523789
0.489293
0.558834
0.589528
0.589128
0.543477
0.481487
0.623077
0.538753
0.593131
0.523857
0.485082
0.652857
0.499127
0.608255
0.617023
0.585553
0.647083
0.568029
0.496610
0.536866
0.543327
0.523553
0.641133
0.535781
0.557994
0.477818
0.531722
0.516819
0.548426
0.537490
0.521404
0.542425
0.534428
0.481046
0.495659
0.510145
0.464808
0.502324
0.537662
0.505565
0.510031
0.419905
0.432725
0.423700
0.515033
0.491069
0.462415
0.553278
0.504114
0.439026
0.490383
0.521891
0.485485
0.456360
0.496725
0.471493
0.395416
0.398342
0.440384
0.419831
0.390371
0.458720
0.461934
0.439192
0.490542
0.494096
0.458526
0.394962
0.405286
0.396822
0.426633
0.419406
0.507139
0.394380
0.470820
0.419540
0.469795
0.494731
0.414901
0.452833
0.418363
0.390918
0.379154
0.428363
0.360302
0.410544
0.463644
0.400549
0.379710
0.371051
0.321712
0.289989
0.341730
0.367028
0.400360
0.334453
0.317117
0.337091
0.345704
0.343143
0.379255
0.350453
0.390003
0.273195
0.332516
0.351124
0.294657
0.200783
0.393701
0.307971
0.218882
0.349497
0.344390
0.376801
0.374221
0.361587
0.430974
0.295849
0.360448
0.414574
0.317879
0.438904
0.452202
0.350153
0.474667
0.521366
0.456129
0.440806
0.444260
0.419994
0.383771
0.419924
0.444247
0.458189
0.419066
0.432581
0.472032
0.448545
0.415598
0.497650
0.417853
0.469436
0.451070
0.369752
0.449604
0.406259
0.277645
0.365714
0.419220
0.424085
0.369978
0.330981
0.437061
0.388430
0.367623
0.278191
0.354804
0.338379
0.248970
0.334804
0.267080
0.220476
0.172541
0.232829
0.217718
0.241046
0.233893
0.206650
0.264032
0.219553
0.210471
0.156500
0.261184
0.152272
0.239929
0.162389
0.143490
0.168622
0.192928
0.216655
0.173164
0.195733
0.202585
0.199643
0.127810
0.123116
0.147374
0.119196
0.121288
0.175896
0.267644
0.226380
0.170919
0.178397
0.138071
0.274967
0.292590
0.182729
0.396962
0.120046
0.210818
0.392651
0.209833
0.312425
0.270811
0.253639
