0.545914
0.269944
0.160929
0.188300
0.182377
0.235152
0.143988
0.179161
0.141353
0.199167
0.203974
0.149306
0.224705
0.183066
0.159924
0.143698
0.191127
0.174730
0.086561
0.147712
0.115114
0.144325
0.008701
0.159449
0.232460
0.125487
0.187130
0.162302
0.004837
0.052074
0.070179
0.108872
0.052649
0.086791
0.110562
0.157266
0.159700
0.147036
0.161085
0.108325
0.002855
0.084132
0.119398
0.021186
0.098925
0.082662
0.044554
0.116330
0.168842
0.031640
0.024312
0.050173
0.140154
0.149201
0.112232
0.108484
0.116451
0.095910
0.059039
0.124826
0.114176
0.060114
0.046106
0.130774
0.121189
0.156687
0.044985
0.067459
0.118336
0.116465
0.079905
0.141747
0.007924
0.087295
0.088893
0.043163
0.077682
0.038254
0.105726
0.076514
0.063283
0.106592
0.093200
0.017234
0.075056
0.071765
0.096937
0.088706
0.078291
0.098981
0.088897
0.021802
0.125414
0.030160
0.056946
0.095481
0.117042
0.101608
0.043739
0.059289
0.070040
0.161988
0.139814
0.159594
0.072479
0.059195
0.043966
0.125748
0.108287
0.051245
0.081133
0.099955
0.138408
0.121381
0.036467
0.091878
0.108987
0.170868
0.055585
0.142768
0.180222
0.104685
0.032914
0.077708
0.138771
0.114427
0.046463
0.097383
0.121851
0.105842
0.044470
0.111629
0.071501
0.141601
0.117811
0.167706
0.169515
0.076450
0.102596
0.098622
0.100043
0.052658
0.158948
0.164661
0.147676
0.158251
0.092978
0.123569
0.069051
0.155020
0.161445
0.121152
0.030336
0.063875
0.073330
0.090875
0.098585
0.044987
0.084681
0.150747
0.040378
0.129883
0.125720
0.129931
0.106443
0.102359
0.095283
0.108128
0.137693
0.128871
0.128908
0.078822
0.054842
0.036399
0.107575
0.125965
0.096288
0.108142
0.015017
0.071371
0.088684
0.100859
0.086410
0.134724
0.144396
0.126284
0.074246
0.144877
0.068565
0.075151
0.019906
0.116105
0.103197
0.258334
0.117982
0.027549
0.122282
0.108674
0.078233
0.147017
0.149497
0.080182
0.110128
0.150360
0.042936
0.062375
0.098441
0.160398
0.097628
0.107925
0.048683
0.095440
0.039402
0.116492
0.089072
0.128131
0.096387
0.042273
0.081990
0.027969
0.110390
0.071325
0.069191
0.077391
0.106973
0.127721
0.084073
0.017938
0.011235
0.100208
0.120751
0.105084
0.081450
0.053023
0.006058
0.055841
0.054474
0.039714
0.052027
0.063421
0.082811
0.055235
0.045542
0.055471
0.175978
0.057287
0.083596
0.062047
0.059082
0.103202
0.017419
0.071322
0.074396
0.054955
0.023038
0.116565
0.122054
0.107422
-0.002049
0.085552
0.062988
0.151679
0.090448
0.123682
0.130859
0.086773
0.033956
0.070405
0.074870
0.052263
0.128007
0.161787
0.106682
0.133036
0.035563
0.131056
0.089249
0.132320
0.084554
0.134711
0.005144
0.057634
0.118714
0.008644
0.102039
0.074809
0.045087
0.072633
0.116263
0.085936
0.080177
0.073208
0.026670
0.076351
0.073112
0.106499
0.044658
0.056340
0.082913
0.069021
0.006469
0.061385
0.048839
0.097771
0.073680
0.095775
0.049033
0.035790
0.046413
0.057707
0.060261
0.121076
0.138340
0.064986
0.002913
0.029860
0.033990
0.035957
0.071336
0.101323
0.029187
0.113990
0.018425
0.018663
0.028876
0.085621
0.006664
0.135168
0.089071
0.022727
0.048314
0.028844
0.031572
0.004083
0.065213
0.034588
0.065437
0.100927
0.022601
0.043123
0.059134
0.034856
0.037451
0.148776
0.029649
0.002729
0.077707
-0.003475
0.098016
-0.000511
0.085132
0.123592
0.060580
0.058799
0.021893
0.005324
0.038345
0.183942
0.147331
0.081444
0.144255
0.114116
0.032853
0.068485
0.109342
0.017190
0.118328
0.101868
0.149298
0.169331
0.093256
0.121694
0.119736
0.189026
0.147071
0.123944
0.234186
0.194807
0.130690
0.206111
0.159961
0.115812
0.212022
0.189800
0.118805
0.179812
0.132125
0.169978
0.153911
0.231660
0.139835
0.083808
0.238841
0.187325
0.239010
0.229050
0.223445
0.166529
0.182272
0.178706
0.283864
0.315101
0.189885
0.164432
0.277951
0.288750
0.269402
0.331931
0.332925
0.250912
0.325015
0.314083
0.210468
0.224649
0.277206
0.227304
0.301915
0.270946
0.241553
0.276186
0.263188
0.313362
0.134040
0.339417
0.333669
0.187702
0.233728
0.277072
0.287490
0.227044
0.272712
0.281136
0.339550
0.238538
0.216452
0.246500
0.236433
0.314516
0.304066
0.269483
0.274831
0.234561
0.193067
0.214615
0.193829
0.213041
0.259409
0.213667
0.344811
0.249138
0.226490
0.207389
0.281342
0.295329
0.275362
0.261085
0.392993
0.303691
0.270929
0.222151
0.226225
0.234192
0.211837
0.345454
0.320472
0.418458
0.370325
0.313670
0.331612
0.262705
0.309621
0.285618
0.304596
0.156270
0.269686
0.290925
0.225566
0.260306
0.299622
0.271295
0.271829
0.238933
0.281739
0.313622
0.206038
0.375881
0.242798
0.243286
0.225760
0.166391
0.228138
0.200510
0.231745
0.181203
0.239606
0.289510
0.219778
0.379640
0.356974
0.272004
0.247291
0.265071
0.254706
0.252494
0.393296
0.275281
0.315241
0.268464
0.195959
0.249112
0.219709
0.171742
0.323488
0.247885
0.244535
0.252358
0.242849
0.258932
0.250158
0.182361
0.331578
0.204407
0.211949
0.170204
0.193033
0.235725
0.197692
0.300801
0.276318
0.242792
0.257877
0.313801
0.182863
0.247127
0.289867
0.236114
0.137659
0.251391
0.204691
0.236051
0.193586
0.179626
0.205387
0.204750
0.146139
0.107739
0.042620
0.151812
0.057308
0.119618
0.048800
0.141015
0.163635
0.087432
0.139271
0.101440
0.018324
0.015922
0.125948
0.156997
0.017440
0.164700
0.084123
0.111257
0.107827
0.182642
0.101835
0.096179
0.135746
0.084964
0.112964
0.087487
0.087482
-0.006340
0.083617
0.124086
0.168313
0.147596
0.141214
0.126001
0.108029
0.218340
0.215715
0.139208
0.268624
0.169953
0.178054
0.198843
0.203259
0.113695
0.105682
0.308446
0.276722
0.211734
0.196961
0.207160
0.190257
0.200504
0.164799
0.269767
0.154362
0.212265
0.192337
0.163255
0.160095
0.090372
0.271782
0.184316
0.110892
0.194510
0.124419
0.124584
0.160426
0.175055
0.259292
0.145239
0.243595
0.152803
0.119969
0.056822
0.225175
0.194496
0.086547
0.142319
0.131588
0.137128
0.089477
0.129049
0.129904
0.126405
0.106215
0.171150
0.081618
0.104367
0.131606
0.175070
0.180083
0.034063
0.111602
0.149891
0.144637
0.172793
0.040295
0.122459
0.197086
0.145241
0.139751
0.131965
0.154797
0.116570
0.151074
0.140490
0.014561
0.099527
0.098111
0.131501
0.073568
0.154287
0.085151
0.137195
0.115914
0.129946
0.090410
0.109186
0.113554
0.118246
0.148768
0.069940
0.197465
0.099303
0.052857
0.145220
0.200119
0.123492
0.049981
0.110582
0.130835
0.168128
0.078005
0.183923
0.168730
0.127808
0.092254
0.109142
0.063616
0.070735
0.090360
0.202002
0.089061
0.081278
0.060550
0.056672
0.085346
0.083768
0.070254
0.141989
0.078454
0.063232
0.024079
0.066274
0.101182
0.015854
0.096372
0.068174
0.008719
0.083729
0.066780
0.063874
0.000214
0.064208
0.019767
0.091879
0.120962
0.091959
-0.010967
0.137141
0.068259
-0.008508
0.036022
0.095209
0.098404
0.096736
0.009929
0.039477
0.009912
0.088797
0.104400
0.162663
0.060410
0.057271
0.041080
0.046082
0.013230
0.067520
0.094141
0.124513
0.053949
0.113561
0.067013
0.020870
0.045158
0.119712
0.135584
0.088512
0.075016
0.063482
0.073299
0.089072
0.099107
0.083423
0.002650
0.075476
0.178673
0.085647
0.000826
0.051669
0.103249
0.125315
0.103592
0.201023
0.094488
0.076095
0.073503
0.107092
0.128313
0.049538
0.173337
0.259594
0.103055
0.165571
0.057839
0.145261
0.107010
0.164121
0.200973
0.187715
0.117282
0.190525
0.132031
0.240171
0.179089
0.147852
0.203902
0.176014
0.145329
0.243133
0.158922
0.111077
0.167766
0.182988
0.158665
0.201081
0.124513
0.067744
0.085525
0.216190
0.112617
0.080129
0.075595
0.179335
0.061842
0.040468
0.073874
0.162656
0.118236
0.130741
0.106600
0.157937
0.084585
0.060580
0.091414
0.069459
0.223392
0.000059
0.068822
0.170003
0.192173
0.101065
0.051685
0.114152
0.094960
0.200055
0.049593
0.168825
0.046922
0.054116
0.020669
0.042386
0.160432
0.100096
-0.009559
0.117458
0.061005
0.158824
0.010277
0.032184
0.067346
0.119537
0.096246
0.109074
0.065153
0.054016
0.114123
0.030007
0.078289
0.064588
-0.021187
0.060658
0.100209
0.049028
0.072222
0.045451
-0.013076
0.037503
0.024012
0.066550
0.074403
0.035916
0.085132
0.034557
0.050284
0.024845
0.071213
0.056279
0.106423
0.035208
0.025567
0.091537
0.007531
0.018444
0.104257
0.134099
0.060319
0.058947
0.041502
0.102866
0.021174
0.084842
0.057459
0.139067
0.051298
0.066277
-0.007868
0.074768
0.007181
0.090707
0.099918
0.110018
0.027278
0.048452
0.050731
0.103292
0.046105
0.011083
0.032371
0.103065
0.092900
0.081612
-0.010038
0.051922
0.002534
0.033563
0.024576
0.129227
0.028584
0.043861
0.010141
0.041906
0.020290
0.012164
0.030682
0.074204
0.017947
0.079405
-0.020541
0.004728
0.023477
0.043758
0.011443
0.096430
0.044604
-0.028707
-0.022854
-0.015443
0.053260
0.025361
0.016186
0.054651
0.129960
0.031223
-0.013485
0.018728
0.033350
0.024298
0.084575
0.116911
0.091197
0.030992
-0.067292
-0.002152
-0.013066
0.063574
0.016480
0.059433
0.046838
0.083483
0.019317
0.061487
0.038068
-0.015847
0.013220
0.109173
-0.052497
0.015304
0.055868
-0.003958
0.038529
-0.007087
-0.009816
0.077784
-0.036357
0.069334
-0.003486
0.013038
0.039045
0.027016
-0.022548
0.137767
-0.011563
0.022745
0.006632
-0.003403
-0.052733
-0.010403
0.051145
0.044406
0.015985
0.075256
-0.003859
-0.010163
-0.001316
0.052627
0.026350
0.127391
0.010185
-0.003043
-0.024658
-0.032491
0.012714
0.028945
-0.023728
0.041917
0.014218
0.035558
0.008823
0.000341
0.088434
-0.029996
-0.039466
0.120552
-0.007134
-0.039392
0.037134
0.027144
-0.028587
-0.022641
0.016722
0.078448
0.031104
0.081487
-0.021000
-0.030351
0.093011
0.047197
-0.003699
0.008122
0.124471
-0.056412
-0.037622
0.154619
-0.036632
0.161718
0.168257
0.248623
