0.649765
0.839004
0.784167
0.930552
0.918192
0.923826
0.873957
0.921826
0.956737
0.907292
0.884282
0.895506
0.865369
0.916952
0.915375
0.940964
0.910018
0.896261
0.899005
0.934443
0.915414
0.940526
0.905671
0.869706
0.911934
0.901687
0.862875
0.900092
0.913507
0.921827
0.908855
0.893583
0.879214
0.868187
0.873381
0.913287
0.894252
0.887949
0.857657
0.893149
0.883206
0.878959
0.840511
0.883263
0.875468
0.868722
0.869178
0.879486
0.837303
0.853187
0.873757
0.881436
0.903184
0.877681
0.819061
0.873312
0.894992
0.861412
0.852177
0.845024
0.878357
0.866103
0.875103
0.884860
0.809572
0.877614
0.873308
0.917037
0.879199
0.893104
0.831620
0.898014
0.897287
0.875274
0.851843
0.898884
0.840589
0.858498
0.846766
0.880599
0.812789
0.886705
0.898371
0.930345
0.886386
0.913117
0.884615
0.868906
0.913726
0.882409
0.847022
0.885745
0.910462
0.910294
0.888522
0.912757
0.862876
0.888322
0.906856
0.904445
0.899068
0.887043
0.841272
0.851705
0.871314
0.852961
0.814771
0.883345
0.852043
0.866071
0.855392
0.864441
0.826657
0.776707
0.835147
0.808244
0.771620
0.804204
0.798473
0.787197
0.824050
0.811743
0.777250
0.765872
0.798545
0.763364
0.760013
0.683029
0.649545
0.679308
0.713160
0.755477
0.712738
0.676673
0.651435
0.748241
0.732955
0.689496
0.637758
0.700261
0.667672
0.718354
0.712294
0.690530
0.672682
0.607106
0.628807
0.645678
0.570560
0.645285
0.544891
0.611393
0.588950
0.557272
0.620263
0.470169
0.529438
0.567848
0.567251
0.524794
0.441906
0.536978
0.472779
0.396553
0.432038
0.480287
0.458062
0.329511
0.462460
0.354651
0.321309
0.388569
0.295281
0.244931
0.311464
0.347328
0.274479
0.369251
0.335854
0.332859
0.274201
0.273263
0.248634
0.236719
0.371857
0.255726
0.259273
0.303148
0.257503
0.239728
0.201191
0.271621
0.346274
0.306513
0.215724
0.270201
0.239710
0.263183
0.123763
0.212970
0.248806
0.149139
0.157816
0.220704
0.193946
0.177846
0.152997
0.179314
0.113098
0.072900
0.089269
0.128330
0.157927
0.199879
0.109160
0.115035
0.163248
0.085530
0.066640
0.045867
0.093055
0.007817
0.107397
0.098938
0.156084
0.072863
0.034574
0.105116
0.065312
0.142766
0.142707
0.077113
0.083966
0.107210
0.064169
0.041997
0.056794
-0.001277
0.090638
0.125602
0.033338
0.120362
0.075565
0.114645
0.108799
0.092531
0.155944
0.155339
0.154907
0.099065
0.056841
0.078074
0.126440
0.032127
0.132304
0.224470
0.163052
0.209431
0.128335
0.131065
0.115580
0.204088
0.181090
0.154742
0.178126
0.108439
0.180624
0.241639
0.237732
0.147067
0.187357
0.359793
0.262156
0.240099
0.191423
0.088079
0.177685
0.152661
0.103116
0.259760
0.181141
0.186241
0.257685
0.127981
0.090709
0.193558
0.220153
0.111660
0.194251
0.162341
0.098713
0.091464
0.078714
0.170258
0.100631
0.190810
0.227775
0.130261
0.155485
0.080466
0.164850
0.075623
0.203115
0.087839
0.228249
0.259119
0.152490
0.172114
0.284852
0.195938
0.228396
0.216195
0.267802
0.211146
0.245805
0.217588
0.289958
0.265136
0.203890
0.307143
0.373912
0.399024
0.320959
0.342855
0.334762
0.336404
0.304036
0.429718
0.510613
0.367416
0.352271
0.404101
0.498843
0.513348
0.441662
0.482054
0.500528
0.498391
0.560374
0.603667
0.597611
0.588615
0.577363
0.574074
0.621921
0.609889
0.603754
0.553863
0.617574
0.576416
0.673947
0.666127
0.601668
0.637061
0.606050
0.616070
0.600029
0.609339
0.585269
0.660323
0.661296
0.556406
0.532572
0.603443
0.549107
0.562263
0.500148
0.594240
0.452473
0.577260
0.581465
0.564436
0.580081
0.530077
0.541739
0.522357
0.567568
0.467088
0.596485
0.494448
0.412663
0.486028
0.499950
0.522437
0.500823
0.547150
0.567407
0.626631
0.598936
0.642479
0.620539
0.589339
0.609659
0.658988
0.560656
0.607846
0.575247
0.595271
0.580286
0.751793
0.673501
0.646848
0.737912
0.702452
0.588226
0.673877
0.607219
0.663221
0.645283
0.609290
0.695529
0.644731
0.670032
0.647177
0.659353
0.642925
0.583685
0.588773
0.550187
0.616720
0.584357
0.642951
0.571810
0.594355
0.594299
0.582489
0.629104
0.523651
0.483655
0.542054
0.537132
0.456159
0.512065
0.426473
0.427552
0.442806
0.444655
0.498888
0.406796
0.442493
0.491241
0.399946
0.349142
0.348903
0.299374
0.334537
0.296224
0.353744
0.353543
0.370444
0.391828
0.321501
0.424479
0.419808
0.338044
0.288938
0.494562
0.342184
0.192578
0.221360
0.218843
0.194849
0.204980
0.236974
0.343551
0.238591
0.313920
0.237212
0.253492
0.272018
0.284493
0.189423
0.101528
0.162016
0.147237
0.126603
0.113425
0.089928
0.166830
0.222524
0.152123
0.124775
0.058023
0.135040
0.094225
0.168260
0.094155
0.143574
0.112944
0.083365
0.043293
0.068157
0.078708
0.056206
0.097931
0.032756
0.083305
0.079714
0.002795
0.066800
0.063978
0.092641
0.046109
0.127453
-0.006957
0.102597
0.080350
0.070027
0.052804
0.041508
0.040650
0.112678
0.025626
0.154522
0.082301
0.048838
0.137880
0.125692
0.146394
0.122800
0.110933
0.091780
0.080300
0.086311
0.069080
0.123681
0.079919
0.104170
0.127033
0.159171
0.039337
0.129221
0.130779
0.099824
-0.020246
0.131877
0.099166
0.092353
0.069683
0.068167
0.087025
0.072661
0.082691
0.109810
0.071816
0.099811
0.046773
0.086339
0.025379
0.040986
0.087049
0.141877
0.061245
0.041717
0.047554
0.048840
-0.000028
0.078904
0.024106
0.090196
0.079961
-0.006735
-0.003806
0.061236
0.014100
0.125742
-0.003961
0.096602
0.090741
0.109809
0.004566
0.012560
0.050923
-0.012896
0.021407
0.118366
0.051871
0.086317
0.031889
0.044856
0.007826
0.088087
0.076311
0.116095
0.109056
0.082532
0.088761
0.076181
0.018355
0.000113
0.083676
0.083505
0.161370
0.153064
0.017513
0.033992
0.078863
0.095621
0.017658
0.079832
0.172535
0.064384
0.057142
0.086048
0.126736
0.165777
0.034143
0.093040
0.091760
0.231145
0.094202
0.113920
0.125930
0.139592
0.081422
0.109436
0.117959
0.073769
0.219747
0.097640
0.141753
0.156349
0.109656
0.226284
0.194082
0.194277
0.151695
0.079603
0.091112
0.217005
0.195976
0.237982
0.162113
0.080009
0.157842
0.140076
0.153590
0.047741
0.150605
0.169527
0.166191
0.177540
0.100705
0.146045
0.194640
0.265472
0.170148
0.180354
0.271357
0.130434
0.134558
0.180469
0.232478
0.182756
0.156618
0.245005
0.193071
0.226214
0.163001
0.230641
0.163930
0.255685
0.256056
0.139044
0.221124
0.161950
0.251259
0.176578
0.168955
0.172343
0.242032
0.242759
0.226945
0.399143
0.350485
0.323092
0.375900
0.371063
0.341565
0.358533
0.447470
0.372774
0.394215
0.388079
0.332224
0.300153
0.360960
0.470746
0.357869
0.501419
0.475554
0.466451
0.486069
0.531200
0.537323
0.468981
0.575563
0.477062
0.447806
0.475731
0.406277
0.473654
0.448603
0.522632
0.569338
0.461754
0.397611
0.444483
0.387940
0.501277
0.384036
0.460682
0.488959
0.469922
0.348750
0.419084
0.380958
0.400850
0.373978
0.470990
0.417736
0.508972
0.459525
0.515653
0.407329
0.454792
0.374796
0.424332
0.495901
0.370938
0.436492
0.418358
0.345383
0.397908
0.401361
0.465042
0.388973
0.409935
0.461703
0.419029
0.560658
0.527057
0.301538
0.461767
0.533868
0.448292
0.411275
0.371342
0.422965
0.400334
0.473105
0.579896
0.540577
0.526591
0.469312
0.420870
0.419258
0.457343
0.458264
0.396388
0.530240
0.388036
0.420093
0.340401
0.295829
0.321155
0.376942
0.356123
0.449439
0.386987
0.270889
0.346226
0.326551
0.375580
0.306522
0.283315
0.336279
0.213604
0.185453
0.283968
0.178434
0.143578
0.161328
0.253439
0.248668
0.314253
0.283166
0.301787
0.255512
0.225169
0.269086
0.228900
0.156786
0.121050
0.207609
0.197417
0.224784
0.300391
0.273641
0.311177
0.370437
0.244613
0.266739
0.224969
0.242176
0.322850
0.225651
0.166279
0.320500
0.212712
0.130061
0.250714
0.253330
0.206483
0.129260
0.209882
0.184330
0.222912
0.166758
0.125277
0.335607
0.284921
0.192595
0.269928
0.226013
0.197563
0.103310
0.156947
0.186946
0.116440
0.176755
0.209670
0.159029
0.249468
0.215700
0.188639
0.187000
0.186543
0.275748
0.245971
0.287107
0.178082
0.176897
0.158270
0.279126
0.217018
0.188872
0.304924
0.276921
0.337012
0.316584
0.357662
0.364699
0.390375
0.345185
0.397265
0.406817
0.293047
0.335983
0.344122
0.313697
0.295955
0.378697
0.427992
0.441687
0.431254
0.413270
0.408165
0.431637
0.488998
0.444914
0.413925
0.535390
0.459429
0.393207
0.474383
0.431689
0.386429
0.433252
0.568140
0.511829
0.528149
0.482959
0.501638
0.426979
0.454357
0.371436
0.466670
0.440315
0.367819
0.424860
0.326072
0.320255
0.295212
0.293036
0.327127
0.285359
0.324036
0.239347
0.242405
0.249587
0.223948
0.252256
0.240762
0.242890
0.252598
0.150842
0.179219
0.120333
0.161635
0.158785
0.173481
0.164183
0.205382
0.191497
0.173601
0.195194
0.129465
0.151008
0.209053
0.095702
0.098771
0.122275
0.153619
0.107619
0.071789
0.142724
0.194052
0.177126
0.242667
0.127865
0.209728
0.205764
0.280683
0.203157
0.265622
0.202210
0.149762
0.225885
0.179133
0.160268
0.163164
0.218603
0.294242
0.224837
0.237046
0.239092
0.226934
0.248454
0.255998
0.201892
0.296529
0.273045
0.246289
0.323615
0.262488
0.198322
0.152984
0.233262
0.326072
0.260602
0.221327
0.213844
0.206358
0.164630
0.181506
0.205565
0.281916
0.167807
0.130101
0.154223
0.155067
0.081777
0.131142
0.203432
0.147905
0.004801
0.156969
0.048874
0.072548
0.061876
0.059461
0.113924
0.156677
0.025487
0.012005
0.102500
0.099448
0.115763
0.073985
0.085365
0.130618
0.068439
0.045445
0.012000
0.097718
0.028000
0.108610
0.061321
0.134983
0.044664
0.063294
0.057727
0.086152
0.072187
0.022927
0.086199
0.081030
0.139864
0.104705
0.065541
0.078551
0.124017
0.160354
0.033060
0.075725
0.376115
0.087398
0.031832
0.233651
0.164145
0.258842
0.253765
0.251418
