0.609420
0.476899
0.271759
0.384371
0.316629
0.339892
0.323532
0.304208
0.441555
0.285519
0.293189
0.338261
0.307176
0.276239
0.357329
0.378324
0.260047
0.219111
0.235483
0.222743
0.158536
0.276545
0.263674
0.227938
0.246259
0.255104
0.201910
0.154205
0.162525
0.163964
0.296513
0.263682
0.174169
0.184130
0.135982
0.228457
0.197088
0.219379
0.169933
0.117218
0.257860
0.124567
0.135220
0.135472
0.261390
0.168912
0.161298
0.266315
0.185887
0.283493
0.207406
0.179239
0.218105
0.164817
0.130767
0.292666
0.221228
0.229746
0.210162
0.183944
0.187296
0.234392
0.126157
0.187851
0.269008
0.231387
0.164812
0.225782
0.260386
0.245359
0.199270
0.248474
0.273508
0.166474
0.193913
0.176752
0.216588
0.178010
0.245000
0.330126
0.263098
0.254070
0.297545
0.244160
0.254969
0.279380
0.258095
0.306961
0.228591
0.240847
0.208971
0.305726
0.188981
0.302106
0.224951
0.361099
0.387789
0.287082
0.316226
0.286454
0.304199
0.385823
0.356294
0.290756
0.299245
0.351012
0.292887
0.325932
0.237608
0.281399
0.324622
0.362940
0.422327
0.343966
0.258981
0.315755
0.203612
0.384428
0.319732
0.355054
0.374449
0.257599
0.295561
0.273973
0.275127
0.264407
0.271733
0.301359
0.321333
0.294747
0.300927
0.239243
0.236507
0.266384
0.134798
0.285716
0.241103
0.261726
0.100023
0.182445
0.229951
0.235417
0.169194
0.176615
0.268012
0.166490
0.133679
0.143166
0.217128
0.261079
0.258804
0.245535
0.253138
0.233866
0.146187
0.167522
0.120743
0.186897
0.204486
0.194951
0.146567
0.227059
0.175700
0.116721
0.204243
0.204625
0.152252
0.245552
0.152439
0.194856
0.169769
0.189343
0.184038
0.187251
0.211158
0.294343
0.210833
0.219811
0.209902
0.189333
0.219434
0.226941
0.175579
0.221891
0.199212
0.194316
0.233164
0.204639
0.145878
0.219102
0.107734
0.226727
0.209245
0.225747
0.252253
0.196366
0.249331
0.224578
0.309628
0.299310
0.223434
0.187600
0.248168
0.210045
0.240523
0.297424
0.275478
0.291685
0.287424
0.404209
0.341083
0.420191
0.370907
0.407401
0.354586
0.415042
0.346912
0.338216
0.452804
0.377585
0.459928
0.406233
0.514341
0.573577
0.503177
0.611849
0.567446
0.572664
0.545472
0.561770
0.527375
0.552499
0.571237
0.536362
0.553744
0.571519
0.601146
0.648207
0.560457
0.668128
0.581586
0.593218
0.692929
0.719529
0.689846
0.603593
0.666788
0.696050
0.760242
0.697222
0.656428
0.733397
0.637799
0.724240
0.671464
0.718563
0.718617
0.683710
0.718860
0.785528
0.772875
0.838890
0.785461
0.710805
0.859212
0.824265
0.658557
0.784394
0.760560
0.758890
0.782636
0.849142
0.803114
0.837971
0.814784
0.843757
0.824812
0.884062
0.819892
0.846825
0.879367
0.800348
0.795074
0.823458
0.851163
0.858021
0.840330
0.829380
0.766251
0.835038
0.858348
0.916105
0.881763
0.874055
0.861063
0.864374
0.882725
0.850942
0.772341
0.844514
0.828528
0.848745
0.886064
0.846814
0.845051
0.797614
0.866891
0.864850
0.865814
0.900772
0.830264
0.840843
0.883180
0.811055
0.853665
0.823100
0.812059
0.838927
0.825797
0.775329
0.798161
0.790497
0.800469
0.795086
0.853675
0.799708
0.803718
0.768456
0.786602
0.727108
0.722090
0.717972
0.736932
0.755725
0.748157
0.734645
0.673453
0.650220
0.696987
0.744552
0.729263
0.758269
0.694804
0.722096
0.751658
0.716363
0.631797
0.772971
0.732783
0.748720
0.726468
0.811576
0.785102
0.797806
0.851579
0.853199
0.822832
0.784862
0.737722
0.763566
0.840654
0.821527
0.743412
0.795502
0.822543
0.820818
0.808515
0.825072
0.821027
0.823189
0.830731
0.879346
0.893484
0.899402
0.859300
0.861855
0.910622
0.863893
0.795630
0.875701
0.850945
0.886247
0.882675
0.904470
0.875189
0.882497
0.912471
0.915425
0.894405
0.885175
0.863370
0.902073
0.919910
0.880925
0.887482
0.896650
0.890189
0.905223
0.894451
0.878198
0.858113
0.822539
0.863170
0.897666
0.910559
0.905435
0.873681
0.883243
0.876273
0.879438
0.849324
0.860814
0.829893
0.850615
0.874216
0.852520
0.843113
0.837527
0.859164
0.842968
0.838873
0.842973
0.824199
0.850875
0.813996
0.758803
0.705315
0.800051
0.810827
0.784241
0.770633
0.780201
0.761184
0.685435
0.755366
0.719730
0.753246
0.768208
0.704241
0.714721
0.776811
0.732541
0.656404
0.664751
0.665950
0.678077
0.682732
0.731138
0.679594
0.713984
0.746948
0.740430
0.769435
0.721912
0.673493
0.733500
0.809703
0.764721
0.692133
0.759400
0.768098
0.794042
0.783028
0.810447
0.740395
0.790347
0.774864
0.814977
0.783674
0.796075
0.760702
0.782752
0.816252
0.774681
0.742417
0.756845
0.685872
0.755778
0.760191
0.771853
0.735019
0.790646
0.771728
0.793249
0.762863
0.770917
0.705290
0.709549
0.764692
0.720894
0.719385
0.737055
0.735990
0.734493
0.721055
0.768734
0.741827
0.661522
0.660191
0.711133
0.729175
0.696647
0.617557
0.680974
0.756090
0.732434
0.694686
0.708672
0.729295
0.738926
0.733205
0.726800
0.672572
0.709882
0.749172
0.791818
0.716110
0.681687
0.721030
0.745486
0.666433
0.708594
0.731760
0.724286
0.718611
0.599674
0.654683
0.629610
0.623893
0.679776
0.732962
0.704021
0.699498
0.646662
0.675430
0.681283
0.722607
0.666260
0.693883
0.698038
0.700277
0.739214
0.717574
0.715346
0.787923
0.694652
0.666647
0.732448
0.710307
0.705403
0.637879
0.680133
0.727755
0.656475
0.612444
0.691794
0.669433
0.667260
0.677422
0.680940
0.713417
0.611199
0.604644
0.694230
0.633237
0.652053
0.575840
0.571329
0.686241
0.623094
0.661789
0.636114
0.540097
0.569963
0.585255
0.582518
0.569257
0.541633
0.533205
0.609718
0.646290
0.573726
0.570876
0.599262
0.600661
0.522648
0.590253
0.587557
0.549234
0.519893
0.588529
0.546081
0.514670
0.587652
0.561206
0.581541
0.534355
0.546117
0.504840
0.575606
0.623465
0.511803
0.553843
0.585165
0.639380
0.608720
0.570759
0.656583
0.639820
0.663618
0.651406
0.680148
0.691621
0.647292
0.616842
0.650702
0.663908
0.573543
0.554372
0.625251
0.679642
0.674849
0.722422
0.683630
0.681792
0.541281
0.574861
0.648656
0.591766
0.652226
0.597322
0.601011
0.636577
0.639384
0.673741
0.644795
0.618933
0.630793
0.570257
0.612306
0.615948
0.656916
0.673120
0.632561
0.668596
0.650215
0.569996
0.674434
0.738743
0.616706
0.474344
0.666719
0.665511
0.643209
0.643638
0.687833
0.573570
0.645140
0.654484
0.621761
0.604311
0.659067
0.636611
0.567614
0.757718
0.645680
0.634833
0.602252
0.599390
0.609871
0.657416
0.707349
0.648155
0.579373
0.639312
0.620303
0.613258
0.592906
0.489819
0.577752
0.610057
0.586882
0.560536
0.570193
0.579528
0.531166
0.531472
0.598221
0.484798
0.601161
0.595066
0.555354
0.449931
0.440761
0.553490
0.489331
0.577624
0.432072
0.520462
0.546341
0.479898
0.488482
0.485934
0.520872
0.480429
0.454734
0.498031
0.491297
0.391691
0.462492
0.462735
0.456636
0.456779
0.421653
0.382897
0.401347
0.391835
0.399089
0.418220
0.327067
0.341641
0.424487
0.403053
0.344990
0.338874
0.416886
0.296760
0.380126
0.451452
0.281356
0.339000
0.346874
0.281243
0.361883
0.327152
0.386834
0.368000
0.298736
0.224641
0.372167
0.344147
0.320276
0.337948
0.353527
0.286298
0.293528
0.333888
0.263313
0.167372
0.267511
0.285101
0.275026
0.337647
0.292396
0.244026
0.243493
0.298692
0.333374
0.185095
0.296591
0.340320
0.260538
0.229898
0.205184
0.259606
0.211713
0.230602
0.180506
0.224390
0.292366
0.229176
0.276863
0.321101
0.295934
0.226779
0.320709
0.352711
0.328229
0.259818
0.245725
0.307662
0.314084
0.345924
0.384254
0.370144
0.385504
0.391603
0.382155
0.325360
0.379411
0.382662
0.357152
0.431848
0.356488
0.337825
0.359397
0.369716
0.349846
0.365779
0.470427
0.423081
0.473649
0.462989
0.462591
0.393935
0.427304
0.341464
0.419479
0.484821
0.411248
0.404346
0.412390
0.463259
0.399094
0.326623
0.393197
0.383523
0.361137
0.395511
0.320691
0.438811
0.334819
0.255183
0.323646
0.378639
0.282713
0.330283
0.297781
0.346659
0.413143
0.405071
0.382487
0.330276
0.377575
0.337689
0.292338
0.252174
0.262100
0.292752
0.319618
0.280730
0.331473
0.369886
0.295454
0.220538
0.300531
0.315740
0.334477
0.271460
0.367030
0.294283
0.295015
0.260066
0.290923
0.320205
0.224715
0.421122
0.336973
0.285606
0.268331
0.281479
0.223192
0.193779
0.343435
0.251510
0.421563
0.401341
0.376814
0.395802
0.389803
0.416530
0.424431
0.398319
0.371018
0.359252
0.285360
0.413216
0.434639
0.339914
0.380915
0.550152
0.405684
0.481459
0.515923
0.524774
0.513386
0.562604
0.473386
0.530581
0.530999
0.437790
0.592064
0.577938
0.554176
0.540897
0.661246
0.657341
0.613749
0.666547
0.693239
0.653519
0.672637
0.675917
0.609649
0.709480
0.627125
0.612023
0.613370
0.577937
0.598418
0.636757
0.639448
0.703915
0.651441
0.581820
0.635272
0.646212
0.703988
0.613132
0.646997
0.709674
0.685513
0.693896
0.706090
0.664340
0.737638
0.738024
0.774763
0.747006
0.752271
0.822872
0.833667
0.825743
0.873445
0.803899
0.817362
0.883751
0.878773
0.824416
0.892784
0.868122
0.884328
0.877566
0.897317
0.902034
0.917554
0.922000
0.959218
0.944489
0.962939
0.951229
0.957193
0.963435
0.946109
0.940265
0.961542
0.940510
0.963884
0.940246
0.962855
0.916887
0.954222
0.972173
0.980000
0.969896
0.983594
0.966863
0.976424
0.973128
0.972056
0.962874
0.975030
0.966716
0.979976
0.973923
0.974416
0.960986
0.972351
0.978884
0.988445
0.983049
0.985877
0.974136
0.972792
0.980580
0.979819
0.968956
0.981825
0.972064
0.974741
0.972838
0.971094
0.966534
0.974062
0.976734
0.987956
0.983649
0.984231
0.967636
0.977312
0.982601
0.979644
0.965416
0.981500
0.976061
0.981260
0.975151
0.977772
0.950045
0.919797
0.943156
0.962352
0.931150
0.947303
0.959601
0.952931
0.968436
0.914153
0.941941
0.931803
0.925017
0.835697
0.800162
0.287636
