0.602966
0.657892
0.640877
0.782230
0.743826
0.757026
0.702513
0.723459
0.810451
0.762336
0.787254
0.739776
0.775309
0.808342
0.801794
0.855174
0.837514
0.815666
0.813453
0.828956
0.818762
0.805708
0.796382
0.809825
0.822265
0.782581
0.800721
0.784468
0.798372
0.769271
0.793079
0.760361
0.724234
0.774151
0.707354
0.761109
0.756718
0.765794
0.691694
0.783581
0.792949
0.758308
0.723050
0.784769
0.779356
0.760329
0.754026
0.777525
0.723303
0.756032
0.744120
0.821383
0.701608
0.821162
0.722260
0.789774
0.810285
0.781848
0.774743
0.795385
0.754492
0.793664
0.747659
0.815685
0.809187
0.815010
0.830966
0.861784
0.822443
0.831990
0.767742
0.865747
0.863218
0.843457
0.769830
0.871206
0.876439
0.905527
0.864509
0.915458
0.872086
0.896983
0.916202
0.926812
0.904821
0.919961
0.869201
0.906495
0.923215
0.904645
0.906255
0.897523
0.880999
0.930496
0.900333
0.897932
0.864616
0.895982
0.912567
0.926668
0.903391
0.911272
0.866702
0.894411
0.910246
0.887960
0.857263
0.899781
0.909268
0.897584
0.877091
0.884177
0.856918
0.849293
0.858266
0.866445
0.863264
0.879226
0.836683
0.842873
0.878655
0.850828
0.817165
0.850842
0.877336
0.858323
0.855428
0.866779
0.854773
0.831283
0.869143
0.884436
0.854098
0.837713
0.846801
0.867422
0.876714
0.894107
0.847591
0.853291
0.838471
0.872310
0.868421
0.874682
0.863780
0.844377
0.893852
0.924189
0.861009
0.880795
0.880385
0.869636
0.866287
0.889458
0.854665
0.876685
0.874021
0.863084
0.885485
0.864832
0.862839
0.883953
0.891508
0.925832
0.895926
0.846796
0.843328
0.850397
0.855886
0.837742
0.869451
0.840407
0.826087
0.863020
0.836530
0.855128
0.856577
0.852792
0.830427
0.851307
0.894577
0.816377
0.784173
0.826791
0.871685
0.814338
0.828914
0.852995
0.821460
0.849985
0.841202
0.841127
0.737957
0.851392
0.831088
0.886112
0.848666
0.879578
0.845491
0.861682
0.899006
0.861814
0.829525
0.822960
0.803909
0.875135
0.853293
0.881872
0.845793
0.854997
0.885393
0.925209
0.910161
0.904270
0.861776
0.911612
0.925257
0.880947
0.860718
0.888696
0.894805
0.902860
0.900596
0.924538
0.892948
0.912075
0.920312
0.946449
0.946575
0.950115
0.924396
0.890533
0.933412
0.913015
0.908552
0.931795
0.925387
0.927427
0.938984
0.925082
0.905192
0.946688
0.948259
0.951251
0.962676
0.957958
0.902365
0.946522
0.953351
0.940275
0.933435
0.959696
0.950543
0.956910
0.955401
0.960432
0.932362
0.947025
0.964630
0.973825
0.961604
0.976067
0.963706
0.976137
0.972640
0.960710
0.961201
0.976950
0.972625
0.981765
0.975232
0.972482
0.954615
0.955949
0.963818
0.966792
0.959697
0.963544
0.941761
0.948431
0.955930
0.945765
0.927244
0.947777
0.924700
0.953419
0.932864
0.916434
0.882764
0.892377
0.890522
0.928676
0.905110
0.913802
0.896449
0.914630
0.920349
0.903652
0.859395
0.892768
0.869575
0.879513
0.876679
0.866317
0.783762
0.828664
0.840764
0.863177
0.844468
0.855642
0.793470
0.831754
0.847876
0.841570
0.832451
0.845574
0.861208
0.884978
0.869588
0.885630
0.828641
0.840477
0.886597
0.908564
0.891703
0.856749
0.746348
0.801684
0.837853
0.835343
0.859765
0.759839
0.772755
0.835605
0.796051
0.790924
0.740693
0.748472
0.763088
0.760651
0.786752
0.773252
0.731408
0.811286
0.777626
0.741942
0.773109
0.782407
0.752995
0.774069
0.790959
0.818495
0.740533
0.742313
0.784740
0.779039
0.748498
0.759084
0.696702
0.765910
0.783904
0.794357
0.784239
0.757044
0.752453
0.830270
0.771299
0.788373
0.754478
0.802226
0.860707
0.863438
0.826142
0.827545
0.806070
0.826369
0.860448
0.793458
0.817723
0.793294
0.787534
0.808173
0.790792
0.811534
0.739022
0.820267
0.802955
0.838988
0.806117
0.823356
0.752851
0.778152
0.811609
0.767307
0.729534
0.800122
0.791643
0.792184
0.781445
0.834856
0.795401
0.780446
0.794729
0.795291
0.741445
0.820640
0.754697
0.821820
0.854171
0.822858
0.786109
0.839948
0.821685
0.843207
0.823629
0.823104
0.735837
0.793659
0.809120
0.836846
0.829787
0.818867
0.762149
0.779865
0.818999
0.799423
0.820568
0.816387
0.817985
0.808925
0.803138
0.820760
0.799311
0.747025
0.829252
0.758865
0.758591
0.725289
0.808632
0.740426
0.749718
0.770550
0.690250
0.741665
0.748802
0.747733
0.715738
0.792431
0.731390
0.718522
0.792477
0.770578
0.825228
0.792323
0.760024
0.732782
0.785126
0.738241
0.678022
0.705360
0.723676
0.757387
0.742718
0.736729
0.791441
0.728449
0.724166
0.775448
0.795601
0.782272
0.702801
0.712368
0.708726
0.725523
0.704399
0.666975
0.647148
0.777452
0.747558
0.756472
0.776838
0.792706
0.796248
0.805801
0.809996
0.816185
0.711904
0.761770
0.793226
0.747354
0.771081
0.778858
0.795578
0.788807
0.757085
0.767004
0.730868
0.815775
0.813153
0.828536
0.826256
0.814198
0.772400
0.799131
0.796334
0.754615
0.779045
0.738916
0.757186
0.809630
0.808131
0.863901
0.778971
0.801220
0.808853
0.836992
0.815826
0.795895
0.760796
0.745943
0.791229
0.739278
0.707082
0.732804
0.668219
0.718074
0.680346
0.763441
0.697386
0.735961
0.785889
0.759220
0.728319
0.745611
0.692001
0.671625
0.772839
0.712308
0.658407
0.756251
0.735012
0.752401
0.748408
0.761634
0.737020
0.718263
0.762214
0.759610
0.776978
0.680521
0.676226
0.708807
0.704516
0.673280
0.691768
0.702812
0.660201
0.715435
0.679071
0.670819
0.653870
0.703307
0.740410
0.695216
0.686868
0.617160
0.626092
0.695744
0.664227
0.659972
0.703166
0.653702
0.645242
0.745627
0.681871
0.651017
0.642901
0.619619
0.664805
0.660887
0.611286
0.654481
0.571388
0.671833
0.553589
0.594274
0.663340
0.614595
0.594932
0.639756
0.655486
0.643695
0.561685
0.654714
0.604478
0.640072
0.575184
0.555549
0.574735
0.560261
0.616677
0.538282
0.507722
0.552838
0.542739
0.532522
0.491672
0.451799
0.434620
0.481863
0.432104
0.461344
0.429578
0.484824
0.509785
0.385970
0.454718
0.487171
0.391763
0.442874
0.392061
0.380814
0.405728
0.435954
0.380299
0.448593
0.410347
0.423127
0.297279
0.362750
0.308007
0.406353
0.418985
0.422038
0.481102
0.305255
0.412333
0.386588
0.481849
0.489869
0.389280
0.502338
0.402237
0.434224
0.490216
0.443903
0.447591
0.415202
0.543999
0.407311
0.418939
0.373616
0.426228
0.438261
0.375368
0.446702
0.428464
0.356886
0.410496
0.459666
0.390027
0.470149
0.431926
0.381497
0.470370
0.392213
0.379837
0.382196
0.421455
0.378313
0.447379
0.457243
0.383921
0.529934
0.517215
0.475251
0.453555
0.469774
0.403495
0.473454
0.464972
0.379732
0.420674
0.519219
0.520244
0.492092
0.525572
0.560971
0.411316
0.488405
0.583185
0.562582
0.488445
0.544239
0.497201
0.513389
0.656962
0.520285
0.597267
0.507985
0.525326
0.528322
0.549821
0.625155
0.537285
0.592592
0.551343
0.591523
0.548000
0.502801
0.504838
0.575257
0.638058
0.461363
0.587765
0.497078
0.467898
0.558883
0.652461
0.532223
0.485298
0.466983
0.449624
0.484373
0.430799
0.446136
0.463785
0.478008
0.553349
0.482198
0.426292
0.438184
0.467874
0.451900
0.464215
0.466244
0.477466
0.426977
0.411977
0.459574
0.469072
0.487584
0.629498
0.522455
0.481288
0.456728
0.393337
0.498940
0.427672
0.502240
0.510761
0.583616
0.547045
0.541382
0.550307
0.494152
0.492465
0.454608
0.453448
0.484320
0.549386
0.478748
0.451756
0.387514
0.385825
0.510113
0.487454
0.430675
0.421022
0.528615
0.434760
0.466591
0.460531
0.484366
0.450590
0.496156
0.548103
0.414962
0.415510
0.526003
0.406110
0.460402
0.426704
0.432458
0.435622
0.369071
0.456569
0.375941
0.425920
0.412549
0.333749
0.370409
0.357406
0.419979
0.262687
0.364580
0.404996
0.374527
0.413860
0.507738
0.519184
0.533925
0.509420
0.507741
0.511105
0.478768
0.395975
0.513936
0.596769
0.494271
0.485170
0.558045
0.519248
0.485661
0.484480
0.499813
0.441837
0.409130
0.406561
0.465253
0.390734
0.502068
0.379123
0.435571
0.449446
0.449643
0.386222
0.405726
0.525752
0.453743
0.475751
0.435803
0.469804
0.469717
0.423893
0.441381
0.446583
0.456027
0.504604
0.458077
0.462410
0.484280
0.352460
0.426329
0.425879
0.431511
0.426167
0.489112
0.443828
0.529325
0.434951
0.445805
0.433986
0.431995
0.423911
0.447442
0.376967
0.448836
0.329663
0.365120
0.397408
0.360604
0.328796
0.413593
0.431878
0.365528
0.433946
0.452176
0.450455
0.326137
0.457591
0.399718
0.396706
0.488692
0.411510
0.316734
0.424319
0.417763
0.394558
0.431982
0.453313
0.451555
0.483229
0.480449
0.500735
0.524589
0.529654
0.573363
0.557607
0.537689
0.433940
0.447514
0.367554
0.535517
0.481829
0.526348
0.520036
0.595112
0.557310
0.587093
0.606570
0.649906
0.654810
0.588572
0.705695
0.612804
0.263910
0.602218
0.644946
0.624099
0.647500
0.676903
0.674815
0.582691
0.633484
0.646350
0.625186
0.660012
0.640411
0.598951
0.729106
0.618336
0.657441
0.641445
0.639698
0.658076
0.633788
0.740816
0.672836
0.675879
0.720702
0.691163
0.726625
0.700084
0.666749
0.692873
0.739838
0.729770
0.689946
0.659400
0.670163
0.693382
0.671091
0.723227
0.652543
0.676056
0.736130
0.720953
0.742096
0.768984
0.690681
0.739332
0.734200
0.712127
0.658816
0.731851
0.714482
0.731384
0.705148
0.734131
0.772597
0.733537
0.743270
0.792853
0.800373
0.782240
0.737599
0.748724
0.791658
0.802602
0.729054
0.805788
0.799357
0.773812
0.823382
0.769145
0.784906
0.782497
0.782057
0.821441
0.820130
0.779354
0.721423
0.812736
0.849020
0.798153
0.813959
0.862536
0.811344
0.848194
0.782580
0.851476
0.769795
0.788032
0.826972
0.878741
0.822668
0.868707
0.835665
0.804578
0.809319
0.843678
0.792250
0.843263
0.807593
0.841002
0.828414
0.836906
0.883006
0.723733
0.735987
0.817180
0.756515
0.819110
0.860078
0.827450
0.905738
0.766756
0.814906
0.805717
0.819163
0.740880
0.693756
0.278269
