0.544587
0.226780
0.038360
0.115316
0.025281
0.108177
-0.018186
0.101900
0.111858
0.069438
0.074592
0.089321
0.167917
0.060339
0.152937
0.133210
0.067143
0.105548
0.028105
0.093278
0.099884
0.114772
-0.067045
0.194156
0.139287
0.077313
0.064511
0.120837
0.078277
0.049017
0.034616
0.163688
0.122780
0.123042
0.195756
0.151248
0.067496
0.191243
0.159482
0.185400
0.115734
0.137860
0.131256
0.113995
0.205492
0.147967
0.152872
0.194554
0.201191
0.181945
0.175460
0.187504
0.165731
0.239918
0.328834
0.217165
0.276435
0.272420
0.140111
0.230888
0.123124
0.177862
0.195346
0.300204
0.317597
0.379141
0.266498
0.252305
0.278297
0.303493
0.299179
0.349257
0.348958
0.317413
0.360601
0.368046
0.389471
0.424672
0.462301
0.467708
0.422725
0.502097
0.393496
0.470987
0.425103
0.505906
0.512790
0.520077
0.571956
0.489052
0.496523
0.476373
0.473750
0.487751
0.474580
0.516191
0.495275
0.591584
0.585544
0.579993
0.600208
0.590365
0.538686
0.580196
0.649617
0.588268
0.494386
0.514838
0.558278
0.536947
0.631122
0.590462
0.590466
0.636714
0.630921
0.681623
0.649261
0.620401
0.603631
0.631564
0.659787
0.559904
0.513110
0.546281
0.637009
0.549422
0.583863
0.604211
0.523959
0.601566
0.610054
0.631780
0.578527
0.524363
0.616667
0.553168
0.575348
0.577889
0.492659
0.535396
0.502712
0.550386
0.522367
0.551622
0.596282
0.461125
0.444904
0.433389
0.476421
0.584037
0.510464
0.517024
0.575291
0.506955
0.489231
0.440454
0.379731
0.415524
0.424537
0.468687
0.429977
0.461691
0.425088
0.472595
0.469186
0.461361
0.465297
0.395760
0.491510
0.352623
0.422276
0.336614
0.302346
0.429441
0.434349
0.395453
0.368519
0.370827
0.290250
0.413063
0.439593
0.365545
0.314731
0.310575
0.385516
0.304100
0.228920
0.300210
0.252017
0.234532
0.251299
0.347765
0.317877
0.350319
0.292195
0.296194
0.234172
0.315362
0.291565
0.276203
0.260770
0.279658
0.227785
0.202215
0.253396
0.207007
0.228833
0.265200
0.271875
0.258217
0.210180
0.162705
0.156687
0.186817
0.135413
0.163222
0.146756
0.078259
0.193968
0.144016
0.160852
0.097361
0.162536
0.104550
0.137151
0.070353
0.087794
0.096251
0.138914
0.156990
0.106745
0.115284
0.024529
0.082319
0.061471
0.024335
0.108314
0.059039
0.066822
0.069422
0.161252
0.082174
0.000035
0.039097
0.103855
0.058669
0.110529
0.106334
0.145086
0.058783
0.088081
0.056960
0.087821
0.067033
0.036567
0.114416
0.052593
0.043017
0.061188
0.069750
0.038654
0.087260
0.065063
0.100365
0.095710
0.064324
-0.027822
0.050533
0.118174
0.049438
0.019194
0.056623
0.155594
0.059547
-0.015474
0.057229
0.065593
0.033706
0.013296
0.131048
0.047099
0.058796
0.108755
0.017748
0.029380
0.048506
0.043007
0.076044
0.097101
0.074895
0.034729
0.137258
-0.014963
0.089983
0.143188
0.071301
0.091960
0.019377
0.043078
0.107628
0.120733
0.031111
0.076298
0.119365
0.118238
0.058210
0.074901
0.019961
0.065105
0.125022
0.176105
0.130435
0.036086
0.147552
0.072992
0.118627
0.192041
0.030114
0.119166
0.139631
0.133944
0.147293
0.078483
0.160044
0.105009
0.105349
0.068794
0.169880
0.120790
0.051443
0.117588
0.172128
0.122372
0.099233
0.130517
0.125410
0.173845
0.041498
0.066939
0.114814
0.051714
0.100161
0.157789
0.155737
0.074586
0.052773
0.141009
0.090305
0.028729
0.063740
0.122620
0.127598
0.053259
0.097866
0.111827
0.124397
0.055761
0.091275
0.083217
0.141016
0.092340
0.051817
0.060392
0.072646
0.125261
0.090575
0.123397
0.086344
0.100724
0.124024
0.044643
0.087640
0.088328
0.160327
0.100140
0.129740
0.121600
0.111968
0.096110
0.129586
0.125935
0.044346
0.155009
0.168790
0.178274
0.220401
0.116936
0.120012
0.118456
0.129771
0.087172
0.142408
0.154489
0.149818
0.227063
0.136674
0.097302
0.093125
0.124769
0.177417
0.162006
0.167469
0.100056
0.034702
0.103750
0.084053
0.048504
0.119479
0.075733
0.084417
0.107217
0.103982
0.074519
0.032405
0.089720
0.113432
0.057056
0.117039
0.032583
0.088965
0.086287
0.018256
0.024894
0.119149
0.068867
0.059537
0.091303
0.025137
0.003199
0.100286
0.081834
0.109534
0.055160
0.084133
0.127681
0.070524
0.046349
0.120574
0.149842
0.115320
0.104747
-0.014560
0.016898
0.100186
0.138965
-0.005650
0.105641
0.137558
0.052495
0.182330
0.074614
0.045292
0.064323
0.127733
0.097486
0.160408
0.108415
0.117887
0.014743
0.067561
0.068121
0.067967
0.000196
0.139608
0.136454
0.124798
0.021933
0.107224
0.082439
0.079142
0.062901
0.176350
0.042003
0.070489
0.081108
0.070149
0.152651
0.064645
0.036288
0.097847
0.076521
0.183415
0.125043
0.064534
0.099204
0.164507
0.088213
0.062390
0.177943
0.101368
0.051193
0.089324
0.108720
0.058746
0.140205
0.094253
0.050178
0.130478
0.033185
0.038020
0.162817
0.149144
0.039684
0.161640
0.140124
0.161537
0.117161
0.025159
0.046206
0.073143
0.156505
0.193086
0.100852
0.161910
0.113225
0.103149
0.134709
0.177463
0.092352
0.132719
0.158930
0.053990
0.097287
0.116322
0.074305
0.079765
0.112596
0.109668
0.095423
0.140809
0.088771
0.135157
0.104394
0.050007
0.050413
0.104792
0.141892
0.121338
0.123309
0.173461
0.034535
0.082264
0.108608
0.212040
0.129652
0.151170
0.110835
0.117123
0.115169
0.124648
0.075723
0.136630
0.127205
0.088525
0.054995
0.144552
0.113036
0.035934
0.125384
0.138813
0.149082
0.120833
0.029556
0.087451
0.008041
-0.007670
0.024707
0.137323
0.074999
0.054932
0.071594
0.116447
0.071940
0.073989
0.057223
0.104352
0.046045
0.133271
0.100307
0.040733
0.109622
0.059846
0.134194
0.085811
0.081877
0.065443
0.117623
-0.002461
0.068476
0.080194
0.076223
0.109051
0.055491
0.127019
0.000475
0.048502
0.061293
0.091655
0.121585
0.137771
0.060622
-0.009971
0.058202
0.077456
0.044013
0.091797
0.111373
0.145102
0.114658
0.085134
0.104097
0.085569
0.071982
0.119167
0.104242
0.167790
0.181505
0.112195
0.156753
0.121439
0.109532
0.058924
0.128446
0.160546
0.118971
0.132867
0.076819
0.065677
0.049417
0.103435
0.070940
0.116002
0.121511
0.057375
0.040132
0.080823
0.115270
0.053377
0.092975
0.129263
0.051920
0.124107
-0.007275
0.010457
0.093982
0.036524
0.017069
0.129670
0.115553
0.059484
0.090127
0.038413
-0.007545
-0.062445
0.128963
0.094118
0.036088
0.107380
0.049866
0.080517
0.021895
0.102545
0.086301
0.116799
0.100534
0.070269
0.061645
0.062325
0.073131
0.111552
0.030230
0.070787
0.159281
0.153853
0.042900
0.100876
0.130728
0.194187
0.212616
0.101655
0.165511
0.130857
0.104005
0.187962
0.208369
0.065114
0.123730
0.245698
0.222679
0.152316
0.162660
0.118827
0.095814
0.164119
0.194984
0.127062
0.279558
0.182225
0.048064
0.167367
0.028000
0.132851
0.036890
0.138687
0.029198
0.149334
0.066118
0.062340
0.089452
0.116591
0.080393
0.107299
0.076247
0.037305
0.050081
0.041193
0.108835
-0.009431
0.057255
0.079739
0.090725
0.090783
0.010452
0.056591
0.054046
0.073870
0.131218
0.147896
0.111207
0.070811
0.084030
0.085529
0.027538
-0.000176
0.022569
0.118945
0.116608
0.151994
0.091094
-0.013538
0.194807
0.130105
0.024087
0.143042
0.110988
0.081374
0.115469
0.078621
0.074169
-0.010223
0.095088
0.114840
0.081895
0.148545
0.019789
0.068045
0.078696
0.026148
0.062857
0.097079
0.102751
0.025928
0.091146
0.071302
-0.017218
0.048021
0.104726
0.051273
0.019338
0.111765
0.023478
0.049319
0.087816
0.071487
0.030008
0.164399
0.019675
0.025423
-0.018797
0.044314
0.080033
-0.021171
0.027989
0.070059
0.068266
0.047323
-0.024070
0.012105
0.037564
0.042253
0.009385
0.126567
0.086590
-0.006688
0.009616
0.010884
0.037649
0.046510
-0.004656
0.046089
0.161595
0.111369
-0.036575
0.000940
0.021151
0.101693
0.035039
0.120307
0.071882
-0.003391
0.047993
0.013367
0.015716
0.019948
0.037655
0.056474
0.021437
0.125675
0.010404
-0.002623
-0.006719
0.029770
-0.026625
0.122136
0.026494
0.041609
0.010959
-0.032498
0.012556
-0.036383
0.069850
0.061297
0.013281
0.051723
-0.006906
-0.015298
-0.066262
0.026193
0.014268
0.089150
0.032184
0.006109
-0.040066
-0.029213
-0.055726
-0.026489
0.053239
0.033338
-0.047288
0.055666
-0.023079
-0.026495
0.006921
0.031331
-0.021229
0.048766
0.023234
0.024442
-0.070421
-0.000480
-0.048511
-0.054300
0.028864
0.045498
-0.034246
0.031012
0.001534
-0.014510
-0.027206
0.016144
-0.011115
0.089154
0.005633
-0.005050
-0.017487
-0.057087
-0.018056
-0.035183
0.026352
0.040032
-0.026863
0.048691
-0.045821
0.003743
0.023980
-0.015440
-0.003741
0.134330
-0.006469
-0.033507
0.005450
-0.038639
-0.021555
0.037243
-0.038631
0.086246
0.032775
0.013136
0.004398
0.041451
-0.027462
0.017298
0.063192
0.130715
-0.044742
-0.005334
-0.029627
0.043442
-0.027664
-0.026210
0.026921
0.082054
-0.007247
0.094040
0.004767
-0.016340
-0.010675
0.067892
0.032866
0.144854
0.019006
-0.030228
-0.043076
-0.009540
0.057959
-0.006766
0.003333
0.043132
-0.001149
0.059637
-0.010666
-0.033022
0.083618
0.020012
0.017870
0.121588
0.018309
0.024466
-0.015643
0.012218
-0.000864
0.011420
0.047564
0.068235
0.003878
0.052722
-0.066340
0.005600
0.084907
0.012935
0.063038
0.102815
-0.018875
0.034894
0.020133
0.004791
-0.036654
-0.025021
0.050260
0.066219
0.061236
0.027724
0.002922
0.020883
0.061086
0.042663
0.049667
0.118542
0.037282
0.021876
-0.007746
0.058195
0.048806
-0.052048
0.043286
0.062952
0.005671
0.081066
-0.043013
0.051931
-0.021047
0.026771
0.038991
0.089117
-0.014397
0.042744
0.011745
-0.036926
-0.049104
0.002187
0.085564
0.008900
0.032312
0.109253
-0.026394
-0.003381
-0.003671
0.038500
0.037967
0.070845
0.027607
0.024979
0.004578
-0.036774
0.022565
-0.021223
0.004729
0.062197
-0.010702
0.056819
0.011492
-0.015613
0.107937
-0.009102
-0.002225
-0.018389
0.056498
-0.030020
-0.087496
0.076899
-0.070131
0.073002
0.073225
0.249713
