0.494612
0.142651
0.013775
0.089028
-0.077346
0.082621
-0.018698
0.048221
0.026685
0.014960
0.017916
0.002125
0.084577
0.017265
-0.041128
0.057159
0.032492
0.021326
-0.031378
0.003641
0.001964
-0.010679
0.057205
0.094983
0.010614
0.028219
0.010934
-0.010237
0.009428
0.011265
0.074778
0.030370
-0.030507
0.067008
0.031906
0.048175
0.025750
-0.000939
0.036699
0.082243
-0.032627
0.047922
0.063762
-0.009701
-0.023044
0.006349
-0.029597
-0.004724
0.059538
0.024120
-0.057753
0.009598
-0.043148
0.025037
0.046780
0.114304
-0.001861
-0.033126
-0.005509
-0.064965
0.004147
-0.004170
0.026720
0.023688
0.028647
0.009949
0.004991
-0.001853
-0.062612
0.050240
-0.092597
0.082938
0.066012
0.025958
0.030899
0.000655
0.035288
-0.003355
-0.039168
0.014716
0.054129
0.081594
-0.034477
0.015814
0.070821
0.036873
-0.083130
0.145879
-0.003248
0.011059
-0.059238
0.012165
-0.009132
-0.009840
0.022176
0.075882
-0.013066
0.052359
0.002710
0.030600
0.028140
-0.009364
0.087864
0.116182
-0.001324
0.015098
0.007938
-0.013606
0.032914
-0.048224
0.011395
0.071827
-0.000234
0.053079
0.007294
-0.002552
0.025895
-0.008352
0.007175
0.066204
0.038868
0.059277
-0.002987
0.010052
0.027005
-0.025841
0.052971
0.079149
-0.032764
0.030927
0.000432
0.004133
0.008140
0.066893
0.009065
0.094849
0.059585
0.016387
-0.021836
0.006729
0.043077
-0.011598
-0.003822
0.021423
0.032528
0.071791
-0.008939
0.009511
-0.010846
-0.011222
-0.047962
0.131757
0.036197
0.019139
0.057092
0.031643
-0.004389
0.034799
0.023528
0.043239
0.053758
0.024326
-0.075670
0.005114
0.050740
-0.004997
-0.002618
0.127029
0.015103
-0.011998
-0.030827
0.006690
0.061661
-0.024580
-0.034057
0.086769
-0.012947
0.069176
0.025257
-0.014981
-0.008839
0.028944
-0.013354
0.101356
0.037338
-0.043811
0.029228
-0.026267
-0.009901
0.028756
0.077877
0.046872
0.010242
0.047813
-0.040672
0.002463
0.007192
0.015714
0.057428
0.087055
0.063567
0.001363
0.017620
0.038199
-0.020555
-0.020347
0.042560
0.060538
0.021981
0.077086
0.045601
0.018711
0.058491
0.072676
-0.065440
0.137512
0.043632
0.001817
-0.017491
-0.014741
0.040441
0.020758
-0.028181
0.058329
-0.017963
0.019973
-0.022751
0.036964
-0.003155
0.028365
-0.028272
0.112856
-0.023524
0.001838
0.008204
-0.069746
0.007763
-0.004477
0.053651
0.043588
-0.016719
0.030842
0.031208
-0.010294
0.008091
0.012779
-0.016563
0.121570
0.023327
-0.002983
-0.020078
0.008853
-0.005182
-0.048632
0.026979
0.043410
0.048727
0.062692
-0.021013
0.051815
-0.021696
0.018953
0.037143
0.106831
0.008059
0.019000
-0.017600
-0.020619
-0.021719
0.018076
0.039816
0.084734
-0.035557
0.053482
0.011745
-0.017375
-0.025350
0.005110
0.024462
0.147926
-0.002772
-0.039452
-0.001068
-0.021713
-0.028868
-0.002969
0.032230
0.058005
-0.016332
0.062825
-0.037913
0.016721
0.007616
0.025505
-0.070438
0.100501
0.028762
0.014275
-0.066591
-0.040361
0.003767
-0.003596
0.018793
0.050506
-0.019800
0.019283
-0.054600
0.001072
0.004623
0.000954
0.009996
0.086386
0.031956
-0.022107
0.001234
-0.021942
-0.054724
-0.033762
0.047274
0.032353
-0.049919
0.085498
0.033134
0.008403
-0.023710
-0.026192
0.031413
0.121638
0.025717
-0.005799
0.029385
-0.029852
-0.078070
-0.034906
0.062407
0.079681
-0.001638
0.022377
0.010660
-0.008264
-0.012743
0.017850
-0.027177
0.108295
-0.070914
0.001982
0.016318
-0.021548
0.041335
-0.017419
0.031372
0.045971
-0.036409
0.029985
0.031825
-0.033858
-0.026283
-0.007952
0.033262
0.151163
-0.041181
-0.027054
0.044340
0.004064
-0.062153
0.040606
-0.013170
0.004009
0.056517
0.005189
-0.025739
-0.011149
0.003160
0.028145
-0.072578
0.095238
0.020687
-0.009671
-0.001994
0.003068
0.004869
0.024170
-0.005646
0.045271
0.047227
0.039776
-0.026463
-0.002986
0.057419
0.054204
-0.021853
0.082760
0.091993
0.042115
0.001446
-0.034401
-0.062719
-0.002273
0.093379
0.058737
0.064470
0.121890
0.027487
0.029158
0.085041
0.046157
0.036954
0.132558
0.053660
0.005845
0.050399
-0.034109
0.079572
0.008232
0.056280
0.055653
0.115273
0.076141
-0.040645
0.069626
-0.010377
0.093446
0.055790
0.111131
0.103893
0.059788
0.025111
0.052006
0.068477
0.036714
0.053940
0.189651
0.034835
0.185547
0.141461
0.125015
0.104631
0.163144
0.115404
0.171187
0.240867
0.121596
0.103378
0.067771
0.113786
0.095946
0.158867
0.141657
0.128708
0.121911
0.172153
0.211269
0.200457
0.221651
0.173302
0.184065
0.194471
0.184195
0.112257
0.188294
0.206392
0.135803
0.254847
0.317422
0.255803
0.221950
0.115305
0.198164
0.138897
0.154365
0.222927
0.187936
0.190172
0.141217
0.031755
0.174397
0.118863
0.110520
0.126857
0.152071
0.056809
0.109437
0.079301
0.086539
0.056653
0.109466
0.004946
0.120198
0.146609
0.072962
0.119245
0.141966
0.051489
0.083267
0.101764
0.106556
0.056392
0.092303
0.045890
0.097407
0.069243
0.104329
0.082754
0.141877
0.096347
0.111769
0.037655
0.092484
0.119999
0.115916
0.089597
0.096182
0.028036
0.149201
0.142950
0.043385
0.147006
0.113730
0.107025
0.074139
0.108590
0.131107
0.113296
0.076399
0.134719
0.092994
0.118497
0.181707
0.104996
0.182856
0.105833
0.135562
0.068903
0.174997
0.095923
0.156924
0.061811
0.070957
0.115711
0.138210
0.088284
0.040579
0.088442
0.106740
0.213244
0.070290
0.008271
0.073497
0.047974
0.127182
0.141899
0.115216
0.177306
0.029736
0.009340
0.048320
0.063695
0.037739
0.036131
0.144975
0.035705
0.172594
0.114320
0.070062
0.148400
0.124250
0.109005
0.123744
0.091900
0.031438
0.093532
0.069080
0.085845
0.035555
0.128853
0.101773
0.215057
0.206564
0.050412
0.106358
0.171325
0.288442
0.156146
0.167762
0.272269
0.122989
0.130779
0.221721
0.237711
0.142691
0.187254
0.268699
0.172729
0.205517
0.175404
0.150884
0.167873
0.245186
0.180801
0.238387
0.220424
0.160090
0.158063
0.251015
0.136656
0.170721
0.200566
0.269845
0.268781
0.204745
0.144677
0.211719
0.133631
0.210068
0.151804
0.055500
0.224955
0.076419
0.053279
0.180983
0.129033
0.077224
0.086360
0.133137
0.109419
0.156985
0.080293
0.112335
0.116472
0.203609
0.163435
0.127877
0.227133
0.099317
-0.018523
0.147265
0.090420
0.047082
0.080191
0.132335
0.125035
0.106009
0.123753
0.089489
0.052652
0.141089
0.104724
0.095686
0.227019
0.089538
0.100353
0.165977
0.135882
0.080564
0.130720
0.214698
0.142543
0.128736
0.105920
0.139191
0.162315
0.177959
0.048952
0.135525
0.203986
0.142013
0.119531
0.123137
0.120282
0.078616
0.068636
0.157890
0.200721
0.162607
0.077124
0.087073
0.090094
0.168475
0.184947
0.084343
0.178021
0.072388
0.121653
0.177360
0.079648
0.056242
0.034161
0.111011
0.072645
0.151355
0.067831
0.129639
0.049359
0.160798
0.079509
0.120179
0.072736
0.026498
0.119836
0.082320
0.067184
0.034344
0.064030
0.110544
0.103733
0.075246
0.004229
0.074718
0.083399
0.057996
0.086256
0.159658
0.079147
0.029462
0.013113
0.085978
0.093236
-0.013054
0.084460
0.097680
0.016098
0.088473
0.064141
0.095659
0.129868
0.057942
0.063839
0.084216
0.093867
0.101625
0.019173
0.027964
0.099111
0.064509
0.077959
0.133165
0.141087
0.075284
0.040802
0.086818
0.072036
0.072888
0.055390
0.193335
0.047952
0.065051
-0.034569
0.097907
0.127190
0.018633
0.089196
0.103225
0.070792
0.161133
0.058641
0.126775
0.061023
0.139069
0.051942
0.156427
0.080705
0.097189
0.069129
0.046503
0.125809
0.075512
0.029651
0.118336
0.061020
0.106788
0.059156
0.062621
0.067449
0.099345
0.127369
0.078945
0.149497
0.111193
0.070790
0.015593
0.101486
0.085256
0.066753
0.140200
0.083240
0.034449
0.070217
0.019339
0.059401
0.082452
0.012237
0.166782
0.029602
0.086573
-0.021351
0.023005
0.047644
-0.045609
0.097794
0.060274
0.046307
0.088094
0.014522
0.013718
0.093467
0.096829
0.044679
0.104717
0.098241
0.050598
0.041160
0.075515
0.051298
0.043921
0.030576
0.061194
0.069662
0.088983
0.019699
0.077148
0.070017
0.036142
0.175743
0.076264
0.106849
0.091277
0.055099
0.034855
0.064342
0.016329
0.083371
0.134893
0.070997
0.155132
0.050651
0.036980
0.070296
0.031492
0.152016
0.129543
0.033626
0.071773
0.111030
0.080003
0.039154
0.031364
0.092554
0.135705
0.034675
0.100517
0.049963
0.112311
0.003484
0.044445
0.018954
0.137821
0.054785
0.040852
0.003262
0.057887
0.081938
0.016636
0.042311
0.050391
0.052785
0.072067
-0.030302
0.007936
-0.047204
0.038092
0.031554
0.116660
0.028470
0.023943
0.024912
0.015010
-0.009596
0.032825
0.000422
0.075497
0.073728
0.027181
-0.010834
0.020197
0.006244
0.004953
0.021186
0.081995
0.066664
0.039888
-0.064219
-0.005989
0.004278
0.021599
0.021985
0.032381
-0.000321
0.018137
-0.022261
-0.023700
-0.021884
0.030214
-0.031090
0.104715
0.032057
0.018730
0.021413
-0.020531
-0.052693
-0.021484
-0.005378
0.048899
0.014262
0.053065
-0.055614
0.018953
-0.032454
0.016881
0.004261
0.078678
0.017523
-0.021870
-0.001544
-0.043403
-0.082294
-0.018761
0.060867
0.055238
-0.071635
0.034908
-0.007618
-0.021125
-0.046327
0.014255
-0.047616
0.084987
0.009333
-0.017963
-0.079758
-0.055954
0.031667
-0.042174
0.009441
0.040610
-0.084886
0.001653
-0.025222
-0.007690
-0.005651
0.002000
-0.003512
0.096130
0.002797
-0.017054
-0.018352
-0.053885
-0.056869
0.009591
0.035430
0.051360
-0.053037
0.035279
0.006907
-0.009922
-0.090077
-0.001288
0.010069
0.097387
0.004559
-0.012317
-0.049458
-0.032179
0.029089
-0.011191
-0.021053
0.032635
-0.007196
0.029547
-0.018466
-0.015447
-0.063488
-0.010906
0.011192
0.074684
-0.034344
0.007637
-0.045878
-0.018464
-0.037920
-0.030686
0.000620
0.021146
-0.019840
0.023493
-0.040877
-0.025730
-0.038588
-0.033038
-0.041378
0.043007
-0.005972
-0.016100
-0.062387
-0.031172
-0.008199
-0.054078
-0.007357
0.004767
0.013206
0.083257
-0.043870
-0.003172
-0.018172
-0.029977
-0.038431
-0.116285
0.125528
-0.014869
-0.137760
0.084730
-0.083693
0.036970
0.086699
0.247813
