0.439416
0.104483
0.015395
0.049136
-0.111256
0.034960
-0.044160
0.028550
0.023381
0.036447
0.033113
-0.006097
0.066298
0.012047
0.002728
0.025493
0.042018
0.068381
-0.008983
-0.000055
0.030339
0.003871
0.029407
0.117013
0.036844
0.038555
0.006331
0.055242
-0.012341
0.020686
0.008487
0.037195
0.037951
0.077034
0.034573
0.037854
0.001744
-0.003498
0.011179
0.095234
0.016812
0.087200
0.027761
0.007025
0.004029
0.037173
0.012529
0.041392
0.089817
0.090979
0.039314
0.126569
0.020439
0.063993
0.096631
0.112346
0.175408
0.081838
0.049454
0.085344
0.071005
0.068838
0.095877
0.105374
0.192821
0.282189
0.210700
0.243883
0.272570
0.271814
0.344468
0.178356
0.288714
0.254231
0.210133
0.343699
0.253733
0.260100
0.247847
0.385527
0.428766
0.317548
0.282454
0.332358
0.233283
0.438419
0.289592
0.313377
0.414094
0.292590
0.333664
0.349804
0.238404
0.340734
0.301889
0.387467
0.363866
0.334908
0.318003
0.315497
0.391925
0.420676
0.340965
0.341287
0.381328
0.319821
0.371525
0.253712
0.291572
0.255628
0.255036
0.242334
0.301209
0.242308
0.312753
0.255914
0.294538
0.313784
0.219592
0.260848
0.353343
0.166689
0.346711
0.303649
0.238174
0.284018
0.333755
0.321929
0.309416
0.299885
0.373484
0.351793
0.366606
0.367645
0.303735
0.336808
0.379363
0.291630
0.353255
0.348725
0.311137
0.331680
0.381380
0.503904
0.427636
0.365637
0.445978
0.323018
0.299171
0.345935
0.310031
0.373743
0.348585
0.328054
0.359494
0.311523
0.357128
0.316326
0.313147
0.309445
0.388446
0.298354
0.234596
0.271445
0.359730
0.370363
0.302631
0.320469
0.478113
0.355808
0.371509
0.301243
0.296501
0.361241
0.393138
0.369777
0.434022
0.365087
0.280236
0.363587
0.316768
0.318792
0.419305
0.361407
0.354223
0.357414
0.274960
0.301529
0.282507
0.221816
0.318784
0.335236
0.264539
0.362604
0.262797
0.309698
0.254010
0.380421
0.350904
0.242883
0.208836
0.218305
0.167582
0.221488
0.263219
0.124801
0.235376
0.258597
0.209702
0.269878
0.226405
0.175837
0.192295
0.285481
0.185004
0.226883
0.211032
0.174194
0.255120
0.226000
0.264217
0.205758
0.309269
0.264370
0.251385
0.250149
0.162635
0.236467
0.263104
0.261474
0.259946
0.308414
0.273060
0.267088
0.208807
0.187966
0.186686
0.222704
0.271024
0.269122
0.338778
0.245567
0.199933
0.252337
0.234087
0.304802
0.306455
0.353595
0.396181
0.303422
0.321685
0.322850
0.258597
0.296856
0.287916
0.350233
0.334726
0.311249
0.274850
0.260175
0.285778
0.288102
0.250649
0.263088
0.292805
0.312574
0.279415
0.252294
0.205131
0.207174
0.199428
0.287779
0.222076
0.226229
0.170519
0.182798
0.131427
0.255481
0.254644
0.243664
0.169450
0.122193
0.151471
0.145014
0.132157
0.136049
0.088760
0.158278
0.179117
0.085838
-0.004833
0.167115
0.029013
0.160530
0.126464
0.111845
0.179286
0.131951
0.090330
0.144800
0.185755
0.074773
0.075817
0.177007
0.136432
0.142584
0.128523
0.114815
0.134139
0.122010
0.092683
0.120452
0.158367
0.130563
0.055015
0.155361
0.148454
0.062090
0.197906
0.197530
0.115329
0.106539
0.148985
0.162195
0.063849
0.120715
0.087868
0.168668
0.133377
0.054527
0.176091
0.053583
0.075015
0.108297
0.121586
0.135082
0.089344
0.093669
0.014721
0.072582
0.098790
0.008370
0.052666
0.123863
0.075786
0.021158
0.088985
0.067414
0.034011
0.029748
0.066695
0.116022
0.040678
0.063216
0.051752
-0.001407
0.015728
0.170983
0.013829
0.156614
0.096992
0.099579
0.122540
0.063595
0.144377
0.043713
0.010211
0.130594
0.141150
0.118083
0.064393
0.112761
0.131917
0.159760
0.246162
0.196009
0.065431
0.161348
0.142280
0.136718
0.247684
0.145753
0.149067
0.182162
0.240482
0.259572
0.143149
0.204331
0.231661
0.272311
0.241674
0.298038
0.284497
0.206575
0.216744
0.407164
0.323489
0.187506
0.236466
0.395731
0.319823
0.361317
0.340302
0.304158
0.307242
0.348349
0.303886
0.289153
0.357181
0.210576
0.217110
0.282457
0.251776
0.155694
0.227921
0.278022
0.234114
0.343720
0.225711
0.246025
0.332156
0.290433
0.313139
0.183349
0.295826
0.231731
0.274266
0.209664
0.230879
0.298199
0.210935
0.338074
0.214623
0.348045
0.262733
0.365345
0.359427
0.311544
0.339336
0.288600
0.308592
0.283795
0.384959
0.343013
0.321628
0.252227
0.386851
0.347643
0.244009
0.424528
0.344674
0.363503
0.334633
0.412495
0.309169
0.362479
0.394161
0.423478
0.364433
0.290219
0.434090
0.397316
0.292315
0.463075
0.473042
0.387406
0.418813
0.467155
0.423728
0.436070
0.382078
0.394966
0.369067
0.323243
0.349549
0.340854
0.384408
0.397464
0.443060
0.494776
0.487343
0.426646
0.436265
0.424096
0.439555
0.431642
0.379487
0.406926
0.432037
0.371150
0.417642
0.481910
0.419309
0.428031
0.471312
0.420526
0.427237
0.537974
0.440659
0.486659
0.489705
0.528745
0.407820
0.487512
0.569877
0.449859
0.423156
0.473705
0.513584
0.455635
0.511035
0.584120
0.607942
0.563853
0.559777
0.687140
0.615134
0.616563
0.612925
0.592501
0.690989
0.621434
0.565366
0.662563
0.678524
0.663788
0.702770
0.730168
0.651931
0.532668
0.586251
0.634461
0.602525
0.647246
0.531024
0.612242
0.617350
0.642771
0.683902
0.650485
0.637720
0.616933
0.632957
0.638500
0.697888
0.590942
0.526381
0.661594
0.534705
0.582460
0.449985
0.518183
0.537975
0.521194
0.576005
0.469690
0.432384
0.544544
0.493824
0.346650
0.550356
0.412406
0.253682
0.461720
0.506646
0.544266
0.540961
0.519577
0.527547
0.385608
0.453141
0.420435
0.444122
0.464539
0.551752
0.632882
0.555367
0.520658
0.549931
0.516071
0.537355
0.540544
0.451282
0.456102
0.557780
0.473375
0.417448
0.511224
0.534877
0.490963
0.523763
0.564620
0.465636
0.508032
0.460891
0.503729
0.527035
0.515468
0.440796
0.444149
0.378128
0.412410
0.391198
0.427469
0.483972
0.382407
0.333509
0.408949
0.268911
0.384289
0.424018
0.309317
0.342662
0.442240
0.391983
0.316643
0.457268
0.360790
0.298889
0.313464
0.354866
0.330796
0.353005
0.431856
0.311063
0.364548
0.347595
0.364146
0.353108
0.367864
0.310101
0.293521
0.397222
0.312278
0.416362
0.282352
0.368456
0.285486
0.337769
0.325617
0.388127
0.312064
0.217103
0.227655
0.360494
0.289456
0.250425
0.295336
0.339629
0.242637
0.319156
0.263205
0.235994
0.236726
0.303700
0.220452
0.208036
0.234250
0.141760
0.145553
0.188163
0.210550
0.215323
0.231278
0.238409
0.185448
0.178660
0.129430
0.119816
0.197988
0.261501
0.221132
0.219980
0.250260
0.162098
0.231595
0.244989
0.180088
0.148285
0.171006
0.195013
0.149330
0.062499
0.152213
0.219442
0.195787
0.197076
0.225907
0.370722
0.165707
0.117890
0.147154
0.143201
0.321858
0.315387
0.088218
0.285066
0.176572
0.145986
0.192170
0.089013
0.115899
0.164266
0.281283
0.147711
0.261332
0.172519
0.085455
0.124970
0.162633
0.085475
0.167490
0.202254
0.159539
0.118940
0.151743
0.133177
0.009478
0.152884
0.153371
0.045974
0.183140
0.055559
0.113285
0.091424
0.038959
0.060288
0.167355
0.058135
0.093962
0.086724
0.077720
0.034739
0.014135
0.042229
0.066606
0.102356
0.113497
0.004506
0.079556
0.059028
0.022412
0.108357
0.072808
0.084457
0.048770
0.042841
0.051357
0.161322
0.048796
0.023726
0.134580
0.119696
0.098901
0.010638
0.078144
0.116270
0.080032
-0.021504
0.154808
0.150388
0.018727
0.081332
0.079604
0.078259
0.100137
0.045591
0.100372
0.031156
0.090322
0.089711
0.039363
0.062629
0.142987
0.115603
0.136261
0.096613
0.025204
0.098936
0.030427
0.033807
0.094372
0.104656
0.126453
0.088304
0.085933
0.001313
0.068845
0.005620
0.144162
0.046416
0.059901
0.194493
0.141913
0.024240
0.083776
0.108561
0.000863
0.052819
0.159421
0.088199
0.198008
0.160041
0.101309
0.193277
0.189511
0.027714
0.192339
0.236992
0.130757
0.175781
0.221480
0.190284
0.195575
0.164175
0.230130
0.365537
0.226203
0.218501
0.281752
0.169635
0.366545
0.340473
0.261555
0.258515
0.303508
0.316846
0.311925
0.282287
0.219256
0.216655
0.321362
0.258191
0.279962
0.260583
0.224345
0.209068
0.268437
0.189148
0.262266
0.333919
0.162434
0.240491
0.266160
0.225276
0.206465
0.252814
0.225917
0.246054
0.201848
0.144484
0.235178
0.158596
0.214223
0.288729
0.264255
0.217238
0.193385
0.161639
0.215933
0.214907
0.180626
0.225707
0.268022
0.220035
0.268148
0.203951
0.253832
0.237474
0.258343
0.232682
0.230939
0.193567
0.220185
0.167211
0.229448
0.214437
0.140213
0.195117
0.214025
0.130602
0.241664
0.131081
0.247816
0.179859
0.229009
0.192752
0.260981
0.178365
0.221638
0.256408
0.267921
0.247123
0.290010
0.258891
0.327954
0.345143
0.344423
0.223165
0.262439
0.251950
0.335253
0.286325
0.278313
0.372971
0.344271
0.328424
0.366658
0.275227
0.264686
0.238926
0.354425
0.349530
0.313278
0.375172
0.253302
0.228941
0.339341
0.329715
0.326560
0.432384
0.274401
0.203736
0.209860
0.345230
0.162112
0.156846
0.231928
0.255694
0.277959
0.230322
0.207143
0.322241
0.344174
0.356077
0.277125
0.372679
0.378216
0.271046
0.290013
0.238130
0.230546
0.291050
0.466006
0.285875
0.426328
0.366888
0.352187
0.339543
0.402356
0.333748
0.321352
0.514506
0.263387
0.342288
0.345966
0.360518
0.349066
0.392737
0.483789
0.506735
0.423070
0.395068
0.333228
0.420495
0.429886
0.266543
0.354947
0.510051
0.359771
0.350065
0.412385
0.414857
0.366039
0.401392
0.395877
0.434001
0.440726
0.329333
0.321743
0.282691
0.273591
0.214702
0.305593
0.360753
0.270517
0.252414
0.249137
0.387113
0.243485
0.298105
0.312195
0.239981
0.293784
0.222805
0.266653
0.261828
0.214998
0.236916
0.244411
0.292386
0.128148
0.187554
0.146871
0.173954
0.115707
0.191002
0.155537
0.112051
0.132645
0.213143
0.180558
0.150976
0.142391
0.180516
0.070165
0.275745
0.109842
0.117950
0.224749
0.142433
0.260852
0.223634
0.251847
