0.595424
0.496427
0.370573
0.571019
0.482911
0.498994
0.367471
0.371705
0.450472
0.364292
0.472636
0.338188
0.431932
0.443078
0.462736
0.504808
0.459208
0.471044
0.496834
0.466668
0.448010
0.459343
0.370351
0.509318
0.581303
0.530368
0.578391
0.475613
0.401901
0.525574
0.540340
0.606845
0.548686
0.599005
0.630850
0.584815
0.588179
0.527031
0.498281
0.504511
0.617130
0.579492
0.582967
0.517226
0.538562
0.569543
0.498733
0.623982
0.487268
0.598141
0.642122
0.583161
0.637355
0.599153
0.574875
0.504943
0.525271
0.501657
0.563006
0.520963
0.532351
0.528650
0.491747
0.533691
0.513124
0.548730
0.541946
0.533602
0.519970
0.573874
0.537154
0.586125
0.594934
0.594753
0.639582
0.557876
0.576464
0.522519
0.550101
0.614509
0.561007
0.619430
0.591796
0.545489
0.668640
0.495422
0.500102
0.545166
0.587705
0.545317
0.421922
0.542531
0.558371
0.479511
0.441986
0.504586
0.463852
0.399932
0.436623
0.428207
0.314516
0.395331
0.374894
0.340061
0.409431
0.374936
0.341509
0.383047
0.360110
0.360051
0.390346
0.454459
0.439072
0.400491
0.405246
0.415945
0.423961
0.439443
0.379022
0.324764
0.461386
0.381711
0.370327
0.247286
0.301479
0.363158
0.344995
0.357264
0.373455
0.373770
0.363656
0.358432
0.434779
0.415891
0.320125
0.370186
0.402673
0.433932
0.452261
0.384788
0.479761
0.389518
0.395079
0.410379
0.505418
0.398997
0.368089
0.347277
0.316776
0.386753
0.302198
0.265563
0.258618
0.260602
0.243659
0.258814
0.201811
0.240278
0.275009
0.283699
0.107830
0.242498
0.189385
0.233677
0.197995
0.184571
0.115003
0.192915
0.123080
0.160482
0.120266
0.141678
0.167779
0.087106
0.124987
0.165659
0.142107
0.129382
0.106910
0.086014
0.086782
0.181874
0.219784
0.189940
0.181867
0.209389
0.127727
0.133068
0.097410
0.203491
0.178496
0.168303
0.117978
0.174756
0.135641
0.129823
0.118750
0.127996
0.124288
0.183169
0.135355
0.143249
0.150290
0.139791
0.126258
0.111252
0.121670
0.177587
0.120829
0.209030
0.187720
0.229888
0.170556
0.248723
0.146857
0.248307
0.200556
0.222142
0.268250
0.155673
0.187320
0.200738
0.169797
0.133179
0.235999
0.164358
0.119406
0.132654
0.136134
0.187213
0.115816
0.197739
0.185220
0.097208
0.115959
0.089045
0.118282
0.126776
0.166923
0.185144
0.126415
0.222442
0.121779
0.166515
0.187439
0.178944
0.287497
0.232963
0.224432
0.199928
0.104927
0.199110
0.190266
0.130997
0.235732
0.157733
0.181598
0.244453
0.154062
0.186072
0.222578
0.239765
0.219159
0.249229
0.299455
0.184676
0.186757
0.291393
0.297232
0.303942
0.285719
0.378233
0.338274
0.430613
0.287485
0.284754
0.266433
0.347414
0.342153
0.350156
0.322612
0.225847
0.282322
0.264959
0.304307
0.308704
0.363811
0.289894
0.277064
0.277483
0.233713
0.269718
0.310985
0.328626
0.321764
0.263291
0.315592
0.360349
0.265726
0.243235
0.254141
0.320019
0.307279
0.304312
0.255733
0.319112
0.248607
0.356701
0.295725
0.350781
0.280754
0.331485
0.326414
0.329879
0.339303
0.280522
0.291286
0.286005
0.417147
0.269859
0.174083
0.393721
0.350361
0.317911
0.307202
0.316418
0.339375
0.340493
0.312298
0.358071
0.291679
0.340979
0.351286
0.308547
0.312785
0.436669
0.423044
0.393777
0.343992
0.380454
0.399680
0.331130
0.339917
0.412340
0.440671
0.357851
0.378649
0.319813
0.365948
0.357634
0.280536
0.327831
0.388144
0.269677
0.314988
0.279881
0.221976
0.294659
0.391694
0.334812
0.333319
0.293900
0.237232
0.265174
0.261051
0.287400
0.310825
0.210260
0.274021
0.360999
0.245332
0.313923
0.376336
0.372257
0.280385
0.441196
0.423112
0.181813
0.340849
0.327621
0.316203
0.257145
0.272848
0.430204
0.374149
0.421899
0.411931
0.346055
0.443705
0.456583
0.491036
0.478156
0.469690
0.490933
0.500925
0.438262
0.440917
0.490764
0.566804
0.594165
0.583461
0.479070
0.493582
0.473241
0.485987
0.451589
0.458862
0.492292
0.486530
0.473388
0.510714
0.475534
0.404661
0.497152
0.434428
0.418947
0.417058
0.422283
0.430093
0.464351
0.341214
0.483387
0.401559
0.437271
0.496916
0.401456
0.354701
0.337677
0.380849
0.367204
0.452762
0.442539
0.473976
0.366548
0.295479
0.416585
0.362345
0.531722
0.512712
0.524930
0.511326
0.444665
0.391523
0.498569
0.444319
0.526968
0.504509
0.619475
0.576348
0.564070
0.604695
0.599154
0.619326
0.608345
0.541989
0.630325
0.583386
0.654933
0.505034
0.607079
0.625200
0.610141
0.655879
0.706231
0.710022
0.643559
0.684283
0.681431
0.654532
0.673941
0.663644
0.700214
0.709884
0.673240
0.653147
0.703678
0.713687
0.685070
0.708581
0.706256
0.704061
0.671034
0.654317
0.661495
0.650162
0.654360
0.616923
0.630464
0.731192
0.679451
0.698920
0.745898
0.706007
0.711312
0.675287
0.706367
0.643365
0.701035
0.703331
0.723315
0.672332
0.715144
0.701847
0.712996
0.752113
0.727030
0.723773
0.671461
0.663167
0.733279
0.731918
0.708314
0.746832
0.701130
0.689561
0.707532
0.647249
0.593982
0.622185
0.669231
0.651593
0.668248
0.664264
0.655099
0.590145
0.611006
0.599127
0.536729
0.572579
0.595433
0.609518
0.597013
0.621944
0.531013
0.453426
0.570330
0.627348
0.585533
0.634019
0.505950
0.561247
0.568223
0.566037
0.532452
0.598607
0.526995
0.486477
0.579069
0.629020
0.601637
0.609804
0.646890
0.760493
0.638481
0.590291
0.620638
0.563315
0.581373
0.607900
0.684049
0.684725
0.713517
0.728757
0.731993
0.762053
0.684019
0.718385
0.718833
0.714081
0.780298
0.739663
0.656198
0.666480
0.666822
0.660662
0.750561
0.719240
0.770408
0.774111
0.786580
0.804433
0.759327
0.743473
0.771907
0.782519
0.759831
0.779652
0.776593
0.769863
0.766056
0.775045
0.805010
0.789576
0.838601
0.852502
0.862213
0.805422
0.847665
0.776820
0.830081
0.851433
0.835235
0.834147
0.852917
0.840130
0.842785
0.871215
0.878274
0.852890
0.767471
0.818989
0.852388
0.821085
0.860504
0.775017
0.788205
0.836348
0.790176
0.743590
0.792369
0.796814
0.829416
0.788905
0.798630
0.805902
0.788247
0.839159
0.859051
0.852314
0.863830
0.838275
0.859049
0.867905
0.845052
0.831970
0.879687
0.851879
0.871657
0.861301
0.863178
0.840677
0.900290
0.905658
0.911371
0.906865
0.925986
0.866772
0.912806
0.928436
0.905993
0.909009
0.914835
0.923135
0.926480
0.927612
0.922298
0.874646
0.912485
0.947283
0.954229
0.932112
0.934292
0.905861
0.905250
0.957846
0.912598
0.867648
0.923563
0.914002
0.908235
0.902321
0.915540
0.863810
0.912773
0.921761
0.920619
0.930663
0.941010
0.920366
0.904917
0.933015
0.927425
0.885405
0.912201
0.905074
0.921403
0.905685
0.921688
0.896109
0.895555
0.931453
0.952772
0.946692
0.938761
0.922473
0.922628
0.915452
0.925424
0.902205
0.932471
0.919028
0.941199
0.931041
0.912214
0.916463
0.897669
0.934295
0.958010
0.960988
0.950814
0.948502
0.955264
0.937776
0.947983
0.932134
0.962086
0.958519
0.964069
0.957532
0.957694
0.948460
0.954351
0.965042
0.973816
0.967154
0.973999
0.967011
0.973292
0.982925
0.977354
0.968816
0.986263
0.977521
0.985884
0.977512
0.985107
0.966832
0.975324
0.983861
0.992954
0.983745
0.987339
0.976372
0.976039
0.988110
0.987287
0.980835
0.991707
0.987091
0.992903
0.987990
0.984740
0.980208
0.982597
0.986933
0.994116
0.988224
0.991591
0.985916
0.986147
0.986531
0.991286
0.978402
0.991058
0.985499
0.991090
0.989718
0.986607
0.979805
0.979042
0.990596
0.993788
0.992236
0.994968
0.988865
0.991899
0.992249
0.989534
0.980567
0.991474
0.990449
0.993538
0.990583
0.988513
0.983878
0.985308
0.987812
0.993654
0.991872
0.991617
0.985760
0.986168
0.987257
0.991174
0.987839
0.988378
0.983755
0.987362
0.985260
0.986524
0.972173
0.980953
0.986831
0.994403
0.987532
0.991186
0.984232
0.986200
0.987157
0.988884
0.985755
0.989128
0.987902
0.993108
0.988053
0.986525
0.981065
0.985953
0.988890
0.993402
0.987407
0.990859
0.986982
0.989170
0.990368
0.989248
0.979589
0.989829
0.984664
0.992284
0.989305
0.989766
0.985082
0.989405
0.991462
0.996461
0.994550
0.993452
0.988696
0.989505
0.987298
0.990626
0.986751
0.992665
0.990386
0.993146
0.990427
0.982172
0.979269
0.986215
0.987145
0.993423
0.988568
0.993143
0.979854
0.988060
0.991315
0.982586
0.972715
0.988650
0.985986
0.988795
0.978792
0.980032
0.955217
0.978450
0.986039
0.992441
0.984697
0.989328
0.979936
0.981452
0.985078
0.980870
0.964588
0.978377
0.972104
0.984796
0.975472
0.972248
0.962049
0.971367
0.979637
0.989514
0.983699
0.987685
0.976710
0.980333
0.975181
0.983386
0.959158
0.977773
0.970374
0.976955
0.970503
0.968621
0.966272
0.960240
0.974861
0.987968
0.982208
0.983739
0.978981
0.980701
0.983733
0.976963
0.963253
0.984787
0.972483
0.982271
0.975968
0.978407
0.954763
0.976031
0.982938
0.990965
0.986107
0.991550
0.976340
0.980291
0.982702
0.977961
0.971776
0.981216
0.971684
0.985564
0.981214
0.978263
0.961210
0.972346
0.980248
0.988969
0.988098
0.987771
0.974891
0.983508
0.984927
0.985593
0.981404
0.987941
0.981808
0.990304
0.982851
0.983718
0.977534
0.976795
0.979307
0.991723
0.985018
0.990168
0.979851
0.986823
0.988074
0.981158
0.976636
0.988749
0.984402
0.990696
0.983538
0.982217
0.971291
0.971728
0.976680
0.986327
0.981711
0.986012
0.976172
0.975827
0.983541
0.977728
0.958710
0.982723
0.977279
0.985663
0.977447
0.966703
0.967445
0.957173
0.969348
0.986665
0.980955
0.988469
0.979835
0.983782
0.988216
0.985930
0.965097
0.989795
0.984753
0.988052
0.984264
0.985013
0.975269
0.980685
0.986184
0.991644
0.988692
0.991025
0.983250
0.982019
0.988847
0.986039
0.980400
0.989002
0.982102
0.983883
0.984998
0.981815
0.970098
0.952885
0.942371
0.964718
0.947331
0.955351
0.958642
0.955688
0.964454
0.913319
0.946405
0.908156
0.933777
0.855151
0.827121
0.301235
