0.535286
0.496928
0.361585
0.521086
0.509898
0.431842
0.417404
0.323263
0.491200
0.382804
0.415354
0.371958
0.441187
0.434274
0.412711
0.460749
0.416225
0.487969
0.363712
0.482325
0.536541
0.515215
0.525069
0.459914
0.555809
0.508294
0.548949
0.502673
0.455249
0.475759
0.520465
0.642502
0.561573
0.561516
0.601014
0.569662
0.580472
0.622556
0.577999
0.600062
0.650034
0.496420
0.536921
0.638215
0.612207
0.580383
0.627999
0.599701
0.511413
0.555831
0.526012
0.475108
0.483209
0.540928
0.492303
0.460756
0.555660
0.482092
0.451820
0.346035
0.513208
0.430260
0.467507
0.508512
0.450566
0.501853
0.544973
0.460236
0.536363
0.502084
0.498201
0.591274
0.602763
0.557286
0.553169
0.495524
0.558525
0.580868
0.608311
0.530507
0.622289
0.604824
0.569269
0.637952
0.671835
0.657471
0.633336
0.631584
0.624396
0.547689
0.525134
0.543122
0.568417
0.620131
0.653685
0.678875
0.615002
0.618484
0.647760
0.535384
0.553767
0.613290
0.562407
0.592885
0.657523
0.532970
0.576747
0.571803
0.506808
0.551710
0.548528
0.566559
0.386897
0.586031
0.594733
0.635775
0.563006
0.633571
0.627024
0.576863
0.616792
0.615923
0.553055
0.537989
0.530968
0.568308
0.553777
0.709070
0.581348
0.600686
0.614785
0.602143
0.607707
0.689735
0.701205
0.638605
0.685781
0.684595
0.625383
0.613159
0.654701
0.670995
0.596327
0.720926
0.641173
0.652470
0.654417
0.652311
0.603247
0.709376
0.610697
0.613898
0.666584
0.656498
0.634648
0.631766
0.604578
0.621830
0.624940
0.637437
0.626572
0.649216
0.644268
0.726747
0.716319
0.666623
0.632308
0.601785
0.771741
0.571843
0.471541
0.614563
0.637399
0.634135
0.624076
0.738773
0.733305
0.637235
0.671608
0.712976
0.666076
0.715198
0.679117
0.681855
0.721963
0.732662
0.662696
0.750988
0.718973
0.700604
0.719460
0.766474
0.706063
0.757101
0.760463
0.735358
0.739248
0.716448
0.696133
0.756719
0.783201
0.767242
0.752242
0.764781
0.729595
0.775477
0.722001
0.742067
0.689148
0.646886
0.773590
0.752930
0.735845
0.749757
0.669295
0.670006
0.841861
0.749372
0.741181
0.736802
0.732904
0.760882
0.684285
0.746166
0.697615
0.676667
0.711994
0.731110
0.696200
0.667474
0.708143
0.694129
0.643191
0.644124
0.604439
0.649796
0.693718
0.695165
0.704862
0.683124
0.618013
0.654486
0.671256
0.625180
0.623040
0.668485
0.603585
0.689014
0.717273
0.587038
0.516800
0.614496
0.642922
0.622998
0.635612
0.639036
0.566984
0.644454
0.631003
0.702766
0.687112
0.685327
0.668861
0.705479
0.731614
0.692890
0.586940
0.686198
0.682941
0.679286
0.678866
0.681016
0.732037
0.662683
0.710878
0.764666
0.721911
0.737213
0.715744
0.712912
0.714678
0.674480
0.640627
0.629622
0.651147
0.679816
0.726732
0.695676
0.693985
0.679349
0.687729
0.690439
0.623484
0.690146
0.667678
0.647487
0.706322
0.648888
0.594235
0.659426
0.669272
0.619573
0.633798
0.645943
0.608514
0.625829
0.637145
0.643380
0.607353
0.589988
0.516533
0.559071
0.641067
0.584632
0.671822
0.486813
0.520100
0.586449
0.590078
0.589465
0.565948
0.558385
0.559241
0.653491
0.528638
0.483329
0.571517
0.597287
0.518723
0.529589
0.543831
0.625758
0.592207
0.563253
0.572337
0.689256
0.573818
0.555541
0.614195
0.575061
0.703859
0.596730
0.567282
0.587045
0.633166
0.622514
0.534003
0.600555
0.563096
0.668641
0.623623
0.672647
0.610598
0.652552
0.676436
0.703163
0.595868
0.668624
0.656105
0.622178
0.693774
0.657928
0.615533
0.677151
0.631278
0.724606
0.658373
0.709022
0.694198
0.678163
0.610530
0.711350
0.602799
0.647107
0.602474
0.621208
0.593254
0.659725
0.708260
0.653334
0.669540
0.620416
0.708882
0.647901
0.640804
0.658965
0.651728
0.627139
0.613012
0.652471
0.611105
0.640436
0.670774
0.637528
0.548766
0.597522
0.523877
0.548410
0.570879
0.600036
0.518698
0.632799
0.622473
0.572663
0.656529
0.619435
0.600701
0.661447
0.741279
0.663024
0.552410
0.600698
0.537058
0.597685
0.661980
0.695557
0.646267
0.664108
0.657257
0.745677
0.704752
0.718359
0.672014
0.718079
0.713848
0.713835
0.635860
0.657571
0.697468
0.722517
0.749683
0.806274
0.755127
0.766309
0.762937
0.808402
0.760083
0.755283
0.696718
0.740590
0.806597
0.685735
0.705834
0.722174
0.730030
0.749201
0.715395
0.739817
0.706640
0.722344
0.772630
0.844886
0.809921
0.771089
0.753457
0.771998
0.786926
0.776533
0.779911
0.790537
0.778330
0.845990
0.806693
0.792419
0.820148
0.782469
0.779622
0.790395
0.830437
0.814767
0.798573
0.801155
0.806421
0.738179
0.678260
0.796808
0.764302
0.787068
0.808471
0.835814
0.790261
0.749634
0.793251
0.770925
0.739466
0.781966
0.707004
0.743273
0.756335
0.750609
0.681869
0.673211
0.668399
0.722615
0.728295
0.617905
0.612098
0.661468
0.699339
0.731753
0.718961
0.677412
0.684899
0.660046
0.768408
0.668283
0.669525
0.662009
0.709196
0.672642
0.676217
0.749393
0.725105
0.704560
0.728220
0.730785
0.756766
0.756613
0.765598
0.777678
0.783988
0.755985
0.689469
0.728023
0.678899
0.752112
0.720618
0.763863
0.780734
0.687148
0.684660
0.733113
0.737436
0.726182
0.660933
0.691781
0.754163
0.646964
0.617813
0.739284
0.695902
0.710360
0.694458
0.710245
0.697866
0.675006
0.731714
0.710936
0.710530
0.726869
0.752339
0.732184
0.748317
0.685677
0.648314
0.685136
0.679020
0.610389
0.645517
0.682384
0.614850
0.672575
0.652521
0.669114
0.690553
0.704346
0.630121
0.658443
0.703285
0.546737
0.591332
0.620818
0.604652
0.557441
0.625222
0.693179
0.559049
0.610659
0.610465
0.575074
0.636344
0.650050
0.560804
0.612530
0.615961
0.587313
0.520693
0.611294
0.561951
0.569472
0.600665
0.602314
0.514825
0.598185
0.585483
0.585912
0.626444
0.594145
0.520188
0.552788
0.657555
0.629850
0.588607
0.613497
0.601711
0.612269
0.649969
0.761553
0.676195
0.645887
0.704318
0.621499
0.634579
0.654230
0.642186
0.608698
0.587996
0.573450
0.618636
0.626318
0.593396
0.586918
0.598829
0.602113
0.520169
0.516718
0.567387
0.523374
0.459590
0.500994
0.472094
0.499644
0.549687
0.565064
0.543489
0.541940
0.499226
0.491684
0.459862
0.455498
0.437805
0.499557
0.513655
0.537889
0.440633
0.408464
0.521245
0.554770
0.498671
0.530299
0.458132
0.497907
0.521545
0.490028
0.540547
0.562203
0.535604
0.446919
0.537835
0.510144
0.457573
0.552782
0.583782
0.448829
0.532908
0.509572
0.476507
0.528958
0.519449
0.487387
0.531325
0.578002
0.526866
0.523310
0.469145
0.514668
0.415435
0.482885
0.503472
0.464236
0.453803
0.469272
0.369711
0.484538
0.397024
0.487029
0.463675
0.440197
0.348783
0.445818
0.510541
0.443830
0.501714
0.387212
0.373274
0.461333
0.455006
0.396653
0.573950
0.442984
0.517931
0.439704
0.477604
0.553938
0.385058
0.479486
0.519784
0.474938
0.554805
0.535068
0.535939
0.543880
0.556893
0.530457
0.514391
0.522157
0.456969
0.550798
0.533988
0.608434
0.504777
0.518749
0.576943
0.561258
0.523511
0.580134
0.536984
0.541905
0.591431
0.508157
0.472578
0.449633
0.525903
0.441807
0.451182
0.523448
0.525868
0.495945
0.516070
0.439294
0.533355
0.510198
0.412188
0.496875
0.501982
0.425906
0.519584
0.389782
0.396533
0.456401
0.434296
0.462913
0.518566
0.401102
0.419902
0.407230
0.446018
0.403681
0.410609
0.425627
0.505198
0.450610
0.377400
0.352680
0.423477
0.432575
0.394396
0.482336
0.575740
0.402403
0.423110
0.456411
0.456014
0.451812
0.504778
0.428537
0.451574
0.384119
0.320515
0.421242
0.382243
0.364989
0.408966
0.360108
0.497390
0.418317
0.387718
0.341608
0.211584
0.403308
0.464990
0.344995
0.346795
0.355782
0.269282
0.292336
0.335624
0.346594
0.402672
0.461237
0.356362
0.441282
0.342764
0.285498
0.358737
0.389697
0.303530
0.354030
0.370856
0.349737
0.381007
0.291015
0.333519
0.278687
0.276358
0.313096
0.302869
0.386625
0.196137
0.252915
0.183772
0.269718
0.219641
0.185220
0.191614
0.279999
0.264524
0.225133
0.220445
0.141608
0.170799
0.262259
0.146876
0.226782
0.228399
0.154680
0.235092
0.148242
0.212800
0.171420
0.158181
0.129902
0.238486
0.110778
0.114977
0.183505
0.225674
0.132102
0.129317
0.132752
0.150895
0.171028
0.193775
0.213047
0.110375
0.246635
0.267909
0.185972
0.237115
0.323609
0.155124
0.203318
0.167785
0.271213
0.279090
0.244969
0.321646
0.297168
0.199441
0.365526
0.277460
0.247568
0.237102
0.237944
0.318603
0.269614
0.295989
0.286866
0.357803
0.441746
0.259489
0.282421
0.254857
0.294181
0.332242
0.223188
0.126903
0.231166
0.322345
0.147999
0.189382
0.113557
0.153836
0.173505
0.185608
0.129913
0.139749
0.166906
0.106582
0.102310
0.205979
0.029355
0.069928
0.219208
0.127970
0.021178
0.099246
0.104209
0.119571
0.098213
0.116084
0.185616
0.109906
0.020140
0.037038
0.094127
0.075193
0.100888
0.126614
0.148525
0.155627
0.077665
0.112334
0.133097
0.105060
0.078832
0.115456
0.238988
0.139101
0.223013
0.117823
0.184493
0.049574
0.228551
0.175422
0.180654
0.182239
0.099916
0.068975
0.109702
0.120625
0.166561
0.096779
0.132949
0.195216
0.147265
0.058327
0.121081
0.099249
0.107067
0.087476
0.084682
0.205119
0.049005
0.095618
0.140267
0.078167
0.037544
0.051579
0.167058
0.122579
0.159809
0.127961
0.131266
0.181099
0.154727
0.117417
0.185367
0.110447
0.073135
0.065964
0.135155
0.093768
0.090940
0.112513
0.142018
0.113083
0.116004
0.070231
0.164937
0.094045
0.033468
0.098248
0.192514
0.061084
0.081998
0.080690
0.132967
0.161163
0.096436
0.185998
0.207881
0.261236
0.132942
0.019108
0.157578
0.164061
0.242861
0.078580
0.176821
0.093269
0.160014
0.145845
0.091831
0.056726
0.085566
0.163236
0.103193
0.186675
0.176869
0.138413
0.082206
0.051359
0.159006
0.111595
0.032751
0.345092
0.077270
-0.037293
0.228850
0.104606
0.228139
0.199476
0.255772
