0.573351
0.417276
0.324438
0.500384
0.367649
0.480224
0.315932
0.294432
0.434311
0.331932
0.431100
0.316220
0.284017
0.358476
0.377613
0.454077
0.420195
0.380808
0.411998
0.329929
0.349813
0.392829
0.337862
0.333459
0.389325
0.298159
0.179411
0.402613
0.327866
0.292248
0.306525
0.330036
0.194238
0.369710
0.283520
0.281592
0.308147
0.353963
0.387036
0.389967
0.325627
0.312517
0.303924
0.321470
0.341083
0.354019
0.308548
0.433964
0.344080
0.369065
0.297386
0.361423
0.289906
0.346590
0.323420
0.326362
0.334954
0.237422
0.225046
0.364288
0.307417
0.335828
0.267695
0.383331
0.226323
0.285004
0.278341
0.277061
0.332545
0.336828
0.273662
0.274127
0.319216
0.293109
0.237662
0.316104
0.256563
0.267139
0.328918
0.321348
0.373737
0.374476
0.314263
0.341754
0.292648
0.400323
0.288038
0.355281
0.419671
0.379849
0.397834
0.361002
0.231782
0.358626
0.293735
0.383423
0.385419
0.419470
0.351170
0.291476
0.328153
0.300014
0.286796
0.347659
0.455472
0.310962
0.324219
0.251772
0.389956
0.404488
0.330623
0.296167
0.429826
0.364934
0.282824
0.393862
0.381409
0.400795
0.310253
0.433990
0.493941
0.405943
0.360484
0.419415
0.431810
0.430350
0.433780
0.523464
0.557229
0.403637
0.436539
0.454203
0.403754
0.494561
0.480528
0.429345
0.391015
0.475583
0.395597
0.522576
0.455475
0.483767
0.516188
0.558934
0.550506
0.549948
0.528971
0.555237
0.463448
0.514227
0.500008
0.590300
0.530084
0.460310
0.400360
0.494257
0.495020
0.485374
0.478694
0.449980
0.460893
0.313247
0.388279
0.353978
0.398769
0.501271
0.452147
0.472614
0.501128
0.466343
0.393134
0.461299
0.453966
0.288140
0.425379
0.476024
0.441400
0.472501
0.465356
0.523870
0.462582
0.477679
0.311366
0.429219
0.620520
0.490499
0.476189
0.471735
0.440360
0.471811
0.402899
0.597957
0.444997
0.495077
0.529097
0.541586
0.507447
0.452286
0.483090
0.488219
0.481616
0.459355
0.520323
0.474719
0.475447
0.494720
0.456213
0.555236
0.498811
0.503474
0.485552
0.510716
0.468664
0.514865
0.425374
0.485742
0.539483
0.418477
0.491020
0.505301
0.459272
0.483995
0.488372
0.617528
0.462569
0.492587
0.562566
0.507246
0.434413
0.470688
0.462442
0.532014
0.534414
0.470678
0.565010
0.480244
0.506944
0.452197
0.496765
0.451105
0.410513
0.533291
0.551274
0.560264
0.584332
0.586311
0.542644
0.510929
0.590947
0.494426
0.474875
0.491665
0.504611
0.467768
0.536022
0.635537
0.554052
0.612090
0.625881
0.602049
0.587092
0.559998
0.523929
0.540918
0.568069
0.584926
0.639434
0.539086
0.570516
0.646008
0.657688
0.675949
0.678956
0.617757
0.619249
0.623315
0.630017
0.622763
0.584584
0.671368
0.666076
0.608863
0.668373
0.586486
0.614590
0.665746
0.583449
0.556309
0.536995
0.542748
0.479583
0.512592
0.498025
0.455883
0.434066
0.485239
0.571417
0.414473
0.391416
0.419762
0.343363
0.341066
0.247309
0.292081
0.354827
0.211872
0.194587
0.290503
0.203452
0.273909
0.321175
0.247275
0.277186
0.268242
0.138550
0.225699
0.148917
0.130560
0.110398
0.209815
0.194615
0.198329
0.170658
0.067749
0.186625
0.181842
0.217639
0.196123
0.152306
0.105762
0.057786
0.132248
0.114353
0.062493
0.088266
0.133452
0.102989
0.141343
0.066895
0.065213
0.044835
0.098541
0.102612
0.054568
0.081116
0.096348
0.156953
0.109578
0.045104
0.016072
0.073757
0.128529
0.126233
0.087840
-0.014774
0.036024
0.106035
0.134619
0.069757
0.122241
0.100829
0.036945
0.044754
0.063776
0.044467
0.080248
0.056660
0.102675
0.060721
0.050418
0.034979
0.052321
0.068070
0.052577
-0.011976
0.123298
0.059422
0.029496
0.027622
0.052137
0.065751
0.021569
0.001862
0.088109
0.058177
0.050087
0.004726
0.022769
0.038706
0.047472
0.061838
0.145162
-0.006650
0.021939
0.034849
0.059582
-0.012305
0.001177
0.010538
0.081974
0.065824
0.099041
-0.003054
0.035258
-0.029672
0.029274
-0.008388
0.092130
0.087022
-0.023199
-0.005467
-0.011182
-0.022425
0.032743
0.053451
0.040978
0.058439
0.058169
-0.043247
0.048088
0.006581
-0.022725
0.020110
0.085682
0.006477
0.039832
0.060383
0.034834
0.045689
-0.013625
0.034225
0.036882
0.087535
0.081608
-0.006162
0.008087
-0.022301
0.183755
0.011838
0.109554
0.163217
0.072010
0.056334
0.058935
0.034912
0.030289
-0.013189
0.095167
0.116639
0.059380
0.062877
0.076759
0.102960
0.053853
0.000790
0.141270
0.196497
-0.025604
0.010642
0.071489
0.118989
0.011221
0.073309
0.089186
0.086988
0.094424
0.025592
0.063451
0.059112
0.067393
0.082468
0.049307
0.127723
0.072952
-0.005710
0.100756
0.115805
0.009039
0.095427
0.137810
0.046119
0.125970
0.052015
0.083177
0.055160
0.073343
0.070177
0.124780
0.062783
0.059622
0.155394
0.033594
0.057883
0.038819
0.171160
0.079874
0.072321
0.093185
0.009931
0.136971
0.101662
0.145296
0.128957
0.122457
0.159897
0.110727
0.036803
0.047216
0.043056
0.076610
0.076332
0.153075
0.114522
0.189638
0.180902
0.132257
0.178230
0.202924
0.150241
0.124878
0.284146
0.173921
0.103712
0.238471
0.163441
0.147985
0.214757
0.256830
0.267091
0.284085
0.287428
0.308515
0.283624
0.320920
0.309386
0.253704
0.257528
0.313828
0.324236
0.305438
0.283595
0.231958
0.284560
0.341283
0.334428
0.360661
0.301580
0.215237
0.217862
0.301836
0.306487
0.266215
0.396997
0.253258
0.264609
0.227803
0.255739
0.197591
0.196887
0.306136
0.225237
0.214444
0.148273
0.162942
0.146060
0.197520
0.264663
0.207834
0.235559
0.186668
0.148862
0.218735
0.127189
0.124719
0.206775
0.209085
0.206209
0.183668
0.181895
0.200766
0.163119
0.335673
0.284208
0.210935
0.275799
0.164987
0.147942
0.256070
0.133206
0.104593
0.130538
0.270275
0.237459
0.286577
0.272750
0.191871
0.265974
0.287942
0.224879
0.233504
0.261602
0.207108
0.206149
0.194000
0.212462
0.175707
0.242752
0.270017
0.264784
0.245538
0.229708
0.241235
0.196016
0.232451
0.363998
0.219481
0.187601
0.214972
0.199712
0.203073
0.234423
0.180364
0.230817
0.218716
0.275014
0.219459
0.127925
0.133630
0.129834
0.178059
0.014687
0.246761
0.220489
0.106943
0.085011
0.162872
0.203935
0.192790
0.134263
0.204349
0.167245
0.225574
0.179496
0.050205
0.039928
0.171204
0.172419
0.175276
0.218676
0.240439
0.171546
0.140216
0.055680
0.179507
0.115093
0.174350
0.212757
0.201578
0.136093
0.188570
0.175102
0.309512
0.110545
0.176269
0.322446
0.252898
0.215037
0.096266
0.128025
0.203408
0.175987
0.173880
0.307790
0.201602
0.169727
0.252008
0.206631
0.279282
0.252244
0.180019
0.371853
0.246000
0.210050
0.244187
0.183165
0.200290
0.194325
0.293737
0.388547
0.266657
0.227181
0.270045
0.189539
0.254477
0.275644
0.230017
0.177477
0.208276
0.165812
0.175966
0.137891
0.142977
0.198983
0.192113
0.125180
0.178189
0.158189
0.095995
0.128653
0.164328
0.126132
0.133049
0.208335
0.085720
0.101469
0.162464
0.074167
0.097088
0.100783
0.156901
0.080798
0.132213
0.103117
0.100076
0.118528
0.157972
0.123934
0.144957
0.152184
0.034994
0.042013
0.093889
0.173066
0.066550
0.120561
0.097127
0.137399
0.126677
0.026265
0.167883
0.118365
0.142137
0.066837
0.131934
0.184339
0.087388
0.127825
0.089809
0.093847
0.138165
0.167808
0.134769
0.189669
0.163996
0.172887
0.127012
0.135297
0.217363
0.266982
0.221929
0.195872
0.321168
0.216869
0.230375
0.159342
0.196324
0.257611
0.280671
0.348236
0.316256
0.254628
0.246787
0.315221
0.201926
0.197640
0.288031
0.253272
0.280323
0.230193
0.197071
0.225447
0.209303
0.217157
0.279478
0.365783
0.274590
0.189211
0.207292
0.120792
0.173681
0.188291
0.197455
0.153020
0.073532
0.197839
0.112018
0.055566
0.143744
0.109488
0.120238
0.154383
0.155130
0.007117
0.115979
0.086199
0.062986
0.081496
0.138796
0.117409
0.060121
0.057219
0.091286
0.059164
0.066103
0.109750
0.137690
0.172673
0.126367
0.128870
0.148013
0.120119
0.116222
0.116723
0.198470
0.178991
0.075408
0.164473
0.169462
0.101048
0.117996
0.184438
0.258946
0.186843
0.263791
0.214555
0.222433
0.134034
0.190621
0.164524
0.195365
0.218325
0.137549
0.165072
0.143223
0.206559
0.255051
0.172793
0.109301
0.242748
0.092332
0.152806
0.177926
0.165363
0.115356
0.047922
0.193561
0.208377
0.145173
0.034045
0.166888
0.157207
0.129135
0.109482
0.115352
0.242397
0.188862
0.047691
0.108093
0.192776
0.153190
0.155200
0.132195
0.209375
0.034768
0.085859
0.099568
0.185075
0.177056
0.042789
0.134572
0.153894
0.176063
0.156041
0.155248
0.074953
0.144848
0.265089
0.183727
0.163929
0.157589
0.137145
0.155152
0.244682
0.127835
0.103918
0.128481
0.178368
0.195037
0.168818
0.129948
0.154946
0.171116
0.343970
0.230364
0.146805
0.213709
0.116150
0.247064
0.136111
0.179707
0.249607
0.275863
0.163156
0.174717
0.215753
0.245180
0.279426
0.266998
0.289785
0.248837
0.297170
0.227141
0.237472
0.288556
0.274738
0.273074
0.380926
0.330838
0.253190
0.367489
0.254344
0.400996
0.377176
0.396970
0.284910
0.384592
0.400139
0.328049
0.463975
0.333292
0.434012
0.358354
0.414598
0.483519
0.440412
0.441400
0.424627
0.378509
0.433157
0.499248
0.432726
0.405814
0.468426
0.351882
0.440806
0.479488
0.395915
0.408649
0.386090
0.397170
0.313973
0.348861
0.390857
0.422504
0.457163
0.388781
0.413391
0.443863
0.466060
0.432178
0.320106
0.399020
0.424126
0.357703
0.423340
0.478297
0.455107
0.416414
0.416416
0.460576
0.475696
0.545755
0.520131
0.478269
0.511557
0.479297
0.419450
0.488904
0.411091
0.473671
0.477121
0.558724
0.495341
0.601722
0.543004
0.487549
0.597926
0.509566
0.406637
0.467343
0.603080
0.513715
0.588278
0.413390
0.398796
0.411326
0.422095
0.508313
0.406856
0.429816
0.409336
0.513888
0.460267
0.484030
0.521405
0.478480
0.746236
0.542368
0.546279
0.634739
0.576227
0.487137
0.448771
0.283917
