0.648060
0.730884
0.634386
0.826570
0.802410
0.748523
0.695435
0.717504
0.871059
0.701120
0.709110
0.759015
0.756061
0.766870
0.754240
0.852818
0.805826
0.776153
0.848696
0.843851
0.834346
0.809529
0.802824
0.814387
0.844875
0.837739
0.728541
0.815717
0.796270
0.791027
0.812127
0.799898
0.809091
0.723195
0.740047
0.793808
0.760480
0.780536
0.738048
0.737620
0.748374
0.723093
0.742987
0.746571
0.693620
0.731353
0.711630
0.710178
0.653725
0.656161
0.635751
0.703211
0.560460
0.621753
0.629622
0.616992
0.623250
0.548134
0.624368
0.580447
0.587531
0.528430
0.614207
0.552037
0.503816
0.605347
0.521190
0.629594
0.555187
0.534989
0.409902
0.575639
0.609001
0.515238
0.510755
0.571738
0.551352
0.584510
0.587255
0.674380
0.612459
0.524828
0.652032
0.518137
0.529767
0.600465
0.530834
0.511411
0.602832
0.518241
0.433620
0.514453
0.494655
0.496775
0.465146
0.524366
0.572082
0.490846
0.466588
0.418046
0.454094
0.528673
0.379344
0.382406
0.462779
0.386078
0.396690
0.437003
0.370071
0.347924
0.396002
0.418782
0.412771
0.437872
0.427179
0.372417
0.451762
0.462881
0.461112
0.376831
0.557942
0.404163
0.317342
0.383213
0.465395
0.298233
0.334064
0.406579
0.370355
0.342239
0.352336
0.420006
0.363068
0.394162
0.267122
0.349554
0.361888
0.241202
0.244774
0.274822
0.324820
0.308373
0.241464
0.394300
0.382355
0.318754
0.328474
0.279095
0.339372
0.333910
0.301680
0.341273
0.349639
0.336300
0.300836
0.322832
0.279783
0.260560
0.314221
0.336394
0.361971
0.268445
0.244656
0.218101
0.281505
0.302606
0.281723
0.269455
0.373065
0.179435
0.344283
0.280042
0.159763
0.230733
0.248950
0.341638
0.261407
0.363490
0.307131
0.239392
0.343081
0.283737
0.242901
0.331029
0.223396
0.192322
0.285249
0.180264
0.261841
0.263876
0.237766
0.231407
0.230259
0.168701
0.133609
0.191925
0.188591
0.245140
0.174817
0.249094
0.263852
0.248762
0.191306
0.176802
0.141833
0.157882
0.152737
0.178227
0.193856
0.164086
0.081433
0.099496
0.072981
0.240705
0.154056
0.169228
0.153927
0.118947
0.090457
0.072914
0.021347
0.067462
0.091032
0.067417
0.146052
0.220008
0.070663
0.100662
0.155215
0.115784
0.153852
0.124824
0.038510
0.059985
0.088822
0.158014
0.140836
-0.005403
0.099862
0.127915
0.187522
0.100640
0.071257
0.066664
0.158168
0.130855
0.091687
0.164865
0.041120
0.048974
0.095848
0.090811
0.085697
0.132116
0.116408
0.064536
0.202810
0.178245
0.100273
0.037985
0.124977
0.155610
0.068561
0.157610
0.221928
0.082889
0.139754
0.202764
0.154206
0.087754
0.126966
0.246335
0.147655
0.315862
0.328194
0.265969
0.286065
0.242812
0.257856
0.366497
0.308755
0.243682
0.295156
0.268137
0.266047
0.319627
0.284055
0.332586
0.378700
0.384424
0.316758
0.374751
0.358221
0.360285
0.361957
0.443874
0.391811
0.352140
0.481130
0.253875
0.381003
0.416269
0.412151
0.454333
0.543764
0.399327
0.377595
0.408233
0.477640
0.440153
0.387250
0.418970
0.579305
0.484073
0.453054
0.524681
0.531555
0.438419
0.438903
0.521589
0.463161
0.492132
0.469165
0.537650
0.515565
0.615164
0.523337
0.547425
0.668816
0.570826
0.558774
0.600937
0.616704
0.601025
0.571591
0.616534
0.653607
0.620696
0.572280
0.594131
0.642256
0.642614
0.608869
0.644601
0.719253
0.626027
0.522565
0.591227
0.558333
0.571000
0.623241
0.631453
0.573372
0.629090
0.609867
0.608432
0.671074
0.633808
0.563320
0.616298
0.770920
0.580619
0.651034
0.679568
0.561412
0.664681
0.634209
0.650895
0.582635
0.694794
0.669577
0.718099
0.712701
0.729358
0.650101
0.716016
0.735860
0.665714
0.626552
0.668637
0.686903
0.656368
0.693921
0.767339
0.668435
0.666112
0.704708
0.688042
0.681576
0.677748
0.623876
0.555657
0.679889
0.627047
0.678578
0.634219
0.670649
0.666875
0.667029
0.691087
0.623645
0.613322
0.657174
0.631853
0.549473
0.551950
0.584364
0.607458
0.716412
0.630855
0.613770
0.596940
0.548550
0.622445
0.536228
0.495577
0.530942
0.490803
0.510413
0.543248
0.478190
0.561280
0.584860
0.534106
0.537094
0.533240
0.476368
0.441802
0.426101
0.508070
0.534802
0.574242
0.563809
0.529807
0.581191
0.570900
0.525372
0.479303
0.469407
0.496517
0.565838
0.439399
0.384788
0.479057
0.486279
0.439838
0.418197
0.474963
0.411191
0.456676
0.457150
0.442322
0.500328
0.499038
0.472889
0.398237
0.415405
0.332682
0.334151
0.358071
0.358948
0.186774
0.310471
0.290626
0.363493
0.295502
0.209674
0.252324
0.291486
0.315906
0.224972
0.209081
0.346937
0.232840
0.306465
0.134819
0.142159
0.240642
0.141185
0.243538
0.215601
0.285527
0.205813
0.224917
0.253487
0.273130
0.139205
0.190086
0.387541
0.201548
0.113311
0.217305
0.203593
0.129099
0.188613
0.211271
0.286275
0.338355
0.278069
0.323972
0.259327
0.346300
0.325469
0.287473
0.346523
0.290035
0.276215
0.334718
0.276958
0.274714
0.270325
0.401110
0.432856
0.448762
0.351406
0.408301
0.438245
0.349798
0.464646
0.342269
0.477988
0.421693
0.349204
0.424506
0.306746
0.386466
0.394797
0.457487
0.326731
0.440068
0.368184
0.455152
0.335574
0.366134
0.368160
0.363938
0.427403
0.406029
0.345916
0.371158
0.374322
0.330854
0.339588
0.397107
0.373712
0.374680
0.337055
0.356580
0.347636
0.394174
0.347226
0.322349
0.411660
0.336538
0.272207
0.347251
0.329534
0.320056
0.321720
0.412405
0.381222
0.384853
0.391186
0.341968
0.314086
0.492360
0.367273
0.412522
0.489226
0.329731
0.351988
0.390285
0.463141
0.490559
0.332668
0.543763
0.514134
0.458482
0.535849
0.529369
0.571566
0.547224
0.501913
0.454558
0.533922
0.516181
0.384150
0.459937
0.546944
0.454557
0.469445
0.523565
0.537380
0.551433
0.496020
0.518855
0.458858
0.439608
0.556837
0.462754
0.564762
0.506156
0.501188
0.525402
0.470930
0.498454
0.379326
0.510085
0.471296
0.470254
0.522885
0.532352
0.476815
0.487788
0.458720
0.481649
0.503979
0.453299
0.442460
0.434858
0.479040
0.456081
0.410624
0.576915
0.523776
0.565357
0.450158
0.505313
0.538499
0.577908
0.615295
0.505295
0.524939
0.469824
0.444622
0.507173
0.579067
0.532217
0.561724
0.559127
0.505643
0.486561
0.519952
0.471630
0.528169
0.508848
0.426651
0.483455
0.491892
0.484375
0.398227
0.442723
0.490116
0.451516
0.454244
0.497032
0.435446
0.474111
0.451156
0.499407
0.526861
0.588354
0.547747
0.545675
0.552256
0.544571
0.550193
0.578512
0.643756
0.625411
0.661735
0.685672
0.695123
0.712525
0.701699
0.773712
0.731345
0.692278
0.595148
0.690580
0.748294
0.653341
0.696633
0.717145
0.720676
0.708578
0.698010
0.722343
0.719684
0.660174
0.718157
0.722274
0.751859
0.692930
0.678096
0.661253
0.717659
0.661074
0.621415
0.612177
0.596100
0.648716
0.607421
0.652455
0.541999
0.676516
0.628571
0.650349
0.627006
0.615822
0.623000
0.586098
0.675583
0.587678
0.600014
0.599446
0.651349
0.585169
0.627667
0.591435
0.606027
0.606696
0.642081
0.711385
0.639433
0.613096
0.602660
0.611232
0.648086
0.616131
0.607838
0.655998
0.626340
0.658057
0.671259
0.724519
0.649088
0.705436
0.728381
0.711311
0.714975
0.701011
0.660591
0.679606
0.713453
0.683129
0.627735
0.579742
0.675032
0.644324
0.674699
0.678634
0.719418
0.692302
0.695010
0.719963
0.693614
0.698648
0.592405
0.661162
0.741546
0.618992
0.745651
0.640284
0.619221
0.698240
0.643101
0.664231
0.664428
0.638606
0.653900
0.710906
0.666677
0.443180
0.513886
0.593231
0.598713
0.524782
0.651632
0.581326
0.532907
0.524242
0.570282
0.478434
0.488437
0.524472
0.495191
0.517647
0.454251
0.464372
0.466115
0.434540
0.560247
0.411893
0.341516
0.452924
0.442970
0.513734
0.454172
0.459972
0.507037
0.543252
0.496744
0.485671
0.508621
0.530234
0.456063
0.395985
0.678207
0.575022
0.382739
0.569537
0.507127
0.500791
0.461572
0.578533
0.608308
0.541975
0.532393
0.634291
0.635638
0.545945
0.574335
0.600922
0.595576
0.509698
0.548287
0.524524
0.550476
0.551225
0.579046
0.598837
0.482703
0.521567
0.528502
0.474759
0.522287
0.476441
0.470441
0.523257
0.485582
0.440461
0.450340
0.471002
0.451550
0.438766
0.486920
0.475297
0.442907
0.470910
0.413033
0.464260
0.468390
0.467796
0.463693
0.534337
0.495046
0.451258
0.461920
0.486863
0.503713
0.443009
0.505879
0.537674
0.490092
0.572576
0.605212
0.612900
0.605287
0.528414
0.471961
0.544155
0.663270
0.631063
0.675004
0.592629
0.608070
0.655321
0.619072
0.764982
0.696897
0.678326
0.639671
0.737590
0.596934
0.692579
0.668216
0.714950
0.672211
0.688819
0.681423
0.643615
0.646913
0.720801
0.655418
0.683051
0.661724
0.764417
0.711692
0.732290
0.753114
0.747761
0.796101
0.716699
0.813036
0.703375
0.652929
0.695403
0.670117
0.718363
0.710530
0.780126
0.712430
0.695038
0.734310
0.767796
0.774157
0.761916
0.704157
0.705395
0.779679
0.619624
0.680505
0.682211
0.678789
0.682990
0.682377
0.736828
0.687912
0.700996
0.753941
0.728150
0.725105
0.727831
0.721357
0.678464
0.729204
0.709749
0.708386
0.701102
0.721261
0.709721
0.684897
0.656542
0.701200
0.615170
0.643822
0.653034
0.666362
0.686396
0.629563
0.662637
0.740555
0.711037
0.711780
0.733216
0.719446
0.757911
0.741652
0.797706
0.777202
0.726883
0.769979
0.758277
0.749269
0.782453
0.659134
0.699166
0.758382
0.712025
0.692078
0.716969
0.680448
0.668710
0.644750
0.630095
0.614997
0.582966
0.592221
0.604680
0.502588
0.518805
0.471752
0.566361
0.606112
0.531810
0.515653
0.468498
0.517479
0.501740
0.448109
0.376433
0.485389
0.333306
0.334054
0.435644
0.327978
0.347227
0.393335
0.342844
0.291759
0.256144
0.182068
0.218760
0.251981
0.209524
0.282045
0.327440
0.282504
0.218732
0.277340
0.289781
0.275039
0.265204
0.221852
0.123038
0.524415
0.165817
0.161224
0.321645
0.249820
0.293172
0.264689
0.236448
