0.627871
0.727889
0.662204
0.831795
0.800557
0.792221
0.717598
0.774839
0.845717
0.754818
0.760834
0.740572
0.721233
0.798843
0.799071
0.843535
0.840904
0.790086
0.823729
0.871203
0.825835
0.834208
0.783123
0.753233
0.784243
0.764334
0.769639
0.757451
0.747497
0.770480
0.734062
0.750668
0.754659
0.728015
0.702198
0.808794
0.752219
0.821280
0.717326
0.770074
0.777029
0.727576
0.656882
0.792559
0.738982
0.785878
0.801176
0.798517
0.777575
0.778747
0.815447
0.817761
0.752601
0.840994
0.739311
0.766569
0.827817
0.778851
0.780453
0.819210
0.765130
0.820075
0.790964
0.846419
0.825349
0.854539
0.861863
0.872425
0.875489
0.853162
0.832386
0.869350
0.873132
0.880511
0.826172
0.878132
0.836245
0.863509
0.863096
0.874510
0.818411
0.824410
0.868383
0.891768
0.871160
0.861573
0.863579
0.864520
0.880133
0.873210
0.824923
0.882810
0.884241
0.876651
0.852756
0.871073
0.807220
0.791781
0.816443
0.835788
0.795815
0.819596
0.769586
0.781613
0.777747
0.731652
0.753568
0.793646
0.799261
0.778859
0.775865
0.728205
0.675292
0.750436
0.784475
0.748681
0.751225
0.704742
0.699117
0.712810
0.739917
0.749926
0.724823
0.725749
0.720251
0.761931
0.695837
0.693758
0.733221
0.677685
0.734794
0.742637
0.784184
0.741986
0.667007
0.724885
0.765992
0.760976
0.740851
0.720244
0.718293
0.735142
0.679837
0.789322
0.762172
0.715638
0.762959
0.750043
0.742390
0.740537
0.744555
0.720515
0.777697
0.777033
0.776191
0.796936
0.746066
0.787439
0.783175
0.792872
0.748454
0.741436
0.818578
0.779916
0.718577
0.749304
0.606324
0.744621
0.742658
0.691175
0.754542
0.712430
0.679206
0.667448
0.585135
0.672174
0.668120
0.654931
0.658892
0.570866
0.604369
0.604471
0.532008
0.666142
0.660218
0.583128
0.613229
0.654584
0.658865
0.678525
0.668093
0.685280
0.610544
0.584228
0.619132
0.680723
0.645706
0.681445
0.655696
0.645868
0.675811
0.687352
0.602466
0.589208
0.561033
0.634245
0.634137
0.604790
0.681358
0.671773
0.641814
0.718664
0.719936
0.703027
0.683992
0.678544
0.695903
0.661156
0.687708
0.664185
0.683535
0.756776
0.732921
0.753331
0.755461
0.621998
0.701735
0.666932
0.632148
0.719144
0.578401
0.592072
0.757236
0.663936
0.716952
0.689542
0.663519
0.671130
0.659860
0.661936
0.653541
0.582369
0.579073
0.542480
0.551262
0.543064
0.464437
0.618759
0.570391
0.539640
0.592252
0.488528
0.489583
0.414947
0.460574
0.357013
0.249644
0.414837
0.401428
0.318909
0.424911
0.350314
0.330456
0.326582
0.427124
0.308777
0.224869
0.286418
0.314526
0.318592
0.331753
0.321149
0.289172
0.324062
0.317382
0.368885
0.437166
0.378978
0.302423
0.383365
0.396010
0.262591
0.332988
0.302588
0.309638
0.330072
0.351789
0.410449
0.412809
0.387572
0.329011
0.364309
0.334977
0.378049
0.329678
0.364724
0.342862
0.305122
0.302424
0.331645
0.348024
0.297911
0.338855
0.330040
0.306738
0.311301
0.219979
0.221744
0.362950
0.390418
0.370356
0.363577
0.461103
0.291012
0.200884
0.205722
0.240168
0.249306
0.265656
0.370235
0.354880
0.217387
0.161489
0.227650
0.127728
0.270342
0.266936
0.209596
0.201804
0.135165
0.119807
0.183965
0.170088
0.064736
0.169270
0.129803
0.125307
0.127772
0.031969
0.118322
0.082052
0.096917
0.126613
0.119582
0.062110
0.050437
0.133066
0.005243
0.062954
0.057569
0.091611
0.114021
0.152970
0.057071
-0.004277
-0.032068
0.023094
0.121305
-0.045271
0.160852
0.124797
0.038870
0.101896
0.084876
0.101788
0.007424
0.080316
0.145921
0.056546
0.117990
0.086746
0.033903
0.011265
0.103685
0.054784
0.097810
0.146839
0.104724
0.066721
0.049425
0.043911
0.051066
0.038734
0.125127
0.047838
0.107383
0.105621
0.070464
0.097309
0.083708
0.104722
0.111339
0.122474
0.021960
0.066009
0.062655
0.040874
0.033432
0.019492
0.145332
0.017582
0.139777
0.051529
0.078202
0.033667
0.068528
0.072734
0.093185
0.012213
0.089404
0.078079
-0.030934
0.014811
0.027146
0.054773
0.081075
0.108233
0.090489
0.016026
0.029246
0.043899
0.017657
0.056655
0.127638
0.040769
0.055434
0.054554
0.091680
0.044558
-0.007099
0.053465
0.132948
0.006137
0.103704
-0.004043
0.053547
0.019965
0.054049
0.078981
0.077462
0.056754
0.071481
0.020268
0.023296
0.051443
0.021178
0.033830
0.108742
0.066996
0.057144
0.055441
0.060803
0.090830
0.128972
0.065415
0.183967
0.076568
0.020607
0.029951
0.037474
0.095203
0.055572
0.040477
0.185343
0.130801
0.091555
0.076189
0.195324
0.093283
0.140253
0.102371
0.046432
0.157664
0.108052
0.063368
0.109896
0.053855
0.132079
0.084585
0.076746
0.162497
0.094956
0.092118
0.078907
0.195833
0.142315
0.010455
0.141083
0.103170
0.149787
0.079398
0.100477
0.088562
0.122854
0.065008
0.119779
0.194986
0.168893
0.119841
0.165863
0.076683
0.198199
0.093521
0.156671
0.142727
0.069554
0.012995
0.098139
0.155910
0.132485
0.037295
0.182865
0.072652
0.170479
0.147099
0.147842
0.201053
0.136663
0.110266
0.209798
0.221592
0.182483
0.036976
0.102582
0.183785
0.108996
0.125647
0.176780
0.173467
0.136504
0.138317
0.203524
0.132140
0.161246
0.151020
0.195640
0.147441
0.077142
0.134034
0.223088
0.160367
0.152254
0.209089
0.255692
0.219206
0.254034
0.233712
0.178584
0.128798
0.218201
0.202845
0.240000
0.159284
0.248123
0.217505
0.205935
0.190682
0.208576
0.212074
0.190909
0.181685
0.129368
0.066768
0.109211
0.166315
0.163745
0.155762
0.224644
0.211065
0.141287
0.115833
0.182547
0.138262
0.112412
0.155816
0.161512
0.212455
0.048095
0.028646
0.119510
0.162412
0.068353
0.184593
0.191557
0.123252
0.043392
0.113766
0.186924
0.013954
-0.034219
0.084125
0.168452
0.079949
0.043637
0.102141
0.081505
0.080095
0.169586
0.084897
0.168571
0.173084
0.078666
0.042321
0.101477
0.113742
0.009254
0.137731
0.080820
0.112401
0.074110
-0.021897
0.053225
0.100430
0.131026
0.154557
0.115611
0.099430
0.050151
0.088664
0.085726
0.140330
0.014018
0.078821
0.140529
0.075774
0.216709
0.100231
0.120126
0.216813
0.149717
0.170964
0.139476
0.093532
0.105575
0.119532
0.123397
0.152939
0.109249
0.100301
0.108821
0.203188
0.156962
0.086626
0.173296
0.187824
0.122326
0.133336
0.167396
0.137966
0.183143
0.073383
0.148893
0.141857
0.080253
0.117707
0.171535
0.106861
0.111436
0.122781
0.136068
0.109537
0.159061
0.061141
0.167648
0.112893
0.109574
0.128799
0.038329
0.124827
0.097340
0.095482
0.102000
0.118868
0.063554
0.029893
0.017933
0.093718
0.115392
0.062998
0.188303
0.117421
0.029062
0.015155
0.102012
0.056110
0.053218
0.040189
0.160324
0.032875
0.070311
0.112403
0.059475
0.067709
0.090766
0.092143
0.083321
0.075874
0.091500
0.029237
0.059349
0.084002
0.078431
-0.005908
0.117906
0.005338
0.150412
0.119358
0.160011
0.152233
0.093345
0.093110
0.136297
0.184163
0.124417
0.078595
0.068532
0.156980
0.109146
0.130934
0.156422
0.145793
0.115484
0.169424
0.183060
0.044075
0.059187
0.135664
0.100511
0.133588
0.125417
0.073283
0.180509
0.066272
0.119135
0.146112
0.151187
0.084583
0.175519
0.165953
0.208159
0.096712
0.131949
0.232898
0.141731
0.091741
0.113529
0.034300
0.102769
0.161544
0.057075
0.130295
0.099288
0.189376
0.100185
0.006021
0.078784
0.147380
0.183460
0.173202
0.179890
0.160103
0.178068
0.163436
0.105807
0.089561
0.131478
0.114004
0.175943
0.347413
0.187661
0.099554
0.095814
0.055505
0.193439
0.157028
0.194026
0.202690
0.155293
0.102571
0.125709
0.183560
0.117283
0.132320
0.130362
0.082198
0.105421
0.133549
0.076864
0.073919
0.105862
0.116599
0.125460
0.019324
0.084976
0.057742
0.076535
0.123318
0.097851
0.042686
0.094582
0.048535
0.048843
0.060198
0.028995
0.137871
0.036375
0.013473
0.112762
0.115071
0.150238
0.074842
0.050950
0.148456
0.055074
0.076262
0.137746
0.160107
0.100553
0.034248
0.095525
0.136531
0.122576
0.087685
0.162997
0.107016
0.056832
0.098621
0.063417
0.037088
0.059792
0.082485
0.086621
0.105343
0.131228
0.042596
0.095607
0.120024
0.113441
0.204551
0.087425
0.063134
0.066072
0.047467
0.034152
0.163944
0.056408
0.075492
0.096009
0.097554
0.074608
0.065696
0.161267
0.118544
0.113316
0.116064
0.081606
0.138034
0.086068
0.024117
0.046731
0.100222
0.036781
0.034686
0.135109
0.126592
0.201953
0.171890
0.138677
0.168642
0.176840
0.224959
0.183820
0.219149
0.104691
0.126735
0.151125
0.184210
0.107571
0.132052
0.228711
0.181847
0.170773
0.155700
0.297893
0.227250
0.311882
0.223460
0.224729
0.195293
0.302962
0.231150
0.176121
0.220180
0.218657
0.231512
0.324557
0.283424
0.239891
0.313607
0.292689
0.282483
0.340825
0.279897
0.310276
0.445943
0.286170
0.234088
0.288984
0.443560
0.301991
0.285301
0.383327
0.438209
0.343547
0.313412
0.368542
0.354222
0.336243
0.327759
0.383139
0.453467
0.374806
0.424741
0.356221
0.318748
0.411720
0.330153
0.359926
0.434582
0.351506
0.267533
0.399719
0.321958
0.326754
0.332551
0.306638
0.361763
0.287636
0.336742
0.363358
0.297204
0.314664
0.284810
0.324524
0.337836
0.328698
0.383319
0.343329
0.427998
0.394182
0.320846
0.473275
0.453146
0.376895
0.493483
0.380875
0.372396
0.414987
0.398580
0.505782
0.442662
0.509603
0.536841
0.477069
0.458737
0.497874
0.546861
0.483193
0.568962
0.517695
0.445552
0.556155
0.481703
0.527719
0.539202
0.556544
0.627467
0.522959
0.489375
0.589751
0.512711
0.647107
0.595547
0.545422
0.608170
0.531937
0.566466
0.618193
0.533972
0.524859
0.534201
0.578486
0.518411
0.568077
0.494915
0.508665
0.503412
0.553540
0.501737
0.535039
0.598336
0.525451
0.521686
0.446880
0.452970
0.495919
0.530987
0.517946
0.532275
0.385529
0.364743
0.457317
0.392741
0.434986
0.468228
0.472244
0.607708
0.367169
0.390200
0.510453
0.459714
0.446051
0.483995
0.251143
