0.547837
0.335435
0.108780
0.204106
0.162090
0.217346
0.113176
0.154261
0.233051
0.152165
0.213816
0.207993
0.221812
0.112145
0.157123
0.204864
0.175955
0.199027
0.101024
0.122456
0.097486
0.218907
0.298340
0.181940
0.124768
0.153579
0.123642
0.142101
0.107509
0.141564
0.213992
0.178363
0.191072
0.171496
0.103795
0.086579
0.153635
0.145200
0.098824
0.184385
0.170065
0.184130
0.246218
0.131095
0.154111
0.192546
0.104672
0.225493
0.194377
0.187156
0.202726
0.235916
0.087796
0.144982
0.151126
0.236512
0.185076
0.091736
0.249928
0.216427
0.220416
0.167014
0.261420
0.164000
0.095288
0.243221
0.305762
0.304051
0.236815
0.234452
0.169924
0.210117
0.391966
0.334663
0.236430
0.415010
0.392888
0.362843
0.453330
0.506663
0.401336
0.407166
0.311875
0.333377
0.264734
0.427051
0.343249
0.421688
0.337953
0.407504
0.349293
0.375945
0.384770
0.376394
0.292278
0.393472
0.409100
0.383478
0.395152
0.422248
0.301950
0.358690
0.371895
0.345488
0.373695
0.393663
0.355628
0.284616
0.362807
0.286014
0.342596
0.379928
0.373554
0.365929
0.376113
0.344872
0.424532
0.455875
0.396275
0.350931
0.572978
0.413688
0.309641
0.508194
0.418600
0.380173
0.443270
0.528196
0.537102
0.535980
0.573958
0.477557
0.505350
0.542743
0.468381
0.465488
0.528485
0.461252
0.548330
0.521319
0.495982
0.498938
0.524129
0.488093
0.445269
0.470359
0.466019
0.468858
0.498164
0.514357
0.347380
0.438135
0.520489
0.419931
0.393234
0.414636
0.405054
0.369602
0.381643
0.451525
0.433859
0.389619
0.440444
0.427368
0.352565
0.457814
0.440499
0.367700
0.455624
0.355547
0.371471
0.321704
0.263189
0.249709
0.275108
0.403140
0.278060
0.432499
0.450378
0.350280
0.432520
0.379337
0.407008
0.325446
0.388148
0.355631
0.305098
0.363366
0.417881
0.380088
0.400620
0.439508
0.472067
0.470234
0.415484
0.512206
0.506675
0.546909
0.515580
0.570309
0.584641
0.529820
0.459468
0.506169
0.537962
0.545555
0.524887
0.597822
0.561591
0.583277
0.563195
0.574746
0.494471
0.554138
0.607252
0.525593
0.522670
0.445910
0.587961
0.511463
0.486101
0.600942
0.541308
0.593651
0.534011
0.618222
0.603111
0.569867
0.523068
0.614640
0.367264
0.476296
0.583162
0.558061
0.591749
0.584498
0.531719
0.528079
0.443479
0.466235
0.495398
0.502876
0.508129
0.608476
0.582221
0.529785
0.449607
0.641255
0.588904
0.571103
0.482163
0.528912
0.496727
0.520836
0.524793
0.622640
0.643584
0.556108
0.552405
0.562519
0.461238
0.570638
0.531214
0.500759
0.593949
0.514347
0.409415
0.505757
0.477649
0.416473
0.465992
0.494085
0.497851
0.498964
0.475927
0.417638
0.437535
0.459944
0.458114
0.478098
0.502531
0.351467
0.339758
0.427122
0.372972
0.386006
0.378292
0.390712
0.440654
0.447537
0.495484
0.536776
0.489329
0.464591
0.422473
0.462197
0.512710
0.403230
0.391170
0.395603
0.445258
0.429396
0.492191
0.483882
0.604693
0.390931
0.404349
0.443415
0.468860
0.485236
0.461059
0.461157
0.525065
0.417977
0.406118
0.395243
0.409183
0.396136
0.436033
0.475388
0.411866
0.508693
0.424707
0.370466
0.396146
0.412804
0.443228
0.352761
0.475455
0.435633
0.492544
0.416156
0.278292
0.344162
0.342477
0.308647
0.238034
0.341667
0.266343
0.276787
0.351310
0.351623
0.280366
0.331935
0.341436
0.283524
0.261131
0.212685
0.318192
0.291671
0.348957
0.370287
0.323898
0.267400
0.179587
0.286273
0.177771
0.234643
0.265606
0.205866
0.340369
0.163525
0.237666
0.272939
0.234211
0.217076
0.135291
0.235572
0.289864
0.168269
0.158701
0.221709
0.208877
0.276942
0.227787
0.214652
0.320478
0.167677
0.161038
0.197812
0.159125
0.131404
0.170985
0.161937
0.149816
0.154052
0.113343
0.109395
0.100549
0.237236
0.118043
0.146883
0.204840
0.095877
0.151557
0.156041
0.123975
0.066220
0.148533
0.186928
0.141863
0.262603
0.147400
0.100544
0.111066
0.173738
0.102813
0.116639
0.132827
0.063107
0.097624
0.098850
0.171247
0.143271
0.142138
0.054772
0.204380
0.083796
-0.074621
0.068336
0.090716
0.077064
0.084997
0.136542
0.150199
0.061279
-0.003775
0.116439
0.069526
0.070305
0.008829
0.161435
0.049533
0.156452
0.048940
0.070022
0.066869
0.003291
0.020698
0.140506
0.064935
0.022372
0.033798
0.061874
-0.019657
0.003331
0.051686
0.054653
0.036492
0.088766
0.002764
-0.014408
0.040041
0.057029
0.028600
0.110428
0.110121
0.019425
0.004402
0.128273
-0.011719
0.024062
0.058013
0.094751
0.174227
0.094672
0.000578
0.096718
0.046886
0.153584
-0.008188
0.069154
0.183243
0.046744
0.015325
0.061087
0.076343
0.037539
0.067726
0.124897
0.081833
0.081676
0.004868
0.013095
0.028430
0.045052
0.083725
0.106861
0.041646
0.042505
0.064283
0.071745
-0.017016
0.054932
0.008974
0.053404
-0.001693
0.081149
-0.011133
0.039141
0.021244
0.026089
0.068654
0.071154
0.066460
0.058931
-0.046477
-0.067146
0.052254
-0.001983
0.037503
0.094819
-0.012094
0.064424
0.034839
0.012406
0.076428
-0.000437
-0.012721
0.115624
0.061830
0.010992
0.072791
0.056288
0.028072
0.009421
-0.001724
0.099426
0.122422
0.033099
0.043442
0.033404
0.041754
0.146678
0.086942
0.098353
0.192795
0.161428
0.067590
0.056028
0.023855
0.010271
0.098507
0.097451
0.178837
0.135343
0.071069
0.127225
0.146511
0.170611
0.122118
0.058071
0.175526
0.155291
0.048254
0.127917
0.083180
0.061376
0.095326
0.133418
0.078449
0.184541
0.110612
0.101339
0.138333
0.115560
0.026123
0.176870
0.148992
0.082063
0.104831
0.076444
-0.011892
0.053814
0.116600
0.159580
0.071018
0.096031
0.054020
0.043436
0.055121
0.147269
0.204804
0.167350
0.021427
0.115364
0.043461
0.121639
0.056721
0.057146
0.156746
0.099317
0.109672
0.092779
0.069968
0.089828
0.036757
0.139846
0.107368
0.154417
0.175644
0.116526
0.064750
0.112687
0.075872
0.074528
0.093784
0.118603
0.165088
0.139880
0.063315
0.112045
0.164609
0.113850
0.147045
0.171684
0.062102
0.066811
0.084555
0.110616
0.145883
0.036330
0.126752
0.100938
0.073179
0.111399
0.028969
0.040943
0.074293
0.083243
0.076559
0.064695
0.202210
0.132168
0.063632
0.127404
0.098243
0.066687
0.051826
0.160801
0.111823
0.144954
0.111616
0.105684
0.113320
0.167346
0.146424
0.157418
0.190067
0.102865
0.154435
0.125750
0.126734
0.136264
0.132594
0.152228
0.174226
0.134431
0.029999
0.102757
0.088566
0.127067
0.068460
0.200240
0.222227
0.141633
0.057153
0.180486
0.088391
0.110736
0.095569
0.131092
0.139991
0.162508
0.150060
0.149653
0.161115
0.084256
0.135761
0.113082
0.082113
0.029725
0.111752
0.114204
0.105477
0.117529
0.039039
0.146974
0.095425
0.152325
0.072107
0.102889
0.105084
0.136896
0.109049
0.111697
0.098333
0.087714
0.087695
0.088112
0.068898
0.056005
0.057772
0.126928
0.089498
0.110800
0.103832
0.126696
0.087308
0.129237
0.067291
0.108016
0.139819
0.053493
0.099048
0.085533
0.132897
0.050479
0.076930
0.146251
0.075224
0.181953
0.069534
0.099396
0.157826
0.187344
0.139000
0.090427
0.174108
0.089771
0.038692
0.089704
0.180295
0.108585
0.039414
0.197748
0.144364
0.177268
0.163952
0.150377
0.189447
0.157890
0.149016
0.159060
0.169882
0.155519
0.027837
0.121905
0.067385
0.097711
0.073729
0.138028
0.130308
0.145844
0.080364
0.162633
0.126599
0.175948
0.080885
0.081281
0.155801
0.175000
0.098717
0.151875
0.169643
0.121636
0.162886
0.225278
0.161000
0.230093
0.124263
0.160728
0.112788
0.090704
0.148273
0.183450
0.149722
0.114422
0.175922
0.236721
0.128302
0.128356
0.194960
0.132797
0.067913
0.080699
0.108474
0.107267
0.055696
0.128600
0.144261
0.211378
0.072083
0.057681
0.074275
0.117779
0.177066
0.070758
0.105004
0.137903
0.227865
0.142627
0.062588
0.080570
0.067220
0.189633
0.103793
0.171318
0.240967
0.176905
0.104088
0.162041
0.116628
0.173151
0.184593
0.125786
0.153926
0.201999
0.203739
0.205635
0.227453
0.132506
0.186334
0.257407
0.228832
0.186973
0.188141
0.169994
0.127780
0.251560
0.204990
0.208845
0.331009
0.280793
0.277200
0.153770
0.253055
0.313089
0.266609
0.209051
0.238448
0.266820
0.253099
0.186357
0.210875
0.222788
0.163853
0.345158
0.269861
0.273291
0.198599
0.342804
0.315829
0.237949
0.226516
0.225220
0.309280
0.298759
0.258930
0.250622
0.271787
0.276262
0.280017
0.244863
0.389359
0.211631
0.203431
0.228247
0.255197
0.333117
0.296120
0.359609
0.411315
0.331956
0.303954
0.345259
0.391637
0.312890
0.274157
0.382188
0.491952
0.360516
0.384422
0.385642
0.345654
0.449554
0.477628
0.374374
0.479489
0.436699
0.307525
0.421142
0.388061
0.429368
0.440228
0.439926
0.463258
0.431682
0.414787
0.453714
0.400253
0.472068
0.502535
0.439662
0.552669
0.457840
0.420504
0.468990
0.395864
0.450753
0.495715
0.561363
0.488555
0.476501
0.532471
0.439161
0.445337
0.518394
0.526939
0.477806
0.595066
0.592453
0.484042
0.560818
0.576715
0.486038
0.577835
0.557028
0.478147
0.575250
0.558155
0.616692
0.621232
0.624697
0.600711
0.611534
0.632766
0.622655
0.628612
0.652293
0.651023
0.646020
0.662075
0.729374
0.674596
0.663050
0.744838
0.788046
0.745426
0.790297
0.764594
0.769763
0.783828
0.756692
0.729251
0.792041
0.765415
0.789988
0.781251
0.819356
0.746376
0.795406
0.821032
0.853812
0.840438
0.868770
0.800455
0.811678
0.868072
0.796354
0.742581
0.803599
0.819218
0.782574
0.798670
0.791923
0.809436
0.806774
0.847545
0.890250
0.872073
0.910941
0.844572
0.821879
0.903450
0.854252
0.735138
0.856785
0.834843
0.841392
0.807423
0.847489
0.820293
0.839917
0.879638
0.855805
0.853706
0.838090
0.789707
0.804866
0.846745
0.814836
0.777572
0.772726
0.816594
0.811754
0.789281
0.806968
0.758216
0.653522
0.694478
0.717163
0.681454
0.701140
0.702359
0.744182
0.843608
0.674821
0.736027
0.772173
0.712401
0.593650
0.559824
0.264214
