0.562986
0.351577
0.286682
0.351052
0.266619
0.281688
0.138757
0.103302
0.273674
0.183741
0.210472
0.092105
0.240950
0.097481
0.207477
0.181512
0.161942
0.085240
0.129233
0.143681
0.114454
0.193080
0.129484
0.117915
0.186063
0.087782
0.073833
0.156307
0.152481
0.071360
0.040246
0.177809
0.126895
0.157794
0.096174
0.115059
0.054818
0.135193
0.151801
0.166565
0.109006
0.066920
-0.008902
0.036540
0.065726
0.096886
0.058314
0.105300
0.103056
0.058729
-0.037534
0.036387
0.061060
0.069141
0.081047
0.127179
0.018385
0.033867
0.033775
0.036627
-0.050713
0.066355
0.044120
0.070760
0.057174
0.079046
-0.018492
0.032241
0.050626
0.043598
0.013318
0.088980
0.028651
0.020243
-0.014272
0.027800
0.099700
0.016849
0.052414
0.071796
-0.021905
0.138217
0.045177
0.008693
0.053591
0.029639
0.010666
0.128807
0.040369
0.011010
0.006320
-0.000042
0.049054
0.015673
0.018704
0.051503
0.072873
0.062286
-0.020133
0.054453
0.016846
0.056178
0.026590
0.107647
0.070929
-0.047270
0.066573
0.069929
0.017231
0.011575
-0.012550
0.061647
0.084035
0.046790
-0.034916
0.025009
0.002964
0.016183
0.032222
0.092463
0.029416
0.022611
-0.016448
-0.001083
0.001164
-0.038877
-0.038301
0.048144
0.009250
0.095078
-0.008341
0.005991
0.023659
0.008724
0.025419
0.123752
0.054773
-0.017872
-0.060443
0.059619
-0.011559
-0.053136
0.061711
0.045808
0.069175
0.038973
-0.019538
0.062136
0.107791
0.041088
0.025154
0.132991
-0.021243
0.052632
0.059973
-0.003263
0.038855
0.021031
0.006364
0.123223
0.106452
0.132248
0.059025
0.026976
0.040485
0.073459
0.058916
0.090939
0.141422
0.062109
0.061498
0.018106
0.054796
0.099849
0.136065
-0.000359
0.189403
0.094896
-0.006224
0.036891
0.067436
0.145002
0.036009
0.062761
0.224887
0.049501
0.088603
0.205360
0.134472
0.059295
0.073857
0.155559
0.107306
0.120287
0.099362
0.101122
0.091762
0.139782
0.035321
0.110433
0.236808
0.120176
0.054455
0.054551
0.090061
0.083029
0.086603
0.063477
0.105247
0.106632
-0.019435
0.092925
0.138998
0.039547
0.043694
0.103706
0.072453
0.074734
0.117557
0.034391
0.015343
0.053469
0.017942
0.041817
0.106316
0.093247
0.067227
0.049854
0.020222
0.041378
0.132062
0.169412
0.008394
-0.011864
0.073408
0.025947
0.035782
0.073926
0.103423
0.043158
0.076583
0.004730
0.051095
0.027445
0.049273
0.110524
0.106573
0.102389
0.007449
0.075168
0.022078
0.069384
0.090370
0.060584
0.075216
0.115894
0.001970
0.095088
0.017675
0.083366
0.098028
0.023271
0.111039
0.134683
-0.004876
0.061379
0.118761
0.076049
0.049777
0.037667
0.082224
0.090876
0.167278
0.025629
0.005848
0.132040
0.108047
0.114970
0.074848
0.134906
0.084280
0.082739
0.109222
0.030919
0.073168
0.030019
0.033637
0.126339
0.046736
0.047962
-0.012086
0.075004
0.057301
0.018345
0.055712
0.120143
0.026118
0.058293
0.062325
0.050828
0.015688
0.038549
0.118149
0.095639
-0.023710
0.085642
0.021910
0.006220
0.022878
0.019170
0.081156
0.069724
0.069884
0.016733
0.016635
0.020806
-0.040746
0.017171
0.038594
0.061668
-0.029065
0.052313
0.047900
0.005552
0.027567
0.009776
-0.026016
0.089379
0.063929
-0.033073
-0.030392
0.037117
0.059052
0.017041
0.033921
0.099324
0.027166
0.018465
0.018184
0.061446
0.049319
0.005203
-0.000399
0.125467
0.070164
0.054311
0.030627
0.030884
-0.006020
0.000381
0.037153
0.084384
-0.047896
0.097292
0.005145
0.001576
0.093207
0.012194
-0.012911
0.095604
0.071517
0.024410
-0.027251
0.044888
-0.035193
0.024086
-0.024082
0.055330
0.003620
0.046838
-0.036142
0.050263
0.026496
0.005693
0.012113
0.030266
0.073445
0.080899
-0.006847
-0.047765
-0.004967
0.021079
-0.051573
0.052379
0.031620
0.037822
-0.035804
0.021621
-0.013399
0.046188
0.037898
0.096736
-0.029323
-0.003925
-0.017542
0.013948
0.094159
0.052188
0.002898
0.061212
-0.022859
0.089233
0.034884
0.020577
0.058336
0.039504
0.008266
0.148483
0.039525
0.025552
0.029254
0.007766
-0.028580
0.041785
0.086380
0.056121
0.030741
0.077293
0.065577
0.050903
0.007919
0.071172
0.051336
0.063942
0.032405
0.052667
0.050020
0.027405
0.036799
-0.000317
0.043087
0.117159
0.034165
0.089903
-0.003799
0.041387
0.054647
0.078090
0.135056
0.113364
0.031328
0.020522
0.050946
0.039685
0.015494
0.008372
0.038570
0.073374
0.058660
0.037102
0.012798
0.039775
0.038095
0.070856
0.022520
0.108044
0.052966
-0.020657
0.011445
0.056100
0.095453
-0.024543
0.056236
0.100964
0.061211
0.057647
0.062957
-0.004156
0.021579
0.128452
-0.014267
0.127497
0.097123
-0.003368
-0.002750
0.075508
0.045453
0.039069
0.031033
0.088331
0.048144
0.012383
-0.027756
0.075838
0.085553
0.048872
0.032270
0.097280
0.111334
0.050047
0.049151
0.084839
0.038713
0.008354
0.027524
0.072916
0.049290
0.105401
0.055588
0.051759
0.003649
0.070311
0.185254
0.131649
0.046101
0.027885
0.115912
0.048488
0.093634
0.048505
0.111695
0.112225
0.110087
0.159145
0.067551
0.068227
0.110652
0.199120
0.194611
0.099537
0.169517
0.144398
0.028710
0.090856
0.163994
0.102916
0.020274
0.186876
0.138494
0.095276
0.037265
0.146433
0.019994
0.085337
0.106763
0.165480
0.048968
0.089619
0.078777
0.119343
0.123875
0.056091
0.115771
0.165272
0.039732
0.187181
0.088841
0.006441
0.078412
0.152480
0.097522
0.159940
0.127504
0.089253
0.022361
0.073605
0.121727
0.095663
0.081307
0.110007
0.161002
0.084858
0.067215
0.056963
0.104691
0.151922
0.114032
0.147611
0.190168
0.122928
0.044130
0.175005
0.151817
0.043835
0.066741
0.199426
0.075964
0.252492
0.141006
0.206491
0.187496
0.189452
0.173728
0.221772
0.222700
0.161409
0.163629
0.128621
0.120094
0.151739
0.130629
0.150611
0.128474
0.264373
0.159800
0.146016
0.266663
0.178796
0.114729
0.206482
0.266226
0.215505
0.254373
0.232991
0.179627
0.182708
0.121619
0.210743
0.232156
0.304631
0.205849
0.265072
0.371114
0.401781
0.408481
0.336895
0.403041
0.328222
0.357221
0.272058
0.246301
0.275291
0.310461
0.299535
0.286640
0.245405
0.209375
0.214755
0.298136
0.259366
0.191372
0.246494
0.279855
0.244682
0.260446
0.171131
0.193341
0.175833
0.214732
0.266796
0.259453
0.233981
0.144953
0.147795
0.190465
0.256453
0.128772
0.187555
0.211235
0.140023
0.108116
0.151862
0.157849
0.103084
0.111545
0.101486
0.150950
0.112201
0.040933
0.093978
0.119410
0.182021
0.145072
0.102449
0.107802
0.109279
0.181156
0.141560
0.072392
0.093827
0.188092
0.189505
0.140524
0.211586
0.110205
0.162385
0.171575
0.176552
0.162035
0.194145
0.128813
0.159420
0.112064
0.183899
0.138602
0.139863
0.211145
0.281497
0.195998
0.267476
0.219918
0.214465
0.252506
0.238497
0.181314
0.298364
0.212963
0.168869
0.202329
0.159373
0.361681
0.256703
0.370057
0.251456
0.296232
0.190085
0.243912
0.305053
0.252017
0.315338
0.329853
0.230829
0.365403
0.281933
0.254861
0.299910
0.255108
0.177049
0.251977
0.359746
0.199274
0.317815
0.270870
0.321456
0.293929
0.303945
0.429465
0.367709
0.300753
0.272161
0.214740
0.251078
0.243833
0.281334
0.302623
0.296648
0.259826
0.308267
0.243815
0.341002
0.217878
0.308516
0.241764
0.245400
0.307373
0.277954
0.296754
0.257376
0.235088
0.268189
0.266486
0.395690
0.299522
0.286758
0.262774
0.212760
0.242921
0.299612
0.245950
0.256870
0.270020
0.252113
0.178769
0.255517
0.195713
0.189978
0.295097
0.209773
0.172393
0.191802
0.142363
0.142632
0.167500
0.169993
0.201883
0.182361
0.094511
0.148071
0.108091
0.173415
0.114760
0.061980
0.167268
0.178528
0.091609
0.185508
0.106220
0.191892
0.132773
0.168083
0.134513
0.216135
0.210280
0.174864
0.178558
0.142126
0.228570
0.171431
0.248494
0.261726
0.273431
0.241095
0.273934
0.169127
0.184687
0.247721
0.338753
0.275070
0.295936
0.225153
0.158513
0.220241
0.236801
0.193744
0.206165
0.283702
0.297894
0.230856
0.204363
0.189910
0.238310
0.210494
0.249305
0.287479
0.193041
0.246780
0.305397
0.304508
0.183394
0.178656
0.189809
0.210248
0.361779
0.193298
0.146650
0.226876
0.179168
0.215555
0.165526
0.200728
0.304392
0.173832
0.203500
0.186215
0.378847
0.213052
0.243935
0.266671
0.357920
0.197424
0.169332
0.259384
0.282182
0.289280
0.232608
0.197040
0.332195
0.237469
0.192138
0.224919
0.200560
0.198045
0.138527
0.191393
0.219446
0.214875
0.136191
0.200935
0.197500
0.254771
0.118474
0.213690
0.319794
0.119304
0.092851
0.207165
0.156237
0.117047
0.213025
0.238277
0.182151
0.217784
0.168447
0.152109
0.101217
0.149740
0.129884
0.166945
0.106413
0.070772
0.091568
0.114876
0.160351
0.064625
0.131120
0.152272
0.064646
0.091148
0.050271
0.064698
0.021293
0.070498
-0.001011
0.109601
0.075100
0.074629
0.019737
0.007112
0.018187
0.018955
0.039670
0.079845
-0.004874
0.060277
0.008403
0.040223
0.022988
0.000507
-0.046346
0.073351
0.078898
0.016669
0.003558
-0.023811
0.027190
-0.012144
0.001555
0.024509
0.032523
0.075058
0.038151
0.024095
-0.006889
-0.035619
0.054614
0.042248
0.030810
0.015107
0.080051
0.053229
-0.101063
-0.015229
0.082268
0.062704
0.006273
0.045663
0.006021
-0.003923
-0.037860
-0.012552
-0.023268
0.103164
-0.020863
0.058239
-0.061418
-0.029552
0.007196
-0.010910
-0.011274
0.047274
-0.049394
0.006097
-0.004277
0.042188
-0.061387
-0.046647
-0.037499
0.067567
0.031006
-0.001398
-0.036845
-0.058008
0.015725
-0.029361
0.049661
0.018251
-0.021420
-0.004010
-0.012868
0.004371
-0.052795
-0.011752
-0.015633
0.056212
-0.000721
-0.023299
0.012096
-0.017734
-0.070171
-0.024898
0.006233
0.056917
-0.052440
0.042045
-0.024460
-0.042293
-0.035800
0.021079
-0.066104
0.118920
-0.029197
-0.012000
-0.049742
-0.066626
-0.036585
-0.029188
-0.000765
0.021308
-0.023994
0.072330
-0.036312
-0.045126
-0.022640
-0.023834
-0.024695
-0.078674
0.056383
-0.031571
-0.135690
0.044971
-0.108245
0.003371
0.071740
0.227060
