0.573760
0.429362
0.269565
0.370079
0.404428
0.324537
0.231989
0.258089
0.410890
0.320545
0.364171
0.314248
0.269123
0.324660
0.243944
0.355569
0.240766
0.314068
0.308190
0.280954
0.362236
0.324290
0.317889
0.256665
0.371557
0.293718
0.355861
0.342038
0.284024
0.300971
0.270380
0.400382
0.302439
0.408925
0.345069
0.400690
0.309034
0.430563
0.360542
0.444485
0.380225
0.349910
0.371727
0.401120
0.408853
0.416117
0.396153
0.426176
0.481616
0.479745
0.438384
0.492390
0.438298
0.515696
0.527985
0.460829
0.498901
0.503365
0.393402
0.456722
0.444064
0.441569
0.525457
0.591736
0.561149
0.534374
0.593036
0.545776
0.578623
0.543444
0.472655
0.568781
0.622326
0.603187
0.577347
0.592484
0.588244
0.597944
0.635602
0.617135
0.533142
0.559874
0.586908
0.553423
0.627084
0.607078
0.619455
0.638912
0.667192
0.604320
0.548779
0.593378
0.662394
0.606320
0.590488
0.618905
0.625309
0.583842
0.590665
0.677219
0.625314
0.615744
0.476422
0.546708
0.667694
0.589889
0.571482
0.521111
0.618898
0.591852
0.603424
0.564634
0.637871
0.656393
0.584865
0.656150
0.701445
0.674795
0.687985
0.647752
0.737089
0.717282
0.689490
0.633314
0.607718
0.613759
0.629482
0.691921
0.687170
0.705516
0.637024
0.720622
0.720912
0.755802
0.743243
0.729027
0.750598
0.711660
0.696893
0.646060
0.651654
0.718494
0.681116
0.715383
0.655771
0.640541
0.666609
0.677256
0.686439
0.711336
0.609154
0.645331
0.690753
0.565490
0.698002
0.636330
0.643395
0.619806
0.654906
0.675290
0.598297
0.543725
0.624971
0.617634
0.576776
0.606357
0.579447
0.597503
0.621371
0.544232
0.548780
0.568355
0.577182
0.583145
0.615953
0.663580
0.616022
0.559705
0.599172
0.642382
0.627115
0.599789
0.563220
0.604130
0.595496
0.536015
0.547424
0.600306
0.618092
0.536638
0.534800
0.633299
0.580928
0.558965
0.579195
0.598592
0.619641
0.635593
0.572994
0.628936
0.655142
0.632962
0.563549
0.549275
0.545303
0.566869
0.547137
0.657851
0.609577
0.598336
0.577607
0.638727
0.583097
0.577246
0.564322
0.548486
0.597909
0.500673
0.545877
0.541312
0.494721
0.519506
0.540018
0.555974
0.505226
0.502127
0.508336
0.405211
0.472503
0.482069
0.440585
0.435594
0.561863
0.394075
0.424644
0.403626
0.310619
0.344830
0.439687
0.336123
0.358709
0.377620
0.333716
0.363981
0.334316
0.396950
0.307266
0.407909
0.417839
0.321489
0.315603
0.316339
0.272184
0.277914
0.360449
0.387329
0.286863
0.307150
0.221493
0.250784
0.187390
0.282854
0.305246
0.222542
0.271342
0.232187
0.199954
0.282710
0.257267
0.146578
0.224903
0.281779
0.159562
0.290442
0.236849
0.231129
0.174416
0.219864
0.204556
0.227440
0.224958
0.219882
0.189262
0.225657
0.153728
0.168330
0.135123
0.120428
0.154566
0.230529
0.294502
0.221217
0.222986
0.274643
0.183116
0.308683
0.258036
0.157813
0.264211
0.257102
0.293040
0.205610
0.323235
0.413558
0.211245
0.373425
0.358375
0.232952
0.273358
0.241776
0.185915
0.290300
0.295590
0.181593
0.251981
0.253197
0.209331
0.182165
0.164764
0.222410
0.200327
0.201600
0.191875
0.194995
0.146717
0.164403
0.121209
0.170572
0.161442
0.131494
0.112737
0.143681
0.083826
0.121683
0.089081
0.077597
0.098604
0.084469
0.085779
0.126737
0.102916
0.069961
0.096658
0.093917
0.142736
0.039709
0.076705
0.072383
0.024869
-0.010019
0.090634
0.072889
0.143394
0.064897
-0.003547
0.003757
0.012721
0.140372
0.076515
0.120983
0.208413
0.087817
0.102429
0.094831
0.097603
0.087051
0.102595
0.174502
0.167556
0.198302
0.116408
0.149529
0.147284
0.154747
0.105038
0.142722
0.112667
0.074751
0.123499
0.110501
0.183065
0.142284
0.095206
0.151652
0.130420
0.104752
0.117375
0.110156
0.104458
0.189904
0.104404
0.062603
0.175978
0.057145
0.088023
0.146833
0.149368
0.101309
0.063772
0.170617
0.111464
0.159595
0.018101
0.075068
0.015058
0.072608
-0.013107
0.133663
0.046179
0.102947
0.135711
0.032286
0.014355
0.095453
0.053878
0.081286
0.086712
0.072098
-0.006656
0.047312
-0.021809
0.079906
0.059588
0.090648
0.057237
-0.001426
-0.006202
0.041161
0.034093
0.002232
0.026981
0.113740
0.036665
0.066539
0.062911
0.010010
-0.027462
0.078420
0.052043
0.052111
0.039351
0.064342
0.019761
-0.022950
0.069916
0.045024
-0.020598
0.036931
0.080154
0.008067
-0.016017
0.021711
0.047617
0.035753
0.012805
0.105745
0.039046
0.043865
0.024778
0.009124
0.024646
-0.024547
-0.016155
0.058509
0.045150
0.050544
-0.055861
0.021422
0.084400
0.052094
-0.042916
0.100148
0.045949
0.015274
0.043836
-0.033617
-0.000764
0.017043
0.018483
0.023539
0.125695
0.086828
0.020045
-0.000718
0.064110
0.021401
0.068420
0.130845
0.056463
0.010321
0.013402
0.042762
-0.015936
-0.030094
0.031653
0.045010
-0.015368
0.121550
0.033711
0.081363
0.070974
0.057168
-0.014780
0.057788
0.130521
0.008314
0.065905
0.087807
0.032115
0.000296
-0.030224
0.085656
0.040419
0.092068
0.084681
0.092031
0.053787
0.091861
0.062498
0.069330
0.061048
0.027096
-0.000437
0.029548
0.072385
-0.027007
0.062819
0.054993
0.112268
0.097476
-0.034083
0.028839
0.038154
0.112329
0.151227
0.099357
0.048285
0.092166
0.084128
0.048605
0.129941
0.089999
0.025029
0.073857
0.157707
0.090064
0.031767
0.049752
0.053415
0.173835
0.083162
0.180932
0.121612
0.106755
0.081824
0.184724
0.102660
0.083008
0.047349
0.120538
0.178170
0.154223
0.060444
0.079344
0.126683
0.184644
0.130203
0.189307
0.117584
0.078246
0.070775
0.104471
0.081580
0.082754
0.095866
0.134475
0.074228
0.091634
0.085716
0.038342
0.026275
0.103917
0.100051
0.132361
0.101005
0.046986
0.097940
0.111307
0.022651
0.004399
0.112881
0.067006
0.068344
0.061447
0.030665
0.029318
-0.007205
0.066868
0.027127
0.080519
0.138975
0.085529
0.050689
0.053860
-0.025562
0.044954
0.067873
0.066082
0.067882
0.094156
-0.012577
0.001735
0.042996
0.060104
0.094695
0.111996
0.085406
0.024547
0.035750
0.010184
0.118099
0.050801
0.038731
0.089673
0.089194
0.108538
0.017470
0.046313
0.098531
0.045818
0.074654
0.094556
0.005951
0.056388
0.088707
0.046332
0.008225
0.001291
0.024979
0.108314
0.031610
0.073763
-0.002097
0.016443
0.012374
0.003301
-0.005439
0.123131
0.034043
0.045693
0.014951
0.040324
0.019079
-0.005320
0.038290
0.034895
0.093837
0.032115
-0.040075
0.038553
-0.003859
0.023528
0.023391
0.072547
0.073262
0.024534
0.045205
0.014263
-0.017797
0.006098
-0.005627
0.033051
-0.009939
0.039994
0.029539
-0.057293
0.011966
0.067442
-0.011412
0.112544
-0.002318
0.012270
-0.052658
-0.028923
0.070603
-0.010977
0.005517
0.069225
-0.015449
0.050605
0.046364
0.019387
-0.034558
0.014906
0.038573
0.082328
0.041096
0.036352
0.080058
0.025371
-0.024922
-0.003568
0.050482
0.059427
0.037494
0.118203
0.015506
0.009773
0.048013
0.094160
-0.055404
0.110648
0.091758
0.055245
0.038581
0.018176
0.008610
0.059279
0.040093
0.075437
-0.014464
0.118040
0.048907
0.020846
-0.036422
-0.010483
0.045641
0.132309
0.032724
0.030425
-0.020542
0.013801
0.038090
0.007979
0.086223
0.074321
-0.051782
0.044332
0.061004
0.010462
-0.020229
0.011732
0.043221
0.109864
0.048098
0.042098
-0.015421
0.022962
-0.034995
-0.046727
0.007415
0.038102
0.049303
0.055908
-0.030108
-0.022469
0.044945
0.019878
0.076000
0.080060
0.047334
0.043251
-0.003170
-0.046626
-0.057164
-0.024652
0.016650
0.093497
0.032734
0.026358
0.004065
0.024614
-0.006458
0.019192
-0.049507
0.132983
0.028841
-0.022897
-0.006243
0.050742
-0.012223
-0.018653
0.063919
0.111743
-0.108181
0.034127
0.043871
-0.019012
-0.018389
0.006496
0.016364
0.138986
-0.036737
0.008131
0.014896
-0.046670
0.013351
-0.005456
0.015013
0.056850
-0.010171
0.017533
-0.040606
-0.018720
0.001970
0.027301
0.002145
0.046262
0.041781
0.063497
-0.009791
-0.060566
0.004820
0.070047
-0.044192
0.081511
0.019786
0.042865
0.057697
0.069319
-0.027595
0.038368
0.057112
0.100238
0.012506
0.042893
0.096280
-0.037537
0.021240
0.039831
0.027318
0.098504
0.033566
0.025850
-0.005945
0.031866
0.042984
0.048907
0.028643
0.104020
-0.011158
0.011806
-0.025715
0.011451
0.025848
0.001597
0.056734
0.043614
0.031716
0.070513
-0.000546
0.030457
0.011785
0.013592
0.051351
0.126992
-0.016308
-0.007531
-0.009970
0.023931
0.055455
-0.029950
0.048726
0.081676
0.030610
0.053306
0.006195
-0.002269
-0.005963
0.101749
0.125066
0.148598
-0.018497
0.041823
0.073953
0.021953
0.046614
0.007039
0.025908
0.103751
0.013992
0.092291
0.061906
0.065842
0.020694
0.078994
0.024157
0.097661
0.065748
0.049478
-0.010716
0.041273
0.044358
0.060314
-0.011158
0.093774
0.061459
0.073813
0.025687
0.025863
0.067206
0.034420
0.013346
0.129813
0.020549
0.054634
0.072637
0.076022
0.008459
0.022217
0.037240
0.071254
0.006689
0.127336
0.112740
-0.023556
0.093267
0.087568
0.116375
0.150676
0.046427
0.015741
0.058425
0.059613
0.097461
-0.001945
0.078999
0.120012
0.069044
0.079920
0.077004
0.059870
0.128244
0.124195
0.102078
0.084876
0.157070
0.134003
0.158334
0.110243
0.227644
0.234097
0.147048
0.225751
0.352493
0.182503
0.119806
0.275246
0.189301
0.161022
0.242719
0.231047
0.149368
0.145342
0.227289
0.195536
0.207412
0.209497
0.196190
0.194104
0.220785
0.195991
0.166196
0.218197
0.161507
0.299615
0.315402
0.264574
0.185188
0.143579
0.114791
0.145715
0.213147
0.250292
0.236615
0.209271
0.271203
0.210514
0.221677
0.274799
0.169381
0.330384
0.273595
0.250087
0.381617
0.214263
0.271425
0.267037
0.171439
0.121856
0.239138
0.295477
0.181086
0.268525
0.275794
0.208525
0.227470
0.289151
0.181388
0.207406
0.271305
0.185048
0.161152
0.204521
0.116629
0.102706
0.162369
0.214809
0.214819
0.195011
0.152423
0.153710
0.120176
0.206297
0.251537
0.222107
0.293052
0.079244
0.162885
0.275992
0.153228
0.264750
0.271136
0.231420
