0.574699
0.297391
0.209491
0.297440
0.194381
0.166923
0.084195
0.125005
0.114664
0.168610
0.210521
0.059969
0.177889
0.118228
0.067834
0.161194
0.090534
0.079596
0.077397
0.122661
0.072495
0.147879
0.033432
0.113364
0.165066
0.085673
0.074793
0.092590
0.091552
0.056674
0.033864
0.183192
0.152317
0.223832
0.105749
0.096189
0.028822
0.034232
0.127430
0.154369
0.065416
0.051600
0.130359
0.082021
0.023736
0.042895
0.056954
0.072059
0.111854
0.106834
0.019786
0.087550
0.129529
0.122948
0.095119
0.143280
0.089088
0.033850
0.118425
0.097834
0.123834
0.054433
0.174338
0.177424
0.163402
0.146050
0.177861
0.170327
0.232864
0.160819
0.094816
0.158261
0.171086
0.190099
0.202571
0.122784
0.151559
0.108597
0.063835
0.167702
0.132610
0.179604
0.149047
0.182214
0.121960
0.184834
0.189002
0.153199
0.220426
0.068592
0.156586
0.123889
0.160053
0.115041
0.134111
0.205563
0.108238
0.194453
0.193852
0.183396
0.264665
0.230474
0.228305
0.167470
0.262484
0.168325
0.087591
0.137212
0.224503
0.193608
0.168673
0.295548
0.207981
0.278548
0.282476
0.195423
0.258671
0.317142
0.270697
0.214309
0.224014
0.190262
0.244139
0.282141
0.234009
0.199438
0.291917
0.377986
0.206302
0.291451
0.221938
0.241816
0.247856
0.225130
0.096438
0.185180
0.253372
0.155936
0.177575
0.188333
0.200691
0.162893
0.235517
0.269237
0.168542
0.219687
0.175600
0.193333
0.133765
0.179164
0.152785
0.191221
0.249141
0.151054
0.142605
0.151469
0.096549
0.139335
0.123944
0.131416
0.138334
0.146527
0.061476
0.090965
0.111191
0.058723
0.101112
0.093709
0.113547
0.102466
0.089117
0.134811
0.058389
0.008752
0.082533
0.116232
0.055009
0.133736
0.045391
0.003865
0.164684
0.151722
0.065846
0.143770
0.064704
0.042608
0.025927
0.097285
0.139427
0.017752
0.081766
0.138528
0.135602
0.112937
0.036739
0.052355
0.034468
0.117345
0.074663
0.125925
0.102797
0.061310
0.049517
0.124516
0.093843
0.067581
0.091383
0.072121
0.124965
0.059785
0.006350
0.061187
0.068259
0.049886
0.060799
0.128885
0.075466
0.034344
0.044786
0.091416
0.034868
0.059811
0.022597
0.102588
0.102832
0.082400
0.099275
0.029199
0.011583
0.105373
0.150980
0.148722
0.063851
-0.031358
0.014133
0.057735
0.011775
0.052257
0.094444
0.116669
-0.021709
0.066091
0.041512
0.078340
0.020317
0.044484
0.119537
0.157570
0.024269
0.055987
-0.019392
0.013998
0.075624
0.055226
0.045447
0.082986
0.064071
0.079452
0.024934
0.090628
0.001371
0.057513
0.089452
0.118718
0.046822
0.040198
0.048312
0.044708
0.088005
0.020126
0.077438
0.090742
0.098104
0.120556
0.023650
0.044366
0.097858
0.128030
0.043839
0.116100
0.160452
0.122901
0.102860
0.078423
0.043561
0.071325
0.016197
0.090675
0.139232
0.226231
0.122186
0.067214
0.179852
0.139424
0.117393
0.132872
0.219958
0.137717
0.076541
0.138001
0.164483
0.112771
0.099036
0.224721
0.150460
0.148440
0.107152
0.161720
0.103962
0.091211
0.136621
0.225945
0.108501
0.111132
0.122466
0.059831
0.147770
0.141685
0.129243
0.073973
0.139324
0.174850
0.096892
0.136218
0.107896
0.126346
0.101204
0.093979
0.166184
0.123302
0.083429
0.128452
0.122016
0.051284
0.152340
0.147349
0.144948
0.193736
0.159817
0.150342
0.305339
0.369356
0.184117
0.240389
0.372659
0.291528
0.260935
0.192733
0.331627
0.202812
0.184284
0.373770
0.267821
0.385894
0.331191
0.322675
0.296946
0.339440
0.269240
0.313897
0.281385
0.266296
0.286719
0.251264
0.259454
0.178767
0.243460
0.251723
0.292018
0.352999
0.320134
0.227601
0.317911
0.302584
0.157941
0.236516
0.322942
0.296171
0.238482
0.211845
0.199279
0.242564
0.169279
0.161573
0.222421
0.235866
0.150393
0.092773
0.223323
0.183509
0.134282
0.171433
0.206686
0.146882
0.134194
0.123898
0.160273
0.125810
0.105538
0.202776
0.081777
0.146177
0.105587
0.096188
0.070258
0.183149
0.167749
0.135836
0.142892
0.022594
0.067173
0.121996
0.128522
0.046205
0.082011
0.112880
0.106138
0.047698
0.029167
0.171836
0.184821
0.091744
0.188630
0.121149
0.099530
0.081940
0.130688
0.136264
0.059692
0.094878
0.076012
0.129954
0.136621
0.225574
0.140146
0.085667
0.128362
0.149608
0.070289
0.178414
0.160832
0.083625
0.089537
0.198584
0.194038
0.121430
0.177195
0.134970
0.112792
0.093881
0.046663
0.112014
0.049157
0.143491
0.162867
0.093565
0.154135
0.143380
0.083324
0.112287
0.124070
0.103578
0.121139
0.133713
0.103966
0.122988
0.150393
0.069449
0.077652
0.160242
0.108126
0.115711
0.210905
0.033339
-0.003251
0.073146
0.156356
0.125090
0.090586
0.143691
0.162974
0.095650
0.070081
0.086683
0.063245
0.171828
0.072182
0.151004
0.155057
0.072845
0.070577
0.092304
0.069970
0.070780
0.100288
0.079728
0.063188
0.132376
0.138360
0.111867
0.115112
0.134072
0.176610
0.185759
0.157174
0.093920
0.004973
0.148417
0.219416
0.108370
0.117572
0.211520
0.080623
0.153640
0.151071
0.150640
0.196254
0.191048
0.173217
0.171759
0.215878
0.165281
0.209912
0.187659
0.072251
0.134138
0.122304
0.251801
0.169771
0.311871
0.189633
0.207962
0.166393
0.221759
0.178606
0.264414
0.250149
0.129768
0.218666
0.250689
0.262814
0.161275
0.242215
0.201578
0.254372
0.281871
0.185499
0.221168
0.304489
0.290665
0.284585
0.281381
0.304452
0.283405
0.266017
0.304332
0.335641
0.344312
0.330655
0.429892
0.526672
0.372518
0.396436
0.352812
0.369377
0.365401
0.392892
0.417931
0.434989
0.373217
0.326385
0.351382
0.336739
0.333596
0.375944
0.313643
0.381389
0.304781
0.276052
0.212716
0.264074
0.343082
0.239645
0.303801
0.364234
0.279765
0.208564
0.302174
0.214001
0.202779
0.279722
0.288676
0.193202
0.229514
0.165187
0.208483
0.205376
0.327690
0.228609
0.229670
0.272070
0.262597
0.247507
0.256096
0.157270
0.245212
0.224643
0.291371
0.197884
0.390726
0.351989
0.263241
0.288880
0.273089
0.226816
0.296748
0.372071
0.236671
0.324913
0.307262
0.365425
0.312639
0.278927
0.210846
0.321157
0.248954
0.200087
0.242554
0.310888
0.299742
0.349603
0.275473
0.480024
0.325867
0.239311
0.295950
0.264572
0.211777
0.333891
0.355811
0.345232
0.464919
0.403687
0.307965
0.469606
0.415701
0.333004
0.368680
0.498206
0.292359
0.386941
0.325352
0.379165
0.302020
0.343172
0.495741
0.414129
0.348211
0.370400
0.421177
0.321291
0.361317
0.365632
0.377185
0.407574
0.331968
0.350018
0.387065
0.267150
0.396944
0.366578
0.354614
0.396161
0.325014
0.283159
0.392595
0.337990
0.393750
0.374578
0.373281
0.363954
0.257675
0.197967
0.335278
0.374943
0.287189
0.288081
0.379804
0.254558
0.281798
0.242601
0.301890
0.118522
0.257870
0.192231
0.231201
0.162720
0.159068
0.224931
0.193766
0.106339
0.139647
0.149497
0.202502
0.130625
0.243681
0.101112
0.139622
0.201940
0.106820
0.069445
0.205741
0.202222
0.158502
0.121597
0.086460
0.144754
0.162212
0.096037
0.111163
0.193574
0.204264
0.081317
0.233459
0.144699
0.162580
0.044363
0.130967
0.192210
0.178095
0.110962
0.101654
0.047721
0.182660
0.079186
0.147103
0.192922
0.316836
0.127600
0.085260
0.230550
0.226052
0.269214
0.180658
0.168399
0.105665
0.164191
0.110741
0.134438
0.131273
0.251119
0.185292
0.225152
0.162437
0.150287
0.124265
0.158669
0.210825
0.213577
0.215066
0.190492
0.152460
0.137514
0.156023
0.163664
0.153002
0.132477
0.186007
0.112624
0.200683
0.139115
0.164542
0.145079
0.166745
0.050470
0.181347
0.084571
0.109148
0.061258
0.082058
0.123516
0.042621
0.061190
0.085076
0.013770
0.134795
0.102608
0.136333
0.143832
0.096009
0.074950
0.087323
0.123211
0.097798
0.036052
0.057558
0.078762
0.092770
0.036571
0.117611
0.158637
0.108611
0.068235
0.119144
0.150106
0.217992
0.110738
0.174449
0.202055
0.101207
0.083262
0.148268
0.101293
0.071373
0.151379
0.225824
0.124203
0.233193
0.219212
0.122382
0.169549
0.290829
0.240025
0.229970
0.251092
0.228574
0.191093
0.147777
0.140634
0.174909
0.236126
0.256007
0.315283
0.226002
0.220310
0.224667
0.191472
0.234286
0.246916
0.216926
0.224183
0.286702
0.274480
0.208565
0.289994
0.203210
0.331548
0.405806
0.300190
0.394744
0.372414
0.311721
0.278012
0.270881
0.346773
0.276039
0.256995
0.316249
0.265471
0.294532
0.279471
0.283472
0.257011
0.263108
0.110989
0.207204
0.237849
0.236897
0.232234
0.282404
0.191327
0.226346
0.225722
0.125042
0.164470
0.236478
0.195687
0.180892
0.153783
0.219220
0.228744
0.261884
0.206777
0.228532
0.210607
0.340022
0.181157
0.229931
0.262153
0.197839
0.317686
0.282619
0.323311
0.259833
0.239679
0.399477
0.227545
0.363648
0.384076
0.338024
0.299751
0.349356
0.264752
0.268227
0.433645
0.358257
0.342334
0.275937
0.295168
0.270681
0.318998
0.355390
0.333443
0.406087
0.389510
0.230249
0.274042
0.247329
0.287560
0.371149
0.307932
0.323563
0.291867
0.294123
0.311210
0.196629
0.189322
0.226687
0.210387
0.254872
0.214257
0.240151
0.245086
0.259786
0.297660
0.166981
0.197323
0.121971
0.204267
0.200831
0.208041
0.236550
0.272313
0.351005
0.357357
0.267603
0.117336
0.270346
0.188340
0.268308
0.230996
0.266745
0.305546
0.277403
0.324225
0.256613
0.225196
0.173649
0.274389
0.273029
0.267193
0.284591
0.328273
0.251821
0.310221
0.313103
0.294005
0.387374
0.357412
0.279533
0.254780
0.268315
0.237537
0.254016
0.260579
0.239731
0.293654
0.301514
0.188682
0.283444
0.267219
0.287984
0.227936
0.237896
0.275593
0.184948
0.281674
0.152220
0.176718
0.163013
0.165983
0.246171
0.154018
0.298569
0.189124
0.145908
0.126708
0.172939
0.297319
0.092838
0.073691
0.114661
0.077322
0.124806
0.060300
0.053491
0.134648
0.083849
0.150828
0.142548
0.076227
0.074585
0.104705
0.170386
0.192913
0.092291
0.332253
0.091610
0.021845
0.332843
0.122686
0.250198
0.303512
0.251463
