0.543054
0.445556
0.366067
0.468642
0.446638
0.480036
0.372038
0.397772
0.497149
0.396802
0.395070
0.269601
0.325922
0.351304
0.406761
0.460484
0.382676
0.366560
0.355947
0.435282
0.325854
0.397723
0.377015
0.394720
0.470722
0.316377
0.369642
0.473806
0.351693
0.390127
0.396736
0.489882
0.443004
0.471089
0.377402
0.407513
0.363300
0.440451
0.488900
0.359871
0.351563
0.332542
0.410166
0.348866
0.318156
0.280610
0.304560
0.334297
0.344617
0.353998
0.329461
0.297093
0.376577
0.396965
0.300969
0.345037
0.456382
0.370418
0.365536
0.313755
0.346775
0.395162
0.457779
0.414202
0.443067
0.451369
0.336796
0.424157
0.495647
0.402760
0.301171
0.496886
0.421600
0.462643
0.413392
0.406274
0.409886
0.341721
0.412103
0.470053
0.462664
0.439609
0.420379
0.450139
0.430739
0.442646
0.394031
0.365472
0.491451
0.411301
0.348671
0.451952
0.386389
0.385586
0.395717
0.390637
0.418842
0.468054
0.387788
0.394874
0.422602
0.359411
0.408718
0.406617
0.530786
0.329263
0.394036
0.414701
0.321998
0.357624
0.412408
0.419897
0.310066
0.372874
0.345920
0.335755
0.364367
0.362396
0.094198
0.317647
0.316617
0.295369
0.217043
0.233350
0.225405
0.241050
0.295811
0.273800
0.248297
0.283749
0.194715
0.170853
0.151038
0.215281
0.198322
0.235813
0.230373
0.176919
0.164999
0.184478
0.168524
0.131434
0.276171
0.226262
0.077417
0.174110
0.169996
0.153157
0.168456
0.183464
0.156854
0.180185
0.244065
0.155423
0.092244
0.173160
0.083044
0.087967
0.191186
0.195557
0.164598
0.230208
0.165216
0.166396
0.232530
0.283282
0.307139
0.155900
0.234701
0.207525
0.178649
0.182589
0.317423
0.197285
0.250169
0.298916
0.392475
0.217002
0.150828
0.220844
0.277114
0.380826
0.243032
0.276080
0.365173
0.279753
0.174089
0.282402
0.270548
0.278637
0.280120
0.384544
0.228967
0.354467
0.305299
0.157548
0.142358
0.229318
0.202724
0.274072
0.265226
0.207160
0.334408
0.140272
0.169877
0.182433
0.196154
0.092988
0.140067
0.116825
0.031933
0.086254
0.093589
0.110647
0.026250
0.127952
0.142819
0.054266
0.047061
0.078666
-0.023578
-0.000864
0.073559
0.081233
0.074648
0.078354
0.034181
0.047016
0.037622
0.068105
0.161461
0.157175
0.123279
0.049855
-0.062810
0.077162
0.111412
0.039393
0.129130
0.116167
0.031087
0.079016
0.041856
0.109827
0.075295
0.056257
0.117791
0.164078
0.101585
0.036732
0.077815
0.133852
0.062925
0.094438
0.066566
0.158891
0.036114
0.061753
0.059804
0.098799
0.091449
0.147086
0.170221
0.140501
0.020872
0.096041
0.106083
0.058386
0.085727
0.033728
0.039714
0.070190
0.146015
0.134605
0.007846
0.059043
0.128606
0.176442
0.137854
0.109231
0.129284
0.116333
0.078346
0.073938
0.174145
0.031490
0.137621
0.227485
0.156381
0.197318
0.120077
0.129691
0.156281
0.198073
0.199360
0.179676
0.189476
0.131093
0.217611
0.153399
0.187308
0.174717
0.235072
0.259087
0.241698
0.249019
0.182882
0.231276
0.089977
0.191128
0.113779
0.188226
0.197185
0.144013
0.234305
0.192754
0.219914
0.187227
0.114882
0.207186
0.178774
0.200468
0.169974
0.215045
0.159888
0.126604
0.215356
0.175598
0.132271
0.138116
0.148961
0.215378
0.254308
0.114719
0.146684
0.234219
0.091049
0.176294
0.202516
0.155465
0.183556
0.273786
0.179180
0.223962
0.296068
0.203119
0.214409
0.203984
0.178520
0.244949
0.193504
0.276964
0.182460
0.180778
0.155027
0.213678
0.247274
0.266817
0.241329
0.293415
0.306616
0.355726
0.303490
0.240779
0.253579
0.209143
0.226163
0.253199
0.282239
0.297474
0.305749
0.276044
0.299609
0.294254
0.259704
0.271984
0.377757
0.286163
0.197843
0.341729
0.338468
0.276748
0.330563
0.379418
0.287057
0.395567
0.288439
0.298905
0.265606
0.388494
0.365533
0.337777
0.390002
0.267095
0.284814
0.434366
0.238518
0.296957
0.326740
0.416420
0.274464
0.429086
0.326869
0.265820
0.348229
0.430120
0.337869
0.417007
0.413425
0.263883
0.234853
0.324122
0.368742
0.321169
0.252922
0.401230
0.240869
0.420265
0.425422
0.423961
0.420800
0.456409
0.455489
0.385953
0.445602
0.367617
0.401910
0.440837
0.424618
0.450495
0.500512
0.632546
0.544369
0.486447
0.527162
0.486210
0.500780
0.603409
0.471497
0.479557
0.501928
0.454882
0.543637
0.516450
0.503906
0.446421
0.472241
0.526510
0.506635
0.443747
0.473696
0.505883
0.490405
0.461145
0.438355
0.486296
0.492585
0.432288
0.449767
0.450146
0.457717
0.473613
0.398827
0.447602
0.424750
0.352407
0.462169
0.396033
0.377120
0.429427
0.392979
0.359354
0.445556
0.377490
0.389262
0.330057
0.393449
0.396845
0.423294
0.461808
0.486212
0.433609
0.480438
0.455291
0.399385
0.474150
0.461077
0.431648
0.535866
0.441189
0.402166
0.497570
0.406457
0.429813
0.445250
0.420880
0.441614
0.525040
0.524934
0.533243
0.634319
0.665346
0.523439
0.614931
0.641299
0.612894
0.571953
0.602988
0.576785
0.634082
0.610203
0.731867
0.734028
0.641084
0.722292
0.719986
0.628591
0.705373
0.644946
0.631171
0.659182
0.611084
0.582246
0.639228
0.599210
0.636633
0.587470
0.697273
0.605096
0.642650
0.618434
0.598702
0.561511
0.572819
0.547225
0.609077
0.650793
0.538736
0.545473
0.514295
0.564489
0.487590
0.507272
0.470988
0.487099
0.444367
0.460358
0.444398
0.516268
0.460173
0.433695
0.438809
0.509926
0.525207
0.440964
0.443688
0.405494
0.466964
0.516909
0.541586
0.631729
0.475814
0.453558
0.450688
0.481315
0.523322
0.484617
0.424439
0.506712
0.460940
0.404532
0.423016
0.430619
0.423068
0.364925
0.401611
0.300501
0.461586
0.289444
0.346432
0.296290
0.267947
0.316544
0.356330
0.227980
0.263977
0.304749
0.248724
0.177941
0.170224
0.247234
0.132964
0.135986
0.299242
0.113894
0.186874
0.225528
0.240851
0.202162
0.150750
0.255124
0.161149
0.124243
0.183186
0.207995
0.129577
0.114353
0.187782
0.283844
0.179946
0.166128
0.138422
0.185353
0.201041
0.165661
0.189814
0.211649
0.138382
0.165058
0.229676
0.131257
0.107026
0.200461
0.243741
0.242513
0.276073
0.174665
0.219780
0.182863
0.269385
0.244768
0.245067
0.266328
0.235196
0.233272
0.211166
0.204788
0.220013
0.238815
0.255508
0.259638
0.242668
0.192676
0.195145
0.262245
0.185038
0.287514
0.257997
0.297995
0.189077
0.157701
0.192786
0.136030
0.077385
0.188454
0.217596
0.199768
0.176650
0.151661
0.213544
0.076163
0.125556
0.224938
0.152766
0.172376
0.185311
0.082096
0.087719
0.060706
0.124215
0.134107
0.137955
0.104289
0.127038
0.011570
0.127700
0.086367
0.142055
0.075641
0.133547
0.121965
0.051415
0.067175
0.137584
0.079791
0.064690
0.187619
0.139859
0.151901
0.132829
0.104569
0.147940
0.151543
0.197397
0.202884
0.078546
0.251450
0.114852
0.108480
0.121293
0.251325
0.157295
0.171751
0.244362
0.300956
0.279089
0.296106
0.154947
0.206779
0.317242
0.320015
0.253253
0.380786
0.330498
0.218795
0.276496
0.154059
0.253969
0.262751
0.262612
0.398661
0.265676
0.190528
0.253688
0.210883
0.342125
0.236040
0.230541
0.280322
0.221724
0.336261
0.281438
0.314817
0.267224
0.293139
0.291636
0.426019
0.381436
0.166739
0.301808
0.302686
0.318968
0.296185
0.315842
0.360691
0.278282
0.323135
0.327062
0.330437
0.326201
0.342391
0.290251
0.354915
0.293065
0.220446
0.253611
0.335024
0.324870
0.268688
0.302920
0.392050
0.314374
0.300397
0.285580
0.250381
0.355975
0.352028
0.305576
0.302706
0.279257
0.236055
0.315043
0.283159
0.390700
0.274181
0.333447
0.340872
0.266233
0.246497
0.317540
0.260505
0.217690
0.253468
0.324983
0.334485
0.299983
0.219843
0.270027
0.243385
0.350610
0.359906
0.234238
0.317493
0.281757
0.200300
0.214753
0.197115
0.268243
0.304470
0.335901
0.327513
0.248486
0.238932
0.171668
0.175569
0.277937
0.184181
0.210256
0.320607
0.227881
0.134979
0.185338
0.197349
0.205160
0.208660
0.119329
0.246571
0.133876
0.075190
0.068643
0.124813
0.320637
0.158620
0.187922
0.225115
0.243733
0.190619
0.165597
0.154956
0.087259
0.079696
0.166636
0.125949
0.158662
0.092030
0.115938
0.052092
0.135414
0.029807
0.117251
0.068426
0.026980
0.080739
0.134759
0.062548
0.067426
0.140214
0.044949
0.105190
0.099529
0.052898
0.079077
0.096817
0.072459
-0.023972
0.074023
0.140624
0.123343
0.041372
0.082170
0.006723
0.130663
0.000772
0.090063
0.044657
-0.000543
0.079160
0.055498
0.008977
0.126147
0.085262
0.136911
0.039984
0.059288
0.037366
0.047364
0.102897
0.038796
0.043152
0.014572
0.142401
0.074211
-0.021478
0.114552
0.062712
0.078596
0.074156
0.117756
0.023626
0.089446
0.029125
0.022378
0.045718
0.053634
0.001831
0.099508
0.099607
0.097544
-0.025883
0.090333
0.000016
0.050672
0.017546
0.119324
0.091242
0.063777
0.037715
0.073833
0.009669
-0.000321
-0.006149
0.125882
0.031322
0.071942
0.033305
0.017812
-0.022801
0.087323
0.029973
0.130110
0.034489
0.039830
0.043739
0.054312
0.075312
-0.007851
0.010590
0.016656
0.082564
0.083431
0.001407
-0.021312
0.077671
0.107677
0.074254
0.121957
0.004645
0.093550
0.017319
0.019841
0.024489
0.036125
0.058789
0.106196
0.140615
0.146284
0.003594
0.055696
0.071802
0.103602
-0.019100
0.142789
0.185449
0.021401
0.015365
0.095518
0.092482
0.003282
0.039059
0.147563
0.027579
0.082086
0.064909
0.001235
0.097890
0.138793
0.063656
0.122022
0.105778
0.037045
0.048863
-0.004197
0.024126
0.013522
0.008548
0.056838
0.170782
0.041264
-0.045515
0.049088
0.046219
0.022047
0.012026
0.090602
0.060352
0.060205
0.052825
-0.012233
0.064388
-0.009480
0.074200
0.094411
-0.012925
0.063061
0.038369
0.034927
0.005305
0.027106
0.016591
0.109325
0.057909
0.045431
0.022700
0.005865
0.002582
-0.020074
0.028132
0.076457
-0.000354
0.101993
0.069545
-0.006141
0.017197
0.078663
-0.017511
-0.036364
0.187739
-0.026661
-0.074974
0.120886
-0.055415
0.109142
0.132627
0.241114
