0.623117
0.466201
0.305559
0.486120
0.446739
0.462323
0.270345
0.374506
0.356156
0.260309
0.345407
0.266288
0.313630
0.311765
0.323880
0.239150
0.330402
0.267373
0.166559
0.223988
0.198005
0.211135
0.158856
0.233776
0.274964
0.202502
0.236267
0.205016
0.122840
0.097514
0.165081
0.247747
0.127267
0.148926
0.125435
0.172998
0.163391
0.274988
0.220103
0.227921
0.135921
0.115321
0.090072
0.127868
0.116161
0.102592
0.157875
0.130398
0.109739
0.194046
0.163391
0.159522
0.125810
0.160303
0.152473
0.107494
0.201247
0.033655
0.100939
0.121674
0.139676
0.195956
0.128711
0.176224
0.174567
0.090465
0.063958
0.165451
0.134947
0.196150
0.156010
0.167327
0.216887
0.116878
0.054317
0.093256
0.147705
0.075769
0.172392
0.187037
0.219945
0.202438
0.148634
0.167182
0.102046
0.223775
0.197720
0.164044
0.211121
0.143364
0.153715
0.188168
0.174985
0.170435
0.198527
0.222420
0.257332
0.252923
0.102282
0.162025
0.136149
0.240190
0.247499
0.243520
0.291244
0.158324
0.162469
0.192889
0.191997
0.116879
0.173217
0.225375
0.190021
0.181306
0.214170
0.166188
0.114020
0.224651
0.314488
0.162550
0.112275
0.180630
0.070737
0.160433
0.220238
0.127850
0.127043
0.190134
0.169504
0.210024
0.158800
0.138437
0.241037
0.187325
0.197851
0.176815
0.183225
0.216316
0.072647
0.160297
0.125165
0.152938
0.240849
0.179976
0.199345
0.204325
0.127918
0.144184
0.129106
0.209517
0.175085
0.238568
0.217056
0.178549
0.237606
0.169842
0.162061
0.071534
0.202381
0.230726
0.154409
0.207549
0.219801
0.237146
0.180826
0.229682
0.181250
0.169864
0.230699
0.167364
0.047617
0.134346
0.176967
0.090898
0.136076
0.234405
0.200972
0.252841
0.130166
0.195041
0.141583
0.203794
0.131632
0.186232
0.149245
0.119041
0.167588
0.144075
0.034869
0.113955
0.094610
0.178720
0.046707
0.129009
0.095459
0.079055
0.052978
0.127636
0.108194
0.089306
0.110691
0.091522
0.104306
0.006401
0.010856
0.006440
0.053233
0.074990
0.076775
0.028518
-0.061197
0.049992
0.044140
0.027546
-0.015526
0.072999
0.089100
0.066783
-0.015027
-0.038147
-0.013416
0.056001
-0.004404
0.064072
0.031712
0.073995
-0.008428
-0.000890
0.013105
0.063570
0.030616
0.097109
-0.003137
0.049515
0.033114
0.001561
0.031998
-0.030453
0.021227
0.052770
0.032140
0.072434
0.070136
0.038331
-0.024291
0.101397
-0.012501
0.109957
0.026067
0.036283
0.001663
0.045166
0.030324
0.023363
0.029646
0.051726
0.072774
0.043918
-0.021933
0.028294
-0.004529
0.075383
0.012657
0.126012
0.002886
0.044573
-0.003974
0.015043
0.013107
0.050153
-0.027300
0.098241
-0.007552
0.051203
-0.003579
0.025780
0.017256
0.009908
0.036025
0.132303
-0.005053
0.029435
0.026704
0.008912
-0.043511
-0.006644
-0.017792
0.017447
0.058755
0.021798
0.026147
0.030623
-0.082465
-0.004969
0.013840
0.091459
0.017829
0.020574
-0.006265
0.028664
0.021390
-0.005865
0.058840
0.011606
0.033449
0.079678
-0.006478
0.022245
0.015072
-0.002603
0.040905
0.032920
0.080820
-0.000627
-0.024919
-0.032724
0.042894
0.019243
-0.014611
0.048172
0.016867
0.063073
-0.000072
0.025563
-0.023040
0.043935
0.069480
0.106828
0.075301
0.016839
-0.039323
0.032537
0.046415
0.029719
0.050315
0.096263
0.017847
0.044940
0.074555
0.007891
0.028049
0.024771
0.041685
0.171492
-0.019025
0.009036
-0.014438
-0.004951
0.050171
0.016793
0.085346
0.061576
0.081891
0.063647
-0.010220
0.050116
0.076644
0.065274
0.070994
0.081452
0.089031
0.010923
0.067977
0.060575
0.035064
0.011188
0.080195
0.094926
0.085918
0.099796
0.094473
0.090265
0.117404
0.147391
0.072640
0.131902
0.096574
0.036698
0.092094
0.053206
0.176956
0.075164
0.136431
0.188357
0.145094
0.196608
0.090485
0.069351
0.171955
0.196531
0.080241
0.151624
0.241420
0.147616
0.207404
0.140411
0.124086
0.156512
0.148697
0.153900
0.184622
0.212337
0.133946
0.159937
0.131802
0.246923
0.254933
0.139010
0.230245
0.171056
0.236154
0.175411
0.092010
0.125845
0.173612
0.195184
0.132584
0.253753
0.141449
0.148061
0.121320
0.197395
0.164205
0.228597
0.163759
0.116657
0.133106
0.178513
0.203123
0.160344
0.186144
0.195328
0.135379
0.191514
0.194435
0.114405
0.129781
0.202136
0.214135
0.161029
0.189835
0.154522
0.082940
0.182590
0.193344
0.061171
0.152906
0.165236
0.069677
0.234954
0.155887
0.123454
0.159797
0.176897
0.097778
0.160761
0.185851
0.130732
0.139488
0.110170
0.208198
0.202646
0.092580
0.190143
0.152289
0.219294
0.105682
0.114741
0.094077
0.186984
0.062157
0.090424
0.175750
0.086055
0.168119
0.107894
0.034645
0.100357
0.104393
0.121816
0.232886
0.119757
0.069608
0.157152
0.161237
0.158870
0.155941
0.105892
0.215695
0.064977
0.146413
0.132327
0.055898
0.134219
0.100068
0.062554
0.180044
0.205883
0.077914
0.170334
0.096141
0.171090
0.153790
0.126010
0.218363
0.059810
0.069205
0.081121
0.063879
0.099930
0.026869
0.095001
0.086534
0.099471
0.049745
0.090361
0.112431
0.130374
0.058670
0.089510
0.169748
0.018282
0.095676
0.078500
0.063024
0.013581
0.041693
0.121775
0.122858
0.089453
0.100264
0.101771
0.036475
0.089302
0.130799
0.118132
0.115112
0.090292
-0.011623
0.056333
0.166674
0.122633
-0.001168
0.114784
0.088147
0.119170
0.132748
0.028265
0.059610
0.103382
0.083251
0.116619
0.060053
0.068000
0.144491
0.050132
0.171343
0.074531
0.041019
0.120351
0.189074
0.083698
0.008258
0.139934
0.052128
0.082694
0.014647
0.086037
0.168470
0.054027
0.065288
0.141870
0.029952
0.081634
-0.005588
0.127367
0.052621
0.089740
0.041101
0.074381
0.039513
0.037055
0.080346
0.117611
0.078531
0.004050
0.109607
0.069725
0.040426
0.004455
0.085196
0.072539
0.090295
0.093577
0.039753
0.046227
0.036107
0.059487
0.033754
0.076728
0.159796
0.038395
0.040787
0.097142
-0.056435
0.067073
0.094152
0.097265
-0.001744
0.143798
0.094907
0.074205
0.068807
0.162638
0.084296
0.112268
0.104698
0.038836
0.034155
0.092488
0.119786
0.010135
0.068397
0.111291
0.146020
0.147524
0.065936
0.058586
0.028080
0.159791
0.091264
0.068410
0.106774
0.115877
0.093986
0.156080
0.053766
0.033709
0.133753
0.176957
0.154015
0.090124
0.096210
0.125753
0.109017
0.127417
0.146660
0.175112
0.201741
0.123328
0.070841
0.086814
0.077348
0.074951
0.125472
0.106948
0.032783
0.098088
0.072479
0.063435
0.118823
0.132761
0.106871
0.060721
0.148423
0.118433
0.151163
0.090575
0.115603
0.090478
0.088386
0.117874
0.192285
0.146158
0.069804
0.047741
0.065738
0.159802
0.068695
0.218467
0.219446
0.101259
0.160385
0.177326
0.082958
0.134567
0.096547
0.219105
0.117247
0.139147
0.098275
0.089343
0.059072
0.114247
0.122783
0.131258
0.094683
0.077922
0.103747
0.102434
-0.011706
0.053581
0.058348
0.050160
0.084092
0.040757
0.055936
0.011641
0.013861
0.079093
0.116721
0.090137
0.079521
0.059589
0.027776
0.048889
0.016740
-0.022110
0.016291
0.043110
0.039120
0.045964
0.014138
-0.012166
0.036965
0.055338
0.089449
0.099593
0.047462
0.042485
0.034396
0.016746
0.095744
-0.056226
-0.021741
0.056692
0.077193
0.055135
0.004291
-0.002413
-0.018471
0.051380
0.135631
0.138664
0.006897
0.009089
0.008173
-0.011711
0.019815
0.016917
-0.022209
0.059551
0.030267
0.061355
0.018172
0.045358
0.003463
0.042848
-0.021006
0.127144
0.031263
0.023220
-0.017288
-0.011158
0.006677
-0.001352
0.075917
0.053187
-0.011885
0.087336
0.003702
-0.007497
0.064492
0.041207
0.040829
0.154565
0.076867
-0.025822
0.043110
0.082937
-0.029336
0.025274
-0.004817
0.014900
0.083060
0.059213
0.054716
0.004285
0.055370
0.070250
-0.028339
0.119617
0.047129
-0.008115
-0.017234
0.039610
0.077093
-0.018103
0.073932
0.087456
0.015424
0.048215
-0.007885
0.034770
0.029563
0.088538
0.000447
0.108974
0.036272
0.039206
-0.037309
0.014890
0.002461
-0.030064
0.035781
0.074533
-0.036080
0.044114
-0.003010
-0.020993
0.021361
0.027185
0.018470
0.104660
0.035251
0.037585
-0.003676
0.021155
0.077624
-0.034619
0.000185
0.021338
0.073543
0.010061
-0.034509
0.081170
-0.056048
-0.011274
0.005328
0.053614
0.021278
0.054628
-0.009661
-0.030442
-0.000023
0.021264
0.002260
0.041446
0.070013
0.020809
-0.064696
-0.006212
-0.023562
0.024013
-0.008683
0.121342
-0.004572
-0.034844
-0.017412
-0.062233
-0.006860
0.016457
-0.002142
0.057674
-0.049019
0.030137
0.000177
0.017944
-0.023711
-0.012566
0.014638
0.063067
-0.020201
0.008047
-0.011078
-0.048679
-0.030834
0.005236
0.016604
0.030401
0.020061
0.020014
-0.012790
-0.032343
-0.046996
0.014695
-0.022130
0.104279
-0.006445
-0.010318
-0.049735
0.003208
-0.011022
-0.061032
0.032589
0.064004
-0.002970
-0.016588
-0.027898
0.003185
-0.011238
0.040888
-0.043323
0.121723
-0.035085
-0.002211
-0.076802
-0.040141
-0.034034
-0.054639
0.014624
0.005363
-0.015678
0.060610
-0.083887
-0.014008
-0.056686
-0.009622
-0.036873
0.099025
0.048686
-0.042276
-0.028823
-0.020897
-0.076095
-0.032303
0.063597
0.061921
-0.041382
0.049625
-0.013096
-0.000809
-0.008820
-0.013377
-0.061709
0.036606
0.069005
0.013485
-0.043761
0.010373
-0.035780
-0.035769
0.023506
0.039892
-0.011197
0.034915
-0.029867
0.002748
-0.017492
-0.003028
0.038438
0.051045
0.008724
0.008728
-0.037056
-0.040771
-0.007286
-0.024420
-0.007433
0.082221
-0.019380
-0.016234
0.029633
-0.009619
-0.031993
-0.020564
-0.019101
0.104709
-0.004626
-0.008674
-0.033239
0.017956
-0.030962
-0.064009
0.070416
0.080539
-0.044602
0.101323
0.003591
-0.016254
-0.011525
0.037111
-0.014615
0.120428
-0.036943
-0.016078
0.005170
-0.057652
-0.023332
-0.034495
0.011971
0.072726
-0.046046
-0.006067
-0.023060
-0.030801
-0.038391
0.039914
-0.039725
0.084877
0.031189
-0.048247
-0.035540
-0.041505
-0.061340
-0.066741
0.021640
-0.039351
0.038859
0.064978
-0.039342
-0.009807
0.004705
0.023993
0.015468
-0.030040
0.067253
-0.042120
-0.106036
0.074142
-0.099994
0.057643
0.072322
0.234463
