0.552094
0.408297
0.273253
0.423467
0.318366
0.291521
0.232286
0.258601
0.222115
0.293777
0.342669
0.211235
0.258210
0.231943
0.213300
0.326530
0.304299
0.294886
0.237843
0.205602
0.261986
0.320172
0.237571
0.250853
0.331735
0.314489
0.307979
0.267318
0.316476
0.309988
0.316470
0.361962
0.341067
0.386038
0.408698
0.436633
0.455416
0.408668
0.474096
0.462693
0.521356
0.466627
0.586226
0.523329
0.462360
0.512472
0.572433
0.504224
0.552090
0.634659
0.584940
0.683357
0.591075
0.664847
0.557263
0.595037
0.685028
0.657180
0.638353
0.705940
0.597553
0.671450
0.692636
0.779286
0.694673
0.751812
0.737002
0.736975
0.770942
0.772589
0.685322
0.808595
0.789070
0.787270
0.825228
0.766402
0.816358
0.806846
0.752062
0.771239
0.728420
0.773594
0.806406
0.829585
0.843812
0.815790
0.812918
0.844180
0.864881
0.880712
0.860705
0.861172
0.879643
0.888937
0.865119
0.887888
0.865583
0.888918
0.914480
0.914657
0.911239
0.915792
0.875684
0.907150
0.925869
0.901540
0.869616
0.898652
0.918356
0.908662
0.909936
0.899419
0.862298
0.891501
0.933184
0.946718
0.936866
0.893757
0.896325
0.899130
0.885001
0.854953
0.893818
0.883868
0.844800
0.913071
0.874026
0.866195
0.848917
0.814083
0.851825
0.851035
0.841277
0.828639
0.778333
0.804181
0.833653
0.820165
0.807976
0.801899
0.806850
0.834441
0.843730
0.790094
0.775279
0.842112
0.808339
0.821955
0.824598
0.790075
0.824369
0.821004
0.833016
0.780384
0.800671
0.809046
0.820123
0.834412
0.797714
0.820391
0.803888
0.800665
0.831109
0.827595
0.793923
0.721091
0.733747
0.755052
0.784517
0.785263
0.814788
0.769537
0.734591
0.752421
0.738683
0.781000
0.732323
0.748338
0.750476
0.757990
0.769218
0.699150
0.584180
0.706429
0.745615
0.684868
0.655050
0.659590
0.655546
0.630659
0.617351
0.638637
0.578088
0.661111
0.629844
0.668767
0.698968
0.625810
0.535208
0.705517
0.701985
0.649531
0.668940
0.685211
0.700122
0.701848
0.665755
0.709267
0.708469
0.675499
0.744123
0.792031
0.764496
0.780596
0.775939
0.749905
0.804312
0.770493
0.692380
0.795360
0.747285
0.785201
0.782972
0.786427
0.767410
0.754518
0.750887
0.842533
0.803464
0.832042
0.783643
0.777786
0.791290
0.771724
0.807094
0.755673
0.786363
0.770525
0.789753
0.819701
0.721233
0.766626
0.779882
0.803616
0.711077
0.697850
0.622764
0.707075
0.801458
0.725017
0.661787
0.667165
0.706260
0.656851
0.647518
0.600344
0.615070
0.616333
0.577293
0.648358
0.630934
0.601965
0.542757
0.636466
0.523485
0.555523
0.488403
0.531627
0.495743
0.527625
0.490853
0.636359
0.647084
0.595798
0.530171
0.554115
0.554172
0.467126
0.581470
0.507596
0.580487
0.481899
0.400163
0.467160
0.520182
0.451460
0.475541
0.498709
0.442359
0.524463
0.548468
0.393522
0.427183
0.473558
0.450703
0.513769
0.507906
0.453090
0.460571
0.445962
0.418515
0.407062
0.414411
0.461256
0.348776
0.528150
0.471804
0.502396
0.501872
0.466905
0.532755
0.575795
0.516290
0.524624
0.374751
0.358855
0.430083
0.506552
0.459223
0.484260
0.584247
0.434070
0.429137
0.523366
0.511907
0.541004
0.477765
0.474456
0.544886
0.481001
0.445951
0.457831
0.373105
0.520267
0.511386
0.533408
0.496141
0.462996
0.454818
0.466981
0.463919
0.485430
0.555826
0.416585
0.537106
0.497868
0.438046
0.471429
0.500123
0.411697
0.486526
0.474296
0.458798
0.562813
0.527706
0.484995
0.479821
0.538111
0.521365
0.586532
0.586184
0.521509
0.500419
0.417322
0.419742
0.567190
0.536070
0.609847
0.595140
0.561267
0.590108
0.611045
0.569335
0.551847
0.575935
0.592263
0.535694
0.589299
0.534313
0.533302
0.588262
0.490002
0.545531
0.529280
0.396879
0.573843
0.556275
0.490954
0.580093
0.557879
0.504004
0.501636
0.532170
0.474675
0.510015
0.414253
0.519968
0.461769
0.491045
0.522559
0.404267
0.472794
0.422256
0.438922
0.478244
0.442714
0.458103
0.387107
0.456823
0.507869
0.448458
0.491463
0.388698
0.382653
0.449991
0.511573
0.432248
0.459690
0.469617
0.502648
0.518865
0.486243
0.472877
0.468507
0.609966
0.504988
0.486301
0.499075
0.490448
0.438335
0.482885
0.581374
0.526288
0.620951
0.544535
0.530216
0.631486
0.613929
0.598703
0.634381
0.659970
0.515384
0.456966
0.524663
0.546562
0.566791
0.633198
0.636154
0.546694
0.523563
0.517285
0.572586
0.567162
0.564428
0.502165
0.551657
0.534232
0.503978
0.565303
0.544928
0.461820
0.526820
0.451488
0.562202
0.603606
0.490912
0.495848
0.386420
0.457789
0.566181
0.415241
0.476111
0.491345
0.520645
0.459708
0.470609
0.494976
0.392969
0.468681
0.541442
0.513733
0.501789
0.469925
0.456156
0.473054
0.494488
0.411158
0.536549
0.493173
0.406022
0.439908
0.474052
0.553143
0.543968
0.401624
0.480819
0.458756
0.526101
0.600679
0.588050
0.587149
0.403744
0.492464
0.576647
0.567166
0.594807
0.546449
0.484719
0.540966
0.550728
0.519452
0.578160
0.571229
0.609458
0.677868
0.609494
0.662519
0.563147
0.463168
0.591065
0.599707
0.532850
0.646587
0.556247
0.608039
0.575146
0.571374
0.649625
0.659449
0.586022
0.609055
0.604063
0.644499
0.569672
0.558511
0.565337
0.569452
0.605330
0.638269
0.520243
0.515359
0.497835
0.532286
0.570437
0.590435
0.528589
0.582219
0.550338
0.564337
0.553971
0.500767
0.501084
0.627671
0.629178
0.571704
0.591201
0.559280
0.539617
0.534135
0.518339
0.602342
0.616503
0.704062
0.698073
0.685533
0.637914
0.617984
0.642474
0.764607
0.708642
0.631532
0.698373
0.677048
0.745769
0.720223
0.748192
0.730777
0.725616
0.791895
0.832736
0.781574
0.750576
0.711264
0.778308
0.724157
0.710041
0.742311
0.665729
0.680380
0.755932
0.742176
0.820879
0.761349
0.708755
0.771731
0.800363
0.718552
0.761167
0.715767
0.694975
0.739670
0.697680
0.648877
0.721170
0.689221
0.631293
0.687837
0.674904
0.661216
0.602358
0.636480
0.570126
0.622733
0.565301
0.555238
0.639198
0.612456
0.591373
0.662546
0.574380
0.559519
0.581645
0.638040
0.588437
0.554113
0.623054
0.626998
0.611103
0.639407
0.603530
0.567772
0.635156
0.741765
0.605487
0.667968
0.719041
0.674956
0.662124
0.601173
0.686459
0.602819
0.651662
0.723587
0.737197
0.717550
0.758457
0.782421
0.678504
0.847215
0.795842
0.670826
0.790742
0.755552
0.794323
0.817958
0.827291
0.746830
0.807829
0.831641
0.866257
0.808766
0.800615
0.692999
0.775770
0.850480
0.787301
0.773802
0.834039
0.815471
0.836427
0.795864
0.870869
0.812279
0.791920
0.824688
0.839343
0.836994
0.865890
0.806933
0.820169
0.872011
0.843729
0.828534
0.849732
0.852748
0.859995
0.839332
0.838727
0.790059
0.860583
0.882442
0.888191
0.869208
0.906703
0.873625
0.883724
0.923844
0.875120
0.834064
0.892148
0.869108
0.881871
0.893357
0.876463
0.871353
0.876967
0.892916
0.927517
0.928377
0.940598
0.900419
0.882103
0.919883
0.912802
0.896820
0.915010
0.921495
0.944719
0.919488
0.943817
0.924859
0.904322
0.903743
0.932998
0.945800
0.936110
0.852137
0.876373
0.937587
0.929117
0.884507
0.898471
0.904079
0.925822
0.903474
0.894066
0.882755
0.908891
0.907111
0.943890
0.918601
0.913978
0.855901
0.910138
0.905379
0.928531
0.908146
0.913799
0.915682
0.945053
0.901177
0.917699
0.920150
0.877574
0.909322
0.946685
0.915644
0.900385
0.875483
0.914488
0.912294
0.941473
0.908419
0.914794
0.906484
0.927144
0.915058
0.904131
0.898210
0.897699
0.916204
0.923929
0.905350
0.935127
0.895157
0.923862
0.912158
0.902440
0.852780
0.896945
0.889728
0.902063
0.882591
0.882277
0.832386
0.872200
0.892969
0.891580
0.915275
0.900709
0.881225
0.888032
0.895339
0.873171
0.850023
0.829454
0.837405
0.835407
0.835571
0.844253
0.824467
0.833441
0.872199
0.876239
0.881287
0.870059
0.810059
0.841380
0.822937
0.797737
0.816206
0.806290
0.793726
0.852290
0.784607
0.818331
0.741871
0.840128
0.844885
0.854510
0.838681
0.819570
0.786710
0.782548
0.833126
0.752312
0.747109
0.776345
0.808852
0.817941
0.809093
0.878605
0.826606
0.889415
0.880998
0.895937
0.877248
0.827152
0.805510
0.841154
0.860136
0.839122
0.804392
0.807738
0.811074
0.850098
0.847135
0.860240
0.808949
0.832528
0.865966
0.852393
0.819879
0.835671
0.785890
0.797119
0.858536
0.813232
0.769681
0.815085
0.793576
0.815229
0.795063
0.806276
0.753404
0.785819
0.797455
0.801652
0.789540
0.772985
0.753723
0.793226
0.832374
0.809065
0.787557
0.769673
0.820264
0.838037
0.794577
0.830517
0.817553
0.825409
0.819385
0.833210
0.803248
0.816935
0.787452
0.839880
0.867056
0.848351
0.796739
0.856466
0.788845
0.837637
0.800259
0.877300
0.793945
0.829957
0.868268
0.904811
0.876577
0.893828
0.808126
0.848838
0.888125
0.882286
0.825257
0.871326
0.890068
0.910124
0.878079
0.891595
0.827603
0.852886
0.885824
0.925320
0.927551
0.911226
0.872340
0.926653
0.941567
0.917641
0.915390
0.914900
0.894805
0.937563
0.922238
0.892365
0.899140
0.903726
0.940958
0.960081
0.938914
0.941731
0.924837
0.952452
0.923870
0.936255
0.930295
0.930812
0.922617
0.941298
0.932743
0.933964
0.902676
0.902113
0.935877
0.942852
0.884698
0.883640
0.898526
0.886016
0.891654
0.890621
0.835737
0.868490
0.836988
0.874219
0.821225
0.807337
0.777325
0.813593
0.840655
0.848106
0.841647
0.859099
0.827107
0.870812
0.866880
0.872555
0.856248
0.842748
0.832652
0.894070
0.883099
0.904525
0.882012
0.888320
0.923320
0.946714
0.925755
0.939971
0.918917
0.936343
0.945877
0.928164
0.879386
0.929767
0.907307
0.925941
0.919797
0.935152
0.920304
0.938424
0.939156
0.958975
0.939237
0.941559
0.934444
0.932859
0.954959
0.936697
0.902442
0.962515
0.941094
0.954727
0.945187
0.940621
0.910629
0.850718
0.863237
0.907166
0.890937
0.898488
0.897022
0.900063
0.920167
0.831445
0.873282
0.876933
0.847171
0.755303
0.785202
0.277178
