0.596549
0.584199
0.483791
0.617420
0.582438
0.499666
0.466791
0.473532
0.637466
0.520510
0.440565
0.379721
0.374557
0.453300
0.481898
0.496412
0.493054
0.418217
0.405899
0.397403
0.424450
0.431022
0.429919
0.498355
0.455497
0.388028
0.450157
0.456995
0.473595
0.459268
0.496215
0.534387
0.494245
0.476323
0.502426
0.507712
0.449599
0.480913
0.499062
0.433056
0.578297
0.566872
0.475543
0.453487
0.401453
0.425220
0.400688
0.488862
0.395866
0.538438
0.491538
0.379263
0.466993
0.511141
0.514342
0.465102
0.578087
0.379927
0.351647
0.436253
0.354964
0.339114
0.396625
0.432180
0.396236
0.454131
0.419044
0.465782
0.373590
0.442613
0.377432
0.420396
0.506550
0.297319
0.314506
0.351520
0.320939
0.272473
0.347595
0.410599
0.398265
0.348268
0.322181
0.302894
0.383410
0.409178
0.382334
0.321785
0.464931
0.335566
0.247473
0.366935
0.308050
0.270829
0.325528
0.374996
0.294901
0.276984
0.283560
0.208382
0.238349
0.279484
0.283031
0.292905
0.262895
0.206554
0.309578
0.319278
0.250496
0.288141
0.303825
0.378343
0.248688
0.275128
0.221703
0.314122
0.302417
0.300318
0.250227
0.315675
0.412293
0.334624
0.252858
0.349953
0.192524
0.257275
0.300555
0.321711
0.229843
0.271079
0.246334
0.296593
0.245606
0.259696
0.315036
0.340019
0.361778
0.265648
0.294528
0.254146
0.159838
0.255770
0.335765
0.339955
0.304058
0.264930
0.216711
0.345706
0.209441
0.301335
0.221330
0.261165
0.269608
0.151534
0.266758
0.272902
0.152167
0.120161
0.173397
0.269331
0.204925
0.255942
0.294076
0.306591
0.302032
0.283747
0.271642
0.304967
0.298810
0.158826
0.178567
0.233342
0.287064
0.220169
0.248703
0.326201
0.308370
0.294054
0.305992
0.314640
0.188651
0.323249
0.328551
0.301738
0.222003
0.216056
0.201661
0.334986
0.329083
0.185037
0.268177
0.298476
0.203271
0.272106
0.253090
0.142803
0.266586
0.243731
0.107581
0.233548
0.243242
0.286055
0.154704
0.174244
0.168551
0.107065
0.162428
0.108126
0.174626
0.157461
0.094920
0.079817
0.180390
0.207669
0.144853
0.133303
0.246163
0.137503
0.107571
0.164016
0.129715
0.173122
0.157180
0.258369
0.237272
0.406471
0.265376
0.247926
0.249338
0.319484
0.207737
0.323040
0.444848
0.226592
0.323103
0.300150
0.281186
0.277751
0.313397
0.399719
0.403951
0.334614
0.359611
0.390645
0.398844
0.440912
0.463916
0.429055
0.539678
0.427416
0.349629
0.457901
0.361796
0.372335
0.450733
0.505516
0.401717
0.450802
0.401663
0.395213
0.313155
0.453581
0.391559
0.355993
0.424358
0.426281
0.404069
0.358890
0.378552
0.302542
0.343125
0.332635
0.453223
0.271848
0.403373
0.343054
0.405171
0.365910
0.318108
0.404843
0.400006
0.367425
0.342694
0.352272
0.280707
0.311167
0.352500
0.407780
0.279261
0.400171
0.399885
0.365507
0.329591
0.361654
0.363871
0.374677
0.394782
0.317046
0.368508
0.386049
0.386136
0.407760
0.486930
0.526858
0.443716
0.471274
0.458113
0.439125
0.367998
0.521724
0.461610
0.418338
0.511715
0.456653
0.464581
0.511173
0.488994
0.456929
0.502308
0.519987
0.351735
0.519536
0.523002
0.587146
0.521036
0.475319
0.426004
0.495106
0.565298
0.520891
0.602724
0.553564
0.525025
0.575095
0.626557
0.568009
0.571459
0.496287
0.532712
0.659842
0.634057
0.617144
0.537160
0.664293
0.592044
0.575323
0.637197
0.624365
0.594775
0.692181
0.632117
0.667346
0.602809
0.644844
0.650661
0.665561
0.558444
0.552284
0.569590
0.542638
0.646723
0.643877
0.563435
0.531483
0.571203
0.635204
0.585704
0.554410
0.571230
0.538011
0.527831
0.584769
0.573859
0.559503
0.453792
0.475507
0.534977
0.505397
0.452721
0.448010
0.491504
0.405362
0.365793
0.420686
0.396350
0.381662
0.322086
0.298305
0.410204
0.356532
0.346382
0.356657
0.400633
0.331499
0.316930
0.265578
0.279061
0.375722
0.363334
0.360122
0.409956
0.316278
0.265452
0.261153
0.259255
0.290364
0.235105
0.240170
0.364906
0.232833
0.242505
0.285378
0.237714
0.148344
0.335220
0.285183
0.120275
0.286706
0.250105
0.312450
0.299869
0.253213
0.266698
0.181518
0.188059
0.261051
0.178369
0.168635
0.210084
0.140989
0.169597
0.184643
0.176028
0.183239
0.151683
0.153640
0.159597
0.166971
0.193031
0.196584
0.110816
0.189457
0.168458
0.174151
0.191659
0.072991
0.161793
0.187662
0.208864
0.187530
0.132801
0.131160
0.162188
0.205117
0.134008
0.220258
0.202308
0.134483
0.086181
0.170962
0.200187
0.078615
0.084293
0.229854
0.113091
0.201192
0.138521
0.181977
0.104577
0.143186
0.106286
0.154734
0.125252
0.081117
0.159208
0.169055
0.137616
0.115162
0.096017
0.124793
0.130779
0.185936
0.136599
0.157257
0.091470
0.199036
0.210823
0.072270
0.305381
0.163157
0.061653
0.152255
0.111386
0.172944
0.161462
0.138967
0.207642
0.156746
0.060471
0.106044
0.177602
0.259695
0.156521
0.123451
0.237665
0.156803
0.098548
0.108143
0.161113
0.082031
0.099939
0.104521
0.171870
0.123867
0.039895
0.101879
0.092109
0.110074
0.107115
0.213450
0.196900
0.116398
0.051558
0.196422
0.086662
0.094894
0.112863
0.226948
0.152421
0.181151
0.166917
0.176145
0.127811
0.117154
0.161589
0.218135
0.266820
0.140965
0.085611
0.204919
0.164830
0.140385
0.063908
0.230195
0.163051
0.195241
0.194970
0.157905
0.168236
0.224998
0.283439
0.127697
0.245063
0.173840
0.131888
0.167035
0.227067
0.198061
0.161941
0.275205
0.253046
0.255283
0.200774
0.246885
0.241857
0.214288
0.221618
0.251697
0.281752
0.221674
0.156563
0.184548
0.176066
0.234851
0.168624
0.217314
0.223580
0.243545
0.196524
0.268336
0.146224
0.177405
0.240202
0.184891
0.097447
0.176034
0.303998
0.179899
0.252098
0.230204
0.173651
0.242449
0.165159
0.307290
0.204645
0.232689
0.127729
0.258600
0.114814
0.206330
0.310318
0.257073
0.194553
0.196155
0.142149
0.225720
0.162857
0.224935
0.184135
0.250541
0.170351
0.206786
0.155751
0.234785
0.186566
0.161197
0.306401
0.223226
0.165159
0.217589
0.217854
0.220587
0.238995
0.202887
0.281664
0.236843
0.173542
0.214264
0.206720
0.226301
0.223038
0.258157
0.167328
0.236808
0.181488
0.198474
0.246792
0.116904
0.232661
0.186184
0.104490
0.228011
0.227041
0.167168
0.159368
0.178557
0.132822
0.146450
0.112605
0.143428
0.150776
0.179292
0.259579
0.096719
0.183427
0.209059
0.189890
0.192947
0.126555
0.178391
0.135453
0.155155
0.143453
0.183724
0.101579
0.127317
0.105684
0.122222
0.123490
0.100712
0.160225
0.130328
0.110090
0.139541
0.096611
0.082178
0.138593
0.127895
0.073858
0.157102
0.153086
0.067139
0.099424
0.082649
0.109152
0.132234
0.134932
0.120403
0.231246
0.156142
0.058286
0.078790
0.204186
0.149750
0.071868
0.205472
0.161457
0.131327
0.118563
0.084359
0.154315
0.126524
0.185732
0.209940
0.126978
0.122509
0.095062
0.159000
0.128336
0.124000
0.129732
0.156615
0.135547
0.045980
0.191293
0.119100
0.062877
0.077105
0.149115
0.217304
0.085608
0.145894
0.108888
0.100872
0.138132
0.141307
0.156444
0.207441
0.184132
0.162426
0.204203
0.141471
0.155719
0.190902
0.188786
0.267262
0.270652
0.233143
0.225895
0.238794
0.093188
0.185883
0.212598
0.190043
0.181939
0.176452
0.223171
0.180193
0.164899
0.144109
0.205660
0.269805
0.229419
0.207723
0.167684
0.191033
0.091977
0.144491
0.080758
0.186464
0.286891
0.100066
0.241470
0.230650
0.046356
0.087501
0.145543
0.141227
0.055322
0.183713
0.103644
0.081506
0.077066
0.100097
0.174296
0.130831
0.088056
0.122310
0.023540
0.144938
0.099721
0.041074
0.018245
0.102167
0.153726
0.169914
0.126085
0.147827
0.145850
0.221810
0.253922
0.112422
0.322849
0.205089
0.070338
0.160027
0.176787
0.154582
0.151917
0.242117
0.191362
0.299392
0.231894
0.307889
0.234846
0.249560
0.241159
0.323696
0.298348
0.252191
0.301770
0.291139
0.220498
0.228347
0.257928
0.325390
0.271039
0.300674
0.257418
0.242945
0.235843
0.274582
0.247144
0.263217
0.269593
0.244906
0.217942
0.257655
0.169082
0.178256
0.188897
0.279000
0.214527
0.246985
0.176068
0.235830
0.259186
0.350253
0.137314
0.192071
0.421102
0.155267
0.176406
0.210889
0.218254
0.107876
0.138009
0.200819
0.250647
0.189374
0.117448
0.069040
0.128308
0.255495
0.206645
0.124904
0.278122
0.166960
0.103703
0.173318
0.068894
0.113152
0.096779
0.163752
0.137004
0.176885
0.081949
0.101164
0.169203
0.123485
0.120444
0.160288
0.119620
0.138481
0.138408
0.061955
0.089898
0.044036
0.156788
0.120176
0.087802
0.099538
0.057900
0.067585
0.036631
0.130791
0.072429
0.112024
0.125114
0.077373
0.063608
0.067614
0.018469
0.024504
0.086936
0.126543
0.056328
0.132960
0.051875
0.116590
0.059640
0.045748
0.071219
0.155363
0.039173
0.043960
0.013272
0.088628
0.132457
0.034102
0.121767
0.070965
0.099589
0.116172
0.073480
0.098948
0.121758
0.066218
0.009332
0.066175
0.164094
0.071062
0.054184
0.103940
0.120834
0.083895
0.045406
0.130384
0.201861
0.122225
0.082456
0.140374
0.071565
0.104189
0.157141
0.152001
0.116978
0.039883
0.098484
0.084319
0.168299
0.066471
0.116044
0.154293
0.189359
0.240125
0.143762
0.187153
0.193351
0.138062
0.175947
0.152865
0.218138
0.139075
0.176322
0.145960
0.190553
0.119687
0.112901
0.186776
0.263258
0.209955
0.300063
0.232203
0.239022
0.217593
0.243200
0.235545
0.351002
0.246060
0.296488
0.327411
0.374065
0.298475
0.308292
0.428038
0.348087
0.440595
0.461652
0.439265
0.456217
0.490380
0.433558
0.456275
0.595661
0.530693
0.526453
0.481189
0.528883
0.576708
0.445925
0.531182
0.595190
0.498861
0.528487
0.514117
0.517908
0.527224
0.576286
0.543111
0.537753
0.476726
0.556303
0.557545
0.576524
0.587878
0.602526
0.677531
0.647161
0.533846
0.647138
0.608596
0.536592
0.650558
0.691281
0.631410
0.827748
0.624619
0.633146
0.703915
0.719304
0.592550
0.546233
0.265176
