0.504229
0.193583
-0.025663
0.078461
-0.050832
0.052880
-0.047907
0.024534
0.054075
0.067753
0.020971
-0.022942
0.077237
-0.001713
0.019355
0.092096
0.035849
0.042704
-0.001470
0.039579
0.047173
0.031740
-0.010312
0.108804
0.071192
0.061339
0.016812
-0.003359
-0.027381
0.032353
0.009217
0.051131
0.035201
0.056983
0.000723
0.055544
-0.021028
0.030181
0.008547
0.105692
0.000842
0.076558
0.059906
-0.056996
-0.012078
0.007127
0.036379
0.051720
0.011112
0.035562
0.024262
0.008480
0.030062
0.044766
-0.005087
0.116905
0.001581
-0.003824
0.016246
0.022871
0.075057
0.021624
-0.029212
0.054395
0.039567
0.068246
-0.018636
0.031944
0.079281
0.049184
-0.030369
0.130037
0.044412
0.044315
-0.033310
0.047727
0.039345
-0.004936
0.012490
0.087344
-0.000067
0.080720
0.004911
0.013370
0.105766
0.077152
-0.009539
0.088731
0.076347
0.031091
0.034954
-0.002080
0.059365
0.012714
0.047549
0.078527
0.014285
0.017033
0.040897
0.056801
0.028755
0.116490
0.002749
0.098546
0.079702
0.104202
0.049527
0.019956
0.061284
0.000823
0.056603
0.032127
0.152953
0.111667
-0.001746
0.075028
0.057600
0.170044
0.042658
0.076462
0.148874
0.070161
0.010653
0.061509
0.034065
0.064942
0.094954
0.113959
0.108804
0.179764
0.058726
0.144742
0.129454
0.120637
0.076583
0.141868
0.239141
0.118689
0.080769
0.118817
0.118268
0.061499
0.113620
0.131090
0.190376
0.166624
0.130574
0.119598
0.101543
0.165623
0.177931
0.116373
0.182528
0.144443
0.116575
0.154872
0.088507
0.105521
0.076489
0.210245
0.142462
0.289309
0.204908
0.185877
0.196530
0.151649
0.260489
0.143525
0.184062
0.233161
0.265352
0.254899
0.096091
0.158522
0.268246
0.205419
0.105175
0.236119
0.147599
0.229109
0.180673
0.272129
0.211821
0.174321
0.285349
0.215589
0.238503
0.148074
0.206202
0.195504
0.154342
0.241630
0.228498
0.131351
0.103247
0.093562
0.101519
0.215627
0.224282
0.218672
0.121602
0.059567
0.046261
0.088261
0.053940
0.064833
0.085396
0.110138
0.100331
0.149753
0.066728
0.083441
0.074985
0.068982
0.147089
0.132343
0.029186
0.056440
0.120925
0.065722
0.057253
0.064335
0.054709
0.077970
0.094570
0.050128
0.062727
0.086262
0.040757
0.096413
0.044182
0.148482
0.074720
-0.016456
0.000565
0.099347
0.117528
0.025427
0.041123
0.160716
0.066368
0.082154
0.094232
0.053423
0.086418
0.054127
0.022260
0.091541
0.109528
0.009898
0.065626
-0.009415
-0.005398
0.068635
0.041077
0.101570
0.041515
0.059799
0.022241
0.038314
0.001368
0.019955
0.100870
0.111420
0.073972
-0.005414
0.069128
0.032928
0.023693
0.012757
0.026137
0.107133
0.055394
0.025225
0.017627
-0.010319
0.002169
0.097224
-0.013074
0.119287
0.045712
-0.002076
0.078348
0.026305
0.021929
-0.000273
0.093193
0.063492
0.061943
0.080019
-0.019920
0.031393
0.049170
0.024129
0.077208
0.124534
-0.007506
0.029329
-0.039241
0.029009
0.048395
0.036231
-0.005973
0.070645
0.047740
0.067148
0.042097
0.066802
0.047627
0.039117
0.035799
0.128656
-0.001362
0.027735
0.042342
0.068245
0.006225
0.065108
0.054942
0.059543
0.147631
0.034240
-0.056767
0.020720
0.077714
0.096885
0.116481
0.149201
0.107514
0.103499
0.038389
0.085058
0.060219
0.028907
0.089149
0.149834
0.118430
0.162811
0.170472
0.110597
0.070214
0.187031
0.147477
0.145347
0.229693
0.155043
0.108846
0.220063
0.141693
0.084291
0.176292
0.134908
0.084614
0.157178
0.120085
0.060564
0.167513
0.234291
0.217916
0.154241
0.198839
0.181003
0.099736
0.146148
0.171345
0.107827
0.156065
0.151372
0.182772
0.225591
0.126441
0.112357
0.143037
0.149063
0.131796
0.217758
0.022422
0.097945
0.116391
0.120732
0.137852
0.031292
0.128455
0.107476
0.099958
0.130936
0.039676
0.052820
0.090800
0.111083
0.072816
0.140292
0.067151
0.096102
0.079810
0.044246
0.095634
-0.019626
0.100258
0.122701
-0.005894
0.125361
0.116140
0.074536
0.142565
0.058074
0.145262
0.113462
0.057817
0.103253
0.064114
0.072017
0.063073
0.060251
0.100969
0.096054
0.118098
0.175268
0.026913
0.145096
0.215119
0.118569
0.035202
0.208393
0.146710
0.101328
0.076014
0.109633
0.084990
0.111559
0.102859
0.191187
0.291021
0.164011
0.104808
0.149349
0.114149
0.177070
0.173955
0.210659
0.245204
0.095666
0.063750
0.175594
0.121522
0.128511
0.169254
0.150198
0.145015
0.132365
0.094619
0.105444
0.117696
0.179760
0.171221
0.073934
0.254636
0.108370
0.095552
0.151646
0.082283
0.071469
0.151823
0.145719
0.128827
0.158671
0.088646
0.053206
0.134180
0.208744
0.201948
0.156326
0.154758
0.118156
0.060284
0.073290
0.085351
0.045996
0.086565
0.139761
0.053057
0.176541
0.171028
0.131043
0.144804
0.225396
0.243169
0.162362
0.222750
0.110550
0.091046
0.144440
0.233780
0.096369
0.183800
0.251356
0.177603
0.169805
0.131020
0.212730
0.182117
0.229015
0.170558
0.182077
0.202388
0.105898
0.023441
0.144334
0.172186
0.103181
0.140741
0.182509
0.214297
0.196330
0.090074
0.148946
0.098306
0.115983
0.087039
0.232230
0.151886
0.084437
0.112452
0.207917
0.138584
0.082403
0.169526
0.120368
0.101581
0.098121
0.072168
0.088621
0.148808
0.208617
0.183178
0.101447
0.079877
0.074887
0.201825
0.087033
0.088601
0.068606
0.147904
0.116336
0.150416
0.199732
0.130156
0.118579
0.181796
0.132887
0.115367
0.100701
0.202677
0.130784
0.112071
0.150366
0.046327
0.071260
0.118336
0.180036
0.073827
0.146245
0.116171
0.137650
0.061384
0.160914
0.082898
0.130828
0.116914
0.132901
0.110885
-0.017155
0.125346
0.106105
0.170172
0.170333
0.176812
0.179550
0.126391
0.126556
0.037696
0.132495
0.088897
0.146414
0.099385
0.054028
0.131469
0.075607
0.049323
0.008940
0.151198
0.136069
0.059062
0.162966
0.081421
0.056479
0.064517
0.076743
0.026992
0.170103
0.108889
0.076966
0.157391
0.082307
0.112466
0.103326
0.123236
0.110427
0.181604
0.185146
0.114937
0.104122
0.122435
0.144169
0.125654
0.179069
0.224922
0.110336
0.167883
0.111021
0.102911
0.077395
0.177796
0.134557
0.068398
0.193711
0.152054
0.138502
0.134064
0.191850
0.225080
0.123913
0.157057
0.078084
0.171212
0.182715
0.173583
0.121503
0.131513
0.210616
0.238681
0.235673
0.234633
0.208493
0.189085
0.328415
0.319262
0.213537
0.315033
0.174496
0.224494
0.234931
0.286086
0.177460
0.206874
0.320743
0.262109
0.292319
0.243222
0.282670
0.252002
0.290071
0.282991
0.318826
0.304914
0.213056
0.156211
0.263667
0.114821
0.213224
0.169089
0.287726
0.277147
0.287402
0.217026
0.215456
0.206876
0.233324
0.232088
0.154020
0.255017
0.145340
0.180843
0.187663
0.149745
0.154953
0.198171
0.218918
0.167907
0.245332
0.136683
0.189931
0.137705
0.180851
0.077716
0.212004
0.095907
0.193703
0.118002
0.123627
0.172178
0.126997
0.115294
0.094919
0.209370
0.097713
0.033656
0.126119
0.141198
0.099440
0.101811
0.113453
0.180519
0.124350
0.023785
0.118136
0.114247
0.065581
0.075232
0.183240
0.098795
0.155010
0.096407
0.091876
0.009800
0.166993
0.089655
0.122485
0.211436
0.046785
0.052143
0.106012
0.070362
0.067834
0.061138
0.070113
0.142380
0.084284
-0.019415
0.002377
0.026180
0.118616
0.111250
0.136227
0.119200
0.086254
0.031730
0.049576
0.088015
0.084341
0.036065
0.065464
0.163298
0.059445
0.132378
0.082388
0.015582
0.130035
0.192637
0.103766
0.094569
0.098789
0.086894
0.083618
0.092458
0.028885
0.119773
0.128933
0.127149
0.096898
0.060448
0.144231
0.083686
0.226308
0.171944
0.108777
0.138444
0.113663
0.068879
0.017900
0.069883
0.058372
0.067332
0.099656
0.130596
0.088828
0.060148
0.025541
0.030874
0.070186
0.098845
0.053080
0.200113
0.091264
-0.017389
0.084170
0.044327
-0.017306
0.073203
0.100887
-0.002165
0.111684
0.063944
0.015021
0.148137
0.026426
0.045649
0.076882
0.049009
0.014235
-0.019702
0.027205
0.018037
0.006092
0.017885
0.050356
0.029154
0.052379
0.027725
-0.005991
-0.016267
0.066193
0.014547
0.088438
0.066569
0.043819
0.045345
-0.052080
-0.032704
0.060525
-0.025973
0.061703
0.026570
0.115214
0.032874
0.066889
0.031878
0.133908
0.074560
0.071411
0.067198
0.104532
0.062977
0.012390
0.099397
0.012130
0.042866
0.138750
0.073598
0.085370
0.031944
0.110546
0.063719
0.084616
0.124848
0.085098
0.135748
0.087467
0.014529
0.097684
0.075299
0.080991
0.151390
0.130508
0.078894
0.067247
0.053014
0.157568
0.060302
0.026466
0.038253
0.150192
0.066903
0.126372
0.067378
0.072286
0.064349
0.041784
0.049176
0.179258
0.075632
0.082728
0.061916
0.081514
0.109948
0.114245
0.052865
0.170302
0.042903
0.018089
0.041252
0.055395
0.081304
0.074831
0.105088
0.087785
0.164336
0.047348
0.019920
0.075467
0.073015
0.095480
0.043105
0.102634
0.156667
0.114332
0.064325
0.026577
0.080258
0.044842
0.106310
0.112931
0.098292
0.114137
0.052864
0.083003
0.123453
0.049443
0.084509
0.075259
0.079572
0.110122
0.065373
0.074102
0.038282
0.071562
0.097806
0.089489
0.093953
0.083284
0.030171
0.057940
0.093944
0.090952
0.062204
0.154357
0.066129
0.140188
0.015104
0.024025
0.038387
0.039485
0.062232
0.103052
0.115559
0.159559
0.014981
0.095549
0.109630
0.061542
0.091228
0.166573
0.037718
0.029784
0.107311
0.078645
0.123778
0.043874
0.123205
0.066472
0.159535
0.073127
-0.024924
0.124894
0.090818
0.109635
-0.023153
0.085291
0.099247
0.038814
0.072005
0.023259
-0.004011
0.045126
0.138259
0.055120
0.052570
0.083682
-0.002374
0.030831
0.066798
0.071671
0.018775
0.120866
0.032838
-0.018879
-0.009875
0.005751
0.052336
0.000352
0.052902
0.029697
0.059741
0.067250
-0.014001
0.025812
0.127276
0.027374
0.080933
0.067861
0.058195
0.056865
0.014574
0.002474
0.035985
-0.017545
0.013650
0.062932
0.058767
0.043776
0.047793
0.031795
0.089624
0.078560
0.001636
-0.104343
0.253107
0.017398
-0.048761
0.158297
0.007425
0.184305
0.179001
0.254752
