0.651015
0.733861
0.681790
0.846764
0.814499
0.828522
0.764697
0.832600
0.876650
0.754496
0.650521
0.667291
0.650258
0.723627
0.735268
0.761276
0.763966
0.763892
0.807436
0.830801
0.807118
0.827578
0.772905
0.760429
0.762658
0.792135
0.752378
0.727572
0.754859
0.765796
0.838872
0.833609
0.782848
0.739052
0.813104
0.781009
0.790222
0.822869
0.805025
0.782416
0.819152
0.773992
0.731138
0.754567
0.771467
0.732228
0.774128
0.760753
0.780477
0.761378
0.799225
0.822718
0.821685
0.757032
0.732451
0.752932
0.745287
0.755570
0.739208
0.684776
0.680358
0.761553
0.747491
0.714825
0.718390
0.651198
0.702404
0.609558
0.672076
0.663452
0.547332
0.542639
0.649688
0.581215
0.628940
0.554545
0.506035
0.552481
0.568730
0.577652
0.479043
0.558328
0.523786
0.559960
0.461119
0.414574
0.442184
0.479600
0.462322
0.412239
0.502312
0.474647
0.462073
0.510345
0.512310
0.510570
0.478194
0.481846
0.444884
0.474544
0.420782
0.512067
0.478114
0.496957
0.523566
0.466226
0.440891
0.443495
0.482856
0.444051
0.443001
0.546575
0.519324
0.476990
0.480628
0.436719
0.405430
0.437838
0.556252
0.425806
0.522450
0.489673
0.376261
0.480719
0.420635
0.396673
0.400791
0.457593
0.428760
0.411381
0.457163
0.400905
0.419503
0.422459
0.396959
0.368071
0.450387
0.379197
0.405779
0.379682
0.377805
0.335034
0.395951
0.426051
0.382203
0.434600
0.381247
0.346311
0.368943
0.398484
0.377672
0.473104
0.455547
0.362023
0.379821
0.312459
0.295996
0.306458
0.355029
0.359467
0.358453
0.420794
0.295867
0.382277
0.392000
0.382926
0.404273
0.336352
0.376022
0.272929
0.287679
0.346633
0.327054
0.253949
0.378892
0.500675
0.310245
0.476376
0.367751
0.354248
0.425128
0.444533
0.409005
0.508947
0.466689
0.434264
0.527604
0.374347
0.372344
0.395931
0.458337
0.371830
0.516255
0.451849
0.416349
0.365885
0.489587
0.474210
0.382599
0.416154
0.504894
0.428599
0.345751
0.485898
0.380549
0.383469
0.378767
0.429178
0.328568
0.484463
0.437549
0.458296
0.338662
0.350679
0.348219
0.363659
0.457535
0.354184
0.391754
0.390733
0.331628
0.314406
0.397413
0.349114
0.292970
0.322930
0.288404
0.285673
0.349343
0.302227
0.235083
0.267943
0.414274
0.346775
0.264266
0.326634
0.263964
0.265868
0.249756
0.365625
0.311729
0.382731
0.330988
0.332830
0.338862
0.272081
0.185552
0.315903
0.326203
0.320132
0.293520
0.296889
0.237739
0.309033
0.303542
0.363457
0.365805
0.283751
0.270849
0.237324
0.267314
0.304971
0.277300
0.236095
0.366993
0.292834
0.315711
0.343514
0.231305
0.245701
0.246815
0.379146
0.268923
0.350376
0.339942
0.314159
0.401228
0.345319
0.397773
0.405405
0.403753
0.315220
0.318333
0.317739
0.328977
0.284214
0.337101
0.368302
0.364120
0.291827
0.331614
0.338583
0.258744
0.330996
0.270336
0.344144
0.323898
0.224197
0.236646
0.243681
0.300145
0.223847
0.276528
0.290680
0.376537
0.269991
0.284053
0.244091
0.238566
0.328780
0.305096
0.340490
0.222324
0.251398
0.223548
0.272389
0.317834
0.183024
0.214520
0.286668
0.193811
0.288549
0.207545
0.181405
0.176194
0.286100
0.230078
0.249153
0.282872
0.222070
0.267250
0.221774
0.175834
0.153072
0.266472
0.254943
0.270388
0.179037
0.145644
0.167828
0.112431
0.187926
0.168320
0.207710
0.121737
0.104287
0.168212
0.182534
0.167369
0.089601
0.208849
0.231792
0.150251
0.245776
0.185034
0.195989
0.098126
0.157134
0.244463
0.199646
0.122480
0.182036
0.141527
0.162189
0.145758
0.141729
0.156995
0.068717
0.234869
0.116198
0.027723
0.184849
0.142105
0.073748
0.066465
0.127253
0.139113
0.080020
0.018105
0.117928
0.113934
0.104118
0.159072
0.149815
0.074874
0.072639
0.054160
0.098524
0.143936
0.169399
0.114202
0.123494
0.188923
0.109971
0.062612
0.088579
0.070520
0.127343
0.081199
0.169936
0.147893
0.196157
0.103154
0.142883
0.123855
0.125727
0.060377
0.101754
0.191416
0.104073
0.228209
0.091928
0.035231
0.031067
0.106334
0.159752
0.121981
0.163751
0.096991
0.054157
0.058033
0.173590
0.147622
0.110779
0.189098
0.104467
0.114595
0.089728
0.104837
0.076845
0.195139
0.132742
0.094158
0.172084
0.079445
0.063002
0.215676
0.171628
0.064505
0.115109
0.149203
0.103294
0.035918
0.052491
0.083813
0.077198
0.107793
0.147765
0.117601
0.104524
0.024430
0.102818
0.095860
0.121785
0.107529
0.090277
0.168039
0.174664
0.014536
0.130450
0.035430
0.079526
0.102744
0.124300
0.051630
0.152471
0.076516
0.137526
0.078738
0.125240
-0.004215
0.153882
0.087031
0.102597
0.089959
0.062058
0.055788
0.056768
0.093073
0.115137
0.146136
0.116577
0.045402
0.154607
0.151070
0.135805
0.129626
0.148710
0.078289
0.082371
0.125718
0.135097
0.163419
0.045759
0.145052
0.155833
0.162800
0.116837
0.065739
0.118047
0.068641
0.185725
0.028177
0.175949
0.124460
0.118840
0.065506
0.110239
0.131898
0.070474
0.041291
0.087747
0.132114
0.131587
0.028870
-0.010400
0.065814
0.042722
0.090373
0.135244
0.035433
0.034231
0.045878
0.039361
0.014111
-0.025057
0.084053
0.094794
0.046650
0.078728
0.044170
0.049216
0.012840
0.062299
0.075304
0.093750
0.076250
0.000208
0.010677
0.021443
-0.003390
0.021160
0.012001
0.054733
0.043032
0.063366
0.009587
0.035691
-0.024232
0.071387
-0.022687
0.116474
0.047307
-0.005430
0.014448
0.005624
-0.007638
-0.064382
0.052088
0.034193
0.023295
0.068329
0.020244
0.027658
0.011356
0.038248
0.023429
0.080594
0.061132
0.060916
0.005414
-0.030920
0.043684
0.048650
-0.004197
0.083679
0.063665
0.087231
0.014505
0.030739
0.016623
0.091251
0.044690
0.122311
0.065687
0.039430
0.069577
-0.027442
0.006415
-0.054215
0.081915
0.081648
0.049482
0.092446
-0.012199
0.065546
0.058324
0.028908
0.000070
0.126518
0.049817
0.040662
-0.005020
0.044841
0.050293
-0.016285
0.016926
0.071769
0.078574
0.068638
0.066234
0.029288
0.029225
0.123698
-0.021739
0.104911
0.114150
0.072719
0.048282
0.046082
0.044239
0.060759
0.002754
0.019940
0.188551
0.121196
-0.004557
0.061951
0.050045
0.136273
0.111485
0.095317
0.108563
0.041926
0.042552
0.098603
0.156214
-0.003329
0.042160
0.128695
0.160691
0.081472
0.015963
0.102090
0.091442
0.123160
0.029420
0.113780
0.087530
0.023863
0.051457
0.078176
0.149084
0.028486
0.155515
0.105132
0.068719
0.092688
0.023724
0.081021
0.048705
0.039064
0.093299
0.105858
0.084897
0.035249
0.122985
0.018480
-0.023432
0.100003
0.064115
0.092954
0.089204
0.043181
0.000950
0.110735
0.007106
0.109786
0.074984
0.109516
0.137162
0.041610
0.063555
0.018317
0.001050
0.031049
0.044720
0.102257
0.080482
0.068854
0.022057
0.048898
0.059788
0.073637
0.137733
0.089589
0.136075
0.106610
0.012225
0.155514
0.048712
0.012081
0.063240
0.137336
0.149387
0.161570
0.025991
0.143035
0.052540
0.106837
0.111290
0.126975
0.097024
0.041933
0.061736
0.102073
0.077335
0.051733
0.047553
0.139633
0.123247
0.104257
0.077585
0.087643
0.099690
0.156710
0.191852
0.138150
0.113796
0.103239
0.077805
0.071731
0.163135
0.053664
0.076524
0.128453
0.139742
0.179341
0.072822
0.066688
0.141087
0.151839
0.091049
0.166030
0.057027
0.039082
0.117547
0.086489
0.069995
0.162216
-0.029462
0.112834
0.089413
0.205486
0.242288
0.103990
0.111650
0.107194
0.099798
0.135133
0.106152
0.089539
0.160767
0.128291
0.133326
0.085333
0.204508
0.176248
0.099194
0.198243
0.173558
0.145537
0.142880
0.160938
0.163836
0.177444
0.202944
0.143065
0.115550
0.234924
0.201989
0.128305
0.129216
0.276497
0.168160
0.315159
0.297670
0.244776
0.301534
0.370433
0.331954
0.262433
0.274521
0.182639
0.229935
0.245309
0.216257
0.255895
0.270988
0.364001
0.297206
0.287221
0.250133
0.271857
0.275150
0.336915
0.284541
0.271056
0.294186
0.198595
0.208563
0.266246
0.248278
0.250696
0.144959
0.301010
0.234018
0.316744
0.303323
0.258429
0.258787
0.294962
0.268827
0.261439
0.196091
0.205634
0.258412
0.179482
0.257570
0.240187
0.244543
0.197898
0.220399
0.296178
0.250176
0.300537
0.346761
0.329205
0.372471
0.315675
0.328803
0.304081
0.309614
0.277310
0.318249
0.271529
0.366479
0.462594
0.388391
0.439454
0.423373
0.395144
0.422337
0.495335
0.438578
0.426203
0.456274
0.470580
0.510196
0.484071
0.477540
0.534586
0.504377
0.617755
0.573520
0.509127
0.596337
0.665716
0.599353
0.607148
0.622180
0.605457
0.607231
0.629557
0.590478
0.591567
0.664065
0.623658
0.636445
0.679183
0.634459
0.639369
0.653357
0.682057
0.594043
0.630997
0.650931
0.605654
0.656773
0.673219
0.627793
0.686191
0.671105
0.651038
0.701223
0.727817
0.701306
0.694406
0.663314
0.713499
0.673411
0.694839
0.645934
0.653536
0.687352
0.621892
0.608770
0.610795
0.553135
0.602562
0.596211
0.657336
0.545876
0.567510
0.591628
0.524011
0.501587
0.508349
0.466800
0.467511
0.542346
0.438793
0.405357
0.482833
0.460034
0.434647
0.417521
0.462923
0.437404
0.373165
0.331483
0.386564
0.346445
0.368147
0.333673
0.297336
0.417622
0.206584
0.289638
0.265941
0.230023
0.227146
0.262182
0.234818
0.249510
0.291011
0.248592
0.252692
0.260931
0.322112
0.365989
0.298435
0.283294
0.296011
0.329428
0.235893
0.238597
0.255271
0.283011
0.375093
0.350785
0.353001
0.340769
0.310841
0.335703
0.311405
0.333578
0.422704
0.368010
0.222470
0.402582
0.360697
0.271864
0.366970
0.345600
0.357925
0.342649
0.333406
0.362579
0.310322
0.271961
0.296586
0.331102
0.320779
0.260272
0.285761
0.264484
0.237728
0.265453
0.250974
0.247228
0.159488
0.428957
0.213857
0.152924
0.193275
0.198991
0.270217
0.249591
0.220336
0.170762
0.148304
0.104564
0.152065
0.190198
0.112845
0.076262
0.124050
0.257506
0.195192
0.157123
0.189558
0.159359
0.215287
0.187272
0.195993
0.458136
0.166654
0.213897
0.375472
0.289719
0.328969
0.330018
0.257204
