0.639488
0.829469
0.808018
0.924567
0.894863
0.924687
0.852967
0.903646
0.934263
0.906407
0.893219
0.908554
0.906697
0.922816
0.941635
0.939603
0.929700
0.920109
0.930672
0.951650
0.939194
0.949740
0.907572
0.945068
0.951545
0.929044
0.902439
0.929784
0.912687
0.933174
0.923089
0.923147
0.893041
0.882909
0.907420
0.929367
0.894257
0.896870
0.868442
0.855787
0.903395
0.867059
0.809218
0.848315
0.832120
0.853744
0.830922
0.820257
0.764670
0.810107
0.841146
0.854382
0.853964
0.836953
0.821268
0.848782
0.833873
0.795995
0.785038
0.808250
0.822318
0.817845
0.820362
0.850285
0.809061
0.793471
0.822937
0.833414
0.760365
0.797711
0.755520
0.719864
0.806723
0.744426
0.706309
0.638617
0.648056
0.695051
0.718958
0.713942
0.682972
0.704556
0.714803
0.755038
0.766913
0.706751
0.736888
0.742530
0.727205
0.677316
0.612261
0.649935
0.673276
0.632889
0.665284
0.626409
0.642333
0.572467
0.617834
0.651847
0.603832
0.585186
0.594377
0.535307
0.583918
0.525839
0.512629
0.518375
0.507179
0.491500
0.502142
0.567108
0.487797
0.620645
0.603874
0.603084
0.605393
0.587874
0.664396
0.622004
0.676044
0.548942
0.435317
0.589848
0.544177
0.591844
0.621582
0.648896
0.610400
0.620803
0.631766
0.695059
0.646424
0.633131
0.646523
0.596701
0.586430
0.558363
0.583275
0.535546
0.562880
0.581064
0.623086
0.666843
0.722883
0.655082
0.668372
0.618367
0.656206
0.659374
0.628410
0.661926
0.604495
0.594675
0.644760
0.504655
0.509423
0.570974
0.600087
0.645320
0.572258
0.566780
0.600026
0.577028
0.473777
0.521917
0.474242
0.539549
0.538153
0.522216
0.451656
0.553731
0.511917
0.417051
0.440229
0.482549
0.482583
0.492009
0.457726
0.477501
0.438219
0.404513
0.469386
0.528288
0.433527
0.396870
0.418955
0.507601
0.449820
0.504928
0.505868
0.550290
0.474071
0.542143
0.476588
0.439583
0.466939
0.415273
0.455453
0.496527
0.472237
0.513153
0.519363
0.508854
0.465155
0.420459
0.438087
0.531387
0.423654
0.386193
0.408403
0.473211
0.390774
0.368741
0.411987
0.418749
0.415465
0.430022
0.420417
0.416905
0.435534
0.417086
0.429671
0.506416
0.404075
0.442903
0.416355
0.476165
0.452944
0.415975
0.282699
0.427257
0.459443
0.460593
0.447437
0.373553
0.395438
0.483463
0.458298
0.477560
0.483133
0.501109
0.460074
0.405988
0.421088
0.469153
0.405641
0.420991
0.538781
0.472518
0.357788
0.462076
0.424276
0.425851
0.451028
0.410977
0.458852
0.493695
0.424343
0.399904
0.397324
0.444716
0.406471
0.425929
0.595402
0.453050
0.437838
0.494082
0.481340
0.478598
0.460735
0.407708
0.461914
0.475225
0.435527
0.502505
0.511681
0.483902
0.436975
0.508690
0.457251
0.493089
0.436145
0.451813
0.435164
0.484958
0.520746
0.533570
0.484824
0.501885
0.498242
0.503659
0.420124
0.476861
0.512871
0.464392
0.578014
0.489680
0.408864
0.525727
0.461404
0.457637
0.457772
0.446807
0.550266
0.424183
0.489588
0.428295
0.440271
0.533871
0.491616
0.557517
0.561412
0.523023
0.519443
0.470714
0.477097
0.525958
0.534008
0.596705
0.592284
0.624293
0.592604
0.529065
0.569306
0.550977
0.665714
0.582771
0.647987
0.606092
0.520591
0.562982
0.518043
0.518820
0.527971
0.667623
0.589069
0.593262
0.588639
0.587056
0.576292
0.670988
0.566455
0.588089
0.654636
0.637101
0.603998
0.598414
0.638729
0.544556
0.569479
0.621162
0.706062
0.597673
0.628295
0.661573
0.670349
0.624491
0.602565
0.623804
0.619277
0.634915
0.569047
0.600684
0.630126
0.629312
0.576610
0.686841
0.654603
0.606884
0.677393
0.651591
0.665139
0.653991
0.535259
0.548346
0.662325
0.545474
0.606381
0.551206
0.594403
0.582346
0.580835
0.607333
0.566495
0.612004
0.592355
0.621309
0.628388
0.543011
0.554979
0.549505
0.651153
0.626446
0.565055
0.470739
0.489246
0.579230
0.593445
0.587814
0.593114
0.566879
0.537447
0.509440
0.657880
0.575510
0.543467
0.476988
0.579534
0.514044
0.482281
0.520632
0.511189
0.503844
0.526079
0.536113
0.517972
0.452093
0.497044
0.470729
0.474770
0.476091
0.430595
0.468039
0.511286
0.509246
0.420104
0.392871
0.473410
0.391663
0.408261
0.430153
0.418978
0.401549
0.472143
0.442505
0.393394
0.431990
0.416481
0.505025
0.491892
0.518455
0.497066
0.440356
0.440229
0.422763
0.472533
0.445045
0.457847
0.495203
0.401495
0.475169
0.434668
0.414615
0.438020
0.492240
0.557748
0.488317
0.324932
0.415552
0.386022
0.463427
0.471032
0.561601
0.475433
0.528893
0.484270
0.543546
0.485656
0.568202
0.482702
0.530739
0.633087
0.539304
0.473905
0.511946
0.552666
0.521971
0.514497
0.512505
0.608916
0.476065
0.541998
0.612511
0.624013
0.611343
0.464373
0.425231
0.590510
0.554740
0.473807
0.460936
0.548348
0.556164
0.597636
0.690475
0.645820
0.608496
0.641390
0.660017
0.484955
0.598742
0.581833
0.608371
0.640850
0.595456
0.631354
0.514322
0.487400
0.559909
0.541849
0.490040
0.445281
0.473170
0.483597
0.485056
0.540853
0.417693
0.546661
0.514939
0.545829
0.508654
0.537895
0.481163
0.548299
0.544304
0.590301
0.610359
0.599525
0.600696
0.594926
0.603321
0.622374
0.521529
0.633659
0.585481
0.661181
0.681401
0.592397
0.648254
0.638806
0.620219
0.585802
0.702576
0.635000
0.652531
0.721095
0.649740
0.702398
0.649226
0.613539
0.694093
0.673929
0.676930
0.658427
0.692055
0.660268
0.670210
0.676964
0.704118
0.671960
0.613709
0.628039
0.650119
0.650395
0.613061
0.675406
0.560447
0.637808
0.612395
0.420276
0.589975
0.585757
0.558760
0.540890
0.615851
0.545454
0.564177
0.555753
0.527503
0.600458
0.496899
0.432290
0.513032
0.604815
0.543907
0.615436
0.540577
0.526962
0.538977
0.553083
0.590525
0.591746
0.562747
0.629678
0.590790
0.544550
0.572365
0.507808
0.597387
0.663507
0.645249
0.704852
0.608758
0.533960
0.633584
0.642081
0.599279
0.635592
0.581475
0.630604
0.673853
0.693327
0.619899
0.531183
0.578009
0.665152
0.616103
0.612517
0.653016
0.558831
0.596022
0.536749
0.603186
0.614712
0.580550
0.601017
0.655938
0.566590
0.638622
0.535704
0.612300
0.640456
0.593016
0.642116
0.595212
0.602435
0.598518
0.681763
0.682723
0.593471
0.776496
0.742831
0.748544
0.685737
0.644852
0.582908
0.703672
0.699854
0.676427
0.743307
0.576084
0.606382
0.749942
0.748178
0.765397
0.695483
0.754514
0.744110
0.820097
0.788540
0.765793
0.709836
0.722962
0.774429
0.760195
0.720769
0.740666
0.739183
0.774465
0.787831
0.781394
0.765128
0.751394
0.788212
0.783673
0.810819
0.793219
0.817979
0.830746
0.764693
0.752945
0.743132
0.785103
0.747343
0.779532
0.789104
0.844350
0.739014
0.765745
0.769534
0.750938
0.710132
0.780771
0.715046
0.656313
0.657042
0.675462
0.690002
0.690694
0.698224
0.640056
0.643965
0.673189
0.518379
0.686221
0.693620
0.678471
0.739379
0.716599
0.647676
0.648298
0.750509
0.657522
0.650992
0.666541
0.617923
0.670690
0.655199
0.729387
0.711309
0.716448
0.753076
0.745540
0.750639
0.736259
0.715224
0.746453
0.757456
0.719632
0.736433
0.796405
0.751832
0.793497
0.744333
0.829776
0.793899
0.745791
0.802451
0.818262
0.790220
0.790798
0.792340
0.754983
0.811946
0.783340
0.807071
0.805019
0.758538
0.774734
0.822946
0.789699
0.743664
0.804732
0.754514
0.775501
0.735074
0.763918
0.680429
0.732338
0.799157
0.707443
0.742473
0.743249
0.753479
0.738556
0.763530
0.727483
0.669031
0.694926
0.745054
0.775667
0.762201
0.746583
0.762606
0.694317
0.785572
0.777745
0.650912
0.783719
0.766107
0.765935
0.755399
0.806740
0.750445
0.728396
0.814932
0.863073
0.807420
0.818364
0.771795
0.770758
0.846154
0.778946
0.755524
0.770116
0.740606
0.763086
0.817514
0.790593
0.735653
0.813125
0.789681
0.838190
0.812893
0.793414
0.785973
0.799223
0.812369
0.772792
0.782052
0.745781
0.777647
0.784614
0.799653
0.797705
0.735783
0.766303
0.770478
0.801320
0.780200
0.767030
0.756794
0.758830
0.761963
0.775980
0.669456
0.806625
0.792779
0.839997
0.783982
0.822294
0.816566
0.808410
0.848014
0.885851
0.828554
0.841357
0.798906
0.780427
0.831831
0.806065
0.697507
0.774321
0.795606
0.751693
0.749633
0.737506
0.702079
0.709836
0.706662
0.650001
0.639455
0.664543
0.576641
0.602018
0.655818
0.560125
0.641666
0.542766
0.517904
0.574638
0.577544
0.560089
0.533863
0.564226
0.587240
0.561701
0.574707
0.570432
0.484800
0.637676
0.608306
0.546982
0.505459
0.523919
0.508206
0.577416
0.510533
0.524052
0.538206
0.453088
0.538221
0.582817
0.566529
0.598879
0.571294
0.452179
0.594569
0.568118
0.549759
0.572976
0.542228
0.625589
0.599039
0.669536
0.661374
0.584240
0.585367
0.656008
0.643312
0.631572
0.561687
0.652592
0.701145
0.560837
0.653459
0.638166
0.565417
0.553101
0.640815
0.637337
0.449491
0.682518
0.631613
0.683300
0.562624
0.612528
0.600603
0.644015
0.633924
0.658268
0.641313
0.607994
0.633552
0.658639
0.632761
0.683832
0.658894
0.649423
0.657667
0.716680
0.649117
0.654950
0.630414
0.616759
0.714666
0.611496
0.613674
0.632270
0.601934
0.631477
0.647537
0.700091
0.709018
0.671295
0.690857
0.703459
0.694621
0.646135
0.613522
0.668664
0.734366
0.663661
0.669247
0.611247
0.577679
0.636917
0.599001
0.656204
0.635569
0.588559
0.620446
0.699372
0.675660
0.706391
0.730839
0.624886
0.722240
0.628379
0.568169
0.668701
0.608520
0.664639
0.646282
0.729056
0.633941
0.695756
0.717352
0.717032
0.709055
0.743308
0.692138
0.742903
0.699381
0.783160
0.771932
0.741534
0.769066
0.767135
0.806767
0.782192
0.799752
0.751347
0.794497
0.796227
0.803037
0.809567
0.812057
0.774080
0.811539
0.815822
0.691761
0.781879
0.764038
0.762848
0.792100
0.809877
0.822791
0.639264
0.710093
0.778269
0.733863
0.741470
0.763762
0.786182
0.836922
0.706205
0.767702
0.745262
0.740345
0.602026
0.605951
0.267188
