0.594143
0.530872
0.433295
0.550197
0.541777
0.423564
0.378734
0.340593
0.523377
0.444736
0.460429
0.425871
0.444357
0.510105
0.462889
0.587577
0.574191
0.462851
0.491062
0.494968
0.488466
0.455597
0.402236
0.472706
0.510193
0.385426
0.356154
0.373517
0.352417
0.358965
0.419573
0.397856
0.422050
0.331934
0.227069
0.334367
0.264912
0.340738
0.368059
0.245247
0.258992
0.237795
0.222078
0.200650
0.234609
0.181708
0.218698
0.182065
0.213610
0.209411
0.194795
0.188293
0.180053
0.212400
0.162834
0.214193
0.241261
0.133373
0.185564
0.170090
0.267781
0.144251
0.177210
0.207156
0.210424
0.215718
0.057312
0.175688
0.195731
0.202309
0.115627
0.239067
0.219643
0.170054
0.229725
0.181659
0.176818
0.224860
0.234819
0.281261
0.291677
0.201720
0.234874
0.205067
0.165697
0.220931
0.204923
0.263398
0.276729
0.162372
0.208113
0.253643
0.193784
0.142015
0.255533
0.170615
0.166450
0.269683
0.157795
0.148730
0.211179
0.234807
0.183663
0.196952
0.225895
0.145724
0.156814
0.155104
0.197081
0.182289
0.190510
0.201598
0.198000
0.162589
0.119822
0.160854
0.209861
0.165104
0.053118
0.154495
0.225928
0.184617
0.165322
0.146297
0.135076
0.102785
0.044592
0.167520
0.204039
0.171153
0.140141
0.191651
0.171775
0.142560
0.052335
0.164055
0.133343
0.067460
0.175052
0.124910
0.207421
0.088687
0.076799
0.142986
0.119815
0.156709
0.104827
0.110096
0.158477
0.073521
0.080088
0.175291
0.178517
0.177238
0.140206
0.110769
0.106022
0.129253
0.078693
0.152874
0.193323
0.134205
0.100973
0.105731
0.089697
0.120703
0.084758
0.102419
0.131965
0.089317
0.147481
0.074251
0.047959
0.114415
0.116093
0.089456
0.190329
0.076172
0.032938
0.075278
0.073713
0.119767
0.166412
0.148292
0.157278
0.104318
0.056339
0.084650
0.121331
0.125590
0.068825
0.186376
0.105577
0.139240
0.108495
0.118689
0.078587
0.110151
0.171048
0.211470
0.046804
-0.016043
0.071595
0.115383
0.025865
0.039025
0.092833
0.095622
0.123612
0.158587
-0.002622
0.084493
0.067632
0.187408
0.109863
0.105287
0.163090
0.099979
0.122153
0.063839
0.063305
0.070132
0.115657
0.103719
0.166442
0.114654
0.049096
0.095134
0.114115
0.139919
0.171331
0.144657
0.136138
0.056607
0.014671
0.113760
0.145315
-0.018531
0.103576
0.131369
-0.003837
0.068275
0.094759
0.077643
0.095974
0.101052
0.068623
0.124635
0.190939
0.021453
0.032151
0.042746
0.036006
0.052058
0.079556
0.109477
0.061227
0.071976
0.052035
0.038595
0.072272
0.107401
-0.012294
0.152750
0.089102
0.001911
0.086350
-0.014823
0.036005
0.038867
0.088632
0.091117
0.122013
0.081708
-0.003316
0.054905
0.107477
0.128849
0.095606
0.027831
0.122834
0.087068
0.059009
0.074178
0.082355
0.011605
0.058666
0.124404
0.042356
0.199690
0.017471
0.051126
0.133353
0.194184
0.097903
0.146677
0.128213
0.086529
0.215784
0.089498
0.055721
0.106690
0.130726
0.201476
0.189732
0.230229
0.114198
0.207004
0.165975
0.242338
0.309221
0.223132
0.257257
0.139910
0.245585
0.192654
0.168705
0.193291
0.212900
0.246338
0.273763
0.231077
0.216295
0.233036
0.245628
0.376889
0.375134
0.182201
0.349366
0.245259
0.210202
0.269385
0.228124
0.161647
0.296717
0.328987
0.317142
0.297751
0.229638
0.303486
0.213080
0.317079
0.207815
0.284793
0.326810
0.177809
0.180969
0.285499
0.216048
0.129461
0.152771
0.235620
0.124381
0.247270
0.213304
0.215005
0.231032
0.196200
0.186121
0.206215
0.432507
0.182659
0.088104
0.230629
0.309206
0.196719
0.246567
0.315489
0.297496
0.374673
0.278417
0.302582
0.329245
0.410503
0.398796
0.329915
0.422311
0.270038
0.274429
0.399846
0.373259
0.348671
0.442622
0.434429
0.415169
0.432183
0.353922
0.406354
0.414899
0.447196
0.367213
0.399997
0.434743
0.352515
0.371402
0.370422
0.447982
0.420989
0.405474
0.433838
0.274641
0.328579
0.380995
0.372610
0.311946
0.382878
0.367877
0.380707
0.434133
0.331755
0.352687
0.329557
0.353336
0.293077
0.247964
0.240019
0.347211
0.294868
0.267872
0.293541
0.333341
0.287278
0.269451
0.314416
0.289179
0.258883
0.300300
0.192420
0.184765
0.209299
0.256101
0.271690
0.417692
0.267030
0.303934
0.238697
0.361398
0.329494
0.238963
0.302552
0.404514
0.322984
0.182016
0.307875
0.210941
0.188376
0.176876
0.210533
0.271932
0.300555
0.240567
0.319608
0.231881
0.344973
0.343617
0.209329
0.295223
0.306664
0.311291
0.271503
0.253504
0.247724
0.341775
0.347055
0.373889
0.336208
0.271938
0.264498
0.346896
0.394213
0.227937
0.342210
0.444208
0.338493
0.341460
0.325385
0.256141
0.228158
0.312652
0.443372
0.376535
0.380139
0.426071
0.339228
0.270571
0.293397
0.323126
0.303566
0.395754
0.269619
0.228593
0.314123
0.238498
0.318251
0.298058
0.301953
0.262382
0.316060
0.264139
0.264867
0.308813
0.278599
0.254126
0.316940
0.376473
0.282633
0.270150
0.230308
0.200044
0.176942
0.217178
0.257368
0.218464
0.315532
0.279332
0.276273
0.264864
0.235439
0.284360
0.246375
0.215613
0.256213
0.361851
0.283808
0.313733
0.260208
0.319260
0.322669
0.301760
0.318470
0.236348
0.254356
0.192563
0.245278
0.233216
0.274886
0.278213
0.251427
0.205546
0.230314
0.299141
0.231978
0.180528
0.228866
0.246479
0.235108
0.165485
0.103049
0.122662
0.205663
0.196856
0.240800
0.121753
0.170605
0.217123
0.154021
0.091132
0.198727
0.200941
0.160974
0.168888
0.163823
0.078681
0.022160
0.158686
0.225861
0.127814
0.149316
0.212067
0.084114
0.109138
0.162968
0.128000
0.106396
0.196334
0.146767
0.111378
0.173179
0.122988
0.099592
0.152093
0.152331
0.148315
0.198057
0.167377
0.089356
0.108957
0.153508
0.119302
0.069326
0.059608
0.161200
0.146062
0.141046
0.130975
0.161945
0.128021
0.193224
0.159199
0.128864
0.171649
0.172359
0.228814
0.176640
0.151461
0.136618
0.112281
0.241244
0.224617
0.239031
0.201571
0.121348
0.183415
0.209295
0.208333
0.245160
0.195103
0.216119
0.237186
0.205130
0.261497
0.247136
0.214197
0.298771
0.313149
0.232759
0.266724
0.281461
0.271385
0.259422
0.259469
0.244497
0.307063
0.243328
0.257010
0.238741
0.205320
0.168170
0.198659
0.239260
0.163677
0.229716
0.313919
0.314362
0.308454
0.290316
0.270640
0.298736
0.316224
0.280136
0.178533
0.301129
0.340371
0.249424
0.287581
0.334082
0.411003
0.254287
0.240809
0.396712
0.304514
0.329811
0.250185
0.212388
0.350220
0.217614
0.232045
0.265972
0.203998
0.225662
0.232367
0.345619
0.297479
0.273424
0.315999
0.263292
0.245509
0.328566
0.244236
0.243427
0.368768
0.299611
0.330539
0.227079
0.210177
0.211598
0.195442
0.273457
0.302306
0.248563
0.201446
0.249822
0.208834
0.279102
0.268807
0.290487
0.227211
0.184194
0.186623
0.214361
0.270980
0.216960
0.212963
0.310819
0.319618
0.217247
0.234373
0.284971
0.247445
0.277800
0.284189
0.159927
0.292643
0.272322
0.298894
0.295721
0.302167
0.339510
0.282627
0.373386
0.327995
0.372840
0.324189
0.347360
0.347983
0.371951
0.342650
0.390626
0.328788
0.382197
0.331775
0.340973
0.311547
0.212296
0.391398
0.346716
0.240526
0.342235
0.241008
0.297930
0.347995
0.358130
0.253531
0.254884
0.392708
0.329351
0.274292
0.318585
0.260333
0.292671
0.197637
0.241585
0.376920
0.263130
0.205170
0.273608
0.234211
0.321563
0.254618
0.218065
0.325542
0.223626
0.274447
0.281638
0.221187
0.140964
0.266168
0.310034
0.166767
0.237934
0.282314
0.260335
0.247657
0.256844
0.162889
0.188311
0.215638
0.201997
0.243764
0.125394
0.193349
0.198826
0.149931
0.240487
0.190463
0.212008
0.131098
0.172604
0.174464
0.176121
0.213015
0.199174
0.135246
0.162145
0.168034
0.058708
0.139152
0.176795
0.096361
0.130600
0.155673
0.151145
0.082290
0.110736
0.079158
0.118776
0.107492
0.134586
0.088475
0.055314
0.115968
0.084858
0.165873
0.091209
0.094772
0.141033
0.228851
0.123343
0.035840
0.050077
0.192910
0.156263
0.070491
0.192595
0.182863
0.141510
0.023822
0.054607
0.098231
0.103655
0.077942
0.133067
0.132314
0.148427
0.056518
0.051133
0.116787
0.124058
0.100692
0.151065
0.105122
0.109456
0.113521
0.044531
0.152163
0.007115
0.074220
0.129387
0.064626
0.114957
0.035933
0.055062
0.082711
0.081925
0.078619
0.145173
0.066590
0.062264
-0.024030
0.056638
0.092365
0.053011
0.047149
0.076608
0.064505
0.101542
0.050204
0.045784
0.085289
0.114537
0.079425
0.077614
0.044580
0.128618
0.071534
0.032016
0.111225
0.116991
0.022424
0.140088
0.178868
0.111060
0.045210
0.080472
0.079712
0.196112
0.063032
0.161433
0.222646
0.092198
0.082127
0.134700
0.119613
0.089262
0.092156
0.171585
0.146517
0.161712
0.155590
0.096739
0.149012
0.167146
0.154345
0.092005
0.098808
0.124776
0.037782
0.098199
0.110497
0.058191
0.109703
0.138915
0.088018
0.196199
0.089393
0.082360
0.143442
0.139400
0.018891
0.118001
0.188603
0.114819
0.088731
0.091156
0.058524
0.049771
0.083005
0.114094
0.228038
0.135309
0.114037
0.151316
0.110206
0.157675
0.151861
0.070004
0.133193
0.159324
0.072177
0.136911
0.083185
0.102734
0.153858
0.217544
0.125899
0.195148
0.143773
0.094185
0.077659
0.168025
0.130644
0.213828
0.209791
0.112064
0.149045
0.165347
0.068020
0.129034
0.172946
0.197737
0.163472
0.227555
0.223217
0.168499
0.212581
0.307171
0.144702
0.208934
0.352622
0.272904
0.294970
0.297076
0.254091
0.250537
0.198364
0.355110
0.426408
0.299805
0.299384
0.293461
0.297043
0.327808
0.360612
0.273747
0.326535
0.258667
0.298107
0.280458
0.256549
0.282219
0.362820
0.320291
0.179688
0.352097
0.267154
0.308316
0.256789
0.275633
0.180571
0.265533
0.247617
0.206600
0.197295
0.252590
0.177158
0.220624
0.177535
0.203623
0.197596
0.163346
0.170779
0.231657
0.193135
0.278474
0.285693
0.264253
0.493969
0.198841
0.204884
0.385816
0.279473
0.307426
0.324803
0.254042
