0.518016
0.268903
0.155091
0.227942
0.169677
0.085485
0.107385
0.124190
0.217403
0.153448
0.132989
0.110229
0.136940
0.111189
0.070738
0.079690
0.164535
0.238890
0.086732
0.186377
0.208936
0.191810
0.277451
0.229690
0.133634
0.194546
0.213585
0.202177
0.170997
0.225161
0.216003
0.352642
0.356393
0.381580
0.271706
0.303086
0.282717
0.337190
0.193023
0.330457
0.327578
0.273131
0.270631
0.272836
0.273421
0.294342
0.274645
0.366417
0.262489
0.372948
0.330492
0.312389
0.327905
0.343017
0.426120
0.317313
0.439009
0.340788
0.195163
0.284747
0.314529
0.274984
0.245021
0.263844
0.351244
0.409335
0.298221
0.378697
0.401470
0.385539
0.455434
0.329249
0.356667
0.320052
0.344813
0.355375
0.337194
0.378378
0.365309
0.463799
0.537961
0.419760
0.443772
0.485446
0.424807
0.422044
0.351173
0.409524
0.396834
0.337884
0.369296
0.428070
0.383363
0.357697
0.352247
0.380716
0.271335
0.352642
0.338697
0.324285
0.327684
0.343648
0.355054
0.309329
0.331998
0.207553
0.268206
0.319455
0.322434
0.284023
0.232678
0.330582
0.431397
0.291622
0.279380
0.270226
0.381142
0.378707
0.373635
0.375772
0.298175
0.267176
0.188284
0.253264
0.247153
0.282344
0.262351
0.356731
0.318299
0.354557
0.275326
0.345490
0.331420
0.440028
0.257026
0.274055
0.343636
0.265010
0.254679
0.281019
0.274744
0.314896
0.249265
0.296450
0.450956
0.302958
0.205665
0.267297
0.312048
0.311644
0.257419
0.260499
0.346313
0.271499
0.106483
0.192268
0.266258
0.206983
0.161794
0.264838
0.265246
0.208796
0.128407
0.224784
0.212521
0.232545
0.104666
0.187532
0.205184
0.063511
0.084035
0.137387
0.135527
0.095162
0.131630
0.182095
0.120774
0.164271
0.126355
0.162118
0.083420
0.084343
0.183126
0.160070
0.049082
0.070527
0.137779
0.092834
0.098921
0.086514
0.133731
0.112848
0.194810
0.124481
0.059234
0.155621
0.121354
0.053414
0.165634
0.134599
0.062313
0.095177
0.050942
0.066438
0.076159
0.098394
0.077713
0.114175
0.100123
0.099007
0.077184
0.136100
0.079935
0.082474
0.147754
0.091103
0.133998
0.069377
0.021219
0.083889
0.063651
0.077676
0.107495
0.057548
0.142276
0.067616
-0.011508
0.072390
0.100775
0.163742
0.107735
0.111731
0.142894
0.062206
0.093586
0.049940
0.099677
0.100994
0.060656
0.065276
0.145722
0.091964
-0.007750
0.058223
0.031597
0.110385
0.108820
0.107695
0.098676
0.122050
0.082554
-0.006584
0.024448
-0.002007
0.077297
0.116500
0.068486
0.087763
0.088763
0.037347
0.064931
0.059393
0.059967
0.121431
0.055040
0.060671
0.073530
0.039250
0.072505
0.050396
0.004088
0.091396
0.180437
0.071150
0.069758
0.090457
0.110363
0.111065
0.027581
0.113088
0.230997
0.080846
0.080249
0.081882
0.066700
0.123786
0.096058
0.177538
0.196499
0.177553
0.046856
0.139616
0.129410
0.102765
0.200263
0.188270
0.098556
0.067134
0.179464
0.130079
0.184156
0.102136
0.147897
0.213849
0.230269
0.217212
0.098316
0.234338
0.118782
0.251221
0.220411
0.068697
0.193199
0.155268
0.144039
0.155430
0.151976
0.117919
0.175120
0.262458
0.135777
0.212592
0.197820
0.138293
0.143348
0.206383
0.083518
0.153930
0.242231
0.134080
0.093321
0.105410
0.147161
0.115891
0.103985
0.106824
0.149713
0.217057
0.118846
0.169621
0.214081
0.221788
0.167183
0.146859
0.226145
0.224788
0.197320
0.184289
0.141342
0.110437
0.155345
0.182740
0.186528
0.169137
0.175076
0.211367
0.280056
0.222466
0.209935
0.253757
0.269827
0.197046
0.135268
0.256295
0.216818
0.209073
0.162592
0.299070
0.186407
0.318134
0.292017
0.314222
0.230348
0.213004
0.262842
0.248232
0.234409
0.241727
0.235986
0.178090
0.204875
0.147430
0.211388
0.224710
0.171148
0.208034
0.123888
0.250095
0.186642
0.151757
0.129616
0.237661
0.148450
0.154256
0.138376
0.090794
0.055721
0.087242
0.102667
0.103748
0.174490
0.170882
0.124806
0.119598
0.242169
0.157926
0.079200
0.197123
0.303646
0.169336
0.181091
0.173166
0.213146
0.164102
0.232980
0.256564
0.176831
0.412044
0.323752
0.295260
0.328343
0.418497
0.382515
0.306951
0.495940
0.428506
0.290539
0.397846
0.333948
0.395454
0.348130
0.495557
0.414359
0.415094
0.405870
0.467921
0.347907
0.361101
0.408030
0.292767
0.392517
0.366170
0.422864
0.365384
0.377579
0.394309
0.360215
0.418894
0.430667
0.325534
0.344876
0.355353
0.333809
0.332102
0.355997
0.417703
0.344412
0.331219
0.332082
0.249419
0.214527
0.264395
0.227288
0.266845
0.298898
0.286846
0.218814
0.239374
0.212385
0.270617
0.267945
0.238423
0.236492
0.211180
0.237238
0.298448
0.243097
0.224858
0.205059
0.251453
0.338773
0.290726
0.250271
0.183305
0.328374
0.261380
0.185760
0.377151
0.267116
0.285941
0.224961
0.267214
0.220769
0.242485
0.280021
0.286396
0.274238
0.284062
0.375655
0.299840
0.269903
0.410770
0.241253
0.220210
0.322141
0.287351
0.262068
0.190321
0.265509
0.234846
0.206630
0.298867
0.287098
0.349761
0.247720
0.199244
0.345843
0.351166
0.351822
0.396134
0.369796
0.394314
0.354232
0.335781
0.290044
0.329614
0.417171
0.483636
0.437027
0.520645
0.434295
0.492765
0.384416
0.407594
0.420880
0.476720
0.448533
0.430939
0.466518
0.401765
0.462683
0.401003
0.434224
0.461855
0.470736
0.499515
0.427753
0.402815
0.459912
0.398029
0.433491
0.445131
0.387498
0.407587
0.405661
0.448293
0.491426
0.438272
0.410342
0.477976
0.464877
0.473838
0.458231
0.443029
0.488697
0.491575
0.501575
0.530245
0.568833
0.545988
0.484567
0.534751
0.558667
0.507177
0.558703
0.573369
0.577396
0.547444
0.509053
0.566037
0.679376
0.586667
0.520879
0.609313
0.742383
0.639998
0.556801
0.571425
0.579953
0.555755
0.590049
0.619363
0.584096
0.622635
0.629871
0.613624
0.642189
0.597618
0.579682
0.593904
0.667955
0.545164
0.586249
0.601382
0.574119
0.579388
0.565788
0.647632
0.575381
0.599603
0.566001
0.559302
0.581034
0.655417
0.578307
0.606236
0.629427
0.589633
0.500537
0.582271
0.591497
0.554231
0.561292
0.593851
0.565349
0.589960
0.597672
0.623721
0.622568
0.583838
0.479150
0.561018
0.716465
0.625906
0.561287
0.568531
0.602796
0.599124
0.693957
0.732107
0.614610
0.695152
0.705119
0.781428
0.706411
0.640625
0.551003
0.642267
0.720840
0.662423
0.751914
0.671230
0.650988
0.643718
0.699677
0.680234
0.597091
0.647611
0.686491
0.703795
0.666901
0.649302
0.598669
0.585419
0.726939
0.709045
0.602760
0.648036
0.661214
0.645763
0.608294
0.613908
0.597135
0.665195
0.651254
0.656102
0.664631
0.658704
0.604748
0.666123
0.803737
0.647011
0.570057
0.645978
0.622153
0.623101
0.625962
0.700846
0.640126
0.711021
0.786186
0.758811
0.720608
0.705809
0.773408
0.683489
0.704386
0.688489
0.622240
0.697039
0.700464
0.730830
0.753888
0.788581
0.721961
0.813392
0.817870
0.822752
0.803917
0.796208
0.755049
0.754459
0.806857
0.822144
0.810080
0.785294
0.785235
0.824402
0.807124
0.827907
0.825141
0.810378
0.834092
0.847848
0.842215
0.850277
0.776086
0.829744
0.843520
0.815108
0.768125
0.778021
0.794236
0.770030
0.784315
0.814597
0.768992
0.806923
0.867073
0.876469
0.817598
0.845612
0.814622
0.834279
0.839759
0.752301
0.766432
0.745973
0.796951
0.813589
0.836567
0.848247
0.808977
0.787914
0.813796
0.860424
0.826800
0.856854
0.795061
0.790784
0.841406
0.855009
0.850790
0.840210
0.837435
0.860957
0.833829
0.868580
0.859895
0.853220
0.868104
0.892928
0.892056
0.898456
0.886545
0.891229
0.907375
0.904028
0.844612
0.886280
0.862851
0.871880
0.864893
0.896906
0.866628
0.907815
0.903860
0.908477
0.890781
0.900262
0.867228
0.886276
0.910885
0.845543
0.813740
0.843959
0.824476
0.856717
0.846714
0.854008
0.792255
0.829930
0.856501
0.887917
0.832362
0.832799
0.818811
0.822045
0.828437
0.827666
0.820750
0.846766
0.822181
0.831010
0.814879
0.817766
0.793211
0.776751
0.825094
0.868325
0.842870
0.881277
0.852866
0.870475
0.854586
0.862410
0.835703
0.848857
0.833824
0.863955
0.853114
0.910891
0.854589
0.805366
0.862372
0.905624
0.876848
0.895993
0.853820
0.862695
0.891635
0.877534
0.837343
0.880560
0.878345
0.868068
0.861144
0.859179
0.817463
0.863723
0.872361
0.870945
0.887181
0.861852
0.814354
0.816390
0.899324
0.843921
0.815568
0.855842
0.822446
0.857080
0.844411
0.871163
0.799554
0.858493
0.871940
0.926341
0.879659
0.901878
0.777733
0.842865
0.909683
0.874187
0.827904
0.888573
0.870042
0.895227
0.866196
0.897753
0.875428
0.859397
0.901647
0.927252
0.888027
0.909263
0.883508
0.876098
0.914942
0.891052
0.857183
0.915319
0.896376
0.914330
0.904157
0.911136
0.850224
0.897665
0.903947
0.898305
0.935505
0.871526
0.845479
0.877272
0.893594
0.869517
0.887093
0.881269
0.893728
0.885877
0.887593
0.891803
0.831958
0.876656
0.853362
0.887598
0.858544
0.796135
0.785010
0.853527
0.874874
0.850437
0.876594
0.854643
0.865843
0.879446
0.850150
0.841935
0.799960
0.840325
0.833747
0.882933
0.855726
0.817299
0.807877
0.793069
0.869384
0.838185
0.821742
0.782437
0.783501
0.819459
0.803519
0.847695
0.815643
0.808482
0.797651
0.794204
0.817979
0.817266
0.751242
0.805676
0.846335
0.818286
0.753325
0.823537
0.780887
0.845052
0.788158
0.812388
0.810032
0.735255
0.790676
0.802565
0.803723
0.803294
0.754406
0.823285
0.812832
0.777578
0.715717
0.770881
0.781090
0.750630
0.772704
0.772911
0.791736
0.741284
0.758993
0.840115
0.766497
0.783843
0.792039
0.781049
0.769984
0.805618
0.793725
0.794272
0.769062
0.804604
0.794334
0.837614
0.835031
0.822739
0.800879
0.870566
0.824268
0.858718
0.838834
0.856754
0.855569
0.864795
0.831819
0.893220
0.839766
0.839534
0.842203
0.865696
0.809590
0.711963
0.771764
0.803212
0.803777
0.806118
0.794949
0.848397
0.911847
0.818642
0.854910
0.835201
0.851944
0.734837
0.685848
0.277770
