0.567384
0.313955
0.136882
0.237614
0.113751
0.240487
0.190657
0.131707
0.314471
0.171106
0.119507
0.147105
0.172809
0.145962
0.146041
0.146160
0.105387
0.194033
0.051490
0.088362
0.146255
0.100692
0.098092
0.116954
0.058543
0.071713
0.077792
0.120426
0.067264
0.074234
0.071632
0.124006
0.143438
0.081451
0.050338
0.031417
0.047220
0.079614
0.148831
0.147690
0.064170
0.060275
0.096690
0.085885
0.050175
0.037661
0.110641
0.106341
0.088980
0.098774
0.048282
-0.012174
0.083132
0.086455
-0.047316
0.087988
0.159635
0.075077
0.049069
0.054091
0.090341
0.057080
0.054479
0.088670
0.047175
0.030670
0.110815
0.072562
0.012787
0.034201
0.097424
0.118473
-0.054915
0.022072
0.144013
0.010283
0.103715
0.056891
0.094072
0.110007
0.032273
0.042159
0.035940
0.082690
0.026153
0.092189
0.006732
0.152963
0.047358
0.025688
0.020052
0.029693
0.025689
0.015809
0.058784
0.105741
0.023056
0.105752
0.001872
0.028578
0.046650
0.108287
-0.001940
0.096418
0.129952
0.063035
-0.049471
-0.007164
0.020848
0.030138
0.044863
0.063445
0.028709
0.098868
0.040325
-0.001230
0.033954
0.041823
0.059458
0.102638
0.043559
0.000740
0.045923
-0.000774
0.040143
0.014609
0.004715
0.073370
0.014936
0.027452
-0.005438
-0.049512
0.093763
0.018422
0.010412
0.042339
0.103699
0.047003
-0.022432
0.015235
-0.013942
-0.067222
0.066266
0.088251
-0.034019
0.084886
0.042684
-0.005959
0.041482
0.033982
-0.034431
0.100224
0.080414
0.017741
0.032300
0.006251
0.095185
0.006200
0.040459
0.061413
0.020183
0.047197
0.061232
0.028279
-0.001338
0.019219
0.056114
0.063947
0.083492
0.032622
0.043568
-0.015993
0.004164
0.001985
0.070392
0.022281
0.082957
0.021464
-0.001602
-0.010623
0.006589
0.078994
0.071157
0.102580
0.105787
0.038093
0.068475
-0.019010
0.018420
-0.000874
0.055559
0.106329
0.074361
0.108911
0.054727
0.122505
0.063931
0.112586
0.137062
0.093331
0.103943
0.075925
0.124608
0.195876
0.129040
0.053823
0.149481
0.176391
0.169929
0.158608
0.116321
0.130866
0.108722
0.147494
0.146291
0.204992
0.278303
0.173159
0.261117
0.248785
0.136816
0.116547
0.167013
0.174706
0.115818
0.249124
0.178287
0.074506
0.163823
0.194708
0.172856
0.278444
0.283328
0.083397
0.182251
0.235024
0.198576
0.098300
0.263821
0.237998
0.184684
0.247322
0.258266
0.307402
0.309375
0.282658
0.303661
0.340042
0.311540
0.321865
0.263477
0.306824
0.385307
0.380884
0.393583
0.477507
0.486570
0.503197
0.516354
0.469918
0.435085
0.452774
0.481131
0.467265
0.479965
0.437484
0.480157
0.478057
0.437121
0.502321
0.472653
0.548184
0.430456
0.556357
0.464254
0.557704
0.586831
0.583559
0.471548
0.559227
0.645979
0.536048
0.541847
0.540167
0.427111
0.521558
0.522617
0.558478
0.523749
0.526251
0.449187
0.561096
0.552736
0.590734
0.499383
0.479285
0.627173
0.545638
0.564811
0.546770
0.500538
0.479931
0.529113
0.613434
0.520745
0.603087
0.662577
0.624690
0.672981
0.652782
0.575523
0.620733
0.702094
0.557240
0.545267
0.634299
0.601119
0.664490
0.612738
0.624786
0.619761
0.679033
0.634651
0.677561
0.671680
0.677808
0.654669
0.658007
0.704983
0.719528
0.727196
0.693965
0.715437
0.717519
0.719946
0.709232
0.726767
0.749555
0.726122
0.753230
0.761863
0.762228
0.735574
0.726541
0.800783
0.741773
0.673945
0.758307
0.685530
0.673662
0.710095
0.708521
0.630947
0.644849
0.718499
0.643173
0.660645
0.645132
0.603990
0.598934
0.619378
0.571002
0.631400
0.583568
0.542417
0.522857
0.647020
0.641089
0.527029
0.617343
0.583017
0.525943
0.459068
0.515103
0.529106
0.511599
0.543241
0.447963
0.375962
0.461396
0.404231
0.414505
0.410579
0.390641
0.370003
0.420524
0.370674
0.357450
0.347325
0.351871
0.342248
0.370433
0.405820
0.352352
0.263544
0.357592
0.303846
0.272862
0.302352
0.344025
0.275754
0.409737
0.351907
0.353021
0.410605
0.458427
0.352457
0.359401
0.473796
0.338503
0.379371
0.332652
0.335593
0.288819
0.323472
0.452412
0.359702
0.372813
0.404070
0.353817
0.318160
0.408108
0.331552
0.340617
0.475707
0.248729
0.288500
0.302097
0.311582
0.283250
0.323648
0.351754
0.355623
0.322318
0.324012
0.376796
0.429205
0.382026
0.364373
0.418008
0.367201
0.358285
0.381231
0.362821
0.322061
0.268881
0.335774
0.323884
0.250911
0.331539
0.248673
0.234944
0.176654
0.236433
0.234259
0.276076
0.256551
0.246507
0.391747
0.320504
0.250063
0.275518
0.380799
0.335190
0.263293
0.325864
0.324612
0.311028
0.292355
0.235344
0.258846
0.351853
0.395406
0.348479
0.265142
0.260704
0.335013
0.272035
0.227389
0.248556
0.291314
0.219196
0.273068
0.224268
0.210774
0.262179
0.277698
0.318985
0.231086
0.220457
0.226523
0.237057
0.168889
0.160831
0.233690
0.232387
0.237673
0.321366
0.217663
0.201667
0.137507
0.232213
0.229349
0.276137
0.269645
0.227495
0.269139
0.271584
0.341327
0.256512
0.303324
0.308056
0.269257
0.284975
0.228447
0.293130
0.305795
0.348243
0.355827
0.277055
0.345341
0.282531
0.229081
0.268555
0.318571
0.278080
0.298642
0.399957
0.297460
0.370671
0.287328
0.301902
0.239548
0.288947
0.169516
0.327453
0.339079
0.198404
0.263841
0.263036
0.287893
0.285532
0.323786
0.324408
0.273097
0.360078
0.181177
0.268833
0.258255
0.311995
0.271050
0.284640
0.380237
0.201015
0.177135
0.208840
0.210335
0.163614
0.276094
0.278594
0.291387
0.268599
0.176954
0.187019
0.237557
0.364829
0.207209
0.229816
0.341155
0.252813
0.191922
0.224530
0.253751
0.238197
0.271324
0.179056
0.226508
0.217217
0.117281
0.193139
0.190873
0.226612
0.150166
0.239979
0.179904
0.117695
0.139093
0.164794
0.123761
0.176943
0.111770
0.173941
0.195180
0.228230
0.066084
0.106980
0.169850
0.187796
0.179580
0.226020
0.182690
0.066556
0.153322
0.166280
0.117559
0.156608
0.120977
0.174338
0.142511
0.179302
0.090051
0.166996
0.236845
0.264661
0.158249
0.174852
0.214445
0.097974
0.058689
0.157799
0.182822
0.169181
0.137878
0.253036
0.267605
0.225236
0.228265
0.262003
0.121653
0.255307
0.183737
0.237617
0.314068
0.163601
0.199899
0.179774
0.156281
0.174129
0.202998
0.232301
0.169964
0.221873
0.207816
0.242863
0.251068
0.198604
0.197035
0.213380
0.295013
0.211784
0.226602
0.248567
0.161802
0.115414
0.163832
0.324942
0.292448
0.324249
0.238336
0.230058
0.301127
0.310029
0.307076
0.324499
0.347625
0.261840
0.242541
0.306063
0.265241
0.245198
0.313788
0.343290
0.310376
0.351576
0.305682
0.353701
0.386440
0.369777
0.320760
0.402410
0.300123
0.338438
0.454274
0.354315
0.377492
0.480976
0.463121
0.536048
0.356032
0.453829
0.436575
0.530329
0.417110
0.411315
0.426324
0.409106
0.517786
0.418555
0.447720
0.482244
0.401927
0.430866
0.369466
0.451738
0.401856
0.367924
0.424922
0.388893
0.419115
0.381415
0.384994
0.458655
0.440703
0.379694
0.375978
0.339031
0.310519
0.291610
0.364943
0.364594
0.432097
0.400154
0.375761
0.392720
0.329572
0.342741
0.344352
0.320100
0.252941
0.283202
0.302744
0.290226
0.311664
0.326137
0.375213
0.324069
0.260009
0.333430
0.328943
0.291048
0.276293
0.328866
0.247411
0.267705
0.301722
0.303276
0.260749
0.282103
0.277502
0.154259
0.246229
0.341035
0.199393
0.327853
0.242517
0.270801
0.327550
0.322252
0.148428
0.283019
0.263982
0.192487
0.271089
0.228953
0.247956
0.257374
0.321078
0.349347
0.346335
0.267193
0.262902
0.337002
0.268087
0.350838
0.188935
0.282467
0.286565
0.186166
0.367866
0.310864
0.252139
0.200639
0.302916
0.318559
0.259477
0.355753
0.265632
0.279906
0.290419
0.343904
0.342852
0.339371
0.343495
0.324541
0.380748
0.291025
0.305993
0.314549
0.413617
0.382653
0.328648
0.356354
0.312744
0.348995
0.404141
0.391513
0.364213
0.383781
0.443648
0.321613
0.318836
0.365778
0.308707
0.406408
0.356175
0.451900
0.431470
0.460680
0.392189
0.331302
0.390018
0.366068
0.371533
0.448443
0.428044
0.337766
0.387361
0.422100
0.295770
0.352302
0.377776
0.371451
0.356773
0.335887
0.414469
0.348843
0.317623
0.278711
0.215497
0.354209
0.356217
0.294460
0.396356
0.330749
0.287458
0.357871
0.396567
0.358319
0.351581
0.401603
0.392400
0.369649
0.340067
0.404396
0.412336
0.408985
0.456792
0.369568
0.361858
0.413825
0.453087
0.399421
0.494316
0.468148
0.495803
0.463488
0.515543
0.446687
0.497000
0.514879
0.464870
0.566211
0.551965
0.448607
0.434152
0.434080
0.424515
0.492496
0.475585
0.468019
0.401606
0.417818
0.423750
0.460009
0.378916
0.378620
0.377559
0.302265
0.429984
0.376897
0.429625
0.272417
0.437072
0.419411
0.383942
0.445530
0.464157
0.371223
0.313651
0.313397
0.354799
0.294156
0.405988
0.378996
0.384367
0.295816
0.392156
0.258561
0.270295
0.259280
0.333813
0.320467
0.333618
0.333281
0.306943
0.303004
0.279880
0.213735
0.327254
0.256288
0.228917
0.292453
0.265613
0.269175
0.260351
0.173611
0.216839
0.318536
0.236084
0.289622
0.258453
0.177697
0.129825
0.231012
0.124272
0.090012
0.341893
0.195535
0.203260
0.173529
0.096878
0.119089
0.107000
0.181811
0.109097
0.175818
0.105480
0.038090
0.069813
0.138360
0.058764
0.187740
0.200879
0.059134
0.124555
0.077670
-0.022544
0.079156
0.098632
0.133357
0.016221
0.093826
0.048027
0.105182
0.048746
0.081412
0.009900
0.088476
0.159353
0.004418
0.088636
0.015882
0.004320
0.018260
0.018990
0.082436
0.033908
0.049189
0.026430
0.031411
0.015453
0.062039
0.000414
0.039762
0.094175
0.069188
0.017219
-0.025050
-0.042740
-0.030821
0.071615
0.046671
0.055819
0.032807
-0.088303
-0.007067
0.018294
0.016301
-0.042910
0.132638
-0.010945
-0.027128
0.019264
0.006951
0.006662
-0.079894
-0.002843
0.070362
-0.021751
0.027023
0.076485
-0.027425
-0.023221
0.007639
-0.057799
-0.054079
0.109181
-0.037262
-0.143728
0.050083
-0.119497
0.064372
0.086776
0.214727
