0.503408
0.433037
0.352416
0.437980
0.405968
0.455183
0.322138
0.302959
0.508858
0.218231
0.276584
0.348430
0.331548
0.402177
0.393199
0.474986
0.425003
0.473821
0.536701
0.461424
0.519331
0.584054
0.420814
0.540729
0.539319
0.553340
0.478391
0.496775
0.502290
0.584111
0.592415
0.659467
0.559128
0.572273
0.607781
0.670594
0.608415
0.575722
0.533899
0.563704
0.640870
0.617097
0.575954
0.671869
0.663726
0.704709
0.668000
0.735949
0.757655
0.649787
0.652514
0.692380
0.677470
0.681534
0.627428
0.675538
0.782627
0.706735
0.739774
0.758079
0.660798
0.703687
0.663208
0.761714
0.702563
0.718949
0.725708
0.741935
0.747652
0.772415
0.702916
0.712597
0.793171
0.737527
0.698678
0.706449
0.770792
0.705315
0.699319
0.735072
0.672459
0.699036
0.762256
0.689895
0.753884
0.721466
0.737884
0.697117
0.717899
0.728485
0.691410
0.733312
0.740067
0.727080
0.728006
0.744325
0.675816
0.745773
0.778548
0.803456
0.735420
0.795955
0.746307
0.781128
0.788287
0.790647
0.736349
0.813835
0.767041
0.808040
0.802080
0.851252
0.797991
0.806832
0.812805
0.859685
0.795776
0.799222
0.785751
0.791145
0.817419
0.783169
0.772932
0.750903
0.806083
0.812029
0.780440
0.779754
0.798929
0.771693
0.799733
0.761431
0.812377
0.803473
0.804862
0.814966
0.810890
0.814004
0.782535
0.821451
0.820965
0.807478
0.814912
0.840925
0.786170
0.743668
0.818003
0.806945
0.783162
0.809892
0.802167
0.784918
0.815330
0.813426
0.767546
0.847626
0.806261
0.796323
0.809881
0.821670
0.751113
0.799328
0.792556
0.796366
0.801156
0.820976
0.764837
0.775855
0.824629
0.776335
0.756840
0.791326
0.783729
0.765810
0.756592
0.759534
0.750484
0.767030
0.794801
0.815970
0.873153
0.795398
0.781729
0.820166
0.846144
0.812377
0.778301
0.807545
0.801305
0.847828
0.824154
0.888043
0.865006
0.807460
0.834870
0.901728
0.892480
0.909886
0.881146
0.881129
0.902348
0.890108
0.886928
0.896019
0.904548
0.907884
0.891439
0.906688
0.895176
0.894050
0.905766
0.936827
0.934270
0.940005
0.895473
0.928958
0.936856
0.927322
0.884612
0.932880
0.924808
0.941496
0.919886
0.922525
0.924771
0.913449
0.934066
0.952635
0.946688
0.948741
0.919277
0.936034
0.953869
0.930890
0.895839
0.940398
0.943353
0.935379
0.938587
0.931116
0.902144
0.929118
0.937371
0.953858
0.930694
0.933166
0.894686
0.906022
0.927017
0.912089
0.917101
0.911886
0.915237
0.926754
0.924808
0.901223
0.885388
0.879054
0.910580
0.920627
0.907287
0.921708
0.903328
0.898437
0.909699
0.913854
0.884692
0.900483
0.844859
0.920921
0.878929
0.855591
0.831436
0.846837
0.842162
0.895384
0.876896
0.891899
0.803676
0.865559
0.879741
0.831895
0.835062
0.827316
0.828211
0.883259
0.850087
0.839385
0.819787
0.739664
0.791305
0.815527
0.760996
0.793615
0.705561
0.733796
0.772435
0.711405
0.686420
0.715642
0.675303
0.674974
0.646201
0.652622
0.645921
0.570198
0.559783
0.544006
0.512170
0.490961
0.501817
0.460195
0.544847
0.452895
0.485913
0.350730
0.371291
0.339507
0.333473
0.261368
0.300894
0.212280
0.215469
0.242849
0.158180
0.290205
0.259630
0.226911
0.223713
0.180679
0.151847
0.241792
0.157127
0.130216
0.251700
0.209884
0.205368
0.210905
0.158858
0.091505
0.174654
0.099754
0.086040
0.141096
0.120898
0.104027
0.274285
0.171864
0.097926
0.094212
0.136562
0.199660
0.197283
0.165223
0.113503
0.070201
0.083338
0.103820
0.053065
0.187349
0.086105
0.163809
0.185795
0.145118
0.087950
0.133392
0.197541
0.103814
0.122421
0.110156
0.094888
0.120673
0.108124
0.078810
0.103543
0.147372
0.161304
0.083729
0.113654
0.122292
0.137412
0.043886
0.027984
0.152743
0.144244
0.247974
0.133745
0.170776
0.216409
0.124725
0.175631
0.174073
0.212859
0.083308
0.148717
0.170682
0.123990
0.097745
0.099121
0.109229
0.268313
0.260203
0.056921
0.167585
0.176401
0.245077
0.253339
0.149960
0.241295
0.202223
0.166524
0.156843
0.127550
0.140697
0.164518
0.233353
0.230775
0.157880
0.120768
0.132371
0.131790
0.156360
0.193132
0.254012
0.070957
0.117131
0.137783
0.121143
0.103749
0.035687
0.083710
0.117963
0.053308
0.096732
0.051653
0.056051
0.114037
0.068596
0.071332
0.138383
0.076255
0.078659
0.076634
0.159710
0.104518
0.108387
0.113331
0.130758
0.084540
0.149177
0.118885
0.188182
0.154626
0.142198
0.122894
0.162196
0.209986
0.147222
0.123360
0.154506
0.182817
0.085566
0.129436
0.211338
0.205421
0.196022
0.215264
0.279093
0.219470
0.243829
0.259831
0.208072
0.293044
0.211623
0.080611
0.267391
0.276075
0.231115
0.207966
0.323318
0.219855
0.304476
0.350297
0.378321
0.345778
0.383629
0.243813
0.321609
0.435814
0.298040
0.303605
0.330592
0.327589
0.291155
0.255318
0.375898
0.327697
0.418668
0.359232
0.360881
0.392278
0.349750
0.373032
0.351881
0.463153
0.322102
0.364073
0.418503
0.298212
0.342360
0.373589
0.423428
0.397453
0.427720
0.332906
0.380866
0.388833
0.405461
0.295529
0.275621
0.450902
0.416170
0.347193
0.341050
0.315284
0.362236
0.361092
0.415743
0.335924
0.368603
0.351291
0.373417
0.436195
0.334266
0.431042
0.403231
0.383371
0.359972
0.484870
0.451009
0.404760
0.426219
0.459425
0.427216
0.473662
0.513584
0.451674
0.522720
0.531912
0.481799
0.441652
0.587180
0.511093
0.473042
0.503679
0.447742
0.411252
0.417889
0.457018
0.497425
0.471911
0.435989
0.431670
0.447131
0.429382
0.464703
0.521163
0.399822
0.446384
0.423189
0.402436
0.394676
0.459053
0.461929
0.417910
0.484319
0.481606
0.546149
0.436698
0.497358
0.521297
0.469119
0.460044
0.500316
0.391958
0.462177
0.426877
0.434653
0.413758
0.428383
0.456126
0.498894
0.400643
0.418443
0.398323
0.454062
0.426600
0.428488
0.397425
0.398860
0.444771
0.390729
0.386104
0.369991
0.331868
0.405068
0.334843
0.454810
0.429240
0.384207
0.427179
0.429679
0.368595
0.361583
0.341387
0.320019
0.328408
0.433520
0.393940
0.423453
0.328025
0.451224
0.377293
0.455850
0.487906
0.488578
0.473235
0.444552
0.456434
0.464726
0.490160
0.477811
0.583571
0.545427
0.598865
0.572315
0.536350
0.527744
0.512996
0.565979
0.615378
0.586162
0.614317
0.577379
0.577852
0.620930
0.666764
0.671761
0.703131
0.621862
0.686831
0.695396
0.672752
0.693325
0.704191
0.674019
0.672740
0.661290
0.668423
0.654711
0.692438
0.725535
0.692736
0.738329
0.704661
0.695879
0.612735
0.687999
0.699779
0.712304
0.719857
0.724777
0.707256
0.650677
0.689583
0.751157
0.679347
0.741007
0.715020
0.778571
0.691333
0.675024
0.661679
0.760875
0.739988
0.723428
0.745532
0.772782
0.703321
0.692396
0.705504
0.742192
0.666345
0.740342
0.700925
0.616595
0.724539
0.708782
0.725493
0.719787
0.674227
0.680934
0.635622
0.702213
0.674611
0.675616
0.718451
0.740269
0.726017
0.701533
0.665426
0.739207
0.793376
0.688156
0.675150
0.777453
0.737653
0.753153
0.793895
0.751375
0.744036
0.718563
0.731504
0.783704
0.790442
0.789947
0.732307
0.774444
0.815650
0.754985
0.742106
0.830200
0.821766
0.825056
0.839710
0.800113
0.819624
0.832006
0.842023
0.867233
0.850991
0.859254
0.829223
0.815683
0.879866
0.836439
0.740852
0.826063
0.837318
0.813589
0.813658
0.796407
0.712520
0.814913
0.805543
0.839786
0.817567
0.765229
0.757095
0.769451
0.830955
0.793596
0.765683
0.758698
0.755741
0.811641
0.845222
0.796385
0.827609
0.812751
0.805965
0.836215
0.837188
0.796722
0.774537
0.760567
0.820587
0.777116
0.779005
0.825671
0.831037
0.812337
0.818367
0.828911
0.773233
0.789207
0.843480
0.825233
0.838076
0.814202
0.777371
0.790409
0.832143
0.815347
0.818971
0.822228
0.846035
0.853264
0.849866
0.832164
0.797376
0.753230
0.819774
0.830354
0.820307
0.814253
0.745860
0.809357
0.874643
0.829275
0.751243
0.827335
0.816710
0.805007
0.804343
0.801036
0.733645
0.712501
0.789091
0.763300
0.710667
0.785534
0.750604
0.778807
0.769235
0.744603
0.745868
0.751364
0.755613
0.742279
0.789420
0.769213
0.692900
0.696164
0.736747
0.770461
0.707174
0.737931
0.696124
0.701123
0.728801
0.722940
0.720270
0.711765
0.738267
0.756887
0.765782
0.784741
0.733910
0.780904
0.772762
0.792728
0.753979
0.750811
0.736084
0.760075
0.798447
0.757981
0.720533
0.752581
0.782438
0.759454
0.771288
0.798897
0.738495
0.679783
0.690703
0.691648
0.708058
0.660778
0.580392
0.635211
0.731353
0.608040
0.558239
0.594220
0.606563
0.565121
0.592965
0.614838
0.535204
0.555331
0.529302
0.561350
0.532787
0.469337
0.549497
0.563865
0.544526
0.456496
0.431365
0.469159
0.416819
0.384694
0.476691
0.489423
0.385600
0.410250
0.394599
0.439349
0.398213
0.478831
0.486507
0.333324
0.555188
0.425386
0.323300
0.353774
0.372736
0.358873
0.393942
0.481350
0.482920
0.445803
0.428538
0.463990
0.453549
0.464728
0.383082
0.336765
0.455385
0.356927
0.363532
0.300471
0.309023
0.280292
0.296345
0.373523
0.185616
0.299655
0.275976
0.185446
0.250258
0.316514
0.269925
0.196146
0.255065
0.225193
0.224495
0.126128
0.214416
0.037809
0.201270
0.161380
0.100526
0.224996
0.078489
0.094867
0.224891
0.123429
0.081391
0.156009
0.074829
0.064703
0.157795
0.107152
-0.019693
0.057827
0.011637
0.117426
0.131544
0.079385
-0.034252
0.081584
0.092269
0.077586
0.134026
0.104064
0.111369
0.054288
-0.007857
0.011809
0.022006
0.009820
0.051007
0.086652
0.057447
0.082042
-0.004888
0.065876
-0.008467
0.065789
0.048799
0.137569
0.059100
0.007960
0.003681
0.083246
0.053000
-0.042576
0.035251
0.103986
0.036477
0.071347
-0.007442
0.021246
0.026127
0.068322
-0.008301
0.091187
0.067164
0.019725
-0.017073
-0.005686
0.008790
-0.000395
0.060240
0.086523
0.006862
0.056962
0.013597
-0.003295
0.043875
0.046137
-0.061789
-0.040212
0.081065
-0.043838
-0.089981
0.079055
-0.067073
0.005434
0.061705
0.228724
