0.529603
0.471252
0.452575
0.562146
0.467169
0.463565
0.332094
0.402042
0.514234
0.410613
0.403758
0.295726
0.324872
0.351436
0.377647
0.464121
0.435265
0.391057
0.364668
0.450256
0.270204
0.440066
0.391253
0.279960
0.346819
0.231809
0.318794
0.380814
0.316119
0.226123
0.242862
0.336079
0.243804
0.333851
0.275662
0.251877
0.254890
0.286204
0.266485
0.248246
0.283497
0.226548
0.229851
0.267238
0.284136
0.266185
0.319688
0.262088
0.309835
0.297388
0.229422
0.237212
0.257026
0.226954
0.247877
0.315137
0.294864
0.320478
0.390069
0.275770
0.183952
0.316121
0.323727
0.439848
0.298688
0.342752
0.375073
0.355327
0.284345
0.359633
0.400998
0.421880
0.436642
0.369724
0.392861
0.249687
0.378656
0.267518
0.386539
0.355966
0.289660
0.369801
0.299716
0.312582
0.415566
0.326823
0.371301
0.341765
0.306380
0.325452
0.261738
0.345316
0.296545
0.305276
0.374827
0.461766
0.433974
0.462384
0.498257
0.466700
0.398644
0.419685
0.367965
0.381211
0.505380
0.309998
0.440251
0.388464
0.383623
0.439445
0.485240
0.540295
0.457566
0.394331
0.344720
0.406890
0.328595
0.370341
0.312663
0.363939
0.404939
0.420524
0.380894
0.236196
0.359722
0.316949
0.336045
0.257313
0.339464
0.249504
0.234397
0.286088
0.302804
0.308428
0.316977
0.298671
0.306606
0.363379
0.201373
0.243520
0.247637
0.171642
0.167717
0.248691
0.166582
0.323531
0.228385
0.193338
0.179508
0.134875
0.169821
0.218858
0.146770
0.168779
0.245136
0.142700
0.188828
0.125057
0.221997
0.187616
0.207722
0.201069
0.105842
0.151180
0.151430
0.207202
0.147702
0.239244
0.157573
0.129310
0.208988
0.125108
0.130940
0.201058
0.148161
0.141335
0.222082
0.141760
0.111017
0.113586
0.175475
0.190009
0.152704
0.218466
0.215130
0.192729
0.099942
0.147353
0.200958
0.148734
0.112993
0.159049
0.197098
0.228454
0.235515
0.168366
0.239015
0.174597
0.099572
0.217795
0.190649
0.144724
0.251524
0.201701
0.146860
0.183985
0.204827
0.280936
0.230096
0.268922
0.191135
0.125942
0.195127
0.232162
0.189002
0.233716
0.240108
0.187324
0.158479
0.207681
0.177551
0.229022
0.177985
0.258141
0.185838
0.192169
0.143610
0.188994
0.140523
0.194177
0.165116
0.140307
0.264292
0.178495
0.116134
0.074905
0.153453
0.070936
0.072751
0.109339
0.164531
0.119419
0.067297
0.144940
0.068737
0.150862
0.143016
0.092817
0.124978
0.144209
0.155808
0.053710
0.154809
-0.011370
0.101772
0.135315
0.081529
0.082771
0.057129
0.093000
0.242390
0.091671
0.056063
0.126593
0.105446
0.108302
0.126243
0.084612
-0.000288
0.043569
0.027153
0.072329
0.116890
0.075731
0.061396
0.031938
0.023562
0.065140
0.104372
0.120989
-0.021232
0.014460
0.078243
0.104301
0.010233
0.075106
0.016050
0.076709
0.038047
0.098284
0.045404
0.032402
-0.003955
0.055296
-0.020322
0.116040
0.057882
0.068893
0.006156
0.031238
0.031133
-0.031436
0.023003
0.055177
0.036629
0.070495
0.006466
0.012489
0.047105
0.035081
-0.007314
0.089525
0.029134
-0.011275
-0.010661
0.001848
0.093272
0.029269
0.029087
0.046686
0.045641
0.008126
0.002117
0.063214
0.006709
0.009091
0.022826
0.127921
0.019992
-0.020994
0.026342
-0.022746
0.062672
0.059710
0.067900
0.049836
0.035209
0.108790
0.057831
0.076351
0.091115
0.086764
0.226731
0.145077
0.047975
0.072498
0.073640
0.143321
0.096373
0.027974
0.120494
0.154037
0.121392
0.087777
0.035431
0.060799
0.094505
0.110624
0.030463
0.138743
0.069466
0.031756
0.087487
-0.006399
0.149100
0.013754
0.076304
0.101013
0.158865
0.108906
0.028733
0.046459
0.096875
0.073602
-0.007838
0.147433
0.144477
0.034747
0.018637
0.033672
0.071750
0.046106
0.040211
0.055639
0.087807
0.080092
0.010987
0.039805
0.081803
0.085177
0.107577
0.098709
0.051895
0.031991
0.119684
0.089879
0.087204
0.015488
0.055333
0.081684
0.159296
0.145868
0.015728
0.102890
0.080292
0.136642
0.073810
0.126830
0.201872
0.099094
0.043575
0.180559
0.162665
0.092220
0.134144
0.163529
0.137505
0.216923
0.137929
0.141318
0.153447
0.221430
0.259949
0.226453
0.198800
0.124070
0.151890
0.202613
0.222576
0.161782
0.192507
0.274209
0.232215
0.281334
0.265372
0.284959
0.311180
0.374917
0.320727
0.308388
0.439921
0.322428
0.199293
0.335782
0.244351
0.245713
0.332310
0.433236
0.363228
0.417154
0.408129
0.397928
0.395733
0.381193
0.286916
0.363958
0.400839
0.322855
0.314840
0.422008
0.333040
0.368797
0.338434
0.470821
0.435327
0.372413
0.378288
0.295456
0.357976
0.373287
0.337987
0.381092
0.386694
0.245969
0.367253
0.303338
0.270947
0.260150
0.385034
0.236763
0.195162
0.255498
0.205240
0.277360
0.253134
0.293456
0.242026
0.270967
0.282961
0.288838
0.221678
0.295301
0.333749
0.303483
0.323407
0.390104
0.462639
0.430341
0.348802
0.308938
0.278044
0.416132
0.435253
0.366449
0.463345
0.403845
0.480787
0.348142
0.340975
0.440721
0.354143
0.428500
0.359987
0.411091
0.330329
0.311381
0.305318
0.388998
0.321566
0.366786
0.437976
0.306883
0.447056
0.387748
0.429194
0.378623
0.459102
0.419838
0.462795
0.366907
0.247040
0.292362
0.392280
0.356462
0.208839
0.399225
0.395267
0.273789
0.257938
0.282098
0.325852
0.264919
0.216549
0.235335
0.216014
0.337950
0.243676
0.276632
0.246274
0.166113
0.264126
0.218495
0.302673
0.245776
0.180760
0.276885
0.325387
0.329454
0.299693
0.312635
0.327193
0.265060
0.244373
0.244955
0.323939
0.401796
0.377781
0.368764
0.371404
0.381068
0.336266
0.294448
0.294882
0.224874
0.357641
0.467561
0.307893
0.478514
0.439507
0.416582
0.512655
0.415612
0.366493
0.391115
0.482202
0.377521
0.393814
0.357211
0.365623
0.305129
0.398941
0.437025
0.326683
0.488310
0.496017
0.505532
0.485660
0.495128
0.544458
0.401941
0.565558
0.428400
0.426053
0.455061
0.521316
0.502755
0.504720
0.609277
0.453407
0.525257
0.482123
0.460744
0.490399
0.527604
0.453626
0.507454
0.503692
0.453060
0.551462
0.460978
0.446266
0.545714
0.507822
0.604452
0.601365
0.490875
0.545314
0.423668
0.437715
0.487804
0.488817
0.502984
0.465950
0.416487
0.432385
0.438502
0.496998
0.416397
0.363481
0.431634
0.359053
0.299268
0.252949
0.329135
0.318072
0.358457
0.382200
0.392050
0.399189
0.302755
0.327124
0.411856
0.394945
0.365492
0.364728
0.446276
0.302107
0.434351
0.432961
0.521455
0.424349
0.431902
0.409179
0.455959
0.514898
0.441619
0.458307
0.463534
0.495991
0.525282
0.468963
0.644567
0.577183
0.517456
0.582876
0.499711
0.538941
0.565647
0.595967
0.481128
0.507305
0.540340
0.431658
0.513806
0.488520
0.434595
0.451833
0.490113
0.453593
0.428261
0.432428
0.343960
0.457860
0.448952
0.504674
0.421628
0.451574
0.413318
0.373378
0.425975
0.411024
0.410104
0.386551
0.415229
0.432835
0.384474
0.377349
0.381595
0.449201
0.526552
0.301659
0.356853
0.444689
0.403079
0.421984
0.330883
0.354107
0.363204
0.359899
0.433700
0.458420
0.400910
0.400516
0.385543
0.380307
0.354770
0.365171
0.396314
0.434883
0.383781
0.333564
0.424611
0.318303
0.366854
0.418145
0.368585
0.363651
0.395649
0.340035
0.459567
0.451821
0.518963
0.344423
0.417447
0.468340
0.344249
0.328655
0.394266
0.422940
0.406101
0.473758
0.521491
0.546403
0.469479
0.428770
0.515430
0.473330
0.568349
0.447879
0.453083
0.599670
0.531192
0.377006
0.500732
0.378781
0.485004
0.482727
0.527091
0.537452
0.519305
0.410202
0.508451
0.496598
0.491824
0.511847
0.523696
0.542827
0.528477
0.421835
0.459241
0.496396
0.489944
0.501135
0.458557
0.387994
0.564175
0.476950
0.529807
0.522782
0.474144
0.465266
0.504282
0.527347
0.546478
0.576772
0.562612
0.556023
0.592622
0.566604
0.650184
0.627955
0.615184
0.632956
0.681450
0.636333
0.596704
0.600421
0.616263
0.695227
0.632352
0.632814
0.677278
0.654216
0.677143
0.658883
0.705477
0.663833
0.707034
0.702156
0.696405
0.685895
0.713150
0.736941
0.672305
0.749389
0.704000
0.659150
0.591570
0.616945
0.631494
0.671371
0.671930
0.597886
0.637152
0.668763
0.599548
0.705230
0.664501
0.473905
0.510406
0.618351
0.496917
0.621400
0.528708
0.473963
0.490142
0.517325
0.547766
0.487541
0.574751
0.558878
0.515004
0.529955
0.526552
0.380813
0.493910
0.613779
0.490274
0.422798
0.500519
0.463019
0.424538
0.511181
0.439350
0.444298
0.487418
0.378424
0.329716
0.468999
0.461697
0.425021
0.455934
0.540497
0.465269
0.492895
0.549547
0.422443
0.403475
0.440269
0.591658
0.449002
0.464245
0.508452
0.562286
0.471983
0.432426
0.443370
0.473390
0.540480
0.463722
0.328387
0.448792
0.452727
0.393142
0.372896
0.365284
0.421420
0.487092
0.502318
0.549397
0.527792
0.526053
0.395282
0.430122
0.574007
0.520555
0.476905
0.506858
0.528160
0.561196
0.504164
0.626248
0.625002
0.597085
0.599890
0.620160
0.636898
0.601237
0.522495
0.578424
0.703995
0.595199
0.600576
0.633701
0.602021
0.690737
0.660776
0.721741
0.666802
0.668145
0.708489
0.679891
0.664717
0.654365
0.650843
0.676474
0.672504
0.661080
0.654491
0.662238
0.666253
0.683813
0.665984
0.653022
0.577102
0.624418
0.620462
0.632192
0.653072
0.633242
0.603945
0.595741
0.707318
0.670045
0.737741
0.578031
0.629394
0.633617
0.693584
0.730037
0.653690
0.706732
0.647594
0.673245
0.710895
0.656562
0.589469
0.654742
0.772749
0.629823
0.663599
0.692516
0.638163
0.691961
0.681571
0.685798
0.551884
0.729496
0.744624
0.772025
0.735219
0.679486
0.681050
0.730739
0.759568
0.730210
0.702145
0.705552
0.747752
0.718427
0.740699
0.814112
0.771832
0.744615
0.766963
0.795870
0.714667
0.734216
0.760865
0.715237
0.764934
0.764980
0.688664
0.851486
0.789328
0.800316
0.778441
0.850050
0.837224
0.730140
0.749074
0.704732
0.775810
0.724673
0.776179
0.852099
0.901728
0.725293
0.827680
0.819850
0.784251
0.759286
0.746805
0.277269
