0.516676
0.274845
0.023913
0.185192
0.098537
0.187154
0.064794
0.120525
0.186672
0.111615
0.206190
0.193407
0.228435
0.098840
0.074775
0.130522
0.196264
0.173258
0.096948
0.092881
0.181516
0.219785
0.063866
0.228085
0.185941
0.112652
0.208311
0.160357
0.087164
0.108274
0.147418
0.176445
0.143395
0.264464
0.152773
0.163390
0.195564
0.159536
0.092298
0.222864
0.182444
0.153117
0.132249
0.176644
0.151118
0.219365
0.205027
0.244060
0.232012
0.233426
0.154419
0.224091
0.235945
0.298358
0.244927
0.207979
0.220104
0.226389
0.283974
0.207557
0.243083
0.155137
0.251718
0.335470
0.297142
0.325103
0.221389
0.189368
0.205120
0.244751
0.296476
0.231462
0.221059
0.245696
0.186402
0.277700
0.301844
0.146567
0.268061
0.292004
0.249352
0.375481
0.296720
0.249004
0.257048
0.252374
0.253096
0.266664
0.354237
0.214655
0.287825
0.291981
0.216454
0.236191
0.196636
0.276079
0.251662
0.328125
0.250238
0.251855
0.360237
0.280719
0.229678
0.282774
0.356375
0.290831
0.261864
0.248424
0.363607
0.235256
0.284922
0.332551
0.347723
0.333400
0.296334
0.408805
0.401601
0.395135
0.408999
0.378652
0.437787
0.389286
0.363629
0.351939
0.439586
0.371304
0.350732
0.442559
0.516296
0.421333
0.390546
0.307200
0.464098
0.449358
0.376018
0.390880
0.412570
0.391355
0.450185
0.379426
0.340784
0.397610
0.384190
0.420725
0.446275
0.437786
0.345963
0.408201
0.232432
0.329206
0.228100
0.389686
0.348320
0.258461
0.268941
0.307234
0.269056
0.247775
0.269178
0.256133
0.279034
0.169105
0.161392
0.188777
0.136148
0.184971
0.149185
0.251978
0.180631
0.177584
0.144109
0.171500
0.069593
0.122213
0.077744
0.166802
0.093718
0.114595
0.126344
0.090904
0.089154
0.153204
0.149164
0.129874
0.067702
0.079400
0.097592
0.050918
0.069360
0.072369
0.131926
0.082505
0.146005
0.147852
0.066161
0.081623
0.110205
0.151315
0.042597
0.136538
0.176928
0.072453
0.096354
0.079511
0.031511
0.041369
0.078101
0.115788
0.090281
0.165148
0.102485
0.113343
0.086464
0.149522
0.155148
0.141788
0.084159
0.132826
0.112086
0.135014
0.132424
0.064736
0.129519
0.205578
0.099434
0.226254
0.145857
0.149903
0.139878
0.132126
0.122197
0.187933
0.031792
0.181270
0.171981
0.176881
0.154605
0.144982
0.076497
0.189330
0.206419
0.128783
0.139719
0.076584
0.155198
0.128315
0.083114
0.176499
0.139197
0.101722
0.079516
0.190946
0.146226
0.091675
0.133366
0.103562
0.167347
0.170340
0.079781
0.163259
0.141259
0.141467
0.030153
0.191665
0.144848
0.084792
0.128415
0.100266
0.064085
0.189589
0.122704
0.153207
0.152006
0.177350
0.051727
0.122625
-0.000516
0.136802
0.150508
0.124392
0.228856
0.082143
0.058733
0.142883
0.081306
0.109313
0.143592
0.133568
0.163109
0.210351
0.149058
0.104249
0.134119
0.204588
0.203130
0.147584
0.222108
0.168315
0.168106
0.203682
0.074610
0.078959
0.127676
0.147085
0.151626
0.164084
0.132075
0.151732
0.145819
0.236936
0.100415
0.244237
0.244339
0.254376
0.191559
0.244675
0.153443
0.137843
0.160424
0.255451
0.332556
0.158549
0.168411
0.140994
0.266525
0.227781
0.103136
0.270271
0.262703
0.153919
0.099679
0.159697
0.100850
0.095025
0.035560
0.182535
0.100385
0.263083
0.130252
0.177440
0.158189
0.156502
0.164750
0.142708
0.192114
0.110403
0.131949
0.197772
0.142708
0.120146
0.116554
0.192249
0.260083
0.198318
0.198752
0.292555
0.209160
0.353694
0.349703
0.240708
0.340828
0.234475
0.230794
0.238959
0.267928
0.227782
0.288835
0.315677
0.435679
0.286094
0.292202
0.312833
0.274073
0.363539
0.425865
0.297408
0.332454
0.261113
0.280468
0.336457
0.318517
0.255930
0.292283
0.369771
0.386163
0.376324
0.328019
0.323288
0.358513
0.443198
0.400421
0.397222
0.430075
0.354401
0.266300
0.365430
0.348254
0.324519
0.383782
0.439989
0.448797
0.459207
0.428820
0.460592
0.392845
0.417665
0.483837
0.467539
0.475924
0.442320
0.478401
0.479453
0.466074
0.410665
0.482410
0.474188
0.329325
0.468241
0.463689
0.418985
0.355292
0.375333
0.427043
0.432907
0.462015
0.380417
0.337899
0.438504
0.371478
0.379982
0.347367
0.439598
0.386106
0.394496
0.421378
0.508639
0.446308
0.551351
0.466304
0.471977
0.522516
0.469752
0.375162
0.461088
0.416064
0.459224
0.493142
0.550889
0.517846
0.572446
0.607061
0.623329
0.632668
0.579559
0.580167
0.543925
0.593004
0.567680
0.490900
0.590219
0.536063
0.584949
0.626819
0.646741
0.641448
0.603200
0.629417
0.666209
0.620007
0.600377
0.638910
0.593574
0.603416
0.567790
0.567375
0.567025
0.609356
0.545710
0.602075
0.574316
0.517782
0.645672
0.550137
0.547436
0.479444
0.492936
0.468308
0.547982
0.593689
0.559102
0.561417
0.561542
0.501608
0.583209
0.512942
0.592467
0.569862
0.577496
0.624443
0.633205
0.642714
0.547667
0.612829
0.578124
0.584350
0.578704
0.628935
0.553421
0.595306
0.667660
0.662944
0.634173
0.570857
0.617489
0.660170
0.648754
0.612318
0.625601
0.566070
0.586120
0.647165
0.612387
0.581072
0.622439
0.577389
0.559506
0.603959
0.594463
0.590909
0.577984
0.515017
0.540266
0.579027
0.579572
0.507553
0.470634
0.576814
0.556245
0.494009
0.458196
0.508772
0.491454
0.491302
0.489832
0.454135
0.404654
0.396646
0.396129
0.337940
0.406143
0.393525
0.360435
0.526591
0.386629
0.314465
0.371347
0.341675
0.311127
0.356144
0.297980
0.279764
0.346409
0.263197
0.321194
0.305753
0.273675
0.199538
0.271950
0.228192
0.284526
0.341205
0.227128
0.234552
0.235019
0.273470
0.318504
0.363339
0.306766
0.253007
0.239625
0.265984
0.303049
0.210155
0.253133
0.316064
0.226169
0.231533
0.176631
0.182713
0.208366
0.218900
0.164927
0.231519
0.307598
0.189467
0.244501
0.184585
0.258589
0.193362
0.241792
0.292824
0.233171
0.151160
0.234393
0.246489
0.148199
0.249240
0.292794
0.348548
0.327819
0.302961
0.273547
0.267544
0.298709
0.284968
0.328282
0.226865
0.307652
0.320951
0.276310
0.272904
0.291971
0.343541
0.407870
0.322386
0.403608
0.260636
0.355496
0.327677
0.432065
0.324330
0.361706
0.407874
0.297255
0.276652
0.398992
0.480705
0.390885
0.438999
0.469577
0.339227
0.468109
0.411045
0.392915
0.315095
0.360991
0.510828
0.473676
0.525749
0.514092
0.571393
0.523768
0.495092
0.457237
0.471800
0.503139
0.444201
0.521276
0.526339
0.586585
0.545606
0.524322
0.525089
0.514831
0.628568
0.569575
0.503188
0.523448
0.511113
0.557584
0.543435
0.545532
0.568717
0.549721
0.620296
0.615746
0.536094
0.542843
0.584467
0.443665
0.603263
0.532724
0.346909
0.451447
0.464371
0.435045
0.387643
0.565265
0.538572
0.507921
0.514102
0.502524
0.507960
0.494437
0.515548
0.457760
0.447435
0.514104
0.431999
0.506659
0.405316
0.329409
0.335386
0.356364
0.364466
0.482293
0.382228
0.530490
0.479150
0.592025
0.411751
0.449969
0.515754
0.464304
0.547760
0.465555
0.451934
0.488387
0.467165
0.594286
0.596818
0.632504
0.653440
0.575530
0.586740
0.544810
0.552552
0.580401
0.676277
0.518240
0.611962
0.620843
0.621120
0.663237
0.647476
0.645840
0.647281
0.665917
0.669615
0.694382
0.718292
0.674453
0.637919
0.637492
0.678389
0.648461
0.602174
0.593395
0.573308
0.600245
0.631967
0.650603
0.589969
0.562027
0.632134
0.593519
0.582597
0.553602
0.621143
0.534491
0.650236
0.594240
0.509427
0.533156
0.495016
0.533279
0.514937
0.570142
0.481210
0.578228
0.459549
0.526658
0.548009
0.536595
0.576617
0.541619
0.597297
0.477559
0.498386
0.449086
0.507221
0.526682
0.622223
0.623631
0.638516
0.637836
0.608890
0.665886
0.673705
0.654330
0.661025
0.581999
0.693980
0.562235
0.540338
0.603998
0.618927
0.588628
0.668700
0.692248
0.596579
0.684841
0.714099
0.767140
0.767681
0.763262
0.671454
0.667715
0.788517
0.720477
0.746735
0.751578
0.745124
0.830263
0.808158
0.833843
0.842231
0.793561
0.818362
0.836647
0.830561
0.826115
0.782794
0.784945
0.815649
0.823790
0.796622
0.808557
0.811257
0.828819
0.838535
0.837714
0.824139
0.856657
0.822191
0.880444
0.850392
0.832991
0.826514
0.842247
0.848008
0.842627
0.844892
0.829370
0.803807
0.851722
0.823209
0.773086
0.794818
0.855519
0.879908
0.916970
0.898126
0.896724
0.873805
0.908092
0.873692
0.876675
0.854947
0.881974
0.861712
0.909191
0.900291
0.913212
0.895366
0.912814
0.934445
0.953836
0.941103
0.945700
0.909346
0.930998
0.932346
0.917695
0.895750
0.944633
0.936205
0.952035
0.934528
0.948813
0.900688
0.935867
0.955328
0.963497
0.950723
0.949180
0.928301
0.952410
0.947046
0.943930
0.934994
0.961661
0.953891
0.952045
0.932491
0.943136
0.914679
0.926093
0.942782
0.955727
0.952457
0.963476
0.951846
0.946267
0.959954
0.948580
0.914966
0.952103
0.933031
0.942515
0.935665
0.939675
0.916055
0.928727
0.927265
0.949608
0.933082
0.951404
0.898482
0.919180
0.942837
0.916181
0.895346
0.919646
0.904987
0.880504
0.883480
0.849976
0.804673
0.854600
0.856830
0.888929
0.847528
0.834240
0.824608
0.854666
0.867527
0.828686
0.794184
0.816425
0.823648
0.821868
0.809206
0.799330
0.822962
0.797184
0.825972
0.856996
0.820142
0.807865
0.801463
0.782887
0.823559
0.813258
0.827732
0.779534
0.745181
0.831275
0.781010
0.775634
0.763849
0.698645
0.731116
0.731319
0.658723
0.694547
0.676178
0.716802
0.786397
0.687072
0.694439
0.681375
0.699239
0.712554
0.729487
0.707096
0.731465
0.581650
0.648093
0.570359
0.581342
0.589770
0.543385
0.570926
0.632314
0.527496
0.530648
0.594057
0.546372
0.628826
0.530673
0.511560
0.431126
0.424728
0.463866
0.427095
0.402898
0.392441
0.371631
0.369076
0.417771
0.409941
0.455828
0.321021
0.268456
0.276348
0.260813
0.257073
0.270070
0.209028
0.179816
0.256550
0.185318
0.240845
0.267567
0.168609
0.388950
0.152885
0.157726
0.312849
0.250492
0.303968
0.248888
0.267949
