0.555300
0.523392
0.528285
0.593323
0.544258
0.569188
0.463249
0.486008
0.667442
0.460143
0.406343
0.429054
0.455622
0.540374
0.551179
0.554077
0.613038
0.537251
0.519832
0.575133
0.551670
0.639441
0.567901
0.567543
0.603035
0.545640
0.520728
0.471293
0.470717
0.453850
0.530094
0.615025
0.519906
0.528855
0.585695
0.557765
0.526350
0.508627
0.599554
0.500836
0.575978
0.485463
0.375833
0.542244
0.482659
0.510210
0.476906
0.579220
0.502628
0.559448
0.579723
0.542932
0.575669
0.522104
0.568934
0.572553
0.571517
0.504804
0.511496
0.549997
0.578756
0.563825
0.662926
0.690963
0.584228
0.681735
0.689698
0.694375
0.647203
0.711271
0.673611
0.733645
0.787064
0.689629
0.705842
0.749719
0.759809
0.701081
0.718264
0.762770
0.734447
0.807225
0.769416
0.807816
0.832832
0.835210
0.771657
0.845087
0.864492
0.827898
0.811846
0.799657
0.782663
0.841542
0.845820
0.847158
0.800267
0.850211
0.859316
0.899677
0.879070
0.895577
0.848978
0.867704
0.849047
0.879379
0.866139
0.859291
0.862114
0.897845
0.875527
0.857857
0.858590
0.869904
0.861807
0.900750
0.890486
0.891797
0.869099
0.901688
0.896760
0.860630
0.853624
0.862170
0.855469
0.857240
0.850022
0.857463
0.815491
0.864086
0.882805
0.902497
0.878764
0.873626
0.880287
0.856020
0.847080
0.866942
0.849945
0.846057
0.815714
0.866762
0.817837
0.845336
0.828735
0.856073
0.823623
0.847277
0.834691
0.836448
0.816521
0.822547
0.827279
0.822717
0.779168
0.818085
0.828883
0.859274
0.813068
0.813898
0.807357
0.810907
0.844435
0.875007
0.817258
0.797796
0.822816
0.855944
0.863098
0.825403
0.800897
0.854405
0.841562
0.874717
0.828023
0.834834
0.824010
0.830930
0.862028
0.908610
0.904007
0.908705
0.904101
0.873760
0.923185
0.898532
0.854309
0.902046
0.862959
0.888080
0.861063
0.873745
0.865479
0.864782
0.896385
0.921646
0.889224
0.881825
0.856321
0.868918
0.869651
0.843396
0.875614
0.860566
0.851188
0.890697
0.867036
0.861673
0.855854
0.821874
0.872900
0.907415
0.883540
0.882369
0.837395
0.861378
0.853647
0.846975
0.809612
0.862138
0.836326
0.845874
0.813428
0.778923
0.821241
0.790848
0.832316
0.856144
0.875284
0.846300
0.768636
0.809418
0.882526
0.799807
0.752553
0.811814
0.799051
0.793909
0.809208
0.847871
0.787154
0.779756
0.815938
0.825951
0.832296
0.790406
0.715406
0.688293
0.772519
0.726261
0.700081
0.719736
0.752361
0.718480
0.716488
0.737596
0.611885
0.714513
0.756307
0.705754
0.687630
0.673728
0.700628
0.692538
0.746715
0.636361
0.665816
0.631803
0.670792
0.649010
0.642455
0.620655
0.670862
0.561274
0.624826
0.679582
0.626476
0.647240
0.599044
0.561550
0.658972
0.524234
0.537460
0.610481
0.571128
0.579899
0.554691
0.630140
0.537672
0.567531
0.618085
0.530763
0.520961
0.541383
0.491561
0.508128
0.585241
0.490536
0.368623
0.520339
0.431416
0.438387
0.417612
0.467486
0.428241
0.346999
0.384258
0.368788
0.320662
0.406775
0.351082
0.400540
0.382967
0.322492
0.324396
0.389899
0.326854
0.340333
0.387289
0.390336
0.367977
0.387278
0.320090
0.344936
0.185482
0.282305
0.331508
0.384588
0.274762
0.276257
0.322328
0.317927
0.328518
0.299044
0.335552
0.309712
0.389390
0.239557
0.207635
0.305459
0.219421
0.253411
0.260997
0.344587
0.260395
0.248889
0.305590
0.248840
0.337863
0.317079
0.297408
0.342030
0.390673
0.416360
0.354246
0.346123
0.293244
0.299627
0.337443
0.337353
0.289210
0.272530
0.312524
0.325582
0.297132
0.344949
0.309090
0.272422
0.270257
0.270490
0.191308
0.195190
0.198079
0.260856
0.130914
0.271569
0.370511
0.184705
0.331139
0.266410
0.127571
0.164801
0.193129
0.234658
0.219096
0.227408
0.200171
0.131099
0.122192
0.112785
0.137207
0.147103
0.192698
0.137054
0.177186
0.158459
0.023193
0.112581
0.133172
0.123249
0.052748
0.140887
0.077596
0.067635
0.083922
0.074361
0.118323
0.098276
0.060312
0.069286
0.075356
0.047784
0.051360
0.031662
0.036495
0.061412
0.063965
0.119995
0.051343
0.056241
0.028702
0.135909
0.024734
0.102064
0.150353
0.040249
0.056091
0.071857
0.116089
0.036558
0.090449
0.133925
0.155672
0.118206
0.099806
0.055155
0.146370
0.155888
0.190520
0.093356
0.156345
0.095933
0.080666
0.144444
0.152942
0.074901
0.143670
0.171807
0.058762
0.116229
0.155148
0.126546
0.083847
0.144294
0.094872
0.166324
0.144460
0.158380
0.181056
0.087486
0.128938
0.091407
0.184649
0.231816
0.104405
0.161490
0.136169
0.198349
0.164629
0.125392
0.137763
0.154965
0.139675
0.128560
0.100664
0.165533
0.161890
0.054929
0.069430
0.141596
0.060557
0.193255
0.135285
0.095463
0.140467
0.170701
0.081264
0.069312
0.186910
0.132406
0.061635
0.155943
0.143091
0.124944
0.176835
0.211642
0.159463
0.221595
0.147069
0.116721
0.164919
0.201186
0.197813
0.284925
0.210674
0.189834
0.299909
0.257298
0.251826
0.208963
0.347546
0.343830
0.357568
0.307918
0.240142
0.183092
0.252527
0.345696
0.319205
0.379765
0.318699
0.332431
0.380905
0.291602
0.289553
0.258345
0.344016
0.408869
0.388966
0.311071
0.272941
0.257752
0.273863
0.284549
0.370604
0.310901
0.295629
0.288500
0.347872
0.364321
0.293968
0.334078
0.373500
0.337355
0.262923
0.345786
0.287521
0.308160
0.250850
0.367007
0.254747
0.297537
0.397708
0.307967
0.268629
0.339976
0.304220
0.242179
0.316348
0.332446
0.340262
0.441692
0.380049
0.404784
0.395618
0.375912
0.437307
0.380404
0.510388
0.417027
0.392509
0.351802
0.420344
0.391861
0.389222
0.400372
0.327385
0.444750
0.390407
0.496294
0.426602
0.455729
0.411707
0.362847
0.513615
0.404251
0.262013
0.409918
0.458985
0.385398
0.412942
0.456341
0.518541
0.418534
0.452085
0.435564
0.466227
0.441401
0.401823
0.374796
0.480882
0.380523
0.254856
0.354807
0.409250
0.415105
0.405886
0.499499
0.429290
0.330998
0.398328
0.370640
0.388902
0.403013
0.418026
0.316204
0.506119
0.419824
0.304865
0.292181
0.373183
0.354031
0.310165
0.356433
0.384659
0.260481
0.259736
0.284476
0.266195
0.345896
0.383026
0.308026
0.353078
0.343060
0.291591
0.293025
0.242809
0.262962
0.213103
0.259876
0.321291
0.210485
0.235131
0.281495
0.280876
0.227279
0.151366
0.270514
0.122577
0.173689
0.265500
0.213166
0.164116
0.131927
0.148594
0.137635
0.260097
0.160747
0.068250
0.115332
0.099645
0.120727
0.154052
0.197452
0.297928
0.106295
0.106200
0.132733
0.129538
0.087855
0.158789
0.151545
0.118647
0.110118
0.079302
0.179028
0.143669
0.123217
0.071274
0.162072
0.081921
0.104515
0.112248
0.047705
0.049534
0.126741
0.141800
0.168062
0.165394
0.097620
0.046712
0.097748
0.109041
0.186285
0.065041
0.143488
0.143807
0.005405
0.063877
0.089595
0.051513
0.005260
0.058101
0.157654
0.042240
0.089454
0.064978
0.069211
0.065851
0.131404
0.059573
0.170764
0.011560
0.046006
-0.001588
0.057310
0.102390
0.062213
0.065077
0.122250
0.002328
0.102613
0.052921
0.059506
0.038681
0.118406
0.100632
0.134813
0.057824
0.030412
0.066629
-0.004489
0.098509
0.003344
0.129573
0.151073
0.087353
0.115698
0.136624
0.128929
0.057165
0.094205
0.073290
0.162088
0.076527
0.127924
0.092964
0.209770
0.098729
0.020227
0.147310
0.161369
0.153805
0.092177
0.064521
0.056427
0.021883
0.128806
0.114982
0.166392
0.093821
0.043347
0.133133
0.075436
0.102329
0.032673
0.093955
0.113017
0.052260
0.089653
0.027592
0.065541
0.043013
0.064192
-0.040524
0.105175
0.050521
0.038305
0.022857
-0.011785
0.008064
0.058461
0.029006
0.075562
0.003722
0.024453
-0.009170
0.029951
-0.043198
-0.007808
0.031148
0.123132
0.003865
0.072652
0.014839
0.036898
0.028139
-0.071835
0.081066
0.027075
0.078738
0.021948
0.005238
0.025922
0.032667
0.042243
0.002451
0.089201
0.054126
0.024505
-0.009666
0.078569
0.044223
-0.017270
0.042350
0.045894
0.039552
0.091186
-0.024369
0.007620
0.026445
0.026884
0.014215
0.093381
0.064881
-0.018217
0.056646
0.007062
-0.076786
0.033634
-0.027442
0.060152
0.001227
0.054295
0.016222
0.062289
-0.019857
0.041171
0.029838
0.090418
0.042534
-0.021035
0.010636
0.006842
-0.023628
0.020335
0.008905
0.081013
0.024317
0.056437
0.027184
0.037825
0.026220
0.122888
0.013936
0.121865
0.110673
0.018601
0.012439
0.122046
0.158313
0.007021
0.023447
0.067212
0.172074
0.140264
0.068928
0.080759
0.029368
0.122400
0.185920
0.070193
0.233678
0.176860
0.094346
0.132284
0.099447
0.095972
0.190190
0.139160
0.100371
0.136623
0.095752
0.100814
0.092798
0.099769
0.102974
0.105635
0.111105
0.130577
0.101244
0.052092
0.076376
0.124201
0.130171
0.090030
0.117238
0.078074
0.041422
0.098432
0.091709
0.080831
0.042979
0.137711
0.105499
0.079075
0.089930
0.092717
0.025357
0.046098
0.089836
0.147884
0.117055
0.060771
0.024236
0.053290
0.061223
0.195599
0.181663
0.132793
0.143391
0.053482
0.023931
0.101901
0.088562
0.081577
0.053405
0.164116
0.200695
0.119142
0.060830
0.126509
0.037531
0.152535
0.122204
0.081137
0.173091
0.085185
0.029825
0.031602
0.144040
0.056256
0.082778
0.110628
0.108842
0.121205
0.117844
0.056755
0.153238
0.121960
0.145870
0.151570
0.145885
0.175484
0.071422
0.153071
0.085607
0.038038
0.160312
0.146735
0.157913
0.197830
0.176499
0.063940
0.093736
0.200894
0.084745
0.174195
0.208078
0.114137
0.076540
0.204923
0.154356
0.086426
0.158469
0.211465
0.026535
0.185261
0.164104
0.131789
0.087109
0.157100
0.082579
0.171877
0.199314
0.080861
0.136562
0.153442
0.198559
0.110255
0.174566
0.219336
0.155520
0.211443
0.209254
0.227125
0.220979
0.218819
0.205728
0.228822
0.182984
0.212282
0.144497
0.165151
0.142937
0.110894
0.126753
0.285422
0.348275
0.227612
0.269750
0.216546
0.157046
0.172921
0.290516
0.194512
0.416355
0.159846
0.191951
0.335909
0.238813
0.319918
0.227452
0.247684
