0.434809
0.181020
0.079882
0.073209
-0.020294
0.137832
0.006547
0.010739
0.160653
0.066981
0.089700
0.068634
0.179861
0.072478
0.071788
0.151154
0.084574
0.173333
0.117617
0.068985
0.097087
0.219400
0.187507
0.140175
0.198163
0.089269
0.104357
0.102386
0.109250
0.068242
0.149472
0.099915
0.226419
0.224945
0.131805
0.172194
0.170234
0.190039
0.236710
0.181588
0.143019
0.133600
0.125760
0.130075
0.155198
0.166412
0.129063
0.170905
0.207398
0.237732
0.075594
0.159795
0.177285
0.225828
0.193104
0.215701
0.289883
0.197023
0.200268
0.174096
0.137457
0.207066
0.180691
0.233839
0.208765
0.272137
0.268258
0.232445
0.214067
0.198699
0.239904
0.192083
0.253647
0.237723
0.179256
0.252175
0.302861
0.227431
0.267415
0.230761
0.339129
0.252748
0.207940
0.143722
0.270407
0.267539
0.152334
0.232920
0.268907
0.207811
0.229164
0.150165
0.040542
0.126216
0.163865
0.184701
0.179876
0.294561
0.159461
0.208196
0.268898
0.275105
0.251983
0.221941
0.262831
0.134635
0.144290
0.085877
0.188502
0.124097
0.155965
0.141066
0.168875
0.175170
0.158499
0.105787
0.212175
0.120228
0.092098
0.140296
0.181406
0.178378
0.162704
0.150993
0.120609
0.154249
0.170275
0.303154
0.280679
0.273739
0.266313
0.171792
0.232240
0.290678
0.291425
0.236915
0.319836
0.210479
0.119398
0.279446
0.215961
0.184238
0.244203
0.287940
0.195253
0.184326
0.178559
0.251312
0.206387
0.218603
0.146537
0.184325
0.347359
0.193516
0.263167
0.194698
0.134590
0.170024
0.160351
0.244906
0.160451
0.216364
0.173811
0.184597
0.132131
0.179835
0.265626
0.237428
0.193436
0.203219
0.118251
0.173895
0.188815
0.222454
0.211586
0.192512
0.194536
0.198284
0.152239
0.208613
0.294028
0.237659
0.247214
0.250669
0.282275
0.214793
0.240129
0.195887
0.230982
0.167077
0.251023
0.228984
0.329065
0.258133
0.200732
0.268436
0.243065
0.275111
0.216532
0.260223
0.336565
0.308712
0.286040
0.180701
0.076184
0.162530
0.123803
0.288136
0.113253
0.207404
0.208058
0.185439
0.255330
0.207117
0.181971
0.251723
0.179751
0.168174
0.234805
0.205327
0.216730
0.169325
0.254255
0.272747
0.230406
0.377419
0.223170
0.216577
0.207531
0.213831
0.252715
0.289352
0.352148
0.284768
0.236009
0.220033
0.300823
0.239149
0.286143
0.319423
0.289897
0.323130
0.291133
0.268335
0.293967
0.242823
0.294491
0.331261
0.286113
0.204050
0.270528
0.176965
0.199672
0.194308
0.285154
0.245412
0.227447
0.212671
0.152056
0.240400
0.152098
0.205412
0.217076
0.188021
0.138308
0.212965
0.176400
0.118618
0.120619
0.121388
0.134137
0.205661
0.205863
0.181277
0.175537
0.184316
0.159709
0.170094
0.231566
0.247523
0.214297
0.134831
0.125194
0.166827
0.166730
0.139525
0.127063
0.223989
0.252320
0.231846
0.200065
0.127684
0.237720
0.192071
0.134116
0.193679
0.211522
0.202210
0.120642
0.242223
0.261680
0.182533
0.220503
0.302884
0.223462
0.308555
0.320260
0.309398
0.252881
0.255057
0.244661
0.319525
0.224875
0.203634
0.202530
0.252538
0.321959
0.270837
0.274581
0.357530
0.207587
0.286289
0.324503
0.266159
0.277693
0.288780
0.212676
0.226315
0.361842
0.312133
0.271225
0.330376
0.266622
0.197453
0.231888
0.359276
0.301408
0.265503
0.240483
0.196730
0.154307
0.261437
0.218492
0.181390
0.169268
0.108079
0.181656
0.183103
0.142151
0.128549
0.130709
0.173682
0.127355
0.209905
0.100918
0.117377
0.212184
0.129306
0.178386
0.186424
0.080646
0.100344
0.156282
0.092268
0.123120
0.161307
0.165230
0.155613
0.349933
0.132433
0.111385
0.171543
0.195232
0.235465
0.139537
0.159883
0.218440
0.101909
0.105495
0.130288
0.245928
0.173444
0.141645
0.253156
0.262518
0.281778
0.262207
0.229567
0.191643
0.309913
0.301844
0.220266
0.284082
0.266814
0.290658
0.183225
0.232044
0.176561
0.230488
0.141119
0.246558
0.230977
0.142926
0.234091
0.284333
0.334550
0.284787
0.286973
0.307106
0.199084
0.262867
0.227504
0.324654
0.206459
0.277855
0.379483
0.332585
0.287937
0.281737
0.319521
0.217136
0.244372
0.324454
0.327417
0.218584
0.211966
0.322590
0.295224
0.306827
0.331151
0.365910
0.364004
0.277812
0.420270
0.352275
0.391676
0.414619
0.418201
0.395972
0.398255
0.484518
0.341459
0.508378
0.369013
0.394442
0.375487
0.375743
0.434858
0.482477
0.478783
0.464132
0.407072
0.498140
0.443689
0.303979
0.422455
0.416865
0.423353
0.503052
0.373591
0.424092
0.438754
0.396299
0.476994
0.347358
0.452546
0.432183
0.388263
0.457468
0.402990
0.425084
0.449254
0.549801
0.458370
0.387418
0.395800
0.329609
0.429113
0.455372
0.471376
0.421873
0.486012
0.391367
0.473667
0.365388
0.474937
0.501903
0.432212
0.426291
0.429609
0.473309
0.496252
0.422435
0.520071
0.542200
0.579803
0.524127
0.569105
0.541552
0.509619
0.521316
0.611047
0.496825
0.590496
0.597696
0.555622
0.536338
0.617028
0.618728
0.639799
0.582287
0.588102
0.589723
0.577007
0.606338
0.577332
0.495871
0.513556
0.497196
0.627585
0.605266
0.598937
0.590210
0.561547
0.497743
0.587745
0.589300
0.611014
0.614261
0.542896
0.572696
0.611380
0.587221
0.641360
0.618204
0.631542
0.692643
0.625765
0.611760
0.691949
0.657983
0.705280
0.673370
0.711766
0.742164
0.685020
0.713932
0.731545
0.781248
0.778936
0.690601
0.723095
0.794043
0.760577
0.673932
0.669156
0.704768
0.728838
0.742518
0.774831
0.722721
0.763068
0.752133
0.790033
0.814031
0.738789
0.666562
0.750418
0.749982
0.721111
0.814285
0.772542
0.758449
0.775005
0.772399
0.829202
0.752550
0.798994
0.809731
0.806049
0.765969
0.760678
0.727237
0.779881
0.818937
0.806123
0.810206
0.818075
0.782010
0.799509
0.792817
0.813018
0.783667
0.781585
0.794471
0.831620
0.823308
0.818583
0.754769
0.782428
0.833839
0.720296
0.711682
0.784158
0.767684
0.781336
0.796209
0.751343
0.688768
0.728024
0.742929
0.731475
0.782169
0.688938
0.631414
0.666821
0.766045
0.720398
0.642845
0.692631
0.684203
0.637743
0.633192
0.676382
0.642402
0.707218
0.733014
0.742934
0.736267
0.767199
0.691515
0.677265
0.736842
0.669815
0.593714
0.685548
0.670890
0.678578
0.739925
0.739997
0.707467
0.668095
0.705059
0.691726
0.696301
0.690306
0.684596
0.722106
0.712171
0.681958
0.627426
0.685583
0.663736
0.686296
0.673327
0.746884
0.699754
0.655970
0.674113
0.663192
0.650388
0.691236
0.665941
0.637348
0.733547
0.616539
0.669052
0.662095
0.652801
0.683678
0.667301
0.686573
0.652992
0.683677
0.692399
0.728658
0.710426
0.690610
0.694925
0.678117
0.641334
0.652446
0.675205
0.699398
0.647228
0.703465
0.676617
0.688163
0.707843
0.591727
0.654697
0.675707
0.668630
0.677916
0.656993
0.652211
0.732287
0.631315
0.603532
0.581787
0.673309
0.631244
0.557275
0.611198
0.645425
0.541461
0.536863
0.591315
0.648117
0.614917
0.583478
0.637954
0.605654
0.576812
0.511654
0.544831
0.539220
0.529615
0.575342
0.658632
0.546585
0.519643
0.605390
0.561239
0.487836
0.507538
0.488314
0.491219
0.510567
0.481062
0.570878
0.550902
0.517925
0.620898
0.440949
0.567437
0.581447
0.548952
0.572650
0.569961
0.517915
0.558823
0.542006
0.500036
0.596874
0.484391
0.334532
0.548569
0.454274
0.471501
0.506964
0.527596
0.500686
0.526807
0.430519
0.487228
0.505159
0.502644
0.441795
0.402710
0.595157
0.438223
0.373076
0.472217
0.437921
0.467830
0.442823
0.464170
0.445595
0.486260
0.449700
0.537550
0.516148
0.475767
0.461856
0.529624
0.580027
0.472444
0.415633
0.542254
0.526213
0.535889
0.552279
0.559902
0.423122
0.567810
0.542091
0.584728
0.519122
0.536232
0.550480
0.609830
0.501105
0.519064
0.552933
0.601617
0.544935
0.576802
0.608212
0.663903
0.609830
0.589916
0.636483
0.614803
0.552811
0.589879
0.512234
0.588130
0.615700
0.561318
0.641834
0.520350
0.514823
0.582615
0.530602
0.498769
0.621686
0.516137
0.507793
0.519315
0.559994
0.533613
0.466086
0.494037
0.551478
0.457390
0.516668
0.387811
0.382575
0.418351
0.463557
0.380379
0.463528
0.299433
0.358726
0.393940
0.328625
0.324548
0.323669
0.278407
0.299889
0.252569
0.299438
0.240251
0.201239
0.155121
0.170135
0.295648
0.237958
0.217812
0.191935
0.171252
0.107672
0.237791
0.268282
0.184025
0.214314
0.187985
0.143817
0.136840
0.133929
0.140622
0.161880
0.210978
0.247701
0.178825
0.073261
0.106597
0.104152
0.137581
0.135866
0.154831
0.096194
0.089306
0.132307
0.062000
0.092580
0.130532
0.066578
0.104946
0.093956
0.134354
0.099311
0.052035
0.034517
0.073453
0.046200
0.148363
0.086448
-0.020028
0.031528
0.051945
0.090825
0.057573
0.143464
0.099455
0.056665
0.092394
0.021230
-0.012531
0.093233
0.103762
0.068695
0.117430
0.073311
0.043030
0.075980
0.099281
0.076491
0.052763
0.089334
0.046819
0.114683
0.109989
-0.002114
0.029109
0.065040
0.115660
0.111255
0.175387
0.088260
0.030988
0.150724
0.145062
0.075045
0.087172
0.140079
0.149530
0.093808
0.094352
0.088107
0.050608
0.086124
0.035965
0.123389
0.092915
0.061581
0.066402
0.064430
0.080420
0.095957
0.071372
0.033566
0.095399
0.126122
0.072905
0.017034
0.048555
0.068548
0.017446
0.128376
0.070287
0.054426
0.020071
0.033142
0.006840
0.032804
0.024114
0.109300
0.090297
-0.040859
0.073748
0.009001
0.054656
0.083645
0.046108
-0.043011
0.122614
0.088856
0.002452
0.017096
0.090023
0.074627
-0.001576
0.030243
0.119018
-0.026151
0.081725
0.057208
0.010780
0.097780
0.096357
0.031036
0.132711
0.059864
0.077856
0.003241
0.056548
0.075693
0.003602
0.078599
0.127368
0.013648
0.084799
0.016745
0.026653
0.014672
0.073833
0.015601
0.151962
0.050623
0.003403
0.050408
0.031542
0.010694
-0.015453
0.070366
0.088950
0.035152
0.115461
0.049196
0.024709
0.055331
0.006871
-0.009112
-0.085527
0.200662
-0.007944
-0.066943
0.129707
-0.042102
0.122727
0.110995
0.245848
