0.520966
0.282863
0.036484
0.144233
0.085257
0.118267
0.023110
0.061968
0.091062
0.082622
0.176449
0.052237
0.068995
0.057466
0.133805
0.138590
0.079523
0.159275
0.048706
0.094820
0.065331
0.081153
-0.007529
0.135227
0.114423
0.017125
0.088434
0.009840
0.022260
0.122543
0.030944
0.093902
0.069247
0.046579
0.037490
0.022339
0.052959
0.003429
0.010818
0.125718
0.112590
0.043988
0.032336
-0.018306
0.066675
0.020333
0.035812
0.065409
0.073632
0.154227
0.021622
0.120093
0.090869
0.097417
0.129856
0.088383
0.136616
0.129979
0.116287
0.023616
0.130102
0.075639
0.046264
0.169422
0.111844
0.202781
0.143323
0.150580
0.216936
0.142629
0.273743
0.284364
0.176248
0.128229
0.171190
0.111724
0.209550
0.216361
0.270670
0.391123
0.240850
0.317481
0.337098
0.393108
0.239646
0.301869
0.288048
0.286626
0.180559
0.195961
0.299143
0.269633
0.176746
0.246778
0.248121
0.263187
0.297042
0.205072
0.142119
0.148624
0.190480
0.240617
0.255655
0.238742
0.199842
0.218553
0.099144
0.207809
0.120017
0.098657
0.113611
0.177750
0.040902
0.188744
0.176265
0.097004
0.171340
0.201539
0.120092
0.173376
0.083944
0.078420
0.092670
0.153938
0.189369
0.067146
0.160137
0.222422
0.069469
0.201521
0.161943
0.184035
0.152695
0.211276
0.133233
0.229467
0.268365
0.243662
0.232984
0.237788
0.190464
0.196581
0.291048
0.315355
0.274317
0.254902
0.305289
0.260084
0.349117
0.390714
0.329847
0.258770
0.539736
0.375147
0.300268
0.359835
0.376593
0.312976
0.350218
0.437402
0.460641
0.499542
0.423178
0.522402
0.550659
0.573768
0.554451
0.522478
0.536712
0.528747
0.517392
0.509558
0.548166
0.575879
0.553291
0.651888
0.665811
0.555428
0.536489
0.575455
0.616773
0.638138
0.521681
0.530810
0.667380
0.598097
0.475591
0.618285
0.566837
0.545127
0.592889
0.714105
0.638004
0.661392
0.673261
0.699705
0.651896
0.638533
0.556955
0.686164
0.709988
0.687183
0.638498
0.607919
0.639458
0.633521
0.644216
0.609896
0.568972
0.615189
0.619163
0.713056
0.673921
0.665189
0.594290
0.589940
0.720050
0.630363
0.639044
0.586648
0.561775
0.554731
0.533028
0.636860
0.659367
0.655732
0.692543
0.703485
0.637462
0.647493
0.688354
0.576785
0.736203
0.610813
0.581426
0.654895
0.708738
0.639122
0.654229
0.692175
0.582954
0.635684
0.652783
0.620318
0.574155
0.574071
0.611137
0.590739
0.655882
0.620184
0.618824
0.607320
0.582929
0.572247
0.593874
0.555232
0.505714
0.552420
0.515918
0.504517
0.376090
0.459884
0.511055
0.484507
0.499935
0.425736
0.521686
0.488303
0.432132
0.415345
0.478602
0.481633
0.453349
0.391225
0.312364
0.367079
0.315453
0.468321
0.413853
0.337823
0.401661
0.276724
0.256481
0.231820
0.302550
0.286920
0.300085
0.285772
0.366360
0.282793
0.201289
0.258410
0.271445
0.281611
0.379668
0.281981
0.258906
0.234715
0.225395
0.268532
0.309810
0.220665
0.306959
0.253343
0.187443
0.250288
0.227337
0.267804
0.328975
0.220930
0.202751
0.245728
0.319177
0.216541
0.219733
0.118283
0.160575
0.222019
0.200091
0.176925
0.158730
0.307935
0.251140
0.219040
0.269101
0.183941
0.231817
0.241115
0.205082
0.165873
0.137490
0.227254
0.200376
0.239419
0.260979
0.291598
0.353537
0.285413
0.226062
0.232015
0.287626
0.301946
0.199596
0.264832
0.359588
0.235618
0.242853
0.329534
0.258574
0.276778
0.160621
0.284371
0.224431
0.257450
0.259355
0.280373
0.307475
0.270299
0.187298
0.250274
0.290083
0.262439
0.343491
0.286034
0.275121
0.225801
0.273123
0.308927
0.307446
0.314195
0.287666
0.262350
0.215312
0.325061
0.315473
0.302459
0.315792
0.310334
0.270043
0.326542
0.252739
0.277374
0.275842
0.372802
0.285976
0.325963
0.259852
0.242163
0.246787
0.311209
0.300335
0.253288
0.260057
0.166116
0.212037
0.210348
0.110722
0.134522
0.153749
0.211752
0.111372
0.227971
0.113123
0.104047
0.140628
0.236605
0.064545
0.128469
0.262280
0.145236
0.187152
0.172968
0.106139
0.065428
0.187330
0.197879
0.115252
0.226434
0.237552
0.253501
0.222963
0.218638
0.188967
0.282665
0.178300
0.262366
0.291536
0.183432
0.190328
0.181008
0.227874
0.374126
0.262376
0.308617
0.277465
0.287641
0.361392
0.375047
0.427592
0.335654
0.370086
0.360023
0.319337
0.372628
0.397505
0.361633
0.378823
0.489573
0.422092
0.446046
0.420805
0.481409
0.461519
0.364718
0.428494
0.385022
0.305473
0.364145
0.477111
0.345434
0.421228
0.413899
0.379443
0.341320
0.486335
0.305994
0.298485
0.240361
0.241612
0.424177
0.350375
0.366217
0.434464
0.369162
0.272472
0.303435
0.209801
0.328691
0.384797
0.337857
0.364455
0.340817
0.295579
0.255056
0.274620
0.411258
0.323467
0.409797
0.383691
0.327320
0.299690
0.341336
0.315576
0.332349
0.298905
0.351389
0.427378
0.383831
0.342803
0.334676
0.496938
0.380823
0.238647
0.362853
0.416309
0.304576
0.368357
0.265980
0.314873
0.279151
0.250825
0.408551
0.417161
0.348466
0.380940
0.366657
0.310915
0.383696
0.308702
0.338966
0.443639
0.295879
0.316522
0.397899
0.350093
0.365923
0.359120
0.471657
0.339521
0.471769
0.474890
0.468602
0.483017
0.463649
0.431199
0.434127
0.501411
0.445492
0.416775
0.489545
0.441369
0.445851
0.430093
0.453303
0.397945
0.383342
0.414207
0.439620
0.477022
0.537846
0.468273
0.430679
0.554836
0.436606
0.401141
0.418168
0.479115
0.389909
0.412694
0.449635
0.509609
0.422612
0.455605
0.426086
0.471302
0.517471
0.492487
0.430630
0.520410
0.416672
0.308595
0.520253
0.487138
0.460342
0.399690
0.491791
0.395835
0.363463
0.442820
0.449910
0.423533
0.388887
0.392249
0.361862
0.378416
0.387971
0.408004
0.359193
0.324440
0.397695
0.376273
0.425561
0.307748
0.414921
0.355509
0.409461
0.278481
0.418153
0.406201
0.348021
0.471467
0.400975
0.411025
0.439079
0.386779
0.318307
0.343667
0.399215
0.398950
0.326015
0.372655
0.356291
0.398640
0.375926
0.495207
0.420976
0.501869
0.446055
0.381632
0.408143
0.366849
0.402381
0.413754
0.536545
0.476979
0.519625
0.560550
0.554557
0.508598
0.524476
0.601363
0.521801
0.575430
0.536769
0.530971
0.531633
0.586605
0.558138
0.562090
0.608662
0.585702
0.620957
0.650968
0.678474
0.725144
0.701008
0.665898
0.647008
0.780783
0.681818
0.613712
0.654903
0.688418
0.732275
0.756949
0.775542
0.760453
0.662475
0.730836
0.742038
0.696658
0.712842
0.642157
0.650242
0.743286
0.677339
0.675024
0.660417
0.685317
0.688975
0.730288
0.608529
0.582881
0.676142
0.655346
0.741207
0.667980
0.653169
0.651417
0.668529
0.680227
0.663002
0.609381
0.622058
0.633680
0.641729
0.651991
0.640235
0.639720
0.564917
0.631835
0.663109
0.701351
0.644806
0.623019
0.638089
0.656904
0.629452
0.655695
0.688896
0.628015
0.693590
0.704135
0.694593
0.761196
0.762306
0.703637
0.755330
0.769014
0.718402
0.714159
0.753395
0.792051
0.712264
0.727901
0.782288
0.756585
0.773984
0.745577
0.783699
0.723883
0.708952
0.764587
0.792901
0.761945
0.827248
0.777500
0.823576
0.838116
0.811600
0.774675
0.796807
0.769809
0.789574
0.795505
0.830489
0.813412
0.865579
0.843802
0.861626
0.856101
0.831778
0.767544
0.780025
0.846132
0.777476
0.822294
0.784349
0.719919
0.799026
0.778323
0.794330
0.789193
0.709741
0.795584
0.758149
0.722202
0.704012
0.727554
0.715638
0.708186
0.736983
0.719086
0.667887
0.645999
0.705489
0.702354
0.686548
0.679456
0.632726
0.655830
0.682257
0.627520
0.664141
0.658939
0.601322
0.632422
0.560878
0.574764
0.608250
0.575555
0.552939
0.598580
0.564731
0.503354
0.583290
0.530293
0.559584
0.597779
0.622127
0.551233
0.543202
0.631633
0.600471
0.544050
0.584037
0.515741
0.599750
0.567105
0.652300
0.582338
0.650916
0.640092
0.642157
0.582954
0.636062
0.594351
0.575242
0.614843
0.593144
0.499380
0.554152
0.560256
0.586715
0.549844
0.631436
0.507012
0.511430
0.485719
0.404726
0.388947
0.391067
0.294217
0.454925
0.498249
0.382150
0.363417
0.400546
0.382383
0.331955
0.394886
0.338530
0.270017
0.315393
0.264463
0.280233
0.300789
0.288025
0.269416
0.239369
0.279022
0.213078
0.188809
0.169297
0.327240
0.257206
0.238739
0.158289
0.262351
0.198457
0.244620
0.129338
0.225218
0.253995
0.161493
0.267322
0.333141
0.207999
0.216992
0.230137
0.180145
0.182158
0.215932
0.318828
0.274845
0.348908
0.337860
0.272469
0.259091
0.300320
0.261465
0.229314
0.212812
0.252159
0.252645
0.149781
0.244759
0.209937
0.290777
0.259654
0.209717
0.250663
0.208519
0.225700
0.235268
0.260936
0.166838
0.159442
0.294131
0.170098
0.232695
0.182254
0.239542
0.215997
0.242110
0.292675
0.204651
0.254688
0.238793
0.236536
0.154515
0.300494
0.221344
0.293664
0.314534
0.288613
0.158567
0.303877
0.280120
0.262773
0.216613
0.360564
0.189161
0.268356
0.279464
0.320671
0.280202
0.272381
0.374293
0.297472
0.314070
0.200965
0.368395
0.287842
0.247387
0.300507
0.179988
0.271383
0.432601
0.302057
0.285217
0.350870
0.320376
0.332818
0.408622
0.312265
0.405689
0.369896
0.359972
0.284707
0.236871
0.342916
0.267347
0.364540
0.403106
0.329681
0.236184
0.260322
0.162573
0.369878
0.328013
0.330789
0.397513
0.207844
0.232820
0.364023
0.299489
0.275859
0.249059
0.380305
0.243991
0.271236
0.294333
0.346904
0.366197
0.384845
0.312908
0.358461
0.376015
0.393885
0.352135
0.278172
0.319734
0.294930
0.355951
0.360690
0.446365
0.362590
0.308900
0.333483
0.254937
0.335801
0.374169
0.346664
0.449302
0.321235
0.291904
0.441820
0.405446
0.267761
0.306306
0.448886
0.323840
0.420570
0.452209
0.330379
0.264047
0.313384
0.369694
0.304135
0.258914
0.377766
0.327814
0.275464
0.318096
0.303662
0.351623
0.265924
0.314636
0.238641
0.235783
0.270454
0.256930
0.385241
0.260305
0.266041
0.593329
0.314795
0.318292
0.485377
0.321461
0.386572
0.404862
0.257699
