-0.005211
0.022347
-0.016209
-0.043530
-0.084210
-0.003488
-0.074978
-0.150551
-0.079208
-0.084521
-0.101265
-0.031727
-0.088213
-0.027928
-0.078840
-0.012901
-0.062734
-0.069093
-0.127444
-0.084510
-0.064962
-0.031261
-0.072724
-0.055572
0.004522
-0.038135
-0.076794
-0.026797
-0.037937
-0.072828
-0.037179
0.030820
0.030242
0.033281
0.031451
0.042945
0.038886
0.041862
0.029318
0.015421
0.021089
0.011962
-0.001683
0.017729
0.015549
-0.020092
-0.018472
0.021450
0.038574
0.035987
0.048297
0.048509
0.057061
0.055338
0.047873
0.062215
0.074691
0.060808
0.029602
0.024874
0.027360
0.008571
0.006467
0.018151
0.023414
0.024289
0.027608
0.026285
0.021639
0.008877
0.011429
0.005930
0.003756
0.002901
0.008019
0.012667
0.014743
-0.001867
-0.005492
0.018388
0.037225
0.032723
0.033692
0.027080
0.031375
0.017683
0.018681
0.025537
0.030956
0.009419
-0.002854
0.015468
0.023060
0.004879
0.003945
0.020069
0.030710
0.032961
0.029236
0.017095
0.015233
0.012895
0.002641
0.003352
-0.000704
-0.020211
-0.025294
0.006715
0.005447
0.002062
-0.006124
0.011701
-0.000067
-0.015161
-0.020774
-0.010007
0.003134
0.024778
0.000807
-0.017838
-0.010046
-0.030617
-0.032266
0.005398
-0.005300
-0.030782
-0.019106
0.017819
0.027512
0.018473
0.028597
0.022884
0.034212
0.050535
0.034134
0.020819
0.030714
0.028112
0.007501
0.017821
0.014060
-0.001608
0.004091
0.034647
0.053331
0.061932
0.070538
0.060863
0.056783
0.037222
0.025908
0.025687
0.042534
0.032320
0.023195
0.022722
0.036320
0.018354
0.014327
0.030781
0.047132
0.046938
0.049647
0.049270
0.050973
0.033973
0.025197
0.012129
0.024019
0.026218
0.027988
0.016412
0.015387
0.003229
0.008288
0.007691
0.019495
0.026422
0.038115
0.033438
0.033574
0.022104
0.025180
0.023624
0.029800
0.018064
0.006732
0.008805
0.022613
0.012382
0.010535
0.035861
0.059311
0.064531
0.055560
0.048461
0.031767
0.014703
0.020720
0.024998
0.006893
-0.010260
-0.005889
0.012915
0.013905
0.011882
0.007855
0.010067
0.010866
0.001059
-0.021026
-0.019843
-0.011956
0.009131
-0.026780
-0.049287
-0.014049
-0.056673
-0.071055
-0.041707
-0.024269
-0.008167
-0.031985
-0.012785
-0.009839
-0.030157
-0.060741
-0.033946
-0.035205
-0.010521
-0.029077
-0.005127
-0.004055
-0.045925
-0.066606
-0.035102
-0.034076
-0.023978
-0.034846
-0.010423
-0.024512
-0.044912
-0.059086
-0.015684
-0.014111
0.001035
-0.024632
-0.023851
-0.024959
-0.051254
-0.055554
-0.037970
-0.037834
-0.022495
-0.038385
-0.008707
-0.021241
-0.025033
-0.032675
-0.016447
-0.026802
0.001105
-0.017619
-0.022294
-0.003793
-0.021238
-0.032569
-0.009180
-0.019549
-0.030580
-0.024472
0.004355
0.008634
-0.000470
0.002633
0.011971
0.011580
0.020870
0.006824
-0.002642
0.002406
-0.009205
-0.022123
-0.002074
0.001796
-0.007819
0.000670
0.013763
0.022292
0.025376
0.018739
0.017868
0.008876
0.011567
0.022321
0.031183
0.023017
0.015374
0.007990
0.035876
0.017819
0.017444
-0.006049
0.027764
0.004011
-0.010002
-0.034300
-0.033098
-0.031642
0.001845
-0.027554
-0.050411
-0.030764
-0.056268
-0.056984
-0.019024
-0.049828
-0.038062
-0.038296
0.017914
-0.007017
-0.047019
-0.051201
-0.032568
-0.030988
0.000697
-0.003472
-0.023785
-0.010199
-0.022927
-0.028324
-0.006094
-0.013033
-0.043964
-0.039677
0.012162
0.027297
0.022820
0.035525
0.040846
0.056782
0.054711
0.042396
0.054536
0.070070
0.059147
0.038826
0.042022
0.030831
0.020048
0.030323
0.043845
0.035596
0.044911
0.042105
0.030350
0.018677
0.023156
0.001454
-0.001029
-0.007617
-0.013708
-0.015430
0.005728
-0.010939
0.017719
-0.008661
0.000019
-0.017200
-0.019377
-0.051732
-0.050071
-0.042416
-0.017514
-0.048808
-0.078186
-0.045974
-0.060339
-0.072819
-0.027655
-0.062859
-0.048662
-0.065512
0.002736
-0.014036
-0.030958
-0.064256
-0.031875
-0.030312
-0.003331
-0.010743
-0.013655
0.006390
-0.019198
-0.029956
-0.009389
-0.022859
-0.041047
-0.031553
0.000417
0.014632
0.009021
0.008696
0.007213
0.015030
0.017949
0.017814
0.014157
0.016603
0.010759
0.000790
0.010753
0.015974
0.009361
0.017606
0.036412
0.060055
0.089371
0.128582
0.165065
0.186668
0.209631
0.259593
0.289178
0.313460
0.333873
0.420432
0.532988
0.618166
0.615563
0.602492
0.550650
0.466186
0.373123
0.279798
0.207287
0.183473
0.153699
0.109654
0.092273
0.087684
0.087720
0.095710
0.074366
0.060939
0.047918
0.045859
0.043839
0.052512
0.066503
0.072860
0.071537
0.062191
0.045178
0.045042
0.037990
0.037015
0.024273
0.035080
0.028990
0.029500
0.006489
0.001458
0.017141
0.030593
0.030865
0.040458
0.046895
0.063511
0.077935
0.092809
0.084272
0.099610
0.118329
0.163575
0.210607
0.283525
0.352742
0.396360
0.412891
0.361763
0.288931
0.224413
0.143187
0.128782
0.106997
0.065188
0.050358
0.046300
0.046605
0.050996
0.050724
0.036023
0.042607
0.028034
0.034462
0.013837
0.027765
-0.014972
-0.034786
-0.018763
0.005646
-0.058245
-0.075021
-0.030449
-0.064521
-0.104974
-0.051402
-0.064994
-0.025198
-0.086463
-0.026241
-0.060577
-0.064126
-0.134873
-0.107482
-0.076824
-0.049748
-0.094145
-0.068175
-0.032042
-0.073607
-0.120621
-0.074952
-0.068314
-0.066536
-0.092108
-0.006898
-0.021489
-0.049532
-0.089373
-0.049220
-0.030689
-0.007415
-0.056072
-0.036685
-0.010566
-0.047307
-0.063872
-0.027982
-0.043864
-0.052970
-0.065380
-0.011151
-0.025060
-0.026995
-0.049590
-0.030362
-0.023122
-0.011601
-0.033617
-0.020872
0.001451
-0.023140
-0.038244
-0.017975
-0.021428
-0.027819
-0.017123
0.002497
0.001337
-0.010877
-0.017904
0.008071
0.017163
0.019218
0.006935
0.007029
0.013380
-0.011645
-0.024796
-0.006787
0.004637
0.015048
0.007831
-0.001177
-0.002602
0.023072
0.023148
0.020076
0.020124
0.024543
0.012962
0.011168
0.013774
-0.002407
-0.015402
-0.004455
-0.002378
-0.008468
-0.014308
-0.003002
-0.008941
-0.014494
-0.018378
0.006818
0.008297
-0.000103
-0.007903
0.002055
0.007036
-0.012570
-0.023961
-0.002512
-0.002256
-0.014970
-0.018023
0.008071
0.008653
-0.007597
-0.015127
-0.005082
-0.000753
0.005469
-0.013915
-0.012907
-0.007988
-0.028042
-0.037865
-0.009288
-0.016787
-0.009755
-0.014186
0.003058
-0.013169
-0.031802
-0.032523
-0.003647
-0.006577
0.000994
-0.010665
-0.005706
0.003380
-0.016491
-0.028440
-0.006350
-0.013049
-0.013394
-0.007714
0.003388
-0.005797
-0.002574
-0.011549
0.011389
0.010358
0.017032
-0.002959
-0.004841
0.002274
-0.007395
-0.012291
-0.003602
-0.009668
-0.019384
-0.018642
0.008600
0.012040
0.009267
-0.004243
0.012272
0.015718
0.021205
0.003883
0.009224
0.011055
-0.001812
-0.010339
-0.014647
-0.008805
0.018287
0.017241
0.010862
0.004686
0.032081
0.018142
0.023281
0.037047
0.048994
0.034403
0.014369
0.037408
0.044223
0.054992
0.033675
0.049167
0.127264
0.123709
0.126853
0.083458
0.129566
0.108729
0.051604
0.049253
0.040354
0.016503
-0.003535
0.008005
-0.002079
0.001213
0.002272
-0.012339
-0.034749
-0.023962
0.013358
0.029690
0.018519
0.014826
0.021641
0.020075
0.009019
0.013124
0.016518
0.011257
0.001087
-0.000921
0.009046
0.016135
0.007733
-0.005122
0.008725
0.014333
-0.001631
-0.005155
-0.000055
0.002054
-0.000455
-0.007220
0.004052
0.003123
-0.010765
-0.015203
-0.002273
-0.007547
-0.009816
-0.003245
0.005853
-0.003402
-0.004094
-0.008252
0.005591
0.006293
0.007666
-0.008021
0.000477
0.001649
-0.011116
-0.007181
0.007817
-0.001951
-0.015956
-0.013312
0.006809
0.005372
-0.000671
-0.007073
-0.000232
0.002337
0.001560
-0.008231
-0.006460
-0.001471
-0.012222
-0.022344
-0.008830
-0.005298
-0.014516
-0.018675
-0.001443
0.009168
0.002559
-0.004780
-0.000444
0.001927
0.000061
-0.009220
-0.004394
-0.005811
-0.020435
-0.029187
-0.011982
-0.005307
-0.007539
-0.018666
-0.006106
-0.005908
-0.003082
-0.008154
-0.000638
-0.000579
0.011115
-0.007829
-0.006718
0.001769
-0.020949
-0.030442
-0.012191
-0.007614
-0.006941
-0.007650
-0.000170
-0.004452
-0.014193
-0.016329
0.007593
0.012678
0.013613
-0.004430
0.005843
0.004502
-0.013314
-0.023281
-0.007932
-0.004457
0.000062
-0.005882
0.005569
0.003170
0.001110
0.008294
-0.000829
-0.003066
0.022223
0.013978
0.004853
0.003469
-0.007118
-0.012859
0.002719
0.000909
-0.019250
-0.020575
0.012670
0.030535
0.023203
0.021576
0.021914
0.026268
0.019385
0.017225
0.008639
0.014093
0.013023
0.007177
0.017551
0.023130
0.001407
-0.001613
0.020196
0.039472
0.051062
0.054816
0.035237
0.041867
0.047799
0.038222
0.035473
0.053450
0.042455
0.017484
0.024546
0.031933
0.011454
0.016713
0.031652
0.039970
0.041361
0.033891
0.040626
0.028082
0.005217
0.006827
0.012101
0.007641
-0.015188
-0.014648
0.004771
0.008882
-0.003228
-0.007951
0.015642
0.016136
-0.007383
-0.011731
-0.004017
-0.002379
0.006604
0.004147
0.000040
0.003771
-0.018268
-0.027920
-0.012778
-0.004188
-0.007824
-0.022293
-0.006158
-0.001773
-0.013239
-0.029363
0.001788
0.009792
0.012629
-0.016593
-0.013461
0.001379
-0.021207
-0.038214
-0.009727
-0.009043
-0.009005
-0.017693
-0.008430
-0.002994
-0.026440
-0.037413
0.000265
0.003815
0.017443
0.005090
0.004657
0.006785
-0.009352
-0.020584
-0.007486
-0.015752
-0.006570
-0.017349
-0.008502
-0.008703
-0.027901
-0.026973
0.005905
0.012422
0.023562
-0.005938
-0.004133
0.000605
-0.022910
-0.032005
-0.004890
-0.001637
-0.013032
-0.026202
0.004615
0.018071
0.008519
-0.011751
-0.001285
0.008709
0.017351
-0.010871
-0.010283
0.000789
-0.021255
-0.031311
-0.012149
-0.011252
-0.023341
-0.016325
0.007126
0.011039
0.004771
0.001048
0.011512
0.001662
0.000917
-0.006554
-0.004945
-0.003110
-0.012825
-0.016361
0.001478
-0.000304
-0.011738
-0.009887
0.009035
0.017160
0.005131
-0.004359
0.002077
0.002206
0.003608
-0.004666
-0.009143
-0.007858
-0.020379
-0.033167
-0.014842
-0.012720
-0.002449
-0.013099
-0.006613
-0.009391
-0.021688
-0.029558
-0.002939
-0.005620
-0.003557
-0.017642
-0.007301
-0.001956
-0.022269
-0.028220
-0.001414
-0.008276
-0.012288
-0.023408
0.002505
-0.003688
-0.016164
-0.034327
-0.014188
-0.010878
0.002758
-0.013759
-0.005818
-0.003582
-0.031172
-0.037986
-0.012818
-0.006056
-0.006744
-0.011621
0.006613
0.006580
-0.009786
-0.018942
-0.016445
-0.011309
0.008664
-0.010387
-0.010972
-0.005058
-0.033121
-0.040990
-0.013772
-0.017179
-0.029252
-0.028530
-0.002591
-0.002411
-0.010054
-0.012776
-0.000302
-0.002373
0.006045
-0.008869
-0.009666
-0.001875
-0.013632
-0.014903
-0.007883
-0.005671
-0.010114
-0.007836
0.007612
0.009644
0.004584
-0.015079
-0.015652
-0.002165
0.007788
-0.020133
-0.014393
-0.003014
-0.027277
-0.047553
-0.024435
-0.013548
0.001184
-0.011636
-0.005677
-0.015364
-0.026515
-0.033508
-0.009515
-0.003090
0.012208
-0.015982
-0.013053
-0.007329
-0.008573
-0.016856
-0.019922
-0.025191
0.009206
0.011864
0.003690
-0.013815
0.011428
0.001840
0.007035
0.014737
0.015204
-0.004224
-0.004623
0.005096
-0.019293
-0.029535
-0.020167
-0.019335
-0.018846
-0.025988
0.001235
0.001929
-0.013131
-0.019088
0.001553
0.009810
0.018081
-0.001367
-0.004207
0.004281
-0.003217
-0.016123
-0.001128
-0.006292
-0.017556
-0.018959
0.004634
0.008479
0.002592
-0.006367
0.001454
0.006911
0.012282
-0.002150
0.001500
0.005203
-0.012353
-0.018863
-0.002656
-0.007786
0.003419
-0.003632
0.000690
-0.002185
-0.016580
-0.023030
0.000909
0.005056
0.006807
-0.016016
-0.007991
0.002353
-0.014109
-0.026753
-0.014424
-0.023757
-0.014552
-0.012822
-0.014023
-0.024293
-0.016194
-0.007480
0.009188
0.005295
0.007941
-0.007881
-0.008465
-0.008062
-0.021099
-0.024673
-0.010248
-0.003986
-0.004808
-0.020192
-0.003271
0.001042
-0.013549
-0.021248
-0.013401
-0.006020
0.013293
-0.001591
0.001872
0.004542
-0.019517
-0.037978
-0.011856
0.001492
0.003230
-0.004936
-0.002934
-0.002095
-0.001633
0.002330
0.007086
0.004579
0.014207
-0.001731
-0.009608
-0.001662
-0.005011
-0.015798
-0.009510
-0.015152
-0.014720
-0.011248
-0.003154
-0.005551
-0.006393
-0.005066
0.004859
0.008660
0.020659
0.010868
0.003917
0.012911
0.011524
0.016687
0.012714
-0.003704
-0.004746
-0.001486
0.002707
0.002218
0.012240
0.016519
0.020314
0.023455
0.013472
-0.000714
0.002471
0.002895
0.002673
-0.000486
0.002481
0.003952
0.010247
0.002253
-0.003289
0.001244
0.012055
0.021823
0.016048
0.013916
0.010691
-0.002640
-0.007195
0.001490
-0.001200
-0.012522
-0.009717
-0.003064
-0.007423
-0.016414
-0.005889
0.002178
0.002054
-0.005365
0.004205
0.009023
0.013389
0.001252
0.007243
0.004782
0.001232
0.000931
0.002061
-0.006484
0.014115
0.014163
0.004380
-0.005642
0.008014
0.010795
0.010348
0.003423
0.011806
0.000498
-0.003383
-0.002497
-0.007659
-0.010143
0.004985
0.002654
-0.005313
-0.012485
0.011556
0.011205
0.003391
-0.001304
-0.008485
-0.011740
0.000524
-0.001010
-0.010061
-0.004814
-0.019590
-0.020859
0.000842
0.000310
-0.016471
-0.017898
0.011303
0.017014
0.005254
0.013262
0.003291
0.008848
0.011366
0.002987
0.006084
0.018351
0.015710
0.005438
0.013888
0.003547
-0.004119
0.001902
0.021342
0.018926
0.023620
0.005875
0.010628
0.010960
0.012074
-0.001162
-0.007042
-0.011266
-0.032989
-0.039625
-0.019492
-0.012644
-0.004140
-0.028546
-0.006714
-0.005574
-0.017804
-0.043316
-0.036583
-0.022645
-0.009206
-0.030372
-0.020668
-0.009467
-0.048411
-0.060214
-0.027326
-0.031331
-0.024596
-0.041406
-0.013456
-0.016913
-0.018974
-0.039116
-0.015890
-0.016912
0.000630
-0.019242
-0.013106
-0.003069
-0.019223
-0.023586
-0.009091
-0.015100
-0.031258
-0.027324
0.006050
0.018104
0.005385
-0.007142
0.007936
0.007633
0.003261
-0.008740
-0.003386
0.002183
-0.024850
-0.028086
-0.010766
-0.009529
-0.016221
-0.019052
0.000922
0.009254
0.006540
-0.009763
-0.005254
-0.009505
0.000289
-0.005392
-0.009122
-0.008401
-0.024599
-0.037201
-0.003785
0.002425
-0.010615
-0.020978
-0.004927
0.004650
0.004459
-0.004049
-0.009466
-0.009693
0.005354
-0.006410
-0.007896
-0.003616
-0.024294
-0.037987
-0.006697
-0.004755
-0.019433
-0.019189
0.011652
0.013211
0.001185
-0.000893
-0.003226
-0.009462
0.005456
-0.000919
0.001377
-0.000713
-0.013719
-0.020389
-0.008453
-0.013664
-0.018762
-0.015270
0.006008
0.000294
-0.003776
-0.005734
0.011389
0.003974
0.017647
-0.000242
-0.006552
-0.001553
-0.008561
-0.015575
-0.006012
-0.011777
-0.019358
-0.015286
0.006183
0.003549
-0.007013
-0.001546
-0.002320
0.003129
0.015270
-0.002746
-0.002063
0.014746
0.009103
0.009045
0.014165
0.007645
0.008983
0.021941
0.037227
0.025181
0.042656
0.039417
0.015719
0.019379
0.031438
0.005960
-0.001721
0.002005
-0.011971
-0.015880
0.006837
-0.003197
-0.008783
-0.009177
0.007535
0.007601
0.008149
-0.007485
-0.000882
-0.005489
0.012350
0.003437
-0.007025
-0.009383
-0.019381
-0.041033
-0.011900
-0.017470
-0.005853
-0.018891
-0.007349
-0.013229
-0.033829
-0.050184
-0.014196
-0.012071
-0.003856
-0.030995
-0.014534
0.002296
-0.024206
-0.046647
-0.025655
-0.020929
-0.010232
-0.022779
-0.006175
-0.014153
-0.028719
-0.033308
-0.004559
-0.007640
0.015504
0.004097
-0.008041
-0.003057
-0.022727
-0.027789
-0.014016
-0.014851
-0.013820
-0.005364
0.010066
0.006577
0.019962
0.008087
0.009976
0.003208
0.011634
0.004066
-0.001411
-0.003363
-0.014429
-0.015597
-0.007447
-0.010816
-0.014559
-0.012000
0.003979
0.006723
-0.000584
-0.001099
-0.002307
-0.003018
0.005793
0.001029
-0.000247
0.000422
-0.004820
-0.007769
-0.002140
-0.007714
-0.015940
-0.017933
-0.000564
-0.001745
-0.002639
0.004627
0.002149
0.000457
0.010084
-0.005337
-0.001798
-0.005598
-0.004880
-0.006750
-0.000071
-0.013851
-0.015150
-0.014366
-0.002696
-0.000140
0.001710
0.008957
0.003520
0.006581
0.009984
-0.009529
-0.005035
-0.003822
-0.012856
-0.023107
-0.007303
-0.001517
-0.000565
-0.008864
0.006239
0.011442
0.001997
-0.000409
0.007864
0.004565
0.000619
-0.007984
-0.001445
-0.008271
-0.029771
-0.031813
-0.003368
-0.002804
-0.016358
-0.021156
0.001659
0.006958
0.003193
-0.016112
-0.014132
-0.000073
0.007721
-0.013120
-0.011433
-0.000430
-0.015006
-0.029591
-0.007660
-0.006622
-0.005826
-0.005995
0.007762
0.009203
0.010732
0.009848
0.020599
0.010612
0.017437
0.016323
0.005632
0.008420
0.001639
-0.002508
0.008204
0.001470
-0.001231
-0.005965
-0.001121
-0.005764
-0.000669
-0.002127
0.020286
0.016393
0.017292
0.000437
-0.000299
0.006513
-0.009681
-0.021113
-0.003180
-0.008779
-0.009690
-0.020629
-0.009153
-0.002246
-0.009244
-0.010153
0.009771
0.006374
0.008304
0.008625
0.009609
0.002700
-0.011070
-0.018838
-0.000840
-0.003918
-0.012723
-0.014081
0.004282
0.005241
0.004544
0.008092
0.007270
0.003350
0.006503
-0.003160
-0.007920
-0.007277
-0.018123
-0.026134
-0.008897
-0.003574
-0.014527
-0.016851
0.002398
0.008216
0.010818
-0.004047
-0.008812
-0.004062
0.006469
-0.004359
0.007718
0.010660
-0.012067
-0.025458
-0.014489
-0.010628
0.006155
0.013108
-0.002397
-0.012864
0.001057
0.004218
0.023171
0.011277
0.003584
-0.009954
-0.008557
-0.001503
-0.014870
-0.019688
-0.013769
-0.022429
-0.027283
-0.026008
-0.016823
-0.007575
-0.006473
-0.018543
0.002984
0.008772
0.007449
-0.013682
-0.009419
0.002803
-0.017232
-0.031377
-0.006298
-0.000094
-0.008095
-0.015371
-0.003482
0.000366
-0.010119
-0.029866
-0.009510
-0.000696
0.005191
-0.019558
-0.018858
-0.002027
-0.019776
-0.031474
-0.012512
-0.021808
-0.018377
-0.020225
0.000755
-0.007695
-0.021826
-0.024792
-0.011170
-0.002656
0.016633
-0.014419
-0.016733
-0.001546
-0.013773
-0.028167
-0.016596
-0.011741
-0.009738
-0.018129
-0.009485
-0.009595
-0.007168
-0.018797
-0.001643
-0.001441
0.009523
-0.005106
0.001706
0.003995
-0.022498
-0.040919
-0.028812
-0.020169
-0.001731
-0.014916
-0.004095
-0.017783
-0.024551
-0.017754
0.007486
0.005733
0.015562
-0.003262
-0.005463
0.000187
-0.015623
-0.024496
-0.002977
-0.023005
-0.031839
-0.027953
0.008707
0.002892
-0.014445
-0.020097
-0.002589
-0.005435
0.008264
-0.010388
-0.007886
-0.001148
-0.023582
-0.032560
-0.005825
-0.013345
-0.022127
-0.025891
-0.005419
-0.006335
-0.008698
-0.019066
-0.002743
-0.004651
-0.005025
-0.024458
-0.020592
-0.012726
-0.023102
-0.030351
-0.014603
-0.016915
-0.024551
-0.035168
-0.007560
-0.005695
-0.007099
-0.017046
-0.014350
-0.006231
0.012643
-0.015234
-0.009373
-0.002471
-0.017498
-0.027647
-0.000761
-0.005755
-0.005165
-0.014805
0.002605
-0.010171
-0.025920
-0.026756
-0.002666
-0.003853
0.016186
-0.016328
-0.028029
-0.009408
-0.021238
-0.034637
-0.011869
-0.025766
-0.030496
-0.019317
0.005139
0.000940
-0.008187
-0.003409
0.013604
0.011481
0.014272
0.002214
0.004488
0.007122
-0.006656
-0.016162
-0.003824
-0.001320
-0.013615
-0.020966
0.000748
0.012853
0.004430
-0.016018
-0.006319
-0.002922
0.007184
-0.004427
-0.009763
-0.009609
-0.025722
-0.036501
-0.024757
-0.017592
0.000636
-0.020593
-0.014493
-0.017626
-0.013435
-0.039290
-0.023646
-0.022428
-0.002592
-0.043486
-0.030555
-0.008215
-0.031507
-0.049695
-0.023996
-0.022637
-0.025047
-0.036919
-0.011117
-0.007162
-0.013287
-0.025196
-0.019501
-0.008439
0.020588
-0.006136
-0.016394
-0.007769
-0.021167
-0.033407
-0.015011
-0.016925
-0.008728
-0.018076
-0.000533
-0.015465
-0.022938
-0.029973
0.004535
0.001379
0.000975
-0.016021
-0.007420
-0.000149
-0.016769
-0.021236
-0.012894
-0.019592
-0.009571
-0.007257
-0.009498
-0.017562
-0.011618
-0.019738
-0.005157
-0.010540
-0.002248
-0.012892
0.003010
0.000759
-0.014473
-0.020250
-0.009113
-0.008482
0.000090
-0.010754
0.001765
0.000776
-0.016725
-0.019872
0.002749
0.010325
0.023934
-0.006909
-0.018535
-0.006156
-0.018965
-0.029955
-0.003327
-0.010485
-0.017250
-0.018103
0.004387
0.005915
-0.003305
-0.013822
0.014165
0.009535
0.010388
-0.009688
-0.005172
-0.004005
-0.023233
-0.042144
-0.009930
-0.013041
-0.010350
-0.016498
-0.003602
-0.001986
-0.011333
-0.022914
-0.002873
0.002396
0.017218
0.006979
-0.002189
0.012514
-0.009377
-0.029576
-0.015245
-0.005354
0.008983
0.002863
-0.009827
-0.013257
-0.000397
-0.013290
-0.003728
-0.001057
0.011709
-0.007183
-0.012202
-0.011987
-0.020931
-0.028920
-0.018767
-0.031690
-0.005839
-0.020212
-0.015532
-0.032521
-0.031345
-0.029643
-0.001873
-0.005357
0.003785
-0.007712
-0.004669
0.005667
0.000563
-0.011029
-0.009121
-0.016241
-0.025376
-0.018448
0.002855
0.012067
0.014025
0.020973
0.020123
0.023657
0.016421
0.008043
0.004161
0.007906
0.020301
0.016913
0.012192
0.009326
-0.014266
-0.050839
-0.057838
