-0.015680
-0.008643
-0.012641
0.018197
-0.002281
0.007572
0.029328
0.016570
0.022833
0.031741
0.068383
0.084131
0.112833
0.151196
0.185327
0.194273
0.160898
0.138480
0.130248
0.116017
0.130758
0.153418
0.157255
0.163399
0.180358
0.239062
0.336320
0.417578
0.508734
0.546585
0.567502
0.555926
0.485081
0.389690
0.291858
0.213002
0.188642
0.168019
0.124078
0.095676
0.086478
0.077396
0.083881
0.066842
0.061596
0.047849
0.042178
0.034909
0.039749
0.045714
0.048089
0.047109
0.049389
0.038316
0.034149
0.032447
0.033013
0.029938
0.032055
0.032398
0.035357
0.030992
0.035575
0.028742
0.027495
0.038006
0.041516
0.038675
0.031851
0.024781
0.027563
0.029911
0.033279
0.013982
0.015548
0.011237
0.022275
0.010332
0.005393
0.010632
0.024815
0.021284
0.021730
0.024269
0.021728
0.009757
0.013516
0.012161
0.014982
0.005187
0.005119
0.013161
0.024727
0.007394
0.003950
0.027049
0.052709
0.056797
0.056808
0.043869
0.057210
0.060219
0.062903
0.053374
0.071112
0.099093
0.152040
0.201515
0.240403
0.269360
0.313748
0.304223
0.266394
0.233410
0.200389
0.172735
0.173259
0.158655
0.137942
0.123571
0.114091
0.108235
0.103521
0.076951
0.072836
0.075034
0.073006
0.077760
0.082591
0.094315
0.094267
0.084670
0.074622
0.045683
0.038766
0.038166
0.043573
0.023870
0.016120
0.024300
0.033015
0.008607
0.003771
0.026572
0.041819
0.032516
0.033952
0.031867
0.034071
0.025327
0.025578
0.024681
0.034235
0.023816
0.013737
0.021961
0.018693
-0.000661
0.012111
0.033554
0.041152
0.051526
0.055212
0.040729
0.039622
0.035123
0.024848
0.006602
0.016933
0.016585
0.016611
0.016888
0.011131
-0.010606
-0.002482
0.021683
0.035085
0.035555
0.041425
0.037862
0.040900
0.032645
0.031677
0.033352
0.046486
0.041975
0.038831
0.041298
0.045373
0.055337
0.081237
0.081902
0.073566
0.059562
0.057494
0.060348
0.058921
0.044817
0.046718
0.041403
0.034936
0.023472
0.021311
0.018805
0.026083
0.027273
0.021233
0.016717
0.015195
0.020961
0.021594
0.028918
0.020905
0.011335
0.009881
0.012490
0.014218
0.011611
0.009342
0.011840
0.022140
0.011049
0.005437
0.012914
0.022357
0.026179
0.025189
0.013841
0.010748
0.007037
-0.003877
-0.003002
0.005337
-0.005675
-0.013322
0.000893
0.008801
0.000597
-0.005641
0.009222
0.019654
0.007709
0.009386
0.005368
0.004193
0.001576
-0.010822
-0.006710
-0.004050
-0.012878
-0.017090
-0.004615
-0.005323
-0.019320
-0.021121
0.003215
0.014123
0.006319
0.001415
0.004064
0.009910
0.013800
0.004693
0.004982
0.003879
-0.006944
-0.015974
0.004862
0.007373
-0.004932
-0.007011
0.010579
0.014061
0.009218
0.003627
-0.000112
0.000811
0.016213
0.003982
-0.005709
-0.010291
-0.025022
-0.031617
0.000652
-0.007674
-0.008960
-0.012385
0.004743
-0.000722
0.002306
-0.010583
-0.011480
-0.013753
0.000225
0.011165
0.013313
0.013669
-0.031703
-0.046347
-0.005162
-0.018619
-0.008925
-0.025391
0.003713
-0.026195
-0.031001
-0.060815
-0.013045
-0.016398
0.003834
-0.024903
-0.029832
-0.006098
-0.030490
-0.041736
-0.021380
-0.027746
-0.032109
-0.040114
0.004584
0.008599
-0.011345
-0.038593
-0.021048
-0.012350
0.004163
-0.013175
-0.018463
-0.010411
-0.034815
-0.052264
-0.016270
-0.027633
-0.032827
-0.044455
0.012106
-0.006895
-0.026072
-0.041005
-0.027381
-0.020657
0.005923
-0.012185
-0.031400
-0.002814
-0.036911
-0.046733
-0.008021
-0.020850
-0.030993
-0.028467
0.024096
0.028302
0.002698
-0.016629
0.005733
0.008045
0.007881
0.016641
0.012366
0.005338
-0.011774
-0.026207
0.009713
0.011218
-0.014493
-0.010573
0.021815
0.022053
0.018494
0.020438
0.004278
-0.001872
0.003814
0.000930
-0.007780
-0.002179
-0.025431
-0.030041
-0.010459
-0.002713
-0.021630
-0.019405
0.010236
0.019957
-0.000652
0.003825
0.006286
0.015144
0.005611
0.002815
0.008033
0.023604
0.005675
-0.013937
0.009713
0.014120
-0.014862
-0.006616
0.023572
0.033536
0.027053
0.044753
0.045792
0.057763
0.061283
0.047527
0.035467
0.044309
0.046754
0.043280
0.036774
0.045984
0.068933
0.104710
0.137082
0.132114
0.137355
0.159303
0.174760
0.200506
0.206840
0.207775
0.226147
0.300441
0.370870
0.500480
0.623279
0.728420
0.738030
0.727825
0.718282
0.615993
0.503069
0.368014
0.281354
0.258480
0.234877
0.197622
0.189861
0.174455
0.162436
0.166207
0.127093
0.102521
0.080190
0.071714
0.081333
0.078923
0.076961
0.083424
0.094098
0.087525
0.058284
0.048430
0.045468
0.048921
0.037122
0.035388
0.030817
0.034844
0.010185
0.004432
0.022632
0.039362
0.038317
0.043453
0.049903
0.050392
0.034653
0.036289
0.044657
0.053467
0.030909
0.026822
0.032533
0.040582
0.014466
0.005284
0.022419
0.037365
0.038013
0.036964
0.034899
0.037789
0.027011
0.015707
0.015372
0.032670
0.025528
0.016040
0.022027
0.025419
0.013201
0.009203
0.009644
0.011444
0.018839
0.037783
0.033429
0.033548
0.027719
0.033042
0.043095
0.058701
0.046282
0.034188
0.033361
0.032822
0.020115
0.017452
0.031152
0.037190
0.042944
0.045366
0.042890
0.034062
0.020058
0.011359
0.018218
0.019411
0.012320
0.006099
0.008580
0.011162
-0.005046
-0.007539
0.014199
0.026972
0.026975
0.028903
0.018315
0.017297
0.016067
0.013779
0.010779
0.011496
-0.003714
-0.005757
0.002099
0.016678
0.004439
-0.009377
0.004755
0.016303
0.002783
0.007229
0.001086
0.002796
0.000342
-0.009580
-0.004384
-0.001846
-0.018368
-0.020988
-0.002009
0.002720
-0.007635
-0.009462
0.010596
0.015510
0.011036
0.013265
0.006928
0.006995
0.012988
0.004024
-0.004466
-0.008328
-0.014563
-0.010814
-0.005771
-0.006876
-0.009238
-0.010037
0.005504
0.008439
0.006979
0.010148
0.003509
-0.000778
0.002082
0.001659
0.002760
0.002835
-0.008289
-0.008507
-0.001450
-0.002728
-0.015885
-0.010992
0.006345
0.017885
0.017119
0.016582
0.008621
0.010761
0.008048
-0.001553
-0.003310
0.005892
-0.005817
-0.009246
-0.002911
0.003747
-0.009648
-0.011376
0.008125
0.023188
0.006972
0.007922
0.010297
0.008954
-0.007519
-0.008902
0.000653
0.003448
-0.002756
-0.006857
0.002329
0.001947
-0.011766
-0.013737
-0.001252
0.008704
0.007510
0.008673
0.005655
0.005665
-0.000108
-0.005567
0.004155
0.004825
0.000463
-0.001579
0.003464
0.001989
-0.006589
-0.008662
0.006196
0.013581
0.007809
0.011159
0.008287
0.005395
-0.003738
-0.008894
0.001454
-0.000568
-0.013329
-0.013620
-0.004777
-0.002540
-0.010200
-0.017182
-0.004021
0.009804
0.006818
0.008273
0.007542
0.014016
0.003523
-0.002622
0.008738
0.011034
-0.000925
-0.005154
0.000221
0.006387
-0.001943
-0.008888
0.002193
0.010855
0.011630
0.012522
0.006393
0.004842
-0.003107
-0.007633
-0.000278
-0.000985
-0.010694
-0.012374
0.005875
0.013325
0.002302
-0.001554
0.013866
0.019488
0.012381
-0.004629
-0.014743
-0.011648
0.012903
-0.017334
-0.035713
-0.017730
-0.034808
-0.050261
-0.024571
-0.022993
-0.004100
-0.030331
0.000618
-0.023190
-0.037202
-0.075115
-0.055859
-0.042742
-0.017801
-0.051748
-0.048658
-0.021014
-0.061778
-0.083964
-0.039330
-0.073212
-0.033886
-0.072239
0.003798
-0.057613
-0.062041
-0.116481
-0.068030
-0.051056
-0.042569
-0.057867
-0.028747
-0.004907
-0.038194
-0.043283
-0.021701
-0.035172
-0.065598
-0.057760
0.007904
0.012690
-0.001319
0.001261
0.001189
-0.001340
-0.003911
-0.008433
0.001145
0.002368
-0.011073
-0.014313
-0.002418
0.004149
-0.011437
-0.014354
0.008913
0.022564
0.012619
0.006528
0.002263
0.005969
-0.003028
-0.001365
0.003900
0.003117
-0.008905
-0.009442
0.000039
0.005574
-0.007294
-0.010877
0.000306
0.011024
0.009314
0.010781
0.003286
0.004217
0.003635
0.000336
0.002501
0.006828
0.002545
-0.006625
0.004842
0.009129
-0.004616
-0.008940
0.004396
0.017555
0.014569
0.013060
0.007794
0.005747
-0.000177
-0.002437
0.006373
0.009278
-0.002297
-0.005807
0.000987
0.004601
-0.007247
-0.010266
0.003591
0.013512
0.015746
0.011991
0.004773
0.011237
0.012272
0.005084
0.004099
0.009982
0.005535
-0.003143
0.001026
0.001440
-0.014145
-0.011145
0.002362
0.011199
0.016994
0.024085
0.018075
0.019640
0.007479
0.001185
0.006275
0.016002
0.007103
-0.001953
-0.001624
0.008955
0.002438
0.000859
0.011553
0.025126
0.027956
0.037027
0.031399
0.032278
0.025764
0.025379
0.021882
0.029763
0.018275
0.013617
0.010355
0.020882
0.007474
0.006014
0.024382
0.038507
0.032667
0.039289
0.048648
0.050878
0.033363
0.031587
0.030593
0.029733
0.018182
0.012932
0.014831
0.024296
0.019148
0.015708
0.014622
0.023810
0.031950
0.038332
0.029525
0.020283
0.003869
0.001215
0.005584
0.012273
0.007819
0.005579
0.011922
0.007910
0.003399
0.002352
0.006772
0.003448
0.002033
0.002382
-0.000610
0.005927
0.004149
-0.012180
-0.009110
-0.000716
-0.005891
-0.013320
-0.001056
-0.000413
-0.010210
-0.013852
0.003941
0.009284
0.000886
0.004520
0.000138
0.000844
0.000892
-0.007208
-0.000407
0.005624
-0.001916
-0.009771
-0.007651
-0.004306
-0.014607
-0.018591
-0.001979
0.010199
0.008817
0.011827
0.009570
0.012455
0.006195
0.002514
0.005489
0.007908
0.003463
-0.001452
-0.006364
0.002842
-0.003985
-0.006475
0.007517
0.016972
0.015998
0.017095
0.011623
0.012628
0.006532
0.004454
0.008517
0.013988
0.002614
0.000380
-0.000530
0.006931
-0.003013
-0.012265
-0.004068
0.004678
0.004427
0.007704
0.005177
0.004592
-0.001745
-0.005996
0.007747
0.008023
-0.000908
-0.000126
0.006981
0.008504
-0.003369
-0.007344
0.005085
0.014418
0.014814
0.015238
0.009698
0.013928
0.007958
0.004159
0.004593
0.014936
0.008976
0.001609
0.000466
0.005333
-0.005735
-0.008233
0.001679
0.014118
0.017860
0.014564
0.009757
0.008427
0.004299
0.006105
0.004932
0.005342
-0.000984
-0.002903
-0.004035
0.006821
0.003761
-0.003268
-0.003281
0.006819
0.015208
0.012729
0.007017
0.010020
-0.000157
-0.006012
0.005671
0.006820
-0.009014
-0.005220
-0.001466
0.001732
-0.003863
-0.012676
-0.000479
0.008090
0.009686
0.006341
0.003311
0.005360
-0.004401
-0.012876
0.003515
0.011656
0.002715
0.001845
-0.002348
0.002929
-0.007985
-0.013732
-0.001210
0.009596
0.009489
0.005432
0.009085
0.015953
0.002413
-0.007139
0.006636
0.012351
0.001033
-0.005244
0.007412
0.010362
-0.002954
-0.009303
0.002486
0.008479
0.006723
0.005494
-0.002331
0.001189
-0.002311
-0.012699
-0.001457
0.003105
-0.005126
-0.012075
-0.003511
-0.001859
-0.013043
-0.013961
0.004205
0.011814
0.011740
0.009495
0.011731
0.009420
-0.001157
-0.003773
0.003880
0.008375
0.002686
0.000361
0.006294
0.010928
-0.004710
-0.012708
0.003061
0.015086
0.009642
0.013412
0.009839
0.007987
-0.002990
-0.005144
0.003286
0.009304
0.003291
-0.004871
-0.002562
0.004502
-0.005106
-0.011762
0.000639
0.012632
0.009842
0.007645
0.005670
0.011412
0.001657
-0.000189
0.004733
0.005634
-0.001747
-0.003779
-0.000881
0.005060
-0.001478
-0.008608
-0.001707
0.009748
0.011540
0.013098
0.008183
0.013088
0.003975
-0.001558
0.004210
0.012011
-0.000911
-0.009270
-0.002067
0.004085
-0.006862
-0.012191
0.000812
0.013084
0.012250
0.010782
0.004971
0.008174
0.003897
-0.000476
-0.000787
0.002618
0.002582
-0.003269
-0.000810
0.001988
-0.007851
-0.007502
0.003867
0.013127
0.015491
0.014031
0.014498
0.013943
0.001684
-0.006355
-0.001618
0.001566
0.001040
-0.001057
0.000468
0.000617
-0.007330
-0.007308
0.009091
0.017215
0.012616
0.014818
0.007500
0.005939
-0.002650
-0.002412
0.002170
0.004011
-0.005419
-0.010335
0.000524
0.007164
-0.009452
-0.012002
0.003436
0.014475
0.015569
0.020783
0.010581
0.010947
0.006775
0.007351
0.009794
0.013720
0.005414
0.003154
0.008131
0.010023
-0.006009
-0.008182
0.007472
0.015805
0.011661
0.005070
0.004038
0.007630
0.002336
-0.002729
0.004498
0.008235
-0.002902
-0.006507
-0.002557
0.003276
-0.007258
-0.008942
0.002095
0.011812
0.011089
0.006633
0.009469
0.011462
0.004377
-0.003538
0.004927
0.008770
0.000160
-0.003449
0.003435
0.009170
0.001355
-0.006545
0.008370
0.015053
0.008805
0.012958
0.006471
0.006261
-0.001354
-0.010111
-0.002599
0.002743
-0.003331
-0.006816
-0.003091
-0.003099
-0.019195
-0.015054
0.002826
0.012918
0.013399
0.014458
0.007568
0.013201
0.006120
0.008145
0.011445
0.014474
0.005344
-0.000694
0.005305
0.014949
0.000930
-0.008284
0.006962
0.015695
0.014278
0.015138
0.009816
0.010141
0.005831
-0.006451
0.002568
0.004580
-0.013546
-0.024734
-0.011778
0.004853
0.007005
-0.005089
-0.000175
0.007341
0.014756
0.001184
0.001173
-0.015020
0.010023
-0.017765
-0.041819
-0.022790
-0.041211
-0.047328
-0.032982
-0.041930
-0.019843
-0.044633
0.010363
-0.022154
-0.049716
-0.069686
-0.051524
-0.043855
-0.006626
-0.021910
-0.024838
0.001916
-0.042243
-0.068270
-0.025588
-0.030867
-0.048586
-0.038126
0.007940
0.013489
-0.005253
-0.010342
0.008024
0.010503
0.024714
0.012240
0.005100
0.012439
-0.011154
-0.028975
0.003897
-0.003539
-0.021064
-0.014461
0.019442
0.019706
0.005026
0.005802
0.001770
0.001794
0.011665
0.005751
-0.007466
0.000674
-0.010828
-0.024238
-0.011527
-0.011790
-0.021780
-0.013442
0.000189
0.004403
0.004902
0.002486
0.009372
0.014596
0.005896
-0.005104
-0.000176
0.003585
-0.003065
-0.005686
0.004999
0.003932
-0.011781
-0.015692
-0.001672
0.007673
0.012531
0.009719
0.005051
0.007968
0.009369
-0.000197
0.000933
0.005822
0.001116
-0.011240
-0.000240
0.001974
-0.008533
-0.010154
0.005302
0.012205
0.011270
0.017810
0.019432
0.012812
0.011839
0.005107
0.002330
-0.000037
-0.000786
0.000707
0.008410
0.000790
-0.009697
-0.011448
0.007548
0.013547
0.007741
0.008179
0.008001
0.013323
0.006940
-0.006280
-0.000066
0.001845
-0.008200
-0.012094
0.001150
0.004554
-0.006559
-0.007349
0.007963
0.018566
0.015554
0.007151
-0.000193
0.001955
-0.003437
-0.014799
-0.002360
-0.004908
-0.018870
-0.018791
0.000595
0.002902
-0.005761
-0.016051
0.001731
0.008480
0.005110
0.001666
-0.001346
-0.000702
-0.001105
-0.009393
-0.003035
0.001305
-0.007415
-0.011795
-0.005492
-0.005863
-0.011338
-0.018169
-0.004915
0.001066
0.003139
0.004093
0.004942
0.008943
0.002622
-0.005396
0.004398
0.008368
0.002317
-0.004268
0.001124
0.003668
-0.011794
-0.011952
0.004537
0.013157
0.016835
0.018056
0.007436
0.008214
0.004678
-0.006041
0.000148
0.007111
-0.001833
-0.009079
-0.002155
-0.001593
-0.008852
-0.011269
-0.003193
0.005199
0.015109
0.017666
0.012233
0.010303
0.005394
-0.003266
0.004490
0.009888
0.002515
-0.001002
0.005675
0.005461
0.000615
-0.008973
0.000787
0.008956
0.016738
0.018637
0.011046
0.015134
0.010465
-0.002715
0.000414
0.008698
0.006492
-0.000959
0.006962
0.008196
-0.000094
-0.001127
0.013932
0.022773
0.024396
0.025506
0.015429
0.013559
0.011963
0.005338
0.002718
0.010815
0.002842
-0.002144
0.004061
0.008636
-0.009886
-0.013803
0.007633
0.021596
0.013264
0.011898
0.005947
0.010812
0.005776
-0.005748
-0.001275
0.004749
-0.005858
-0.011266
0.001538
0.003223
-0.008182
-0.007112
0.005556
0.011692
0.008305
0.012361
-0.000149
-0.002041
0.000496
-0.002711
0.000117
0.004365
-0.007957
-0.009108
-0.000820
0.005229
-0.009098
-0.009649
0.008976
0.024646
0.017791
0.015764
0.009789
0.011312
0.002141
-0.002762
0.003682
0.009105
-0.000491
-0.005848
-0.001267
0.009283
0.002434
-0.008468
0.002663
0.017687
0.013434
0.018104
0.018576
0.018960
0.008016
0.001392
0.009124
0.013708
0.001879
-0.001118
-0.005540
0.001830
-0.001090
-0.009309
-0.003902
0.007782
0.012265
0.013059
0.013167
0.015642
-0.000639
-0.006855
0.003751
0.010449
0.004290
-0.001493
-0.003942
0.001838
-0.002673
-0.004371
0.003204
0.008940
0.019989
0.018566
0.013859
0.010704
0.004641
0.000237
0.004717
0.004429
0.001992
0.002132
-0.000936
0.005200
0.001235
-0.001888
0.005569
0.012249
0.010232
0.011092
0.007035
0.008131
0.007391
0.000195
0.004973
0.002315
-0.002578
-0.008890
0.000171
0.007008
0.016764
0.010984
0.010402
0.004272
0.015887
0.022826
0.011994
0.006773
0.011544
-0.006784
-0.008849
0.001482
-0.002529
-0.005903
0.003293
0.001689
-0.014332
-0.014358
0.006478
0.017812
0.029296
0.035854
0.021398
0.018218
0.014873
0.004137
0.005344
0.011683
0.000698
-0.008903
0.000894
0.006585
-0.011515
-0.015898
0.007973
0.015629
0.014319
0.014283
0.005155
0.007312
0.001324
-0.007576
0.000169
0.002458
-0.007971
-0.017206
-0.007758
0.000387
-0.009233
-0.016177
-0.001210
0.008637
0.003927
0.003496
-0.001047
-0.003851
-0.004222
-0.007605
0.002280
0.006085
-0.004923
-0.013557
-0.003129
-0.001844
-0.011654
-0.012564
0.008728
0.014543
0.009941
0.011591
0.013762
0.012686
0.008605
0.007050
0.006567
0.006847
0.002969
-0.004697
-0.005145
0.002237
-0.005782
-0.008402
0.004413
0.013929
0.014788
0.015811
0.011507
0.016725
0.007754
0.000240
0.005538
0.015117
0.004765
-0.002889
0.006719
0.013338
0.000186
-0.006261
0.003059
0.011078
0.006775
0.015296
0.006436
0.001551
-0.007735
-0.012317
-0.002468
0.000869
-0.011313
-0.016796
-0.007047
-0.007031
-0.016702
-0.012409
0.004561
0.008701
0.002872
0.002172
0.002329
0.004510
-0.002164
-0.007245
0.002334
0.005150
0.000431
-0.008031
-0.004877
0.001598
-0.006357
-0.012918
-0.001530
0.007456
0.007924
0.004789
0.006959
0.013101
0.000842
-0.004341
0.004032
0.006597
0.003106
-0.001217
-0.000425
0.007159
0.002094
-0.003126
0.001393
0.008331
0.009293
0.009988
0.012857
0.012843
0.002684
-0.000859
0.005877
0.007399
0.002523
-0.001465
-0.001927
0.000333
-0.004644
-0.008748
-0.002472
0.007189
0.008276
0.007444
0.003486
0.003801
-0.005341
-0.009709
0.002216
0.004617
0.003670
-0.002308
-0.007941
-0.004158
-0.004837
-0.011499
-0.002561
0.005233
0.013319
0.018280
0.008416
0.007995
0.005276
-0.004485
0.000073
0.001430
-0.002737
-0.005519
-0.002258
0.004652
-0.003144
-0.006451
0.005462
0.016301
0.012789
0.012809
0.006165
0.006981
0.001685
-0.003606
0.001813
0.007821
0.000419
-0.008760
-0.000876
0.007224
-0.007718
-0.016558
-0.000922
0.012115
0.003936
0.000581
0.004406
0.012792
0.001063
-0.008330
0.005151
0.010969
0.008121
-0.002427
0.001795
0.002867
-0.007915
-0.010552
0.001030
0.008529
0.014173
0.009871
0.006795
0.009110
0.003842
-0.006386
0.004182
0.006158
-0.003361
-0.007895
-0.004441
-0.001073
0.003120
-0.002475
0.002680
0.002464
0.000721
0.009167
0.006175
0.001879
-0.004336
-0.014277
-0.004209
0.001466
-0.009610
-0.013732
-0.003471
-0.001992
-0.016202
-0.016276
0.007587
0.018194
0.011082
0.014363
0.009737
0.011209
0.007127
0.000119
0.005033
0.004708
0.000350
-0.004467
0.004669
0.002619
-0.011305
-0.015608
-0.001670
0.010042
0.013542
0.010894
0.005044
0.007136
0.000452
-0.009018
0.001908
0.004928
-0.006347
-0.009393
-0.001304
-0.000310
-0.007132
-0.009047
0.007368
0.018447
0.016486
0.016162
0.006192
0.004540
0.001669
-0.006932
-0.001430
0.006401
-0.004441
-0.010011
0.003713
-0.000273
-0.019704
-0.020022
0.000799
0.012039
0.007912
0.005483
0.012159
0.020084
0.012397
0.000376
0.006424
0.016226
0.012360
0.000945
0.007806
0.008258
-0.002795
-0.006005
0.005007
0.012511
0.016001
0.018395
0.021203
0.018086
0.004690
-0.001473
0.005131
0.009271
0.004228
0.000824
0.005124
0.006408
-0.004091
-0.005287
0.008177
0.016899
0.021771
0.025370
0.019344
0.017860
0.009457
0.003840
0.003974
0.007787
0.003848
-0.000791
0.005145
0.007248
-0.005047
-0.009844
0.006356
0.013391
0.007315
0.007690
0.005854
0.011057
0.000982
-0.007976
-0.001727
0.003983
0.002945
-0.004405
-0.009187
-0.000282
-0.005556
-0.011449
-0.005404
0.003491
0.016401
0.017431
0.014165
0.017167
0.011240
0.003082
0.006936
0.012132
0.001221
-0.000372
0.002383
0.007696
-0.001776
-0.003580
0.004450
0.015969
0.023292
0.024806
0.014625
0.006229
0.004498
0.003509
0.002052
-0.001025
-0.009163
-0.015766
-0.002297
0.002187
0.000783
-0.002909
0.001795
0.005492
0.007399
0.011323
0.002071
-0.002665
-0.001053
-0.005126
-0.006549
-0.006389
-0.011224
-0.009147
0.000096
-0.005248
-0.019795
-0.013579
0.011880
0.018206
0.000085
0.004487
-0.004694
0.002038
0.001223
-0.006258
-0.002401
0.008487
0.018761
0.006252
0.011377
0.008913
-0.017792
-0.047931
-0.058262
