-0.013081
-0.007394
-0.001172
0.026150
-0.004108
-0.004776
0.019664
0.011043
0.022781
0.011833
0.021177
0.025092
0.033931
0.024228
0.020954
0.022872
0.039452
0.054634
0.062301
0.063606
0.077540
0.082243
0.069747
0.071907
0.085056
0.099213
0.128285
0.143201
0.189819
0.251471
0.301339
0.322376
0.297140
0.240084
0.195773
0.142804
0.126284
0.094214
0.058941
0.033597
0.016935
0.014755
0.027766
0.016260
0.020404
0.024759
0.005329
0.010262
0.021772
0.027099
0.019851
0.017075
0.004305
0.009631
0.004321
0.001888
-0.008711
-0.013825
-0.031318
-0.008580
-0.001843
0.009256
-0.013312
0.010269
-0.008017
-0.014113
-0.022300
-0.009581
-0.017188
0.008890
-0.003289
-0.029958
-0.029891
-0.041804
-0.041110
-0.011815
-0.026558
-0.041037
-0.043902
-0.000732
-0.004142
-0.003226
-0.005699
-0.001467
-0.006612
-0.003584
-0.013601
-0.014917
0.002556
-0.007646
-0.020976
0.002384
0.006732
-0.017926
-0.012727
0.022438
0.041278
0.044676
0.048372
0.047502
0.054022
0.041477
0.025822
0.033165
0.053516
0.055555
0.050572
0.033038
0.036744
0.056850
0.070714
0.084825
0.077563
0.089466
0.086823
0.084759
0.063381
0.050601
0.060356
0.061940
0.064824
0.078047
0.064651
0.039283
0.030269
0.027383
0.024429
0.058416
0.069522
0.067292
0.061826
0.053809
0.042589
0.032238
0.022720
0.012209
0.011699
0.012556
0.004566
0.006862
0.013195
0.005642
0.003123
0.023941
0.041320
0.055880
0.065959
0.074342
0.075351
0.073352
0.061051
0.061337
0.064419
0.043489
0.019341
0.036014
0.039171
0.008960
0.008386
0.032163
0.044408
0.050397
0.060406
0.059379
0.047040
0.033346
0.026696
0.026737
0.018369
-0.002217
0.002086
0.008051
0.018589
0.002543
-0.000261
0.017805
0.033750
0.017234
0.018183
0.015513
0.012081
0.005696
0.012897
0.017538
0.017155
-0.004296
-0.007888
0.010234
0.022321
-0.005586
-0.003868
0.005980
0.031486
0.035574
0.032540
0.025767
0.024107
0.006137
0.009196
0.015120
0.009437
-0.008917
-0.017455
0.007000
0.015095
-0.002097
-0.005390
0.012508
0.018334
0.000760
-0.002724
0.006642
0.005944
0.006709
0.009748
0.003500
-0.009542
-0.020540
-0.021179
-0.005717
0.005409
0.002052
-0.011231
0.002705
0.015969
0.009893
0.001310
0.000475
0.000167
0.003685
-0.009531
-0.017698
-0.007926
-0.028170
-0.035867
-0.011304
-0.008547
-0.023437
-0.019089
0.013490
0.021970
-0.009273
-0.018035
-0.009541
-0.003350
0.013617
-0.007642
-0.011158
-0.008134
-0.021003
-0.043367
-0.009807
-0.011671
-0.006338
-0.017465
-0.014447
-0.022842
-0.026317
-0.025000
-0.000452
-0.003603
0.002045
-0.015663
-0.010439
0.005500
-0.010415
-0.028547
-0.006420
-0.003129
-0.022377
-0.016558
-0.002065
0.007244
0.011731
0.015535
0.019340
0.024680
0.014672
0.002861
0.009472
0.013512
0.006845
0.001262
0.008797
0.006512
0.002508
0.005643
0.016197
0.019912
0.023802
0.033078
0.019249
0.020167
0.017545
0.004437
0.004829
0.010732
-0.004766
-0.017184
0.001824
0.015326
0.013235
-0.002702
-0.000426
0.006355
-0.001305
-0.017317
-0.007542
-0.008375
0.006909
-0.010529
-0.018358
-0.014500
-0.039548
-0.052510
-0.026069
-0.014196
-0.007531
-0.022416
-0.005706
-0.017149
-0.020574
-0.040341
-0.030680
-0.033535
-0.004469
-0.019798
-0.040340
-0.023727
-0.052251
-0.062291
-0.018150
-0.032907
-0.047502
-0.048555
0.002551
-0.008448
-0.022379
-0.028398
-0.015343
-0.002814
0.015220
0.013665
0.030159
0.039068
0.004612
-0.020267
0.010596
0.016412
-0.017063
-0.014404
0.024973
0.047241
0.051714
0.039342
0.033560
0.033606
0.023210
0.015314
0.014093
0.015333
-0.000940
-0.013527
0.013003
0.020007
0.013669
0.004251
0.027674
0.025151
0.007811
0.009599
-0.000626
-0.002379
0.016730
0.003535
-0.021744
-0.003804
-0.027264
-0.039149
-0.004608
-0.007930
-0.025514
-0.026346
0.009856
0.014589
0.001905
0.005659
0.002644
0.021011
0.035670
0.030524
0.030324
0.038008
0.020492
0.005127
0.015725
0.021998
-0.005050
-0.006089
0.023820
0.039690
0.033810
0.044228
0.044541
0.035658
0.012229
0.010635
0.008796
0.013236
0.012500
0.008940
0.015939
0.034338
0.025135
0.016221
0.035695
0.057781
0.082821
0.114250
0.141588
0.163900
0.205274
0.277830
0.332032
0.390359
0.458868
0.580812
0.713245
0.806086
0.811344
0.799482
0.774006
0.675286
0.562028
0.416155
0.303201
0.257738
0.222463
0.155944
0.120556
0.118928
0.120109
0.119899
0.082153
0.057365
0.042586
0.033734
0.040008
0.042056
0.058107
0.072482
0.056253
0.041325
0.038651
0.033793
0.018176
0.015051
0.002810
0.002183
0.011691
0.017748
-0.008086
-0.009347
0.017776
0.034657
0.039639
0.046873
0.035977
0.037516
0.029510
0.027482
0.033291
0.044403
0.030533
0.019646
0.035459
0.043271
0.043965
0.058548
0.083856
0.094196
0.105482
0.086591
0.080461
0.075907
0.056980
0.036709
0.029123
0.009661
-0.003562
-0.006177
0.008235
0.007829
0.024170
0.004672
0.020987
0.005231
0.006781
-0.033898
-0.036839
-0.033757
-0.002108
-0.046324
-0.054711
-0.012510
-0.049938
-0.081904
-0.037685
-0.068544
-0.039974
-0.060413
0.011490
-0.045371
-0.047005
-0.085270
-0.062857
-0.060120
-0.037161
-0.059800
-0.043947
-0.021032
-0.060431
-0.083807
-0.047117
-0.061996
-0.053696
-0.064953
-0.000079
-0.020587
-0.039665
-0.058783
-0.020223
-0.020337
0.009187
-0.016989
-0.012847
0.002468
-0.018688
-0.037685
-0.019371
-0.025712
-0.038827
-0.038467
-0.007565
0.002899
-0.004180
-0.002236
0.014604
0.013439
0.013588
-0.000973
-0.003171
-0.003420
-0.018804
-0.015707
0.002156
0.000355
-0.012254
-0.010002
0.010178
0.014527
0.006005
-0.004126
-0.003796
0.001747
0.005248
-0.009979
-0.014721
-0.007435
-0.021848
-0.024772
-0.006683
-0.009192
-0.015923
-0.011888
-0.001780
-0.004267
-0.008232
-0.000096
0.002613
0.004799
0.006473
-0.000825
-0.004690
-0.005785
-0.013392
-0.017464
0.000354
0.001414
-0.007623
-0.009498
0.003755
0.015228
0.019967
0.018948
0.012130
0.009467
0.007096
-0.001708
-0.007199
-0.003619
-0.009967
-0.019430
-0.003854
-0.002923
-0.018307
-0.018509
0.000067
0.011161
0.007894
0.010464
0.012936
0.015583
0.007631
-0.002868
0.002876
0.009021
-0.003182
-0.014294
-0.007678
-0.007812
-0.011140
-0.005900
-0.000531
0.001528
0.004370
0.001852
0.004994
0.002596
0.006034
-0.008463
-0.006794
-0.005355
-0.011653
-0.014404
0.003910
0.000883
-0.008216
-0.009916
0.004703
0.014273
0.006286
-0.003134
0.002666
0.003793
0.005403
-0.013191
-0.010939
-0.003593
-0.022869
-0.028824
-0.007499
-0.008384
-0.009009
-0.012533
0.001195
-0.001070
0.001684
-0.013201
-0.013627
-0.018716
0.003705
-0.012541
-0.016546
-0.005622
-0.012186
-0.021439
-0.007564
-0.020838
-0.022121
-0.022097
0.000346
0.004453
-0.009926
-0.017123
0.007680
0.014018
0.034421
0.012928
-0.006799
0.001680
-0.020653
-0.032951
-0.010175
-0.004342
0.000907
-0.001739
0.000173
-0.001488
0.014786
0.009422
0.014511
0.012505
0.033767
0.000847
-0.013744
-0.005959
-0.014204
-0.038023
-0.029888
-0.018161
-0.001131
-0.016333
-0.014086
-0.011857
-0.016151
-0.026956
-0.000260
-0.002739
0.013595
-0.000037
-0.000497
-0.019425
-0.036770
-0.043191
-0.018108
-0.021921
-0.012045
-0.040313
-0.005583
-0.024264
-0.032699
-0.078598
-0.057246
-0.037867
-0.009421
-0.043937
-0.041067
-0.021300
-0.053281
-0.066024
-0.029820
-0.040510
-0.046819
-0.044153
-0.000337
-0.000112
-0.023904
-0.033682
-0.005318
-0.011927
0.003406
-0.011415
-0.007139
-0.004551
-0.029087
-0.040032
-0.021822
-0.010334
-0.013369
-0.031008
-0.006764
-0.004829
-0.012326
-0.026066
-0.006872
-0.006308
0.000937
-0.019933
-0.013838
-0.000670
-0.021182
-0.030219
-0.011719
-0.011802
-0.024682
-0.026522
0.003176
0.009046
0.003997
-0.004976
0.010387
0.008293
0.009363
-0.004656
-0.011014
0.000755
-0.012136
-0.021856
-0.004120
-0.003844
-0.011574
-0.009650
0.007723
0.008176
0.002223
-0.007248
-0.005866
-0.010053
-0.000064
-0.011038
-0.014268
-0.009182
-0.017865
-0.026553
-0.002271
-0.005885
-0.016918
-0.019725
-0.001899
-0.001004
-0.007353
-0.008030
-0.001812
-0.007199
-0.001634
-0.003471
-0.010779
-0.010777
-0.022272
-0.031845
-0.004154
-0.004563
-0.018945
-0.015707
0.010578
0.012989
0.001937
0.009883
-0.012945
-0.003852
0.019013
0.007907
-0.010916
-0.001285
-0.006137
-0.022591
-0.006344
-0.006473
-0.024173
-0.018592
0.010640
0.022998
0.030366
0.033738
0.028199
0.026317
0.015918
0.015104
0.016066
0.018893
0.014659
0.000853
0.006015
0.016700
0.002549
-0.001262
0.015240
0.037525
0.051537
0.058644
0.055190
0.046166
0.034022
0.033826
0.042812
0.039947
0.015502
-0.000318
0.019307
0.025609
0.009690
0.004843
0.020741
0.025555
0.028164
0.022028
0.003269
0.008355
0.005220
-0.012745
-0.016814
-0.020343
-0.042945
-0.057189
-0.029212
-0.009683
-0.008127
-0.034287
0.002197
-0.008588
-0.024112
-0.052001
-0.025876
-0.014760
-0.005235
-0.035784
-0.030935
-0.022732
-0.057483
-0.069199
-0.029854
-0.025711
-0.021560
-0.037812
-0.013782
-0.020986
-0.030726
-0.050813
-0.026185
-0.024923
0.000843
-0.024685
-0.017532
-0.011474
-0.035482
-0.051177
-0.025520
-0.029257
-0.027503
-0.031815
-0.011739
-0.003054
-0.013683
-0.019408
0.007592
0.005414
0.004235
-0.008240
-0.011099
-0.008692
-0.029920
-0.044200
-0.028042
-0.013128
-0.015158
-0.014578
0.007773
0.016940
0.004348
-0.003049
0.003869
-0.004925
-0.005741
-0.014509
-0.001779
-0.004403
-0.029749
-0.037030
-0.009102
-0.007374
-0.015449
-0.022790
-0.002752
0.002785
-0.003762
-0.007593
0.000671
-0.002833
0.006627
-0.001077
-0.005254
-0.005327
-0.013924
-0.028016
-0.007226
-0.008100
-0.007579
-0.004942
0.006157
-0.001528
0.000411
0.017443
0.015222
0.006852
0.004429
0.004205
0.006956
0.003714
-0.005619
-0.009694
0.004418
0.004288
-0.015926
-0.015811
0.013481
0.027297
0.025766
0.014648
0.009167
0.007889
0.004667
-0.012757
-0.011651
-0.010388
-0.022045
-0.015388
-0.003825
0.000864
-0.001684
-0.009285
0.000344
0.010818
0.001564
-0.007015
-0.016508
-0.008015
-0.004526
-0.015344
-0.004148
-0.000464
-0.018315
-0.032179
-0.013020
-0.008304
-0.001510
-0.006502
-0.000514
-0.000393
-0.008456
-0.013685
-0.008397
-0.009434
-0.002662
-0.016408
-0.016401
-0.014742
-0.027918
-0.028710
-0.015405
-0.012245
-0.018488
-0.023961
0.003093
0.012968
0.002244
-0.001328
-0.000636
-0.002070
0.003971
-0.008643
-0.007378
0.003403
-0.015913
-0.022925
-0.001659
-0.003063
-0.015028
-0.012998
0.000214
0.004344
0.002900
0.005432
-0.001320
-0.010036
-0.012294
-0.015090
-0.011517
-0.008398
-0.028059
-0.036660
-0.016932
0.002383
-0.005838
-0.021799
0.006517
0.018040
0.004377
-0.024133
-0.024594
-0.023897
-0.008879
-0.011685
-0.009325
-0.017967
-0.026388
-0.037909
-0.020219
-0.009310
0.002748
-0.016018
-0.015921
-0.026738
-0.031816
-0.052523
-0.009976
-0.019752
-0.001841
-0.021687
-0.020368
-0.018653
-0.041728
-0.051515
-0.027768
-0.027072
-0.028410
-0.036524
0.001590
0.000919
-0.018821
-0.032359
-0.016859
-0.006603
0.011042
-0.016539
-0.015285
-0.005290
-0.021644
-0.042424
-0.016481
-0.015976
-0.008970
-0.013947
-0.000217
-0.004211
-0.007383
-0.006069
-0.006211
-0.008134
0.007589
-0.009780
-0.009767
-0.007095
-0.025015
-0.033687
-0.018776
-0.010973
-0.011105
-0.019484
-0.019382
-0.010010
-0.009836
-0.010371
-0.009186
-0.005292
0.002721
-0.019260
-0.023971
-0.010720
-0.019159
-0.021049
-0.015177
-0.013044
-0.023570
-0.027360
-0.007747
-0.001707
0.005777
0.006325
0.003550
0.001240
0.010609
0.002956
-0.007279
-0.011306
-0.015574
-0.018486
-0.004838
-0.000966
-0.004796
-0.006402
0.010330
0.019803
0.019017
0.004215
-0.001007
0.005497
0.009886
-0.005940
-0.005090
-0.002149
-0.019604
-0.033760
-0.016276
-0.010252
-0.007931
-0.021518
-0.004675
-0.008424
-0.028301
-0.034865
-0.012884
-0.010130
0.009235
-0.014998
-0.024121
-0.002847
-0.021894
-0.042550
-0.007798
-0.013810
-0.023459
-0.024003
0.000535
-0.003589
-0.016210
-0.023498
-0.016415
-0.010338
0.007910
-0.008727
-0.016337
-0.004855
-0.021305
-0.032351
-0.014133
-0.008060
-0.021555
-0.027614
-0.000615
0.004554
0.000051
-0.009119
-0.003022
-0.004631
0.002792
-0.012425
-0.010727
-0.008355
-0.018862
-0.029314
-0.011497
-0.005862
-0.008976
-0.011607
0.001723
0.002794
-0.012248
-0.005510
0.009834
0.009509
0.013148
0.000148
-0.005162
-0.003554
-0.023680
-0.026644
-0.006018
-0.001905
-0.016152
-0.020801
0.002275
0.012011
-0.004335
-0.015865
-0.001575
0.007063
0.008484
-0.013236
-0.008178
0.001950
-0.017644
-0.040588
-0.027081
-0.005861
0.002959
-0.014264
-0.007858
-0.005982
-0.002625
-0.006458
-0.013737
-0.015720
0.000313
-0.016481
-0.021732
-0.002869
-0.026726
-0.043950
-0.027549
-0.015241
-0.014993
-0.023251
-0.019047
-0.009372
-0.000893
0.001791
0.010909
0.008597
0.014389
-0.000924
-0.011486
-0.012838
-0.020255
-0.018802
-0.010811
-0.005305
-0.026098
-0.029920
0.016956
0.035184
0.028938
0.029292
0.028024
0.024190
0.023338
0.027547
0.028158
0.026725
0.023023
0.012492
0.024905
0.022743
0.001586
0.001140
0.020061
0.025652
0.031648
0.035999
0.034630
0.035125
0.042410
0.041276
0.038951
0.039375
0.038087
0.033337
0.032847
0.026719
0.023894
0.033939
0.044682
0.043489
0.043891
0.041075
0.043533
0.033901
0.024769
-0.005084
-0.015920
-0.006785
-0.025016
-0.028258
-0.007858
-0.005020
0.007319
-0.002098
0.015988
0.006133
-0.014224
-0.035537
-0.020562
-0.020793
-0.010259
-0.019132
-0.009522
-0.024664
-0.039813
-0.058394
-0.020230
-0.016812
-0.012596
-0.034175
-0.016875
-0.032015
-0.045388
-0.063964
-0.012216
-0.008756
-0.006278
-0.014245
-0.000247
0.003853
-0.019229
-0.033444
-0.014112
-0.011116
-0.022249
-0.029855
-0.001689
-0.004000
-0.014824
-0.015763
0.002822
-0.004007
0.002212
-0.012025
-0.007386
-0.006507
-0.025423
-0.020339
-0.004399
-0.014260
-0.029014
-0.021940
0.012071
0.012821
-0.002961
-0.007601
0.004605
0.005628
0.024331
0.008391
-0.001819
-0.001299
-0.006759
-0.015303
0.000791
-0.003501
-0.008716
-0.015230
-0.010255
-0.009512
-0.005322
0.002349
-0.000299
0.001855
0.004028
-0.008516
-0.006970
-0.002797
-0.011556
-0.015373
-0.006660
-0.002225
-0.009339
-0.005925
-0.000732
0.007243
0.010407
0.009768
0.004953
0.007891
0.002895
-0.013247
-0.011927
-0.008536
-0.014564
-0.015721
0.000363
0.003428
-0.008842
-0.023813
-0.010773
-0.000443
-0.008140
-0.017113
-0.003920
-0.002070
-0.002682
-0.014371
-0.012421
-0.002618
-0.019077
-0.032368
-0.010928
-0.002654
-0.006928
-0.011582
0.002336
0.001273
-0.002035
-0.001465
0.000923
-0.001032
-0.005900
-0.012016
-0.008353
-0.003956
-0.022018
-0.026626
-0.001585
-0.001658
-0.012225
-0.011772
0.000961
-0.000441
-0.004670
-0.011299
-0.003715
-0.004780
-0.003230
-0.008053
-0.009834
-0.005649
-0.025072
-0.026999
-0.000868
-0.002680
-0.023202
-0.018078
0.004716
0.006895
-0.001205
-0.011355
-0.005238
0.010895
0.008861
-0.012134
-0.007149
0.005019
-0.009317
-0.021527
-0.010404
-0.010427
0.013477
0.008464
-0.013359
-0.037504
-0.019411
-0.039710
0.010866
-0.005374
-0.018674
-0.043781
-0.009931
0.003359
-0.025613
-0.037211
-0.027369
-0.031494
-0.019216
-0.029505
-0.013990
-0.021809
-0.023579
-0.042950
-0.018549
-0.007243
0.012823
-0.028888
-0.033799
-0.018977
-0.037357
-0.063196
-0.040368
-0.026595
-0.017090
-0.031536
-0.008472
-0.007704
-0.020871
-0.024191
-0.004880
-0.010564
-0.001366
-0.008434
-0.008735
-0.001824
-0.023418
-0.033829
-0.014789
-0.014205
-0.026286
-0.020404
0.009086
0.011983
0.001416
-0.007817
0.000132
-0.001377
-0.002342
-0.011813
-0.007217
-0.004904
-0.035066
-0.039843
-0.009396
-0.010370
-0.017162
-0.019028
-0.002659
0.005065
-0.004131
-0.012995
-0.007212
-0.005641
0.001338
-0.016737
-0.015507
-0.002321
-0.017236
-0.034443
-0.009944
-0.010985
-0.025958
-0.023308
0.005026
0.009244
-0.001557
-0.009339
-0.004827
-0.003500
0.012106
0.003118
0.000964
-0.009068
-0.015348
-0.027032
-0.009166
-0.005894
-0.005151
-0.010712
0.003333
0.001736
-0.003992
-0.008602
0.000047
0.001965
0.010387
-0.007182
-0.008569
-0.007668
-0.022537
-0.025289
-0.009838
-0.011748
-0.024286
-0.025012
0.000890
0.006137
-0.003163
-0.009937
-0.003327
0.000944
0.003365
-0.008694
-0.003246
0.000672
-0.007457
-0.018996
0.000838
0.000689
-0.003319
-0.001677
0.007338
0.011478
0.007486
0.007210
0.020182
0.017338
0.021020
0.014272
0.008754
0.007141
0.000252
-0.014393
-0.011602
-0.001236
0.011957
0.005285
0.012546
0.017824
0.038856
0.028055
0.029743
0.022966
0.017128
-0.006312
-0.008160
-0.008200
-0.019643
-0.022400
-0.009206
-0.014920
-0.010745
-0.012951
-0.002955
-0.007336
-0.019321
-0.028428
-0.011537
-0.015165
-0.001626
-0.011320
-0.016233
-0.009763
-0.021137
-0.032027
-0.021225
-0.032873
-0.021116
-0.024570
-0.002116
-0.016790
-0.029333
-0.027562
-0.002835
-0.016571
-0.001289
-0.016612
-0.013254
-0.011931
-0.026654
-0.043057
-0.020340
-0.012989
-0.018529
-0.022538
0.000377
0.004647
0.000119
-0.006859
-0.013581
-0.008441
0.004003
-0.012555
-0.014262
-0.009989
-0.029015
-0.024583
-0.009820
-0.019317
-0.028834
-0.018367
0.007522
0.007811
-0.005680
-0.007450
-0.006757
-0.007943
-0.005802
-0.012840
-0.010924
-0.009513
-0.015809
-0.024757
0.003216
0.001470
-0.012561
-0.010143
0.006476
0.006254
0.000226
-0.004359
-0.007784
-0.013007
0.001108
0.000505
0.000998
-0.002698
-0.023216
-0.025794
-0.003987
-0.006471
-0.021243
-0.023289
-0.004197
0.002455
-0.004022
-0.002706
0.001459
0.002585
0.004326
-0.010060
-0.008946
0.000662
-0.008024
-0.015109
0.004803
-0.003134
-0.018403
-0.015834
0.009543
0.021392
0.020518
0.012757
0.010750
0.014658
0.017535
0.003202
-0.002057
-0.002350
-0.008512
-0.012110
0.001690
0.000845
0.001140
0.000683
0.005396
0.008158
0.017257
0.014010
0.013099
0.007739
0.023010
0.013450
-0.003169
-0.002232
-0.005551
-0.016067
0.000765
-0.000008
-0.008777
-0.016768
0.002121
0.002542
-0.015970
-0.012194
0.002149
-0.005763
-0.004669
-0.012206
-0.010534
-0.007343
-0.026884
-0.035443
-0.008024
-0.011955
-0.018511
-0.029930
0.000877
0.008058
-0.011781
-0.013177
-0.008998
-0.006129
0.000233
-0.001301
-0.004397
-0.002021
-0.009906
-0.021750
-0.006565
-0.000398
-0.014471
-0.015596
0.005141
0.007929
0.006358
0.012925
0.014389
0.005357
0.001469
-0.002663
0.001404
0.002772
-0.004493
-0.015062
-0.007806
-0.006862
-0.011444
-0.010409
0.006398
0.015051
0.012728
0.012482
-0.001154
0.000981
0.012841
0.002387
-0.009014
-0.003708
-0.010810
-0.019391
-0.004114
-0.003218
-0.009186
-0.013786
-0.003270
0.006322
0.003825
0.004013
0.007942
0.011634
0.014342
-0.004967
-0.006450
0.005076
-0.004565
-0.014592
-0.005530
-0.000853
-0.007891
-0.005899
0.007885
0.016671
0.013510
0.014669
0.014993
0.015287
0.006886
-0.002357
-0.002677
0.003577
-0.002655
-0.015133
0.001945
0.008198
-0.006662
-0.013400
0.003103
0.011655
0.002330
-0.001898
0.003012
0.010871
0.008617
-0.007104
-0.000740
0.007509
0.003891
-0.013547
-0.007174
-0.004124
0.002043
-0.008088
-0.011120
-0.013924
-0.001393
-0.003822
0.007501
0.005276
0.007696
-0.004686
-0.011752
-0.009340
-0.015033
-0.024506
-0.006628
-0.001021
-0.001310
-0.008760
-0.010701
-0.012409
-0.002528
-0.012012
0.005577
0.002692
0.010553
-0.011749
0.002017
-0.001643
-0.025634
-0.029002
-0.014552
-0.015834
-0.018447
-0.019357
-0.003301
0.006277
0.007337
0.003641
0.007801
0.006835
0.020650
0.006288
-0.003806
-0.005732
-0.022793
-0.023526
-0.012681
-0.006481
-0.010564
-0.009252
0.008544
0.011786
-0.001736
-0.008464
-0.003030
0.006300
0.010300
-0.001976
0.002746
0.004999
-0.016558
-0.030626
-0.009481
-0.000684
-0.002519
-0.009361
-0.001568
0.001055
-0.004539
-0.004145
-0.011128
-0.009007
0.008178
-0.003137
-0.003942
-0.005250
-0.017824
-0.020323
0.003632
0.003285
-0.020056
-0.021679
0.004193
0.014608
0.006767
0.008763
0.004815
0.007945
-0.011618
-0.016827
-0.002858
0.006405
-0.010060
-0.013036
-0.007220
0.000996
-0.014056
-0.015565
-0.001446
0.016213
0.013068
0.007155
-0.000256
0.004200
0.001420
-0.005523
-0.007714
-0.001213
-0.000509
-0.017496
-0.000225
0.004923
0.000234
-0.004220
-0.000373
0.001287
0.003700
0.012317
0.007696
0.014188
0.018105
-0.004901
-0.008594
0.003985
-0.003077
-0.008504
-0.000754
-0.005728
-0.007010
-0.001363
0.015946
0.013429
0.033041
0.046600
0.041680
0.025813
0.010036
0.005341
0.000442
-0.002007
-0.003756
-0.001171
0.005111
-0.001542
-0.009040
-0.011750
0.003237
0.005707
-0.001080
-0.001659
0.000244
0.005749
-0.000122
-0.008828
-0.001941
0.008967
0.015739
0.006426
0.007903
0.007106
-0.017935
-0.048086
-0.057947
