-0.010854
0.006123
-0.011334
-0.020091
-0.048193
-0.001021
-0.054658
-0.094465
-0.047200
-0.055043
-0.059090
-0.027246
-0.039936
-0.014105
-0.039135
-0.002196
-0.021785
-0.043831
-0.069626
-0.038556
-0.020843
0.007192
-0.015190
-0.025425
0.000057
0.006897
0.015008
0.035526
0.036462
0.096091
0.156793
0.236748
0.203685
0.194974
0.150583
0.085356
0.066994
0.042761
0.021095
0.020225
0.008952
0.008323
0.012972
0.017211
0.014649
0.003294
-0.001004
0.016549
0.021452
0.018824
0.012562
0.008989
0.006230
0.000885
0.004604
0.013196
0.011967
0.001574
-0.010315
0.004413
0.019504
0.012438
0.006885
0.019946
0.035123
0.035585
0.029159
0.029502
0.022498
0.011729
0.001604
0.003442
0.000087
-0.015475
-0.015914
-0.000236
0.014176
0.000090
-0.015712
0.008261
0.020489
0.010589
0.014169
0.007537
0.012083
0.014467
0.008351
0.010863
0.018380
0.009729
-0.002383
0.004213
0.017122
-0.005342
-0.004474
0.030605
0.067846
0.075712
0.067341
0.050701
0.049483
0.024790
0.018418
0.020920
0.030997
0.021364
0.020070
0.028686
0.034143
0.023386
0.033052
0.049559
0.054938
0.059159
0.054138
0.047240
0.040883
0.038296
0.036282
0.038893
0.028704
0.035364
0.038449
0.021903
0.012923
0.017292
0.007290
0.008467
0.011056
0.019980
0.030000
0.037882
0.031007
0.030319
0.028867
0.022667
0.019737
0.005779
0.000634
0.010539
0.009614
-0.012987
-0.006111
0.018212
0.033017
0.036115
0.039279
0.023077
0.020470
0.014771
0.012544
0.004690
0.008661
0.000040
-0.008358
0.011580
0.018585
-0.004592
-0.000031
0.025997
0.039289
0.035093
0.032551
0.038270
0.033122
0.009203
0.002115
0.004541
0.018125
0.013099
0.012712
0.031967
0.017593
-0.001848
0.002606
0.017796
0.023616
0.022111
0.015208
0.007791
0.006009
0.000447
0.003315
0.009773
0.017089
0.000356
-0.005808
0.008646
0.000890
-0.011371
0.002591
0.016555
0.006886
0.002950
-0.000937
0.010012
0.017215
0.021625
0.005494
0.003646
0.005113
0.000116
-0.002344
0.011670
0.005105
-0.000056
-0.006747
0.003128
0.006390
0.003179
0.003994
0.005619
0.007124
0.010390
-0.001329
-0.005557
-0.007088
-0.008830
-0.020164
-0.004622
-0.002502
-0.009657
-0.011442
-0.002393
0.005402
0.006587
0.007097
0.012469
0.014548
0.004978
-0.008827
-0.001950
0.003573
0.004556
-0.003270
-0.001688
-0.003147
-0.011320
-0.009549
0.004132
0.012534
0.022026
0.022489
0.018315
0.015002
0.015770
0.003557
-0.000859
0.000337
0.001465
-0.006030
0.001022
0.010564
0.013044
0.004635
0.005702
0.009025
0.012065
0.004158
-0.002434
-0.004789
0.008598
-0.007162
-0.007825
-0.009249
-0.036135
-0.046213
-0.027305
-0.036384
-0.027414
-0.043138
0.016751
-0.000202
-0.027059
-0.062435
-0.043837
-0.035683
0.002039
-0.017876
-0.024552
-0.017654
-0.054012
-0.063916
-0.031849
-0.046513
-0.042193
-0.069264
0.004982
0.002724
-0.034003
-0.077483
-0.035401
-0.022070
-0.005771
-0.011002
0.006659
0.014256
-0.016367
-0.044601
-0.005866
-0.015028
-0.012133
-0.039996
0.008536
-0.021757
-0.027068
-0.073584
-0.051846
-0.044052
-0.015286
-0.056983
-0.054921
-0.040797
-0.063094
-0.085952
-0.060150
-0.075778
-0.040721
-0.067820
-0.017090
-0.058884
-0.069135
-0.084017
-0.046709
-0.048936
-0.022177
-0.043022
-0.033582
-0.026128
-0.050071
-0.058229
-0.034105
-0.045604
-0.045682
-0.041481
0.015909
0.003688
-0.009883
-0.022880
-0.014241
-0.006069
0.026158
0.008385
-0.009264
-0.001382
-0.004469
-0.015578
0.013526
-0.000291
-0.001971
-0.005720
0.015895
0.006191
0.022001
-0.006765
-0.014111
-0.006643
0.020293
-0.017292
-0.054123
-0.035170
-0.048907
-0.069839
-0.038729
-0.061029
-0.010790
-0.045191
-0.009218
-0.064465
-0.060800
-0.108555
-0.079526
-0.081699
-0.047048
-0.077647
-0.085300
-0.050559
-0.083205
-0.119776
-0.064044
-0.066359
-0.055096
-0.083809
-0.022601
-0.031460
-0.057222
-0.094809
-0.041476
-0.027519
-0.011211
-0.038868
-0.025921
-0.006776
-0.036695
-0.061770
-0.022371
-0.028725
-0.049240
-0.053213
-0.002352
0.001750
-0.002585
-0.008097
0.000392
0.003958
0.010569
-0.001518
-0.014191
-0.000252
0.001716
-0.015871
0.000304
0.007836
-0.011716
-0.009423
0.013393
0.033952
0.067095
0.098760
0.111433
0.161411
0.230792
0.292126
0.345315
0.482746
0.604406
0.786885
0.915272
0.960657
0.963408
0.955382
0.944640
0.876535
0.790062
0.580705
0.399984
0.328208
0.272380
0.191460
0.160286
0.169330
0.185182
0.181174
0.123794
0.081318
0.042205
0.014417
0.025514
0.042378
0.070893
0.065699
0.060828
0.044816
0.038909
0.033226
0.024417
0.017828
0.004433
-0.000091
0.018249
0.011220
-0.004213
-0.003742
0.014221
0.019456
0.017196
0.028925
0.012749
0.016569
0.030591
0.019915
0.009543
0.017575
0.010593
-0.000314
0.006679
0.004396
-0.008431
0.007272
0.024042
0.028490
0.046891
0.054472
0.046196
0.035050
0.040510
0.031058
0.017394
0.022988
0.020146
0.007176
0.014978
0.024113
0.022157
0.022891
0.028525
0.038277
0.046708
0.039104
0.029890
0.009412
0.013336
0.019944
0.003436
-0.009276
-0.027777
-0.040026
-0.014864
-0.005480
0.007979
-0.007158
0.013512
0.002359
-0.005627
-0.019054
-0.003231
-0.018308
-0.007649
-0.007462
-0.007622
-0.005385
-0.025264
-0.029547
-0.002769
-0.005406
-0.027325
-0.026872
-0.000915
0.003468
0.001296
-0.000736
-0.004615
-0.001814
0.000704
-0.003276
0.003148
0.002363
-0.017701
-0.025157
-0.003609
-0.003539
-0.012303
-0.010279
0.011106
0.019120
0.015156
0.008097
0.011032
0.014040
0.011370
-0.003345
-0.006360
0.000921
-0.012541
-0.019449
-0.005322
0.002965
-0.015432
-0.018425
0.009021
0.026056
0.006170
0.007089
0.010850
0.018559
0.001712
-0.004085
0.008041
0.011876
-0.000388
-0.009671
0.000558
0.008292
-0.006031
-0.013225
0.001868
0.013928
0.014149
0.013212
0.006203
0.009403
0.000151
-0.009830
-0.001549
0.006424
-0.000657
-0.007643
-0.005184
-0.000188
-0.009204
-0.012629
0.001640
0.012093
0.016987
0.011302
0.003429
0.006112
0.005723
-0.000255
0.006547
0.008492
0.002644
-0.004384
0.006402
0.009283
-0.003545
-0.007856
0.009991
0.021104
0.015744
0.018722
0.017428
0.021146
0.014958
0.010734
0.007062
0.013383
0.011052
0.008146
0.009124
0.005199
-0.005779
-0.001585
0.009531
0.014158
0.014470
0.013807
0.021268
0.019270
0.003222
-0.000070
0.008580
0.012076
0.003491
-0.000892
0.004892
0.011782
0.000281
-0.007932
0.004230
0.017754
0.019986
0.016826
0.013516
0.016306
0.008281
-0.007513
-0.002028
0.004754
-0.000371
-0.004200
0.001150
0.003989
0.000545
-0.003998
0.001746
0.005782
0.004612
0.004345
0.006713
0.004139
-0.002528
-0.007214
0.001638
0.003502
-0.006505
-0.009666
-0.000484
-0.000874
-0.007432
-0.008222
0.003090
0.014887
0.024724
0.020450
0.009756
0.009712
0.007224
-0.004432
-0.001144
0.001420
-0.008347
-0.018234
-0.004596
0.007845
0.000393
0.002805
0.019856
0.026037
0.027365
-0.010313
-0.004215
-0.000895
0.022703
-0.021974
-0.059000
-0.034446
-0.053793
-0.085236
-0.046945
-0.063556
-0.039285
-0.076007
-0.008578
-0.062410
-0.065758
-0.137657
-0.090975
-0.093666
-0.050209
-0.089492
-0.071015
-0.031716
-0.090282
-0.133069
-0.069050
-0.098896
-0.075389
-0.115500
-0.024022
-0.075938
-0.072363
-0.115551
-0.070561
-0.073454
-0.034685
-0.068052
-0.041013
-0.010510
-0.051485
-0.079991
-0.027702
-0.043839
-0.069203
-0.067125
0.005555
0.011972
-0.014197
-0.022238
-0.006563
-0.006636
0.010113
0.002554
-0.007867
-0.003946
-0.024189
-0.036337
-0.007433
-0.003357
-0.026315
-0.029777
0.006701
0.019331
0.010166
-0.001023
-0.007065
0.005199
0.011172
-0.008257
0.001473
0.003977
-0.004187
-0.015410
-0.003916
-0.006869
-0.013120
-0.007414
0.003369
0.001342
0.009485
0.021429
0.024057
0.015686
0.017655
0.009509
0.005266
0.000211
-0.005812
-0.001690
0.006426
0.010202
-0.006843
-0.016309
0.004584
0.024461
0.019242
0.010360
0.003437
0.012325
0.006452
0.001214
0.005460
0.008289
-0.002847
-0.008680
-0.002079
0.009748
-0.003292
-0.005744
0.011823
0.026927
0.027764
0.028688
0.020318
0.023901
0.014734
0.000796
0.003566
0.016236
0.011339
0.001855
0.010894
0.013860
0.007265
0.012683
0.005851
0.012671
0.031567
0.038269
0.034593
0.024100
0.019354
0.018315
0.005194
0.004113
0.004197
0.006295
0.008530
0.004675
0.001223
-0.004878
0.009421
0.024380
0.022972
0.017856
0.010874
0.016232
0.009120
0.000325
0.011919
0.006238
-0.014572
-0.015472
-0.000970
0.010247
-0.000051
-0.007342
0.012843
0.026335
0.004738
-0.001585
0.008634
0.015481
0.014667
0.019392
0.022871
0.017515
0.002748
-0.008966
-0.006199
0.004404
0.013745
0.001748
0.007196
-0.003303
-0.009744
-0.014786
-0.018574
-0.023026
0.005431
-0.003295
-0.023067
-0.019329
-0.040861
-0.053088
-0.018433
-0.023790
-0.013122
-0.033542
0.008130
-0.018142
-0.022802
-0.046319
-0.029567
-0.033955
-0.005496
-0.012000
-0.021644
-0.009904
-0.035997
-0.052475
-0.024154
-0.016830
-0.024980
-0.026484
0.008446
0.010155
-0.001585
-0.007109
-0.010683
-0.005073
0.019261
-0.003845
-0.000945
0.009175
-0.006151
-0.022836
-0.004600
-0.005998
-0.023192
-0.018592
0.007433
0.013809
0.020379
0.018554
0.018025
0.012542
0.007798
-0.001167
0.002633
-0.000707
-0.001867
-0.002425
0.006520
0.009078
0.000410
-0.005813
0.012368
0.021208
0.018090
0.012520
0.009632
0.002320
0.007842
0.007567
0.001521
-0.002601
-0.008823
-0.007311
0.005031
0.000306
-0.009088
-0.010982
0.001746
0.007251
0.001488
0.000137
-0.000217
0.000746
0.003658
-0.003915
0.001429
0.000167
-0.010329
-0.018899
-0.001751
0.001080
-0.006771
-0.009046
0.008106
0.011347
0.012445
0.016037
0.013364
0.007129
0.004938
0.000829
0.004801
0.005798
-0.012132
-0.011775
0.005607
0.008028
-0.007928
-0.008801
0.004216
0.016514
0.015929
0.012427
-0.002163
0.003001
0.006894
-0.004671
0.000215
0.004798
-0.012234
-0.021181
-0.004186
0.003999
-0.005336
-0.010767
0.005649
0.009655
-0.005220
0.007809
0.018630
0.020251
0.006225
-0.007311
-0.002066
0.000741
0.000022
0.000075
0.001592
0.000894
-0.010582
-0.011456
0.003977
0.014173
0.010136
0.002439
0.005029
0.012340
0.004833
-0.006870
-0.006453
0.002581
-0.001768
-0.010599
-0.003255
-0.000867
-0.010129
-0.012492
-0.002661
0.005906
0.013169
0.013427
0.014464
0.007829
-0.003513
-0.007106
0.002088
0.002843
-0.011961
-0.008442
0.003430
0.006640
-0.008850
-0.010639
0.008023
0.020396
0.010796
0.004615
-0.002088
-0.001889
-0.000228
-0.003626
-0.002718
0.003516
-0.005202
-0.015434
0.002415
0.001861
-0.014671
-0.014910
0.002031
0.009760
0.006726
0.002859
0.006778
0.006304
0.005886
-0.004748
-0.003534
0.001641
-0.012639
-0.020259
-0.004729
0.001255
-0.005588
-0.008600
0.008425
0.008839
0.000669
0.006664
0.009625
0.003131
-0.002006
-0.007475
-0.001661
-0.003694
-0.005606
-0.010628
-0.001900
-0.007463
-0.003575
-0.002007
0.007272
0.007428
0.014306
0.026201
0.023723
0.014818
0.008508
0.003789
0.006801
0.001385
-0.003878
0.000848
0.008055
0.003998
-0.009290
-0.007219
0.017997
0.030105
0.029706
0.026429
0.025910
0.027675
0.019401
0.005640
0.002142
0.011357
-0.000236
-0.004936
0.004969
0.007421
-0.002812
-0.003384
0.003785
0.015783
0.024293
0.028379
0.021054
0.018775
0.019361
0.008984
0.003340
0.006563
-0.004909
-0.013628
-0.000946
0.004340
-0.003577
0.000880
0.012711
0.020696
0.020505
0.016406
0.025861
0.017068
-0.003485
-0.009608
-0.005408
-0.006326
-0.004759
-0.007209
0.009537
0.009780
-0.003097
-0.010296
-0.007102
0.004125
0.014575
0.008481
-0.000842
0.002809
0.010178
-0.003301
-0.006088
-0.000907
-0.009088
-0.015781
-0.004610
-0.003038
-0.006895
-0.004481
0.005983
0.011129
0.013566
0.011496
0.012952
0.003866
0.000254
-0.011388
-0.001826
-0.008881
-0.021862
-0.023501
-0.002618
-0.004623
-0.008598
-0.008490
0.005085
0.005165
0.003508
0.008380
0.007746
0.003939
0.008682
0.009609
0.016146
0.010260
-0.005921
-0.016480
-0.002915
-0.006947
-0.008971
-0.004592
0.012489
0.008961
0.000254
0.005692
0.007554
0.010664
0.029780
0.011633
0.001678
-0.001016
-0.008833
-0.018491
-0.004923
-0.004415
-0.006784
-0.008418
0.006932
0.011343
0.006078
0.009813
0.003619
-0.001291
-0.001570
-0.009412
-0.001225
-0.004373
-0.013753
-0.016201
-0.003149
-0.001508
-0.012326
-0.014421
0.007727
0.017479
0.011985
0.015659
0.005042
0.008848
0.013268
0.002168
0.001528
0.006746
-0.001805
-0.009790
0.004594
0.003231
-0.015491
-0.013980
0.002893
0.012023
0.017105
0.012754
0.012640
0.014461
0.013512
0.001887
0.012248
0.017022
0.001134
-0.006030
0.003407
-0.002495
0.003982
0.006367
0.005817
-0.007777
0.002287
0.007557
0.015331
0.000350
0.021266
0.005052
-0.015381
-0.015961
-0.039450
-0.037445
-0.015075
-0.011312
-0.018216
-0.032334
0.006667
0.013958
-0.017442
-0.030794
-0.020528
-0.007454
-0.001537
-0.016609
-0.021918
-0.003858
-0.020962
-0.031705
-0.004009
-0.014459
-0.038917
-0.028892
-0.002646
0.005916
-0.000365
-0.007275
0.006797
0.018548
0.019325
0.014896
0.018597
0.021560
0.000434
-0.005292
0.019091
0.019442
0.006427
0.001021
0.018396
0.017572
0.010225
0.006094
0.002445
0.000711
0.014177
0.009274
0.000131
0.008255
-0.005623
-0.009769
0.006574
-0.003978
-0.024217
-0.011860
0.009063
0.014257
0.006317
0.008701
0.016807
0.016823
0.008435
-0.001854
0.001346
0.010635
0.007932
-0.002203
0.006720
0.005647
-0.003451
-0.005629
0.007087
0.010066
0.010379
0.015014
0.019671
0.016348
0.009699
0.003596
0.002102
0.004372
-0.001652
0.001168
0.006055
0.006798
-0.009863
-0.014814
0.006714
0.021735
0.016859
0.017545
0.009428
0.013631
0.003503
-0.005090
0.005096
0.012517
0.001362
-0.002798
-0.000361
0.006570
-0.003843
-0.010297
0.008821
0.023048
0.022210
0.023327
0.022143
0.018948
0.016320
0.010502
0.008032
0.004506
-0.008776
-0.012111
0.009531
0.012765
-0.002900
-0.004833
0.016056
0.028737
0.016956
0.009816
0.002025
0.005734
0.011364
-0.005376
-0.011095
-0.005757
-0.017821
-0.017554
-0.009669
-0.004081
-0.006337
-0.009296
-0.000207
0.008291
0.008492
-0.003401
-0.004153
0.000896
0.004039
-0.005859
-0.005600
-0.004301
-0.013271
-0.014005
0.001319
-0.002251
-0.010830
-0.021068
-0.000354
0.005306
0.003812
0.004932
0.001357
0.000349
0.010408
-0.001912
-0.002988
-0.002130
-0.012198
-0.014429
0.000081
0.001720
-0.012783
-0.015525
0.011434
0.023191
0.010058
0.007198
0.011115
0.013714
0.005053
0.000817
0.008066
0.008451
-0.004737
-0.012330
0.001451
0.005428
-0.002655
-0.010555
-0.000491
0.005911
0.004689
0.007577
0.004454
0.005793
0.000458
-0.006077
-0.003315
0.004032
0.004145
-0.003522
0.002510
0.002839
-0.014532
-0.012719
0.006605
0.013681
0.017604
0.017554
0.011475
0.013189
0.006468
0.001480
0.005750
0.012188
0.002122
-0.002496
0.002057
0.009522
-0.001780
-0.006555
0.008538
0.020135
0.021429
0.018914
0.012409
0.022096
0.020336
0.002649
0.002484
0.019872
0.017634
0.016983
0.025046
0.027483
0.049838
0.076100
0.101549
0.082869
0.074362
0.069724
0.040977
0.026515
0.020081
0.017538
0.011958
0.004131
0.005818
-0.005021
-0.000085
0.006880
-0.001420
-0.006527
0.009825
0.021667
0.016664
0.020939
0.014612
0.021553
0.019024
0.002322
0.006412
0.014043
0.003400
-0.004767
0.004614
0.002606
-0.002231
0.005966
0.018710
0.013249
0.009210
0.019223
0.027218
0.022446
0.013452
0.007862
0.007971
0.009231
0.014604
0.020016
0.012661
0.007364
-0.001765
-0.001965
0.011119
0.019263
0.022474
0.022761
0.020856
0.025462
0.020699
0.017400
0.013088
0.014713
0.013904
0.012772
0.003785
0.010002
0.004816
-0.004540
-0.000627
0.012256
0.018823
0.017414
0.011945
0.007973
-0.001223
0.002875
0.011477
0.014509
0.003307
0.001311
0.006361
0.016292
0.001601
-0.009582
0.000317
0.015422
0.013258
0.014952
0.010780
0.015783
0.006776
0.001113
0.005643
0.011328
0.000467
-0.005487
-0.001554
0.007799
-0.004858
-0.009825
0.004253
0.014049
0.012506
0.008909
0.010864
0.013788
0.003657
-0.001717
0.004739
0.009102
-0.000620
-0.004183
0.002446
0.006417
-0.009226
-0.010872
0.001375
0.011715
0.018532
0.015717
0.009440
0.007505
0.000597
-0.005966
0.000320
0.001774
0.001401
-0.002692
-0.001267
0.003321
-0.006993
-0.015824
-0.001102
0.010965
0.002368
0.005403
0.005023
0.000144
-0.004993
-0.001716
0.003172
0.002209
-0.009965
-0.016040
-0.005542
-0.000223
-0.009875
-0.012165
-0.000694
0.015719
0.017955
0.016028
0.006971
0.007778
0.000724
-0.003103
-0.003692
0.006855
-0.002034
-0.014499
-0.007282
-0.001438
-0.011962
-0.014864
0.002438
0.016502
0.022020
0.020302
0.018591
0.019449
0.013326
0.009445
0.009031
0.016436
0.009807
0.005498
0.006705
0.008601
-0.004636
-0.007238
0.006164
0.016532
0.019501
0.018286
0.012753
0.014897
0.016542
0.006065
0.008805
0.015664
0.009885
0.006490
0.009204
0.016944
0.007951
-0.004709
0.003793
0.014387
0.012173
0.015542
0.012945
0.019627
0.015875
0.010602
0.006871
0.017384
0.006707
-0.002502
0.001423
0.010766
0.005160
0.007809
0.031599
0.040821
0.034706
0.038798
0.043707
0.036391
0.010570
0.000499
0.004074
0.014974
0.010677
0.008829
0.011129
0.011552
-0.002842
-0.005262
0.006813
0.015880
0.018351
0.018135
0.023465
0.023508
0.006982
0.004566
0.008987
0.011713
0.007919
0.003534
0.001663
0.010692
0.005452
-0.003809
0.006430
0.015467
0.014635
0.020750
0.016449
0.018816
0.008984
0.000219
0.006753
0.013427
0.000084
-0.003376
0.006998
0.011157
-0.001407
-0.003473
0.012434
0.018101
0.015330
0.011836
0.014605
0.015565
0.005907
0.001338
0.005171
0.012914
0.003208
-0.007860
0.001587
0.009627
-0.000984
-0.008215
0.003727
0.016879
0.020608
0.019162
0.014225
0.017973
0.013174
0.001886
0.005227
0.005293
-0.000505
-0.003099
0.001155
0.002060
-0.011498
-0.013955
0.003332
0.016050
0.020844
0.025605
0.019080
0.014478
0.007994
0.003817
0.005117
0.005514
-0.001204
-0.002647
0.003660
0.010331
-0.000125
-0.009912
0.007308
0.021913
0.014509
0.012770
0.011647
0.016014
0.011248
0.009205
0.007320
0.012212
0.006908
-0.004203
0.001285
0.004543
-0.011368
-0.012304
-0.002422
0.010150
0.014203
0.017232
0.017970
0.015804
0.000102
-0.004351
0.001384
0.007712
0.004527
-0.004198
0.000478
0.007535
0.000254
-0.004368
0.002453
0.012214
0.019810
0.019092
0.011388
0.012627
0.005258
-0.003411
0.003806
0.005435
-0.003466
-0.008207
0.001811
0.011987
0.005766
-0.003112
0.006653
0.014219
0.009663
0.010135
0.008648
0.007014
-0.000790
-0.005950
0.000977
0.003561
0.001703
-0.004345
0.007095
0.003443
-0.003844
-0.006313
0.006886
0.006634
0.004537
0.008334
0.006038
0.002094
-0.000358
-0.003585
-0.000303
-0.000605
-0.007843
-0.007085
0.003764
-0.001148
-0.012613
-0.017184
0.000442
0.010415
0.010590
0.007506
0.006052
0.007785
0.003833
-0.005607
0.003385
0.014097
0.006753
-0.006909
0.004202
0.003040
-0.010384
-0.009170
0.004099
0.011306
0.014216
0.019005
0.015569
0.012244
0.004084
0.000021
0.000545
0.006879
0.005148
0.005379
0.007845
0.004774
-0.002705
-0.005468
0.004410
0.008868
0.002211
0.000469
0.003956
0.006970
0.001518
-0.004325
0.003726
0.014371
0.010511
-0.003071
0.003197
0.005345
-0.002396
-0.003504
0.004734
0.012665
0.029758
0.029380
0.027824
0.018894
0.006660
0.007495
0.015082
0.016850
0.005012
0.002493
0.004156
0.010645
0.006247
0.005829
0.011000
0.021568
0.016139
0.007197
0.008957
0.008348
-0.000086
-0.008299
-0.002207
-0.001698
-0.008857
-0.014019
0.002080
0.003770
-0.006924
-0.015123
0.000200
0.010236
0.003344
-0.002368
-0.003328
-0.002190
-0.005268
-0.009449
-0.004336
-0.000733
-0.010963
-0.016380
-0.003564
-0.003179
-0.020313
-0.010976
0.011095
0.018080
0.017369
0.020459
0.017809
0.013334
0.003247
0.004838
0.000327
0.003352
-0.001144
-0.009514
0.002515
0.006960
-0.007636
-0.012085
0.002907
0.011292
0.012684
0.009533
0.005356
0.007928
0.004052
-0.011359
-0.003410
-0.001001
-0.012983
-0.022078
-0.017161
-0.003289
0.004923
-0.006020
0.000767
0.003074
-0.005753
-0.007694
-0.005744
-0.007230
0.005536
-0.003944
-0.009179
-0.005267
-0.022202
-0.019590
-0.015395
-0.008303
-0.013026
-0.018679
0.001224
0.014118
0.001285
-0.001164
-0.002880
0.004056
-0.000641
-0.002310
0.005645
0.007527
0.017446
0.011905
0.009999
0.005903
-0.018544
-0.048149
-0.057876
