-0.010965
-0.010844
-0.009436
0.013582
-0.025518
-0.023591
-0.003363
-0.006380
0.004509
-0.004706
0.003839
0.005501
0.015244
0.008245
0.002055
0.007818
0.023613
0.027537
0.033852
0.028845
0.041224
0.033954
0.030710
0.023013
0.036650
0.033014
0.036782
0.035506
0.047453
0.088467
0.137593
0.158707
0.141791
0.101802
0.083093
0.070787
0.071865
0.053516
0.037626
0.034637
0.031790
0.023172
0.029510
0.027131
0.034820
0.025298
0.014395
0.011975
0.023015
0.028665
0.030632
0.027450
0.040829
0.038922
0.033994
0.029346
0.037619
0.022011
0.020504
0.025987
0.033019
0.021546
0.015980
0.018882
0.024788
0.025248
0.035126
0.030183
0.029522
0.021373
0.017713
0.015275
0.024119
0.018193
0.020274
0.017467
0.021325
0.008611
0.009355
0.015501
0.027813
0.029976
0.037834
0.033009
0.041466
0.037704
0.040672
0.034271
0.035847
0.023361
0.026734
0.028283
0.039565
0.035962
0.037134
0.037370
0.039730
0.038744
0.040689
0.040023
0.041782
0.032300
0.033795
0.027053
0.031094
0.029718
0.030817
0.041126
0.044629
0.048902
0.065459
0.066273
0.054743
0.053759
0.067042
0.075552
0.078958
0.071243
0.076005
0.068628
0.052301
0.036407
0.031138
0.024446
0.032648
0.025506
0.017402
0.025090
0.039995
0.040307
0.038451
0.031460
0.034360
0.028927
0.025223
0.026344
0.028587
0.017704
0.018066
0.025984
0.031093
0.016594
0.016789
0.024894
0.029021
0.020633
0.032621
0.033567
0.036546
0.018452
0.014411
0.015941
0.027769
0.025553
0.029788
0.026041
0.025517
0.012229
0.019655
0.031274
0.036972
0.038205
0.046216
0.054401
0.069381
0.066276
0.054918
0.043894
0.051815
0.048722
0.050577
0.052462
0.055688
0.068391
0.101990
0.106332
0.088327
0.073197
0.069117
0.049726
0.046806
0.045724
0.039393
0.027569
0.025083
0.023711
0.025341
0.023134
0.033164
0.036351
0.039426
0.032342
0.034122
0.043715
0.047503
0.048210
0.055197
0.052136
0.065073
0.064987
0.069685
0.053082
0.048515
0.046460
0.050983
0.052230
0.064230
0.074786
0.061848
0.050260
0.059667
0.037597
0.027733
0.023038
0.010258
0.009173
0.007222
0.003127
0.003819
0.010431
0.007478
0.004654
0.005330
0.009267
0.010175
0.013383
0.012477
0.019577
0.022195
0.013271
0.002920
0.002797
0.007683
0.011956
0.009408
0.011080
0.003633
-0.006477
-0.009144
0.002915
0.006918
0.011381
0.009050
0.008041
0.004587
-0.001436
-0.014366
-0.003648
-0.000127
-0.013935
-0.012986
-0.008327
-0.000729
-0.008005
-0.015880
-0.004362
0.005774
0.009879
0.008967
0.003860
0.000016
-0.004657
-0.009031
0.002195
0.005233
-0.005961
-0.010945
0.001493
0.001411
-0.005699
-0.003211
0.007848
0.012684
0.011235
0.008585
0.002879
0.002343
0.010455
-0.000995
-0.004500
-0.001585
-0.010756
-0.014357
-0.002464
0.001099
-0.006799
-0.004653
0.007553
0.017503
0.013292
0.005464
-0.005936
0.004083
0.024305
0.026629
0.029236
0.027148
0.014649
0.003118
0.008969
-0.008588
-0.005484
-0.008307
0.012927
-0.007478
-0.023043
-0.038396
-0.027410
-0.017233
-0.013143
-0.045994
-0.041775
-0.014040
-0.041720
-0.045663
-0.017931
-0.037364
-0.029414
-0.036265
0.013393
-0.004360
-0.037938
-0.038223
-0.023578
-0.015831
0.010230
-0.003289
-0.018342
0.007679
-0.015609
-0.021698
-0.003548
-0.016860
-0.052260
-0.042332
0.002378
0.016017
0.005598
0.008937
0.012242
0.031900
0.033212
0.016115
0.009726
0.019559
0.013255
0.011422
0.013945
0.016856
0.010154
0.009149
0.014959
0.021680
0.023719
0.015688
0.014634
0.021995
0.021445
0.012561
0.014762
0.017665
0.017209
0.015756
0.015469
0.015681
0.018624
0.021928
0.017006
0.018899
0.024955
0.028213
0.024371
0.015188
0.005452
0.010808
0.007813
0.010446
0.003333
0.000354
-0.002828
0.005845
-0.001317
-0.003852
0.003893
0.017931
0.020113
0.024119
0.023587
0.032331
0.025369
0.022202
0.018163
0.026578
0.017240
0.019379
0.018464
0.021409
0.008055
0.007713
0.008579
0.018461
0.026257
0.030346
0.027666
0.033668
0.027007
0.022471
0.018331
0.026429
0.025244
0.039493
0.042040
0.046863
0.073244
0.117886
0.127979
0.116891
0.116438
0.130316
0.139450
0.162698
0.185613
0.221721
0.237660
0.287183
0.359598
0.504262
0.617127
0.714257
0.708851
0.696754
0.662478
0.558610
0.437045
0.300066
0.201895
0.179118
0.141380
0.091180
0.078252
0.081393
0.079217
0.083440
0.063232
0.054756
0.038786
0.023025
0.035025
0.047897
0.047937
0.060035
0.059385
0.061622
0.044343
0.047321
0.037509
0.037789
0.027140
0.028124
0.024287
0.031663
0.026601
0.029483
0.037487
0.044896
0.047975
0.054975
0.047620
0.050485
0.039985
0.034578
0.034551
0.036196
0.018363
0.015810
0.021863
0.025256
0.010375
0.007669
0.015779
0.025799
0.039550
0.049120
0.041970
0.042660
0.042827
0.042310
0.039078
0.036883
0.015324
0.018725
0.016803
0.020538
0.009771
0.003362
0.010423
0.024431
0.034245
0.026704
0.015760
0.013365
0.008807
0.001865
0.007377
0.010241
-0.003323
-0.011545
0.007146
0.020429
0.015128
0.006654
0.011339
0.015998
0.010116
0.006658
0.011070
0.005288
-0.002467
-0.006340
-0.000258
-0.001002
-0.016066
-0.019358
0.002322
0.001565
-0.010522
-0.005417
0.011645
0.018601
-0.000680
-0.005456
0.000481
0.007193
0.007572
0.004897
-0.000913
0.001392
-0.004578
-0.008804
0.007399
0.006392
-0.010724
-0.014501
0.004310
0.011343
0.002326
-0.007625
-0.005007
-0.002292
0.001369
-0.010937
-0.002829
0.000837
-0.014923
-0.019734
-0.009044
-0.010455
-0.017333
-0.015961
0.000082
0.009326
0.005161
0.006525
0.005680
0.001110
-0.001833
-0.001932
0.006355
0.001879
-0.011116
-0.008023
0.001773
-0.002358
-0.017343
-0.017315
0.003545
0.006816
-0.002357
-0.000858
-0.004499
-0.005484
-0.004634
-0.013176
0.004751
0.007126
-0.008071
-0.011966
-0.002495
-0.008136
-0.014249
-0.012486
0.001816
0.002629
0.004013
-0.001700
0.005256
0.008220
-0.001500
-0.015535
-0.006385
0.002582
-0.000494
-0.008588
0.001317
-0.000620
-0.009752
-0.013800
-0.004579
-0.002306
0.004993
0.008158
0.014953
0.007116
-0.001589
-0.004960
0.002872
0.004253
0.008222
0.005414
0.008939
0.003534
-0.002335
-0.004703
0.004301
0.015546
0.022246
0.013802
0.017922
0.025462
0.020469
0.005229
0.000468
0.002947
0.011469
0.011764
0.014282
-0.001149
-0.000203
0.002579
0.009590
0.007700
0.010876
0.016110
0.016095
0.011467
0.014431
0.008142
0.005333
0.004186
0.003453
0.004456
0.008328
0.000570
-0.018175
-0.017405
0.004154
0.012928
0.010767
0.009379
0.010241
0.010027
0.006700
0.005432
0.013130
0.009011
-0.004012
-0.011891
0.001675
0.003891
-0.002203
-0.003917
0.003323
0.011787
0.009695
0.002870
-0.000352
0.004047
0.003688
-0.006290
-0.004885
-0.001626
-0.003142
-0.008280
-0.000076
-0.003053
-0.005052
-0.003114
-0.000746
0.002918
0.007806
0.004759
0.010714
0.004279
0.003315
0.003285
-0.003264
-0.011202
-0.013908
-0.010986
0.003269
-0.003353
-0.005144
-0.010698
0.000940
0.006220
0.004250
-0.001737
-0.007734
-0.007083
-0.006852
-0.010129
-0.007054
0.000287
-0.019225
-0.032230
-0.011094
-0.007833
-0.017691
-0.015758
0.009337
0.020145
0.011426
-0.002062
0.000463
0.001201
0.002136
-0.010878
-0.014175
0.000522
-0.013955
-0.017773
-0.005049
-0.004505
-0.025477
-0.021447
0.004393
0.014099
0.008067
-0.002881
-0.002254
0.002143
0.004387
-0.001992
0.006778
0.013512
-0.003990
-0.018119
0.003941
0.007087
-0.006739
-0.012450
0.000734
0.004893
-0.004888
-0.003526
0.007056
0.012018
0.010055
-0.002440
-0.001143
0.004923
-0.005213
-0.011114
-0.004198
-0.005527
-0.017702
-0.017739
0.006527
0.012977
0.007803
0.007249
0.005846
0.005946
-0.001444
-0.008076
0.002516
0.007623
0.000796
-0.003208
0.006075
0.004579
-0.008527
-0.007203
0.005363
0.013316
0.007144
0.002400
0.004222
0.002576
-0.010020
-0.012612
-0.000272
0.006846
-0.001295
-0.010691
0.001591
0.002945
-0.007126
-0.011614
-0.000315
0.005465
0.001679
-0.000771
0.001790
0.000648
0.002623
-0.007483
-0.005435
-0.003505
-0.009932
-0.008826
0.004258
-0.004345
-0.018713
-0.020441
-0.001611
0.005169
-0.001085
0.005510
0.007725
0.007766
0.005175
0.002697
0.001118
0.009665
0.012029
-0.005673
0.001393
0.002490
-0.008548
-0.003447
0.015411
0.027597
0.034639
0.038321
0.036487
0.038422
0.029425
0.020607
0.012562
0.022152
0.020708
0.017772
0.014619
0.018785
0.018245
0.022489
0.024706
0.027715
0.032142
0.035359
0.037102
0.043073
0.044070
0.049153
0.038564
0.037831
0.032501
0.031979
0.029366
0.036193
0.045682
0.050614
0.046098
0.046379
0.045024
0.042999
0.038944
0.035334
0.018922
0.010274
0.012494
0.019593
0.010502
0.010183
0.016251
0.024519
0.010257
0.002154
0.009671
0.020211
0.016491
0.016062
0.011589
0.017995
0.020558
0.016164
0.024813
0.041919
0.035860
0.039892
0.049030
0.059161
0.081929
0.093844
0.100928
0.067552
0.086444
0.080943
0.037016
0.028410
0.016779
0.007441
0.001831
0.002291
0.004111
0.004232
0.000437
-0.006455
-0.015145
-0.019136
-0.004674
0.000059
0.001510
0.006300
0.009228
0.004710
0.008245
-0.000534
-0.000138
0.004521
0.005417
0.000562
0.005498
-0.003826
-0.016509
-0.014167
0.007834
0.007376
0.000289
0.002864
0.005419
0.004878
-0.001634
-0.009561
-0.002845
0.000825
-0.001411
-0.003043
0.003450
0.002633
-0.007355
-0.013949
-0.002894
0.006297
0.004673
0.001295
0.003269
0.004465
-0.003023
-0.011364
0.000819
0.005066
-0.003781
-0.008567
0.001067
0.001231
-0.006721
-0.009556
0.005027
0.010089
0.010412
0.007817
0.007926
0.005553
0.004924
-0.004117
-0.000383
-0.001466
-0.007340
-0.013836
0.008100
0.002685
-0.011294
-0.011293
0.002971
0.010650
0.017421
0.018675
0.009718
0.010955
0.010426
-0.003378
0.001867
0.007692
0.008807
0.001567
0.008585
0.003625
-0.002607
-0.004476
0.005758
0.007008
0.016182
0.021852
0.020368
0.008822
0.007067
0.006632
0.004052
0.001497
0.003704
0.003854
0.007232
0.005062
-0.013138
-0.013913
0.004380
0.016146
0.013276
0.013342
0.007624
0.004739
-0.001235
-0.003111
0.003824
0.010320
0.002411
-0.005373
0.007503
0.011413
-0.007032
-0.006550
0.012748
0.024059
0.017812
0.011545
0.008686
0.009091
0.009672
0.003640
0.005254
0.004989
-0.011322
-0.017847
0.000876
0.002005
-0.006150
-0.008071
0.000262
0.004160
0.002813
0.002545
-0.001831
-0.003958
-0.002145
-0.009255
-0.002851
0.000989
-0.006624
-0.009085
-0.000775
-0.002236
-0.014471
-0.011798
0.007459
0.013185
0.013721
0.011786
0.004305
0.000641
0.003844
-0.003192
-0.003700
0.000318
-0.001340
-0.010625
0.002671
0.006612
-0.008237
-0.006633
0.009742
0.018040
0.013074
0.012431
0.006867
0.004298
0.009835
0.001239
-0.004323
-0.005490
-0.011333
-0.015221
-0.004021
-0.004121
-0.007752
-0.012617
0.001090
0.004516
-0.001399
-0.004771
-0.004786
-0.007501
-0.005213
-0.016974
-0.011624
-0.005069
-0.023116
-0.021920
-0.001252
-0.009709
-0.020234
-0.022429
-0.005419
0.002549
-0.002381
-0.014527
-0.008933
-0.004507
0.000663
-0.018817
-0.013381
-0.005268
-0.023477
-0.033494
-0.007183
-0.013437
-0.015389
-0.013295
-0.002482
-0.004923
-0.005361
-0.008728
0.006938
-0.001076
0.014720
-0.003888
-0.012135
-0.004370
-0.014385
-0.022197
-0.001411
-0.015308
-0.016468
-0.014415
-0.005352
-0.005657
-0.003638
-0.004118
0.010997
0.010756
0.006546
-0.008189
-0.003590
0.004908
-0.001351
-0.007269
0.002076
-0.010506
-0.025524
-0.014617
0.010979
0.016237
0.007993
0.015716
0.014765
0.007323
0.004042
0.002635
0.002756
0.000925
-0.004894
-0.001516
0.007127
-0.004102
-0.017793
-0.013846
-0.001525
0.001447
0.009403
0.000823
0.001827
-0.001134
-0.003422
-0.013668
-0.003431
0.005037
-0.003706
-0.013787
0.002563
-0.001139
-0.011699
-0.013169
0.008713
0.012742
-0.000539
-0.005416
0.004381
0.013327
0.017512
0.004073
0.004321
0.004200
-0.002251
-0.005674
0.003010
0.002210
0.008225
0.000594
-0.003692
-0.008837
-0.003083
0.007366
0.011038
0.010417
0.000856
-0.014821
-0.005571
0.001135
-0.000170
-0.004498
0.006203
-0.001960
-0.016950
-0.015750
0.005446
0.013744
0.011493
0.013623
0.013508
0.008849
-0.004758
-0.001600
0.004896
0.003268
-0.001637
-0.003215
0.007967
0.004572
-0.013312
-0.013836
0.005548
0.013637
0.010100
0.006750
-0.001602
0.002287
-0.001368
-0.011728
-0.007014
0.000830
-0.004841
-0.010910
-0.001442
0.002579
-0.008634
-0.011539
0.002523
0.011951
0.015827
-0.001971
-0.004574
-0.002716
0.004185
-0.016534
-0.015131
-0.004426
-0.018114
-0.032836
-0.011521
-0.009988
-0.004451
-0.008355
-0.003249
-0.003262
-0.010439
-0.013382
0.009042
0.004966
0.016347
-0.001295
-0.006765
-0.000849
-0.014916
-0.013152
0.006277
-0.009355
-0.034594
-0.025817
0.006297
0.008712
-0.001973
0.013394
0.016795
0.005128
0.003684
0.009973
0.013546
0.012698
-0.004092
-0.012680
0.006572
0.006850
-0.017955
-0.007677
0.021066
0.039446
0.038730
0.038650
0.038588
0.040194
0.026601
0.031687
0.042997
0.047092
0.030827
0.026827
0.035282
0.038292
0.024229
0.020993
0.030069
0.040421
0.042873
0.043283
0.043262
0.043687
0.033730
0.026184
0.030576
0.036672
0.024636
0.020216
0.020693
0.025802
0.013635
0.003872
0.009730
0.010182
0.014276
0.015210
0.010747
0.007601
0.005147
-0.004982
0.002441
0.005640
0.001570
-0.000423
0.007830
0.010600
-0.005694
-0.008312
0.014504
0.027790
0.025241
0.015434
0.011055
0.007935
0.009353
0.001583
0.002281
0.007642
-0.002780
-0.007342
0.009930
0.003878
-0.010741
-0.008030
0.002213
0.006035
0.008922
-0.001360
-0.005574
-0.003358
0.002881
-0.016801
-0.011358
0.001141
-0.013880
-0.026809
-0.002727
-0.001319
-0.003716
-0.011286
-0.004059
-0.007443
-0.010684
-0.011331
0.005789
0.004226
0.006258
-0.009839
-0.007220
-0.003655
-0.011591
-0.019810
-0.001977
-0.006394
-0.021449
-0.024195
-0.003957
0.000339
0.004018
0.005516
0.008118
0.008482
0.002551
-0.005823
-0.001507
0.007568
0.002213
-0.001354
0.008503
0.002603
-0.015255
-0.015407
0.005214
0.013491
0.017696
0.011872
0.004854
0.003661
-0.001536
-0.008550
0.002935
0.010131
0.001430
-0.003889
0.004066
0.006236
-0.009440
-0.010328
0.006893
0.018312
0.016943
0.012352
0.003978
0.001606
0.012620
0.004156
-0.003979
-0.001770
-0.013420
-0.015831
0.006369
0.003015
-0.006917
-0.008631
0.000385
0.004750
-0.000530
-0.003253
0.000096
0.003328
0.000108
-0.012674
-0.007407
0.001720
-0.007839
-0.015796
-0.000218
-0.011036
-0.025944
-0.015032
0.006249
0.010663
0.006320
0.002573
-0.007648
-0.001261
-0.000460
-0.012555
-0.008175
0.002918
-0.009667
-0.016785
-0.001728
0.002170
-0.011054
-0.014728
0.000917
0.009603
0.007246
-0.000675
0.000798
-0.002076
0.000702
-0.002147
0.000995
-0.004243
-0.010602
-0.022222
0.001437
-0.002034
-0.009583
-0.008728
0.003317
0.000167
0.006295
0.003228
0.005087
0.003731
0.005893
-0.017364
-0.011543
0.001306
-0.005905
-0.008602
0.008317
-0.007758
-0.014933
-0.008520
0.001830
0.001319
0.001361
0.001454
0.013186
0.009949
0.010597
0.003421
0.004293
0.006053
-0.009066
-0.012278
0.009787
0.002421
-0.011549
-0.016933
-0.001024
0.002851
0.002542
-0.008599
-0.000769
0.000338
0.003211
-0.012799
-0.005643
0.006500
-0.017505
-0.032761
-0.005130
-0.008007
-0.006280
-0.008150
0.007085
-0.003756
-0.014252
-0.012756
0.008271
0.001207
-0.004215
-0.013491
-0.004731
0.003552
-0.006564
-0.009690
0.006226
-0.000380
-0.023408
-0.024971
0.001471
0.013839
0.007597
0.006733
0.004854
0.005815
0.000052
-0.005966
-0.000719
0.004376
-0.006006
-0.008312
-0.003893
-0.002254
-0.014699
-0.017127
-0.000382
0.015985
0.011589
0.005712
-0.006784
-0.000515
-0.000951
-0.010047
-0.004658
0.002371
-0.008066
-0.016708
-0.002170
0.003951
-0.009250
-0.012583
-0.002445
0.008294
0.009266
0.001411
-0.005200
0.001582
0.007735
-0.011634
-0.003460
0.000921
-0.010506
-0.014029
-0.001390
-0.004211
-0.012847
-0.012533
0.001060
0.007957
0.012010
0.012243
-0.001028
-0.000893
0.008259
-0.002010
-0.004562
0.000866
-0.004388
-0.009937
0.002380
-0.003727
-0.018123
-0.012219
0.006600
0.013646
0.012041
0.006594
0.006938
0.006353
0.007770
-0.011041
-0.011779
-0.002087
-0.012540
-0.022351
-0.004557
-0.009630
-0.012652
-0.009470
0.004029
0.001603
-0.012321
-0.022049
-0.005386
-0.001471
0.010042
-0.012366
-0.017121
-0.008268
-0.024890
-0.030508
-0.006323
-0.018133
-0.027856
-0.025807
-0.000708
0.000490
-0.008858
-0.011891
-0.001768
0.004232
0.011628
-0.008565
-0.001348
0.006777
-0.002785
-0.016824
-0.004591
-0.005530
-0.013362
-0.016869
0.002334
0.005517
0.007367
0.008558
0.011461
0.002491
0.005468
-0.001214
0.000132
-0.001470
-0.009132
-0.015017
-0.007216
-0.008669
-0.015054
-0.011698
0.008991
0.011062
0.004582
0.004316
0.005994
0.000178
-0.004154
-0.010252
-0.002878
0.001158
-0.005529
-0.009254
-0.005895
-0.002317
-0.015637
-0.016898
0.001289
0.012754
0.006359
-0.006733
-0.002373
0.011440
0.012249
0.001246
0.006050
0.007067
0.003400
-0.000052
0.004550
0.007460
0.038126
0.039458
0.040913
0.022416
0.041203
0.052478
0.027534
0.021276
0.014631
0.001799
0.004973
0.007425
0.003647
-0.000546
-0.001600
-0.002855
-0.012803
-0.017221
0.000623
0.012681
0.010458
0.007466
0.010013
0.009632
-0.003090
-0.007170
0.010098
0.012729
0.003999
-0.003506
0.001351
0.006184
-0.007992
-0.015832
-0.002338
0.009038
0.008973
0.003192
-0.000567
0.009005
0.000493
-0.013484
-0.000272
0.007339
-0.001631
-0.005971
0.003863
0.000501
-0.006044
-0.006739
-0.003542
-0.002890
-0.001854
0.001145
-0.002047
-0.003922
-0.007460
-0.012844
-0.003536
0.002286
-0.001230
-0.004797
-0.001249
-0.003953
-0.014045
-0.015187
-0.001015
0.010947
0.013887
0.012342
0.009668
0.012356
0.007525
-0.001019
0.002826
0.009362
0.004413
-0.001855
0.003783
0.004450
-0.006474
-0.006204
0.005471
0.014656
0.013097
0.008103
0.003862
0.009877
0.002212
-0.008553
-0.001709
0.003530
-0.001691
-0.006890
0.001549
-0.001195
-0.011069
-0.013109
0.000800
0.008121
0.008792
0.006204
0.009424
0.006597
0.002075
-0.000016
0.007803
0.009528
0.003485
-0.005798
0.005024
0.006671
0.001671
-0.001455
0.004702
0.010051
0.011463
0.015340
0.006925
0.001941
0.003541
-0.005748
-0.005967
-0.008174
-0.010130
-0.015085
0.000876
-0.001196
-0.011178
-0.012384
0.005971
0.005267
0.002150
0.001092
-0.003543
-0.002943
0.005415
-0.013812
-0.008130
-0.002986
-0.016521
-0.014520
-0.002871
-0.006467
-0.017548
-0.019051
0.000869
0.013068
0.007271
0.004788
0.003291
0.006635
0.003929
-0.000323
0.003077
0.005905
0.001860
0.002341
0.001828
0.002255
-0.008831
-0.011777
0.002076
0.009727
0.010564
0.008485
0.000597
0.001906
-0.000140
-0.005734
0.000652
0.007044
0.000891
-0.004809
0.002018
0.005605
-0.008208
-0.010311
0.005537
0.015897
0.017466
0.016574
0.001470
0.001872
-0.002046
-0.007764
-0.001325
0.003068
-0.003103
-0.005086
0.008272
0.004604
-0.011286
-0.013997
-0.000659
0.008467
0.008989
0.006520
0.002712
0.003926
-0.005258
-0.007421
-0.000351
0.006257
0.001500
-0.005297
0.000004
0.001320
-0.009159
-0.007530
0.007407
0.011164
0.008005
0.004767
-0.000469
0.003295
0.002770
-0.005721
0.000013
0.006570
-0.004387
-0.008516
-0.003367
-0.001922
-0.012177
-0.014932
0.000168
0.012744
0.014592
0.010168
0.007820
0.006145
-0.003468
-0.011531
0.007258
0.012461
0.000535
-0.006673
0.000766
0.002723
-0.009194
-0.007506
0.010585
0.018199
0.008887
-0.002878
0.003066
-0.000248
-0.004809
-0.010408
-0.003849
-0.001433
-0.007225
-0.011458
-0.002523
-0.002405
-0.006046
-0.007932
-0.001226
0.000381
0.000197
-0.004094
-0.000220
0.001899
0.003483
-0.005477
0.001059
0.004218
-0.006341
-0.012728
0.003943
-0.002080
-0.013160
-0.007831
0.005686
0.007116
0.010251
0.013310
0.018224
0.015052
0.010996
-0.000896
-0.004579
-0.001191
0.001015
-0.002641
0.005969
-0.003595
-0.015910
-0.015201
0.001313
0.004993
0.008351
0.008500
0.007825
0.001612
0.004767
-0.006618
-0.004550
-0.002340
-0.009021
-0.010723
0.002362
0.000324
-0.008591
-0.011861
0.003129
0.013448
0.007676
-0.003050
-0.003746
-0.002217
0.001268
-0.009474
-0.006631
-0.002113
-0.011573
-0.017052
0.003769
-0.000007
-0.015510
-0.014855
0.002568
0.001675
-0.006031
-0.002616
0.000540
0.001141
-0.002781
-0.005009
-0.001304
0.006823
0.020199
0.012886
0.007367
0.002654
-0.020570
-0.047011
-0.058471
