-0.011323
-0.002407
0.006558
0.028413
0.016316
0.031464
0.063340
0.045297
0.049482
0.051538
0.065146
0.068172
0.091403
0.119610
0.137480
0.140939
0.135759
0.121685
0.121038
0.123504
0.154420
0.161455
0.156872
0.152448
0.141781
0.148464
0.169827
0.186882
0.229830
0.258577
0.275210
0.267761
0.232048
0.194273
0.171788
0.138840
0.133367
0.129784
0.117182
0.087894
0.075318
0.070554
0.067610
0.049956
0.053101
0.036199
0.029321
0.027953
0.034515
0.045536
0.060138
0.076120
0.107420
0.103262
0.097341
0.085185
0.078754
0.068790
0.062331
0.048740
0.064621
0.081451
0.096114
0.090911
0.087810
0.081346
0.081996
0.084809
0.094549
0.092067
0.092323
0.084937
0.076895
0.078267
0.113083
0.132263
0.170820
0.200071
0.224678
0.227508
0.198846
0.158674
0.139977
0.128782
0.133141
0.126429
0.117228
0.102370
0.091088
0.085410
0.104673
0.104243
0.114852
0.148807
0.185480
0.178760
0.151095
0.126275
0.113475
0.093843
0.076064
0.046220
0.047144
0.045702
0.038043
0.022556
0.029004
0.031305
0.035108
0.018089
0.009303
0.015547
0.025597
0.028126
0.028855
0.032074
0.038250
0.031146
0.024528
0.025895
0.030631
0.016891
0.009658
0.013834
0.021757
0.006079
-0.001167
0.017953
0.024820
0.018235
0.034939
0.030623
0.041626
0.041968
0.027919
0.028682
0.045283
0.034439
0.023252
0.026668
0.037928
0.025384
0.028898
0.037886
0.047111
0.052129
0.067980
0.094798
0.102606
0.092148
0.079090
0.057213
0.055571
0.051730
0.049207
0.036912
0.047087
0.061437
0.079069
0.085539
0.084069
0.078147
0.083680
0.088621
0.097845
0.088381
0.081492
0.062060
0.056306
0.047449
0.049303
0.043226
0.049223
0.057004
0.076376
0.075493
0.065718
0.061432
0.058024
0.066485
0.071697
0.058658
0.049277
0.046678
0.050040
0.042231
0.042852
0.045179
0.044809
0.053289
0.068333
0.068687
0.064808
0.065490
0.063644
0.058597
0.040681
0.017824
0.019873
0.023915
0.016213
0.003823
0.006779
0.022584
0.019855
0.020607
0.011276
0.009871
0.003202
0.003397
-0.003660
-0.007398
-0.005132
0.001577
-0.020307
-0.023546
-0.011815
-0.024931
-0.030898
-0.011092
-0.014481
-0.012456
-0.012115
-0.003862
-0.009975
-0.022841
-0.020052
-0.008746
-0.008533
0.005158
-0.007813
-0.008767
0.002127
-0.006939
-0.015502
0.003200
-0.000752
-0.024587
-0.024183
0.003577
0.014252
0.015210
0.014900
0.007135
0.006145
0.004431
0.004813
0.007839
0.006376
-0.006362
-0.010343
-0.004096
0.005287
-0.006582
-0.010713
0.004129
0.012788
0.007549
0.007959
0.003392
-0.000134
-0.001012
-0.007976
0.000214
0.001033
-0.009839
-0.017138
0.004818
-0.002153
-0.016061
-0.013217
0.005153
0.011137
0.007817
0.006773
0.000446
0.004027
0.002998
-0.005492
-0.003097
0.000657
-0.011608
-0.013508
0.003232
0.001281
-0.013452
-0.014032
0.003486
0.011871
0.003121
0.012069
0.015621
0.026929
0.034735
0.038947
0.046883
0.058132
0.054650
0.037766
0.038267
0.030882
0.004917
-0.000582
0.011609
0.025270
0.032679
0.040795
0.032249
0.032634
0.026601
0.023967
0.018985
0.020689
0.019049
0.024524
0.017924
0.019794
0.023616
0.032187
0.032224
0.031607
0.037427
0.044681
0.037770
0.030989
0.019469
0.020070
0.014482
0.020503
0.020931
0.019170
0.013114
0.019168
0.012204
0.005964
0.009258
0.020752
0.030866
0.038501
0.037559
0.057454
0.069006
0.072661
0.059374
0.058754
0.050372
0.040994
0.038964
0.051958
0.073682
0.095176
0.105484
0.104199
0.089664
0.082595
0.070167
0.063925
0.051490
0.033381
0.021548
0.026964
0.026465
0.028391
0.018926
0.024838
0.020574
0.020757
0.025601
0.035068
0.039135
0.047666
0.044180
0.031379
0.021000
0.027595
0.016152
0.013280
0.001167
0.005939
0.017597
0.017131
-0.005835
-0.006782
0.008720
0.019733
0.015858
0.021463
0.025409
0.027650
0.021152
0.024605
0.026371
0.035005
0.024983
0.020709
0.021293
0.027604
0.026613
0.032298
0.033853
0.035865
0.038736
0.038974
0.039258
0.045679
0.044132
0.046684
0.033456
0.033914
0.035380
0.043285
0.037157
0.048677
0.061655
0.077630
0.062125
0.065978
0.090473
0.118664
0.153730
0.183836
0.222062
0.301375
0.362152
0.434699
0.510076
0.683640
0.823254
0.900468
0.903160
0.890333
0.873516
0.779198
0.660712
0.496916
0.369692
0.322965
0.285767
0.228623
0.221427
0.221457
0.211586
0.210495
0.165415
0.130059
0.098710
0.082886
0.073441
0.070719
0.069926
0.079017
0.075114
0.086371
0.083620
0.085252
0.076549
0.071281
0.066694
0.071457
0.073567
0.084121
0.108853
0.147363
0.164140
0.151736
0.129884
0.121882
0.116861
0.109912
0.077057
0.055244
0.038314
0.033232
0.026219
0.031920
0.024146
0.036138
0.020320
0.014384
0.021939
0.038396
0.035811
0.039975
0.039416
0.042027
0.030506
0.034502
0.043482
0.052536
0.043965
0.026060
0.033079
0.036222
0.018880
0.012294
0.025466
0.030938
0.033378
0.019065
0.004637
0.011329
0.021547
-0.008579
-0.021588
-0.005871
-0.027657
-0.031630
0.000834
-0.008390
0.001308
-0.019138
0.011191
0.001253
-0.014779
-0.030728
-0.023623
-0.017850
-0.003354
-0.010907
-0.002941
0.004076
-0.027152
-0.045412
0.002952
-0.006281
-0.017625
-0.024864
0.003350
-0.004719
-0.020077
-0.019990
-0.009355
-0.011004
-0.006130
-0.013713
-0.003576
0.002799
-0.016520
-0.024072
-0.003652
-0.007713
-0.022357
-0.016788
0.003835
0.009030
0.010385
0.010715
0.010778
0.013773
0.005311
-0.006047
-0.006175
0.006749
0.002210
-0.006758
0.001496
0.006510
-0.011426
-0.015401
0.004572
0.020886
0.014519
0.007955
0.012713
0.022507
0.012848
-0.000935
0.004819
0.012561
0.001179
-0.007077
-0.001026
0.003780
-0.006135
-0.012167
0.001253
0.013756
0.005942
0.002731
0.008463
0.013807
0.003010
-0.009712
0.002845
0.004606
-0.011557
-0.018542
-0.002682
0.001114
-0.008010
-0.013626
0.006253
0.013648
0.007253
-0.001462
0.003270
0.004870
0.003570
-0.009531
-0.004416
0.006411
-0.006488
-0.016877
0.000162
-0.003815
-0.018088
-0.017701
-0.001648
0.004452
0.007011
0.011321
0.008222
0.008477
0.006578
-0.002430
0.004444
0.008197
-0.001564
-0.008072
0.000560
0.005361
-0.007986
-0.012166
0.003904
0.012649
0.014617
0.015375
0.002040
-0.000433
0.005400
-0.000901
0.001585
0.000499
-0.013542
-0.016886
-0.004377
-0.001613
-0.018397
-0.021210
0.001919
0.010245
0.000697
0.002699
0.002593
0.007584
-0.002384
-0.006891
0.006032
0.012340
-0.001588
-0.012666
-0.004133
-0.001563
-0.008979
-0.006915
0.004642
0.008485
0.012676
0.012537
0.017767
0.014719
0.004391
-0.000259
0.008502
0.011208
0.002712
0.001499
0.007657
0.010982
-0.004573
-0.009424
0.003210
0.014180
0.019584
0.024211
0.016380
0.008152
0.000949
-0.006862
0.002982
0.002806
-0.009099
-0.009942
0.000758
0.003139
-0.005005
-0.001530
0.013840
0.019700
0.009351
0.001249
0.006136
0.005613
0.008831
-0.005758
-0.016466
-0.002871
-0.023469
-0.029683
-0.009883
-0.015088
-0.012240
-0.021766
-0.003623
-0.003262
-0.013906
-0.029443
-0.012181
-0.010270
0.020068
0.003758
-0.008131
0.001054
-0.016696
-0.031324
-0.006341
-0.018998
-0.013261
-0.020329
-0.000396
-0.014877
-0.026006
-0.023124
0.004537
-0.005642
0.010889
0.000643
-0.010542
-0.005994
-0.018644
-0.019193
0.001912
-0.011684
-0.028362
-0.026859
0.003575
0.008743
0.003037
-0.005264
-0.006146
0.001024
0.001206
-0.009953
-0.004817
0.001976
-0.014278
-0.021557
-0.001568
0.003035
-0.015593
-0.017816
-0.000106
0.005519
0.004409
-0.003399
-0.007653
-0.002832
-0.002033
-0.015453
-0.003629
0.001637
-0.014139
-0.023241
-0.008523
-0.005209
-0.015862
-0.015423
0.002369
0.008245
0.008792
0.006833
0.007579
0.004348
0.011108
0.001739
-0.002088
0.002349
-0.011330
-0.017247
-0.000919
-0.001078
-0.014455
-0.014304
0.003070
0.010563
0.006973
0.004312
0.002834
0.001493
0.002754
-0.007037
-0.003447
-0.000332
-0.008893
-0.014361
-0.000915
-0.006154
-0.015329
-0.016253
0.000071
0.006434
0.001121
0.004279
0.013109
0.015933
0.013740
0.001863
0.003328
0.011302
0.004706
-0.004733
0.001741
-0.000030
-0.011896
-0.012960
0.004666
0.008935
0.010252
0.013700
0.010097
0.008688
0.010758
0.001151
-0.008752
0.002368
0.005614
0.000304
0.006679
0.001103
-0.004421
0.003055
0.009053
0.012809
0.018480
0.032507
0.034470
0.042560
0.040574
0.037270
0.030640
0.034826
0.025393
0.027494
0.024923
0.034111
0.027130
0.035833
0.045218
0.055864
0.066184
0.083476
0.104264
0.118545
0.105035
0.107006
0.101357
0.095484
0.070498
0.066961
0.072916
0.084476
0.093775
0.114456
0.124228
0.121648
0.108635
0.120840
0.104871
0.104341
0.089020
0.075682
0.054391
0.048894
0.043089
0.047053
0.038850
0.043465
0.047414
0.043589
0.029473
0.030290
0.035448
0.041241
0.036021
0.026990
0.012477
0.008398
0.005256
0.008414
0.000502
0.000974
0.005911
0.008592
-0.009705
-0.008757
0.007522
0.020277
0.016426
0.012413
0.009587
0.011569
0.004322
-0.005342
-0.004283
0.004595
0.001518
-0.004316
0.001424
0.002392
-0.004032
-0.006493
-0.001271
0.012725
0.022679
0.016804
0.009396
0.012809
0.009521
0.003615
0.011204
0.008437
-0.001974
-0.011783
0.000820
0.006769
0.002859
-0.001695
0.006762
0.010716
0.008646
0.002842
0.002345
0.000859
0.003152
-0.010682
-0.010259
-0.004956
-0.017152
-0.015273
-0.003545
0.001418
-0.014881
-0.019045
0.002665
0.015422
0.001649
0.001594
0.002258
0.013624
0.009000
-0.000967
0.003466
0.012883
-0.002291
-0.014784
0.002989
0.004809
-0.013131
-0.012496
0.006511
0.015998
0.015235
0.014201
0.008089
0.007298
-0.000731
-0.005185
-0.000208
0.007709
0.003475
-0.003470
0.000863
0.001946
-0.006168
-0.005042
0.001838
0.009504
0.016450
0.012784
0.006384
0.013133
0.010884
-0.003724
0.000978
0.002710
-0.005993
-0.010459
-0.003434
0.003263
-0.001139
-0.005409
0.009180
0.015463
0.002116
0.000107
-0.000045
0.000972
-0.001581
-0.005620
0.002069
0.000469
-0.009613
-0.015065
-0.000467
0.003418
-0.018094
-0.021302
0.005455
0.023365
0.016141
0.014103
0.003006
0.005557
0.009146
0.001150
0.002120
0.004259
-0.006324
-0.011435
-0.001619
-0.003924
-0.012774
-0.016198
-0.001945
0.006512
0.010010
0.003204
-0.000155
0.004068
0.000473
-0.013652
-0.002864
0.005573
-0.008982
-0.014039
-0.001813
0.005418
-0.010132
-0.016495
0.004849
0.019186
0.016641
0.009090
0.003374
0.004442
0.004572
-0.011636
-0.001669
-0.002351
-0.015283
-0.015499
-0.000132
-0.000480
-0.012205
-0.014747
0.005093
0.008374
-0.003386
-0.013184
-0.001588
0.002280
0.005485
-0.008076
-0.004700
0.001897
-0.010777
-0.019523
0.004100
0.002865
-0.016289
-0.017842
0.005567
0.011185
0.003557
0.003212
-0.004582
-0.001404
0.005799
0.001025
0.000905
0.004222
0.000524
-0.011017
0.000404
-0.007585
-0.009756
-0.001835
0.012536
0.006798
0.009649
0.013156
0.013003
0.005583
0.007588
-0.002202
-0.007321
-0.003174
-0.005529
-0.009922
0.003625
0.000937
-0.014815
-0.013911
-0.000601
0.009013
0.012397
0.013373
0.010491
0.012200
0.003669
-0.006742
-0.002728
0.003507
-0.000060
-0.008345
0.000209
-0.000215
-0.005727
-0.009773
0.002769
0.007494
0.011307
0.013311
0.003464
0.001876
0.000144
-0.002973
-0.004115
-0.001528
-0.005202
-0.005439
-0.004970
-0.001764
-0.009837
-0.011630
0.000973
0.013272
0.016124
0.011607
0.003087
0.004043
0.003958
-0.003623
-0.003198
0.003260
-0.005797
-0.014421
0.004685
0.007788
-0.013313
-0.011953
0.010346
0.017020
0.012936
0.014465
0.006242
0.004896
0.007318
0.003325
-0.000454
0.002965
-0.006870
-0.014359
-0.000456
-0.003131
-0.012425
-0.009915
0.000759
0.008264
0.009086
0.009921
0.009357
0.005476
0.006182
-0.001028
-0.003324
-0.001995
-0.004070
-0.007265
0.006281
0.005189
-0.006659
-0.009914
-0.000517
0.007927
0.015842
0.013534
-0.000664
0.001605
0.008974
-0.005293
-0.001484
0.003965
-0.021362
-0.031102
-0.004111
0.001068
-0.010249
-0.013846
0.004818
0.014911
0.003826
0.000335
-0.007781
-0.004570
0.000607
-0.013472
-0.008506
-0.003451
-0.023885
-0.031403
-0.021677
-0.009091
-0.013644
-0.015888
0.002642
0.004286
-0.009072
-0.017375
-0.004223
-0.000181
0.005431
-0.005562
-0.007387
-0.009809
-0.021299
-0.030548
-0.007058
-0.002169
-0.016774
-0.018500
0.002378
0.008994
-0.008061
-0.010781
0.001320
0.011049
0.015832
-0.004677
-0.007183
0.000246
-0.017469
-0.030571
-0.008891
-0.015366
-0.023166
-0.022937
0.002406
-0.000175
-0.008369
-0.013451
-0.005281
-0.004920
0.005629
-0.010203
-0.010477
-0.005342
-0.013151
-0.018363
0.000367
-0.006310
-0.020586
-0.018253
-0.001105
0.011554
0.010054
0.008328
0.007753
0.011840
0.009363
0.006957
0.004830
0.009822
0.004256
-0.006388
0.005434
0.010959
-0.009211
-0.004009
0.018609
0.027905
0.024737
0.035025
0.040485
0.060213
0.073968
0.083485
0.089252
0.095381
0.079643
0.074835
0.066959
0.073308
0.088787
0.120444
0.131089
0.127795
0.119896
0.131954
0.134088
0.153184
0.166521
0.178530
0.169494
0.149547
0.129594
0.133988
0.132397
0.148387
0.169478
0.192848
0.179943
0.146850
0.121170
0.109356
0.078099
0.071023
0.045240
0.029564
0.035580
0.037349
0.030215
0.036875
0.028308
0.022022
0.012566
0.003328
0.011456
0.012107
0.013672
0.011017
0.012043
0.002114
-0.002350
-0.005891
-0.000312
-0.003464
-0.013207
-0.012144
-0.002772
0.006977
0.002115
-0.006437
0.004531
0.006256
-0.006334
-0.008018
-0.015063
-0.015977
-0.004808
-0.018381
-0.012031
-0.003489
-0.017808
-0.021471
-0.003543
-0.005597
-0.023164
-0.022622
0.004868
0.008701
-0.001446
-0.000505
0.007427
0.008012
0.010690
-0.003895
-0.003817
0.001089
-0.011568
-0.013651
0.002722
0.007063
-0.003998
-0.005058
0.012832
0.023171
0.014375
0.004653
0.007184
0.009370
0.016510
-0.003884
-0.017373
-0.000925
-0.019395
-0.026787
-0.007163
-0.007946
-0.007096
-0.013724
-0.006228
-0.014968
-0.008823
-0.016178
0.000438
-0.009812
-0.002936
-0.007751
-0.003356
-0.004970
-0.014132
-0.019809
-0.012935
-0.016079
-0.009782
-0.016761
-0.006410
-0.003099
-0.010148
-0.012973
-0.001648
0.003716
0.016562
-0.004472
-0.004540
-0.005365
-0.014968
-0.020500
-0.000368
-0.002635
-0.012113
-0.016280
0.011667
0.009467
-0.002434
-0.011146
-0.005140
-0.003155
0.002786
-0.010087
-0.009065
-0.001416
-0.015305
-0.021517
-0.006612
-0.007747
-0.013356
-0.017542
0.000067
0.006194
-0.002668
-0.005357
0.011352
0.004708
0.000844
-0.003898
0.002433
0.000355
-0.015766
-0.018268
0.002594
-0.003090
-0.022511
-0.009002
0.010610
0.013285
0.008339
0.001110
-0.003342
0.001063
0.007523
-0.001622
-0.001342
-0.003356
-0.015927
-0.020087
0.001820
0.001969
-0.007974
-0.006202
0.015970
0.013531
-0.007901
-0.022525
-0.013228
-0.010735
0.000598
-0.019682
-0.017980
-0.016118
-0.036738
-0.040537
-0.006611
-0.023477
-0.014901
-0.021670
0.006687
-0.001631
-0.008838
-0.022519
-0.010558
-0.018717
-0.000835
-0.006867
-0.009673
-0.006207
-0.023007
-0.027344
-0.007197
-0.012721
-0.024875
-0.020830
0.004160
0.012371
0.006674
-0.001392
-0.008219
-0.002156
0.010077
-0.000396
-0.007649
-0.007918
-0.015790
-0.021357
-0.001797
-0.004932
-0.013495
-0.018193
0.001882
0.005744
0.001669
-0.001720
-0.007270
-0.004509
0.000916
-0.006013
-0.001247
0.001133
-0.002999
-0.012623
0.003119
0.000671
-0.014059
-0.018873
0.000335
0.006897
0.002880
0.007793
0.005994
0.002770
-0.000821
-0.010490
0.000360
0.002969
-0.005101
-0.009644
0.001602
0.004760
-0.006191
-0.011980
-0.000736
0.004549
0.003167
0.005243
0.003041
0.000272
-0.002173
-0.010181
-0.005093
0.003731
0.002027
-0.008558
0.001135
0.001783
-0.015309
-0.012917
0.009971
0.020330
0.014830
0.016209
0.012452
0.012313
0.008519
0.003774
0.008270
0.000867
-0.014189
-0.012879
-0.005694
0.003416
-0.003244
-0.010374
0.009119
0.022820
0.018472
0.009074
0.003028
0.007316
0.009567
-0.006519
-0.007771
-0.000750
-0.011037
-0.015881
-0.003326
-0.002849
-0.018863
-0.019752
0.000460
0.010991
0.004973
0.005882
0.004298
0.005202
0.002602
-0.002517
-0.000026
0.002645
-0.005000
-0.010390
-0.002791
-0.000940
-0.011754
-0.011624
0.005469
0.014676
0.010875
0.010262
0.006586
0.006798
0.004507
-0.008998
-0.001315
0.001675
-0.014056
-0.019265
0.000256
0.004674
-0.008544
-0.012405
0.008956
0.019591
0.007205
0.007000
0.007455
0.007246
0.000758
-0.004063
0.003389
0.010121
-0.002842
-0.016978
-0.008630
0.002166
-0.004994
-0.007938
0.007756
0.019088
0.016981
0.020540
0.016013
0.010599
0.006998
-0.001043
-0.001721
-0.000704
-0.007681
-0.013278
-0.000968
-0.002460
-0.015687
-0.013580
0.009216
0.013214
0.011096
0.012496
0.005339
0.004137
0.013669
0.007611
-0.000712
0.003655
0.001846
-0.000932
0.002670
-0.002592
-0.011613
-0.008577
0.005621
0.011112
0.013655
0.007474
0.003414
0.001958
0.009634
-0.001155
-0.002209
-0.001154
-0.005353
-0.004789
0.009166
0.000765
-0.007888
-0.012714
0.003656
0.009560
0.000099
0.002212
0.003828
0.000252
0.004034
-0.001156
-0.001577
-0.003433
-0.019421
-0.018441
-0.007325
-0.005980
-0.009168
-0.015136
-0.000977
0.008912
-0.000519
-0.000295
-0.003792
-0.003604
-0.006980
-0.010107
-0.001057
0.001210
-0.009101
-0.012149
-0.002611
0.001644
-0.015888
-0.018457
0.009938
0.019121
0.006741
0.002871
-0.001938
0.005045
0.001933
-0.007933
-0.001342
0.005706
-0.003945
-0.013108
-0.007186
0.000765
-0.006996
-0.011311
0.001237
0.010618
0.008523
0.005526
0.003296
0.005859
-0.000345
-0.007005
0.004053
0.007347
-0.007444
-0.009496
-0.005321
-0.001462
-0.012609
-0.012349
0.002683
0.014859
0.009298
0.007602
0.001302
0.002735
-0.003006
-0.005867
-0.002956
0.000953
-0.011381
-0.010205
-0.000232
0.004733
-0.010172
-0.011795
0.004180
0.015355
0.004616
0.002340
-0.002062
0.002396
0.007485
0.004711
0.000303
0.002075
-0.007315
-0.016603
-0.008782
-0.000868
-0.012317
-0.019427
0.001901
0.016158
0.005572
0.003739
0.007632
0.015801
0.011630
-0.002622
-0.003992
0.000335
-0.010762
-0.019754
-0.004708
0.001912
-0.008589
-0.014416
0.002100
0.010458
0.002063
0.000587
0.001531
-0.000205
-0.004633
-0.011540
0.001156
0.007453
-0.004788
-0.012338
0.000387
-0.003801
-0.021244
-0.018128
0.001390
0.009839
0.008055
0.011679
0.010046
0.007344
0.002415
-0.001125
0.003345
0.007082
-0.001972
-0.003694
-0.002196
0.003448
-0.004678
-0.007822
0.003411
0.017777
0.017824
0.014392
0.010723
0.012966
0.004013
0.000393
0.008237
0.010544
-0.000107
-0.003385
-0.000852
0.003238
-0.005822
-0.009399
-0.001683
0.004659
0.009349
0.009820
0.002046
0.003790
-0.000577
-0.006661
0.001446
0.006024
0.000810
-0.003016
-0.000312
0.001376
-0.003660
-0.003173
0.012278
0.015549
0.008369
0.009329
0.004657
0.002063
0.006713
-0.001169
-0.003292
-0.004502
-0.008473
-0.011215
-0.003052
0.003291
0.001542
-0.005116
0.005264
0.012610
0.010761
0.011675
-0.001241
0.000820
0.004676
-0.004143
-0.002063
-0.000836
-0.007259
-0.008592
0.001330
0.000132
-0.009687
-0.010477
0.004203
0.014411
0.015677
0.014848
-0.000441
0.007274
0.008752
0.000213
0.002036
0.007368
-0.002195
-0.007645
0.001466
0.000869
-0.012082
-0.007551
0.008486
0.015036
0.017436
0.016101
0.012537
0.010450
0.006867
-0.000449
0.004063
0.005443
-0.001780
-0.006065
0.002306
0.004611
-0.007232
-0.009372
0.005469
0.010854
0.008783
0.004029
-0.000948
-0.001625
-0.001166
-0.013679
-0.008552
-0.003178
-0.012914
-0.020161
-0.009919
-0.011093
-0.014402
-0.010531
0.000880
0.002935
0.000583
-0.004792
-0.000348
-0.002425
-0.000853
-0.006507
-0.000587
-0.001790
-0.014657
-0.021581
-0.006080
-0.008419
-0.004587
-0.003381
0.005183
0.004567
0.001797
-0.005782
-0.004071
-0.004655
0.015350
-0.001042
-0.009329
-0.009901
-0.021335
-0.023368
-0.006698
-0.019707
-0.021729
-0.024193
-0.004436
-0.001173
-0.007510
-0.015830
-0.005803
-0.000152
0.013249
-0.005899
-0.007291
-0.001725
-0.014812
-0.021075
0.000547
-0.002766
-0.019962
-0.021195
0.004489
0.003710
-0.005080
-0.003547
-0.000406
-0.003122
-0.003671
-0.016328
-0.010719
-0.004915
-0.018689
-0.023932
-0.009560
-0.008516
-0.017191
-0.014012
0.006687
0.010923
0.004446
-0.001471
-0.005235
-0.009521
-0.001251
-0.003739
-0.008422
-0.011232
-0.019528
-0.022838
-0.002424
-0.010129
-0.021730
-0.012093
0.004579
0.003222
-0.005318
0.005382
0.000036
0.002163
-0.005825
-0.009502
0.000507
0.009618
0.018469
0.013786
0.010727
0.003964
-0.022207
-0.053305
-0.058510
