-0.010492
-0.006458
-0.011779
0.013242
-0.029136
-0.025350
-0.015240
-0.018962
-0.004577
-0.017244
-0.013872
0.001526
0.010281
0.013099
0.011261
0.008652
0.011047
0.015849
0.019575
0.010207
-0.002310
0.003646
0.018054
0.015486
0.014423
-0.003311
-0.006629
0.012108
0.018062
-0.007783
0.005783
0.035073
0.046246
0.051147
0.050094
0.047928
0.041899
0.030572
0.030752
0.020837
0.016409
0.006026
-0.002778
0.012670
0.019205
0.001434
0.008688
0.021692
0.032353
0.037796
0.038633
0.022501
0.008297
0.003759
0.007860
0.006386
0.000722
-0.019729
-0.018250
0.004808
0.007544
-0.001635
-0.001517
0.016966
0.014193
-0.000837
-0.001440
-0.007669
-0.010595
0.006155
0.008583
-0.004703
-0.004498
-0.018542
-0.022252
0.001724
-0.005184
-0.019625
-0.015566
0.005042
0.007195
0.003594
0.008672
0.020199
0.020940
0.021828
0.020028
0.016649
0.018586
-0.012565
-0.016746
0.011177
0.019831
-0.003794
0.001839
0.027341
0.045818
0.045756
0.046605
0.038442
0.040062
0.021023
0.018914
0.015435
0.022317
0.008100
0.003512
0.020951
0.025832
0.003668
0.013869
0.043724
0.056879
0.060726
0.076689
0.083781
0.076229
0.050789
0.048980
0.042713
0.040930
0.031924
0.027211
0.027111
0.035563
0.020275
0.009214
0.031412
0.050110
0.060015
0.056915
0.041946
0.040466
0.037962
0.029495
0.024745
0.031969
0.022695
0.011208
0.028527
0.029439
0.007339
0.008086
0.024005
0.028664
0.041610
0.059146
0.055887
0.046194
0.042778
0.044064
0.036366
0.038654
0.029657
0.019287
0.025078
0.021461
0.002085
0.009732
0.021113
0.019840
0.023331
0.034072
0.039008
0.038959
0.021237
0.015857
0.015034
0.021287
0.011394
0.011509
0.013974
0.020256
0.000581
-0.000102
0.019908
0.029665
0.021055
0.028148
0.035515
0.034200
0.012382
0.018949
0.025008
0.028117
0.015089
0.011695
0.015380
0.024280
0.004634
0.005227
0.030129
0.047216
0.039028
0.044393
0.057513
0.060032
0.040612
0.058896
0.050435
0.045986
0.034128
0.040838
0.034324
0.051715
0.065051
0.087516
0.094690
0.077236
0.060257
0.063749
0.048112
0.045393
0.029810
0.014780
0.015036
0.018696
0.012828
0.016573
0.013302
0.023083
0.014825
0.001697
0.009015
0.020323
0.017764
0.015781
0.007400
0.007786
0.004920
-0.002262
0.001242
0.005380
-0.008862
-0.013874
-0.003756
0.007781
-0.000199
-0.009506
0.001327
0.013265
0.009091
0.005003
0.004834
0.003773
-0.000356
-0.002632
0.005592
-0.002288
-0.012382
-0.016168
-0.003917
-0.004921
-0.002245
-0.003939
0.004905
0.002337
0.002547
0.005302
0.000990
0.000379
-0.000191
-0.011431
-0.003715
-0.002106
-0.013027
-0.009546
0.003312
-0.002894
-0.010416
-0.007958
0.006138
0.008333
-0.005015
0.001339
-0.003500
-0.009757
0.010392
0.007084
-0.001910
-0.008109
-0.018882
-0.029255
0.000346
-0.002072
-0.006182
-0.013397
0.008625
0.002038
0.003922
-0.019582
-0.028967
-0.019375
0.003035
-0.010510
-0.019011
-0.010683
-0.034184
-0.048393
-0.009532
-0.047877
-0.007936
-0.032879
0.010260
-0.043166
-0.038420
-0.090379
-0.065583
-0.045279
-0.039427
-0.058496
-0.035460
-0.010213
-0.048241
-0.061652
-0.028773
-0.052341
-0.054772
-0.053499
0.003952
-0.009511
-0.034697
-0.057915
-0.023241
-0.020833
0.008234
-0.018218
-0.030065
-0.012591
-0.043562
-0.047333
-0.028622
-0.035813
-0.028921
-0.034992
-0.002178
-0.010806
-0.026039
-0.037473
-0.013431
-0.004019
0.007053
-0.013499
-0.004731
0.003668
-0.013731
-0.022841
0.008018
-0.004119
-0.009410
-0.003807
0.023479
0.011531
0.013100
0.001735
-0.002447
-0.000184
0.020875
-0.003007
-0.018126
-0.005266
-0.019966
-0.032342
-0.002554
-0.008090
-0.013398
-0.008509
0.010315
0.010103
0.008979
0.012145
0.004617
0.006774
0.013811
0.001378
-0.011740
0.003315
0.001123
-0.000033
0.006033
0.003864
-0.018778
-0.004776
0.018227
0.032065
0.038008
0.045087
0.053801
0.055040
0.046205
0.040829
0.046782
0.052853
0.046152
0.031307
0.022297
0.027738
0.017082
0.008578
0.026274
0.042825
0.048875
0.048649
0.044116
0.045428
0.040718
0.017767
0.007033
0.008639
-0.000290
0.005303
0.013497
0.034796
0.027899
0.019620
0.040081
0.075262
0.119039
0.159568
0.196670
0.221973
0.261326
0.319523
0.393150
0.461225
0.515034
0.647459
0.800127
0.878630
0.881360
0.867073
0.846875
0.751206
0.634971
0.441639
0.312303
0.281884
0.230023
0.142752
0.123433
0.139840
0.145302
0.142216
0.083865
0.056230
0.024264
0.004336
0.026685
0.051251
0.065226
0.056820
0.057806
0.060028
0.044206
0.029963
0.019633
0.025024
0.010737
0.002819
0.018355
0.027553
0.002097
-0.001618
0.017656
0.037676
0.034480
0.029540
0.021769
0.017174
0.008299
0.016942
0.028120
0.029211
0.007195
0.005747
0.029949
0.025487
0.005324
-0.004212
0.013496
0.017778
0.009017
0.008687
0.010892
0.013660
0.018679
0.003138
-0.003778
0.001909
-0.014857
-0.020041
0.000151
-0.002995
-0.017854
-0.015232
0.003728
0.008874
0.019908
0.016487
0.013831
0.008630
0.016503
0.011213
0.015336
0.020163
-0.010121
-0.023975
0.001548
0.004976
-0.006883
-0.007308
0.019814
0.017788
0.000755
-0.005400
0.012068
0.007046
-0.001836
-0.011300
-0.001425
-0.000919
-0.030428
-0.034852
-0.002248
-0.014064
-0.022256
-0.018024
0.019300
0.011911
-0.014012
-0.032445
-0.008079
-0.000841
0.006124
-0.003328
-0.003733
-0.000630
-0.024453
-0.037667
-0.001288
-0.007249
-0.011342
-0.010173
0.011910
0.008183
-0.018109
-0.019474
-0.007155
-0.001672
0.013720
-0.003236
-0.002336
-0.000045
-0.017915
-0.021974
-0.004908
-0.008047
-0.020225
-0.020769
0.002679
0.015778
0.013079
0.005855
0.007050
0.005558
-0.002081
-0.014092
-0.003359
-0.000387
-0.011559
-0.019171
-0.003375
-0.003813
-0.008177
-0.013027
0.002036
-0.003197
0.001312
0.008352
0.003755
-0.001048
0.007965
-0.001128
-0.001452
-0.000690
-0.002672
-0.006447
-0.000547
-0.005251
-0.015546
-0.013033
0.006128
0.018009
0.017769
0.017974
0.014223
0.014716
0.002367
-0.002229
0.002065
0.011071
0.007007
0.002277
0.003723
0.007155
-0.008191
-0.010443
0.004642
0.015610
0.023287
0.021942
0.013581
0.006520
0.000038
-0.001795
0.009933
0.008501
-0.005532
-0.011270
-0.003194
0.008206
0.009574
0.001269
0.005513
0.014809
0.006450
-0.001619
-0.000299
0.004397
0.000774
-0.012428
-0.013586
-0.005773
-0.020329
-0.025434
-0.003462
-0.002009
-0.008911
-0.012499
-0.001025
-0.001233
-0.000942
-0.000570
-0.003042
-0.004650
0.005958
-0.011364
-0.011841
-0.006621
-0.014162
-0.023756
-0.007572
-0.007131
-0.025567
-0.026153
0.008153
0.018888
0.006399
0.005759
0.007463
0.005611
-0.001712
-0.010364
-0.000796
0.001066
-0.007588
-0.017329
-0.003869
-0.001542
-0.009761
-0.010142
0.001071
0.008217
0.011487
0.016187
0.010990
0.010739
0.008951
-0.000597
0.001219
0.010246
0.006464
-0.002184
0.003599
0.009725
0.009178
0.009465
0.023373
0.031228
0.048408
0.047048
0.038088
0.033149
0.028036
0.016528
0.005862
0.002766
0.009000
0.000425
0.001001
0.003328
0.002755
0.003468
0.012714
0.016447
0.012800
0.013533
0.012955
0.019482
0.018668
0.008986
0.012129
0.012221
0.001996
-0.006878
-0.000417
0.003921
0.001880
-0.005828
0.001531
0.003761
0.004819
0.003392
0.007741
0.008567
0.007490
-0.011447
-0.000852
0.000392
-0.013514
-0.016267
-0.003640
0.001075
-0.012384
-0.013056
0.010661
0.021302
0.004525
0.002319
0.000273
0.009160
0.002867
-0.011287
-0.004461
0.001612
-0.006031
-0.012824
0.000641
0.002574
-0.009332
-0.008270
0.004178
0.008145
0.001895
0.003775
-0.000250
0.004896
0.002223
-0.007152
0.000403
0.004446
-0.005926
-0.014059
-0.008507
-0.005591
-0.013274
-0.015740
-0.000696
0.012100
0.017023
0.016603
0.010987
0.010875
-0.001028
-0.008494
-0.006601
-0.002721
-0.006376
-0.003787
0.003783
0.002273
-0.012317
-0.011296
0.002744
0.013480
0.014464
0.010484
0.003213
0.004036
-0.001541
-0.008428
-0.001761
0.008017
0.000635
-0.013622
-0.000575
0.004720
-0.008869
-0.012505
-0.005461
0.003498
0.004186
0.006974
0.005843
0.006295
0.005285
-0.008963
-0.004867
0.000022
-0.010567
-0.016742
-0.005548
-0.006433
-0.010489
-0.007309
0.009856
0.014993
0.020246
0.026539
0.013699
0.004660
0.025971
0.015454
-0.002125
-0.002870
-0.017254
-0.028889
-0.011451
-0.007851
-0.009441
-0.009181
0.023709
0.023747
0.018900
0.006789
0.011850
0.002687
0.021088
0.012109
0.001510
-0.001804
-0.019756
-0.026908
0.003156
-0.010899
-0.009107
-0.022525
0.012413
0.007493
-0.021248
-0.043667
-0.023219
-0.017336
0.012008
-0.005320
-0.010937
-0.006825
-0.038939
-0.052226
-0.003758
-0.032596
-0.024217
-0.032148
0.026392
-0.027045
-0.053794
-0.076326
-0.048370
-0.043396
-0.016492
-0.041159
-0.039722
-0.022391
-0.054113
-0.068753
-0.025320
-0.051247
-0.056452
-0.058046
0.001055
-0.025208
-0.033404
-0.039809
-0.016611
-0.015042
0.006678
-0.012509
-0.013044
0.000694
-0.014457
-0.025567
0.002675
-0.003664
-0.028036
-0.019048
0.010531
0.019877
0.021114
0.020487
0.007437
0.011356
0.015290
0.002682
-0.004628
0.004949
-0.004254
-0.018669
0.000262
0.007901
-0.007390
-0.011267
0.010657
0.023758
0.016868
0.023096
0.018244
0.014866
0.008820
0.002418
0.001679
0.008628
0.001994
-0.009311
-0.000763
0.002730
-0.005624
-0.003691
0.010866
0.013599
0.014035
0.023683
0.024643
0.019939
0.007237
-0.000556
0.000665
0.000561
0.005341
0.002763
0.004257
-0.002468
-0.009763
-0.008132
0.004281
0.007413
0.010000
0.009376
0.007030
0.007638
0.006430
0.000858
0.006170
0.008954
-0.001661
-0.002623
0.002832
0.009677
-0.003868
-0.011441
0.001133
0.013450
0.012249
0.006157
-0.006412
-0.002763
0.003781
-0.008650
-0.002318
0.001656
-0.012771
-0.020448
-0.011482
-0.008386
-0.005418
-0.004572
0.008741
0.010689
0.009614
0.004404
-0.007486
-0.004716
0.010589
-0.008417
-0.016281
-0.009273
-0.012227
-0.020496
-0.013897
-0.014836
-0.010676
-0.008878
-0.002839
-0.001958
0.002603
-0.000859
-0.006555
-0.007133
0.006452
-0.010617
-0.006172
-0.009505
-0.021290
-0.021193
-0.005937
-0.009072
-0.013435
-0.011026
0.002642
0.005065
0.005196
0.009720
0.015622
0.011651
0.006425
-0.003151
-0.001860
0.001725
-0.004438
-0.010648
0.007271
0.005329
-0.006690
-0.002968
0.018763
0.025854
0.013258
0.003807
0.003220
0.007639
0.011172
-0.006923
-0.009191
-0.001267
-0.013697
-0.022617
-0.008825
-0.006063
-0.018899
-0.020451
0.002433
0.011172
0.007783
0.010461
-0.001521
-0.000346
0.000824
-0.003556
-0.000863
0.005143
-0.001241
-0.011235
-0.002817
0.001919
-0.004168
-0.007556
0.001839
0.009272
0.023017
0.025298
0.010422
0.009566
0.010539
0.000128
-0.000367
0.001138
-0.003144
-0.005805
0.004055
0.005096
-0.008527
-0.007964
0.005596
0.016181
0.016498
0.011126
0.007119
0.008830
0.008997
0.007863
0.004649
-0.002694
-0.009096
-0.012690
-0.002076
0.003014
0.000633
-0.001922
0.004681
0.010373
0.008124
0.011443
0.009222
0.002710
-0.005326
-0.010133
-0.004700
-0.007267
-0.022460
-0.022495
0.002195
0.004054
-0.011003
-0.009585
0.004425
0.011675
0.007777
0.000400
-0.008079
0.002417
0.016885
0.001414
-0.013323
0.004820
-0.004350
-0.024705
-0.000443
0.008145
-0.002458
-0.005207
0.008903
0.010782
0.004273
0.010709
0.023487
0.026071
0.029687
0.014928
0.000804
0.010229
0.007963
0.000127
0.014589
0.006307
-0.011233
-0.005222
0.009359
0.007687
0.010384
0.015528
0.023618
0.022506
0.010742
-0.002948
0.002184
0.012298
-0.002721
-0.011539
-0.000789
0.005189
-0.004070
0.000836
0.011186
0.021187
0.007208
0.009273
-0.005681
0.000662
-0.000035
-0.010941
-0.004560
-0.002792
-0.015465
-0.021780
-0.006651
0.003226
-0.010274
-0.012695
0.004829
0.011059
0.007420
0.003382
0.009044
0.005877
0.006379
0.010065
0.017605
0.017442
0.012537
0.009299
0.011303
0.007613
0.018221
0.022592
0.023516
0.021048
0.033151
0.039109
0.031396
0.027369
0.026824
0.015050
0.007657
0.002876
-0.006006
-0.010528
0.004729
0.003347
-0.010077
-0.011752
0.010068
0.013464
0.011919
0.015245
0.004652
-0.001356
-0.000595
-0.006830
-0.008864
-0.005567
-0.008333
-0.009278
0.000666
-0.003252
-0.017889
-0.014218
0.003816
0.012437
0.005834
0.011974
0.013968
0.011358
-0.000401
-0.001623
0.011016
0.017475
0.005056
0.000013
0.008146
0.012967
0.003841
-0.000344
0.011141
0.018919
0.012526
0.013230
0.009853
0.010201
-0.001646
-0.004939
0.001785
0.003442
-0.010912
-0.010398
-0.000384
0.006041
-0.004830
-0.003593
0.002529
0.016800
0.025815
0.023665
0.008654
0.006868
0.003264
0.001304
0.006670
0.009241
-0.006215
-0.021535
-0.010096
0.004077
0.009281
0.008579
0.008101
0.009794
0.000356
0.008470
0.009816
-0.000885
0.012753
0.004274
-0.012505
-0.009989
-0.020668
-0.019575
-0.007013
-0.013518
-0.029807
-0.019898
0.011042
0.019799
0.000021
0.006544
-0.001423
0.011814
0.025114
0.023612
0.015260
0.017242
0.004930
-0.004725
0.002774
0.014047
-0.005474
-0.009246
0.015373
0.033877
0.035303
0.035915
0.035340
0.028568
0.011597
0.016837
0.030652
0.035455
0.010730
0.009496
0.019954
0.026209
-0.002655
-0.008005
0.024997
0.035195
0.027918
0.021499
0.021871
0.021135
0.021674
0.010755
0.002936
0.004313
-0.005005
-0.006428
0.008849
0.006225
-0.000458
0.003934
0.006910
0.010506
0.021761
0.024914
0.021231
0.016581
0.021560
0.019440
0.013022
0.011532
0.004333
-0.002391
0.020364
0.009236
0.003261
0.005991
0.005062
0.004133
0.013836
0.014802
0.019432
0.011201
0.011503
-0.000159
-0.009782
-0.003870
-0.011354
-0.017147
-0.007052
-0.003128
-0.010857
-0.010326
0.005516
0.007144
-0.001863
-0.007241
-0.012586
-0.005671
0.009754
-0.007991
-0.000395
0.010343
-0.012274
-0.030630
-0.005365
-0.007869
-0.006482
0.001867
0.007609
-0.006793
-0.015924
-0.010581
0.016857
0.013024
0.007253
-0.015369
-0.011362
-0.004818
-0.010428
-0.010013
0.002056
-0.006204
-0.016095
-0.009530
0.009828
0.013022
0.011371
0.020653
0.014113
0.009362
0.001204
-0.003328
-0.001939
-0.000722
-0.010589
-0.012469
-0.002991
-0.000275
-0.012957
-0.012864
0.006012
0.014952
0.013378
0.010404
0.005202
0.005962
-0.000316
-0.009862
-0.002503
0.002522
-0.008243
-0.017484
0.003912
0.003339
-0.013996
-0.011338
0.005071
0.019196
0.020429
0.021161
0.008912
0.007031
0.003508
-0.005042
-0.003517
-0.001920
-0.010113
-0.016190
-0.007618
-0.008198
-0.012210
-0.016252
-0.007778
-0.009289
-0.007343
-0.004001
-0.002122
0.002633
-0.001411
-0.017388
-0.001142
0.013480
0.010317
0.001632
0.007291
-0.003853
-0.014023
-0.001462
0.009991
0.006303
0.013824
0.018150
0.010638
0.009307
0.006546
-0.004193
-0.000855
0.002175
0.000303
-0.004475
0.000462
0.002739
-0.000643
-0.003808
0.002996
0.009017
0.011250
0.008801
0.004942
0.007917
0.010020
-0.000858
-0.003072
-0.003212
-0.012257
-0.018841
0.006392
0.008350
0.001178
-0.002713
0.008752
0.009199
-0.002826
0.002244
-0.003693
-0.006914
-0.002403
-0.015394
-0.008746
0.000263
-0.015677
-0.024937
-0.006902
-0.002914
-0.017166
-0.012673
0.011996
0.020039
0.013912
0.006933
0.010970
0.014538
0.010406
0.003925
0.001514
0.002908
-0.003983
-0.007890
0.001526
-0.000981
-0.015454
-0.015327
0.001665
0.013869
0.007997
0.006012
-0.000789
0.005237
0.004612
-0.001284
-0.003650
-0.002705
-0.015735
-0.023182
-0.005407
0.009449
0.001437
-0.006537
0.004623
0.017944
0.013565
0.010608
0.004521
0.006803
0.003326
-0.010558
-0.004144
0.001632
-0.013885
-0.026233
-0.009077
-0.003402
-0.008592
-0.009659
0.002054
0.005399
0.009433
0.011048
0.006934
0.002522
0.001829
-0.009584
-0.004546
-0.003717
-0.013492
-0.017485
-0.000207
-0.000675
-0.007963
-0.004825
0.012048
0.018164
0.012719
0.016125
-0.000031
0.001082
0.002930
-0.006962
-0.006412
-0.000086
-0.008761
-0.021593
-0.003330
0.001406
-0.015550
-0.014106
0.005756
0.014174
0.014512
0.013911
0.013661
0.016159
0.012888
0.002834
-0.002699
0.003793
-0.001971
-0.009455
-0.000992
0.006040
-0.003082
-0.002169
0.012938
0.023359
0.012661
0.003941
0.003841
0.014080
0.009029
-0.007941
-0.006891
-0.004846
-0.007308
-0.016627
-0.006589
-0.002422
-0.008197
-0.009942
0.011471
0.013945
0.011456
0.012635
0.005068
0.004720
0.009699
0.003208
0.000019
-0.001614
-0.012945
-0.020046
0.003036
0.013107
-0.001387
-0.007883
0.008318
0.023749
0.022266
0.021588
0.011129
0.009633
0.002790
-0.000976
-0.000605
0.000169
-0.012701
-0.020234
-0.005401
-0.002579
-0.001457
-0.000186
0.005887
0.005665
0.000768
-0.005231
0.005689
0.012495
0.009319
0.000632
0.002506
0.005094
-0.008147
-0.011833
-0.000124
-0.003103
-0.012647
-0.012670
0.004367
0.011265
0.010468
0.009291
0.013851
0.012560
0.015512
0.002881
-0.006003
-0.002246
-0.010488
-0.019128
-0.004730
-0.001927
-0.011157
-0.009089
0.005944
0.013798
0.005772
0.003063
-0.004521
-0.000749
0.003708
-0.006237
-0.005637
-0.005947
-0.013902
-0.019153
-0.008820
-0.006959
-0.013639
-0.012897
0.005947
0.016130
0.018295
0.014239
0.005012
0.008655
0.012636
-0.006745
-0.009386
-0.004024
-0.005058
-0.010617
0.005639
0.000931
-0.014356
-0.014939
0.003745
0.015961
0.013864
0.012594
0.006493
0.004405
0.003736
-0.003581
0.000451
-0.002396
-0.007234
-0.014918
0.000842
-0.000932
-0.005664
-0.006508
0.007537
0.010126
0.007861
0.010174
0.014480
0.017177
0.015688
0.003285
0.005641
0.007462
0.005610
-0.000151
0.008194
0.000746
-0.018184
-0.015338
0.007977
0.017064
0.014786
0.015234
0.006875
0.011698
0.010651
-0.002877
-0.001117
0.000104
-0.007927
-0.008175
-0.003115
-0.000131
-0.009313
-0.007829
0.005678
0.014221
0.012803
0.012259
0.011944
0.008354
-0.001593
-0.004568
0.002261
0.000258
-0.006931
-0.006791
-0.000289
0.002889
-0.001177
0.000308
0.006507
0.013349
0.006749
0.001952
-0.003565
0.000491
0.000075
-0.015325
-0.006165
-0.002428
-0.023217
-0.035660
-0.008009
0.005511
0.001048
-0.013655
-0.006686
-0.004208
-0.010396
-0.010492
-0.005400
-0.008518
-0.002408
-0.015908
-0.006537
-0.001146
-0.014317
-0.031266
-0.004749
-0.001187
-0.020836
-0.021738
0.005654
0.017951
0.012524
0.009059
0.014498
0.015156
0.016149
-0.002089
-0.008575
-0.004943
-0.005750
-0.015776
0.003747
0.001109
-0.012357
-0.013988
-0.001485
0.001804
-0.005860
-0.002368
0.002924
0.005221
-0.002006
-0.009814
-0.003977
-0.002743
-0.016729
-0.020125
-0.009491
-0.000639
-0.009123
-0.018393
-0.003751
0.003075
0.001282
-0.006363
-0.004177
0.005119
0.006553
-0.009305
0.002003
0.006523
-0.006819
-0.010456
0.000406
-0.002130
-0.010598
-0.007508
0.004138
0.013116
0.015465
0.012367
0.010794
0.014430
0.003797
-0.007886
0.003790
0.008228
-0.000233
-0.006823
0.002934
0.008685
0.001699
-0.007427
-0.004368
0.003951
0.015015
0.015079
0.007705
0.002923
-0.000873
-0.007383
-0.001329
-0.003398
-0.004726
-0.004084
0.002719
0.000229
-0.003795
-0.004257
0.003724
0.007836
0.006204
0.010332
0.005713
0.008487
0.005686
-0.005369
-0.000111
0.003020
-0.011442
-0.015366
0.002237
0.001074
-0.010259
-0.013539
0.001040
0.009054
0.007750
0.003545
-0.002904
-0.002736
-0.000971
-0.013174
-0.005184
0.003981
-0.008056
-0.013466
-0.003810
-0.006078
-0.015726
-0.015058
0.001332
0.003248
-0.000510
0.001384
0.007475
0.011774
0.004777
-0.008182
0.002075
0.012964
0.005085
-0.005242
0.006258
0.007665
-0.010357
-0.011415
0.010332
0.019173
0.006528
0.005976
0.009443
0.013560
0.002485
-0.008371
-0.000243
0.006936
0.003391
0.000955
0.001749
0.001041
-0.008483
-0.006751
0.010508
0.021415
0.013602
0.010043
0.020140
0.026437
0.010841
0.001823
0.006303
0.013839
0.006160
0.001715
0.008124
0.010040
-0.001392
-0.006213
0.007113
0.015533
0.010082
0.007307
0.007664
0.009554
0.005327
0.002260
0.006686
0.012130
0.004145
-0.006901
0.002644
0.010437
0.002669
-0.001654
0.007627
0.014390
0.014187
0.011280
0.008079
0.000627
0.002494
-0.007486
-0.007760
-0.007070
-0.011984
-0.018093
-0.006464
-0.010688
-0.008302
-0.014458
-0.010291
-0.010442
-0.008389
-0.006475
-0.007038
-0.012378
-0.001144
-0.015666
-0.010988
-0.001735
-0.015655
-0.025410
-0.010392
-0.009395
-0.006616
-0.005905
0.007122
0.005367
0.009766
0.019874
0.013975
0.003878
0.019708
0.009814
0.005231
-0.003862
-0.006783
-0.004943
0.001976
-0.009493
-0.011729
-0.005093
0.012262
0.011937
0.008188
0.019955
0.012352
0.012613
0.014516
0.006241
-0.002930
0.009350
0.022714
0.014751
0.011580
0.006086
-0.018218
-0.048404
-0.058179
