-0.011665
-0.009727
-0.014005
0.005731
-0.031444
-0.023059
-0.015287
-0.018895
-0.008265
-0.020089
-0.013305
-0.008034
0.003832
0.003044
0.001214
0.008183
0.020241
0.017784
0.026481
0.020179
0.026594
0.021964
0.009754
0.004591
0.016180
0.017677
0.010688
0.018810
0.018576
0.036151
0.078342
0.102817
0.094614
0.093335
0.100702
0.099392
0.085210
0.062001
0.042202
0.029339
0.027836
0.021623
0.023780
0.022811
0.029853
0.025403
0.022432
0.024758
0.037082
0.049603
0.055348
0.038161
0.029096
0.010710
0.007485
0.009477
0.018247
0.008039
0.005498
0.010763
0.021066
0.004126
0.000475
0.023426
0.042546
0.047066
0.048344
0.039971
0.042206
0.027171
0.019456
0.019398
0.029298
0.020237
0.015284
0.014569
0.026648
0.010866
0.002590
0.014025
0.031586
0.031621
0.039512
0.045979
0.054104
0.037004
0.034586
0.034921
0.046894
0.027800
0.021045
0.025548
0.038365
0.034315
0.042572
0.051649
0.059990
0.057871
0.050885
0.049334
0.048253
0.025190
0.015286
0.011540
0.018657
0.015158
0.015540
0.014868
0.023789
0.009421
0.000688
0.011455
0.025515
0.022700
0.027548
0.023496
0.027453
0.025023
0.023826
0.021418
0.033031
0.025834
0.019381
0.023331
0.028394
0.006211
0.001916
0.018606
0.031136
0.039073
0.057284
0.050768
0.056346
0.062016
0.068201
0.058241
0.063447
0.057544
0.051794
0.051130
0.046765
0.062395
0.103636
0.120624
0.105989
0.094751
0.093392
0.077759
0.072659
0.053961
0.037979
0.021983
0.026615
0.021906
0.026297
0.019214
0.021847
0.012089
0.014566
0.021018
0.032872
0.031730
0.031404
0.026535
0.032878
0.026050
0.022152
0.016100
0.022255
0.013287
0.011581
0.014834
0.022154
0.013616
0.010292
0.016784
0.028121
0.034850
0.046638
0.037685
0.044388
0.049758
0.057209
0.046857
0.050155
0.041577
0.054024
0.063968
0.092075
0.145388
0.194597
0.227315
0.195354
0.154249
0.123114
0.067267
0.042315
0.024856
0.015267
0.015547
0.007605
0.003403
0.008960
0.006192
0.011199
0.005828
-0.002274
0.003864
0.011233
0.007448
0.004844
0.004859
-0.002476
-0.009149
-0.000352
0.008602
0.009549
-0.005523
-0.009949
0.005105
0.001774
0.000987
0.000284
-0.007321
-0.012597
-0.007732
-0.010265
0.007218
0.010219
0.015343
0.002232
-0.011008
-0.002701
0.002401
0.004944
-0.001355
0.002068
0.026405
0.025858
0.014424
0.007503
0.051332
0.043179
0.029908
0.032999
0.033128
0.031684
0.020872
0.038619
0.053911
0.085871
0.083760
0.093150
0.182060
0.204370
0.251109
0.164464
0.177303
0.159302
0.065760
0.057867
0.040901
0.033502
0.028894
0.030907
0.021250
0.025705
0.028275
0.001158
-0.014555
-0.004782
0.020713
0.014788
0.012016
0.014038
0.002047
-0.001135
0.006335
0.006020
-0.003972
0.001067
-0.013754
-0.011820
0.002190
-0.001087
-0.022081
-0.022723
0.001746
0.016121
0.003443
0.004922
-0.002106
0.001631
0.005799
0.008773
0.002022
0.014536
-0.001492
-0.016307
0.006493
0.015159
-0.010318
-0.008663
0.017254
0.024683
0.011382
0.007872
0.009219
0.010488
-0.002973
-0.010045
-0.006281
-0.000673
-0.014301
-0.013159
0.005179
-0.001626
-0.017621
-0.011174
0.000319
0.010671
0.011597
0.019140
0.002671
0.003396
0.002538
0.005304
0.002006
0.003081
-0.010071
-0.018246
0.000495
0.007426
-0.005979
-0.006004
0.014099
0.028005
0.024438
0.031006
0.015973
0.037425
0.048418
0.024951
0.020130
0.045444
0.039179
0.020189
0.019840
0.021947
0.000826
0.007553
0.031462
0.041397
0.036998
0.032618
0.034524
0.027649
0.019539
0.010259
0.010634
0.010761
-0.004637
-0.007365
0.004324
0.010253
0.007526
0.000840
0.007199
0.016101
0.018131
0.019697
0.001736
-0.005037
-0.001199
0.003304
0.000610
-0.002271
-0.024398
-0.025743
0.002299
0.016626
0.000300
-0.009593
0.017232
0.031278
0.018991
0.025445
0.006332
0.007840
0.010584
0.017753
0.010011
0.008268
-0.007915
-0.012268
0.008429
0.013248
-0.013607
-0.014178
0.018112
0.032672
0.029412
0.032971
0.029056
0.033768
0.028694
0.024224
0.020256
0.029700
0.024721
0.020355
0.023526
0.031029
0.029961
0.053718
0.070095
0.072552
0.078319
0.110122
0.131259
0.153869
0.165203
0.186055
0.197548
0.224902
0.222906
0.293686
0.365966
0.445767
0.475826
0.488012
0.446809
0.353009
0.262223
0.189657
0.116758
0.100447
0.090951
0.069130
0.078768
0.081382
0.073072
0.078834
0.059956
0.056217
0.046887
0.041274
0.035964
0.039408
0.057149
0.068674
0.073042
0.075311
0.060809
0.064807
0.051052
0.049781
0.038776
0.039566
0.034492
0.042686
0.037006
0.037243
0.041285
0.044596
0.043684
0.047480
0.050177
0.053705
0.039046
0.029380
0.024332
0.029556
0.022301
0.023960
0.017794
0.025553
0.016842
0.014173
0.021283
0.031846
0.042641
0.049682
0.053394
0.056814
0.050143
0.056981
0.043216
0.043475
0.038050
0.030104
0.027001
0.035765
0.030259
0.032320
0.047479
0.065665
0.071803
0.067132
0.050886
0.039527
0.020183
0.011363
0.001925
0.005671
0.000291
-0.007729
0.004989
0.010242
0.001321
-0.000543
0.009258
0.015078
0.015683
0.011430
0.006563
-0.000130
0.005064
0.000014
-0.005909
-0.003733
-0.020171
-0.024227
-0.005030
-0.003343
-0.015232
-0.016809
0.000411
0.004521
-0.006677
-0.010632
-0.009330
-0.009406
0.005873
-0.007423
-0.009865
-0.002024
-0.012378
-0.023238
0.002500
-0.010362
-0.020638
-0.015992
0.004402
0.003724
-0.006746
-0.006639
0.009387
0.012309
0.031219
0.013297
0.006581
0.004483
-0.005840
-0.012892
0.003373
-0.008612
-0.004436
-0.003539
0.006082
-0.002477
-0.013228
-0.013820
0.005858
0.009803
0.018314
0.002516
-0.003245
0.008427
-0.002920
-0.008878
0.001225
-0.015592
-0.013405
-0.005277
0.000680
-0.008092
-0.001984
-0.004998
0.014208
0.015904
0.023320
-0.001637
-0.008532
0.002458
-0.000961
-0.012269
0.005241
-0.012199
-0.014782
-0.015421
-0.005677
-0.000016
0.003273
-0.003414
0.008266
0.011417
0.020716
0.022186
0.023732
0.034858
0.034685
0.039233
0.040102
0.025433
0.050211
0.060821
0.062850
0.026223
0.061487
0.058957
0.033434
0.030587
0.028185
0.008086
0.001441
0.009440
-0.010639
-0.013709
0.004328
-0.003005
-0.009393
-0.011625
0.004692
0.003582
0.005288
-0.004428
0.004713
0.001733
0.004639
-0.001799
0.003319
0.009983
0.006044
0.001640
0.006610
-0.004004
0.009478
0.018893
0.026480
0.014938
0.038868
0.035320
0.017211
0.018138
0.022530
0.003215
0.001012
-0.001673
-0.002716
-0.008243
-0.003133
-0.006149
-0.007787
-0.013879
-0.007930
-0.005495
0.002621
-0.002777
0.015348
0.012016
0.012732
-0.000635
0.005480
0.008035
0.014738
0.019069
0.020725
0.020782
0.054929
0.060569
0.079969
0.044127
0.074989
0.069554
0.037204
0.041488
0.042258
0.022731
0.011650
0.028160
0.031876
0.034503
0.011180
0.006198
0.023696
0.022939
0.026458
0.022816
0.054041
0.058217
0.042197
0.033499
0.026328
0.018002
0.002498
0.004320
-0.003029
-0.002046
0.007397
0.003747
-0.021480
-0.013943
0.010883
0.030166
0.027429
0.026749
0.016534
0.011911
0.008656
0.018038
0.027241
0.022668
0.000792
-0.006368
0.005542
0.012105
-0.009670
-0.017870
0.004061
0.012899
-0.001765
-0.007406
0.009878
0.005237
0.003052
-0.005638
-0.001431
-0.000394
-0.014836
-0.027137
-0.009912
-0.007909
-0.002163
-0.005162
0.001686
-0.002179
-0.022576
-0.027061
0.000103
0.005521
0.016849
0.008688
-0.000208
0.019250
0.023025
0.034703
0.037123
0.056038
0.128130
0.122610
0.115765
0.059741
0.103275
0.086572
0.028166
0.040168
0.035918
0.008949
0.010373
0.014007
0.002946
0.004002
0.007105
-0.007284
-0.026489
-0.032191
-0.001785
0.008640
0.005745
0.001520
0.007698
0.010832
0.012141
0.006136
-0.002167
0.002803
0.004050
-0.005432
0.012186
-0.001423
-0.019763
-0.011904
0.003959
0.007758
0.009076
0.005267
0.011633
0.013851
0.010248
-0.005741
-0.009457
0.001277
-0.005456
-0.011400
0.005107
0.000487
-0.012872
-0.009425
0.003514
0.009015
0.006644
0.017319
0.032570
0.032090
0.020739
0.019632
0.020128
0.032023
0.033101
0.033704
0.023855
0.008316
0.021177
0.019848
0.026392
0.025183
0.037420
0.039520
0.027175
0.020369
0.013400
0.010441
0.006076
0.008925
0.002969
-0.003390
0.009291
0.019271
0.005251
0.003329
0.022061
0.036627
0.036312
0.031705
0.021168
0.019550
0.022629
0.020316
0.007662
0.006252
-0.014322
-0.015382
0.010502
0.017460
-0.010233
-0.010422
0.018918
0.038216
0.030485
0.018890
0.008669
0.013562
0.016754
0.012309
0.010591
0.011679
-0.008462
-0.015468
0.007452
0.010370
0.000368
-0.005901
0.016263
0.014023
0.014704
-0.010794
-0.022323
-0.013226
0.011397
-0.014688
-0.036297
-0.016437
-0.039866
-0.056349
-0.012460
-0.029532
-0.009980
-0.025961
-0.008799
-0.022778
-0.022056
-0.045832
-0.034088
-0.031214
-0.023638
-0.027968
-0.023434
0.006282
-0.022581
-0.041814
-0.015955
-0.015673
-0.021765
-0.017187
0.000125
-0.000961
-0.004177
-0.002753
0.016776
0.023769
0.026803
0.017211
0.014542
0.030674
0.041322
0.046543
0.045094
0.035877
0.057775
0.062802
0.074320
0.051181
0.087265
0.074494
0.037796
0.045727
0.030979
0.019811
0.016251
0.035528
0.040310
0.044072
0.037042
0.017609
0.021873
0.024359
0.019098
0.003888
0.026440
0.034290
0.033280
0.026288
0.017761
0.013145
0.008738
0.011870
0.005503
0.002540
0.003610
-0.005969
-0.007288
-0.008785
-0.002744
-0.001691
0.001553
-0.003701
0.005045
0.008470
0.015041
0.005618
-0.002019
0.010456
0.004575
0.000835
0.003809
0.001723
0.005972
0.011236
0.006729
0.008526
0.038333
0.027278
0.020957
0.026564
0.029290
0.012146
-0.001213
0.010504
0.004341
-0.004098
0.006806
-0.003132
0.000708
-0.006368
-0.009753
-0.013602
-0.011615
-0.013002
0.004576
0.000727
0.005097
0.002927
0.004845
0.010558
-0.004013
-0.013446
-0.004713
0.001190
0.014792
0.008909
-0.003577
-0.012566
-0.004868
-0.004619
0.007594
0.006140
0.020743
0.005791
0.007986
0.005057
-0.009510
-0.012514
-0.000281
-0.012859
-0.016403
-0.018958
0.002281
-0.002090
-0.005488
-0.009664
0.006111
0.004101
0.014408
0.005093
0.006746
0.012045
0.003152
-0.000482
0.006865
0.005925
0.010672
0.006278
0.004944
-0.000614
0.029668
0.021431
0.018045
0.025184
0.037050
0.016393
-0.000744
0.009344
0.004149
0.000616
0.009685
-0.001129
-0.002738
0.009534
0.022471
0.017857
0.038269
0.029325
0.028551
0.030624
0.030006
0.022059
0.000611
0.012841
0.017958
0.020044
0.007102
0.008134
0.051084
0.058404
0.067303
0.041025
0.075876
0.053272
0.022227
0.031035
0.035360
0.021636
0.008106
0.016809
0.023680
0.033590
0.020275
0.017823
0.038233
0.035121
0.045814
0.029821
0.072076
0.051235
0.028216
0.038754
0.039292
0.014563
0.008037
0.013543
0.016200
0.008853
0.001076
-0.005178
-0.001275
-0.006262
-0.007838
-0.004487
0.007991
0.010485
0.028345
0.028275
0.019176
0.006746
0.005801
0.007164
-0.000639
0.001527
0.012067
0.004313
-0.001378
-0.002600
0.003682
0.006991
0.015549
0.015893
0.024282
0.020875
0.016209
0.010798
0.006711
0.014397
0.013238
0.007064
0.008321
0.005477
0.015113
0.010908
0.012479
0.009849
0.027392
0.022587
0.026898
0.029816
0.034264
0.017485
0.007348
0.009575
0.000603
0.002088
0.006483
-0.010604
-0.015014
-0.007568
0.005870
0.004909
0.012951
0.006670
0.011291
0.009439
0.007448
-0.005878
-0.002365
0.007647
-0.004984
-0.009676
0.004326
-0.005601
-0.018988
-0.016677
0.005774
0.005550
0.000722
0.003991
0.008621
0.006892
0.014492
-0.001769
-0.009710
-0.001228
-0.000438
-0.011845
0.000460
-0.002853
-0.012627
-0.011995
-0.000942
0.009423
0.019536
0.016806
0.007777
0.006429
0.001056
-0.007965
0.003915
0.011404
0.001782
-0.005062
0.006489
0.000866
-0.008377
-0.004104
0.013996
0.014684
0.013668
0.011680
0.005153
0.007147
0.018177
0.002092
0.001849
0.011185
-0.003740
-0.014366
0.013098
0.012671
-0.006768
-0.007495
0.011408
0.018707
0.005441
0.004253
0.007775
0.014215
0.019653
0.005585
0.004417
0.011581
0.008136
0.006752
0.007084
0.004393
0.018343
0.021135
0.026537
0.024822
0.051932
0.037744
0.026216
0.028836
0.027992
0.021313
0.016687
0.025265
0.014409
0.012078
0.012381
0.003708
-0.001697
-0.005956
-0.002606
0.001707
0.014666
0.005987
0.023882
0.022230
0.015037
0.006539
0.004319
0.011348
0.002732
-0.006817
0.010821
-0.005595
-0.009620
-0.014373
-0.006353
-0.014206
-0.021951
-0.007990
0.015216
0.018317
0.034018
0.030914
0.019099
0.037647
0.051653
0.081718
0.093497
0.090863
0.163901
0.201179
0.229399
0.157478
0.156636
0.150532
0.085966
0.073276
0.048212
0.035936
0.031275
0.035566
0.027953
0.025175
0.023100
0.020068
0.003832
0.003176
0.028517
0.044300
0.046263
0.051898
0.036082
0.034717
0.020399
0.014340
0.011966
0.017519
0.006535
0.006291
0.011981
0.016522
-0.001070
0.010140
0.029226
0.040893
0.042444
0.055016
0.076336
0.097669
0.109998
0.117232
0.118167
0.106007
0.091834
0.097596
0.097614
0.118507
0.141561
0.163932
0.166547
0.143433
0.117628
0.096349
0.071200
0.066524
0.045675
0.030989
0.035618
0.035616
0.027525
0.024224
0.020950
0.031313
0.022621
0.008157
0.016033
0.031300
0.032977
0.032655
0.025711
0.027894
0.030034
0.026713
0.021050
0.031622
0.031365
0.050347
0.073968
0.106793
0.149571
0.179079
0.173139
0.112229
0.106751
0.109828
0.041717
0.034900
0.024401
0.028797
0.016784
0.008256
0.019779
0.035222
0.019721
0.012398
0.032841
0.026504
0.013278
0.014809
0.049443
0.051587
0.034116
0.035394
0.028370
0.014166
0.010895
0.024753
0.028354
0.030194
0.023403
0.015940
0.008799
0.009024
0.017826
0.016137
0.034239
0.039828
0.043812
0.044762
0.033360
0.025237
0.025300
0.037054
0.046006
0.042499
0.032548
0.024749
0.027041
0.032409
0.056975
0.051136
0.066939
0.058091
0.036451
0.027542
0.028230
0.029821
0.019879
0.011902
0.011813
0.011221
0.012323
0.011562
0.005060
-0.001929
0.009826
0.020760
0.014317
0.004091
0.008275
0.011435
0.011769
-0.003506
-0.003575
-0.001638
-0.008941
-0.012210
0.004120
0.001372
0.007760
0.001116
0.001244
-0.007534
-0.014891
-0.005720
0.017532
0.014391
0.016525
0.001442
0.005355
0.026044
0.006126
-0.004306
0.007593
0.000467
0.002189
0.015205
0.018197
0.014958
0.029527
0.019065
0.036027
0.039052
0.037640
0.011572
-0.000972
0.009471
0.002898
-0.009717
0.005741
-0.010068
-0.004961
-0.009334
-0.002025
-0.010425
-0.025954
-0.022195
0.007904
0.011279
0.016481
0.005420
0.003655
0.026415
0.037686
0.036787
0.040507
0.030546
0.065208
0.087442
0.100770
0.052024
0.088518
0.087235
0.043984
0.045263
0.043251
0.041284
0.033737
0.048532
0.062645
0.080731
0.073931
0.045851
0.062848
0.082776
0.106015
0.071777
0.100486
0.090985
0.032019
0.037070
0.043293
0.031145
0.019241
0.022625
0.022866
0.021516
0.019819
0.011636
0.010453
0.001121
-0.002155
0.000398
0.027834
0.021930
0.016043
0.022243
0.037005
0.019677
0.007845
0.010810
0.009988
0.015762
0.010314
-0.004505
0.009595
0.014854
0.005308
-0.002190
0.026731
0.026161
0.027857
0.023022
0.021377
0.012263
0.007530
0.011328
-0.002056
-0.007077
0.002469
0.000842
-0.012317
-0.012239
0.007859
0.015610
0.009661
0.016248
0.018374
0.013607
0.005792
0.006381
0.011959
0.016438
0.009946
-0.001857
0.006478
0.004161
0.006952
0.012274
0.009712
0.008242
0.025605
0.016361
0.027108
0.025871
0.022448
0.022622
0.017347
0.016183
0.017287
0.026324
0.025321
0.025539
0.057676
0.059015
0.053897
0.029010
0.061850
0.049863
0.030014
0.033689
0.019078
0.003657
0.003094
0.013343
0.002472
-0.001839
0.005293
-0.004546
0.004406
-0.000848
-0.002740
0.000001
0.011903
0.007924
0.015313
0.013956
0.030421
0.006320
0.001934
0.004201
-0.012169
-0.016594
0.009181
-0.003227
-0.020121
-0.018263
-0.002488
-0.002669
-0.000767
-0.002651
0.012044
0.014008
0.026642
0.014392
0.000153
0.006479
0.005169
-0.005895
0.005452
-0.008085
-0.004438
-0.003091
0.003264
-0.001758
-0.004764
-0.008103
0.012015
0.013922
0.025154
0.008593
-0.000546
0.007761
0.006205
0.003898
0.015911
-0.006920
-0.012128
-0.007934
0.001325
-0.002935
0.007881
0.014573
0.021597
0.025336
0.025016
0.012463
0.006745
0.010577
-0.001406
-0.004856
0.006561
-0.000803
-0.020195
-0.023252
0.001049
0.008152
0.003969
0.000572
0.003890
0.005940
0.010199
0.006827
0.001476
0.005031
0.001134
-0.002132
0.009823
0.008226
-0.000057
-0.002039
0.004743
0.009941
0.016369
0.015236
0.023462
0.030374
0.029249
0.024202
0.016106
0.028310
0.031749
0.053987
0.057762
0.063557
0.112389
0.118284
0.133770
0.074442
0.099306
0.092122
0.034921
0.031572
0.024356
0.009716
0.013395
0.019250
0.015121
0.017675
0.027329
0.009522
-0.006875
-0.019690
0.001134
0.002012
-0.012132
-0.018336
0.000439
0.012461
0.028292
0.014022
0.011473
0.022760
0.020713
0.012757
0.007731
0.005328
0.024777
0.024422
0.027085
0.014184
0.047564
0.040633
0.027162
0.029553
0.026300
0.009795
0.004307
0.013717
0.008426
0.004375
0.012715
0.002232
-0.011675
-0.019599
0.004951
0.010700
0.000793
-0.000540
0.012025
0.016063
0.019021
0.012958
0.008233
0.027370
0.033824
0.026232
0.017112
0.025133
0.045838
0.042454
0.037177
0.026126
0.067466
0.057040
0.029567
0.031256
0.034005
0.033955
0.025883
0.025541
0.015132
0.021875
0.013116
-0.002580
0.005835
0.009437
0.020562
0.015636
0.063123
0.049395
0.040206
0.039079
0.035788
0.037527
0.028319
0.049554
0.045883
0.060802
0.055339
0.067583
0.108303
0.116194
0.108498
0.050080
0.096510
0.086908
0.029625
0.031556
0.027607
0.016914
0.010419
0.016140
0.003663
0.002434
0.001530
-0.011888
-0.016027
-0.016340
0.005959
0.004859
-0.003783
-0.008434
0.008669
0.011132
0.018856
-0.004276
0.003942
0.015234
0.005206
-0.001057
0.008894
-0.008851
-0.014017
-0.009848
0.002889
-0.003040
-0.013258
-0.007232
0.006945
0.006767
0.005988
-0.006514
-0.005363
-0.001037
-0.010524
-0.013648
-0.002177
-0.008559
-0.015809
-0.021616
-0.004214
0.000436
-0.006435
-0.023703
-0.011378
-0.002011
0.008398
-0.019775
-0.018088
-0.000144
-0.013993
-0.025845
-0.015716
-0.020089
-0.022944
-0.018233
-0.000881
-0.003773
-0.010240
-0.009329
0.000642
0.002932
0.014516
-0.003068
-0.008857
-0.005228
-0.015394
-0.013245
-0.003190
-0.015480
-0.011533
-0.010340
-0.003601
-0.006880
-0.006602
-0.007894
0.007179
0.007925
0.021181
0.002524
-0.010649
-0.003011
-0.003132
-0.013778
-0.000884
-0.010793
-0.020538
-0.017677
-0.001567
0.005931
0.007370
0.006083
0.016410
0.021106
0.017166
0.002041
-0.001271
0.007590
0.001939
-0.010365
-0.009897
-0.000638
0.003356
-0.003367
0.000717
0.005205
0.011992
0.004178
0.007800
0.006828
0.019297
0.008660
-0.002317
0.000471
-0.010050
-0.020019
0.000292
-0.002006
-0.001989
-0.005880
-0.001086
-0.005293
-0.008212
-0.018302
0.009170
0.007571
0.011652
-0.005314
-0.011622
0.009476
-0.006798
-0.023344
-0.005298
-0.010865
0.001333
0.008247
0.031576
0.028131
0.036517
0.015074
0.021886
0.032437
0.044897
0.035955
0.030566
0.054176
0.050738
0.045647
0.041162
0.024937
0.045908
0.060263
0.062637
0.033973
0.058532
0.050932
0.032407
0.028801
0.022186
0.014423
0.010967
0.010967
-0.008896
-0.012785
0.006105
-0.011775
-0.012513
-0.017270
-0.006360
-0.003697
-0.003691
-0.014034
0.005110
0.022748
0.038508
0.013327
0.005547
0.025049
0.039796
0.045134
0.045353
0.044310
0.081785
0.097485
0.127638
0.091370
0.107808
0.095658
0.034294
0.035927
0.035602
0.025695
0.019745
0.018624
0.019019
0.023547
0.019466
0.003815
0.000663
-0.008337
-0.007175
-0.003969
0.008563
0.005254
0.013420
0.007046
0.017439
0.019521
0.016271
0.009945
0.001347
0.002078
0.011380
0.010183
0.011523
0.007936
0.008338
0.005751
0.009605
0.005575
0.023845
0.028979
0.028863
0.020176
0.009170
0.015919
0.013549
0.043383
0.060426
0.089199
0.174449
0.167094
0.188187
0.119986
0.147475
0.126239
0.050775
0.055661
0.041098
0.026591
0.022677
0.034043
0.027096
0.026368
0.013262
0.001629
-0.000277
0.000197
0.013852
0.017189
0.022350
0.022040
0.032661
0.030006
0.016179
0.015996
0.015603
0.013424
0.027790
0.022039
0.014750
0.012188
-0.012928
-0.047227
-0.058687
