-0.010993
0.001467
-0.008867
-0.004435
-0.049361
-0.008902
-0.030518
-0.052922
-0.017631
-0.042352
-0.036284
-0.012817
-0.020729
-0.008509
-0.013389
0.005010
-0.004097
-0.020274
-0.013715
-0.014405
-0.008060
0.016568
0.004660
-0.006359
0.015179
0.015471
0.010036
0.035896
0.031772
0.071150
0.144225
0.202074
0.176883
0.156638
0.141992
0.113111
0.109564
0.097121
0.074612
0.075480
0.081511
0.087144
0.093694
0.087986
0.085101
0.108817
0.136447
0.159357
0.146449
0.141491
0.131091
0.095160
0.074309
0.049018
0.043290
0.038174
0.031032
0.023785
0.029478
0.017555
0.013842
0.005928
0.002849
0.007163
0.015705
0.020611
0.023748
0.018234
0.017113
0.018242
0.008670
0.011495
0.022616
0.012346
0.001465
0.014134
0.009478
-0.015728
-0.004681
0.022133
0.029936
0.028065
0.035999
0.038132
0.048611
0.048005
0.035531
0.032360
0.044704
0.038506
0.033887
0.028590
0.029173
0.015630
0.016756
0.027017
0.041279
0.048118
0.060156
0.064222
0.079773
0.089689
0.079698
0.072209
0.087397
0.083745
0.086274
0.080671
0.089761
0.125548
0.167897
0.190078
0.186187
0.165786
0.141705
0.127307
0.120040
0.084124
0.051219
0.031773
0.041488
0.044620
0.051206
0.033585
0.030707
0.011274
0.009772
0.025913
0.046047
0.054953
0.056892
0.052157
0.041070
0.017893
0.024306
0.023644
0.030897
0.024799
0.014341
0.015594
0.032570
0.027046
0.026287
0.037837
0.048582
0.040317
0.035653
0.045322
0.047205
0.026425
0.017162
0.022999
0.033968
0.024771
0.018237
0.022445
0.029454
0.014456
0.018908
0.037685
0.049555
0.048717
0.058453
0.071891
0.060982
0.043505
0.040107
0.035552
0.038983
0.035524
0.035154
0.027574
0.029189
0.008955
0.004151
0.014717
0.027467
0.036159
0.043832
0.040078
0.036527
0.025347
0.022473
0.024660
0.038591
0.034443
0.024037
0.019966
0.023029
0.003502
-0.004762
0.019871
0.033564
0.028901
0.026190
0.029599
0.026902
0.013860
0.002328
0.001042
-0.005119
-0.015911
-0.017318
-0.001210
0.007172
0.008524
0.003021
0.018842
0.013455
0.010204
0.003955
-0.001288
-0.000080
0.011539
0.005846
-0.004021
-0.004147
-0.013747
-0.021367
-0.004730
-0.008149
-0.015207
-0.021984
0.004226
0.003035
-0.010000
-0.006523
-0.000430
-0.006860
0.001447
-0.008674
-0.004129
0.000889
-0.024423
-0.031369
-0.013006
-0.014250
-0.024827
-0.017587
0.008502
0.010522
-0.006341
-0.017314
-0.003928
0.001211
0.006501
-0.018678
-0.013060
-0.002721
-0.026818
-0.035128
-0.012337
-0.001560
-0.010984
-0.020465
0.000739
0.006925
-0.008204
-0.018304
-0.005788
-0.004312
0.002633
-0.006853
-0.010640
-0.005635
-0.030960
-0.034891
-0.007132
-0.001990
-0.022489
-0.021880
-0.001503
0.011381
0.000496
-0.001055
0.010618
0.012259
0.007974
0.006613
0.017326
0.014253
-0.012272
-0.020253
-0.001276
0.010268
0.008985
-0.005328
0.005936
0.002141
-0.009619
-0.012717
-0.014871
-0.001688
0.020594
0.005478
-0.001408
0.001129
-0.012656
-0.021322
-0.002523
-0.011403
-0.000887
-0.009168
-0.001554
-0.016950
-0.024174
-0.012104
0.008429
0.005940
0.008442
0.005202
0.001435
0.015273
0.002667
-0.005991
0.014782
0.012864
-0.017258
-0.016291
0.013641
0.029573
0.027817
0.026092
0.017285
0.007444
-0.000804
0.007433
0.004802
-0.001436
-0.008209
-0.012410
0.003116
0.009031
-0.010264
-0.011259
0.017102
0.029109
0.021349
0.027336
0.029198
0.036955
0.031284
0.027179
0.043340
0.058669
0.040585
0.017308
0.031248
0.037603
0.014072
0.012255
0.027519
0.038527
0.045376
0.050003
0.044716
0.031122
0.019496
0.017807
0.016037
0.004518
-0.002545
-0.002830
0.009760
0.021027
0.007977
0.000637
0.023071
0.038315
0.031285
0.012541
0.002304
0.014444
0.013064
0.002404
-0.004223
-0.000120
-0.021753
-0.052367
-0.016404
-0.022264
0.005508
-0.017098
0.007982
-0.027147
-0.034015
-0.054226
-0.034596
-0.020725
0.002814
-0.017049
-0.037820
-0.005844
-0.033767
-0.052307
-0.013564
-0.029440
-0.052610
-0.041503
0.012533
0.029312
-0.002659
-0.017477
0.002560
0.024523
0.025489
0.008553
0.015180
0.043046
0.035611
0.019437
0.041237
0.054133
0.036133
0.054608
0.084169
0.097256
0.129574
0.154780
0.175416
0.203497
0.237316
0.294940
0.357763
0.474727
0.584061
0.736424
0.862882
0.922895
0.921355
0.903763
0.881913
0.794650
0.679717
0.491904
0.343265
0.299280
0.249085
0.176206
0.156189
0.159435
0.176856
0.186287
0.118920
0.073035
0.043441
0.021953
0.020525
0.027743
0.039884
0.041253
0.043288
0.043414
0.039680
0.036001
0.031283
0.036656
0.036795
0.033331
0.035815
0.032551
0.025276
0.026990
0.020333
0.027060
0.041372
0.039786
0.027500
0.026791
0.029124
0.021088
0.016008
0.016192
0.006232
0.006201
0.010743
0.017794
0.011032
0.007291
0.015159
0.021972
0.029876
0.035971
0.023336
0.019231
0.028627
0.023559
0.023859
0.027662
0.006023
-0.018365
0.009790
0.018161
0.023648
-0.002953
0.008395
-0.000167
-0.020123
-0.026338
-0.021410
-0.007462
0.006339
-0.021466
-0.013492
0.000400
-0.041243
-0.053553
-0.019119
-0.018894
-0.018617
-0.024370
-0.001171
-0.004368
-0.028593
-0.031594
-0.004490
-0.002780
-0.002024
-0.009020
-0.008945
-0.000701
-0.013074
-0.020390
-0.007751
-0.013413
-0.036488
-0.024971
0.015255
0.022201
0.012887
0.021157
0.016664
0.013270
0.014579
0.008979
0.005394
0.005170
-0.008497
-0.010156
-0.007722
0.001606
-0.008724
-0.016064
0.002465
0.016699
0.004000
0.005885
0.004724
0.001228
-0.004698
-0.007433
-0.003433
-0.002080
-0.008107
-0.009240
0.007724
0.002005
-0.013349
-0.007704
0.014450
0.019205
0.020434
0.024662
0.012834
0.009085
0.010902
0.007456
0.006944
0.006019
-0.006890
-0.006159
0.007997
0.009068
-0.005041
-0.011057
0.002443
0.013190
0.013044
0.015644
0.010384
0.005671
-0.000616
-0.001980
0.004068
0.003807
-0.003091
-0.004320
0.000467
-0.000093
-0.011125
-0.009360
0.004860
0.011164
0.010548
0.014206
0.008052
0.004791
0.005736
-0.001320
-0.000443
0.002596
-0.005806
-0.011136
-0.003491
0.003368
-0.009461
-0.010600
0.007603
0.019863
0.016242
0.014193
0.003110
0.001645
0.004269
-0.003935
-0.005961
-0.011164
-0.018675
-0.016744
-0.006026
-0.004508
-0.014159
-0.017970
-0.000469
0.009046
0.000605
0.002205
0.001144
0.003420
0.005914
0.001188
0.004517
0.005950
-0.003856
-0.009554
-0.000210
-0.000113
-0.014956
-0.015721
0.007615
0.020197
0.018595
0.019845
0.007400
0.009708
0.010756
0.001930
-0.000181
0.001288
-0.008451
-0.009197
-0.004818
0.002879
-0.002589
-0.008842
0.004446
0.017436
0.018437
0.016510
0.006356
0.003112
0.005247
0.002127
0.003397
0.007689
-0.004799
-0.018527
0.001773
0.003127
-0.005597
-0.006953
0.005122
0.007706
0.006977
0.002434
0.002015
0.003228
0.009551
-0.005246
-0.012599
-0.009353
-0.027155
-0.033205
-0.009896
-0.006698
0.001836
-0.000184
-0.000602
-0.000045
0.003138
-0.024085
-0.011475
-0.008531
0.012960
-0.015450
-0.019419
-0.007535
-0.024151
-0.033862
-0.013567
-0.034050
-0.012931
-0.032449
0.001328
-0.034663
-0.038257
-0.072348
-0.035574
-0.028261
0.003959
-0.034981
-0.045061
-0.025958
-0.041364
-0.052339
-0.013849
-0.049451
-0.035178
-0.063131
0.005422
-0.025673
-0.032592
-0.072887
-0.046046
-0.027830
-0.002646
-0.035776
-0.024985
0.001865
-0.022574
-0.035269
-0.016177
-0.019677
-0.034585
-0.029956
0.005704
0.008533
-0.002095
-0.008834
0.010394
0.014050
0.010285
0.002195
0.009849
0.005597
-0.007203
-0.009311
0.008334
0.008258
-0.009067
-0.008633
0.007099
0.014887
0.015119
0.012209
0.001728
0.000716
0.007569
-0.001575
-0.005696
-0.005204
-0.019177
-0.025677
-0.000556
0.001641
-0.007502
-0.007131
0.006000
0.007831
-0.000480
0.002076
-0.002044
-0.006152
-0.004342
-0.016301
-0.016628
-0.006316
-0.014511
-0.018293
-0.006787
-0.007385
-0.016987
-0.014815
0.002816
0.012272
0.009116
0.009307
0.006191
-0.000117
-0.006224
-0.004644
-0.002957
0.001220
-0.003942
-0.009961
0.002020
-0.005165
-0.022833
-0.018147
-0.000811
0.003596
0.008725
0.005724
-0.001162
0.002658
0.009984
-0.004985
-0.004024
-0.004198
-0.015237
-0.018634
-0.005643
0.001722
-0.004252
-0.009476
0.011896
0.017775
0.012759
0.024728
0.008988
0.003828
0.016062
0.010562
-0.010013
-0.007451
-0.019633
-0.023559
-0.003659
-0.001921
-0.023199
-0.020139
0.001664
0.015705
0.016772
0.023990
0.017734
0.024349
0.015587
0.003923
0.005285
0.021435
0.017586
0.003684
0.015454
0.016506
0.003267
0.011390
0.026529
0.036699
0.046498
0.054368
0.061389
0.046983
0.026346
0.039132
0.048424
0.045654
0.034867
0.029909
0.027513
0.027325
0.013176
0.009409
0.017823
0.022696
0.032111
0.032813
0.021327
0.010777
0.002684
-0.000885
0.004103
0.007744
-0.007560
-0.008626
0.015753
0.019167
0.004513
0.003327
0.021861
0.026619
0.014190
0.010910
0.010268
0.007554
0.006517
-0.005418
-0.007303
-0.011217
-0.029218
-0.025136
-0.004177
-0.011780
-0.009865
-0.006175
0.000217
-0.002919
-0.011417
-0.002051
0.003198
0.001267
0.005383
-0.004824
-0.005366
-0.004307
-0.010721
-0.010464
-0.003257
-0.006086
-0.018223
-0.023387
0.000733
0.010644
0.004742
0.005310
0.000367
0.004408
0.008469
-0.005094
-0.003646
0.001596
-0.004612
-0.009236
0.001303
-0.008197
-0.018714
-0.011715
0.009163
0.009215
0.008081
0.012268
0.004353
0.001511
0.001569
-0.005744
-0.000525
0.001939
-0.011796
-0.013843
0.002700
0.004499
-0.013227
-0.016618
-0.000337
0.011331
0.009095
0.009138
0.001668
-0.000794
0.001398
-0.004187
0.003063
0.001750
-0.007801
-0.012989
-0.004118
-0.010049
-0.016186
-0.015058
0.002013
0.007125
0.004294
-0.004777
-0.000208
0.006121
0.007733
-0.010356
-0.007052
0.000187
-0.008825
-0.014817
-0.008092
-0.005455
-0.013314
-0.015210
0.013516
0.018526
-0.000184
-0.001824
-0.004725
-0.000988
0.009615
0.001778
-0.004843
-0.009793
-0.026090
-0.023812
-0.010595
-0.004011
-0.014947
-0.022285
-0.000857
0.012561
-0.002448
-0.008632
-0.013458
-0.007964
-0.006012
-0.016984
-0.005641
-0.002666
-0.019080
-0.034462
-0.011907
-0.003384
-0.009972
-0.012458
-0.005668
-0.000390
0.004982
0.004158
0.004020
0.004386
0.003672
-0.008832
-0.004890
-0.006716
-0.006768
-0.006393
-0.005816
-0.003658
-0.009322
-0.011367
0.011767
0.021736
0.014269
0.015315
0.004227
0.011539
0.010294
-0.006958
-0.003317
0.004629
-0.004927
-0.011383
0.000380
-0.000368
-0.020278
-0.015739
0.005668
0.016090
0.022749
0.025197
0.011826
0.007350
0.005932
0.010477
0.003853
0.003336
0.002404
-0.005791
0.001403
0.006695
-0.003573
-0.006511
0.007239
0.021376
0.021841
0.021808
0.020270
0.023540
0.013620
0.005315
0.009223
0.013178
0.002458
-0.003877
0.003890
0.007312
-0.002337
-0.002185
0.010678
0.017314
0.011101
0.011226
0.002088
0.006255
0.004322
-0.007581
-0.003294
-0.000066
-0.007802
-0.013753
-0.000129
0.002439
-0.004871
-0.009825
0.003573
0.009028
0.010455
0.008544
0.001143
-0.000104
-0.002580
-0.011821
-0.005329
-0.001623
-0.009519
-0.017259
-0.009859
-0.009730
-0.014642
-0.013430
-0.004482
0.000687
0.006369
0.008743
0.010156
0.007617
0.003030
-0.004303
0.002694
0.002164
-0.002964
-0.008087
0.000353
0.000185
-0.010877
-0.010393
0.005142
0.013496
0.018102
0.013001
0.009891
0.010278
0.008284
-0.002818
0.000554
0.000721
-0.004007
-0.010955
0.001371
-0.000082
-0.008470
-0.011355
-0.002054
0.002512
0.008094
0.007490
0.013869
0.012419
0.011510
0.000152
0.003337
0.003232
0.000902
-0.005086
-0.002923
-0.005054
-0.008422
-0.009181
0.001198
0.008225
0.005382
0.008486
0.004286
0.003776
0.003692
0.002563
0.000909
-0.000610
-0.008914
-0.015893
-0.000985
0.006522
-0.005217
-0.008104
0.007329
0.014165
0.014668
0.018112
0.006797
0.006968
0.015577
0.010947
-0.003004
-0.002033
-0.011510
-0.017491
-0.002417
0.002965
-0.008407
-0.008754
0.011362
0.025990
0.021958
0.021900
0.008483
0.006266
0.009148
0.002370
-0.000259
0.000173
-0.011822
-0.013400
-0.001086
-0.006303
-0.014573
-0.013391
0.002365
0.005637
-0.000878
-0.000896
-0.003983
-0.004024
-0.003121
-0.008014
0.001487
0.001482
-0.006773
-0.013092
-0.002525
0.000025
-0.010836
-0.016403
0.003578
0.013602
0.005764
0.003204
-0.001258
0.005250
0.000525
-0.013767
-0.000843
0.008121
-0.000843
-0.009025
-0.001527
-0.001987
-0.012370
-0.011757
0.000342
0.010544
0.017529
0.017735
0.013910
0.022827
0.022202
0.014586
0.010891
0.016563
0.010752
0.004603
0.002181
0.008569
0.002444
-0.001215
0.008303
0.015967
0.023944
0.026143
0.015634
0.011663
0.005611
-0.005698
0.001092
0.001780
-0.008770
-0.010292
0.004964
0.005524
-0.000967
0.002665
0.010678
0.009857
0.016239
0.006524
-0.002917
-0.006036
0.009025
0.003505
-0.008912
-0.011334
-0.022208
-0.033060
-0.014492
-0.023868
-0.000687
-0.015632
0.006561
-0.023071
-0.029090
-0.052378
-0.041723
-0.039387
-0.003812
-0.030124
-0.043031
-0.006703
-0.028785
-0.051349
-0.008967
-0.042302
-0.036847
-0.041280
0.020631
-0.006304
-0.021575
-0.063152
-0.044196
-0.038919
0.009739
-0.017664
-0.021431
-0.006179
-0.032307
-0.071430
-0.009889
-0.047866
-0.006465
-0.038633
0.020711
-0.032998
-0.057692
-0.093015
-0.045295
-0.042881
-0.008981
-0.040948
-0.042573
-0.010093
-0.049796
-0.072673
-0.027863
-0.055068
-0.052645
-0.059436
0.002948
-0.016250
-0.031494
-0.043811
-0.025794
-0.025359
-0.008485
-0.025291
-0.020396
-0.007194
-0.029694
-0.038613
-0.005424
-0.009415
-0.035173
-0.033007
0.001333
0.003402
-0.004800
-0.004527
-0.008698
-0.011070
-0.001211
-0.006066
-0.008904
-0.002207
-0.015748
-0.028993
-0.004093
-0.000985
-0.026398
-0.026514
0.004421
0.016181
0.004416
0.005721
-0.000148
0.001767
-0.007365
-0.012043
0.001371
0.000974
-0.011026
-0.012847
0.001065
-0.000884
-0.012667
-0.011599
0.004676
0.013353
0.011899
0.017257
0.004240
0.004306
0.008463
0.001497
-0.000740
0.005244
-0.005744
-0.014078
0.006301
0.010520
0.000400
-0.009902
0.003570
0.013734
0.016739
0.010748
0.004754
0.002357
0.008422
-0.002951
-0.011988
-0.012135
-0.022978
-0.024432
-0.003776
0.006602
-0.004163
-0.008285
0.010079
0.017706
0.011272
0.003866
-0.005798
-0.000635
0.005584
-0.007385
-0.003475
-0.000080
-0.014818
-0.018983
-0.005397
-0.006903
-0.015073
-0.016470
0.000455
0.003776
0.000429
0.000648
0.001016
0.001503
-0.002180
-0.006171
0.002483
0.007606
-0.003375
-0.005064
0.010699
0.010500
-0.008539
-0.008724
0.008727
0.020503
0.021246
0.017654
0.004543
0.007141
0.012004
0.004667
0.000354
0.005912
0.000511
-0.006570
0.004088
0.001646
-0.007921
-0.010345
0.004141
0.012535
0.019772
0.015985
0.001337
-0.000227
0.008026
-0.007015
-0.002771
-0.003302
-0.022745
-0.033620
-0.009050
0.002074
-0.010799
-0.019158
0.006217
0.011992
0.004027
0.000398
-0.009995
-0.007247
-0.003110
-0.015497
-0.011646
-0.005262
-0.013814
-0.027665
-0.004602
-0.006198
-0.013197
-0.012956
0.006652
0.006936
0.013782
0.014944
0.016406
0.009365
0.012236
-0.002789
-0.004341
0.003898
-0.005057
-0.012968
0.002781
-0.004569
-0.024162
-0.023991
0.002358
0.012750
0.005390
0.002304
-0.000372
0.003831
0.003182
-0.013923
-0.005576
-0.001323
-0.018266
-0.019544
-0.004416
0.000760
-0.014858
-0.017086
0.001356
0.016671
0.008413
0.011762
0.000843
-0.000491
-0.004092
-0.007325
-0.003645
-0.001537
-0.010487
-0.019238
-0.004237
0.000451
-0.012466
-0.015671
0.004171
0.017015
0.003317
0.002958
0.007486
0.005384
-0.008280
-0.004361
0.001722
0.000951
-0.001478
-0.006810
-0.006035
0.000365
-0.008586
-0.010012
0.003015
0.012042
0.010179
0.013798
0.002793
0.004316
0.008171
0.003913
0.002231
-0.002097
-0.003674
-0.005223
-0.002888
-0.001418
-0.007719
-0.009577
0.004183
0.014998
0.018335
0.019430
0.013104
0.014424
0.005780
-0.003299
0.003948
0.010332
-0.000217
-0.005960
0.003009
0.005745
-0.008075
-0.011282
0.005961
0.019178
0.019714
0.014942
-0.000764
0.005682
-0.000244
-0.007751
0.001456
0.009187
-0.002245
-0.006894
0.004231
0.010703
-0.009230
-0.010960
0.008376
0.025226
0.017165
0.006549
0.002532
0.002357
-0.003177
-0.009417
-0.000844
0.001329
-0.022893
-0.034698
-0.001501
0.010335
0.000833
-0.009754
0.002887
0.005297
-0.001817
-0.004538
-0.021969
-0.021419
-0.002783
-0.013071
-0.015213
-0.007904
-0.024027
-0.031241
-0.006807
-0.012255
-0.023100
-0.024338
0.001848
0.004602
-0.003121
-0.002366
0.001446
-0.001283
0.000254
-0.012110
-0.004246
0.000372
-0.010509
-0.019871
0.000176
-0.001494
-0.013468
-0.014070
0.009665
0.022952
0.031239
0.022481
0.008694
0.008601
0.017297
0.008364
0.001229
0.001692
-0.016385
-0.023402
-0.004359
0.002369
-0.010312
-0.013374
0.005754
0.019318
0.007029
-0.005124
-0.005248
0.002680
0.003963
-0.014153
-0.006845
0.003069
-0.015596
-0.034697
0.002049
0.004376
-0.012466
-0.018431
0.003539
0.005193
-0.002931
-0.013615
-0.011881
0.001613
0.017467
-0.007214
-0.006840
0.004456
-0.012713
-0.022603
0.000073
0.002021
-0.005562
-0.005735
0.009130
0.007583
0.000940
-0.002946
-0.004666
0.000121
0.007590
-0.016356
-0.025344
-0.011811
-0.022025
-0.023810
-0.009643
-0.012402
-0.019097
-0.014349
-0.000572
0.012927
0.006974
-0.001988
0.001169
0.009456
0.002041
-0.010427
-0.002265
0.004211
-0.004422
-0.019147
-0.002590
0.003831
-0.011043
-0.015101
0.001537
0.009616
0.004177
-0.001603
-0.000010
0.005723
0.015060
-0.003637
-0.001444
-0.001717
-0.013377
-0.024704
0.000808
-0.001989
-0.014115
-0.015896
0.001088
0.002504
-0.000246
-0.002725
-0.018365
-0.016645
0.000774
-0.012355
-0.011316
-0.008378
-0.020744
-0.026885
-0.010874
-0.011642
-0.020920
-0.023670
-0.005075
0.002132
-0.004946
-0.003739
-0.001634
0.002301
0.001412
-0.009574
-0.003263
0.001280
-0.010095
-0.017405
-0.003386
0.002678
-0.017383
-0.016756
0.002753
0.022615
0.022385
0.015316
0.011432
0.014370
0.004649
0.002494
0.007840
0.010666
0.001202
-0.003423
0.001164
0.000989
-0.005416
-0.006664
0.006863
0.012140
0.013554
0.009454
0.002482
0.004477
0.004494
-0.005590
-0.001702
-0.000718
-0.017464
-0.018495
0.002802
0.005731
-0.004514
-0.002010
0.011892
0.015570
0.011062
0.008926
-0.006579
-0.005660
0.009050
-0.010973
-0.014509
-0.001289
-0.018375
-0.036258
-0.019184
-0.005165
-0.005093
-0.012492
0.001811
0.010959
0.012085
0.012958
0.009200
0.010257
0.025080
0.010213
-0.002130
-0.003795
-0.008354
-0.016071
-0.008734
-0.012498
-0.006910
-0.007155
0.003617
0.002992
0.006659
0.012065
0.029319
0.030288
0.026364
0.009804
0.006691
0.004565
-0.001257
-0.000903
0.000665
-0.006552
-0.012730
-0.012433
0.008759
0.015757
0.010079
0.010986
0.007438
0.001810
0.001466
-0.000896
0.003360
0.005772
-0.004690
-0.016407
0.002608
0.003501
-0.007851
-0.006488
0.004341
0.010840
0.014023
0.016800
0.015147
0.012345
0.012823
0.009190
0.003785
0.002596
-0.004444
-0.015448
0.002752
0.006425
-0.003083
-0.008023
0.000691
0.009009
0.011188
0.009281
0.004211
0.006042
0.005220
-0.007257
-0.004881
0.002593
-0.002159
-0.015275
0.003186
0.001407
-0.013249
-0.007065
0.011058
0.017227
0.019747
0.021399
0.014959
0.014799
0.010186
0.005213
0.008306
0.011197
0.003050
-0.002769
0.006503
0.003554
-0.010206
-0.009540
0.007931
0.014207
0.013180
0.010852
0.000827
-0.001354
0.002675
-0.007882
-0.004624
0.000114
-0.006138
-0.008318
-0.000179
-0.001087
-0.003592
-0.011109
-0.004993
0.000645
0.006251
0.008305
-0.004211
-0.004961
-0.000054
-0.008714
-0.003091
0.002666
-0.005523
-0.016143
0.002156
0.002995
-0.009673
-0.009325
0.008521
0.009301
0.011082
0.015347
0.012224
0.007613
0.003906
0.001012
0.006535
0.005048
-0.003469
-0.006981
0.000518
0.004127
-0.002397
-0.007537
0.005274
0.011846
0.002578
0.008310
0.003264
0.004169
0.005483
-0.002137
0.002440
0.007095
-0.003316
-0.011918
-0.000108
0.003342
-0.010206
-0.012147
0.009235
0.018761
0.017792
0.025503
0.006527
0.011004
0.012588
0.002932
0.002198
0.006096
-0.005366
-0.005139
0.004532
0.007570
-0.009303
-0.006448
0.011588
0.024974
0.028651
0.029962
0.012363
0.013316
0.010542
0.009061
0.009128
0.011046
-0.001352
-0.004818
0.003892
0.008422
-0.006660
-0.010084
0.008154
0.017647
0.011115
0.007858
0.000492
0.007093
0.014354
0.004136
0.001186
0.000104
-0.013484
-0.019088
-0.002564
-0.000681
-0.007538
-0.010988
-0.000561
0.001843
0.002879
0.011484
-0.001345
-0.004280
-0.004652
-0.010045
-0.005422
0.002564
0.011389
0.009056
0.007437
0.004053
-0.026145
-0.055640
-0.056661
