-0.012049
0.007421
-0.007651
-0.018692
-0.056459
-0.000151
-0.042072
-0.084085
-0.040756
-0.055903
-0.055867
-0.023507
-0.036213
-0.001170
-0.031212
-0.017240
-0.029902
-0.032704
-0.027111
-0.010363
-0.004750
0.015383
-0.012676
-0.014122
0.020381
0.018827
0.041581
0.101211
0.120479
0.217292
0.331802
0.407226
0.341308
0.277145
0.229699
0.174278
0.159342
0.150259
0.121125
0.104646
0.110684
0.115769
0.115572
0.074351
0.070224
0.087158
0.093455
0.108234
0.110259
0.111885
0.113946
0.120992
0.123243
0.114526
0.097412
0.080459
0.093769
0.087893
0.098140
0.100662
0.124636
0.151517
0.182137
0.182062
0.162399
0.149862
0.130058
0.093811
0.079257
0.054810
0.055426
0.066348
0.068088
0.068033
0.076749
0.053465
0.045945
0.037941
0.021641
0.017028
0.024180
0.032103
0.042283
0.038419
0.027263
0.013356
0.016788
0.019582
0.025906
0.011038
0.009093
0.015708
0.025091
0.000731
0.003462
0.027464
0.041477
0.043284
0.062868
0.063937
0.076525
0.095248
0.093538
0.073812
0.083189
0.107021
0.138422
0.172418
0.227685
0.279774
0.348425
0.396177
0.378582
0.330093
0.322278
0.338029
0.350523
0.325937
0.295001
0.263637
0.231393
0.192822
0.200251
0.184246
0.169387
0.157432
0.145339
0.142782
0.146067
0.147342
0.150730
0.170635
0.178984
0.143219
0.118971
0.082420
0.084548
0.080221
0.083893
0.075432
0.083999
0.104260
0.133410
0.140790
0.129721
0.116922
0.113797
0.089078
0.075380
0.050597
0.049315
0.056207
0.056667
0.039977
0.042286
0.044512
0.052713
0.038210
0.026601
0.030229
0.042733
0.050027
0.051559
0.056084
0.049734
0.025382
0.014810
0.018137
0.025714
0.021930
0.030288
0.023600
0.028636
0.011392
0.001504
0.012802
0.028547
0.028719
0.036701
0.036358
0.051581
0.053180
0.044273
0.048323
0.069760
0.115576
0.206502
0.321424
0.419648
0.474787
0.511822
0.530329
0.453451
0.357136
0.268948
0.206134
0.178109
0.153152
0.119916
0.121253
0.101351
0.088666
0.087862
0.057646
0.052137
0.033960
0.022419
0.023218
0.030967
0.033267
0.037376
0.030065
0.017462
0.012530
0.006607
-0.003645
-0.004825
-0.019037
-0.018350
-0.002639
0.005670
0.001603
-0.008485
0.009688
0.017443
-0.000366
-0.002343
-0.011015
-0.009194
0.000132
-0.004884
-0.003808
0.000765
-0.010783
-0.023029
-0.003447
0.001829
-0.022685
-0.023236
0.009387
0.026703
0.016796
0.011109
-0.001438
0.000755
0.004319
-0.002249
-0.001758
-0.003738
-0.026402
-0.030473
-0.010839
-0.002870
-0.014794
-0.017452
0.001419
0.010815
0.003412
0.000428
-0.004930
-0.004463
-0.004957
-0.021033
-0.019819
-0.006793
-0.026375
-0.037649
-0.007873
-0.005599
-0.016174
-0.013613
0.003530
0.011704
0.010054
0.006876
-0.008925
-0.004316
0.015153
-0.001431
-0.017975
-0.004233
-0.021544
-0.016857
-0.002998
-0.006472
-0.027499
-0.020354
0.014966
0.026544
0.010286
0.022368
0.030717
0.057561
0.069078
0.060695
0.065700
0.079843
0.071895
0.059112
0.040948
0.039354
0.034580
0.033897
0.033713
0.036864
0.048704
0.055404
0.050170
0.041090
0.033941
0.021981
0.010403
0.018240
0.020449
0.015184
0.013151
0.022537
0.013525
0.009741
0.025005
0.036343
0.028656
0.032625
0.034804
0.024768
0.012209
0.010575
0.002641
0.002066
-0.001494
-0.009839
0.002454
0.006028
-0.010509
-0.010712
0.014005
0.032057
0.040326
0.049588
0.041466
0.050046
0.073335
0.077497
0.086907
0.098563
0.097316
0.060189
0.047288
0.051671
0.034817
0.024411
0.028358
0.034225
0.041124
0.058003
0.060393
0.062092
0.038145
0.027235
0.031266
0.040946
0.028464
0.023062
0.018091
0.028084
0.037089
0.035347
0.030681
0.038691
0.060277
0.066186
0.052719
0.041856
0.026517
0.012351
0.008584
0.017506
0.011446
0.002712
0.003858
0.011385
0.002262
-0.003101
0.006980
0.015619
0.020425
0.029034
0.023444
0.021309
0.024192
0.014047
0.002081
0.001313
0.000738
-0.001336
0.008253
0.009098
-0.001014
0.000643
0.016575
0.032745
0.036624
0.036208
0.021310
0.026332
0.018248
0.014341
0.007273
0.013900
-0.002146
-0.012583
0.004872
0.028590
0.009749
0.002181
0.007261
0.033937
0.061222
0.091198
0.091878
0.155944
0.250977
0.353149
0.433905
0.562621
0.689437
0.862269
0.953736
0.980567
0.981259
0.978637
0.974489
0.935777
0.871470
0.686082
0.536780
0.464069
0.393528
0.303939
0.291159
0.290250
0.273319
0.262180
0.165020
0.109331
0.070164
0.035559
0.030866
0.049711
0.066662
0.071972
0.070254
0.071555
0.061143
0.044275
0.031818
0.041463
0.037245
0.026052
0.017859
0.033005
0.041550
0.038092
0.040854
0.051887
0.053810
0.053677
0.047865
0.047988
0.035474
0.025074
0.020478
0.024525
0.012118
0.008141
0.021659
0.033531
0.029314
0.046595
0.061959
0.066409
0.077498
0.087261
0.108116
0.103496
0.079624
0.069867
0.059427
0.071882
0.076709
0.064366
0.048680
0.049475
0.034290
0.029315
0.031191
0.041201
0.056553
0.070339
0.073108
0.067847
0.056247
0.052582
0.049955
0.053092
0.035923
0.031260
0.024462
0.028023
0.020691
0.027281
0.047313
0.056775
0.053568
0.052199
0.045579
0.036580
0.020128
0.009718
0.006933
0.009687
0.001228
0.004583
0.014458
0.016302
0.001647
-0.007487
0.004300
0.010329
0.010765
0.009313
0.012392
0.013177
0.009525
0.001906
-0.001604
-0.004083
-0.013326
-0.012251
0.003130
0.013225
0.003018
-0.004913
0.008001
0.019658
0.021875
0.013027
0.006621
0.003110
0.010118
0.004940
0.000706
0.001514
-0.024334
-0.031403
-0.012023
-0.010900
-0.020913
-0.018984
0.000736
0.010644
-0.005358
-0.002990
0.002079
0.004125
0.005878
-0.003133
-0.006775
-0.008085
-0.013779
-0.017132
0.003808
0.002196
-0.012591
-0.015211
0.000967
0.015836
0.017589
0.012147
0.003760
0.007009
0.000367
-0.007182
-0.001803
0.000557
-0.016525
-0.014270
-0.003469
0.007300
-0.000453
-0.007678
0.001099
0.010596
0.003410
0.000052
-0.007527
-0.008849
-0.012755
-0.013957
0.000441
-0.004383
-0.019637
-0.027400
0.000260
0.002691
0.004396
-0.011927
0.006293
0.009645
0.003974
-0.011556
-0.016700
-0.012066
-0.005399
-0.030698
-0.026778
-0.008046
-0.030108
-0.033379
-0.011413
-0.022771
-0.035052
-0.028153
0.003037
0.007415
-0.004190
-0.014582
-0.020955
-0.010951
0.006021
-0.007877
-0.009931
-0.004992
-0.016871
-0.020134
-0.008974
-0.007954
-0.020995
-0.017651
0.003939
0.014937
0.001973
0.002532
-0.000279
0.005507
0.005396
0.001441
0.001890
0.002667
-0.003854
-0.003078
0.000622
-0.001739
-0.011314
-0.011442
-0.000841
0.007038
0.002804
0.000318
-0.002981
-0.001580
-0.001713
-0.011697
-0.006825
-0.002833
-0.012269
-0.018708
-0.002882
-0.000252
-0.005287
-0.007038
0.003360
0.004276
0.001303
-0.008183
-0.021065
-0.015278
-0.006806
-0.021111
-0.017120
-0.012922
-0.029667
-0.023963
-0.005358
-0.008622
-0.020836
-0.024016
-0.003181
0.007043
0.004095
-0.003872
-0.001215
0.001556
-0.001135
-0.006608
-0.009348
-0.005202
-0.022547
-0.027302
-0.006955
-0.005923
-0.020093
-0.017506
0.006431
0.011871
-0.002730
-0.008341
-0.023724
-0.016276
0.003217
0.005955
-0.000787
-0.002383
-0.015526
-0.025690
-0.002733
-0.017935
-0.002767
-0.010234
0.005575
-0.026026
-0.029361
-0.026190
-0.018469
-0.026488
-0.014023
-0.020286
-0.014896
-0.011935
-0.027785
-0.023212
-0.001385
-0.008957
-0.038759
-0.033081
0.014991
0.019348
0.011928
0.004369
0.000503
0.010491
0.006147
0.000983
0.010456
0.006790
-0.016278
-0.018994
0.010070
0.010753
-0.008674
-0.006096
0.020111
0.029187
0.011452
0.004556
-0.007270
-0.001267
0.001142
-0.007468
-0.006842
-0.003688
-0.025231
-0.027821
-0.007792
-0.004932
-0.016182
-0.015588
0.006402
0.012714
0.003051
0.002340
-0.010399
-0.007832
-0.006427
-0.017832
-0.006315
0.000104
-0.011196
-0.017487
-0.008224
-0.003278
-0.008683
-0.013519
-0.000491
0.012255
0.014933
0.019368
0.013989
0.010189
0.009411
0.009338
0.011157
0.011359
-0.009134
-0.011058
0.002600
0.010184
-0.000807
-0.001996
0.016228
0.027477
0.018867
0.009800
0.004742
0.008053
0.014587
0.001756
-0.010548
-0.012182
-0.023455
-0.030819
-0.008611
-0.007303
-0.004984
-0.004175
0.013610
0.014655
-0.002745
-0.002083
-0.010775
-0.007308
-0.003508
-0.016150
-0.014005
-0.001393
-0.017482
-0.026823
-0.010825
-0.008376
-0.023055
-0.022044
0.001404
0.011236
0.006341
0.022518
0.024085
0.031501
0.027720
0.023040
0.018932
0.032561
0.030603
0.038610
0.046229
0.058802
0.100350
0.150991
0.178366
0.170319
0.157158
0.159237
0.169122
0.194316
0.186866
0.176444
0.167201
0.155959
0.128785
0.110740
0.086592
0.081549
0.067176
0.069380
0.054901
0.044128
0.052991
0.044327
0.050449
0.037145
0.013082
0.011198
0.013567
0.013609
0.002155
0.003063
0.007288
0.019017
0.028203
0.011847
0.009935
0.011687
0.007366
0.003219
0.008844
-0.004248
0.007731
-0.001687
-0.004036
-0.011786
-0.024117
-0.023169
-0.000923
-0.006298
-0.008467
-0.019084
0.005866
0.005181
0.001493
-0.010219
-0.016747
-0.015066
0.008326
-0.010623
-0.016802
-0.008719
-0.027357
-0.034304
-0.000993
-0.005499
-0.031043
-0.026412
0.010212
0.017764
0.007569
0.006901
-0.002848
-0.004601
-0.001776
0.000884
-0.008120
-0.004414
-0.021242
-0.026683
-0.011668
-0.012533
-0.028927
-0.026192
0.003452
0.014912
-0.003241
-0.001961
0.003395
0.009470
0.003808
0.007712
0.008639
0.008232
-0.001612
-0.003382
-0.001618
0.002784
-0.006847
-0.006134
0.006057
0.014015
0.015267
0.018941
0.010387
0.006281
0.005699
0.002376
0.002840
0.006336
-0.006330
-0.009287
0.003087
0.005168
-0.006538
-0.003394
0.004883
0.017118
0.019036
0.017441
0.007189
0.007820
0.006626
0.006541
0.006609
0.006717
-0.014912
-0.021459
0.001186
0.009910
-0.008164
-0.011778
0.010372
0.019194
0.005511
-0.003998
-0.002170
0.000611
0.008213
0.001829
-0.005558
-0.005668
-0.028615
-0.030455
-0.005615
-0.001673
-0.025589
-0.026530
0.004614
0.017646
0.003217
0.001284
-0.003602
0.002447
0.012409
0.008263
-0.005350
-0.005370
-0.016715
-0.018329
-0.007531
-0.006792
-0.018792
-0.014910
0.009029
0.015538
-0.001689
0.003586
-0.000310
0.003856
0.006599
0.002337
0.001420
0.001444
-0.006870
-0.010327
0.002272
0.000584
-0.011478
-0.011265
0.008733
0.017542
0.013419
0.018060
0.009987
0.006625
0.002695
-0.002609
-0.003409
-0.004120
-0.013315
-0.013345
-0.001299
0.001666
-0.008519
-0.008073
0.008117
0.023663
0.026767
0.015322
-0.002080
0.006221
0.009475
-0.003946
-0.004374
-0.001795
-0.020212
-0.025153
-0.003905
0.001235
-0.013431
-0.017949
0.004850
0.012642
0.002712
-0.005532
-0.001912
-0.003599
0.004721
-0.000308
-0.000493
-0.004086
-0.013759
-0.015011
0.004681
0.001184
-0.012486
-0.014291
0.014211
0.019185
0.007834
0.006115
0.004469
-0.001491
0.011301
0.009740
-0.000345
-0.007212
-0.029492
-0.026436
-0.002716
-0.000152
-0.012481
-0.015039
0.005592
0.015678
0.004794
0.000072
-0.002162
-0.005756
-0.005258
-0.011293
-0.003733
0.001348
-0.022226
-0.032942
-0.016494
-0.006164
-0.016266
-0.017533
0.003070
0.014932
0.006884
0.004993
-0.005447
-0.009433
-0.011062
-0.008022
-0.001180
-0.003363
-0.011322
-0.016471
-0.007574
-0.006508
-0.012107
-0.016770
0.004635
0.015382
0.009771
0.007699
0.004577
0.004235
0.001212
-0.003502
0.002390
0.003251
-0.011797
-0.018608
0.002628
0.006364
-0.008558
-0.011066
0.008156
0.020293
0.012445
0.013116
0.006454
0.009344
0.010023
0.006403
-0.001617
0.000135
-0.007451
-0.013499
-0.004253
-0.002206
-0.012589
-0.015219
0.006577
0.019180
0.013024
0.012336
0.005199
0.007748
0.017285
0.011228
0.006474
0.005261
-0.004360
-0.009446
0.005828
0.008340
-0.005582
-0.009631
0.011496
0.017988
0.009322
0.003888
-0.004628
-0.003794
0.004628
-0.008471
-0.007024
-0.001295
-0.019589
-0.025132
-0.000992
0.000847
-0.015565
-0.016695
0.009114
0.024879
0.011382
0.005311
0.000821
0.001863
-0.000463
-0.003568
-0.004623
-0.003832
-0.016607
-0.015507
0.004766
-0.000957
-0.014344
-0.003788
0.021765
0.028173
0.019857
0.011847
0.001226
0.006455
0.015714
0.008696
-0.003474
-0.000220
-0.017006
-0.021012
0.000990
-0.000580
-0.007658
-0.002761
0.006338
0.013681
0.022762
0.019445
-0.001162
-0.005182
0.005805
0.002399
-0.010910
-0.017350
-0.032253
-0.035046
-0.009400
-0.009586
-0.013792
-0.017560
0.003648
0.007126
-0.007898
-0.016794
-0.024341
-0.016635
0.007470
-0.007847
-0.012405
-0.005608
-0.025821
-0.033827
-0.011074
-0.011447
-0.023560
-0.020852
0.001395
0.007938
0.003313
-0.010687
-0.017667
-0.010717
0.005953
-0.001895
-0.018780
-0.018029
-0.033410
-0.033582
-0.006607
-0.009675
-0.017753
-0.016348
0.017596
0.026287
-0.003687
-0.014526
-0.014606
-0.006109
0.000719
-0.006888
-0.010226
-0.005035
-0.023718
-0.033897
-0.009960
-0.013055
-0.019937
-0.021341
-0.001447
0.007484
0.001635
0.000736
0.004737
0.009374
0.015762
0.004434
-0.000121
0.011667
0.010422
-0.006051
0.008803
0.001582
-0.004533
0.012567
0.030500
0.026409
0.037175
0.040360
0.028643
0.022651
0.024592
0.019420
0.018277
0.023178
-0.001327
-0.004514
0.015253
0.023058
0.006492
-0.001712
0.017349
0.025499
0.007199
0.008417
0.030927
0.020547
0.005012
0.014038
0.020197
0.017186
0.010106
0.000590
0.014381
0.006334
-0.006159
0.000236
0.014261
0.015032
0.029451
0.029154
0.021387
0.005466
-0.002305
-0.004983
0.000486
-0.004343
-0.014315
-0.014543
0.004706
0.004106
-0.004590
-0.011362
0.009015
0.011498
-0.001819
-0.008910
-0.003198
-0.002688
0.012774
-0.007262
-0.012868
-0.010939
-0.031453
-0.037517
-0.012889
-0.007828
-0.014495
-0.026056
0.004751
0.011893
-0.005873
-0.007054
-0.010826
-0.009506
0.005492
-0.005555
-0.008246
-0.006132
-0.021598
-0.023761
-0.016066
-0.015225
-0.028180
-0.030718
0.000948
0.014020
0.009402
0.006321
-0.007440
0.000831
0.015452
-0.001504
-0.006333
-0.005411
-0.026994
-0.031559
-0.003391
-0.007090
-0.014365
-0.012799
0.017983
0.016444
-0.001908
-0.018747
-0.023140
-0.011928
0.015765
-0.011928
-0.030502
-0.010400
-0.034132
-0.046277
-0.013326
-0.031812
-0.020924
-0.020844
0.013233
-0.000798
-0.021934
-0.036464
-0.018005
-0.015257
0.005029
-0.017132
-0.030596
-0.009334
-0.038785
-0.041716
-0.015892
-0.019137
-0.032598
-0.035298
0.005439
0.010450
-0.006900
-0.021068
-0.014825
-0.008769
0.004155
-0.004940
-0.010888
-0.007720
-0.032838
-0.033870
-0.007098
-0.002243
-0.019939
-0.024487
0.004256
0.012525
0.001658
-0.012758
-0.011418
-0.004261
-0.001173
-0.009551
-0.003538
-0.002807
-0.023791
-0.025939
-0.008718
-0.005485
-0.013656
-0.021513
0.012651
0.016960
-0.005067
-0.010520
-0.017259
-0.013821
-0.007621
-0.018659
-0.011383
-0.003604
-0.027936
-0.037837
-0.017217
-0.013641
-0.028991
-0.027027
0.000667
0.013419
0.004605
-0.003614
-0.006155
0.003095
0.001259
-0.009290
-0.001444
0.001715
-0.014861
-0.018165
-0.001280
0.001830
-0.012954
-0.016194
0.008357
0.026596
0.020516
0.015305
-0.005793
-0.008119
-0.003396
-0.005524
-0.006037
-0.006535
-0.026980
-0.026527
-0.007758
-0.004537
-0.012488
-0.011496
0.013447
0.020861
0.003275
0.002740
-0.006613
-0.006812
-0.004843
-0.011708
-0.006467
-0.004462
-0.022021
-0.031659
-0.012489
-0.009319
-0.018403
-0.020083
-0.001072
0.002529
-0.005036
-0.007235
-0.009348
-0.001830
-0.000085
-0.010911
-0.006886
-0.002864
-0.021068
-0.024829
-0.006699
0.000348
-0.010974
-0.016183
0.004425
0.014906
0.003621
-0.001621
0.007022
0.004407
0.003648
0.002858
-0.003977
-0.006430
-0.021722
-0.021557
-0.000383
-0.007065
-0.020695
-0.013661
0.012563
0.014389
-0.001792
-0.006996
-0.005729
-0.006104
0.000453
-0.004620
-0.008515
-0.003879
-0.020912
-0.023670
-0.014776
-0.012116
-0.024328
-0.021558
0.002732
0.020542
0.011950
0.006345
-0.000904
-0.000084
-0.006941
-0.008793
-0.004351
-0.001451
-0.013903
-0.018590
-0.002404
0.001872
-0.010514
-0.011802
0.002999
0.018714
0.012753
0.006731
-0.003915
-0.000559
-0.001110
-0.011521
-0.006986
-0.004896
-0.012922
-0.020593
-0.005045
-0.000794
-0.005463
-0.009473
-0.002400
0.004196
0.008272
0.011350
0.003726
0.004495
0.011480
0.005667
-0.001854
-0.005827
-0.017326
-0.014089
-0.001235
-0.001278
-0.012672
-0.012132
0.003009
0.012435
0.013986
0.010442
-0.003185
-0.002464
0.001450
-0.007739
-0.007400
-0.004571
-0.015925
-0.017490
-0.002980
-0.000803
-0.013089
-0.012055
0.006162
0.018355
0.008574
0.013036
-0.000091
0.002708
0.006199
0.005999
-0.000640
-0.007357
-0.022470
-0.017720
-0.004636
0.001951
-0.012159
-0.014032
0.009524
0.023479
0.010147
0.004261
-0.005327
-0.000877
0.001563
-0.011368
-0.006847
-0.010206
-0.025512
-0.029239
-0.008717
-0.006826
-0.011747
-0.015162
0.004138
0.009735
-0.001407
-0.004031
-0.007769
-0.001669
0.003002
-0.009358
-0.005692
-0.003758
-0.023946
-0.023024
-0.004899
-0.002509
-0.022822
-0.019017
0.006586
0.019950
0.008949
0.004722
-0.003601
-0.000159
0.001532
-0.004966
-0.002828
0.001517
-0.011787
-0.015864
0.003161
0.002799
-0.009805
-0.010369
0.005153
0.013128
0.009359
0.002165
-0.008293
-0.006642
-0.001098
-0.004145
-0.004532
-0.004019
-0.019808
-0.030637
-0.002232
0.000613
-0.013138
-0.015630
0.011499
0.022304
0.011838
0.010643
0.009168
0.010297
0.016011
0.012116
0.005923
0.003470
-0.009744
-0.012453
0.007221
0.004257
-0.013994
-0.011736
0.012275
0.021733
0.010775
0.005679
0.003666
0.005079
0.000157
0.000208
0.001016
0.001969
-0.010168
-0.016857
0.006282
0.006341
-0.001227
-0.009758
0.004528
0.004701
-0.000636
-0.010290
-0.011854
-0.010395
-0.003745
-0.021201
-0.024474
-0.008310
-0.028347
-0.034286
-0.004979
-0.003560
-0.015871
-0.018280
0.002875
0.008791
-0.001103
-0.004869
-0.008071
-0.005268
0.006392
-0.015298
-0.012914
-0.006624
-0.019649
-0.023549
-0.001647
-0.003036
-0.017556
-0.014359
0.001252
0.011379
0.002716
0.002110
-0.007371
0.001347
-0.000139
-0.012417
-0.005950
0.002353
-0.013957
-0.018482
-0.003667
-0.001800
-0.019978
-0.015420
0.009254
0.018285
0.013577
0.011283
0.000715
-0.001986
-0.002128
-0.008044
-0.003765
-0.001546
-0.011800
-0.010202
-0.004782
0.005222
-0.003774
-0.007084
0.006151
0.015896
0.008491
0.009993
0.001478
0.000219
0.003386
-0.002761
0.000475
-0.001069
-0.018282
-0.025162
0.000104
0.004639
-0.013938
-0.017673
0.009531
0.020236
0.012415
-0.002133
-0.007931
-0.002029
-0.003652
-0.018000
-0.016158
-0.008417
-0.032730
-0.040520
-0.013972
-0.013812
-0.020964
-0.022623
0.002726
0.004769
-0.007942
-0.007949
-0.009544
-0.008573
-0.008660
-0.014421
-0.002645
-0.000128
-0.019528
-0.024205
-0.011071
-0.007347
-0.015332
-0.015435
0.005713
0.014332
0.007070
-0.004298
-0.006555
0.000636
-0.000750
-0.019661
-0.010341
-0.006029
-0.015867
-0.016847
0.003885
-0.003571
-0.012241
-0.009866
0.008214
0.008028
0.003019
-0.004667
-0.020795
-0.015577
0.003964
-0.007764
-0.009209
-0.007185
-0.025640
-0.028344
-0.011985
-0.012577
-0.015343
-0.017460
0.002763
0.006116
-0.006986
-0.007096
-0.005850
-0.007889
-0.008836
-0.013461
-0.003152
-0.005762
-0.027375
-0.030361
-0.007415
-0.003651
-0.016020
-0.019220
0.008483
0.016517
0.008261
-0.000967
-0.017118
-0.009177
0.008679
-0.000317
-0.006151
-0.006138
-0.022810
-0.029075
-0.013842
-0.015071
-0.025991
-0.024386
-0.002524
0.007990
-0.001851
-0.008687
-0.014402
-0.011564
-0.005201
-0.005769
-0.000734
-0.000486
-0.024451
-0.036947
-0.013923
0.000224
-0.014462
-0.010179
0.019330
0.032602
0.012768
0.002440
-0.006064
0.001533
0.004458
-0.009308
-0.010804
-0.007556
-0.025553
-0.031890
-0.008065
-0.004842
-0.019733
-0.023637
0.004688
0.011688
-0.003653
-0.007171
-0.010256
-0.008588
-0.003400
-0.019575
-0.013931
-0.009905
-0.024165
-0.029424
-0.002072
-0.002718
-0.018268
-0.019131
0.008708
0.009065
-0.000671
0.004493
-0.002955
-0.009774
0.009508
0.004181
-0.006980
-0.003678
-0.019966
-0.024251
-0.003836
-0.005760
-0.027504
-0.022366
0.005177
0.022277
0.004824
-0.001161
0.000691
0.008186
0.004726
-0.001850
0.001445
0.005719
-0.010862
-0.021570
-0.004617
0.000628
-0.016307
-0.019358
0.004722
0.015601
0.005165
0.006937
0.004427
0.000726
-0.004206
-0.000949
0.003500
-0.000474
-0.017081
-0.017654
-0.003736
0.005317
-0.009027
-0.006344
0.016010
0.028877
0.015805
0.008188
-0.012628
-0.010692
-0.000432
-0.005333
-0.011074
-0.008732
-0.032813
-0.046221
-0.025322
-0.023081
-0.024431
-0.025152
0.004440
0.008834
-0.011921
-0.010914
-0.015446
-0.011270
0.005297
-0.011235
-0.011787
0.001547
0.000232
-0.010201
-0.001232
-0.003258
-0.039145
-0.061999
-0.052961
