-0.012885
-0.011932
-0.020203
0.008453
-0.026134
-0.021397
-0.002707
-0.003960
0.006278
-0.009661
-0.006125
0.006587
0.017352
0.001107
-0.013334
-0.000881
0.014595
0.008530
0.018222
0.019359
0.049449
0.063208
0.049905
0.034768
0.076722
0.126954
0.220039
0.346006
0.462661
0.540994
0.583121
0.612278
0.524254
0.416596
0.293739
0.178138
0.152166
0.116416
0.064847
0.048477
0.054095
0.043599
0.059437
0.040438
0.035105
0.016977
0.005196
0.004066
0.021242
0.033638
0.033379
0.025975
0.031037
0.028890
0.027546
0.024235
0.033141
0.024072
0.018406
0.021536
0.025607
0.007686
0.003815
0.010776
0.022770
0.024401
0.034895
0.039034
0.048452
0.053210
0.053963
0.040043
0.046854
0.040977
0.061209
0.064215
0.080437
0.121312
0.157778
0.172244
0.149114
0.120722
0.105320
0.083879
0.085000
0.076263
0.068543
0.059328
0.061189
0.052777
0.056886
0.043453
0.047612
0.055867
0.076539
0.080711
0.067940
0.056056
0.055692
0.065195
0.072727
0.064772
0.074435
0.073400
0.067892
0.059937
0.091280
0.105497
0.116616
0.137946
0.169352
0.172451
0.148893
0.125488
0.138736
0.132264
0.157518
0.171701
0.186426
0.208191
0.224327
0.237068
0.289014
0.356995
0.426541
0.464374
0.484668
0.480442
0.416610
0.336993
0.288822
0.252229
0.225033
0.185412
0.144143
0.100033
0.082047
0.071545
0.077612
0.058751
0.051829
0.027566
0.010142
0.018803
0.026249
0.034703
0.042568
0.037434
0.032615
0.030323
0.026031
0.023763
0.031365
0.018994
0.013787
0.012753
0.018097
0.001560
-0.000100
0.019049
0.030527
0.026034
0.035229
0.040329
0.036667
0.027116
0.024728
0.024821
0.032490
0.027410
0.021038
0.019945
0.022309
0.016022
0.014554
0.013735
0.025724
0.036743
0.035428
0.028350
0.026719
0.017102
0.013654
0.016355
0.023838
0.019460
0.023516
0.021240
0.023047
0.016594
0.021986
0.038469
0.044577
0.047225
0.040701
0.040817
0.029483
0.014342
-0.008758
-0.004548
-0.009381
-0.019460
-0.015066
0.005423
0.008865
0.008361
0.000775
0.010323
0.015412
0.000129
0.000651
-0.004012
0.000559
0.012368
-0.001033
-0.009234
-0.002282
-0.019532
-0.025926
-0.004344
-0.006081
-0.021852
-0.016179
0.009122
0.017657
0.015078
0.016476
0.011766
0.014354
0.015736
0.010829
0.008236
0.015091
0.007656
-0.005127
0.002542
0.004134
-0.010544
-0.008507
0.006321
0.013588
0.027026
0.026204
0.014770
0.010849
0.009952
0.003614
0.001732
0.004465
-0.005146
-0.005702
0.012721
0.014837
-0.002161
-0.003567
0.008566
0.022273
0.023591
0.014118
-0.006129
-0.004501
0.000038
-0.001290
-0.002651
-0.001069
-0.029146
-0.041383
-0.020557
-0.021995
-0.008092
-0.017728
0.006698
0.001491
-0.022992
-0.024424
-0.008245
-0.016745
-0.007430
-0.003980
-0.012620
-0.008927
-0.021225
-0.024158
0.000859
-0.000515
-0.030052
-0.022245
0.004409
0.028803
0.031077
0.031019
0.043105
0.072741
0.091783
0.089617
0.119589
0.124026
0.126020
0.139716
0.168519
0.185212
0.215771
0.251706
0.243137
0.197484
0.166854
0.132549
0.072283
0.049215
0.033892
0.013306
0.007424
-0.004054
-0.009143
0.005856
0.012568
0.006206
0.012583
-0.007038
0.007259
0.004383
-0.012039
-0.025077
-0.034892
-0.022235
0.002734
-0.012779
-0.020204
-0.011125
-0.026851
-0.043251
-0.013208
-0.023383
-0.031123
-0.044386
0.002226
-0.003181
-0.015409
-0.021149
-0.017753
-0.005235
0.023061
-0.000537
0.001529
0.019755
0.006533
-0.013524
0.011416
-0.005974
-0.037463
-0.015557
0.022889
0.027724
0.031014
0.027906
0.031737
0.021862
0.016305
0.011524
0.010836
0.000275
-0.002676
-0.005400
0.011710
-0.005583
0.000848
-0.000122
0.022310
0.003795
-0.002564
-0.031242
-0.030009
-0.027742
0.002070
-0.027409
-0.033804
-0.019670
-0.052651
-0.055258
-0.018573
-0.050619
-0.036594
-0.049811
0.004956
-0.020843
-0.034901
-0.049538
-0.029303
-0.028022
-0.011479
-0.018946
-0.016654
0.011860
-0.018656
-0.032032
-0.000189
-0.011309
-0.049227
-0.034213
0.012666
0.024135
0.009146
0.015671
0.009032
0.021056
0.026215
0.017242
0.008848
0.022171
0.020702
0.023828
0.026658
0.029154
0.039367
0.075165
0.096687
0.095012
0.122794
0.145009
0.171049
0.198920
0.241823
0.314077
0.394528
0.527864
0.659169
0.828068
0.934622
0.971647
0.974493
0.969726
0.962957
0.911096
0.833078
0.641128
0.503396
0.438891
0.362086
0.301890
0.298656
0.297910
0.296092
0.306797
0.233601
0.164907
0.132974
0.086178
0.084785
0.099208
0.105555
0.098344
0.108593
0.107262
0.081230
0.068067
0.057493
0.054599
0.036446
0.043507
0.035413
0.046078
0.043372
0.041503
0.036692
0.044274
0.039737
0.043319
0.051654
0.052441
0.042088
0.040644
0.044143
0.055400
0.042704
0.035111
0.032243
0.042632
0.031616
0.023938
0.039511
0.053305
0.053106
0.062974
0.075172
0.078642
0.052311
0.037501
0.029200
0.032330
0.014604
0.013499
0.014685
0.024177
0.013665
0.009747
0.017335
0.030111
0.032264
0.029847
0.023168
0.018951
0.013014
0.013319
0.018293
0.013347
-0.005470
-0.006239
0.015652
0.012011
0.010203
-0.002526
0.011387
0.002681
-0.003927
-0.017133
-0.008886
-0.013149
-0.011694
-0.021711
-0.013988
-0.007313
-0.022454
-0.026488
-0.001455
-0.003338
-0.014686
-0.014375
0.008437
0.006676
-0.012174
-0.005725
-0.008572
-0.003807
0.007209
0.000786
-0.007948
-0.005610
-0.015679
-0.022727
-0.008710
-0.005019
-0.022830
-0.023191
0.003515
0.020897
0.008414
0.001746
0.002451
0.011209
-0.004587
-0.010782
-0.001467
0.005350
-0.002078
-0.005741
-0.001547
0.004291
-0.007681
-0.011917
0.001265
0.010077
0.012419
0.014054
0.011908
0.015143
0.004740
0.001348
0.009657
0.013995
0.004556
0.000576
0.006170
0.017046
0.004780
-0.007570
0.004814
0.014262
0.010435
0.018612
0.011508
0.020915
0.017789
0.007261
0.014519
0.019849
0.001725
-0.006776
-0.001017
0.004747
-0.006621
-0.009314
-0.000478
0.003941
0.007636
0.015348
0.007731
0.004234
-0.001987
-0.003160
0.002957
0.009100
0.005391
0.001455
0.001747
0.009873
0.000099
-0.004837
0.007201
0.013930
0.013171
0.017157
0.013297
0.010776
0.001296
-0.001584
0.007521
0.009033
-0.002234
-0.002405
-0.001746
0.003301
-0.006113
-0.011727
0.001353
0.013028
0.012292
0.011472
0.011784
0.006884
-0.002809
-0.002121
0.008106
0.010186
-0.003072
-0.006413
0.001066
0.008448
-0.008513
-0.014257
0.002464
0.013912
0.008021
0.009278
0.004315
0.009581
0.000659
0.001451
0.008393
0.010172
0.002967
-0.001081
-0.002910
0.004631
-0.004087
-0.004996
0.004708
0.014145
0.009933
0.008449
0.013702
0.012404
-0.001185
-0.002861
0.010738
0.013512
0.001513
0.001981
0.005633
0.010773
0.003370
-0.005412
0.000116
0.015901
0.023232
0.018461
0.007916
0.006955
0.004140
0.001922
0.003346
0.001965
-0.008977
-0.012254
0.005317
0.014696
0.007953
0.005847
0.030698
0.034320
0.019198
-0.009451
-0.031975
-0.020888
0.010571
-0.019053
-0.044546
-0.022277
-0.057816
-0.068800
-0.036071
-0.052857
-0.022564
-0.054516
0.003523
-0.021550
-0.054757
-0.092942
-0.051810
-0.054288
-0.025896
-0.019826
-0.017522
-0.004197
-0.036360
-0.056901
-0.013466
-0.030260
-0.037985
-0.037876
-0.005865
-0.015503
-0.026890
-0.027749
0.001061
0.002978
0.003698
-0.014221
-0.005321
0.004825
-0.009829
-0.013373
-0.004276
-0.012986
-0.028474
-0.021439
0.004616
0.012927
0.012339
0.012192
0.008523
0.016716
0.010466
-0.002876
0.003462
0.013193
0.006979
-0.001627
0.002051
0.008526
-0.002644
-0.006345
0.008499
0.013106
0.021032
0.021961
0.014980
0.015501
0.015772
0.009646
0.011070
0.011811
-0.002486
-0.004361
0.005730
0.009070
-0.001009
-0.005509
0.003586
0.012680
0.015811
0.014238
0.005134
0.006292
0.003848
-0.001239
0.004360
0.006221
-0.004432
-0.008727
-0.002827
0.001494
-0.007438
-0.016115
0.003560
0.015892
0.014892
0.007598
0.002319
0.010292
0.008463
-0.005667
0.004351
0.010739
0.000364
-0.003889
0.001583
0.004055
-0.007815
-0.011698
0.000368
0.006769
0.008831
0.005559
-0.000986
0.001435
0.000238
-0.013651
-0.004479
-0.000101
-0.004378
-0.010021
0.000057
0.000696
-0.007510
-0.006985
0.005631
0.012903
0.013813
0.019222
0.002779
0.009722
0.022720
0.015844
0.003828
0.006596
0.002831
0.001659
0.004493
0.007702
-0.004292
-0.001239
0.022653
0.041394
0.045606
0.051260
0.050593
0.056375
0.049729
0.061795
0.054213
0.051291
0.039636
0.035514
0.038023
0.048092
0.061269
0.072677
0.072866
0.061740
0.057900
0.065305
0.065399
0.081490
0.088829
0.090989
0.075868
0.067183
0.049814
0.040885
0.037424
0.044534
0.051816
0.043728
0.028317
0.023116
0.037618
0.044849
0.031676
0.010051
0.010161
0.009746
0.001150
-0.009313
-0.019007
-0.004822
0.009420
0.001401
0.005797
-0.001470
0.022021
0.004996
-0.008235
-0.013350
-0.024115
-0.013995
0.007692
-0.020804
-0.025376
-0.000340
-0.017180
-0.022142
0.007951
-0.007749
-0.029378
-0.019395
0.001445
-0.000195
0.010107
0.012761
0.008554
0.004204
0.009413
0.003344
-0.003287
0.000232
-0.004324
-0.010709
0.000738
0.002223
-0.017805
-0.022491
0.000632
0.016373
0.009863
0.007776
0.010360
0.012600
0.001270
0.004995
0.007634
0.008636
0.003127
-0.004210
-0.004705
0.001572
-0.008508
-0.013632
-0.001231
0.008775
0.011749
0.007539
0.000404
0.006611
0.003962
-0.006610
0.001741
0.006811
-0.000335
-0.007174
0.000013
0.006619
-0.005780
-0.013431
0.007514
0.016591
0.007323
0.000713
-0.004553
0.000872
0.006310
-0.004699
0.002916
0.001521
-0.007871
-0.011071
-0.006429
-0.003747
-0.009257
-0.011310
0.004163
0.011328
0.001962
0.002453
0.000099
0.006739
0.006836
-0.004662
-0.003153
0.006510
-0.003488
-0.009038
-0.001082
-0.003747
-0.016975
-0.011967
0.007666
0.018017
0.021511
0.022011
0.011862
0.011688
0.009236
0.003172
0.005876
0.011134
0.005314
-0.002422
0.001646
0.006942
-0.003010
-0.008029
0.007311
0.016420
0.015717
0.015205
0.017500
0.016826
0.006720
0.001613
0.004336
0.013198
0.000214
0.000598
0.008567
0.012311
-0.004854
-0.010240
0.002831
0.014238
0.012523
0.013246
0.007448
0.009300
0.005962
-0.001190
0.003175
0.003348
-0.006337
-0.009095
0.005162
0.005993
-0.002676
-0.006124
0.003393
0.012423
0.015135
0.013992
0.001028
-0.000749
0.003229
0.003984
-0.000125
-0.001332
-0.012190
-0.014353
0.001854
0.010137
0.000900
-0.005868
0.007146
0.015037
0.011464
0.005231
0.004004
0.001614
0.001101
-0.004651
-0.000427
-0.001566
-0.012491
-0.017104
-0.003816
-0.003843
-0.014932
-0.018414
-0.002143
0.007036
-0.000655
-0.002020
-0.001890
0.004768
-0.005025
-0.016342
-0.002197
0.007491
-0.003458
-0.011868
0.002644
0.005524
-0.011393
-0.012665
0.008096
0.019574
0.013326
0.011973
0.004703
0.005162
-0.005410
-0.005987
0.003398
0.006708
-0.003312
-0.008465
0.000569
0.007059
-0.004087
-0.008282
0.009420
0.018243
0.015136
0.018130
0.010462
0.012388
0.003709
-0.002556
0.001565
0.005829
0.000913
-0.002024
0.004391
0.002964
-0.008722
-0.005583
0.008139
0.020066
0.015243
0.015248
0.008115
0.012097
0.002388
-0.001861
0.003164
0.009241
-0.000844
-0.007173
-0.001462
0.008597
-0.004709
-0.012060
0.003464
0.019370
0.018619
0.014887
0.012153
0.016380
0.003057
-0.000967
0.011193
0.018476
0.002614
-0.006804
0.004462
0.015445
0.002875
-0.005290
0.007393
0.018994
0.013976
0.016870
0.014343
0.013340
0.000876
-0.006031
0.001306
0.006810
-0.006229
-0.006681
0.002500
0.005388
-0.006563
-0.006748
0.002671
0.011349
0.008504
0.008512
0.000671
0.006145
0.004526
-0.007823
-0.002889
-0.000406
-0.011115
-0.011554
0.000103
-0.001017
-0.010896
-0.008608
0.010813
0.012874
0.008118
0.002410
0.000985
-0.004296
-0.004968
-0.008077
-0.003208
-0.007284
-0.018105
-0.017633
-0.002907
-0.006313
-0.020412
-0.020052
-0.000707
0.009857
0.007018
0.011144
0.009144
0.014950
0.011654
0.006311
0.007438
0.008872
-0.002761
-0.006469
-0.001905
0.005626
-0.007255
-0.011922
0.003713
0.017963
0.023495
0.027546
0.016301
0.012325
0.011175
0.012164
0.013820
0.017017
0.004948
0.003007
0.009244
0.014493
0.000940
-0.004888
0.010396
0.022230
0.022072
0.026713
0.016873
0.018927
0.014777
0.012090
0.013037
0.019885
0.008457
0.004156
0.006182
0.013743
0.000445
-0.005090
0.011589
0.023408
0.020157
0.025574
0.023603
0.024188
0.012090
0.012881
0.011498
0.016996
0.006941
0.002477
0.005168
0.013902
0.002339
-0.004141
-0.003113
0.007574
0.023448
0.018242
0.010044
0.004159
-0.001060
-0.004800
0.006716
0.007589
-0.013189
-0.017248
0.009033
0.021861
0.012533
0.005663
0.013828
0.017660
0.009781
-0.006444
-0.008775
-0.015039
-0.001891
-0.017502
-0.026065
-0.009545
-0.039363
-0.054903
-0.014042
-0.033790
-0.028056
-0.034975
0.013417
-0.011671
-0.047352
-0.052643
-0.025782
-0.029713
0.001067
-0.006996
-0.013994
0.004754
-0.018184
-0.033506
-0.002792
-0.013502
-0.048559
-0.035210
0.001542
0.013524
0.014363
0.025227
0.015307
0.028577
0.037191
0.016986
0.021621
0.041310
0.034120
0.020611
0.021703
0.007159
-0.001323
0.015228
0.023383
0.021276
0.034331
0.026066
0.024772
0.020941
0.016266
-0.003857
-0.025300
-0.028337
-0.045309
-0.035080
-0.008817
-0.005335
0.011779
-0.006967
0.002405
0.002045
-0.015678
-0.029426
-0.013942
-0.005287
-0.015276
-0.022855
-0.014328
-0.009955
-0.036303
-0.035942
-0.008427
-0.019552
-0.035682
-0.038768
0.001949
0.002375
-0.011747
-0.020874
-0.008572
-0.008718
0.003381
-0.008667
-0.011229
-0.006822
-0.015997
-0.017284
0.003615
-0.003305
-0.025377
-0.017367
0.011084
0.019661
0.017248
0.011542
0.001673
0.001843
0.003823
0.002916
-0.000733
-0.001047
-0.014550
-0.021046
0.004544
0.007097
-0.011568
-0.008460
0.013109
0.017617
0.009579
0.007880
-0.005425
-0.003416
0.008505
0.009516
0.001720
-0.005272
-0.007414
-0.004744
0.011376
0.008368
-0.009869
-0.012830
0.016735
0.025193
0.014148
0.016884
-0.002765
-0.003548
-0.004289
-0.005537
0.001747
-0.004573
-0.031013
-0.033375
-0.007662
-0.003885
-0.009864
-0.014028
0.001126
0.004838
-0.009714
-0.018575
-0.014858
-0.005798
-0.006644
-0.015851
-0.011420
-0.004463
-0.019956
-0.025691
-0.004410
-0.006452
-0.023147
-0.017609
0.007400
0.021317
0.018545
0.019531
0.010813
0.015115
0.011258
0.006474
0.005234
0.010110
0.005095
0.002513
-0.002464
-0.000106
-0.005725
-0.006837
0.003105
0.017482
0.025634
0.024451
0.016434
0.017815
0.012592
0.008409
0.008737
0.009813
0.004064
0.000750
0.001597
0.010953
0.000807
-0.010994
0.002654
0.014141
0.013627
0.017199
0.015927
0.020317
0.017887
0.013324
0.014112
0.016306
-0.001886
-0.001700
0.004627
0.012069
0.007048
0.000932
0.003842
0.013260
0.022458
0.021877
0.014800
0.013473
0.004079
-0.000764
0.002544
0.006509
0.006880
0.003020
0.003545
0.009742
-0.002511
-0.007674
0.012107
0.026487
0.020003
0.020640
0.022838
0.030811
0.020353
0.014577
0.011411
0.019624
0.007896
0.002958
0.003381
0.013199
0.001416
-0.004689
0.004817
0.014093
0.015762
0.018046
0.015780
0.016131
0.007797
0.008629
0.010946
0.016719
0.006764
0.002745
0.006454
0.019196
0.002791
-0.002407
0.012232
0.024096
0.016931
0.019476
0.018239
0.018954
0.007649
0.003503
0.012064
0.013716
-0.000796
-0.004681
0.007511
0.017655
0.008136
-0.001514
0.011212
0.017780
0.024723
0.025332
0.017754
0.009979
0.004863
0.005055
0.008539
0.006107
-0.006017
-0.003517
0.011577
0.011117
-0.005470
-0.010725
0.005185
0.014311
0.011604
0.012178
0.001504
0.005548
0.005994
-0.000741
0.005265
0.009853
-0.001063
-0.010055
0.005288
0.007802
-0.006319
-0.008239
0.008167
0.016832
0.011461
0.014377
0.005625
0.006411
0.001923
-0.003091
-0.000914
0.002664
-0.000434
-0.002086
0.001491
0.005019
-0.005020
-0.008603
0.003139
0.013820
0.008401
0.010543
0.016325
0.018901
0.007339
0.002035
0.007428
0.011062
0.001502
-0.003975
0.000237
0.009967
0.003072
-0.005439
0.008934
0.021227
0.023122
0.019623
0.015955
0.011682
0.007165
0.001288
0.007252
0.010490
-0.000847
-0.010873
0.001903
0.005516
-0.007344
-0.010082
0.003899
0.009299
0.009246
0.006995
0.004059
0.004449
0.000143
-0.002049
0.002632
0.005632
-0.000129
-0.009611
-0.006525
0.005204
-0.006756
-0.014723
0.004033
0.014465
0.007984
0.007303
0.009066
0.015186
0.003762
-0.002663
0.007110
0.012273
0.000956
-0.006002
-0.003666
0.004925
-0.005264
-0.010620
0.002493
0.013496
0.018467
0.021654
0.015556
0.014489
0.011973
0.014615
0.011991
0.016475
0.002962
0.002291
0.007651
0.017013
0.001341
-0.003538
0.011129
0.021853
0.019434
0.020558
0.012033
0.014387
0.007708
0.007302
0.007834
0.008857
0.000085
-0.000596
0.002069
0.012009
0.003467
-0.005962
0.007006
0.017392
0.011929
0.009053
0.010654
0.011765
0.000027
-0.002391
0.007958
0.011251
0.001858
0.000073
-0.003256
0.007173
-0.000320
-0.010548
0.001384
0.014833
0.010734
0.008179
0.010527
0.010136
-0.000804
-0.001340
0.008869
0.014466
0.004248
-0.002644
0.002239
0.011000
-0.000902
-0.008774
0.003067
0.012086
0.009735
0.010415
0.003949
0.005736
-0.003606
-0.009046
0.000719
0.004261
-0.000079
-0.006194
-0.008217
-0.002371
-0.005363
-0.008235
0.000342
0.007397
0.011049
0.008707
0.011303
0.011795
0.003914
0.004447
0.010849
0.010173
0.004619
0.005234
0.001864
0.007969
0.004358
-0.004426
-0.001374
0.008168
0.013755
0.017391
0.009005
0.010205
0.006880
0.005311
0.006425
0.013218
-0.001074
-0.010027
-0.001295
0.007980
-0.007732
-0.010201
0.012236
0.024466
0.014125
0.012789
0.012764
0.012124
0.003016
0.004763
0.005215
0.008234
-0.001525
-0.007986
-0.003103
0.005015
-0.006610
-0.008243
0.002348
0.014079
0.010625
0.009290
-0.002325
0.005605
0.002647
-0.006329
-0.002156
0.000939
-0.005196
-0.009522
-0.005724
0.002192
-0.005548
-0.006356
0.009063
0.019575
0.017555
0.015569
0.006916
0.013245
0.012788
0.001449
0.004278
0.005050
0.000021
-0.000763
0.000531
0.004748
-0.006708
-0.011387
-0.000478
0.017557
0.019595
0.011921
0.008945
0.013454
0.005177
-0.002190
0.003739
0.004767
-0.002608
-0.001982
0.002299
0.003844
-0.005707
-0.008668
0.002596
0.010174
0.014400
0.012335
0.008428
0.004769
-0.001802
-0.000542
0.008282
0.008864
-0.003267
-0.005690
0.003202
0.011839
-0.002519
-0.013215
0.000074
0.013167
0.008301
0.008569
0.009018
0.011262
0.001589
-0.000723
0.002713
0.010965
0.005406
-0.003710
0.003088
0.009773
0.000740
-0.007404
0.002091
0.012170
0.020388
0.017538
0.012569
0.009603
0.003373
-0.000652
0.006787
0.011816
0.007328
0.005110
0.006887
0.004952
-0.006619
-0.008018
0.007080
0.013445
0.013681
0.017807
0.011229
0.012621
0.003118
0.000760
0.007547
0.013251
0.002853
-0.003931
-0.000449
0.009539
-0.000703
-0.008846
0.003754
0.012318
0.018994
0.016610
0.010366
0.014267
0.010698
0.007407
0.007555
0.011204
0.002514
-0.000354
0.002997
0.015601
0.003505
-0.005609
0.007274
0.021967
0.020524
0.023189
0.016700
0.016507
0.003895
0.001582
0.005138
0.011828
0.003159
0.000132
0.004771
0.008573
-0.000688
0.000950
0.011087
0.015682
0.019147
0.021921
0.017879
0.015582
0.002896
0.001264
0.004927
0.007168
0.004523
0.003731
0.003531
0.013029
0.000143
-0.007905
0.004941
0.015453
0.014188
0.016996
0.015706
0.020036
0.015105
0.010714
0.007577
0.012700
0.008519
0.003960
0.001010
0.008458
0.001257
-0.002625
0.009060
0.018383
0.014779
0.012186
0.012151
0.013862
0.003425
-0.002913
0.001118
0.006941
0.001189
0.001264
0.006310
0.009269
-0.001347
-0.005275
0.006703
0.015471
0.014263
0.010523
-0.000684
0.003027
0.007909
0.002836
0.003141
0.008462
-0.004172
-0.012152
0.004201
0.006029
-0.010353
-0.011080
0.010074
0.018647
0.017744
0.020978
0.012663
0.015753
0.011484
-0.001657
0.005543
0.011232
0.002738
-0.002572
0.003594
0.004889
-0.004458
-0.007588
0.006077
0.009608
0.016489
0.016158
0.008295
0.003910
-0.000773
-0.006846
0.003062
0.005958
-0.008377
-0.009711
0.003168
0.005085
-0.007041
-0.006793
0.008378
0.021048
0.024618
0.024627
0.021792
0.015823
0.009255
0.009721
0.009614
0.013820
0.002574
-0.002252
0.013065
0.011772
-0.004821
-0.006251
0.009938
0.017223
0.010974
0.019860
0.008008
0.012276
0.007355
0.006233
0.006303
0.015751
0.020489
0.008472
0.005825
0.006847
-0.017449
-0.044801
-0.056707
