-0.012921
-0.010569
-0.012797
0.009344
-0.021256
-0.015455
0.010347
-0.000523
0.012600
0.001762
0.009023
0.010987
0.024059
0.012908
0.013497
0.021673
0.035995
0.043917
0.062621
0.075358
0.097620
0.126329
0.125562
0.122259
0.155411
0.208483
0.293201
0.384580
0.475978
0.522726
0.544190
0.538655
0.473369
0.386896
0.300584
0.223503
0.210297
0.201717
0.170861
0.167253
0.163294
0.169222
0.178437
0.163992
0.150884
0.179623
0.205102
0.201363
0.179650
0.157084
0.155983
0.150961
0.136718
0.097582
0.069678
0.041389
0.034434
0.028829
0.026671
0.014278
0.023358
0.015005
-0.002020
0.008276
0.021473
0.027270
0.032394
0.027480
0.035386
0.031486
0.020060
0.023637
0.033600
0.033780
0.027724
0.035076
0.036461
0.076532
0.125905
0.150708
0.129024
0.122275
0.122994
0.119378
0.125146
0.116360
0.113282
0.099701
0.097259
0.100800
0.122240
0.112984
0.126223
0.161657
0.205607
0.220027
0.198655
0.172042
0.164866
0.158226
0.147702
0.120058
0.104230
0.082192
0.078324
0.072728
0.084746
0.058416
0.062069
0.075223
0.087686
0.097591
0.103618
0.112735
0.129387
0.158624
0.162627
0.162448
0.170975
0.173848
0.165723
0.136905
0.115668
0.083685
0.081789
0.072760
0.066697
0.063886
0.065845
0.084378
0.118756
0.150126
0.176018
0.177258
0.182209
0.173942
0.161202
0.150983
0.167789
0.153616
0.186227
0.220527
0.241611
0.237826
0.210187
0.177602
0.165250
0.162093
0.168461
0.139461
0.104657
0.070223
0.057482
0.048166
0.046665
0.029458
0.034534
0.033268
0.029424
0.038683
0.056042
0.063237
0.062968
0.059728
0.052822
0.029671
0.024585
0.027148
0.029454
0.010939
0.011021
0.017614
0.023115
0.011309
0.003798
0.017227
0.026728
0.025711
0.027665
0.027629
0.023965
0.030947
0.023393
0.021599
0.027388
0.023432
0.012892
0.024932
0.016705
0.011752
0.033628
0.055265
0.050328
0.056510
0.057781
0.053397
0.034301
0.019750
0.002471
0.003331
-0.010333
-0.017999
-0.013237
0.005295
0.001582
0.012412
-0.002623
0.011131
0.003883
-0.000412
-0.005937
0.003254
-0.006423
0.008965
0.013181
0.009717
0.006100
-0.021044
-0.024596
0.000239
-0.000110
-0.017458
-0.013278
0.018470
0.022124
0.010963
0.014734
0.009517
0.007575
0.013843
0.013742
-0.000865
0.003255
-0.017591
-0.019742
-0.001792
0.004784
-0.016900
-0.011342
0.004141
0.013635
0.017304
0.014780
0.001382
-0.002337
0.005505
0.004077
-0.002705
-0.007670
-0.024864
-0.031424
-0.009836
0.001990
-0.004400
-0.009076
0.017645
0.028981
0.000791
-0.016208
-0.011384
-0.000548
0.001742
-0.010059
-0.014510
-0.015677
-0.036354
-0.042178
-0.023733
-0.016998
-0.020568
-0.029882
-0.009355
-0.010287
-0.021013
-0.016916
-0.018096
-0.018126
0.000336
-0.015645
-0.022473
-0.007947
-0.024017
-0.027315
-0.014577
-0.010712
-0.030888
-0.027626
-0.000430
0.015174
0.012237
0.024457
0.027212
0.042141
0.056526
0.049684
0.059673
0.069934
0.047273
0.038471
0.042895
0.048946
0.020885
0.015206
0.029970
0.042853
0.043660
0.045692
0.042594
0.047221
0.031791
0.020775
0.024829
0.033938
0.017651
0.018776
0.024020
0.035010
0.028238
0.023432
0.023456
0.029483
0.030800
0.037728
0.035979
0.031544
0.017453
0.025937
0.014371
0.017658
0.016358
0.021799
0.015571
0.020797
0.000144
-0.002163
0.016608
0.031717
0.030607
0.033446
0.034846
0.040434
0.040893
0.044488
0.045885
0.053049
0.044695
0.033104
0.033026
0.035083
0.040395
0.053291
0.055690
0.042874
0.045570
0.051730
0.048734
0.047027
0.032928
0.025390
0.020293
0.031449
0.015685
0.018557
0.012803
0.023384
0.018915
0.016685
0.023084
0.028796
0.020164
0.019593
0.008270
0.010577
0.017154
0.006131
-0.004955
-0.010020
-0.011541
-0.013166
-0.004550
-0.000350
-0.002777
-0.008167
0.010170
0.012089
-0.000316
0.013387
0.013820
0.026243
0.026102
0.013134
0.019076
0.031506
0.020837
0.004510
0.008558
0.012561
-0.005529
-0.008416
0.012197
0.030566
0.032339
0.029225
0.033014
0.031290
0.013941
0.012896
0.022189
0.031362
0.024421
0.023838
0.022672
0.039528
0.035242
0.036676
0.046378
0.068603
0.105365
0.148636
0.181277
0.237356
0.314424
0.404674
0.477402
0.561206
0.646383
0.801637
0.907922
0.956617
0.958234
0.951286
0.941795
0.882772
0.795947
0.625295
0.516021
0.460045
0.391919
0.309633
0.277753
0.277351
0.273409
0.263264
0.200691
0.159953
0.130121
0.091730
0.079886
0.078972
0.080945
0.087889
0.087959
0.080517
0.052372
0.045148
0.037917
0.043429
0.030384
0.025993
0.028030
0.034223
0.025710
0.024547
0.028398
0.033385
0.034247
0.034086
0.049189
0.055609
0.047872
0.038508
0.038246
0.041619
0.031640
0.036527
0.032391
0.041214
0.051892
0.061061
0.081218
0.085019
0.081582
0.076603
0.050977
0.039494
0.022656
0.017788
0.010799
0.014531
0.016336
0.019098
0.012565
0.014924
0.007854
0.009072
0.023291
0.037407
0.040970
0.050154
0.049243
0.055930
0.056758
0.057975
0.050830
0.057572
0.049316
0.037422
0.034282
0.042044
0.049372
0.057152
0.058532
0.051619
0.048923
0.052725
0.043975
0.041955
0.027090
0.017542
0.020830
0.024865
0.014364
0.017874
0.017440
0.024014
0.012832
0.008510
0.014292
0.024520
0.030002
0.036205
0.036796
0.029900
0.019934
0.025596
0.024187
0.023926
0.013124
0.016203
0.016577
0.022569
0.007685
-0.000833
0.007829
0.023006
0.027384
0.025440
0.022628
0.018011
0.008339
0.013718
0.009504
0.009090
-0.000449
0.001839
0.006613
0.011198
-0.002268
-0.004289
0.006981
0.015694
0.009581
0.011386
0.000372
-0.000174
-0.002919
-0.003516
-0.003800
-0.000029
-0.008379
-0.012124
0.000110
0.005704
-0.008824
-0.009337
0.008338
0.024376
0.014807
0.006843
0.000263
0.004770
0.004619
0.001126
-0.001125
0.000450
-0.016893
-0.022066
0.003060
0.004424
-0.007227
-0.014098
0.000260
-0.000270
-0.005531
-0.002873
-0.007006
-0.007142
-0.000943
-0.007489
-0.004565
0.000844
-0.010607
-0.020089
-0.001081
0.000898
-0.017680
-0.016716
0.007180
0.016261
0.012399
0.011513
0.006134
0.014615
0.009713
-0.009063
-0.000079
0.005823
-0.008031
-0.012839
-0.003416
-0.000473
-0.018334
-0.014711
0.010601
0.019021
0.015400
0.015092
0.004790
0.004906
0.003647
-0.001560
0.000441
0.003727
-0.009575
-0.016076
-0.003870
0.005696
-0.013476
-0.015373
0.001981
0.019059
0.011464
0.007459
0.002622
0.009379
-0.002062
0.000321
0.004594
0.013703
0.004005
-0.001747
-0.003301
0.006301
-0.005704
-0.004068
0.010655
0.023523
0.020351
0.023407
0.017849
0.014476
0.005878
0.008209
0.004236
0.004552
0.001354
0.002359
0.007466
0.006516
-0.005771
-0.005186
0.007938
0.013738
0.016892
0.020467
0.017228
0.008922
0.006719
0.003591
0.001320
-0.002392
-0.010128
-0.005995
0.009854
0.012293
-0.006209
-0.004865
0.021031
0.029094
0.019397
0.016026
0.002445
-0.000593
0.002532
0.003391
-0.004640
-0.006910
-0.022098
-0.020942
-0.002343
-0.006740
-0.018226
-0.015772
0.002222
0.009608
0.012577
0.019658
0.009237
0.017662
0.027990
0.017864
0.028378
0.028296
0.020691
0.015813
0.024010
0.025003
0.013079
0.006812
0.002890
-0.003108
0.013305
0.013628
-0.015185
-0.010832
0.003850
-0.012251
-0.008710
-0.004301
-0.021294
-0.028741
-0.014289
-0.008138
-0.012385
-0.013341
0.001557
0.008749
0.008158
0.008636
0.008344
0.005670
0.004607
0.005099
0.010391
0.009387
0.003337
-0.007140
0.007003
0.006566
-0.011421
-0.006940
0.012048
0.024502
0.035012
0.031393
0.016849
0.015436
0.013775
0.003520
0.002924
0.004919
-0.000617
-0.004741
0.007553
0.008568
-0.007164
-0.005797
0.001562
0.013246
0.018014
0.021262
0.008847
0.003735
-0.000249
0.001722
0.003584
0.009496
-0.009073
-0.010223
0.004367
0.005662
-0.007865
-0.006336
0.007851
0.012220
0.009488
0.011996
0.003726
0.007978
0.006504
-0.008173
-0.007891
0.001592
-0.005478
-0.009096
0.002265
-0.000491
-0.013017
-0.012382
0.001228
0.011131
0.020379
0.020535
0.005504
0.005507
0.013192
0.004995
0.000555
0.001453
-0.009809
-0.022297
-0.014476
0.003931
0.004861
-0.000613
0.009093
0.016078
0.007627
0.012478
0.007624
0.007271
0.009448
0.007419
0.005117
0.001903
-0.014247
-0.014827
0.012527
0.006915
-0.016208
-0.013529
0.005504
0.014700
0.012165
0.029041
0.030593
0.037325
0.033978
0.031383
0.023016
0.030459
0.011145
0.002437
0.012481
0.023694
0.002506
0.005494
0.023409
0.036631
0.038680
0.044143
0.040163
0.047406
0.042742
0.040922
0.037566
0.040570
0.026004
0.020733
0.028350
0.035569
0.038580
0.045957
0.044231
0.042916
0.051021
0.048494
0.032776
0.023099
0.030660
0.023875
0.026592
0.021558
0.004063
0.009389
0.020046
0.017115
0.014299
0.007273
0.015763
0.003144
0.000042
-0.001289
-0.000241
-0.004895
0.015007
0.007928
-0.008860
-0.014122
-0.035150
-0.030356
-0.000856
0.003004
-0.012821
-0.017796
0.010044
0.029072
0.011398
0.004656
-0.003767
0.004602
0.011222
0.000397
-0.003012
0.005335
-0.008062
-0.020201
-0.002852
-0.003786
-0.025609
-0.025425
0.004481
0.016678
0.012493
0.015646
0.004029
0.006697
0.007244
0.001443
0.005008
0.005903
-0.003607
-0.009077
-0.005398
0.001653
0.000478
-0.001166
0.007111
0.015072
0.013656
0.016033
0.007121
0.006033
0.000405
0.001480
0.004128
0.002894
-0.001760
0.001137
0.004390
0.001220
-0.012142
-0.009894
0.009930
0.015619
0.010445
0.014014
0.020157
0.014341
0.004727
0.001760
0.005112
0.006391
0.000798
-0.002451
0.000500
0.003703
-0.003194
-0.006553
0.009011
0.017786
0.015143
0.018617
0.010778
0.006797
-0.000834
-0.003532
0.004939
0.010632
-0.002111
-0.013561
-0.003445
0.002891
-0.016244
-0.021693
0.002878
0.011840
0.010624
0.006408
0.004856
0.012226
0.004915
-0.010366
0.002557
0.005957
-0.007429
-0.011595
-0.007413
0.002644
-0.005165
-0.010667
0.003209
0.016025
0.005890
0.008835
0.003607
0.012815
0.009847
0.008175
0.007008
0.015921
0.003644
-0.000460
0.002747
0.007867
-0.006889
-0.010539
0.011280
0.020970
0.012933
0.010788
0.009131
0.014073
0.008980
0.000550
0.003687
0.007806
0.000039
-0.008945
-0.010671
-0.002492
-0.007750
-0.008386
-0.001194
0.010820
0.015617
0.013811
0.006258
0.008030
0.004252
-0.007498
-0.007287
-0.004155
-0.010160
-0.011492
0.001968
0.009296
-0.003075
-0.006545
0.007814
0.023143
0.015061
0.017957
0.000821
0.005641
0.003591
-0.004959
-0.001997
0.005525
-0.007382
-0.013408
0.003040
0.007061
-0.008824
-0.008977
0.008914
0.018200
0.003618
0.004180
-0.002874
0.001673
0.000198
0.000140
0.000363
-0.005476
-0.019417
-0.013605
-0.008367
-0.001163
-0.007841
-0.014650
-0.002255
0.012436
0.008998
0.010901
0.005047
0.009027
0.002747
-0.000865
0.003641
0.006959
-0.000164
-0.008134
-0.003293
0.002545
-0.012584
-0.013928
0.009081
0.017425
0.016821
0.013713
0.012430
0.018916
0.012860
0.006945
0.012738
0.018989
0.006245
-0.003288
0.005642
0.015372
0.003452
-0.000271
0.004349
0.014101
0.023414
0.021779
0.014442
0.016588
0.013455
0.008425
0.011744
0.010149
-0.000706
0.000439
-0.001046
0.003881
-0.004893
-0.009172
0.003806
0.013650
0.009675
0.006883
0.006032
0.005301
-0.004809
-0.011160
0.002258
0.006821
-0.003938
-0.010783
-0.002831
-0.000109
-0.008403
-0.007397
0.006850
0.012836
0.012539
0.014570
0.004932
0.003043
0.003441
-0.004368
-0.005350
-0.000667
-0.008255
-0.006710
-0.004040
0.002281
-0.006764
-0.008234
0.005225
0.012229
0.002243
0.000185
0.003639
0.012998
0.009546
0.000216
0.006270
0.010835
-0.007835
-0.008562
-0.005847
-0.005400
-0.017497
-0.017224
-0.004505
0.012413
0.017489
0.015703
0.011452
0.012111
0.001941
0.000747
0.005037
0.007807
0.002812
-0.001950
-0.000623
0.006968
0.000396
-0.009614
-0.004105
0.008152
0.012652
0.012773
0.008972
0.012285
0.007516
0.007090
0.008310
0.009866
0.002133
0.001999
0.001109
0.010338
-0.000947
-0.006166
0.007801
0.020488
0.020756
0.022136
0.018201
0.014725
0.008669
0.006130
0.007752
0.012449
-0.001450
-0.006027
0.002241
0.009808
0.000644
-0.000338
0.009471
0.016483
0.020176
0.021884
0.014382
0.009802
0.005659
0.003769
0.001542
0.000835
-0.007419
-0.008600
-0.000185
0.004417
-0.008989
-0.008827
0.009062
0.021489
0.015064
0.013998
0.010535
0.010597
-0.003654
-0.006682
0.002582
0.009821
0.002020
-0.008620
-0.006121
-0.002649
-0.013343
-0.016582
-0.001701
0.008755
0.012157
0.012705
0.014189
0.006253
-0.000213
-0.001408
-0.000364
-0.000249
-0.010458
-0.011468
0.005216
0.012783
-0.002586
-0.007189
0.002979
0.019344
0.008162
0.004678
-0.000743
0.000328
-0.003700
-0.002483
0.002807
0.002302
-0.018396
-0.022467
-0.007092
0.002624
-0.013440
-0.011024
0.009392
0.028562
0.026464
0.026119
0.011030
0.018844
0.025516
0.026589
0.032169
0.045450
0.037750
0.029323
0.038717
0.033554
0.030650
0.042914
0.049645
0.054403
0.076401
0.091287
0.090808
0.094169
0.097072
0.086893
0.089834
0.082100
0.062995
0.043010
0.037958
0.037263
0.019624
0.016828
0.028654
0.024470
0.028918
0.021902
0.017576
0.006189
0.003314
-0.011657
0.000280
-0.002394
-0.024969
-0.032500
-0.010550
-0.016413
-0.001469
-0.018730
0.003703
-0.015357
-0.039592
-0.061238
-0.020071
-0.018466
-0.001122
-0.004712
-0.002984
-0.000780
-0.029972
-0.047497
-0.014404
-0.017395
-0.032626
-0.032339
0.011858
0.006140
-0.025275
-0.027305
-0.009128
-0.012271
-0.002131
-0.009723
-0.009445
-0.006628
-0.024817
-0.027163
-0.010431
-0.010465
-0.030488
-0.027550
0.009285
0.013485
-0.001533
-0.002360
-0.000813
0.006478
0.008480
-0.002433
0.003622
0.010527
-0.002462
-0.013448
-0.004508
0.003520
-0.007794
-0.007842
0.008363
0.009053
0.001677
0.002438
0.008963
0.004324
0.011038
0.003755
0.001101
-0.011143
-0.026754
-0.028361
-0.005427
-0.000480
-0.008856
-0.016237
-0.002153
-0.000119
-0.002483
-0.003443
-0.003723
-0.004784
-0.001742
-0.011658
-0.003879
-0.002247
-0.014034
-0.015468
-0.005478
-0.003597
-0.015120
-0.016997
0.004297
0.012190
0.007147
-0.001155
-0.004412
0.003980
0.012146
-0.001539
-0.000783
0.005212
-0.009577
-0.021184
0.005147
0.011263
-0.006226
-0.009131
0.009339
0.014398
0.000891
0.006697
0.004180
0.003650
0.003192
0.000764
-0.002584
0.000975
-0.007191
-0.015234
-0.003098
0.002696
-0.016640
-0.016900
0.013191
0.027422
0.012907
0.013811
0.016077
0.016509
0.006061
0.003076
0.007583
0.013118
-0.003569
-0.013008
0.002820
0.010937
-0.007071
-0.006318
0.008468
0.015643
0.008089
0.005948
0.003897
0.005021
-0.002429
-0.009231
-0.000055
0.003649
-0.006503
-0.013392
0.001427
0.009451
-0.002816
-0.008712
0.008218
0.016354
0.002868
0.009409
0.005427
0.010513
0.000390
-0.003640
0.000353
0.003883
-0.008817
-0.013419
-0.007480
0.003341
-0.008570
-0.016848
0.002406
0.017151
0.003587
0.004779
0.012143
0.016453
0.001942
-0.001443
0.005865
0.013191
0.001017
-0.009734
-0.003191
0.006661
-0.002050
-0.008044
0.004093
0.016900
0.017044
0.019670
0.014998
0.019835
0.012627
0.000971
0.004044
0.010690
0.004395
-0.003586
-0.001409
0.006551
-0.003169
-0.007732
0.003636
0.019973
0.022858
0.020377
0.011694
0.015249
0.015565
0.010967
0.005960
0.004162
-0.002032
0.003014
0.001101
0.006830
-0.005169
-0.008416
0.004073
0.017082
0.010484
0.007029
0.002849
0.009509
0.004602
0.002422
0.005836
0.006254
-0.003976
-0.007380
0.000065
0.008054
-0.003615
-0.009320
0.002998
0.014899
0.009272
0.005151
0.004462
0.010086
0.000653
-0.007942
-0.000868
0.004700
-0.003551
-0.016301
0.002197
0.012466
0.005855
-0.002921
0.004306
0.008333
0.008220
0.009195
-0.005862
-0.005210
0.006142
-0.007581
-0.007992
-0.007981
-0.022337
-0.022236
-0.003678
-0.008951
-0.020172
-0.014547
0.008103
0.010178
0.001568
-0.001393
0.000144
-0.000695
-0.004247
-0.012687
-0.004957
-0.002836
-0.018609
-0.022595
-0.008224
-0.003265
-0.007056
-0.016099
0.002420
0.013802
0.012297
0.012054
0.006425
0.005870
0.006834
-0.000414
0.000250
0.005323
-0.005666
-0.018589
-0.003869
0.005765
-0.007511
-0.013131
0.002881
0.010721
0.006685
0.002875
-0.000237
0.006750
0.002242
-0.003776
0.003451
0.003825
-0.008955
-0.012520
-0.001324
0.003751
-0.006055
-0.006775
0.003665
0.018028
0.020797
0.016202
0.012919
0.007236
0.004075
0.003468
0.004814
0.005743
-0.001750
-0.011009
-0.001009
0.006878
0.004206
0.000026
0.007780
0.012022
0.008979
0.007308
0.007787
0.005985
0.005584
-0.004058
-0.003264
0.001944
-0.009773
-0.009107
0.001867
-0.000772
-0.013824
-0.009873
0.009672
0.022916
0.018513
0.017793
0.018388
0.020336
0.015684
0.006787
0.004402
0.009720
0.000106
-0.004279
-0.000406
0.000695
-0.013308
-0.014377
0.003266
0.015956
0.017259
0.016819
0.009629
0.013826
0.006147
-0.000509
0.003421
0.009109
-0.000293
-0.001820
0.003005
0.008625
0.005097
-0.001283
0.008256
0.016747
0.015375
0.018242
0.010287
0.002512
0.001800
0.004128
0.000778
0.002740
-0.004962
-0.008068
0.000889
0.009922
-0.005059
-0.006004
0.009826
0.022014
0.012219
0.010463
0.006275
0.004806
0.000113
0.005281
0.002887
0.003183
-0.006368
-0.008274
-0.000001
0.005884
-0.005476
-0.005748
0.008812
0.017717
0.010054
0.008700
-0.002173
0.000723
0.002028
-0.003396
-0.006165
-0.005182
-0.011536
-0.012039
-0.008066
-0.008916
-0.011210
-0.001362
0.011237
0.012911
0.012138
0.016538
0.009381
0.005252
0.003956
0.001078
0.001605
0.002674
-0.005237
-0.004989
-0.008276
-0.000327
-0.008280
-0.008408
0.001082
0.016702
0.022809
0.015628
0.012082
0.015068
0.006354
-0.004377
0.005528
0.013825
0.006029
-0.000383
0.007130
0.013096
0.000767
0.000824
0.016008
0.021279
0.015618
0.016908
0.019344
0.013985
0.007966
0.006748
0.001233
0.000005
-0.004283
-0.010313
0.005617
0.015346
-0.005015
-0.009785
0.013252
0.025430
0.014525
0.018225
0.011677
0.015505
0.010817
0.009721
0.001832
0.003335
-0.005870
-0.008128
0.000417
0.003032
-0.015645
-0.009959
0.006049
0.015482
0.014823
0.015789
0.017035
0.015104
0.003738
0.006982
0.018005
0.020843
0.004348
0.002327
0.009150
0.017431
0.009276
-0.000470
0.004436
0.008479
0.006060
0.002757
0.002705
0.005685
0.005071
-0.012141
-0.008642
-0.002514
-0.017137
-0.022507
-0.013911
-0.004633
-0.009165
-0.007274
0.010213
0.018563
0.000734
0.003439
0.000153
0.001798
-0.001594
-0.003202
0.003533
0.001043
-0.008451
-0.012782
-0.006170
-0.003368
-0.018690
-0.021796
0.004041
0.013394
0.009680
0.010869
0.004059
0.008085
-0.001132
-0.008738
0.000073
0.007286
0.001063
-0.005690
-0.002565
-0.001063
-0.010867
-0.011129
0.002825
0.008537
0.012881
0.013059
0.008997
0.012914
0.011894
0.008316
0.010995
0.014008
0.001240
-0.000623
-0.000684
0.003540
-0.004205
-0.008887
0.000705
0.010536
0.018072
0.023279
0.016859
0.020976
0.017141
0.010664
0.013727
0.019251
0.004222
0.000869
0.009663
0.020310
0.005088
-0.000197
0.010813
0.024118
0.024463
0.020216
0.012796
0.012877
0.004248
-0.004937
0.004109
0.005831
-0.005286
-0.004955
0.000707
0.003813
-0.002617
-0.007215
0.003580
0.009134
0.006704
0.005851
0.013903
0.010099
-0.001087
-0.000208
0.006515
0.006310
-0.002873
-0.001157
0.008585
0.009807
-0.003776
-0.002105
0.014105
0.023220
0.018378
0.016179
0.002647
0.006712
0.012776
0.008099
-0.001263
0.005269
-0.003013
-0.011231
0.002393
0.010559
-0.010076
-0.013282
0.005106
0.017265
0.012214
0.013989
0.013596
0.016992
0.007992
0.008063
0.011728
0.013156
0.003097
-0.002900
-0.000668
0.007130
-0.007413
-0.008958
0.012665
0.026735
0.023555
0.018167
0.016139
0.012347
0.006533
0.008151
0.006366
0.003559
-0.002148
-0.007231
-0.004810
0.006430
0.001619
-0.005587
0.005402
0.017101
0.004652
0.005848
0.001508
0.003942
-0.001945
-0.004814
0.000496
0.003801
-0.004288
-0.009640
-0.004671
0.001404
-0.011353
-0.015507
0.002850
0.013617
0.018320
0.017230
0.010256
0.012737
0.010426
0.005328
0.008328
0.012778
0.004659
-0.005840
0.003589
0.014804
0.005241
-0.001002
0.016033
0.025382
0.027156
0.029377
0.015487
0.011537
0.014886
0.007975
-0.000094
-0.002023
-0.014946
-0.020575
-0.001138
0.009368
0.003046
-0.003865
0.010348
0.012011
0.002366
0.005389
-0.004573
0.001507
0.009482
-0.003644
0.001338
0.012639
0.016508
0.001002
0.008333
0.008038
-0.021373
-0.051060
-0.057852
