-0.010729
-0.000891
-0.014095
-0.006959
-0.039248
-0.008417
-0.023534
-0.044186
-0.027035
-0.037882
-0.029679
-0.000709
-0.017964
0.004783
-0.013801
0.001193
-0.016077
-0.017310
-0.023278
-0.021203
-0.012224
0.011282
-0.002417
-0.014828
0.007609
-0.006346
-0.016185
0.018431
0.014092
-0.026174
-0.014627
0.020194
0.039977
0.057920
0.079035
0.092070
0.099892
0.098111
0.086320
0.080301
0.080180
0.067562
0.054880
0.048154
0.052646
0.062317
0.089567
0.121674
0.105339
0.100877
0.093835
0.060677
0.037360
0.025352
0.026457
0.026800
0.013702
0.004302
0.009435
0.013294
0.019208
0.010809
-0.003915
0.002700
0.013159
0.021728
0.017967
0.015677
0.018067
0.017310
0.015351
0.026803
0.032100
0.014027
-0.006482
0.016430
0.018348
-0.004713
0.002873
0.026037
0.042146
0.053528
0.061675
0.058037
0.053033
0.048549
0.047095
0.043320
0.039316
0.027547
0.024338
0.024860
0.035464
0.018678
0.001214
0.019506
0.037226
0.039817
0.043706
0.032137
0.024841
0.018126
0.022187
0.015922
0.015680
0.007510
0.000929
0.012095
0.017047
-0.004875
-0.005970
0.017601
0.032394
0.035272
0.041034
0.034104
0.032487
0.023684
0.019767
0.019938
0.021910
0.008534
0.004081
0.013646
0.020649
0.005698
0.000942
0.015087
0.028031
0.024267
0.037661
0.031013
0.039450
0.034432
0.026804
0.032567
0.047863
0.031481
0.018944
0.025093
0.029822
0.012092
0.010825
0.018728
0.029035
0.035702
0.045993
0.040549
0.032550
0.016515
0.023075
0.030867
0.037839
0.012680
0.008641
0.019003
0.031491
0.012131
0.008994
0.023986
0.038575
0.045579
0.050795
0.051186
0.064682
0.059298
0.049849
0.045240
0.053563
0.040349
0.031753
0.023234
0.033399
0.019632
0.013941
0.028825
0.029764
0.029153
0.039526
0.043343
0.033837
0.033568
0.023730
0.018575
0.017107
0.015898
0.011201
0.018032
0.016080
0.003577
0.008674
0.027700
0.039250
0.050474
0.048363
0.033902
0.015805
0.022198
0.028784
0.022470
0.002538
-0.018030
-0.019782
0.003992
0.006669
0.007903
-0.013208
0.014250
0.005975
-0.004416
-0.021248
-0.014110
-0.013951
-0.004529
-0.016809
-0.014032
-0.010887
-0.034057
-0.052043
-0.026927
-0.018250
0.001388
-0.024559
-0.019313
-0.030805
-0.041167
-0.049445
-0.012391
-0.007220
-0.000942
-0.020121
-0.004385
0.003792
-0.019519
-0.037014
-0.030558
-0.024710
-0.009798
-0.013090
-0.019929
-0.029832
-0.000945
-0.018278
0.007211
0.011994
0.027143
-0.001950
-0.003015
0.007182
-0.016225
-0.029681
-0.017994
-0.019230
-0.003317
-0.016882
-0.008201
-0.016631
-0.033311
-0.029932
-0.000846
0.002339
0.024313
0.003705
-0.006212
-0.008061
-0.033296
-0.039275
-0.025080
-0.027053
-0.025443
-0.032360
-0.010031
-0.011716
-0.018583
-0.023318
-0.007921
-0.010507
0.002957
-0.017180
-0.020618
-0.011431
-0.032792
-0.041635
-0.013600
-0.016744
-0.037762
-0.036212
-0.002243
0.003896
-0.003802
-0.000732
-0.001888
0.014733
0.017170
0.020600
0.029290
0.045054
0.043445
0.021582
0.021753
0.026231
0.004728
0.000278
0.007245
0.010376
0.023105
0.026613
0.022484
0.011927
0.011143
0.010243
0.007882
0.008904
-0.006268
-0.011586
0.002210
0.005986
-0.006893
-0.014031
0.002544
0.007301
-0.006030
0.002742
0.013219
0.008693
0.007586
0.005405
-0.006599
-0.001966
-0.003359
-0.007009
0.001677
-0.002706
-0.019648
-0.011084
0.013298
0.025242
0.024006
0.027315
0.035613
0.043124
0.043529
0.046855
0.060783
0.063467
0.054804
0.035387
0.031060
0.030603
0.024439
0.017341
0.018709
0.014236
0.037547
0.045230
0.028920
0.009500
0.000022
0.000440
-0.002475
-0.006146
-0.017241
-0.024420
0.010622
0.007242
-0.000226
-0.007654
0.026414
0.012784
-0.001281
-0.010447
-0.027274
-0.019494
0.011656
-0.008481
-0.014504
-0.008779
-0.027359
-0.036618
-0.013690
-0.010146
-0.004904
-0.008771
0.018239
0.003555
-0.001726
0.008062
0.015444
0.005172
0.024981
0.026198
0.011364
0.008674
0.002429
-0.012222
-0.000529
0.005278
-0.016576
-0.017977
0.008430
0.030597
0.031979
0.029955
0.028748
0.040337
0.033697
0.026549
0.021337
0.031771
0.026623
0.032616
0.034281
0.040384
0.043798
0.066704
0.074633
0.074785
0.090567
0.104428
0.112773
0.133520
0.171118
0.234175
0.291142
0.365841
0.438627
0.578428
0.714709
0.811364
0.814580
0.800606
0.779621
0.674889
0.548905
0.396488
0.291923
0.256717
0.214104
0.174694
0.172096
0.167602
0.153028
0.169685
0.116576
0.085971
0.072774
0.052419
0.035788
0.037505
0.038090
0.039421
0.040446
0.047985
0.044184
0.041593
0.045676
0.042487
0.029023
0.034542
0.038318
0.036615
0.037762
0.053774
0.056091
0.049013
0.052093
0.058675
0.069248
0.075857
0.075349
0.077756
0.076730
0.073025
0.072971
0.098278
0.104103
0.120024
0.166325
0.210370
0.233141
0.207162
0.177279
0.159626
0.116079
0.101498
0.070751
0.043318
0.042678
0.038090
0.037011
0.040093
0.038285
0.024342
0.026680
0.009604
0.016454
0.009877
0.008456
0.001125
-0.010632
-0.012911
0.002932
-0.016473
-0.027661
-0.017520
-0.038740
-0.048274
-0.011033
-0.032425
-0.012360
-0.043486
0.003337
-0.021503
-0.031962
-0.064431
-0.041871
-0.024661
-0.014936
-0.041251
-0.044644
-0.010584
-0.038647
-0.050206
-0.021336
-0.032618
-0.042495
-0.037713
0.001228
-0.002790
-0.013418
-0.025174
0.004386
-0.001319
-0.002114
-0.012589
-0.008201
0.001640
-0.011945
-0.021290
-0.007524
-0.015687
-0.022128
-0.019974
0.000861
-0.007043
-0.004795
-0.005156
0.005201
-0.000930
0.012511
-0.007076
-0.016889
-0.006794
-0.016267
-0.033231
-0.008420
-0.003714
-0.009364
-0.014568
-0.004199
-0.007260
-0.000697
-0.001572
0.014679
0.009394
0.003270
-0.016149
-0.005775
0.001541
-0.015036
-0.019230
0.002857
0.001158
-0.019345
-0.022077
0.005468
0.017927
0.012189
0.002275
-0.002734
0.001254
0.003010
-0.004072
0.001019
0.001398
-0.006030
-0.015574
-0.006869
-0.005198
-0.005475
-0.013106
-0.001849
-0.000716
-0.001050
0.005476
0.004161
-0.001775
-0.000399
-0.006137
-0.003481
-0.005704
-0.007829
-0.003910
-0.001273
-0.005116
-0.012006
-0.016936
-0.002592
0.009380
0.011617
0.008446
-0.002344
-0.001584
0.003248
-0.011641
-0.002126
0.004058
-0.014734
-0.021463
-0.004820
-0.001077
-0.013910
-0.014834
0.003011
0.008447
0.002087
0.001548
-0.004001
-0.001863
0.003629
-0.002070
-0.001199
-0.001852
-0.017462
-0.022085
-0.004209
0.003974
-0.009747
-0.011544
0.008169
0.014185
0.000601
-0.000645
0.002939
0.005405
0.002303
-0.003206
0.000369
0.002507
-0.008430
-0.017144
0.000328
0.003167
-0.008605
-0.008075
0.010922
0.012513
0.007635
0.005490
0.003212
0.000413
0.007714
-0.002575
-0.006125
-0.000953
-0.007660
-0.016505
-0.000057
-0.001510
0.001949
0.006014
-0.003677
-0.007272
0.003679
0.009808
0.024038
0.015506
0.010821
-0.000771
-0.004953
-0.003363
-0.003962
-0.010170
-0.007344
-0.015289
-0.016903
-0.012066
-0.004769
-0.004050
0.003552
0.008091
0.018616
0.010865
0.005847
0.002426
0.005581
0.009872
0.006783
-0.000620
0.008120
0.000947
-0.016832
-0.011894
0.010361
0.018327
0.012128
0.013115
0.011000
0.013395
0.028070
0.029163
0.026586
0.019850
-0.001431
-0.013273
0.001811
0.019415
0.023141
0.009199
0.010288
-0.000370
-0.003207
-0.003612
-0.018160
-0.014589
-0.000064
-0.023600
-0.029297
-0.014388
-0.040819
-0.049144
-0.023353
-0.029462
-0.023107
-0.018227
-0.002881
-0.009671
-0.029365
-0.034572
-0.004158
-0.014045
0.001357
-0.002912
-0.001985
-0.002652
-0.022002
-0.033342
-0.013426
-0.016364
-0.013337
-0.023016
-0.007121
-0.011890
-0.013713
-0.013761
0.006434
0.007096
0.007791
-0.008425
0.000664
-0.001545
-0.013479
-0.015602
-0.002164
-0.007318
-0.017178
-0.025134
-0.008160
-0.000011
0.001920
-0.002579
0.000035
-0.005355
0.000272
-0.009247
-0.003835
-0.003757
-0.020054
-0.024629
-0.005962
-0.005801
-0.017032
-0.018559
0.008886
0.015393
0.004667
-0.001709
0.002198
0.003830
0.005885
-0.007799
-0.000559
0.003947
-0.006159
-0.022598
-0.010049
-0.014819
-0.011467
-0.007912
-0.005274
-0.003850
-0.011085
-0.002666
0.008378
0.010130
0.013018
0.001605
-0.006818
-0.001572
-0.005590
-0.016234
-0.000420
0.001981
0.001147
-0.001586
0.008961
0.003672
0.002504
0.013282
0.018496
0.008439
0.014010
0.009536
0.000132
-0.008750
-0.014534
-0.005742
0.003388
-0.002902
-0.015238
-0.010848
0.013492
0.017758
0.014080
0.010037
0.000271
0.001752
0.017527
-0.000467
-0.014867
0.001529
-0.007150
-0.011948
0.002295
-0.001472
-0.023499
-0.013797
0.023776
0.044369
0.045856
0.043818
0.028195
0.037773
0.046949
0.036604
0.030072
0.031612
0.001070
-0.008670
0.024060
0.027317
0.015917
0.000895
0.034002
0.023696
0.019623
0.005378
-0.006024
-0.009123
0.013237
-0.013149
-0.034354
-0.029201
-0.050635
-0.062707
-0.024651
-0.036103
-0.003021
-0.029099
0.004918
-0.036547
-0.041378
-0.071650
-0.044551
-0.052068
-0.036684
-0.040837
-0.025821
-0.015012
-0.055012
-0.083678
-0.051044
-0.044424
-0.018055
-0.035808
-0.025124
-0.034256
-0.041792
-0.059930
-0.010737
-0.002289
-0.000945
-0.025076
-0.023104
-0.005560
-0.024225
-0.034343
-0.021183
-0.028215
-0.016154
-0.013643
-0.005297
-0.011594
-0.009747
-0.021523
0.000479
-0.003306
0.000971
0.006713
0.004540
0.009429
-0.010146
-0.019906
-0.021025
-0.012850
-0.001950
-0.014089
-0.013893
-0.018181
-0.015384
-0.012608
0.004957
0.005240
0.014843
-0.004273
-0.004935
-0.005201
-0.008378
-0.010634
0.004734
-0.010162
-0.023090
-0.014617
0.013824
0.011061
-0.000694
-0.000791
0.007043
0.008209
0.013941
-0.000491
-0.007006
0.002488
-0.014074
-0.018136
-0.001101
-0.003034
-0.016225
-0.019808
-0.002549
0.009856
0.003141
-0.002267
0.002673
0.004347
-0.004534
-0.008250
0.005408
0.008464
-0.002822
-0.015211
0.002955
0.005735
-0.012007
-0.016617
0.007584
0.013614
0.007087
0.007864
0.006115
0.002713
0.001159
-0.002004
-0.000066
-0.002173
-0.017625
-0.016444
-0.011817
-0.000333
-0.008858
-0.012376
0.000108
0.013010
-0.001439
-0.004590
-0.003705
0.006588
0.000468
-0.009032
-0.004840
0.001417
-0.008418
-0.015121
0.001516
0.006800
-0.009895
-0.012633
0.009486
0.018884
0.006809
0.007506
0.013797
0.019119
0.012790
0.001131
0.006245
0.004202
0.000032
-0.006307
0.003362
0.005290
-0.003773
-0.007778
0.003141
0.006437
0.006241
0.010594
0.011911
0.017040
0.009561
-0.010414
-0.004217
0.001475
-0.009835
-0.018781
-0.003401
0.004911
-0.002037
-0.010428
0.002142
0.013314
0.012833
0.009845
0.002300
0.004093
0.002398
-0.015023
-0.009555
-0.004893
-0.014535
-0.020425
-0.003910
-0.003024
-0.011111
-0.018593
-0.005633
-0.004020
-0.003111
-0.015528
-0.003674
0.003048
0.008613
-0.013845
-0.016476
-0.009952
-0.014346
-0.020303
-0.011876
-0.013787
-0.014519
-0.020847
-0.009665
-0.006600
-0.009137
-0.007381
0.006469
0.007847
0.008703
-0.005640
-0.007095
-0.003662
-0.011668
-0.014711
-0.001660
-0.007659
-0.007284
-0.004470
-0.000584
-0.006690
0.001586
0.004307
0.007305
-0.004046
-0.003552
-0.008587
-0.008066
-0.009238
-0.016894
-0.020446
-0.008996
-0.007254
-0.017358
-0.015940
-0.003468
0.008302
0.011202
0.010024
-0.001486
0.000302
0.003641
-0.006835
-0.003434
-0.000071
-0.006954
-0.009297
-0.003546
-0.000907
-0.002758
-0.006908
0.006455
0.013385
0.000722
0.004434
0.002165
0.004552
-0.004060
-0.012491
-0.000423
0.005175
-0.001964
-0.006663
-0.000548
-0.000433
-0.017757
-0.012135
0.007055
0.015814
0.012362
0.007026
0.006469
0.005410
0.001490
-0.007021
-0.002006
-0.002361
-0.017136
-0.021875
-0.007491
0.000929
0.002061
-0.002969
0.001567
0.003839
-0.009226
-0.023233
-0.011745
-0.000930
0.008680
-0.014712
-0.018307
-0.007534
-0.028669
-0.037364
-0.018006
-0.012877
-0.009293
-0.022677
-0.004988
-0.003524
-0.010650
-0.011348
0.000954
-0.001341
0.013008
-0.005310
-0.011154
-0.003009
-0.014197
-0.027513
-0.001939
-0.004946
-0.016923
-0.016060
-0.000220
-0.000227
-0.009808
-0.000956
0.009936
0.013005
0.010671
-0.005095
-0.011228
-0.003630
-0.004734
-0.012515
0.005632
-0.001183
-0.015215
-0.014615
0.004885
0.010158
0.013017
0.011500
0.012063
0.012800
0.010593
-0.005516
-0.009627
-0.007628
-0.018401
-0.026838
-0.010142
0.001296
-0.003738
-0.013618
-0.001080
-0.003513
-0.008483
-0.009921
-0.008879
-0.013348
-0.003854
-0.015305
-0.008398
-0.009465
-0.025960
-0.030996
-0.005044
-0.003255
-0.008336
-0.017366
0.001999
0.009364
0.002693
-0.001724
-0.000289
0.003014
0.006355
-0.010472
-0.001419
0.002465
-0.006877
-0.016232
-0.003098
-0.006374
-0.017766
-0.014563
0.000794
0.007706
0.007881
0.012024
0.011955
0.008568
0.005055
0.001711
-0.006621
-0.004798
-0.016724
-0.020861
-0.008752
0.000209
-0.009074
-0.007473
0.009108
0.019255
0.003817
0.004982
0.004707
0.006333
0.014827
0.002772
-0.006655
-0.004742
-0.020488
-0.023874
0.000816
-0.006582
-0.022812
-0.013255
0.016944
0.015929
0.006092
0.008464
-0.002122
0.002272
0.024236
0.022440
0.016846
0.022301
0.003559
-0.008442
0.014065
0.004358
-0.014381
-0.006704
0.023150
0.026526
0.018335
0.003245
0.005301
0.006279
0.004379
0.008081
0.014280
0.014336
-0.006322
-0.032036
-0.000830
-0.009302
0.016409
-0.017774
0.016581
-0.028320
-0.048105
-0.083923
-0.036859
-0.031260
-0.008194
-0.056591
-0.060873
-0.031193
-0.065367
-0.102621
-0.046132
-0.064804
-0.016860
-0.071853
-0.013748
-0.068550
-0.068043
-0.133166
-0.084348
-0.067119
-0.051497
-0.085345
-0.067617
-0.018331
-0.067458
-0.113036
-0.058920
-0.048824
-0.037998
-0.058343
-0.016085
-0.035935
-0.053356
-0.062920
-0.021735
-0.021374
-0.011666
-0.034930
-0.032179
-0.014503
-0.035710
-0.041681
-0.039081
-0.043742
-0.046330
-0.043719
-0.006012
-0.014530
-0.030501
-0.029663
-0.003316
0.004700
0.013617
-0.002760
0.000881
0.003550
-0.013652
-0.022999
-0.006978
-0.004211
-0.009032
-0.022456
0.000850
0.002889
-0.013991
-0.014674
0.013619
0.019507
0.022478
-0.002062
-0.001285
0.002472
-0.018510
-0.028533
-0.008706
-0.015149
-0.000443
-0.016040
-0.003233
-0.018940
-0.021538
-0.027046
0.000614
0.001281
0.004773
-0.026912
-0.022802
-0.006892
-0.016393
-0.029453
-0.009633
-0.021589
-0.033868
-0.027247
-0.002523
0.001231
-0.007698
-0.014445
0.000139
0.005223
0.004143
-0.008145
-0.004136
-0.002030
-0.012138
-0.016067
0.002999
-0.000530
-0.013021
-0.015722
0.005352
0.014609
0.006692
-0.002990
-0.003417
0.004373
0.016500
0.001220
-0.005949
0.004664
-0.007064
-0.023776
-0.007229
-0.000348
-0.003522
-0.006673
0.005202
0.006742
0.011290
0.010224
0.020796
0.008997
0.008966
0.002207
0.004985
0.001396
-0.007687
-0.016465
0.000041
0.005331
-0.005934
-0.006658
0.007148
0.008480
-0.001466
0.003181
0.000026
-0.002728
0.003017
-0.011824
-0.008494
-0.006380
-0.017449
-0.028304
-0.004232
-0.000664
-0.012555
-0.018985
-0.002479
-0.007306
-0.010888
-0.011837
-0.007266
-0.002305
0.002063
-0.015158
-0.014767
-0.011856
-0.015619
-0.017287
0.000178
-0.005408
-0.018981
-0.023226
-0.000372
0.002619
-0.000584
0.006523
0.004326
-0.000416
0.006695
-0.000472
-0.003316
-0.007408
-0.020277
-0.024335
-0.006438
0.000701
-0.002709
-0.011213
0.001352
0.011647
0.007579
-0.003098
-0.008253
-0.000322
0.007770
-0.013384
-0.013024
-0.005867
-0.015671
-0.027391
-0.005008
-0.007510
-0.013585
-0.016771
-0.005058
-0.001385
-0.003162
-0.000071
0.004908
0.003642
-0.002543
-0.007801
0.002795
0.000560
-0.003896
-0.008621
0.002004
0.003156
-0.008624
-0.015227
-0.004717
0.000867
0.003304
-0.002042
-0.002528
-0.002015
0.005861
-0.014647
-0.008847
-0.004666
-0.011339
-0.015986
-0.003755
-0.004696
-0.009052
-0.011293
-0.003670
-0.000431
-0.001449
0.004310
0.001254
-0.001928
0.005710
-0.007842
-0.001716
-0.004195
-0.013217
-0.023996
-0.006252
-0.006295
-0.017460
-0.014527
-0.000195
0.001868
0.006553
0.006758
-0.002236
0.001341
0.013601
-0.009217
-0.009135
-0.001109
-0.016629
-0.027851
-0.008349
0.004934
0.000939
-0.009855
0.003688
0.012934
0.014039
0.009327
0.000045
0.001292
0.010487
-0.004184
-0.010921
-0.010817
-0.016745
-0.024238
-0.007258
-0.011894
-0.004353
-0.009246
-0.004826
-0.005477
-0.013550
-0.018038
-0.001422
-0.004989
-0.005519
-0.019697
-0.017818
-0.011825
-0.033470
-0.030012
-0.012952
-0.014189
-0.019269
-0.022158
0.001706
0.003542
-0.010059
-0.028083
-0.013708
-0.005952
-0.004600
-0.015913
-0.010259
0.001140
-0.022150
-0.025213
-0.007221
-0.005128
-0.025032
-0.022821
0.003755
0.012557
0.000354
-0.001685
-0.000257
0.000950
-0.002359
-0.005628
0.002476
0.002770
-0.004270
-0.009109
-0.002731
0.002171
-0.003749
-0.002804
0.010843
0.008941
-0.000558
-0.003094
0.000068
-0.003052
-0.002299
-0.011929
-0.007464
-0.001676
-0.016826
-0.022185
-0.005856
-0.007235
-0.016931
-0.016838
0.000813
0.009739
0.006581
-0.002168
0.002156
0.004152
0.000739
-0.008045
-0.000088
0.004589
-0.005156
-0.010108
-0.000936
-0.001591
-0.012340
-0.014902
0.004118
0.012026
0.010760
0.006451
-0.003577
0.000440
0.007598
-0.002481
-0.002087
-0.001401
-0.019079
-0.023714
-0.008104
0.002232
-0.000856
-0.006552
0.006873
0.010661
0.005333
0.000266
-0.010895
-0.009706
0.009521
-0.009024
-0.010833
-0.001585
-0.016032
-0.029055
0.000067
-0.006830
-0.009855
-0.009196
0.001888
0.002758
-0.007865
-0.011426
0.001861
0.000329
0.018812
0.014397
-0.001676
-0.001621
-0.006736
-0.011106
-0.004194
-0.011981
-0.018851
-0.010356
0.006387
0.010370
0.004218
0.002264
0.005894
0.002731
0.018524
0.002547
-0.011430
-0.013090
-0.018811
-0.029339
-0.012559
-0.010654
-0.011652
-0.016343
-0.002269
0.004439
-0.002175
-0.006723
-0.003496
-0.004125
0.004552
-0.016816
-0.016412
-0.001370
-0.023289
-0.030943
-0.019376
-0.016762
-0.023886
-0.024066
0.002192
0.014243
0.008035
0.002613
0.014843
0.016623
0.002123
-0.018689
-0.007368
0.003209
-0.003267
-0.016772
0.001800
-0.000667
-0.012196
-0.014299
0.000788
0.002985
0.001672
0.000798
0.002462
0.005265
0.005315
-0.004590
0.001490
0.007597
-0.006647
-0.019954
-0.002544
0.005048
-0.009974
-0.016554
0.002114
0.013750
0.006513
0.004870
0.005985
0.009991
0.009828
0.005271
0.007977
0.002098
-0.014321
-0.013660
-0.003143
-0.002250
-0.011829
-0.011677
0.005326
0.011716
0.008308
0.003432
-0.004602
-0.000621
0.003723
-0.008310
-0.006115
0.002346
-0.003906
-0.013825
-0.000824
0.005792
-0.004484
-0.009619
0.005521
0.011777
0.009594
0.009404
0.012167
0.007919
0.008727
0.001964
-0.008304
-0.004573
-0.010800
-0.014877
-0.003663
0.002095
-0.011008
-0.013777
0.009497
0.027175
0.017282
0.013627
0.005661
0.010554
0.008317
0.001105
-0.004663
-0.004849
-0.016770
-0.014731
-0.000532
-0.001585
-0.019666
-0.016237
0.005477
0.014142
0.004693
0.001038
0.002554
0.004606
-0.001940
-0.007885
0.000928
0.002474
-0.002930
-0.006828
-0.003996
-0.000463
-0.003225
-0.007947
0.001694
0.006282
0.012404
-0.001512
0.001325
0.004803
0.000143
-0.015481
-0.001935
-0.005496
-0.017477
-0.019919
0.001339
0.004502
-0.005958
-0.009349
-0.001226
0.004535
0.004254
-0.001629
0.000283
0.001613
0.003934
-0.010970
-0.009512
-0.006993
-0.016643
-0.021464
-0.006061
-0.009204
-0.009098
-0.014464
-0.005143
-0.002281
-0.010621
-0.012979
0.002187
0.000607
0.001399
-0.006885
-0.003187
0.003925
-0.003398
-0.017904
-0.009755
-0.007390
-0.018701
-0.019427
0.004599
0.017000
0.010443
0.010265
0.009449
0.005441
0.003861
-0.000793
-0.002239
0.000494
-0.009203
-0.012955
0.001003
0.001424
-0.009701
-0.001539
0.008620
0.015545
0.012306
0.008632
0.010863
0.009569
0.007350
-0.002817
-0.005360
-0.001965
-0.010235
-0.020330
0.001505
0.001499
-0.006005
-0.002940
0.005661
0.001265
-0.002382
0.003791
0.002875
0.005465
0.006178
-0.004852
-0.002065
-0.001859
-0.002340
-0.002071
0.003406
-0.002602
-0.010340
-0.013104
0.001658
0.010174
0.012875
0.004684
0.007225
0.000789
0.001114
-0.007480
-0.003275
-0.002267
-0.018509
-0.021426
-0.003692
-0.003428
-0.015337
-0.017803
-0.000237
0.008462
0.000625
-0.007750
-0.008330
-0.005016
-0.003380
-0.020906
-0.011398
-0.001232
-0.018590
-0.028234
-0.009002
-0.002478
-0.008293
-0.007517
0.002751
0.007666
0.006915
0.003091
-0.007603
-0.004205
0.004796
-0.006080
-0.004695
-0.000047
-0.012681
-0.019729
0.003701
0.000404
-0.007928
-0.009590
0.003239
-0.005230
-0.014072
-0.008628
-0.004158
-0.007323
0.007073
-0.008826
-0.014915
-0.002995
-0.018037
-0.025858
-0.000022
0.000592
-0.016997
-0.010721
0.017487
0.017848
0.003336
0.010763
0.012807
0.017517
0.013341
0.008651
0.005116
0.014058
0.026819
0.012527
0.014342
0.011211
-0.019563
-0.051056
-0.054449
