-0.010558
-0.003364
-0.013015
0.003184
-0.038365
-0.016476
-0.023746
-0.034025
-0.013089
-0.026638
-0.022643
-0.004420
-0.004521
0.004985
-0.006025
0.006625
-0.001508
-0.009896
-0.007313
0.006134
0.006677
0.012163
0.008485
0.006225
0.015449
0.009974
0.001311
0.017481
0.008590
-0.001352
0.017196
0.042739
0.044087
0.061532
0.073769
0.066837
0.064042
0.064472
0.039123
0.023651
0.034615
0.034283
0.026475
0.017418
0.018980
0.007635
0.008974
0.023958
0.035790
0.040280
0.040741
0.031079
0.021143
0.009592
0.006550
0.011598
0.017957
0.014416
0.012038
0.017341
0.017333
0.011348
0.012976
0.024469
0.020748
0.019702
0.025508
0.019570
0.011192
0.009621
0.007487
-0.001976
0.002518
-0.013708
-0.016625
0.005931
0.014286
-0.006447
-0.011554
0.010726
0.026106
0.024882
0.028102
0.018041
0.022940
0.024693
0.020192
0.013209
0.023732
0.010879
-0.000101
0.014113
0.020251
-0.008000
-0.005252
0.022746
0.035748
0.032363
0.038415
0.027037
0.033267
0.035268
0.020712
0.007313
0.015262
0.008700
0.006227
0.009192
0.012755
0.002948
0.007809
0.020170
0.033960
0.036654
0.034287
0.027500
0.020924
0.018847
0.020448
0.019859
0.016313
0.012168
0.006869
0.014379
0.014706
0.011552
0.003425
0.011254
0.018113
0.027678
0.027769
0.021107
0.018614
0.017479
0.006479
0.003801
0.007153
0.003667
-0.006000
0.003123
0.001521
-0.009103
-0.000284
0.010636
0.014718
0.018128
0.023956
0.031774
0.022269
0.016112
0.011099
0.013656
0.011951
0.006750
-0.002859
0.009877
0.007915
-0.009269
-0.009507
0.015976
0.026549
0.019135
0.020788
0.024783
0.025874
0.016661
0.013259
0.017750
0.025187
0.018840
0.008570
0.012344
0.014593
-0.005141
-0.002889
0.009457
0.022069
0.024421
0.027385
0.030274
0.031485
0.015903
0.014630
0.016213
0.027526
0.018995
0.019409
0.015186
0.025151
0.021631
0.029957
0.038666
0.041397
0.028914
0.025126
0.038713
0.028483
0.002691
0.008193
0.015188
0.008912
0.004011
0.006095
0.009217
0.012887
0.000056
-0.004652
-0.000615
0.012264
0.014900
0.021853
0.020037
0.024023
0.016309
0.010536
0.013719
0.027522
0.017378
0.009935
0.009923
0.015513
0.000398
-0.001010
0.007108
0.015702
0.023146
0.025729
0.022285
0.026471
0.026145
0.029234
0.017647
0.016305
0.009785
0.007998
0.010716
0.017837
0.023933
0.031669
0.020578
0.021622
0.037457
0.043639
0.040720
0.042869
0.047602
0.038956
0.033592
0.044249
0.053884
0.069232
0.072801
0.086480
0.139746
0.177015
0.188963
0.146900
0.124356
0.100538
0.052538
0.038948
0.026017
0.026460
0.019152
0.009448
0.000445
0.012643
0.014863
0.018083
0.015801
0.007710
0.019729
0.026037
0.024643
0.011220
0.012395
0.014844
0.013982
0.007882
0.006201
0.001781
-0.024072
-0.030995
-0.000508
-0.013100
-0.008755
-0.025406
0.002698
-0.006173
-0.026340
-0.059168
-0.040939
-0.023281
0.001972
-0.003973
-0.002934
-0.003522
-0.042901
-0.064841
-0.023645
-0.041015
-0.020754
-0.052344
0.017427
-0.017999
-0.040943
-0.078800
-0.040608
-0.033463
-0.019893
-0.041244
-0.038112
-0.019430
-0.042761
-0.054018
-0.012533
-0.029702
-0.049352
-0.039691
0.011442
0.006128
-0.015211
-0.034786
-0.023506
-0.022224
0.015973
-0.002084
-0.020269
-0.016101
-0.044092
-0.047739
-0.019028
-0.026305
-0.031169
-0.040751
-0.006954
0.001399
-0.021837
-0.036339
-0.007670
-0.006939
0.002819
0.000134
-0.003518
-0.009201
-0.024927
-0.045336
0.000975
-0.008111
-0.018090
-0.026177
0.016359
0.007633
-0.006758
-0.048972
-0.032939
-0.018630
0.010012
-0.033045
-0.053497
-0.015336
-0.052835
-0.079401
-0.038619
-0.051379
-0.024158
-0.059165
-0.008400
-0.041138
-0.041849
-0.095790
-0.075425
-0.066901
-0.023457
-0.068010
-0.078369
-0.045236
-0.072964
-0.101342
-0.058300
-0.070139
-0.038624
-0.086130
-0.020010
-0.049632
-0.061319
-0.088175
-0.058759
-0.052214
-0.024228
-0.046024
-0.042699
-0.008363
-0.044616
-0.075042
-0.025369
-0.034530
-0.069881
-0.069496
-0.000718
-0.008132
-0.027312
-0.028190
-0.007201
0.008834
0.006279
-0.018153
-0.014773
0.012423
0.002310
-0.004897
0.018069
0.016564
-0.009255
0.015609
0.053626
0.068413
0.094217
0.125170
0.144192
0.174334
0.221426
0.280400
0.347244
0.434340
0.510123
0.660578
0.809230
0.886475
0.887342
0.867396
0.834064
0.729114
0.612849
0.426535
0.286329
0.245058
0.191068
0.135910
0.123696
0.135283
0.126661
0.127762
0.086672
0.067182
0.037798
0.012671
0.021596
0.029446
0.035770
0.036448
0.031267
0.029615
0.022670
0.020615
0.015648
0.023099
0.010137
0.011353
0.018057
0.023211
-0.000119
-0.003406
0.016806
0.032399
0.027760
0.032409
0.027046
0.030184
0.018082
0.013231
0.018841
0.031594
0.015282
0.008334
0.014756
0.022807
0.002178
-0.001948
0.013753
0.033220
0.039172
0.042045
0.038271
0.047866
0.045163
0.041249
0.033960
0.039361
0.025309
0.007610
0.014100
0.024637
0.011979
0.002448
0.022127
0.038796
0.043171
0.027231
0.018814
0.005632
0.016568
-0.000925
-0.014444
-0.014586
-0.037761
-0.054510
-0.018883
-0.016407
0.008018
-0.010024
0.008801
-0.018358
-0.032398
-0.059703
-0.038441
-0.031267
-0.007450
-0.028918
-0.029032
-0.009069
-0.041550
-0.047505
-0.018050
-0.028724
-0.052518
-0.040016
-0.004210
0.003119
-0.006586
-0.005624
0.003282
0.007980
0.007547
0.002057
0.008421
0.015221
0.008692
0.000232
0.008215
0.005385
-0.013414
-0.015808
0.000240
0.009197
0.014871
0.016777
0.013340
0.013067
0.002210
-0.006909
0.005678
0.014129
0.002689
0.000461
-0.001852
0.007808
-0.000230
-0.006264
0.003921
0.018112
0.015565
0.016102
0.017987
0.020374
0.008045
-0.000735
0.004886
0.009045
0.008339
0.001463
-0.000196
0.002998
-0.002859
-0.008296
0.001818
0.011078
0.015127
0.015264
0.012778
0.012125
0.004807
0.003510
0.002877
0.008526
0.006826
0.003995
0.003595
0.010204
0.011734
0.008116
0.006904
0.012965
0.021504
0.017356
0.018920
0.026053
0.024856
0.019026
0.012120
0.013959
0.013653
0.010332
0.012472
0.022888
0.027167
0.024245
0.014793
0.020201
0.029188
0.023603
0.025344
0.027971
0.019592
0.021492
0.018102
0.018611
0.008134
0.007224
0.009964
0.015537
0.010500
0.012606
0.015119
0.017829
0.022540
0.021281
0.018266
0.020504
0.012379
0.009252
0.008569
0.013592
0.008550
0.005944
0.011459
0.019964
0.012235
0.004108
0.005955
0.013935
0.016599
0.017880
0.017190
0.018349
0.006581
0.004319
0.009262
0.016067
0.011636
0.011574
0.010728
0.016515
0.004899
0.001440
0.013947
0.026143
0.030841
0.041487
0.038211
0.038272
0.039689
0.041847
0.040372
0.045067
0.043122
0.058227
0.058752
0.065131
0.095146
0.118302
0.116528
0.092897
0.079369
0.079532
0.051389
0.049584
0.041193
0.028371
0.022168
0.027284
0.014557
0.015744
0.008378
0.018471
0.009800
0.012795
0.021604
0.032889
0.038875
0.028015
0.022774
0.019460
0.025232
0.002042
-0.009363
-0.008998
-0.015614
-0.022276
-0.006632
0.000799
0.006054
-0.012333
0.006883
-0.000004
-0.015910
-0.034041
-0.021777
-0.017541
-0.002792
-0.021668
-0.011589
-0.000314
-0.029147
-0.040859
-0.010805
-0.016088
-0.021832
-0.026355
-0.006824
-0.010710
-0.020703
-0.022361
-0.006894
-0.002573
0.004928
-0.006163
-0.004163
0.008519
-0.003884
-0.015635
-0.002368
-0.008030
-0.028816
-0.017132
0.015948
0.025152
0.017178
0.017864
0.023541
0.024768
0.009021
0.008174
0.012030
0.016040
0.010695
0.005299
0.008926
0.016131
0.007401
0.003856
0.009041
0.016361
0.023398
0.029189
0.027369
0.024461
0.007995
0.004225
0.008316
0.015418
0.009250
0.011011
0.008279
0.011077
0.004872
0.002496
0.005649
0.015441
0.020968
0.020026
0.014630
0.017999
0.013534
0.009478
0.008645
0.008232
0.005802
0.005211
0.003021
0.007896
0.014179
0.004676
-0.003501
0.010773
0.026277
0.015911
0.009184
0.009226
0.010208
0.008316
0.005436
0.003903
0.003799
-0.001247
0.000518
0.005058
0.003707
0.004090
-0.002991
0.004908
0.012679
0.016408
0.012350
0.012874
0.003244
0.007095
0.007460
0.011116
0.007889
0.002396
0.004517
0.012417
0.014752
0.020238
0.020865
0.025381
0.036403
0.039073
0.037980
0.025543
0.008662
0.008246
0.014890
0.013259
-0.003245
-0.001716
0.006651
0.014757
0.013212
0.010972
0.012145
0.021266
0.022891
0.016742
0.005121
-0.003732
-0.000365
-0.000903
-0.003318
-0.006708
-0.019537
-0.017784
0.007523
0.000697
-0.015693
-0.019299
0.008458
0.013823
-0.001032
-0.025167
-0.016845
-0.007185
-0.002879
-0.015805
-0.012132
-0.004375
-0.027470
-0.038789
-0.011501
-0.018219
-0.001642
-0.017720
0.005888
-0.014927
-0.034176
-0.061648
-0.058447
-0.038919
-0.013088
-0.059353
-0.072924
-0.039854
-0.066867
-0.087232
-0.048645
-0.070976
-0.038096
-0.074761
0.002125
-0.047433
-0.071353
-0.095851
-0.051817
-0.050089
-0.013642
-0.040417
-0.028734
-0.006011
-0.032781
-0.042832
-0.010633
-0.029422
-0.053021
-0.042570
0.004012
0.014127
0.008678
0.003485
-0.001383
0.005022
0.005364
-0.007001
0.001241
0.011743
0.001615
-0.010367
0.000154
0.001372
-0.014949
-0.015521
0.005754
0.017524
0.014232
0.019931
0.024387
0.020741
0.002521
0.000359
0.005421
0.010788
0.006074
0.005750
0.001940
0.004524
-0.002837
-0.001656
0.001494
0.008929
0.015576
0.027099
0.022640
0.027150
0.024913
0.020852
0.013729
0.019585
0.013368
0.006866
0.004635
0.015633
0.017127
0.019041
0.023700
0.026535
0.026887
0.028578
0.026188
0.025638
0.018038
0.016562
0.017208
0.017222
0.013503
0.011359
0.011094
0.014966
0.010547
0.008514
0.000341
0.007598
0.018629
0.025353
0.024351
0.024145
0.013606
0.010178
0.008570
0.014534
0.007419
0.008282
0.006537
0.014250
0.001394
-0.003792
0.011581
0.030186
0.026226
0.025477
0.020634
0.025813
0.017022
0.007155
0.008113
0.015758
0.016160
0.013557
0.006777
0.006421
0.003446
0.001958
0.013966
0.019668
0.017004
0.019968
0.022701
0.024928
0.012404
0.003004
0.007668
0.016789
0.006698
0.000911
-0.002289
0.004317
-0.000760
-0.004110
0.004285
0.017389
0.025359
0.025567
0.021904
0.014235
0.004165
0.006042
0.009812
0.010431
0.007567
0.004537
0.002653
0.009200
0.003933
0.000738
0.008839
0.018926
0.021498
0.017669
0.015663
0.012087
-0.001393
-0.000485
0.002714
0.006185
0.003793
0.000373
0.002372
0.010868
0.001704
-0.003289
0.003756
0.011669
0.018143
0.017741
0.012960
0.014351
0.003545
0.001735
0.004752
0.011507
0.007655
0.002096
0.003349
0.010079
-0.000010
-0.001365
0.007495
0.017577
0.020868
0.028449
0.027267
0.026361
0.020896
0.023136
0.017474
0.017508
0.016147
0.014496
0.006546
0.017772
0.021481
0.010456
0.005748
0.011028
0.017348
0.019072
0.018322
0.015791
0.007877
0.010588
0.009339
0.008744
0.007194
0.005977
0.004454
0.010292
0.010050
0.009584
0.003103
0.009677
0.013755
0.014737
0.010896
0.010674
-0.001910
0.002624
0.006386
0.007898
0.005692
0.001846
-0.000100
0.007195
0.008152
0.000358
-0.001782
0.009757
0.018117
0.018695
0.018226
0.016230
0.004994
0.006352
0.012119
0.017961
0.008411
0.002832
0.003996
0.012219
0.006743
-0.000296
0.008822
0.019221
0.021639
0.028462
0.019698
0.015996
0.006716
0.005056
0.004734
0.012034
0.002929
-0.003250
-0.000196
0.005092
0.001157
0.005028
0.013689
0.021346
0.023776
0.022251
0.028556
0.023504
0.010010
0.001232
0.006135
0.009833
0.008142
0.003555
0.007557
0.010259
-0.000586
-0.008025
0.009046
0.018925
0.022233
0.024905
0.026376
0.028036
0.022450
0.021213
0.018712
0.028757
0.018707
0.012621
0.015313
0.024462
0.006291
0.000423
0.012761
0.019069
0.023577
0.024266
0.018909
0.017378
0.002992
-0.001945
0.010751
0.017104
0.008465
0.007327
0.011764
0.014729
0.006439
0.001161
0.004084
0.014240
0.014653
0.016108
0.010405
0.011961
0.007562
0.007770
0.012281
0.017802
0.004296
0.003186
0.005223
0.003563
-0.009588
-0.004867
0.006564
0.007065
0.012022
0.021051
0.024408
0.020205
0.012850
0.008985
0.006183
0.013752
0.013264
0.009121
0.006950
0.011264
0.000034
-0.004742
0.008387
0.018669
0.016227
0.011865
0.010758
0.015625
0.004016
0.004115
0.009194
0.013033
0.005555
0.003044
0.004165
0.007577
0.002186
-0.001020
-0.000777
0.005630
0.013223
0.014519
0.013016
0.018731
0.010729
0.012686
0.014520
0.013195
0.005938
0.002381
0.002232
0.014760
0.009673
0.001811
0.001596
0.013558
0.022852
0.024170
0.021079
0.019357
0.019520
0.023726
0.013950
0.022847
0.023964
0.028685
0.024333
0.031989
0.077982
0.096243
0.111627
0.082248
0.082723
0.071105
0.038045
0.026212
0.029862
0.013936
0.000794
-0.010217
-0.013777
-0.006885
0.000109
-0.003307
0.009049
-0.007536
0.004101
0.008288
0.001511
-0.009338
-0.018827
-0.016292
0.001712
-0.010545
-0.017623
-0.005417
-0.033892
-0.037189
-0.017244
-0.012786
-0.025608
-0.028557
-0.000466
0.015326
-0.001286
-0.012688
-0.001800
0.002671
0.001468
-0.007206
-0.001507
0.006949
-0.018359
-0.033175
0.000274
0.007989
-0.006129
-0.008654
0.013518
0.011425
-0.011701
-0.021163
-0.003071
-0.003185
-0.000033
-0.011764
-0.007166
0.001686
-0.021919
-0.027641
-0.005157
-0.016951
-0.017199
-0.016119
0.002406
-0.002728
-0.014401
-0.012339
0.004182
0.000487
0.005616
0.003251
0.004656
0.007898
0.005053
-0.002907
0.004842
-0.000853
-0.018202
-0.012356
0.007588
0.013432
0.011939
0.016494
0.024277
0.022022
0.008033
0.010216
0.011100
0.012033
0.001846
0.000270
0.002471
0.005578
-0.000713
-0.000073
0.006531
0.014861
0.018952
0.023822
0.018599
0.022586
0.010850
0.012439
0.009876
0.012198
0.005161
0.007465
0.003806
0.011768
0.009863
0.005293
-0.000774
0.010489
0.021994
0.021001
0.016745
0.021096
0.023827
0.024443
0.015593
0.016049
0.012129
0.008322
0.005224
0.013065
0.010576
0.006908
0.003731
0.012609
0.024998
0.033841
0.023192
0.016117
0.003858
0.005985
0.006723
0.015931
0.009239
0.010292
0.009676
0.015076
0.002336
-0.003072
0.009972
0.019530
0.018452
0.022304
0.024362
0.023384
0.007566
0.007813
0.012900
0.016952
0.012113
0.009904
0.013174
0.014937
0.011214
0.006641
-0.000998
0.004772
0.017503
0.020919
0.021507
0.018399
0.017241
0.018713
0.014933
0.014176
0.014562
0.012886
0.016269
0.021415
0.022901
0.028051
0.020878
0.022241
0.029484
0.032402
0.029067
0.021024
0.009667
0.011399
0.007741
0.007675
0.005152
0.006493
0.006042
0.014290
0.008485
0.003918
0.003181
0.009708
0.018017
0.023305
0.018740
0.022284
0.020335
0.017353
0.018195
0.023185
0.015421
0.013806
0.012955
0.022043
0.021093
0.018801
0.018671
0.027203
0.031652
0.031190
0.031000
0.031519
0.025831
0.020196
0.019957
0.022068
0.021032
0.020672
0.019260
0.014837
0.012267
0.009334
-0.002049
0.002068
0.019806
0.027701
0.028502
0.030316
0.017560
0.006768
0.007879
0.015903
0.015389
0.015552
0.009309
0.003187
0.000952
0.012520
0.020104
0.022050
0.025162
0.030816
0.026218
0.026647
0.011206
0.000570
0.004180
0.014900
0.013740
0.013073
0.010246
0.017425
0.007868
0.001552
0.013966
0.026169
0.027297
0.027782
0.028146
0.027464
0.021087
0.019804
0.014514
0.015796
0.016167
0.013453
0.010896
0.010128
0.014840
0.025492
0.021398
0.021601
0.023751
0.026829
0.024179
0.019920
0.004954
-0.001922
0.006386
0.011995
0.016565
0.017086
0.006945
0.006098
0.004033
0.001005
0.009935
0.017629
0.018126
0.015698
0.020919
0.020450
0.007122
0.005075
0.012199
0.013992
0.005568
0.004898
0.002216
0.006328
0.001058
-0.004869
0.001570
0.010506
0.013944
0.019156
0.012882
0.008605
0.001948
0.009599
0.007955
0.011226
0.006823
0.004180
0.002950
0.009247
0.007903
0.002917
0.007687
0.014633
0.022166
0.021243
0.017776
0.018604
0.013784
0.011295
0.013424
0.012482
0.007669
0.006743
0.003444
0.004762
-0.000563
0.006635
0.005089
0.013044
0.017969
0.023837
0.021965
0.011421
0.001541
0.003403
0.005363
0.008825
0.005635
0.007345
0.004851
0.006138
0.001292
-0.000356
0.009656
0.015929
0.019320
0.021243
0.018542
0.014403
0.009217
0.012073
0.009430
0.012647
0.014747
0.019465
0.009298
0.010877
0.004404
0.002354
0.011082
0.019031
0.021531
0.028301
0.026954
0.030628
0.022342
0.012484
0.017681
0.023390
0.014088
0.012826
0.013778
0.014584
0.005097
0.001035
0.004091
0.016745
0.022452
0.020372
0.014626
0.017714
0.008691
0.007368
0.008910
0.015738
0.005850
0.000905
0.005954
0.012504
-0.000988
-0.007955
0.005101
0.020575
0.024385
0.031615
0.019225
0.024329
0.018790
0.014813
0.014056
0.021126
0.007627
0.004867
0.006884
0.018920
0.010636
0.006626
0.014037
0.023410
0.027102
0.027273
0.018583
0.019539
0.013399
0.009355
0.009558
0.017382
0.012811
0.008693
0.007941
0.012498
0.001973
0.000849
0.014139
0.025068
0.020676
0.022569
0.023248
0.028526
0.017396
0.015604
0.011000
0.018895
0.009058
0.010509
0.003523
0.010117
0.000333
-0.004359
0.007892
0.020964
0.023129
0.025380
0.022823
0.025449
0.017074
0.014321
0.014005
0.026416
0.019622
0.018240
0.019867
0.022068
0.021994
0.019172
0.015979
0.017716
0.021256
0.026677
0.024094
0.021136
0.003806
-0.003932
0.000821
0.007542
0.009869
0.009242
0.004736
0.006422
0.005270
0.005111
0.009327
0.015641
0.023945
0.021146
0.019560
0.019465
0.013621
0.011247
0.014657
0.015673
0.006320
0.010022
0.008680
0.015993
0.013335
0.011993
0.016054
0.027328
0.032568
0.032954
0.025436
0.027488
0.022158
0.025035
0.016010
0.017048
0.011961
0.010573
0.014240
0.020737
0.017023
0.012057
0.006353
0.009231
0.016118
0.024249
0.022389
0.019087
0.005302
-0.004221
0.005500
0.013927
0.007375
0.009632
0.011949
0.012103
-0.002879
-0.004865
0.015256
0.026085
0.028019
0.026773
0.022298
0.029958
0.027881
0.013637
0.011465
0.020308
0.018049
0.013723
0.011755
0.011728
0.007650
0.009632
0.006544
0.014978
0.027659
0.032308
0.026407
0.025474
0.010539
0.006402
0.009010
0.015505
0.011606
0.009297
0.012033
0.016877
0.009795
0.007313
0.014179
0.027523
0.033308
0.029766
0.022704
0.026528
0.024762
0.018832
0.015838
0.021608
0.013698
0.013469
0.014835
0.019026
0.020048
0.019561
0.020818
0.023427
0.027235
0.028284
0.030726
0.029200
0.017620
0.014282
0.014136
0.016040
0.012671
0.013031
0.012227
0.019469
0.012997
0.011208
0.011627
0.019687
0.024570
0.022922
0.025337
0.022639
0.004089
0.007317
0.013343
0.014493
0.011369
0.011227
0.009216
0.012844
0.010119
0.008234
0.003813
0.009497
0.018158
0.016698
0.018591
0.014113
0.002208
0.007911
0.016360
0.018531
0.010554
0.011163
0.015074
0.014948
0.003930
-0.002323
0.001299
0.006021
0.011995
0.016603
0.016892
0.022747
0.016551
0.009074
0.007474
0.017451
0.014328
0.011890
0.013023
0.018920
0.015301
0.018599
0.029820
0.037930
0.032078
0.033183
0.038304
0.035316
0.019792
0.016850
0.023129
0.028215
0.011403
0.015947
0.019743
0.021282
0.010828
0.002807
0.019194
0.028974
0.028674
0.027325
0.022034
0.031223
0.029078
0.012348
0.009020
0.020461
0.014624
0.015903
0.016708
0.020439
0.038999
0.050475
0.051178
0.038550
0.038957
0.043717
0.032445
0.025585
0.013016
0.008534
0.013679
0.018931
0.013664
0.007487
0.007140
0.014111
0.003792
-0.006371
0.003584
0.010601
0.018595
0.022537
0.015299
0.014509
0.011794
0.009236
0.009475
0.013528
0.006614
-0.001938
0.002254
0.007638
-0.003829
-0.006428
-0.000507
0.007306
0.013060
0.015812
0.011276
0.017439
0.013102
0.012195
0.010377
0.009041
0.005431
0.003223
0.003604
0.010060
0.012726
0.014452
0.010852
0.015718
0.022885
0.023877
0.020345
0.016293
0.009614
0.014780
0.019393
0.020841
0.013955
0.013177
0.013812
0.015184
0.010936
0.011720
0.008189
0.012814
0.023736
0.035906
0.027422
0.025556
0.022098
0.016843
0.013967
0.024274
0.017553
0.014963
0.019800
0.027132
0.051351
0.057126
0.052462
0.048760
0.057560
0.062057
0.046778
0.037870
0.025659
0.025780
0.024973
0.031556
0.024152
0.027255
0.023754
0.020468
0.010238
0.015853
0.022336
0.029079
0.031828
0.044007
0.041172
0.034042
0.020239
0.017286
0.010368
0.012801
0.029192
0.021519
0.019016
0.018052
-0.005372
-0.040609
-0.058559
