-0.009838
0.009626
-0.016272
-0.026390
-0.061401
-0.018506
-0.062407
-0.085347
-0.038263
-0.062204
-0.079435
-0.028151
-0.046354
0.004614
-0.033762
0.014318
-0.031229
-0.044121
-0.082661
-0.056328
-0.053528
-0.017848
-0.041320
-0.052333
-0.021327
-0.048807
-0.067319
-0.028814
-0.040320
-0.060501
-0.060914
0.013419
0.012004
-0.016473
-0.019959
-0.015293
0.010680
0.023660
0.010330
0.019032
0.041370
0.025121
-0.001558
0.022001
0.022406
-0.014633
-0.005404
0.023864
0.048102
0.059495
0.072811
0.077226
0.070469
0.043547
0.038097
0.042193
0.046025
0.036013
0.026514
0.026170
0.032284
0.014000
0.012246
0.030711
0.039203
0.050469
0.058655
0.047581
0.044630
0.033270
0.029154
0.029796
0.031996
0.006721
0.006173
0.019176
0.025931
0.010895
0.020748
0.034536
0.040942
0.037873
0.044091
0.037521
0.034475
0.024050
0.021084
0.019585
0.016091
-0.005909
-0.005365
0.005309
0.022026
0.009443
0.003512
0.030961
0.049962
0.050858
0.058927
0.058062
0.059781
0.059417
0.055629
0.076040
0.079865
0.070341
0.051994
0.038927
0.040958
0.034012
0.026998
0.031099
0.025917
0.031687
0.034358
0.040615
0.032078
0.041455
0.037478
0.025820
0.003902
-0.013480
-0.002510
0.022472
0.020706
0.004755
-0.000189
0.026630
0.027498
0.017813
0.021763
0.002461
0.002063
0.012709
0.002112
0.003131
0.006949
-0.011217
-0.019441
-0.001287
0.007674
-0.012161
-0.005717
0.026489
0.041142
0.043639
0.049519
0.046191
0.053810
0.051037
0.053819
0.058677
0.076058
0.080995
0.075904
0.067042
0.061344
0.064831
0.080237
0.091851
0.078965
0.083713
0.088568
0.060294
0.043168
0.029953
0.027389
0.018779
0.016744
0.019597
0.025634
0.031496
0.024777
0.005919
0.002308
0.014170
0.028736
0.039453
0.052000
0.043479
0.044229
0.039404
0.041295
0.051988
0.067402
0.057861
0.044503
0.041406
0.045930
0.038132
0.048273
0.058578
0.062357
0.061672
0.055851
0.043948
0.042137
0.023092
0.016734
0.025025
0.028108
0.008743
0.011516
0.024373
0.017756
0.005096
0.009338
0.011623
0.008599
0.015660
0.006181
0.007792
0.003980
0.006975
-0.001411
-0.010179
-0.008423
-0.017669
-0.017467
-0.005357
-0.005049
-0.001496
-0.011240
-0.005369
-0.007433
-0.011538
-0.023481
-0.004974
-0.006043
0.004844
-0.013084
-0.010428
-0.006230
-0.010710
-0.027435
-0.014742
-0.004698
0.025751
0.017909
0.003509
-0.005930
0.023687
0.020420
0.020375
0.020128
0.030547
0.007204
0.005984
0.009071
-0.002272
-0.010426
-0.019518
-0.017414
-0.000806
-0.011741
-0.017765
-0.024464
-0.005641
-0.012929
0.010694
0.013307
0.028550
0.004092
-0.002333
-0.005490
-0.029645
-0.045397
-0.027958
-0.032524
-0.025096
-0.034529
0.010248
-0.004705
-0.024645
-0.033397
-0.016914
-0.013201
0.011817
-0.009588
-0.016410
-0.007615
-0.030158
-0.037293
-0.006298
-0.020091
-0.015862
-0.034738
0.003459
-0.003617
-0.014143
-0.035923
-0.019049
-0.014371
0.003895
-0.008413
0.003497
0.009257
-0.012513
-0.039860
0.003476
-0.008772
-0.002471
-0.023529
0.018705
-0.013035
-0.022861
-0.081466
-0.066589
-0.047196
-0.011220
-0.089032
-0.120071
-0.061653
-0.080584
-0.124386
-0.071397
-0.097621
-0.034944
-0.098129
-0.038045
-0.099054
-0.098984
-0.161023
-0.114113
-0.094472
-0.051260
-0.104962
-0.097830
-0.038612
-0.078280
-0.135547
-0.086848
-0.101401
-0.072235
-0.117633
-0.040421
-0.082161
-0.082980
-0.124667
-0.062811
-0.051286
-0.026010
-0.066456
-0.039927
-0.008132
-0.053703
-0.085509
-0.033365
-0.040429
-0.069152
-0.072918
0.012655
0.020497
-0.015076
-0.047373
-0.021392
-0.006436
0.006086
0.003983
-0.003300
-0.011777
-0.044001
-0.066484
-0.027648
-0.008852
-0.008950
-0.039877
0.003239
-0.005964
-0.025172
-0.042484
-0.021204
-0.033093
-0.006513
-0.012303
-0.025366
-0.012454
-0.045928
-0.064016
-0.018296
-0.025362
-0.035166
-0.034480
0.018282
0.010661
-0.011862
-0.020235
-0.010917
-0.001115
0.018283
-0.000424
-0.016526
-0.001335
-0.025747
-0.036240
-0.004534
-0.006258
-0.038052
-0.035048
0.000541
0.014034
0.003189
0.012573
0.018612
0.023719
0.022543
0.018975
0.020127
0.035733
0.038109
0.032566
0.046130
0.043909
0.048333
0.088069
0.122119
0.135002
0.134660
0.134080
0.145609
0.153787
0.139380
0.133572
0.128747
0.140135
0.149023
0.166051
0.175594
0.205984
0.220476
0.241219
0.227717
0.184827
0.161382
0.136995
0.091405
0.072937
0.054535
0.044672
0.033905
0.042864
0.055382
0.059723
0.041434
0.036617
0.037452
0.058378
0.096495
0.095626
0.088893
0.098706
0.134250
0.128556
0.104730
0.100027
0.088791
0.083815
0.086528
0.076672
0.047058
0.042068
0.027615
0.025378
0.043251
0.060104
0.064372
0.072007
0.080640
0.085721
0.056409
0.041812
0.037858
0.044622
0.034923
0.030433
0.022028
0.028412
0.019476
0.023753
0.037108
0.052966
0.058661
0.062863
0.075691
0.072361
0.061352
0.065124
0.071360
0.067939
0.051598
0.036159
0.044983
0.051062
0.037491
0.022825
0.028325
0.028217
0.040006
0.015338
-0.001274
0.002656
0.008750
-0.012303
0.007290
-0.003525
-0.031424
-0.053519
-0.019143
-0.045990
0.008804
-0.052133
0.009868
-0.057978
-0.068828
-0.120033
-0.058285
-0.070548
-0.034121
-0.057879
-0.042086
-0.022557
-0.065641
-0.093303
-0.052617
-0.057136
-0.059152
-0.090480
-0.021888
-0.033863
-0.044102
-0.089856
-0.049329
-0.034446
-0.002926
-0.039928
-0.024940
-0.005833
-0.048498
-0.066858
-0.030426
-0.026402
-0.042241
-0.045858
-0.010354
-0.006714
-0.016799
-0.019943
0.001024
0.001263
0.003396
-0.009232
-0.005060
-0.004412
-0.021366
-0.024291
-0.003225
-0.003888
-0.020163
-0.019255
0.012211
0.022383
0.010101
0.001050
0.002273
0.009701
0.013228
0.000001
0.000700
0.002064
-0.009564
-0.023488
-0.003889
0.000267
-0.005964
-0.012901
0.003677
0.004437
0.002795
-0.004282
0.010204
0.009315
0.015644
0.004862
0.007758
0.010539
0.008025
0.002488
0.007573
-0.005996
0.002738
0.006631
0.008512
0.009019
0.028802
0.021067
0.018628
0.017894
0.017437
0.001876
0.001024
0.005609
0.001666
-0.004906
-0.000480
-0.007522
-0.000738
-0.002667
0.006676
0.009599
0.024631
0.014079
0.023474
0.013845
0.016608
0.009273
0.008188
-0.000346
-0.010735
-0.026960
-0.017847
-0.016914
-0.003720
-0.019360
-0.005441
-0.006742
-0.010800
-0.024452
-0.004012
0.000240
0.011933
-0.002036
0.002858
0.009774
-0.005023
-0.024525
-0.009219
-0.008058
0.003423
-0.004034
0.005468
-0.000732
0.014047
0.008150
0.018464
0.020999
0.031224
0.001435
0.005065
0.006513
-0.010836
-0.016736
0.001048
-0.008007
-0.013959
-0.019103
0.000584
0.001916
-0.003779
-0.015688
0.010395
0.016426
0.019800
0.005602
-0.000952
0.012865
0.001719
0.006964
0.016544
0.013377
0.033185
0.044963
0.053562
0.026935
0.069927
0.058945
0.026822
0.032995
0.027128
0.024291
0.022968
0.051653
0.052133
0.059025
0.031625
0.058132
0.103568
0.095411
0.095418
0.062842
0.119444
0.072945
0.025075
0.033995
0.039174
-0.006302
-0.028504
-0.028907
-0.046111
-0.055377
-0.034171
-0.044337
-0.017448
-0.076944
-0.013608
-0.045854
-0.058462
-0.106775
-0.065078
-0.066681
-0.026489
-0.086211
-0.094713
-0.038045
-0.068575
-0.093763
-0.047706
-0.083800
-0.080246
-0.088867
0.000724
-0.028100
-0.048257
-0.087759
-0.049173
-0.043880
-0.006631
-0.030907
-0.023674
-0.001916
-0.046449
-0.070247
-0.034120
-0.024266
-0.043785
-0.055372
-0.002072
0.010945
-0.010983
-0.031249
-0.001396
0.008398
0.014759
-0.002893
0.002514
-0.000335
-0.001932
-0.020907
-0.038961
-0.008972
0.035025
0.019338
0.011153
0.009413
0.050858
0.019260
0.021963
0.018139
0.012477
-0.003299
0.003921
-0.004121
-0.017576
-0.021163
-0.005100
-0.029661
-0.014047
-0.032176
-0.004691
-0.014272
-0.022136
-0.033156
0.004022
0.006432
0.022182
0.005744
0.004139
0.009694
-0.008375
-0.020689
-0.000239
-0.009658
-0.002763
-0.013844
-0.004575
-0.012292
-0.010276
-0.018045
-0.000794
0.013833
0.018170
-0.010192
-0.014357
0.001352
0.002432
-0.003962
-0.008980
-0.003026
0.021985
0.029419
0.035938
0.035392
0.074143
0.065120
0.042301
0.038532
0.035710
0.044233
0.027955
0.048676
0.071644
0.093620
0.079425
0.087280
0.131421
0.120527
0.116931
0.076575
0.118713
0.104496
0.055995
0.048633
0.038730
0.030155
0.011913
0.021745
0.023531
0.017224
0.026681
0.017214
-0.003283
0.002042
0.031811
0.040656
0.038632
0.049501
0.053041
0.058262
0.051282
0.039159
0.019292
0.032180
0.014790
0.010582
0.016833
0.018572
-0.000444
0.004413
0.031832
0.040116
0.044731
0.044199
0.044346
0.031475
0.031633
0.035034
0.044583
0.044623
0.026898
0.010651
0.020421
0.023642
0.032869
0.006795
0.016869
0.003130
-0.011154
-0.037953
-0.036850
-0.013660
0.005910
-0.046986
-0.051722
-0.028868
-0.068960
-0.095323
-0.045201
-0.057056
-0.021735
-0.070825
-0.016553
-0.073665
-0.082468
-0.120789
-0.080569
-0.065558
-0.050869
-0.075676
-0.054606
-0.024945
-0.060910
-0.083975
-0.043232
-0.050443
-0.055721
-0.054136
-0.007289
-0.019555
-0.035057
-0.038776
0.006180
0.004866
0.015190
-0.006753
0.000704
0.011013
-0.004618
-0.010153
-0.015844
-0.022682
-0.018870
-0.011656
0.008287
0.012923
0.011809
0.002069
0.005948
0.014798
0.026140
0.002820
-0.007757
0.000879
-0.005794
-0.009516
-0.002813
-0.002966
0.010828
0.002349
-0.008710
-0.013555
-0.008586
-0.014951
0.023790
0.016553
0.014235
-0.003913
-0.002145
-0.009191
-0.026528
-0.039346
-0.010076
-0.010852
-0.001256
-0.016713
-0.006313
-0.014611
-0.028680
-0.042276
-0.010393
-0.008303
0.001340
-0.020176
-0.007838
-0.002448
-0.021140
-0.028067
-0.005337
-0.015350
-0.030791
-0.033499
-0.000460
-0.004274
-0.008881
-0.020431
-0.009873
-0.002874
0.011287
-0.015170
-0.014897
-0.008471
-0.010755
-0.016595
-0.000568
-0.010040
-0.017792
-0.015167
0.002011
0.006668
0.016326
0.012963
0.010695
0.007692
0.014379
-0.006242
-0.009732
-0.004670
-0.013467
-0.023251
-0.004928
-0.005850
0.010133
0.008566
0.001622
-0.004811
-0.007747
-0.007555
0.009420
0.008044
0.011411
-0.016536
-0.021175
-0.014979
-0.037401
-0.044090
-0.017674
-0.021591
-0.015235
-0.029730
0.000301
0.002087
-0.012372
-0.025257
-0.006016
0.000045
0.018159
0.002479
0.000076
0.004829
-0.017540
-0.023302
0.006826
0.005345
-0.013205
-0.014221
0.005186
0.010785
0.006189
0.000017
0.003311
0.001991
0.014649
0.004118
-0.005224
0.000961
-0.013239
-0.025892
-0.006229
-0.000091
-0.004448
-0.011390
0.001151
0.006800
0.003404
-0.001902
0.004127
0.005139
0.013871
-0.005393
-0.010619
-0.000749
-0.016460
-0.024482
-0.017751
-0.011865
-0.008985
-0.008264
0.001074
0.002901
0.014789
0.014275
0.022013
0.022324
0.018317
0.009089
0.013758
0.006713
-0.000202
-0.005393
0.001850
0.000895
0.008267
-0.000285
0.006487
0.001269
0.009540
0.005059
0.019011
0.023649
0.021543
0.011231
0.003150
-0.000636
-0.009090
-0.004111
-0.007937
-0.011390
0.008689
-0.003530
-0.016758
-0.026487
-0.000655
0.000592
0.013346
0.011852
0.018259
0.007292
0.006517
0.016768
0.002215
-0.002608
0.007000
0.000678
-0.001757
0.005159
0.002509
0.007502
0.018064
0.013724
0.018252
0.021493
0.011673
-0.003312
-0.000100
0.005668
-0.003526
-0.006732
0.000692
-0.004648
-0.010534
-0.010687
0.005260
0.006084
0.000370
-0.009038
0.004943
0.002725
0.016017
-0.000682
-0.022671
-0.016481
-0.020850
-0.027918
-0.009220
-0.005043
0.005330
-0.014992
-0.009747
-0.010955
-0.008618
-0.013814
-0.002933
-0.001609
0.004689
-0.020567
-0.009811
-0.001668
-0.017501
-0.033435
-0.015448
-0.006708
-0.008164
-0.006517
0.001226
-0.003323
-0.000371
0.003416
0.013966
0.007380
0.011899
-0.001213
0.001521
0.003416
-0.002813
-0.010308
-0.001064
-0.008327
-0.005921
-0.006548
0.007985
0.003778
0.003834
0.000872
0.013329
0.011801
0.032679
0.012611
-0.007793
-0.009799
-0.024436
-0.040395
-0.020250
-0.013360
-0.008768
-0.020357
-0.002171
-0.002814
0.002643
-0.015781
-0.000591
0.005317
0.021512
-0.004721
-0.002027
0.007479
-0.012353
-0.031688
-0.005227
-0.008393
-0.000408
0.003212
0.004259
-0.004923
-0.001575
0.002538
0.018189
0.018375
0.026398
0.009490
-0.009216
0.009626
0.009863
0.005729
-0.011438
0.001466
0.026972
0.028714
0.026171
0.024777
0.066587
0.036980
0.028617
0.040510
0.034717
0.009451
0.005484
0.001627
-0.005538
-0.010504
-0.001633
-0.005569
-0.002631
-0.017547
-0.017640
-0.017336
-0.001940
-0.014788
-0.000499
-0.002755
0.009441
-0.008623
-0.003399
-0.007167
-0.017660
-0.026612
-0.013085
-0.016901
-0.008131
-0.016939
0.001747
-0.000369
-0.004220
-0.015422
-0.006777
-0.007801
0.016432
0.002261
0.008328
0.004718
-0.005602
-0.012571
-0.010753
-0.009820
0.032032
0.034922
0.068005
0.057675
0.097905
0.078121
0.046107
0.032269
0.041007
0.026854
0.003422
-0.004397
-0.005470
-0.008976
-0.011496
-0.021513
-0.018982
-0.030348
0.010625
0.006384
-0.017359
-0.032425
-0.017268
-0.001337
0.011921
-0.008090
-0.018660
-0.007207
-0.025234
-0.041304
-0.008281
-0.016732
-0.024102
-0.027386
0.003578
-0.004037
-0.003882
-0.008841
-0.020643
-0.016272
0.011726
0.003588
0.003870
0.008161
-0.011164
-0.031150
-0.000028
-0.005445
0.003949
-0.006491
0.012658
0.003147
-0.008312
-0.014112
-0.010758
-0.005572
0.014304
-0.003633
-0.023763
-0.015385
-0.030539
-0.037418
-0.017363
-0.021542
-0.016719
-0.018523
0.000302
-0.009425
-0.002978
-0.013598
-0.013994
-0.009258
0.015168
-0.005313
-0.020741
-0.003956
-0.026528
-0.039094
-0.017779
-0.016616
-0.024368
-0.021808
-0.002575
-0.001050
-0.011876
-0.008575
0.000783
0.000957
0.009095
0.002049
-0.002491
-0.000722
-0.006431
-0.017958
-0.007468
-0.005679
-0.008180
-0.009542
0.007351
0.014617
0.003226
-0.004219
-0.000302
0.009583
0.012173
-0.015240
-0.014477
-0.006544
-0.031592
-0.039042
-0.021924
-0.019018
-0.010524
-0.021556
0.000224
-0.004362
-0.018939
-0.035200
-0.010202
-0.004387
0.010082
-0.010221
-0.009368
0.006406
-0.012540
-0.028526
-0.002107
-0.006004
-0.014421
-0.022717
-0.002285
-0.007213
-0.006703
-0.006503
-0.002708
-0.004650
0.012793
-0.005080
-0.017181
-0.007188
-0.016946
-0.027939
-0.006779
-0.001026
-0.010068
-0.014945
-0.001954
0.008721
0.011448
0.004708
0.013782
0.019720
0.018051
-0.000073
-0.007371
0.001388
0.000127
-0.010811
0.000516
0.005015
0.002175
-0.003747
0.005756
0.011342
0.015965
0.017825
0.017857
0.013159
0.008681
0.002138
0.010751
0.008394
-0.008617
-0.013687
-0.004504
-0.004404
-0.001032
-0.000510
0.000814
-0.006778
-0.010348
-0.022622
0.003481
-0.003041
-0.002946
-0.014788
-0.000977
-0.002963
-0.028907
-0.036426
-0.012355
-0.008951
-0.004904
-0.027663
-0.022059
-0.016507
-0.018923
-0.033875
-0.008027
-0.000568
0.005428
-0.016714
-0.003411
0.006271
-0.007044
-0.014478
-0.002245
0.005954
0.014632
0.009876
0.024828
0.036010
0.059228
0.036358
0.024694
0.029817
0.018277
0.010950
0.003840
0.013493
0.016850
0.017222
0.006559
0.008536
0.022557
0.019154
0.029585
0.029212
0.047835
0.031130
0.025069
0.023599
0.022539
0.005794
0.006293
-0.004149
-0.009196
-0.013012
-0.005031
-0.008453
0.005687
-0.011645
0.003002
-0.008152
-0.019354
-0.024606
-0.005169
-0.006067
0.012938
-0.006571
-0.019564
-0.019255
-0.028804
-0.035222
-0.019496
-0.018245
-0.022293
-0.019083
-0.008448
-0.003617
-0.006208
-0.021481
-0.002941
0.005831
0.005368
-0.012792
-0.001423
0.000645
-0.007248
-0.015811
0.000596
-0.014417
-0.017076
-0.017501
0.001506
-0.009621
-0.006043
-0.006990
0.004729
0.000863
0.006969
-0.016113
-0.010656
0.001699
-0.006681
-0.017945
-0.002143
-0.013254
-0.026796
-0.018049
0.007398
0.009269
-0.002897
-0.000288
0.013254
0.011412
0.013513
0.004757
0.007448
0.004387
-0.011407
-0.022729
-0.000677
0.002577
-0.005790
-0.015928
0.001558
0.009719
-0.002539
-0.006907
0.011587
0.012534
0.008153
-0.007383
-0.008848
-0.004346
-0.013458
-0.018786
-0.007383
-0.001444
-0.008534
-0.009088
-0.001032
0.014592
0.025865
0.012538
0.010018
0.010726
0.023463
0.012489
0.002550
0.001771
-0.022236
-0.024349
-0.008838
-0.002682
-0.006810
-0.011521
0.003833
0.008361
-0.001786
-0.020576
-0.001445
0.007733
0.009771
-0.003116
-0.006714
0.001028
-0.007210
-0.020420
-0.016777
-0.015461
0.009010
-0.004017
0.002639
-0.011427
-0.018334
-0.037548
-0.001526
0.011515
0.021020
0.002060
-0.005588
0.013373
0.021483
0.008387
-0.001370
0.003776
0.046232
0.040756
0.046475
0.037046
0.090221
0.061209
0.033846
0.047234
0.046160
0.017935
0.005990
0.016600
0.014317
0.008565
0.008483
-0.012764
-0.024214
-0.022171
-0.005093
-0.006960
-0.002046
-0.002320
0.011631
0.007932
0.004476
-0.004476
0.006584
0.005270
-0.014121
-0.022372
-0.002252
-0.002581
-0.011371
-0.019895
-0.002247
0.004273
0.006240
0.000821
0.008880
0.005787
0.011155
-0.003000
-0.004889
0.001978
-0.011755
-0.023947
-0.005215
-0.004887
-0.006895
-0.011542
0.000706
0.006552
0.009516
-0.006797
-0.001887
0.000117
0.006363
-0.005889
0.000927
0.005085
-0.014754
-0.028170
-0.019585
-0.002855
0.005496
0.008290
-0.002209
-0.004559
0.003279
-0.003034
0.027552
0.028304
0.012474
0.006263
0.007715
0.010545
0.005622
0.007126
0.001006
-0.012955
-0.008654
-0.004807
-0.002091
-0.015501
-0.026068
-0.022810
0.001247
0.009703
0.018778
0.001215
0.000149
0.003419
-0.006696
-0.017145
-0.007239
-0.005066
0.001961
-0.001392
0.000458
-0.003575
-0.002710
0.000070
0.015998
0.016400
0.022336
0.020208
0.014545
0.020338
0.006989
-0.001289
-0.003248
0.005424
0.022305
0.027715
0.044202
0.039385
0.074614
0.075043
0.047760
0.039437
0.031788
0.017220
0.002340
-0.000483
0.005452
0.011952
0.011364
-0.004971
-0.012198
-0.006389
0.004530
0.008189
0.022655
0.018594
0.021686
0.022194
0.020612
0.008916
-0.002218
-0.003261
-0.013807
-0.010994
-0.003895
-0.007200
-0.007835
-0.019194
-0.012347
-0.004581
0.000717
-0.003481
0.004057
0.000991
0.006057
0.002400
0.001199
0.001033
-0.001092
-0.012104
-0.001134
0.003839
-0.009455
-0.009477
0.015800
0.027184
0.025316
0.026019
0.024374
0.017916
0.013910
0.008131
-0.001405
-0.003286
-0.007958
-0.015053
0.011343
0.009046
-0.002433
-0.004024
0.010843
0.010456
0.008212
0.009966
0.002728
0.005817
0.008111
-0.008994
-0.009098
0.004916
0.004345
-0.013222
0.003031
0.006473
-0.002193
-0.015387
-0.010258
-0.007238
0.002762
0.006756
0.006801
0.002622
0.003907
-0.003093
-0.004944
-0.008498
-0.017858
-0.019357
-0.010509
-0.005594
-0.005095
-0.013872
-0.002081
0.007974
0.006248
-0.012294
-0.010753
-0.009048
0.001642
-0.012059
-0.010305
-0.010916
-0.032633
-0.044569
-0.013681
-0.016264
-0.013527
-0.019094
-0.000701
-0.005067
-0.021356
-0.022198
-0.014214
-0.013492
0.009828
-0.000939
-0.010084
0.005236
-0.008057
-0.017376
0.002206
0.003116
0.011030
0.014289
0.008251
-0.000019
0.033682
0.038882
0.034238
0.022550
0.029920
0.014020
0.009008
0.012183
0.007838
0.000662
0.003762
-0.006598
0.001751
-0.003899
-0.002133
-0.009696
-0.002277
-0.010001
0.010749
0.009807
0.020053
0.003012
-0.003746
0.001057
-0.007189
-0.026522
-0.025822
-0.018755
0.005095
0.003555
-0.006484
-0.011326
-0.016287
-0.026602
0.004326
0.010225
0.030609
0.014114
-0.011038
-0.007389
-0.017004
-0.021274
-0.013355
-0.012737
-0.007924
-0.011677
0.009060
-0.005376
0.002877
-0.001684
0.023306
0.026477
0.023591
0.007955
0.003594
0.017139
0.003092
-0.006264
0.000455
-0.007712
-0.007417
-0.006420
-0.006878
-0.010294
0.001587
0.008098
0.011045
0.010648
0.011938
0.002388
0.004165
0.010494
-0.003200
0.001414
-0.003723
-0.003773
0.024592
0.034179
0.039613
0.031855
0.054035
0.041323
0.039007
0.030890
0.015053
0.010090
0.008889
-0.002009
0.001554
0.003921
0.008129
-0.002019
0.009225
-0.011558
-0.005017
-0.008819
-0.014186
-0.022605
-0.008408
-0.011262
0.020393
0.006263
-0.011944
-0.015742
-0.027502
-0.040355
-0.035132
-0.045172
-0.008226
-0.008689
-0.009622
-0.026410
-0.013263
-0.030325
0.003650
0.005366
0.015666
-0.003559
-0.006238
0.001916
-0.011530
-0.022743
-0.008664
-0.015064
-0.012257
-0.018186
0.002629
0.003300
-0.016663
-0.034997
-0.001647
-0.009638
0.006721
0.000680
-0.001919
-0.009361
-0.018567
-0.036688
-0.006854
-0.007805
0.006826
-0.008989
-0.008074
-0.021712
-0.014544
-0.027236
-0.011808
-0.002436
-0.001597
-0.029284
-0.012175
0.002294
-0.027136
-0.046588
-0.035049
-0.028344
-0.025163
-0.033299
-0.009545
-0.007233
-0.029710
-0.040229
-0.013745
-0.010078
-0.006643
-0.007124
0.004453
0.002816
0.012653
0.012401
0.013756
0.000023
-0.037380
-0.060169
-0.057130
