-0.014359
-0.009793
-0.006875
0.018196
-0.005207
0.003722
0.030564
0.014960
0.025112
0.026164
0.043450
0.057264
0.075682
0.116212
0.165348
0.183361
0.172988
0.170363
0.206671
0.230883
0.267775
0.293292
0.322025
0.340707
0.376861
0.425704
0.576280
0.701105
0.800282
0.806404
0.809796
0.799324
0.711242
0.597812
0.448110
0.374366
0.346055
0.316909
0.264942
0.238076
0.224523
0.213031
0.221466
0.193330
0.171937
0.178757
0.170532
0.158584
0.138448
0.111685
0.104444
0.103719
0.110449
0.104898
0.092827
0.076587
0.062613
0.060330
0.066365
0.058232
0.059420
0.065769
0.085166
0.080985
0.065928
0.049391
0.056551
0.061032
0.066397
0.058888
0.059343
0.046905
0.040042
0.041202
0.044001
0.045749
0.055367
0.071733
0.093367
0.097817
0.087373
0.069955
0.070896
0.073337
0.080918
0.071785
0.069161
0.059205
0.047579
0.037593
0.037591
0.040503
0.049147
0.039815
0.032254
0.018407
0.024973
0.031697
0.043684
0.042714
0.061366
0.069894
0.080317
0.075880
0.070288
0.057790
0.054129
0.054707
0.064852
0.073953
0.098950
0.102416
0.093944
0.083440
0.084346
0.092718
0.099210
0.094406
0.087587
0.071181
0.064870
0.055984
0.059151
0.063259
0.073386
0.092069
0.122489
0.143220
0.126156
0.110168
0.110838
0.131506
0.140779
0.121873
0.118631
0.100907
0.076813
0.054288
0.058270
0.049158
0.055423
0.053468
0.058648
0.057676
0.053599
0.053201
0.060336
0.080988
0.090738
0.081384
0.090329
0.081974
0.067672
0.054416
0.057889
0.045306
0.053009
0.064866
0.074106
0.068127
0.055286
0.056769
0.060100
0.058506
0.070629
0.080184
0.090000
0.095305
0.088388
0.084021
0.091899
0.096458
0.097811
0.106495
0.134980
0.142390
0.119151
0.103388
0.090374
0.083045
0.083124
0.066155
0.060162
0.040306
0.034645
0.031263
0.035604
0.043408
0.046677
0.048727
0.053098
0.041474
0.037642
0.042977
0.043622
0.033055
0.028991
0.015896
0.013408
0.020448
0.028957
0.015743
0.016999
0.017278
0.018415
0.001847
-0.000648
0.009463
0.013292
0.012801
0.011399
0.012006
0.004969
0.001607
-0.001627
0.006068
0.001797
-0.014132
-0.015139
0.001091
-0.001888
-0.008832
-0.010949
0.007412
0.005980
-0.011346
-0.015899
-0.007549
-0.002698
0.009473
-0.014825
-0.014989
-0.011996
-0.022164
-0.016392
-0.005615
-0.012343
-0.007791
-0.017188
-0.004221
-0.002688
-0.005716
-0.014384
-0.003872
-0.007422
0.000840
-0.007442
0.000417
-0.002488
-0.020664
-0.030929
-0.006655
-0.003360
-0.009726
-0.010817
0.004056
0.004416
-0.001310
0.004857
-0.006388
-0.009972
-0.000130
-0.006410
-0.009816
-0.007091
-0.016450
-0.021954
0.002535
-0.002162
-0.025352
-0.021123
0.009513
0.021569
0.014792
0.015332
0.011850
0.024645
0.026494
0.018624
0.013761
0.024361
0.015060
0.004873
0.007933
0.016450
0.004161
-0.001100
0.007593
0.023628
0.043821
0.066453
0.062746
0.081945
0.113312
0.149471
0.163051
0.172357
0.198811
0.258479
0.312793
0.389946
0.422179
0.442147
0.448488
0.394878
0.330268
0.299166
0.267307
0.266590
0.268990
0.252712
0.231777
0.212860
0.217398
0.254748
0.245764
0.265942
0.302682
0.313722
0.302064
0.253286
0.191537
0.153895
0.122300
0.103868
0.069108
0.046173
0.035681
0.034546
0.031826
0.046791
0.039846
0.037637
0.021433
0.014922
0.013029
0.025554
0.033419
0.041590
0.034828
0.041115
0.030986
0.031799
0.036192
0.039292
0.028835
0.031332
0.036217
0.049917
0.057347
0.077227
0.082021
0.082624
0.078894
0.081475
0.093357
0.105124
0.085842
0.081817
0.077952
0.071336
0.059061
0.063683
0.056873
0.065597
0.067756
0.075023
0.071004
0.066319
0.055167
0.051455
0.049344
0.057690
0.058851
0.060978
0.050388
0.047238
0.039270
0.038350
0.042005
0.046288
0.051011
0.064979
0.069904
0.060156
0.056882
0.064511
0.062475
0.059683
0.045056
0.036002
0.030425
0.037494
0.039209
0.039972
0.030901
0.025632
0.018352
0.024131
0.027471
0.036541
0.045522
0.054754
0.056463
0.063740
0.061714
0.051860
0.044541
0.062899
0.084377
0.131202
0.151398
0.194197
0.234388
0.294477
0.309148
0.280744
0.269523
0.266366
0.268386
0.302257
0.337367
0.400700
0.455576
0.545175
0.639387
0.805524
0.908533
0.953548
0.953059
0.945103
0.932667
0.861664
0.755318
0.561602
0.395575
0.348933
0.280643
0.192496
0.162196
0.166986
0.186949
0.202342
0.141115
0.097976
0.087748
0.066423
0.077142
0.086219
0.095357
0.098257
0.111007
0.139407
0.147525
0.138350
0.133010
0.137380
0.143804
0.175341
0.183080
0.215491
0.248535
0.287460
0.280792
0.241667
0.189326
0.163849
0.138548
0.135531
0.118060
0.101784
0.097622
0.095810
0.079683
0.090593
0.091698
0.090185
0.083423
0.092165
0.084765
0.084681
0.082270
0.099695
0.109952
0.131830
0.132666
0.136715
0.129089
0.110626
0.090257
0.099867
0.099832
0.111331
0.123397
0.150765
0.159241
0.141098
0.111244
0.107339
0.088521
0.094529
0.080257
0.057644
0.043612
0.043826
0.052002
0.074306
0.084599
0.104692
0.130782
0.158739
0.162720
0.134396
0.107422
0.078820
0.043840
0.029731
0.015429
0.009528
0.016650
0.019999
0.008677
0.015146
0.025227
0.021751
0.015062
-0.000403
0.005665
0.002803
-0.005952
-0.013490
-0.007055
-0.012106
-0.003033
-0.009661
-0.009274
-0.012633
-0.025995
-0.028267
-0.012147
-0.007323
-0.007171
-0.013821
-0.001092
0.000932
-0.005960
-0.010444
-0.015159
-0.011802
-0.002697
-0.018249
-0.016508
-0.009677
-0.026346
-0.024151
-0.004073
-0.014113
-0.028051
-0.025740
0.004694
0.011395
0.006252
-0.003367
-0.009161
-0.001599
0.009257
-0.007906
-0.010961
-0.003266
-0.021915
-0.028588
-0.006203
-0.000877
-0.012179
-0.016637
0.012091
0.012692
0.001024
-0.010480
-0.007334
-0.000915
0.010485
-0.009595
-0.016837
-0.008039
-0.024175
-0.030000
-0.003368
-0.004095
-0.016277
-0.012393
0.008143
0.015215
0.005497
-0.001935
0.001567
0.000290
0.007510
-0.012251
-0.011930
0.001821
-0.023456
-0.035626
-0.020972
-0.023265
-0.023701
-0.019344
0.003466
0.003447
-0.009156
-0.017501
-0.003031
-0.007068
0.008115
-0.000137
-0.005239
-0.007235
-0.020332
-0.020532
-0.003683
-0.013398
-0.024441
-0.017213
0.002583
0.003924
-0.002717
-0.010105
-0.005045
-0.005318
0.011230
-0.000820
-0.005651
-0.003205
-0.020906
-0.023912
-0.005495
-0.008989
-0.024465
-0.018452
0.009793
0.020981
0.003929
-0.003167
-0.002095
0.004995
0.005853
-0.013881
-0.014240
-0.004577
-0.014737
-0.025590
-0.003563
-0.004701
-0.015897
-0.014440
0.005309
0.007817
-0.000588
-0.002692
-0.000242
-0.001591
-0.004456
-0.012553
-0.010504
-0.009652
-0.024100
-0.027740
0.000097
-0.001253
-0.014110
-0.016363
0.010345
0.015211
0.003543
-0.002286
-0.003702
-0.011219
0.001958
-0.004045
-0.008850
-0.008493
-0.028304
-0.033263
-0.007385
-0.001136
-0.015349
-0.024735
0.007132
0.016300
0.002648
-0.023158
-0.029542
-0.016076
-0.001935
-0.017184
-0.020120
-0.018385
-0.046323
-0.053741
-0.032912
-0.032575
-0.015488
-0.034627
0.002390
-0.023064
-0.033863
-0.064500
-0.046748
-0.046643
-0.020525
-0.049231
-0.054538
-0.028769
-0.058796
-0.076418
-0.032324
-0.057326
-0.031021
-0.060576
0.015509
-0.026637
-0.045727
-0.091587
-0.052283
-0.043421
-0.011726
-0.043825
-0.041282
-0.010949
-0.041558
-0.059723
-0.026839
-0.047080
-0.060396
-0.063619
0.008320
-0.006312
-0.029928
-0.042340
-0.017994
-0.018064
-0.006037
-0.019201
-0.016740
-0.004295
-0.029505
-0.041260
-0.013520
-0.008029
-0.025491
-0.033082
0.000903
0.008824
-0.002316
-0.003749
0.006834
0.001521
-0.003783
-0.005764
-0.000725
-0.000922
-0.015914
-0.019423
0.000556
-0.005563
-0.024616
-0.017073
0.008198
0.012864
0.006068
0.006650
0.001089
0.005468
0.005605
0.000579
-0.003671
-0.002389
-0.008386
-0.011289
0.007197
0.008104
-0.007561
-0.008306
0.005853
0.017112
0.014232
0.007166
0.005021
0.005615
0.003504
-0.006332
-0.010803
-0.007035
-0.020044
-0.030857
-0.004321
-0.004826
-0.015584
-0.014880
0.002664
0.003411
-0.010964
-0.011123
-0.017702
-0.012882
-0.003998
-0.020196
-0.018523
-0.011062
-0.025525
-0.037362
-0.007280
-0.004207
-0.014811
-0.019507
0.009711
0.014385
0.000135
0.003630
-0.001226
-0.002144
0.006431
-0.003146
-0.007587
0.001096
-0.017337
-0.025091
-0.006106
-0.001159
-0.020026
-0.019276
-0.004261
0.013568
0.019228
0.020010
0.018663
0.029761
0.030402
0.020967
0.015627
0.030933
0.030942
0.020227
0.022079
0.026807
0.027487
0.041425
0.051531
0.059726
0.074841
0.096548
0.120274
0.121620
0.105876
0.098109
0.103363
0.096145
0.083227
0.071054
0.053238
0.052536
0.022362
0.007776
0.015904
0.033937
0.042732
0.041606
0.031242
0.027811
0.019777
0.017313
0.019554
0.021028
0.017487
0.012280
0.013203
0.014410
0.012117
0.014594
0.022026
0.029209
0.042340
0.038570
0.027054
0.012386
0.002954
-0.002118
0.005329
-0.003216
-0.018906
-0.012110
0.009790
0.004773
0.001851
-0.005083
0.007892
0.005966
0.002555
0.001473
-0.010032
-0.007850
-0.000124
-0.015298
-0.017208
-0.009129
-0.023787
-0.026728
-0.008203
-0.007363
-0.018632
-0.022346
0.002037
0.008535
-0.008284
-0.011574
-0.005384
0.003810
0.002982
-0.012211
-0.007791
-0.001230
-0.017044
-0.029481
-0.004802
0.002986
-0.004220
-0.010609
-0.002179
0.003303
-0.001067
-0.006570
-0.005344
0.000375
0.001590
-0.013945
-0.005878
-0.003358
-0.025584
-0.034923
-0.004771
-0.000095
-0.010761
-0.014573
0.007996
0.007552
0.000036
-0.011018
-0.014884
-0.011439
0.001485
-0.012888
-0.013777
-0.008289
-0.023300
-0.028643
-0.002638
-0.009091
-0.018983
-0.020763
-0.000829
0.001993
0.001322
-0.005660
-0.005534
-0.000518
0.009002
-0.000636
-0.000691
-0.003948
-0.006277
-0.008769
0.004922
0.001514
-0.008518
-0.008100
0.014219
0.012887
0.007016
0.005005
-0.005284
-0.002844
0.012975
0.002604
-0.008026
-0.007075
-0.030155
-0.034054
-0.009742
-0.007183
-0.014924
-0.017095
0.006349
0.017274
0.000202
-0.010819
-0.016016
-0.011991
-0.003215
-0.013706
-0.009856
-0.006035
-0.024710
-0.032948
-0.003156
0.001118
-0.013150
-0.019353
0.008638
0.011347
-0.003053
-0.009959
-0.012164
-0.010120
-0.001325
-0.017389
-0.008041
0.000563
-0.015277
-0.027047
-0.007438
-0.006260
-0.021071
-0.023179
0.006348
0.013826
0.005770
-0.002831
0.002982
-0.000336
-0.004302
-0.009350
-0.001842
-0.003805
-0.020219
-0.019377
-0.009405
-0.006373
-0.008705
-0.015060
0.006602
0.007739
-0.003790
-0.011953
-0.010310
-0.008739
0.010114
-0.009829
-0.013801
-0.008575
-0.028919
-0.034236
-0.009505
-0.016394
-0.014768
-0.015208
0.003479
-0.001393
-0.012829
-0.018084
-0.016177
-0.018891
-0.006623
-0.013975
-0.014336
-0.011383
-0.027002
-0.027522
-0.003223
-0.003497
-0.027599
-0.021289
0.005073
0.019087
0.005687
0.002157
-0.004755
0.000443
-0.002965
-0.011626
-0.009918
0.002235
-0.001717
-0.013191
0.003257
0.003031
-0.018656
-0.015054
0.012439
0.023462
0.011866
0.011235
0.008672
0.007682
0.003570
-0.010075
-0.007568
-0.003520
-0.012456
-0.025425
-0.006785
-0.005876
-0.013725
-0.016258
-0.007546
-0.005263
0.000927
-0.002611
-0.008403
-0.008444
-0.004634
-0.015060
-0.008185
-0.006325
-0.015986
-0.019143
-0.010476
-0.012474
-0.019302
-0.021452
0.002341
0.011636
0.004199
-0.001203
-0.001371
0.003206
0.005244
-0.008397
-0.004420
-0.000939
-0.013236
-0.013176
-0.002342
0.000493
-0.011920
-0.014788
0.005457
0.011795
0.001508
0.002834
-0.005366
-0.002204
0.000319
-0.006929
0.001677
0.009665
-0.005069
-0.014610
0.004224
0.000224
-0.018365
-0.014581
0.010380
0.010579
0.004627
0.005347
-0.000050
-0.002646
-0.001651
-0.008652
0.000552
0.004819
-0.004549
-0.012134
-0.000453
-0.001295
-0.009144
-0.012731
0.000904
0.008417
0.008334
0.007538
-0.000184
-0.000859
0.000870
-0.001559
0.001762
0.001180
-0.014722
-0.021416
-0.003665
0.004050
-0.006678
-0.011893
0.001722
0.007773
0.003080
-0.003854
-0.010609
-0.004290
-0.004499
-0.010432
-0.006900
-0.004831
-0.023178
-0.026078
-0.001550
-0.002954
-0.016503
-0.016585
0.001897
0.005179
-0.002259
-0.000011
-0.008058
-0.007167
-0.005477
-0.011473
-0.008749
-0.003953
-0.017999
-0.017415
-0.006371
-0.008458
-0.022426
-0.022382
-0.001770
0.009322
0.004230
-0.003311
0.001666
0.007141
-0.004018
-0.011192
-0.000428
0.006945
-0.005908
-0.011876
-0.001334
0.000050
-0.012261
-0.013642
0.002002
0.010316
0.010159
0.006386
0.000807
0.000771
-0.000052
-0.006945
-0.000958
-0.003089
-0.014676
-0.013140
-0.002083
0.002734
-0.006801
-0.010193
0.006590
0.014615
0.008656
0.001345
-0.006163
-0.007192
-0.002127
-0.011960
-0.005973
-0.003848
-0.025105
-0.035332
-0.005436
-0.009271
-0.012722
-0.008836
0.006416
-0.003011
-0.010152
-0.005608
-0.006231
-0.005151
0.011079
0.004118
-0.006683
0.004317
-0.016404
-0.023760
0.000618
-0.000751
-0.027922
-0.022034
0.009529
0.022092
0.019936
0.036081
0.039455
0.054988
0.061421
0.044069
0.033842
0.046462
0.043414
0.035568
0.035221
0.036592
0.060300
0.108933
0.143449
0.141675
0.146733
0.169547
0.181102
0.183877
0.170364
0.179002
0.162115
0.144953
0.124072
0.111142
0.087700
0.093304
0.098333
0.095682
0.083333
0.077816
0.074004
0.074815
0.079743
0.078757
0.055568
0.049016
0.057964
0.065372
0.048141
0.041150
0.037406
0.039846
0.019617
0.021911
0.016132
0.025321
0.023001
0.018108
0.021202
0.018876
0.007964
-0.002713
-0.002212
-0.003244
-0.014748
-0.011117
0.004192
0.007795
-0.002838
-0.007674
0.005211
0.009163
0.005343
0.002412
0.002577
0.004048
0.008624
0.000009
-0.000744
0.003893
-0.012151
-0.021650
-0.008105
-0.003986
-0.010146
-0.008858
0.009844
0.012163
0.008932
0.000487
-0.013047
-0.006046
0.013904
-0.009319
-0.019435
-0.013663
-0.030106
-0.039092
-0.015649
-0.011546
-0.005404
-0.015565
0.001829
0.000442
-0.018639
-0.024344
-0.011785
-0.008126
0.010269
-0.011116
-0.022147
-0.012893
-0.031359
-0.036878
-0.011648
-0.017682
-0.014711
-0.027289
0.006739
0.000173
-0.009227
-0.027132
-0.016512
-0.012979
0.006647
-0.011318
-0.020053
-0.015392
-0.047360
-0.047932
-0.019542
-0.021190
-0.025336
-0.032521
0.013122
0.011671
-0.018072
-0.027725
-0.026552
-0.020239
0.007114
-0.007141
-0.021797
-0.009223
-0.025732
-0.033288
-0.008993
-0.017021
-0.039848
-0.029117
0.006473
0.008553
0.003425
0.001879
-0.004231
-0.000901
0.001504
-0.007731
-0.005393
0.003763
-0.010844
-0.013356
0.001190
0.002392
-0.018663
-0.015783
0.007088
0.017684
0.010340
0.006617
0.002438
-0.001266
-0.003242
-0.000964
-0.001130
0.002462
-0.006462
-0.008813
0.002285
0.005022
-0.008952
-0.012686
0.003411
0.019998
0.016472
0.010031
-0.002004
0.002482
0.002702
-0.010022
-0.001565
0.002206
-0.010984
-0.017614
0.000707
-0.005210
-0.012039
-0.012574
0.004633
0.003154
0.002544
-0.002251
-0.002100
-0.003567
-0.000356
-0.007895
0.000522
0.001369
-0.011457
-0.018304
-0.002512
-0.001114
-0.012560
-0.012193
0.007381
0.013045
0.001139
0.001358
-0.000452
-0.003937
-0.005621
-0.008913
-0.005833
-0.003184
-0.019969
-0.022103
-0.003557
-0.003546
-0.016354
-0.014560
0.003394
0.012517
0.003705
0.001353
-0.004053
-0.004518
-0.009213
-0.011922
-0.001138
0.002422
-0.011556
-0.018651
0.002462
0.005446
-0.011741
-0.015502
-0.001646
0.011758
0.010472
0.002450
0.003936
0.006907
-0.001293
-0.004489
0.006273
0.007546
-0.007577
-0.009705
-0.000623
-0.001644
-0.011603
-0.010419
0.005424
0.013016
0.007399
0.003633
-0.008457
-0.004411
-0.001936
-0.010584
-0.002964
-0.001585
-0.016460
-0.021184
-0.006163
-0.001298
-0.011911
-0.013559
0.006178
0.015146
0.008578
0.010714
-0.001072
-0.002480
0.005912
-0.001185
-0.001678
-0.000187
-0.012909
-0.019748
-0.005653
-0.003254
-0.017016
-0.019292
0.003223
0.013577
0.011300
0.009891
0.006220
0.005233
0.003805
-0.003233
-0.001673
-0.000008
-0.010330
-0.015331
-0.005811
0.001356
-0.008567
-0.010991
-0.000458
0.011163
0.006542
0.001707
-0.004938
-0.003340
-0.001369
-0.017249
-0.007398
-0.004755
-0.022342
-0.026480
-0.006061
-0.006314
-0.014487
-0.014604
0.008303
0.009058
-0.003259
-0.011627
-0.004061
-0.007279
0.002908
-0.023211
-0.020387
-0.008021
-0.028379
-0.033694
-0.010320
-0.007557
-0.012483
-0.018120
0.001090
0.004659
-0.000461
-0.012201
-0.008336
-0.007354
-0.000927
-0.008618
-0.011307
-0.007778
-0.026939
-0.029410
-0.007514
-0.002611
-0.014393
-0.015292
0.008279
0.014553
-0.004005
-0.007346
-0.003610
0.000314
0.005739
-0.007737
-0.014686
-0.003827
-0.016673
-0.023542
-0.008769
-0.007911
-0.023750
-0.023746
-0.001844
0.013006
0.005082
-0.003431
-0.007753
-0.006759
-0.009632
-0.013896
-0.001711
0.001524
-0.024016
-0.026270
-0.011835
-0.004710
-0.008866
-0.014972
0.003534
0.009100
-0.001733
-0.007772
-0.003260
0.002322
0.003950
-0.009533
-0.007349
0.000434
-0.010585
-0.020039
-0.005506
-0.003750
-0.013047
-0.012652
0.007519
0.009124
0.000534
-0.004982
-0.006054
-0.003680
0.005966
-0.007071
-0.012313
-0.012516
-0.031281
-0.032270
-0.010226
-0.005190
-0.013320
-0.019614
0.008337
0.014758
-0.000979
-0.008098
-0.010865
-0.002043
0.010972
-0.012833
-0.013845
-0.006300
-0.020764
-0.029953
-0.005093
-0.005933
-0.010874
-0.022197
0.002014
-0.000216
-0.005692
-0.014869
-0.016298
-0.018173
-0.011431
-0.023177
-0.015650
-0.009240
-0.031594
-0.033855
-0.013143
-0.008605
-0.022319
-0.028966
-0.001547
0.003505
-0.002380
-0.015712
-0.016224
-0.013291
-0.007697
-0.024677
-0.013415
-0.005604
-0.024484
-0.031287
-0.007111
-0.008122
-0.017448
-0.019274
-0.004899
0.001265
-0.001062
-0.003631
-0.004334
-0.000207
-0.002423
-0.014629
-0.006008
0.003544
-0.013388
-0.025912
-0.010044
-0.004201
-0.017603
-0.022395
-0.000197
0.010599
0.005580
-0.002837
0.003999
0.002699
-0.001698
-0.012806
-0.007521
-0.002803
-0.017197
-0.020581
-0.009878
-0.005375
-0.011372
-0.014289
0.002488
0.007980
-0.002201
-0.004922
-0.008262
-0.003182
0.005270
-0.004160
-0.003563
-0.001789
-0.015726
-0.027719
-0.005821
-0.004287
-0.017935
-0.021454
0.005533
0.008148
0.003120
0.001642
0.007876
0.001065
0.000832
-0.009564
-0.004412
-0.003807
-0.012415
-0.023101
0.002583
-0.004925
-0.015206
-0.013692
0.005853
0.001597
-0.002815
-0.004689
-0.001263
-0.009410
0.003799
-0.004732
-0.005221
-0.000797
-0.020063
-0.023526
-0.005097
-0.005884
-0.022186
-0.017342
-0.002564
0.003416
-0.001397
0.002949
0.001104
0.004042
0.009008
-0.006911
-0.008800
-0.009950
-0.026931
-0.030465
-0.011112
-0.007502
-0.018185
-0.016526
0.006903
0.012508
0.001207
0.000530
-0.005037
-0.000711
0.004352
-0.007436
-0.001917
-0.005273
-0.021291
-0.025432
-0.001788
-0.010301
-0.018970
-0.014739
0.006662
0.006534
-0.003723
-0.006513
0.002313
-0.001152
0.009510
0.001519
-0.003967
-0.004902
-0.017874
-0.022640
0.000426
0.004382
-0.009094
-0.008227
0.007482
0.014641
0.008846
0.004328
-0.001573
0.003771
0.006293
-0.011660
-0.014187
0.000814
-0.016933
-0.032139
-0.000271
0.004211
-0.018424
-0.020376
0.007133
0.013788
-0.006031
-0.008910
-0.002093
-0.002425
-0.003725
-0.006184
-0.000193
0.001242
-0.017701
-0.023201
-0.003948
-0.006027
-0.025510
-0.025453
-0.000542
0.007862
-0.002207
0.001538
-0.000407
0.003122
-0.005158
-0.005281
-0.000445
0.003436
-0.008113
-0.011512
-0.000667
-0.000579
-0.018480
-0.017084
0.005457
0.019091
0.012674
0.006412
-0.005360
-0.002226
0.003118
-0.002585
-0.000687
-0.005997
-0.016790
-0.019200
-0.003628
0.001900
0.004010
-0.006130
0.004743
-0.006028
-0.012665
-0.020251
-0.014473
-0.016888
-0.002968
-0.019835
-0.017997
-0.015742
-0.026157
-0.029364
-0.007831
-0.022531
-0.031432
-0.028696
0.000200
-0.002870
-0.003857
-0.013661
-0.007842
-0.007550
0.000158
-0.017104
-0.006636
-0.000393
-0.015013
-0.024345
-0.011818
-0.008518
-0.013028
-0.017673
0.001366
0.002074
-0.004766
-0.006347
-0.001881
-0.006213
-0.000243
-0.002632
0.003842
0.000175
-0.017171
-0.016749
-0.002031
-0.005139
-0.016309
-0.013252
0.011572
0.016357
0.007871
0.006447
-0.000098
0.001561
0.005180
-0.001441
-0.002281
0.003410
-0.015635
-0.014303
-0.006357
-0.002657
-0.011974
-0.015040
0.003462
0.013655
0.007819
0.005671
0.006231
0.002222
-0.006510
-0.009653
-0.002001
-0.002346
-0.016695
-0.014779
0.000048
0.001502
-0.005597
-0.005057
0.002411
0.004237
0.006933
-0.007682
-0.009996
-0.010392
-0.003163
-0.012479
-0.017114
-0.016214
-0.032643
-0.031940
-0.004465
-0.007253
-0.014325
-0.014687
0.006416
0.005553
-0.006292
-0.002249
-0.002355
-0.002586
-0.003243
-0.005142
0.000034
0.005447
0.013070
0.006400
0.005335
-0.000374
-0.023229
-0.051830
-0.058015
