-0.010054
0.007295
-0.009021
-0.016070
-0.060242
-0.003238
-0.050405
-0.104425
-0.043795
-0.058944
-0.062823
-0.029501
-0.035001
-0.012676
-0.038246
-0.007285
-0.033582
-0.038503
-0.066054
-0.055951
-0.035177
-0.012056
-0.041427
-0.039997
-0.010708
-0.027378
-0.040489
-0.015467
-0.031220
-0.061745
-0.036978
0.032629
0.049318
0.052504
0.062770
0.069169
0.085831
0.092696
0.070339
0.055678
0.073799
0.074789
0.081006
0.080256
0.092538
0.129389
0.194892
0.217795
0.187387
0.141653
0.128950
0.102471
0.094342
0.072426
0.060323
0.043872
0.043805
0.049353
0.065813
0.054642
0.060610
0.084878
0.112761
0.119824
0.113168
0.102229
0.105745
0.114648
0.121568
0.103980
0.089046
0.075886
0.067152
0.060550
0.067121
0.046680
0.049787
0.044242
0.036377
0.032176
0.041858
0.051652
0.053987
0.040845
0.034070
0.024759
0.023125
0.017137
0.025951
0.015312
0.017739
0.019526
0.030186
0.008693
0.003285
0.020138
0.038517
0.039112
0.045484
0.032974
0.038952
0.034868
0.026536
0.022581
0.035260
0.021081
0.012459
0.009370
0.010998
0.001370
0.007688
0.022078
0.032622
0.038966
0.050475
0.051893
0.051339
0.047117
0.038530
0.035790
0.040289
0.027211
0.023111
0.023886
0.032589
0.024898
0.022642
0.031537
0.044380
0.057345
0.067622
0.083539
0.103109
0.103496
0.092778
0.069203
0.057410
0.044012
0.042218
0.038406
0.050991
0.069179
0.088658
0.095376
0.082770
0.071139
0.069976
0.069330
0.067102
0.053170
0.049786
0.034679
0.031295
0.037512
0.047305
0.044398
0.043835
0.049270
0.060984
0.055966
0.051933
0.054652
0.059822
0.070671
0.074430
0.065489
0.062323
0.053317
0.049020
0.046899
0.048487
0.040222
0.051862
0.067477
0.080519
0.082922
0.077085
0.068130
0.071804
0.065380
0.066642
0.049833
0.038552
0.033203
0.030314
0.020176
0.018401
0.024168
0.034624
0.033406
0.035492
0.032751
0.032981
0.036441
0.035751
0.039337
0.035612
0.024263
0.026681
0.027328
0.028463
0.019140
0.016843
0.018299
0.023763
0.009671
0.012120
0.011955
0.018974
0.024170
0.014229
0.003264
0.003451
0.006756
-0.012229
-0.006466
-0.000577
-0.018612
-0.025535
-0.017070
-0.006545
0.025703
0.021535
0.011671
0.004121
0.015320
-0.001386
0.006513
0.010605
0.029869
0.006825
-0.004269
0.003911
-0.011295
-0.020066
-0.004001
-0.017806
-0.019471
-0.018589
-0.001604
0.001125
-0.005369
-0.011389
0.007387
0.015564
0.026838
0.003811
0.000654
0.006881
-0.008835
-0.018899
-0.008553
-0.012391
-0.018523
-0.018589
-0.000450
0.005387
0.005438
0.002842
0.004197
0.006797
0.007084
-0.002245
-0.002955
0.000792
-0.006909
-0.012119
0.003342
0.006203
-0.005582
-0.005955
0.015828
0.015476
0.014160
0.012905
0.010772
0.005346
0.014085
0.009356
0.007138
0.002788
-0.013297
-0.019328
-0.005631
0.001581
-0.011939
-0.021377
-0.000399
0.011468
-0.007170
-0.015166
0.004246
0.002941
-0.003842
0.008387
0.011891
0.006785
-0.010254
-0.012910
0.013714
0.010150
-0.006031
-0.013278
0.015587
0.013278
0.008358
0.016112
-0.002372
-0.003160
0.016103
0.007412
-0.001950
0.008174
-0.005382
-0.021878
-0.005597
-0.004340
-0.022217
-0.003839
0.027417
0.033329
0.018353
0.028214
0.043556
0.040149
0.020705
0.017855
0.010885
0.013142
0.008108
0.014866
0.012983
0.012330
-0.003864
-0.001724
0.017630
0.029671
0.026462
0.030414
0.036200
0.045764
0.052617
0.065912
0.062845
0.057124
0.050643
0.041993
0.030813
0.035347
0.032540
0.020727
0.016342
0.023869
0.036995
0.025203
0.006759
0.006730
0.007753
-0.011389
-0.013973
-0.012384
-0.021890
-0.030835
-0.015959
-0.012473
0.014032
-0.002867
0.003607
-0.014831
-0.025181
-0.031091
-0.030871
-0.032876
0.003254
-0.028736
-0.034582
-0.013626
-0.036714
-0.050710
-0.023349
-0.034073
-0.036730
-0.038868
0.002074
-0.003161
-0.023827
-0.025388
0.001064
0.011369
0.021382
0.013188
0.011590
0.024088
0.004310
-0.005626
0.014029
0.015130
-0.008409
-0.002968
0.015027
0.025956
0.025102
0.032049
0.035057
0.047563
0.037733
0.028827
0.032360
0.043517
0.033525
0.031032
0.039499
0.051890
0.053616
0.074224
0.087618
0.099904
0.131554
0.162826
0.204702
0.241020
0.262147
0.285502
0.301438
0.331271
0.355918
0.428657
0.498515
0.573866
0.576510
0.573763
0.529450
0.447351
0.359144
0.279381
0.206857
0.165927
0.126151
0.084685
0.056210
0.050944
0.049519
0.061283
0.045167
0.040819
0.020310
0.002615
0.013376
0.026329
0.030480
0.037893
0.042630
0.044360
0.036614
0.038247
0.038402
0.045476
0.036578
0.036669
0.035718
0.035679
0.027782
0.037064
0.049208
0.056047
0.062480
0.071470
0.081932
0.086248
0.078150
0.071103
0.063003
0.061862
0.064318
0.097671
0.117843
0.164033
0.210971
0.265569
0.294872
0.265045
0.214954
0.178602
0.159806
0.163546
0.145186
0.124169
0.115623
0.103912
0.102382
0.101945
0.097987
0.091585
0.092243
0.100806
0.098264
0.082150
0.084716
0.088581
0.080320
0.082544
0.083882
0.058442
0.044204
0.046439
0.041675
0.049324
0.040576
0.043131
0.038054
0.046362
0.044863
0.048351
0.058000
0.063020
0.064249
0.064737
0.043929
0.030324
0.028227
0.045052
0.039931
0.043935
0.031019
0.031171
0.031495
0.029143
0.025480
0.035152
0.051459
0.049867
0.041061
0.024603
0.015101
0.017488
0.020384
0.025176
0.016490
0.011361
0.022349
0.010574
0.012654
0.007321
0.008626
-0.002047
-0.000294
-0.000266
0.011013
0.013108
0.016668
-0.003102
-0.013418
0.000533
-0.009440
-0.016478
-0.006628
-0.016581
-0.026357
-0.019827
0.000898
0.002141
-0.002908
-0.004530
0.014547
0.010954
0.003271
-0.002032
-0.002223
0.002832
0.003690
-0.002748
0.013457
0.006242
-0.013258
-0.009899
0.011132
0.020635
0.011421
0.007113
0.013559
0.020030
0.009958
0.001407
0.003200
0.011943
0.000621
-0.005090
0.003391
0.006559
0.011731
0.009023
0.003846
0.002081
0.019603
0.022029
0.023496
0.014467
0.013906
0.004008
-0.003973
-0.004548
-0.007281
-0.011898
0.001476
0.003490
-0.009877
-0.015205
-0.000653
0.007637
0.001964
-0.004320
0.000583
0.006844
0.014729
-0.000989
-0.005962
0.003747
0.000982
-0.007377
-0.000131
-0.003337
0.007109
0.014196
0.016831
0.016768
0.045689
0.039249
0.027162
0.028565
0.021584
0.009636
0.007426
0.009699
0.008083
0.007944
0.008739
0.001851
0.000390
-0.002054
0.005039
0.006420
0.013045
0.015762
0.023696
0.026204
0.022413
0.004543
0.001210
0.011240
0.004679
-0.005208
0.004076
0.004552
-0.005939
-0.007144
0.008206
0.013085
0.000673
-0.004563
0.015046
0.017264
0.015353
0.001199
0.006156
0.013039
-0.004650
-0.019556
0.002588
0.007836
0.004164
-0.002564
-0.000924
0.005646
0.000622
-0.004618
0.005710
0.012959
0.013127
0.004960
0.008039
0.012049
0.007367
-0.002450
0.000068
0.002849
0.009820
0.003137
0.012504
0.013136
0.027539
0.013119
0.018938
0.018019
0.027753
-0.003117
-0.023022
-0.017218
-0.025683
-0.027414
-0.011775
-0.021462
-0.007235
-0.016070
0.003262
-0.010181
-0.021869
-0.039730
-0.038949
-0.032348
-0.018077
-0.034519
-0.037843
-0.013526
-0.048566
-0.065807
-0.026590
-0.040372
-0.026556
-0.054228
0.001476
-0.026792
-0.034716
-0.062170
-0.029201
-0.023722
-0.012619
-0.041632
-0.028773
-0.010455
-0.037125
-0.050146
-0.028587
-0.027663
-0.035899
-0.040092
-0.002393
0.007403
0.005856
-0.010150
0.003127
0.011825
0.014577
-0.000258
0.000615
0.008993
-0.002325
-0.012158
0.003173
0.004583
0.004422
-0.006324
-0.012643
-0.011850
-0.001813
0.003463
0.011516
0.014399
0.015835
0.001140
-0.003399
-0.008023
-0.003347
-0.008283
0.001107
-0.010933
-0.013518
-0.012316
0.006923
0.006214
-0.008157
-0.006869
0.000163
0.003646
0.004255
-0.006325
-0.003015
-0.002211
-0.015896
-0.015003
0.000124
-0.001802
-0.018023
-0.015776
0.007836
0.019570
0.010465
0.006541
0.001650
0.005940
0.007367
0.000433
0.002131
0.003014
-0.006568
-0.011114
0.003706
0.000106
-0.005832
-0.000619
0.012498
0.015794
0.004514
-0.002579
-0.000321
0.003382
0.005975
-0.004388
-0.010846
-0.013134
-0.025622
-0.026093
-0.013775
-0.010830
-0.006560
-0.013358
0.006733
0.012506
0.002570
-0.000590
-0.004167
0.000824
0.012137
-0.000867
-0.004925
0.003421
-0.007391
-0.020276
-0.002512
-0.005545
-0.025128
-0.020495
0.006994
0.018036
0.015558
0.023549
0.017015
0.016955
0.008305
0.002949
0.009282
0.021639
0.012812
0.003763
0.020939
0.022403
0.002096
0.009922
0.029582
0.042976
0.051542
0.066692
0.077083
0.103962
0.118476
0.134732
0.146329
0.162846
0.165379
0.187736
0.219262
0.276562
0.304188
0.325256
0.311563
0.253271
0.188013
0.139284
0.078375
0.062168
0.039594
0.017227
0.014507
0.006119
-0.008040
0.000573
-0.004402
0.005054
0.003173
-0.002699
0.001904
0.011931
0.001946
-0.005093
-0.000319
0.001819
0.002713
-0.011500
-0.006921
0.001517
-0.006366
-0.014220
-0.006492
-0.003409
0.001422
0.002249
0.002777
0.003631
0.006555
0.005677
0.016064
0.016753
0.014051
0.005197
0.007693
0.011975
-0.003886
-0.007870
-0.004467
-0.005394
-0.004940
-0.011446
-0.001598
-0.001111
-0.007048
-0.006472
0.003289
0.001141
0.008562
-0.001069
-0.005391
0.003074
-0.012428
-0.019122
-0.001377
-0.010720
-0.018653
-0.017475
0.004560
0.005732
-0.001431
-0.000716
0.008529
-0.000848
0.000608
-0.005482
-0.004724
-0.001192
-0.019598
-0.024578
-0.003349
-0.005951
-0.017535
-0.012976
0.009421
0.011429
-0.003355
-0.014398
-0.000984
-0.005502
-0.002694
-0.006219
-0.004444
-0.000622
-0.023186
-0.024929
-0.008679
-0.009270
-0.012578
-0.014360
0.005115
0.004631
-0.003301
-0.002609
0.000864
-0.001193
0.006945
-0.007295
-0.013306
-0.004780
-0.021588
-0.024399
-0.005285
-0.004129
-0.022143
-0.020273
0.003793
0.011145
-0.002138
-0.011263
0.001679
0.011898
0.018129
0.007242
0.001025
0.004209
0.000496
-0.016320
-0.008237
-0.004716
0.001256
-0.000366
-0.000625
-0.003182
-0.008512
-0.001342
0.011771
0.007255
0.009592
0.002325
-0.007996
-0.006609
-0.007465
-0.004353
-0.008255
-0.008853
-0.014789
-0.020490
-0.004582
0.004055
0.002454
0.000154
0.006441
0.009943
0.008569
-0.005645
-0.004787
0.000484
-0.018964
-0.030635
-0.008123
-0.000493
-0.015925
-0.020867
-0.004668
0.008430
0.003609
0.004948
0.004876
0.004355
0.001948
-0.012203
-0.008597
0.000525
-0.009008
-0.015266
-0.001540
0.000399
-0.018742
-0.017915
0.008869
0.023376
0.013863
0.011040
0.002605
0.007777
0.007041
0.001442
-0.001764
0.007713
0.002797
-0.008122
-0.000818
0.003473
-0.009843
-0.008844
0.012884
0.021800
0.025082
0.024579
0.025947
0.027441
0.024389
0.015695
0.020027
0.031022
0.024390
0.016832
0.020213
0.014465
0.021015
0.020449
0.025974
0.020540
0.034199
0.039485
0.039296
0.028434
0.022949
0.013414
0.009885
0.003762
-0.006298
-0.006504
0.000350
0.000088
-0.005846
-0.006408
0.009038
0.016231
0.016128
0.024349
0.014886
0.007039
0.011854
0.010167
0.007327
0.001204
-0.015683
-0.012052
-0.000124
-0.000811
-0.014012
-0.013905
0.004784
0.013972
0.006643
-0.002025
0.006590
0.004531
0.010344
0.009125
0.006912
0.005199
-0.003974
-0.014733
-0.002673
-0.002062
-0.011785
-0.013578
0.003673
0.011255
0.016209
0.014388
0.015244
0.007588
0.012848
0.002303
-0.000938
-0.006588
-0.003992
-0.005097
-0.001797
-0.006752
-0.010845
-0.006152
0.009720
0.018282
0.014446
0.011073
0.016422
0.016421
0.016963
0.007156
0.007655
-0.001742
-0.009415
-0.014717
-0.000714
0.002293
0.002456
-0.004187
0.005503
0.016887
0.004393
0.001764
0.003169
0.009678
0.009238
-0.001236
-0.005401
0.005471
-0.001889
-0.010508
-0.003286
-0.002345
-0.013093
-0.013458
-0.001094
0.015478
0.023490
0.020896
0.009522
0.012254
0.008105
-0.000455
0.004939
0.010157
0.000407
-0.001826
0.005953
0.006039
-0.006442
-0.008612
0.006990
0.016007
0.017181
0.014201
0.002476
0.002204
0.005688
-0.003263
0.000269
-0.000170
-0.006853
-0.007242
-0.002495
-0.007089
-0.005132
-0.002009
0.001387
0.003008
0.004663
-0.001020
-0.003454
-0.004557
0.006073
-0.006126
-0.011213
-0.007199
-0.017739
-0.027997
-0.007399
-0.014248
-0.008028
-0.016760
-0.002098
-0.010519
-0.030291
-0.037588
-0.017730
-0.017646
-0.001147
-0.019659
-0.019186
-0.008061
-0.033405
-0.041661
-0.021725
-0.031441
-0.026526
-0.025297
0.000636
-0.005876
-0.021801
-0.026340
-0.011989
-0.008770
0.006778
-0.012346
-0.013936
0.003391
-0.019867
-0.032561
-0.007661
-0.009802
-0.019640
-0.019881
0.001547
0.008499
0.002283
-0.008878
-0.005590
-0.000397
0.008548
-0.007179
-0.006892
0.001022
-0.014366
-0.028643
-0.008870
-0.009979
-0.007002
-0.005003
0.007290
0.000926
-0.004912
-0.013700
-0.001007
0.000517
0.018717
0.001894
-0.024270
-0.015557
-0.023578
-0.026666
-0.005254
-0.013237
-0.020397
-0.047087
-0.007445
-0.021663
-0.028342
-0.040599
-0.033732
-0.028997
-0.004043
-0.022488
-0.016398
-0.001768
-0.031335
-0.049803
-0.018770
-0.015402
-0.024172
-0.021964
0.011309
0.016341
0.010599
-0.001816
0.004394
0.013634
0.032011
0.019835
0.021103
0.018959
0.002828
-0.008144
0.011376
0.002532
0.002544
-0.007498
0.006627
-0.000513
-0.015742
-0.020322
0.007680
0.002160
0.003362
-0.012004
-0.012727
-0.010123
-0.024013
-0.027448
-0.005537
-0.006447
-0.013758
-0.017700
0.005884
0.005150
-0.009250
-0.019791
-0.017491
-0.008631
0.002421
-0.010728
-0.017568
-0.010524
-0.023536
-0.028468
-0.006300
-0.017364
-0.018733
-0.016664
0.005381
0.001646
-0.020602
-0.025855
-0.010735
-0.005659
0.006039
-0.009765
-0.013471
-0.002771
-0.020145
-0.028644
-0.000491
-0.011640
-0.023797
-0.017159
0.006447
0.010297
-0.005622
-0.007837
0.007102
0.013749
0.033953
0.011982
-0.006411
0.002381
-0.007363
-0.015068
-0.001532
-0.010147
-0.017072
-0.014409
-0.002115
0.000359
0.005348
0.011482
0.012314
0.009074
0.012668
0.005845
0.012684
0.009439
0.004337
0.003501
0.011601
0.002920
-0.005357
-0.007174
0.007542
0.004282
0.012109
0.006679
0.009591
0.003956
0.020283
0.007588
-0.009865
-0.004670
-0.002023
-0.011178
0.009007
-0.001673
-0.010191
-0.005091
0.012934
0.018324
0.016357
0.006903
0.009825
0.009001
0.020111
0.006293
-0.005562
-0.003892
-0.016239
-0.020034
0.003859
-0.002876
-0.010057
-0.012422
0.010439
0.013016
-0.011069
-0.016501
0.001200
0.006180
0.017022
0.005587
0.000191
0.002464
-0.014677
-0.022531
0.003554
-0.002786
-0.010374
-0.005989
0.014836
0.014171
0.001035
-0.003718
0.007074
0.013719
0.024309
0.005829
-0.005216
-0.004913
-0.009140
-0.021316
-0.003724
-0.007685
-0.001422
-0.016234
0.015237
0.007033
-0.021163
-0.031926
-0.000024
-0.004657
0.013808
-0.012658
-0.018465
-0.008777
-0.032302
-0.045327
-0.020947
-0.025314
-0.031099
-0.036861
-0.000790
-0.003243
-0.013465
-0.036022
-0.024769
-0.017357
0.016132
-0.009689
-0.011512
0.000058
-0.021474
-0.033865
-0.004282
-0.010121
-0.029724
-0.032627
0.000656
0.007498
0.002423
-0.006848
-0.001735
0.004275
0.005223
-0.008881
0.000123
0.005635
-0.008218
-0.016056
0.003315
-0.008691
-0.018556
-0.015970
0.000656
-0.005318
-0.005791
-0.009265
0.006603
0.003267
0.003610
-0.013794
-0.006606
-0.001462
-0.020501
-0.026337
-0.006756
-0.007280
-0.014934
-0.021894
0.001652
0.007470
-0.001838
-0.010712
-0.004498
0.001451
0.013906
-0.007171
-0.018107
0.003404
-0.019371
-0.035910
-0.006211
-0.009376
-0.010424
-0.004423
0.004532
-0.004054
-0.016766
-0.012308
0.005763
0.004318
0.004995
-0.006403
-0.004053
0.006345
-0.006354
-0.017284
0.010813
0.006220
-0.016174
-0.018882
0.005957
0.010959
-0.002034
-0.004478
-0.002821
0.004073
0.017537
0.003819
-0.010327
-0.002591
-0.017653
-0.024756
-0.001979
-0.008148
-0.015464
-0.010275
0.006722
0.007491
-0.002980
-0.008627
-0.006122
-0.007869
0.012878
0.000336
-0.013075
-0.014041
-0.023503
-0.027490
-0.008292
-0.013635
-0.015946
-0.018995
-0.006071
-0.002362
-0.001237
-0.005307
-0.007420
-0.008824
0.006483
-0.007424
-0.010964
-0.001268
-0.018095
-0.033526
-0.006228
-0.006464
-0.013676
-0.011048
-0.000116
0.001226
0.000785
0.005410
0.011677
0.003773
0.015920
0.014107
0.014360
0.019995
0.005578
-0.001906
-0.002577
-0.001389
-0.000260
-0.005824
0.010771
0.015804
0.008511
0.012900
0.017550
0.021254
0.028356
0.000329
-0.009500
0.002836
-0.007609
-0.017585
-0.000168
-0.009388
-0.009126
-0.005394
0.009938
0.002747
-0.011009
-0.010443
0.012196
0.001735
0.009260
0.001882
0.008776
0.004900
-0.017450
-0.022107
0.004980
-0.001366
-0.025120
-0.022064
0.011158
0.014718
0.006360
-0.005592
-0.001986
0.010088
0.025992
0.008302
-0.008384
-0.002053
-0.018927
-0.030822
-0.001151
-0.002660
-0.024176
-0.023342
0.002215
0.011177
-0.005214
-0.008495
-0.007200
-0.002409
-0.003026
-0.005721
-0.001140
0.006250
-0.001880
-0.008544
0.004721
-0.002174
-0.012417
-0.007696
0.008762
0.006831
0.007371
0.016579
0.015438
0.010463
0.017532
0.011189
0.006397
0.002986
-0.004309
-0.008521
0.007247
0.003488
-0.009768
-0.008351
0.013968
0.025615
0.018820
0.017885
0.015867
0.017469
0.018184
0.012575
0.005485
0.007466
0.003207
-0.000201
-0.001795
-0.000121
0.003589
0.004905
0.011236
0.022153
0.033424
0.030748
0.026161
0.031974
0.026555
0.017055
0.016121
0.020428
0.012096
0.005033
0.012646
0.008099
0.008814
0.006944
0.010754
0.005689
0.012985
0.020315
0.031817
0.020304
0.018195
0.007881
0.003054
0.013219
-0.000996
-0.012861
0.014813
0.013165
-0.007074
-0.009190
0.010524
0.017866
0.010228
0.000582
0.010945
0.009737
-0.000660
-0.010816
-0.001275
0.003355
-0.008675
-0.018276
-0.000763
0.001625
-0.003927
-0.011877
0.000201
0.004207
-0.003315
-0.008548
-0.004221
-0.000892
0.005546
-0.008777
-0.007038
0.000503
-0.006942
-0.024690
-0.004152
-0.002449
-0.007970
-0.009783
0.007108
0.005639
-0.011395
-0.006388
0.003086
-0.004890
0.009059
0.000049
-0.003179
-0.001017
-0.021504
-0.025908
-0.005102
-0.004794
-0.019061
-0.019570
0.008328
0.010709
-0.001156
-0.010561
-0.002568
0.003210
0.007606
-0.013883
-0.013452
0.000696
-0.012520
-0.016549
-0.002443
-0.008183
-0.020564
-0.014817
0.006262
0.014411
0.007778
-0.003240
-0.006339
-0.001686
0.004566
-0.013176
-0.008209
-0.002587
-0.009616
-0.024170
0.001223
0.002135
-0.003749
-0.008809
0.003219
0.007795
0.006208
-0.001652
0.012895
0.011263
0.006029
-0.012670
-0.010081
-0.001945
-0.010275
-0.020862
0.007291
-0.004360
-0.012818
-0.013001
0.005283
0.005113
-0.010605
-0.015809
0.003209
0.010063
0.013761
-0.007821
-0.010658
-0.000431
-0.008362
-0.013188
0.003748
0.001513
-0.012707
-0.014079
0.003443
0.007333
0.004446
0.002781
0.005010
0.005363
0.008600
-0.006189
-0.010975
-0.002776
-0.012893
-0.023294
-0.009864
-0.008860
-0.017572
-0.018863
-0.008148
0.000871
0.000431
-0.012340
-0.006153
0.000723
0.003453
-0.016172
-0.016492
-0.007503
-0.028097
-0.035344
-0.011512
-0.010387
-0.010016
-0.013045
0.002102
-0.001313
-0.015965
-0.019381
-0.004537
-0.005556
-0.000062
-0.007744
-0.007009
-0.004106
-0.017810
-0.026817
-0.004946
-0.011694
-0.018084
-0.010575
0.005780
0.008832
0.000252
-0.012871
-0.002628
0.004252
0.009816
-0.012720
-0.012184
-0.003916
-0.023464
-0.030717
-0.007087
-0.003049
-0.004652
-0.008833
0.000799
-0.009300
-0.018468
-0.026189
-0.015122
-0.009967
-0.002000
-0.018503
-0.011912
0.000304
-0.012562
-0.030581
-0.014909
-0.007033
-0.013164
-0.017296
0.001997
0.008835
0.005701
0.008941
0.016734
0.016442
0.019459
0.008982
0.004066
0.005069
-0.007859
-0.009714
0.010453
0.008672
-0.010514
-0.012966
0.009878
0.014688
0.016113
0.001938
0.006887
0.001865
0.005168
0.000725
0.003753
0.001212
-0.005590
-0.014356
-0.003205
-0.010018
-0.008321
-0.004838
0.011795
-0.000454
-0.016604
-0.009279
0.009776
0.000801
0.012600
0.006506
0.000056
-0.003582
-0.009037
-0.015399
0.004665
0.001257
-0.016445
-0.014978
0.011403
0.016592
0.003582
0.001984
-0.002358
0.001115
0.009348
-0.010207
-0.008704
-0.003678
-0.026623
-0.031370
-0.013576
-0.006622
-0.014339
-0.014142
-0.000394
0.012724
0.005199
-0.004426
-0.007477
0.001203
0.007948
-0.003013
-0.001124
0.004976
-0.011546
-0.025983
-0.007000
-0.004986
-0.013019
-0.015684
0.002783
0.008275
-0.009318
-0.020716
-0.002095
0.007872
0.019722
-0.006211
-0.016375
-0.004423
-0.015761
-0.027972
-0.001990
-0.001511
-0.006869
-0.008538
0.001590
-0.001997
-0.014195
0.001201
0.002112
-0.004236
-0.001314
-0.003905
-0.005582
0.000019
0.003906
0.001047
0.006196
-0.009547
-0.047628
-0.067218
-0.056683
