-0.011668
-0.005575
-0.017196
0.014090
-0.024049
-0.017858
-0.011615
-0.010864
-0.005656
-0.013947
-0.012963
-0.007376
0.004354
0.009513
0.003386
0.001365
0.002989
0.005428
0.006756
0.012960
0.010910
0.006774
0.004129
0.000089
0.003879
0.002344
-0.004608
0.005440
0.011255
-0.007103
-0.003213
0.028852
0.052904
0.061078
0.069535
0.069141
0.068218
0.051033
0.048876
0.030572
0.032364
0.020857
0.019436
0.028115
0.032240
0.030342
0.037620
0.039909
0.047780
0.053810
0.053620
0.052671
0.061355
0.056365
0.059310
0.052398
0.049601
0.041764
0.036507
0.041783
0.050524
0.058773
0.077402
0.073030
0.062780
0.050426
0.045236
0.042146
0.043204
0.032819
0.024873
0.018565
0.017102
0.019417
0.009531
0.011866
0.023622
0.033218
0.026152
0.016903
0.021476
0.027906
0.015396
0.025899
0.028679
0.025551
0.017318
0.017944
0.012281
0.015910
0.013438
0.018865
0.023966
0.019918
0.014071
0.010489
0.019546
0.029000
0.028559
0.024435
0.030225
0.025295
0.023963
0.031704
0.034418
0.018698
0.020108
0.027716
0.032520
0.013029
0.009177
0.015448
0.027122
0.027237
0.038434
0.040503
0.047509
0.042882
0.047876
0.044457
0.050404
0.037551
0.030675
0.032929
0.039550
0.027294
0.026638
0.034153
0.046204
0.052458
0.053163
0.043332
0.041251
0.031773
0.031115
0.034934
0.042759
0.031221
0.026807
0.032059
0.041473
0.024606
0.025143
0.034591
0.046648
0.043413
0.043772
0.051028
0.056715
0.042065
0.042939
0.034017
0.037339
0.027375
0.028132
0.030147
0.037272
0.022210
0.015027
0.022102
0.037797
0.050263
0.052446
0.046374
0.041141
0.023744
0.021768
0.018477
0.024048
0.009088
0.011469
0.012767
0.022562
0.007222
0.002729
0.014719
0.028656
0.030540
0.034528
0.030074
0.042783
0.047943
0.050580
0.041374
0.045054
0.054556
0.083832
0.103475
0.149237
0.179326
0.207361
0.218111
0.188891
0.139590
0.105951
0.066083
0.059753
0.041572
0.035542
0.034113
0.027425
0.024188
0.026638
0.025454
0.029045
0.021071
0.008673
0.004827
0.015297
0.026381
0.020845
0.019586
0.020261
0.014769
0.012984
0.010633
0.016155
0.012930
0.012993
0.015699
0.019709
0.012739
0.012892
0.019118
0.022104
0.021275
0.018550
0.014787
0.015746
0.010539
0.000977
0.005142
0.006492
0.000969
-0.001525
0.002114
0.003489
-0.005278
-0.012125
-0.000016
0.010902
0.014519
0.013680
0.011119
0.011963
0.007319
0.003136
0.005878
0.012985
0.008735
-0.000863
0.005049
0.008388
-0.003416
-0.004484
0.005744
0.012256
0.019589
0.022960
0.018434
0.016330
0.007982
0.001305
0.002309
0.006969
0.002858
0.003745
0.008776
0.009926
-0.002707
0.000953
0.015962
0.025269
0.026217
0.032791
0.025660
0.021891
0.008536
0.010693
0.007520
0.015683
0.010889
0.009861
0.015789
0.021871
0.011721
0.003829
0.009474
0.021093
0.029279
0.035547
0.022212
0.029255
0.039241
0.039693
0.033688
0.043891
0.039437
0.039224
0.035043
0.034485
0.021931
0.030085
0.031271
0.033130
0.035256
0.039126
0.037971
0.027067
0.009725
0.014242
0.017708
0.017709
0.010345
0.016773
0.012885
0.017235
0.008699
0.000024
0.002307
0.012672
0.013433
0.010381
0.008694
0.005904
-0.007008
-0.013437
-0.001810
0.006233
-0.004481
-0.010402
0.003063
0.008021
-0.008583
-0.012843
-0.002905
0.009077
0.005517
0.012291
0.023458
0.034828
0.022770
0.016625
0.027211
0.044458
0.026955
0.020941
0.028797
0.029888
0.009979
0.007060
0.022503
0.030461
0.038125
0.040971
0.025638
0.022765
0.025784
0.017266
0.015418
0.017258
0.007803
0.005805
0.016522
0.024724
0.013239
0.007055
0.013233
0.029062
0.044328
0.044681
0.030283
0.014861
0.003962
0.006159
-0.000218
-0.000868
-0.013865
-0.013363
0.009803
0.010268
-0.012775
-0.011028
0.006698
0.015704
0.009033
0.022556
0.020746
0.034470
0.036349
0.026195
0.022906
0.036875
0.028073
0.023848
0.029059
0.029946
0.022218
0.032873
0.038440
0.044737
0.048222
0.048309
0.042684
0.050368
0.043388
0.038561
0.023880
0.028935
0.023951
0.030427
0.023641
0.035556
0.037463
0.044713
0.046532
0.061559
0.086658
0.126829
0.151786
0.190958
0.216973
0.272440
0.302220
0.320944
0.346883
0.441706
0.546751
0.636290
0.635332
0.613615
0.570038
0.486603
0.373428
0.264925
0.176647
0.154940
0.114886
0.058688
0.032067
0.039417
0.040416
0.043156
0.034303
0.030161
0.020800
0.015771
0.020940
0.033126
0.039568
0.039650
0.025605
0.027977
0.026554
0.024673
0.014583
0.021373
0.014903
0.011377
0.014176
0.023952
0.018189
0.021617
0.022583
0.033690
0.041945
0.043172
0.040138
0.052074
0.048143
0.046888
0.033645
0.036346
0.031292
0.030290
0.027245
0.034854
0.045040
0.046066
0.046215
0.045840
0.053271
0.062987
0.055838
0.039661
0.027741
0.030000
0.023103
0.010706
0.008161
0.014319
0.021486
0.018708
0.014106
0.009394
0.017555
0.021697
0.026153
0.032989
0.003770
0.012117
0.031474
0.019541
0.009418
0.016734
0.007966
-0.003630
0.007550
0.013254
-0.004380
-0.008331
0.015693
0.027616
0.021199
0.025137
0.028614
0.030468
0.022460
0.013438
0.021453
0.028056
0.021311
0.013372
0.020044
0.015533
0.004441
0.003906
0.009637
0.013893
0.023457
0.025289
0.022117
0.017030
0.005408
0.005593
0.006982
0.011032
0.006777
0.005975
0.006862
0.009675
-0.002497
-0.004164
0.008835
0.016718
0.016596
0.013322
0.015536
0.022211
0.014355
0.001153
0.003952
0.011274
0.010308
0.002518
0.004248
0.007380
-0.004032
-0.005996
0.002223
0.011667
0.017175
0.014899
0.014222
0.016427
0.002926
-0.001479
0.007273
0.008209
0.005444
0.007136
0.003630
0.007130
0.000208
-0.000937
0.003036
0.014249
0.015847
0.016447
0.015133
0.015226
0.002767
0.000608
0.010919
0.018585
0.009011
-0.000515
0.002431
0.011694
0.004435
-0.005612
-0.001102
0.010671
0.018203
0.013245
0.011122
0.012829
0.005625
-0.003906
0.009342
0.019057
0.009289
0.002397
0.007257
0.006294
0.004207
0.007410
0.010351
0.012848
0.013538
0.016381
0.025948
0.026208
0.012356
0.011244
0.016327
0.024099
0.023653
0.022372
0.017851
0.016298
0.012485
0.007010
0.007764
0.010838
0.015091
0.017962
0.018326
0.018425
0.013159
0.006024
0.007615
0.011819
0.011263
0.003153
0.004382
0.008919
-0.000317
-0.006682
-0.001445
0.005479
0.014325
0.017365
0.011138
0.011632
0.004289
0.001784
0.006436
0.010082
0.008102
0.005112
0.003882
0.005920
0.002635
0.003007
0.004234
0.011244
0.020530
0.020798
0.020236
0.026367
0.022687
0.023508
0.019249
0.021183
0.017928
0.016393
0.012635
0.019686
0.019372
0.017291
0.016346
0.019942
0.026601
0.026534
0.020064
0.014416
0.005370
-0.006199
-0.000254
0.004089
0.001751
-0.000961
-0.001385
0.003657
0.006755
0.000523
0.003092
0.009475
0.010282
-0.000198
-0.001951
-0.001749
0.013685
-0.011316
-0.015059
-0.006864
-0.025916
-0.029255
-0.013687
-0.013627
0.003270
-0.018424
0.003783
-0.004554
-0.021124
-0.036879
-0.018106
-0.015934
-0.001822
-0.025244
-0.018392
-0.007598
-0.029903
-0.036320
0.002801
-0.022978
-0.033492
-0.034475
0.002018
-0.003917
-0.009692
-0.020074
-0.011106
-0.016478
-0.010815
-0.016980
-0.008470
0.002316
-0.013219
-0.025887
-0.001200
-0.005430
-0.025805
-0.023172
0.002953
0.012599
0.003173
0.000722
0.002638
0.009382
0.001697
-0.006152
0.000273
0.005938
-0.002326
-0.009404
0.000796
0.003767
-0.012294
-0.012421
0.006686
0.016825
0.013878
0.017469
0.018955
0.014375
0.002118
0.000599
0.005265
0.010032
0.009362
0.002728
0.004669
0.003208
-0.010341
-0.008647
0.005140
0.011488
0.012472
0.013543
0.015527
0.013586
0.001912
0.001255
0.005386
0.009011
0.007907
0.007979
0.010899
0.010161
-0.002843
-0.005329
-0.002410
0.005722
0.014877
0.014866
0.011011
0.007881
-0.001611
-0.000081
0.006193
0.005966
0.003242
0.003302
0.001475
0.005491
0.000025
-0.003198
-0.001648
0.008272
0.013942
0.011613
0.009406
0.010164
0.002152
0.002264
0.007206
0.007495
0.006105
0.004334
-0.002957
0.002447
-0.001013
-0.004648
0.002586
0.011143
0.019479
0.022462
0.017748
0.017628
0.010991
0.008569
0.002991
0.008797
0.008125
0.005171
0.004277
0.007533
0.007901
0.014852
0.013517
0.018680
0.030079
0.037306
0.036183
0.027764
0.018326
0.029920
0.034389
0.033848
0.019388
0.022216
0.027998
0.029753
0.011711
0.011490
0.028539
0.039654
0.046624
0.054711
0.046548
0.031932
0.037250
0.035459
0.032595
0.027326
0.008229
0.003522
0.026683
0.016458
0.003557
-0.016355
0.014997
0.006640
-0.006293
-0.021506
-0.032413
-0.020992
0.005560
-0.014515
-0.013578
-0.004260
-0.039220
-0.049639
-0.012652
-0.016031
-0.025999
-0.028960
0.005550
-0.000281
-0.013726
-0.020127
-0.011624
-0.006581
-0.001632
-0.019818
-0.013866
0.000981
-0.011932
-0.016926
0.001778
-0.005374
-0.023884
-0.017054
0.008295
0.013798
0.005967
0.004701
0.003672
0.006241
0.000339
-0.003261
0.004260
0.008312
-0.000428
-0.008414
-0.002089
0.002094
-0.005350
-0.004569
0.005297
0.015077
0.018679
0.018853
0.017539
0.017703
0.003134
0.005914
0.009841
0.011451
0.005257
0.009374
0.008421
0.010561
0.002572
-0.000283
0.007703
0.016207
0.017144
0.013009
0.017063
0.015912
0.001805
0.001088
0.009660
0.008993
0.002867
0.004064
0.004528
0.010642
0.000461
-0.010203
0.002539
0.013374
0.011903
0.009839
0.009222
0.011173
0.001106
0.000984
0.006560
0.012830
0.008227
0.003617
0.006423
0.009328
-0.000828
-0.003653
0.005422
0.010083
0.020645
0.019151
0.016796
0.017432
0.014500
0.008194
0.005179
0.010682
0.010632
0.012065
0.006113
0.005464
-0.005651
-0.006984
0.000808
0.011788
0.019174
0.019054
0.012694
0.020627
0.014952
0.010295
0.011693
0.018442
0.010729
0.003761
0.004215
0.011532
0.011098
0.011446
0.014638
0.019441
0.025638
0.029515
0.021078
0.019990
0.008613
0.007102
0.007701
0.011233
0.011657
0.006164
0.002221
0.009307
0.003166
-0.000182
0.000570
0.010980
0.020410
0.025816
0.022175
0.018759
0.005177
-0.001212
0.007978
0.016160
0.006302
0.001227
-0.000040
0.005849
-0.001464
-0.004687
-0.000720
0.006616
0.015182
0.015050
0.016139
0.011790
0.003687
0.000066
0.003712
0.007667
0.001359
-0.006508
0.000961
0.003988
-0.007399
-0.007927
0.006496
0.015788
0.013131
0.014271
0.007057
0.011564
0.010000
-0.000466
-0.000565
0.008119
0.000698
-0.005090
0.002845
0.001879
-0.011200
-0.005596
0.009157
0.020033
0.021971
0.022546
0.011901
0.008535
0.005175
0.001082
-0.000281
0.007528
0.007661
0.003454
0.009783
0.010472
-0.004389
-0.004926
0.006971
0.016174
0.016638
0.015805
0.008790
0.007030
0.002501
0.002023
0.002379
0.009603
0.009446
0.001400
0.003063
0.001896
-0.003150
-0.001993
0.007344
0.010419
0.016990
0.020524
0.019222
0.013088
0.005136
0.005785
0.007731
0.013451
0.008195
0.002495
0.003556
0.009513
-0.004812
-0.009722
0.002870
0.012946
0.010331
0.013139
0.003884
0.007994
0.005693
-0.001289
0.007321
0.013242
-0.001458
-0.006523
-0.000594
0.006756
0.001525
-0.002682
0.003467
0.011016
0.014782
0.011326
0.011162
0.008653
0.001918
-0.000699
0.001652
0.005289
0.004121
0.001034
0.008668
0.007359
-0.012248
-0.014141
0.000167
0.010274
0.015423
0.013755
0.006292
0.008959
0.010888
0.003103
0.006690
0.009740
0.003290
-0.002535
0.006189
0.006520
-0.008105
-0.006918
0.010329
0.020208
0.021571
0.017397
0.005723
0.003182
0.000704
-0.004085
0.002856
0.005611
0.003931
-0.008004
-0.006419
-0.003316
0.001096
0.001408
0.006586
0.006102
0.003993
0.012412
0.017260
0.012563
0.002589
0.000150
0.003983
0.005971
0.003689
0.004198
0.008173
0.006319
-0.011538
-0.015330
0.000676
0.015950
0.015542
0.010705
0.007239
0.012168
0.007699
-0.000021
0.005207
0.012803
0.002151
-0.003475
0.004159
0.003888
-0.010379
-0.012043
0.000030
0.009299
0.013688
0.015887
0.013490
0.015054
0.008680
0.006911
0.011475
0.018142
0.008214
0.003427
0.007999
0.011016
0.002730
0.002515
0.007109
0.018208
0.026817
0.027955
0.018441
0.013810
0.005844
0.004120
0.006619
0.010784
0.008306
0.006385
0.004681
0.009256
0.000821
-0.002223
-0.000424
0.011440
0.017102
0.019435
0.017730
0.019420
0.004450
0.006296
0.010562
0.015795
0.009878
0.008553
0.008657
0.012943
0.003264
0.000383
0.010804
0.016263
0.017880
0.023080
0.015660
0.011496
0.005007
0.004523
0.012320
0.012029
0.008012
0.002193
0.007902
0.008747
-0.000448
-0.002679
0.001929
0.010144
0.020712
0.027962
0.022072
0.021957
0.013395
0.012431
0.013672
0.021713
0.013853
0.012685
0.013382
0.015151
0.001880
0.000483
0.019182
0.034666
0.031752
0.031251
0.023583
0.028744
0.019280
0.009278
0.008783
0.019263
0.010697
0.004007
0.009470
0.017547
0.001939
0.002717
0.017599
0.034933
0.036506
0.039019
0.036407
0.029458
0.014374
0.022581
0.039257
0.038663
0.022159
0.022189
0.028927
0.030898
0.017223
-0.001420
0.007858
0.008026
0.003366
0.005259
-0.004211
-0.009651
-0.004052
0.000261
0.004837
0.011431
-0.008213
-0.010501
0.015239
0.009646
-0.016284
-0.017754
0.003753
0.013975
0.006782
0.003155
0.002788
0.001768
-0.001564
-0.004226
0.001137
0.009350
0.000754
-0.003417
-0.002940
-0.000748
-0.016582
-0.011110
0.011958
0.023772
0.020365
0.022322
0.016591
0.018272
0.011250
0.006894
0.003704
0.011235
0.005815
-0.000739
0.006073
0.009970
-0.005390
-0.006095
0.008876
0.020552
0.015869
0.014694
0.010655
0.012594
-0.000159
-0.002812
0.005425
0.013248
0.005412
-0.000864
0.003884
0.005156
-0.005573
-0.009261
0.003198
0.012780
0.011455
0.007695
0.010618
0.014365
0.003447
-0.009216
0.003480
0.012289
0.003336
-0.001678
-0.005555
-0.003249
-0.007722
-0.009198
-0.002878
0.003329
0.012043
0.008156
0.008196
0.007053
0.001568
-0.000903
0.000303
-0.000211
0.000037
-0.005835
-0.004161
-0.003876
-0.007387
-0.010800
-0.004117
0.002603
0.004653
0.007125
0.011459
0.010295
-0.000142
-0.001593
0.002353
0.003637
-0.001470
-0.005984
-0.003483
0.003883
-0.007762
-0.014437
0.000174
0.013639
0.013438
0.016222
0.009654
0.016982
0.012788
0.006355
0.007811
0.012971
0.007305
0.001282
0.002142
0.002792
0.000322
0.005684
0.009085
0.008543
0.015850
0.017970
0.015952
0.014687
0.003618
-0.002990
0.008140
0.010362
0.003263
0.006213
0.003782
0.006194
0.001629
-0.004226
0.000080
0.010949
0.020856
0.018451
0.010833
0.007382
0.002726
0.001775
0.007743
0.012079
0.009619
0.004104
0.006812
0.008602
-0.000502
-0.006343
0.000175
0.003696
0.011794
0.018154
0.012555
0.007001
0.003197
0.003203
0.004845
0.007494
0.006093
0.005160
0.000014
0.001590
-0.001770
-0.006941
-0.003970
0.007640
0.017022
0.017142
0.010390
0.009864
0.006659
0.006995
0.009703
0.010161
0.003215
0.002149
-0.002371
0.007680
0.007151
0.001577
0.004129
0.011802
0.016827
0.014309
0.010255
0.012372
0.009917
0.004541
0.006107
0.012894
0.007766
0.006288
0.005527
0.011845
0.004842
-0.004242
0.001914
0.012930
0.010943
0.010760
0.009443
0.007947
-0.004461
-0.006550
0.001441
0.003230
0.004710
-0.002253
0.000870
-0.000285
-0.002498
-0.000974
0.004814
0.004359
0.012338
0.022704
0.018865
0.015033
0.008203
-0.004578
0.000735
0.006530
0.009364
0.006877
0.004778
-0.003116
-0.013037
-0.009385
0.002225
0.008835
0.018002
0.019802
0.015258
0.012723
0.006754
0.002019
0.004552
0.007292
0.005889
0.002738
0.001201
0.004495
-0.005360
-0.009561
0.000646
0.007926
0.014675
0.013480
0.008267
0.012696
0.004767
-0.003002
0.006097
0.009969
0.004300
0.002962
0.001360
0.006767
0.002571
-0.004462
0.001060
0.014261
0.025521
0.024699
0.015280
0.012992
0.006983
0.003184
0.006977
0.014224
0.006078
0.000760
0.000047
0.000761
-0.008319
-0.010710
0.000980
0.010677
0.014284
0.015769
0.017933
0.014271
0.008631
0.005429
0.005767
0.011258
0.010531
0.008700
0.007722
0.007837
-0.007442
-0.008266
0.006421
0.018530
0.021095
0.024176
0.024202
0.026303
0.010901
0.003983
0.011478
0.016558
0.012139
0.007005
0.008588
0.012785
-0.000699
-0.006826
0.006789
0.016458
0.020055
0.016252
0.010973
0.008282
0.005809
0.008112
0.011412
0.013773
0.010000
0.007466
0.003901
0.008136
0.003168
0.000458
0.003724
0.009558
0.012889
0.013857
0.007551
0.009730
0.003084
-0.000767
0.004389
0.014119
0.007997
0.002319
0.001715
0.004650
-0.003140
-0.002849
0.003070
0.013665
0.018530
0.015739
0.011269
0.016091
0.007328
0.002040
0.010509
0.013799
0.006799
0.001019
0.001577
0.008653
0.005027
0.000459
0.003767
0.015534
0.018307
0.020763
0.016447
0.018838
0.016034
0.009439
0.006479
0.015153
0.016461
0.017551
0.016865
0.014059
0.023931
0.022483
0.025190
0.020713
0.029840
0.037794
0.032157
0.030291
0.019404
0.007218
0.007567
0.013803
0.018624
0.018052
0.010199
0.009218
0.009863
0.008474
0.015366
0.019582
0.023015
0.028926
0.032016
0.031680
0.015806
0.002169
0.006318
0.014999
0.010165
0.009128
0.007436
0.012381
0.001565
0.000872
0.009866
0.018523
0.020741
0.018011
0.019341
0.019827
0.009924
0.006196
0.010360
0.014551
0.010861
0.010770
0.007738
0.011180
0.009739
0.006490
0.002950
0.009049
0.024566
0.021204
0.015519
0.015067
0.011732
0.012694
0.008690
0.012318
0.010804
0.010615
0.004985
0.007349
0.003848
0.004602
0.003114
0.005976
0.009983
0.010958
0.013030
0.014610
0.001503
-0.001008
0.004587
0.008124
0.002800
0.001441
-0.000290
0.004172
-0.000509
-0.007751
-0.005644
0.003783
0.012223
0.007468
0.007593
0.009164
0.000837
-0.009658
0.000713
0.006870
0.001220
-0.004436
0.000369
0.002611
-0.002458
-0.007859
-0.000144
0.005329
0.009876
0.013228
0.006457
0.009378
0.010670
0.001907
0.003593
0.012101
0.010490
0.008045
0.009835
-0.001486
-0.007984
0.000181
0.006381
0.009283
0.014762
0.024836
0.023047
0.020147
0.009693
0.007108
0.010839
0.015736
0.012097
0.013897
0.011875
0.011982
0.008545
0.003160
0.003347
0.010989
0.019518
0.019302
0.011884
0.010965
-0.001607
-0.008944
0.001507
0.005310
-0.001800
-0.003331
-0.004630
0.003331
-0.002739
-0.009044
0.000938
0.012045
0.009828
0.008553
0.009809
0.018118
0.008782
-0.003422
0.005424
0.013589
0.007656
0.000942
0.005942
0.004291
-0.004939
-0.006689
0.004950
0.006575
0.004886
0.014748
0.014853
0.010725
0.000479
-0.002678
0.004849
0.007838
0.003266
-0.003563
-0.005119
-0.000305
-0.009106
-0.015599
-0.002426
0.010258
0.013591
0.015596
0.011635
0.011877
0.005486
0.001079
0.006397
0.010175
0.004036
0.000021
0.004491
0.010151
-0.000546
-0.007197
0.002552
0.012859
0.014091
0.013215
0.004055
0.006091
-0.001370
-0.006793
0.002374
0.007043
-0.000177
-0.006757
-0.000628
0.003452
-0.008819
-0.006126
0.011720
0.019399
0.009849
0.010020
0.011911
0.011483
-0.005454
-0.005340
0.011468
0.018323
0.004104
-0.000239
0.014910
0.017147
-0.002953
-0.005559
0.011538
0.018683
0.020637
0.017155
0.009318
0.015501
0.021592
0.010426
0.010616
0.020446
0.016947
0.007836
0.013030
0.011949
0.005068
-0.000354
0.002987
0.006725
0.015407
0.026921
0.018833
0.011376
0.002619
-0.002045
0.000473
0.003042
0.008448
0.005380
0.004097
-0.005341
-0.014461
-0.012023
0.004048
0.010215
0.009845
0.011538
0.008867
0.006907
0.000088
-0.003977
0.004821
0.005114
0.003996
0.002250
0.005016
0.005675
-0.001547
-0.008992
-0.001772
0.011059
0.019729
0.017443
0.008957
0.006596
0.004720
0.001192
0.000673
0.003749
0.006992
0.000542
0.005921
0.002137
-0.010691
-0.011862
0.003183
0.009561
0.007864
0.013415
0.014333
0.016303
0.007139
0.000743
0.010285
0.017064
0.008662
0.001535
0.007215
0.007906
-0.002776
-0.005841
0.003018
0.006736
0.013531
0.018258
0.016998
0.015234
0.002331
0.006579
0.010202
0.008462
0.007383
0.005568
0.001505
0.006662
0.007615
0.000921
-0.003066
0.005505
0.015446
0.015682
0.012009
0.007433
-0.000469
0.002532
0.005602
0.006005
0.006026
0.007056
0.000532
0.006107
0.007253
0.005119
0.002828
0.011289
0.015485
0.019978
0.017963
0.016643
-0.001238
0.000911
0.003901
0.004077
0.019238
0.017446
0.010381
0.008785
-0.003683
-0.031945
-0.059621
