-0.009981
-0.004169
0.001365
0.027511
-0.010246
-0.009550
0.025547
0.015480
0.022336
0.019242
0.031003
0.036575
0.048825
0.073980
0.098328
0.101453
0.094934
0.088958
0.101204
0.105253
0.127670
0.158922
0.173454
0.179213
0.185424
0.218268
0.284292
0.343088
0.424071
0.461192
0.484453
0.474435
0.414668
0.330267
0.250164
0.188522
0.175345
0.152825
0.128070
0.111042
0.105478
0.104818
0.128549
0.132131
0.130891
0.153348
0.186642
0.186871
0.164875
0.135077
0.127601
0.122869
0.115672
0.081997
0.075025
0.068939
0.064069
0.051895
0.055377
0.039039
0.041617
0.029792
0.026299
0.035632
0.041263
0.043756
0.041323
0.033810
0.029000
0.023609
0.011304
0.007373
0.009725
-0.007562
-0.013304
0.004500
0.013759
0.005501
-0.004168
0.002219
0.023161
0.021343
0.014486
0.015664
0.021029
0.009677
0.009000
0.001818
0.007022
0.003353
-0.005757
0.006696
0.012339
-0.015863
-0.009503
0.024840
0.045290
0.047229
0.051921
0.051182
0.056464
0.050473
0.044787
0.047384
0.052794
0.047792
0.043571
0.045357
0.054587
0.075739
0.102249
0.130964
0.118262
0.119524
0.133727
0.142119
0.138393
0.112327
0.095493
0.087945
0.077351
0.072433
0.067280
0.048689
0.047235
0.028715
0.018350
0.037615
0.056994
0.072692
0.076015
0.063305
0.044918
0.030083
0.038532
0.030644
0.026543
0.021193
0.012971
0.017697
0.020940
0.010882
0.008743
0.024610
0.036884
0.053999
0.066839
0.052892
0.054593
0.053579
0.038626
0.036185
0.052517
0.045416
0.022899
0.025866
0.033001
0.013772
0.019658
0.041183
0.058846
0.061366
0.063110
0.062135
0.060323
0.054586
0.048447
0.045113
0.055627
0.057904
0.048406
0.034559
0.038680
0.069352
0.087278
0.100859
0.087827
0.103157
0.100186
0.061684
0.040254
0.028015
0.029299
0.023134
0.014389
-0.001043
-0.003002
0.008673
0.020240
0.004604
-0.008639
0.013106
0.021092
0.006821
-0.013563
-0.025284
-0.009916
0.009027
-0.028381
-0.040904
-0.027571
-0.054887
-0.076464
-0.034000
-0.045184
-0.013994
-0.043956
-0.015182
-0.058434
-0.056565
-0.083375
-0.048862
-0.048008
-0.015756
-0.041443
-0.042257
-0.018835
-0.048926
-0.070291
-0.031274
-0.045378
-0.042277
-0.037669
-0.011598
-0.020487
-0.028424
-0.037619
-0.013179
-0.009477
0.013513
-0.014323
-0.013126
-0.001183
-0.020646
-0.028692
-0.011237
-0.017629
-0.033407
-0.024440
0.000920
0.003828
-0.000501
-0.013020
0.006742
0.007993
-0.001096
-0.014076
-0.003429
0.001663
-0.024077
-0.032838
-0.005181
0.001424
-0.006385
-0.021240
0.000832
0.003198
-0.009065
-0.027111
-0.009222
-0.010581
-0.008057
-0.021402
-0.017689
-0.009695
-0.034717
-0.048413
-0.024481
-0.014687
-0.015672
-0.032933
0.008814
0.004843
-0.022132
-0.028904
-0.019027
-0.017486
0.010295
-0.001859
-0.008546
-0.003711
-0.032876
-0.054658
-0.019151
-0.018287
-0.032188
-0.025445
0.011595
0.018236
0.006118
0.012673
0.016682
0.022633
0.035072
0.037190
0.029397
0.034853
0.024759
0.009331
0.019745
0.019296
0.006218
0.010926
0.038112
0.050650
0.056601
0.055103
0.042176
0.039359
0.032260
0.022916
0.012352
0.019050
0.015182
0.010928
0.006799
0.005295
0.008101
0.016862
0.011705
0.006175
0.008582
0.018169
0.022822
0.013260
0.008308
0.006469
-0.005485
-0.003533
-0.009614
-0.011630
-0.000441
-0.001840
-0.024052
-0.021728
0.011751
0.033765
0.018040
0.015066
0.017020
0.024953
0.024147
0.026012
0.039081
0.040407
0.024258
0.018006
0.027051
0.020767
0.009043
0.007688
0.013046
0.009782
0.010244
0.006630
0.010464
0.008315
0.000064
-0.009479
-0.005791
-0.007386
-0.019675
-0.027978
-0.001823
-0.008798
0.007636
-0.015556
0.008183
-0.012310
-0.021695
-0.046515
-0.044488
-0.024535
-0.009966
-0.056206
-0.071666
-0.033977
-0.054960
-0.086161
-0.048426
-0.055824
-0.004115
-0.058890
-0.007619
-0.039530
-0.057534
-0.093571
-0.058808
-0.047908
-0.033739
-0.053569
-0.043364
-0.008156
-0.055650
-0.084326
-0.032731
-0.037536
-0.071545
-0.062465
0.011842
0.031557
-0.006556
-0.016677
-0.009909
0.010564
0.020096
0.013311
0.023278
0.043115
0.013258
-0.011584
0.019387
0.029885
-0.007655
0.016824
0.058451
0.081443
0.097278
0.124167
0.146017
0.163717
0.193740
0.227633
0.257920
0.315811
0.360739
0.449343
0.566223
0.638125
0.661600
0.657769
0.631111
0.539883
0.443408
0.327150
0.224678
0.200035
0.166758
0.092301
0.070105
0.083560
0.099453
0.098295
0.062684
0.042066
0.025169
0.003695
0.010159
0.016392
0.022916
0.025912
0.015634
0.008033
0.015516
0.015450
-0.001723
0.002534
-0.008062
-0.014611
0.007300
0.007571
-0.019968
-0.011773
0.017141
0.032269
0.019814
0.027037
0.031418
0.041056
0.040956
0.033093
0.034368
0.050300
0.038579
0.021085
0.030632
0.034401
0.035039
0.051270
0.079181
0.090821
0.113852
0.116389
0.086723
0.086887
0.071399
0.049621
0.033269
0.038439
0.016179
-0.004350
0.022581
0.037950
0.029766
-0.001518
0.019224
0.011354
0.005408
-0.013347
-0.022112
-0.023309
-0.006997
-0.021047
-0.022625
-0.013595
-0.044469
-0.072029
-0.037659
-0.039038
-0.010008
-0.023660
-0.019873
-0.038525
-0.044004
-0.058369
-0.021145
-0.029688
-0.011608
-0.028559
-0.031189
-0.008842
-0.025660
-0.034734
-0.017301
-0.022471
-0.040101
-0.040279
0.001827
0.009798
-0.004103
-0.008075
0.005775
0.011473
0.024205
0.022019
0.011658
0.017096
0.013288
0.008456
0.012884
0.002789
0.006834
0.002749
0.002732
0.002380
0.015398
0.012058
0.016656
0.014685
0.013534
-0.000126
0.000047
0.001858
-0.013628
-0.013598
0.002628
0.001017
-0.012329
-0.014111
0.006605
0.012385
0.001941
-0.006500
-0.000868
0.004088
0.011249
-0.008122
-0.010376
-0.001110
-0.012869
-0.019012
-0.008417
-0.012223
-0.020649
-0.017341
0.002817
0.001721
-0.008657
-0.009140
-0.000962
-0.004449
0.011806
0.009098
0.002690
-0.003279
-0.009291
-0.012402
-0.000737
-0.008871
-0.024990
-0.021635
0.003226
0.005011
-0.000709
-0.000311
0.001777
0.001147
0.004141
-0.013132
-0.005566
-0.004738
-0.020328
-0.025455
-0.009923
-0.005312
-0.011939
-0.017951
-0.003051
-0.001465
-0.005697
-0.008912
-0.015666
-0.013665
0.000010
-0.023814
-0.015947
-0.004088
-0.017411
-0.026738
-0.007822
-0.004562
-0.012453
-0.020304
-0.002525
0.001488
-0.005439
-0.001995
0.001004
0.000129
0.002232
-0.009067
-0.003375
0.004104
-0.004408
-0.014999
-0.006206
-0.004431
-0.013184
-0.013933
-0.001742
0.008967
0.003406
-0.004187
0.005934
0.008595
0.004628
-0.012177
-0.008870
-0.010391
-0.021023
-0.024835
-0.010235
-0.004206
-0.006080
-0.012343
-0.002511
0.009737
0.014361
-0.010045
-0.001489
0.001724
0.003288
-0.009547
0.005698
0.006870
-0.006878
-0.016803
-0.006714
-0.013677
0.001107
-0.001026
-0.004363
-0.022622
-0.040793
-0.042104
-0.001212
-0.007575
0.001692
-0.020279
-0.017997
-0.008656
-0.035201
-0.043605
-0.016649
-0.021055
-0.023865
-0.023684
0.004087
0.004635
-0.012102
-0.022242
0.000182
-0.004105
0.002197
-0.008747
-0.008565
-0.001918
-0.018485
-0.034082
0.003852
-0.007624
-0.019326
-0.019704
0.007266
0.008295
-0.017665
-0.044762
-0.012012
-0.006500
0.012868
-0.007478
-0.024251
-0.008180
-0.041292
-0.052024
-0.021866
-0.031293
-0.027101
-0.036689
-0.007481
-0.024249
-0.041079
-0.064197
-0.044574
-0.020226
0.000430
-0.030543
-0.017239
0.004070
-0.016023
-0.035671
-0.010538
-0.014157
-0.022939
-0.023262
-0.003767
-0.003670
-0.010572
-0.006482
0.001881
-0.001342
0.009802
-0.008754
-0.002545
-0.001197
-0.014912
-0.010600
-0.002881
-0.009499
-0.010098
-0.008532
0.008651
0.004065
-0.006554
-0.007596
0.001628
0.015612
0.021318
0.004778
0.000600
0.006915
-0.007489
-0.015713
0.002105
-0.004435
-0.015259
-0.011295
0.006537
0.002391
0.001435
-0.000927
0.001091
0.006320
0.015919
-0.008135
-0.010533
0.000466
-0.001044
-0.008412
-0.000755
-0.004292
-0.008722
-0.013741
-0.000999
0.005131
0.006913
0.006587
-0.001003
-0.000907
0.005615
-0.010350
-0.017291
-0.006419
-0.012773
-0.014081
-0.007998
-0.013254
-0.016631
-0.014182
-0.000966
0.001085
-0.002694
-0.006469
0.005917
0.006325
0.003954
-0.002527
0.005889
0.000555
0.000665
-0.002918
0.006546
0.001566
-0.005544
-0.008900
0.007126
0.008942
0.010651
0.015579
0.006837
0.001415
0.004614
0.000317
-0.002717
-0.005456
-0.013842
-0.017737
-0.009194
-0.001005
-0.010260
-0.015362
0.005666
0.022420
0.014534
0.016572
0.023201
0.034326
0.028544
0.021921
0.020429
0.024220
0.013953
0.015233
0.024891
0.035425
0.031127
0.039969
0.048007
0.053109
0.057755
0.067986
0.085452
0.102220
0.108992
0.121069
0.120896
0.105148
0.080938
0.075641
0.057012
0.054011
0.067053
0.088229
0.083198
0.064206
0.065317
0.064887
0.040953
0.021337
0.013947
-0.005459
-0.016055
-0.009548
-0.013866
-0.006686
0.007095
-0.001928
-0.004698
-0.000721
0.010093
0.014357
-0.002663
-0.015337
-0.005788
0.002722
0.016913
0.002331
0.000251
0.010636
-0.012588
-0.026416
-0.002110
-0.004355
-0.011924
-0.016605
-0.000662
0.001592
-0.010248
-0.004401
0.005658
0.007269
0.019226
0.004046
-0.003227
0.002139
-0.006245
-0.014490
0.000897
-0.005024
-0.023123
-0.024114
0.006938
0.020263
0.030835
0.031189
0.020110
0.012926
0.016832
0.008996
-0.000956
0.000411
-0.000726
-0.011566
0.002161
0.004385
-0.005796
-0.001370
0.011225
0.017664
0.018095
0.016390
0.005848
0.005157
0.005843
-0.006091
-0.007522
-0.007127
-0.023877
-0.025979
0.002818
0.003059
-0.011440
-0.015070
0.005966
0.009911
0.003450
-0.006157
0.001318
-0.008602
-0.003879
-0.014624
-0.005695
-0.008072
-0.030474
-0.046133
-0.024487
-0.020424
-0.005647
-0.010759
-0.012642
-0.018544
-0.019764
-0.024419
0.003383
-0.004056
0.006006
-0.001253
-0.005278
0.004181
-0.015406
-0.028475
-0.003107
-0.012963
-0.023980
-0.024889
-0.002077
-0.003621
-0.019663
-0.025376
-0.002384
-0.002281
0.003615
-0.017722
-0.012990
-0.009410
-0.020474
-0.028127
-0.014968
-0.020389
-0.021561
-0.024440
-0.006107
-0.008540
-0.011212
-0.017576
-0.005246
-0.007409
-0.009504
-0.017641
0.004877
0.004070
-0.014436
-0.020389
-0.001744
0.004630
-0.005440
-0.014577
0.000696
0.003941
0.000450
-0.005695
-0.006654
-0.005105
-0.000788
-0.013122
-0.003702
-0.001514
-0.010248
-0.015395
-0.000325
-0.001015
-0.016261
-0.015717
0.012173
0.018658
0.006171
-0.002450
-0.000388
0.003144
0.005541
-0.011287
-0.006916
-0.005827
-0.012956
-0.020997
0.006184
0.003092
-0.008990
-0.013672
-0.002577
-0.002408
-0.003085
-0.015615
0.002958
-0.001858
-0.005776
-0.013271
-0.003115
-0.003275
-0.020100
-0.033820
-0.012120
-0.003704
-0.000651
-0.012217
0.000926
0.002920
0.002601
-0.000345
-0.001370
0.001221
0.019674
-0.001781
-0.006425
-0.001913
-0.011332
-0.018852
0.002474
-0.001238
-0.017703
-0.020874
0.011989
0.021561
0.013546
0.005068
0.008904
0.016880
0.023607
0.003734
-0.000816
-0.000863
-0.023491
-0.027301
-0.008952
-0.009291
-0.013104
-0.013092
0.006620
0.000479
-0.011620
-0.013810
-0.001659
-0.001159
0.010585
-0.001909
-0.005584
-0.004898
-0.022303
-0.027476
-0.006234
-0.011683
-0.015559
-0.017309
-0.005413
-0.004879
-0.003072
-0.003565
-0.007889
-0.007643
0.013665
-0.009430
-0.016485
-0.006771
-0.024420
-0.028855
-0.010365
-0.013189
-0.020565
-0.031406
-0.006165
0.005032
-0.000933
-0.016980
-0.008275
-0.004342
0.010754
-0.009689
-0.006961
0.004262
-0.018115
-0.028326
-0.010911
-0.013020
-0.024699
-0.021144
0.002745
0.001479
-0.001770
-0.009760
-0.001416
-0.001682
0.002198
-0.014632
-0.006326
0.001580
-0.011704
-0.015379
-0.008549
-0.013673
-0.011855
-0.012968
-0.000938
-0.005568
-0.001491
0.001858
0.004778
0.005146
0.011815
-0.000951
-0.001276
0.006064
-0.000117
-0.009598
0.002103
0.001130
-0.011317
-0.011630
0.000640
0.004512
0.009942
0.008466
0.004836
0.002467
0.004649
-0.007288
-0.003438
0.000972
-0.005588
-0.010977
-0.003371
-0.005268
-0.011659
-0.003377
0.016208
0.021638
0.018615
0.019359
0.009665
0.007571
0.007430
0.003001
0.004885
0.002231
-0.013419
-0.014800
-0.000704
0.003455
-0.006395
-0.006277
0.006394
0.011411
0.005275
-0.006676
-0.001717
0.003810
0.003511
-0.012322
-0.005507
0.003311
-0.000928
-0.014622
-0.000586
0.000225
0.006263
0.001210
-0.003693
-0.007966
-0.010475
0.001587
0.011037
0.010103
0.009620
-0.009465
-0.003108
-0.000945
-0.014674
-0.019213
-0.006414
-0.008652
-0.007621
-0.007511
0.008112
0.007803
0.010086
0.013289
0.000736
-0.001473
0.004231
-0.002772
-0.003261
0.003140
-0.010653
-0.015395
0.002661
0.006227
-0.012072
-0.013834
0.007395
0.019381
0.014790
0.002665
-0.002834
0.007221
0.007244
-0.011505
-0.009258
0.003044
-0.015242
-0.026736
-0.006535
-0.007047
-0.014417
-0.014109
0.002859
0.005958
-0.006982
-0.019593
-0.005202
0.001051
0.010573
-0.002700
0.005793
0.003056
-0.010159
-0.020833
-0.001319
-0.011233
0.014789
-0.013483
0.008931
-0.022957
-0.030961
-0.045899
-0.025471
-0.035258
-0.008839
-0.031940
-0.047780
-0.028848
-0.055733
-0.068859
-0.035386
-0.051924
-0.037859
-0.046813
0.002216
-0.008840
-0.034648
-0.075969
-0.037128
-0.018357
0.026470
0.004028
-0.017326
-0.006089
-0.033485
-0.047563
-0.010376
-0.042982
-0.020384
-0.033689
0.009869
-0.025191
-0.035709
-0.054471
-0.014799
-0.021201
-0.018061
-0.036011
-0.023094
-0.000221
-0.035655
-0.064934
-0.031798
-0.032024
-0.035826
-0.043201
-0.002016
-0.006985
-0.036113
-0.051775
-0.010722
-0.007736
0.010620
-0.011475
-0.011932
-0.000931
-0.022917
-0.037523
-0.018578
-0.024258
-0.028031
-0.022642
-0.006688
-0.015647
-0.022594
-0.016901
0.008665
-0.001161
0.002448
0.000152
-0.001017
0.002559
-0.011024
-0.012019
0.003317
-0.008877
-0.024522
-0.019848
0.002838
0.007063
-0.006339
-0.000314
0.009727
0.007962
0.001382
-0.007719
-0.006951
-0.007207
-0.009708
-0.010667
-0.000789
-0.010990
-0.018843
-0.006780
0.009893
0.011883
0.021302
0.016490
0.016874
0.005668
0.007765
0.011846
0.001430
-0.003685
-0.012710
-0.017838
0.003330
0.010467
0.000638
-0.007119
0.015733
0.024822
0.019376
0.001052
-0.014401
-0.010465
0.003979
-0.012572
-0.020993
-0.016600
-0.026661
-0.041628
-0.013543
-0.016609
-0.009428
-0.019063
0.006071
0.003350
-0.013565
-0.037389
-0.021469
-0.013358
0.016402
-0.008505
-0.001626
0.002129
-0.021519
-0.033591
-0.017921
-0.020255
-0.006816
-0.016986
-0.012158
-0.020635
-0.014812
-0.020223
0.007051
0.004555
0.001818
-0.015071
-0.007650
0.000550
-0.009946
-0.015201
0.001596
-0.010263
-0.025726
-0.020040
0.003205
0.003149
0.002413
0.003891
0.005573
0.010504
0.006413
-0.006265
0.000652
0.011299
0.001455
-0.016678
-0.001298
0.001308
0.002255
0.004085
0.006136
0.006596
0.016204
0.013512
0.017083
0.009965
0.016861
0.008831
0.004018
0.003826
-0.007647
-0.011346
0.005305
0.008113
0.002903
-0.003340
0.007095
0.003810
-0.006249
-0.009110
-0.006058
-0.006202
0.009768
-0.006877
-0.015426
-0.006085
-0.021138
-0.022481
-0.008743
-0.008358
-0.016187
-0.016433
0.006613
0.014751
0.005721
-0.005645
0.004281
0.013291
0.026177
0.014042
0.004252
0.011890
-0.002900
-0.015199
0.006823
0.006131
0.001637
0.005058
0.009683
0.004513
0.012340
0.016386
0.024550
0.025225
0.025644
0.007924
0.000959
0.007052
0.000147
-0.003560
0.006152
-0.001228
-0.013622
-0.017316
0.004123
0.004979
-0.004994
0.007635
0.005102
0.000750
0.008244
0.001203
-0.000351
0.001678
-0.009818
-0.012655
0.002796
0.000828
-0.017609
-0.012735
0.012677
0.018477
0.011827
0.013245
0.006333
0.006876
0.007520
0.002702
0.002440
0.006663
0.000214
-0.004656
0.009266
0.010316
-0.001895
-0.005776
0.005292
0.015160
0.013103
0.014809
0.004165
0.002949
0.003887
-0.002204
-0.002304
0.003211
-0.001504
-0.009880
-0.005152
-0.006144
-0.009946
-0.013324
-0.002212
0.003554
0.010004
0.012471
0.009794
0.003988
-0.000409
-0.008603
-0.003931
0.001630
-0.009034
-0.016824
-0.005348
-0.003477
-0.013324
-0.011298
0.005384
0.012056
0.008277
-0.000843
0.000369
0.005052
0.002007
-0.013087
-0.001849
0.002586
-0.011057
-0.021780
0.000603
0.003427
-0.011185
-0.014491
0.000793
0.006028
0.010885
0.016893
0.013678
0.013269
0.017943
0.005141
0.008990
0.016943
-0.000435
-0.016616
0.001610
0.003321
0.000031
-0.003022
0.004147
0.006553
0.018684
0.029176
0.022146
0.007696
0.013817
0.014684
0.003522
-0.001296
-0.003897
-0.006103
0.006818
-0.001159
-0.010573
-0.000967
0.012941
0.014602
0.025299
0.029678
0.025387
0.013105
0.011795
0.005792
0.013863
0.005739
-0.014119
-0.012744
0.007742
0.003501
-0.010545
-0.012486
0.007517
0.013545
0.007148
0.004148
0.000187
-0.002064
0.002641
0.000610
0.000944
-0.001761
-0.013925
-0.020512
0.002935
0.008716
-0.011316
-0.016185
0.003108
0.013889
0.002158
-0.000611
-0.008207
-0.004148
-0.004713
-0.005439
0.000554
0.002372
-0.007900
-0.017503
-0.008068
-0.007377
-0.012764
-0.007167
0.003981
0.009104
0.008574
0.001944
-0.001629
-0.002178
-0.001689
-0.010803
-0.002785
-0.004359
-0.015630
-0.018791
0.002039
0.005101
-0.003176
-0.012365
0.000584
0.004521
-0.003236
-0.014418
-0.013460
-0.005732
0.003822
-0.008195
-0.007440
-0.002428
-0.011730
-0.021156
-0.003745
-0.013288
-0.018104
-0.014288
0.006049
0.001307
-0.017210
-0.013974
0.010419
0.002778
0.012091
0.004537
-0.000317
0.001028
-0.011616
-0.021072
0.002830
-0.000163
-0.013909
-0.014187
0.007753
0.010245
-0.002213
-0.005546
-0.000964
-0.000946
0.004915
-0.006933
-0.012235
-0.007344
-0.022210
-0.026060
-0.001126
-0.007427
-0.010980
-0.012553
0.002506
0.001833
-0.009223
-0.019573
-0.001804
-0.000499
0.001383
-0.010248
-0.008144
0.000360
-0.009714
-0.019396
-0.007362
-0.011362
-0.018915
-0.022571
-0.008525
-0.012072
-0.011339
-0.007611
0.002434
0.001179
-0.002749
-0.010755
-0.002658
0.005244
-0.000517
-0.010847
0.002787
0.004558
-0.011421
-0.011163
0.006078
0.013629
0.009209
0.010865
0.013338
0.013911
0.005222
-0.001390
-0.001106
-0.002222
-0.011253
-0.016749
0.001131
0.001295
-0.011841
-0.010746
0.014208
0.008060
-0.001765
-0.008565
-0.008275
-0.000249
0.010953
-0.008575
-0.007001
-0.001820
-0.023107
-0.026883
0.001535
-0.003340
-0.013203
-0.014769
0.007405
0.006484
-0.000143
-0.002141
-0.001149
-0.005551
-0.009279
-0.019052
-0.012356
-0.004059
-0.009460
-0.015947
-0.000773
-0.006892
-0.020937
-0.018371
0.000999
0.007791
0.009447
0.003050
0.002912
0.005377
0.007085
-0.008580
-0.005179
0.004601
0.003353
-0.011729
0.000890
-0.008925
-0.021289
-0.018758
-0.000673
-0.001706
-0.003481
-0.000322
0.002239
-0.000326
0.002910
-0.005141
-0.003983
-0.000902
-0.002509
-0.010038
-0.006781
-0.008124
-0.004277
-0.002189
0.004858
0.005244
0.015680
0.024710
0.021762
0.014166
0.008751
0.005098
0.005469
0.007706
-0.002363
-0.004485
0.004564
0.006791
-0.007025
-0.009247
0.001586
0.015299
0.023752
0.020145
0.017741
0.011781
0.005899
0.007143
0.006999
0.007382
0.002835
-0.004259
0.001610
0.001284
-0.010584
-0.009696
-0.001139
0.006905
0.009028
0.009625
0.007403
0.005670
-0.002197
-0.008252
-0.006008
-0.002220
0.000323
-0.009693
0.007414
0.003233
-0.010509
-0.007089
0.004834
0.010199
0.008589
0.005030
0.003451
0.004405
0.002434
-0.010522
-0.008969
-0.004259
-0.020065
-0.023922
0.001427
-0.005676
0.002124
-0.000661
0.001615
-0.005318
-0.018062
-0.019190
-0.003509
-0.008273
-0.001371
-0.010500
-0.012230
-0.005991
-0.016030
-0.022493
-0.011860
-0.012072
-0.007223
-0.012870
-0.008307
-0.004542
0.001631
-0.000696
0.006933
-0.000697
-0.003896
-0.004346
0.001485
0.001099
-0.008061
-0.009215
0.002483
0.000358
-0.015761
-0.014964
0.004791
0.013635
0.006870
-0.002173
0.002437
0.003026
0.000430
0.001794
0.001397
0.003591
-0.013297
-0.019314
0.000366
0.001871
-0.016750
-0.012893
0.010857
0.022730
0.015551
0.004883
0.008153
0.011723
0.015021
0.005139
0.007503
0.010092
-0.005945
-0.018725
-0.008071
-0.001014
0.006214
0.003196
0.007857
0.011723
0.008227
0.011474
0.013185
0.010614
0.016004
0.000047
-0.005437
-0.002989
-0.011389
-0.016481
0.003511
-0.004205
-0.016704
-0.017928
0.002286
0.008457
-0.001798
-0.014452
-0.002368
0.003820
0.011914
-0.004989
-0.008457
-0.000758
-0.020943
-0.036321
-0.014824
-0.011007
-0.014185
-0.018229
0.001143
-0.001088
-0.004241
-0.011759
0.002528
0.003163
0.006785
-0.006553
-0.008042
-0.003185
-0.021006
-0.020737
-0.000868
-0.009370
-0.021544
-0.020445
0.002624
0.002891
-0.004338
-0.002821
0.006504
0.007654
0.003911
-0.005713
0.000360
0.010401
0.015725
0.007129
0.006014
0.005248
-0.022574
-0.056193
-0.057918
