-0.014903
-0.011054
-0.015399
0.010769
-0.022171
-0.018174
-0.001400
-0.008004
0.004229
0.001772
0.004857
0.008388
0.018918
0.005131
0.008052
0.018765
0.033651
0.037669
0.050744
0.033412
0.042511
0.042291
0.028919
0.027298
0.038560
0.035176
0.037672
0.040470
0.049074
0.084334
0.137557
0.159212
0.146103
0.134697
0.133236
0.124379
0.113327
0.083099
0.056251
0.040703
0.039929
0.035419
0.041643
0.032530
0.032959
0.023701
0.017934
0.025267
0.037756
0.049751
0.052837
0.033220
0.029030
0.023862
0.019723
0.016037
0.020976
0.006645
0.006834
0.012055
0.024333
0.012676
0.009221
0.020613
0.035674
0.030943
0.034525
0.020406
0.028177
0.028562
0.025020
0.028722
0.038232
0.017565
0.003255
0.012136
0.025278
0.008632
0.000337
0.019034
0.040046
0.041739
0.048214
0.044277
0.049480
0.031882
0.025029
0.023157
0.032627
0.018078
0.014531
0.021462
0.031453
0.013012
0.008992
0.021591
0.035595
0.037227
0.046445
0.051001
0.060395
0.057092
0.066894
0.051245
0.050593
0.042886
0.050475
0.052134
0.059401
0.068013
0.102297
0.111391
0.101596
0.091304
0.101720
0.110526
0.132832
0.122729
0.116859
0.104095
0.084806
0.071359
0.064418
0.060903
0.072418
0.092734
0.117820
0.121247
0.117749
0.118111
0.140254
0.169943
0.196313
0.198868
0.192097
0.182043
0.163984
0.136614
0.123987
0.107312
0.112322
0.117434
0.122438
0.123748
0.104998
0.086427
0.085163
0.085917
0.083916
0.063324
0.058764
0.049220
0.038382
0.031195
0.035172
0.027236
0.034804
0.034458
0.028704
0.023166
0.030999
0.038485
0.039831
0.037011
0.052322
0.055356
0.052905
0.045136
0.044341
0.039027
0.034573
0.037474
0.048338
0.062104
0.080514
0.082256
0.074814
0.071741
0.076076
0.076894
0.077408
0.079411
0.081971
0.065546
0.048574
0.029532
0.024812
0.024584
0.035426
0.035449
0.031816
0.027380
0.037401
0.045859
0.044401
0.029254
0.015535
0.008048
0.004851
0.011692
0.010306
-0.001760
0.000302
0.006436
0.014206
0.001787
-0.005242
0.008706
0.013818
0.007749
-0.011940
-0.012558
-0.008326
0.000290
-0.012070
-0.005967
-0.004727
-0.028185
-0.040992
-0.007172
-0.016457
0.000999
-0.008481
-0.002445
-0.020102
-0.037147
-0.031696
-0.005178
-0.019203
-0.003904
-0.015355
-0.017214
-0.014197
-0.027338
-0.028767
-0.016797
-0.035000
-0.026151
-0.031779
-0.002773
-0.003021
-0.020627
-0.037257
-0.004694
0.005791
0.021200
-0.004262
-0.013705
-0.001787
-0.016661
-0.026379
-0.010027
-0.017459
-0.018940
-0.034149
-0.008584
-0.014214
-0.020078
-0.027640
-0.012755
-0.009256
0.011995
-0.008876
-0.013816
-0.006245
-0.017126
-0.029480
-0.002973
-0.013667
-0.023628
-0.021934
0.011742
0.007937
-0.009890
-0.017509
-0.001836
-0.004313
0.016010
-0.009411
-0.025914
-0.009410
-0.029752
-0.036722
-0.011227
-0.022249
-0.017991
-0.026991
0.000160
-0.005347
-0.020588
-0.029330
-0.019905
-0.019316
-0.005066
0.007600
0.013974
0.017414
-0.001632
-0.016371
0.014116
0.012850
-0.019271
-0.023038
0.006455
0.015113
0.011698
0.005085
0.004874
0.004227
-0.000853
-0.010886
-0.007355
-0.005738
-0.017236
-0.023448
-0.009815
-0.009840
-0.007196
-0.005680
0.009717
0.007058
-0.004233
-0.009867
-0.006684
-0.011832
0.007795
-0.005470
-0.013089
-0.008192
-0.030377
-0.039359
-0.004998
-0.015804
-0.012843
-0.012436
0.006255
-0.005138
-0.022021
-0.025536
-0.008197
0.006732
0.007383
-0.002287
0.004268
0.015042
-0.005097
-0.010877
0.021680
-0.001320
-0.016601
-0.012158
0.022467
0.011158
0.010084
-0.007272
-0.008267
-0.007946
0.012295
-0.006068
-0.011605
-0.017681
-0.036858
-0.053075
-0.005735
-0.023512
0.000568
-0.018293
0.006952
-0.025250
-0.023500
-0.041164
-0.038009
-0.041422
-0.016822
-0.030221
-0.028821
-0.015047
-0.047872
-0.055412
-0.022311
-0.032513
-0.042624
-0.047669
0.005697
0.009247
-0.028659
-0.022830
-0.011028
-0.010789
0.008090
0.003829
-0.013140
0.006240
0.001198
-0.015230
0.003598
-0.003122
-0.036994
-0.023788
0.012268
0.026179
0.033063
0.044016
0.040380
0.049748
0.051391
0.052245
0.040554
0.048593
0.050081
0.056872
0.057247
0.066337
0.089259
0.135167
0.159251
0.153124
0.147489
0.182296
0.206574
0.242369
0.272428
0.300448
0.323943
0.356206
0.384395
0.507015
0.632118
0.729374
0.732010
0.724382
0.684797
0.579963
0.464409
0.339870
0.271228
0.238296
0.173865
0.120515
0.104240
0.097184
0.088799
0.093105
0.059515
0.045187
0.023896
0.005935
0.014253
0.022881
0.028680
0.036372
0.038510
0.046268
0.046314
0.042303
0.034234
0.037514
0.030302
0.034713
0.032749
0.038814
0.040051
0.050058
0.051224
0.050816
0.054554
0.073874
0.081497
0.092780
0.106149
0.114989
0.115438
0.142743
0.186980
0.271870
0.344999
0.432477
0.464964
0.488409
0.482998
0.423778
0.336247
0.266469
0.196692
0.173537
0.148264
0.096065
0.077391
0.074695
0.073188
0.070309
0.057084
0.041662
0.034308
0.021297
0.024112
0.011987
0.021352
0.004244
-0.010762
-0.011196
0.030798
-0.002266
-0.046681
-0.026080
-0.049201
-0.067582
-0.020625
-0.043323
-0.018501
-0.059541
0.010877
-0.023690
-0.048908
-0.100489
-0.076743
-0.051319
-0.034595
-0.074816
-0.056833
-0.018779
-0.068240
-0.101332
-0.044603
-0.079687
-0.069668
-0.082380
-0.007565
-0.037128
-0.050496
-0.089026
-0.037763
-0.026917
-0.022947
-0.034372
-0.013684
0.010438
-0.019666
-0.040714
-0.019128
-0.025337
-0.031024
-0.024866
-0.007546
-0.020345
-0.025646
-0.026032
0.006352
0.011188
0.024775
-0.008865
-0.011797
0.002185
-0.030000
-0.041475
-0.015633
-0.023697
-0.019914
-0.034327
-0.001899
-0.003053
-0.021875
-0.036945
-0.004698
-0.007478
0.007081
-0.010191
-0.008774
-0.004421
-0.028444
-0.045363
-0.005318
-0.013795
-0.026211
-0.022202
0.000155
0.005708
-0.014147
-0.022892
0.004340
0.004372
0.010685
-0.002448
-0.010318
-0.002448
-0.017134
-0.018339
-0.013896
-0.013606
-0.016942
-0.021414
-0.002624
0.007210
-0.001048
-0.011005
0.007817
0.010733
0.008698
-0.003162
0.004274
-0.000033
-0.017046
-0.014237
0.002446
-0.002013
-0.010522
-0.014430
-0.003264
-0.002380
-0.001783
-0.008286
-0.006360
-0.009599
0.003791
-0.006358
-0.011024
-0.005575
-0.010462
-0.021841
-0.002721
-0.008938
-0.020957
-0.014852
0.005232
0.006933
0.003449
0.000301
0.008797
0.006281
0.004744
-0.005726
0.001232
0.004205
-0.010439
-0.013388
0.001174
-0.004969
-0.019552
-0.015918
0.007247
0.018673
0.017285
0.013326
0.010917
0.007107
0.000750
-0.007462
0.000851
0.004281
-0.004789
-0.012668
0.005752
0.010587
-0.003071
-0.004602
0.006245
0.011765
0.008674
0.006904
0.008678
0.007448
0.004484
-0.005374
-0.006700
-0.000035
-0.012568
-0.019851
0.003694
-0.002411
-0.012323
-0.009346
0.006848
0.012836
0.010938
0.009348
0.012580
0.013942
0.014971
0.001362
-0.002325
0.004071
0.008742
0.000132
0.009510
0.002339
-0.007621
-0.002053
0.010482
0.007737
0.017268
0.015237
0.021556
0.011658
0.009254
-0.001383
0.004380
-0.005370
-0.013189
-0.014436
0.003285
0.003389
0.003797
-0.013421
0.002970
0.000571
-0.011785
-0.028302
-0.039274
-0.023739
0.004968
-0.021801
-0.025586
-0.015101
-0.055919
-0.070249
-0.028723
-0.038134
-0.016294
-0.044067
0.010833
-0.014600
-0.043470
-0.067297
-0.026149
-0.033642
0.001369
-0.021878
-0.026848
-0.010776
-0.035105
-0.057626
-0.025679
-0.037961
-0.038645
-0.027446
0.006686
0.000043
-0.008965
-0.007623
0.012342
0.011021
0.025405
0.015614
0.009079
0.023267
0.029798
0.033348
0.032602
0.027808
0.070503
0.069808
0.077738
0.041031
0.075674
0.064894
0.029122
0.034322
0.028978
0.008789
0.006896
0.007911
-0.001651
0.005570
0.012013
-0.006471
-0.025626
-0.020840
0.005494
0.011301
-0.002023
-0.008988
-0.004415
0.006149
0.011037
-0.003716
0.001174
0.006065
-0.015179
-0.025342
-0.009252
-0.008024
-0.009348
-0.015361
0.004989
0.004769
-0.012905
-0.019450
-0.000633
0.000644
0.002652
-0.014872
-0.012084
-0.001385
-0.016489
-0.021551
-0.003784
-0.012712
-0.011962
-0.008909
0.002458
0.001707
-0.018901
-0.019068
0.006401
0.004815
0.008386
0.008484
0.003387
0.008423
0.001793
-0.009022
0.011209
-0.003590
-0.010037
-0.011639
0.008613
0.006241
0.002696
0.004344
0.015089
0.013586
0.018116
0.007886
0.002113
0.005936
-0.003213
-0.005051
0.013762
0.005500
-0.011410
-0.008164
0.013631
0.021361
0.026035
0.017864
0.007145
0.004279
0.010001
0.000281
-0.010704
-0.001727
-0.009404
-0.012793
0.009461
0.008772
-0.018035
-0.005310
0.036138
0.056014
0.041609
0.042396
0.035705
0.044524
0.049501
0.045452
0.053917
0.055509
0.034980
0.023850
0.035349
0.028947
0.018254
0.009845
0.019548
0.010844
0.013675
-0.013155
-0.022907
-0.010621
0.013933
-0.037042
-0.075080
-0.043044
-0.056988
-0.078078
-0.033523
-0.052691
-0.012246
-0.036521
0.000099
-0.028420
-0.058818
-0.080730
-0.039943
-0.037272
-0.017752
-0.035891
-0.032912
-0.003050
-0.038089
-0.061948
-0.030714
-0.036189
-0.034184
-0.031040
-0.008387
-0.016649
-0.031792
-0.031066
-0.002720
0.005049
0.018263
0.004544
0.005875
0.015949
-0.002396
-0.014742
-0.001148
-0.011567
-0.018259
-0.009194
0.009751
0.007879
0.005996
-0.003642
0.012457
0.007502
0.006109
0.004275
0.005081
0.008345
-0.010242
-0.015714
0.004344
0.011374
-0.009687
-0.013376
0.011547
0.025898
0.004089
0.000343
0.004885
0.011305
0.007058
-0.007558
-0.004427
0.002476
-0.014502
-0.024631
0.000422
-0.000096
-0.016554
-0.013800
0.002343
0.008399
0.013363
-0.000169
-0.005392
-0.008052
-0.006517
-0.013468
-0.009555
-0.002407
-0.020380
-0.024514
-0.002398
-0.005330
-0.014865
-0.017420
-0.002049
0.007319
0.001762
-0.006847
-0.003839
-0.000856
0.007095
0.001107
-0.000485
-0.001215
-0.013659
-0.018611
0.002860
-0.007652
-0.020131
-0.013548
0.002673
0.004095
-0.002288
-0.010161
0.000334
0.004714
0.014921
-0.001680
-0.005448
0.000631
-0.006959
-0.014067
-0.004848
-0.014272
-0.016410
-0.008759
0.005040
0.001561
-0.009331
-0.014690
0.001202
0.001270
0.005881
-0.009312
-0.010604
-0.000548
-0.019453
-0.020771
0.001060
-0.005614
-0.023207
-0.025139
0.001529
0.009050
0.005826
0.001427
0.000646
0.001759
0.008450
-0.005912
-0.002310
0.001681
-0.008929
-0.016603
-0.005513
-0.001574
-0.011790
-0.012909
0.003993
0.013140
0.001259
0.002891
0.000722
0.006263
0.000570
-0.014684
-0.010371
-0.002963
-0.005015
-0.011730
-0.003072
-0.010117
-0.013794
-0.008790
0.005066
0.002942
0.001080
0.001437
0.010610
0.009938
0.004669
-0.002166
0.001786
0.009621
0.004536
-0.003015
0.004716
0.004944
-0.003909
-0.011667
-0.000050
0.009680
0.014310
0.012133
0.010963
0.010583
0.014346
-0.003302
0.000201
0.001410
-0.003853
-0.016195
-0.005380
-0.003240
0.005848
0.000494
-0.010370
-0.013444
-0.011964
-0.015141
0.001776
0.000170
0.015586
-0.006011
-0.004048
-0.001589
-0.008105
-0.012990
-0.003597
-0.015977
-0.003203
-0.009162
-0.008440
-0.010111
-0.009562
-0.013834
0.003743
0.007505
0.016392
-0.003207
0.000400
-0.006297
-0.025308
-0.017748
-0.007215
-0.018443
-0.021358
-0.023016
-0.000514
0.003942
-0.003083
-0.012074
-0.002841
0.000055
0.007688
-0.016632
-0.015815
-0.004760
-0.017510
-0.026868
-0.017219
-0.015205
-0.012211
-0.016712
-0.008618
-0.012474
-0.008904
-0.007720
0.000182
0.003590
0.005399
-0.011076
-0.003484
0.003504
-0.004770
-0.006529
0.004098
-0.006347
-0.018140
-0.014161
0.006447
0.005938
0.003381
0.005273
0.006710
-0.001620
0.008646
0.005223
0.000857
-0.000631
-0.015703
-0.016598
0.007905
0.002443
-0.018613
-0.016844
0.007284
0.012339
0.004393
-0.005003
-0.001476
-0.000085
0.003564
-0.009234
-0.006015
0.001791
-0.011159
-0.027305
-0.002851
-0.001280
-0.008338
-0.011498
-0.000375
0.000679
-0.006139
-0.005361
-0.000334
-0.001812
0.009027
-0.000605
-0.002536
-0.003677
-0.015139
-0.023724
-0.012028
-0.018654
-0.005575
-0.002719
0.002283
-0.011046
-0.011707
-0.005109
0.012153
0.012748
0.019572
0.000669
-0.011276
0.001638
-0.005483
-0.008946
0.003369
-0.011609
-0.031333
-0.022872
0.008226
0.014336
0.008569
0.007622
0.005573
0.006975
0.010518
-0.002711
-0.005507
0.000437
-0.006428
-0.013932
0.002340
-0.003151
-0.018673
-0.015009
0.003729
0.012329
0.008640
0.004824
0.004735
0.008236
0.006583
-0.002540
-0.002364
-0.001007
-0.002811
-0.007253
-0.000752
0.000060
-0.010567
-0.015572
0.002030
0.012868
0.010779
0.007739
0.006563
0.007550
-0.000370
-0.013744
-0.000960
0.002968
-0.011429
-0.013612
0.001648
0.001627
-0.006028
-0.008712
0.000289
0.006652
0.002258
-0.007686
-0.001323
0.004571
0.007619
-0.008694
-0.002397
0.002093
-0.015818
-0.026959
-0.009224
-0.009892
-0.008579
-0.015060
-0.003619
-0.007567
-0.009440
-0.008589
0.000433
0.000108
0.011787
-0.009611
-0.020730
-0.004909
-0.022248
-0.024839
-0.003536
-0.000814
-0.010783
-0.013064
0.008611
0.019777
0.015025
0.020454
0.005454
0.001744
0.009155
0.007295
-0.010358
-0.007803
-0.012871
-0.006683
0.007293
-0.000227
-0.022747
-0.012520
0.016643
0.035568
0.032447
0.027388
0.019177
0.015995
0.005983
0.014602
0.026682
0.026806
0.002251
-0.001694
0.024779
0.021677
0.005660
-0.005386
0.014009
0.010374
0.014519
-0.011950
-0.006161
-0.013916
0.004376
-0.020277
-0.034405
-0.011800
-0.053789
-0.066283
-0.025712
-0.018131
-0.008844
-0.039687
-0.008134
-0.021453
-0.035290
-0.073663
-0.046350
-0.025216
0.009627
-0.027880
-0.043543
-0.010146
-0.028135
-0.044668
-0.024465
-0.028979
-0.014007
-0.002507
0.008563
-0.001666
0.005113
-0.006445
0.008899
0.004417
0.014869
0.004986
0.001773
0.007234
-0.013047
-0.021138
-0.007172
-0.018646
-0.017005
-0.023593
0.002078
0.000067
-0.011924
-0.008349
0.004271
0.003228
0.020298
-0.003738
-0.011278
-0.005693
-0.008574
-0.017923
0.001400
-0.005612
-0.024975
-0.021881
0.007114
0.010765
-0.002879
-0.006143
0.008751
0.011346
0.010312
0.002802
0.001830
0.007103
-0.004161
-0.010935
-0.001571
-0.002855
-0.017304
-0.014724
0.005855
0.017213
0.006331
0.008796
0.017718
0.024862
0.021683
0.012247
0.012938
0.012408
0.006400
0.002133
0.002547
0.000669
-0.000148
-0.005577
0.007461
0.007323
0.000451
-0.003360
0.003115
-0.000079
-0.001884
-0.009885
-0.004537
-0.006929
-0.020745
-0.026957
-0.007197
0.003437
-0.007092
-0.019416
0.004917
0.005553
-0.005661
-0.015482
-0.017974
-0.009475
0.013017
-0.010085
-0.015516
-0.004661
-0.019591
-0.027423
-0.006192
-0.011281
-0.019483
-0.012716
0.003624
0.003852
-0.000207
0.003435
0.008621
0.008550
0.016228
0.002904
-0.002717
-0.001043
-0.006325
-0.016958
0.004617
-0.003194
-0.012807
-0.014370
0.002527
0.004037
0.006266
-0.000100
-0.005310
0.000990
0.011641
-0.011040
-0.015397
-0.001409
-0.015465
-0.026873
-0.004749
-0.012883
-0.020210
-0.019313
-0.002925
-0.003967
-0.006521
-0.007277
0.000942
-0.000980
0.007925
-0.002486
-0.007249
-0.005124
-0.016034
-0.022445
-0.001529
-0.007727
-0.016877
-0.012796
0.006430
0.005889
0.001389
-0.001122
0.005570
0.002400
0.006008
-0.003393
-0.011539
-0.003755
-0.005532
-0.015756
-0.005549
-0.004729
-0.006238
-0.005411
0.006256
0.007038
0.003404
0.007852
0.016175
0.008694
0.001839
-0.012641
-0.003151
-0.002919
-0.016798
-0.019302
-0.012202
-0.012347
-0.008937
-0.017997
-0.007034
-0.003369
-0.007275
-0.016468
0.000748
0.001811
0.003823
-0.010982
-0.003199
0.000054
-0.012944
-0.015867
0.002472
-0.008900
-0.027838
-0.019337
0.003583
0.006381
0.000835
-0.002881
-0.005056
0.002487
0.005688
-0.007733
-0.003297
0.009080
-0.005831
-0.017063
0.003307
0.001055
-0.010252
-0.009975
0.005318
0.003439
-0.000621
-0.000374
0.007271
0.005778
0.012571
0.007850
0.004111
0.011461
0.006860
0.005722
0.013922
0.003838
-0.004799
0.007231
0.015624
0.013546
0.019171
0.022401
0.020706
0.017049
0.010354
0.003500
0.005548
0.007967
0.004831
0.001789
0.013408
0.005135
-0.005087
-0.006209
0.004237
0.004365
0.005167
0.003020
0.002461
-0.004139
0.006482
0.001193
0.007086
0.002759
-0.016022
-0.020061
-0.002706
-0.006566
-0.005711
-0.007116
0.006069
0.001103
-0.011564
-0.012145
-0.004765
-0.003216
0.009972
-0.000495
-0.010859
-0.000036
-0.012857
-0.017449
-0.004706
-0.003584
-0.014308
-0.013570
0.004095
0.012124
0.010072
0.001337
0.011742
0.011434
0.003103
-0.007583
0.003360
0.005566
-0.009963
-0.015481
-0.008078
-0.005396
0.002111
0.000977
0.008695
0.003735
-0.014472
-0.013658
0.004717
0.012047
0.011426
-0.007676
-0.005806
0.000315
-0.018860
-0.018750
0.001047
-0.008168
-0.023259
-0.020772
0.001813
-0.000872
-0.009200
-0.007966
0.001234
-0.002192
-0.003618
-0.015272
-0.006382
0.008940
0.001252
-0.009140
-0.001866
-0.013969
-0.023310
-0.013118
0.004147
-0.000704
-0.001205
-0.005141
0.002108
0.000265
-0.004020
-0.015422
-0.008371
-0.001652
-0.015460
-0.016209
-0.005634
-0.006510
-0.010301
-0.010925
-0.000643
0.002746
-0.002448
0.002304
-0.001542
-0.004707
0.001324
-0.009010
-0.008295
-0.009127
-0.021625
-0.020644
-0.004243
-0.004671
-0.011610
-0.015034
0.000317
0.004228
-0.008825
-0.013428
-0.009012
-0.001214
0.008687
-0.010821
-0.010693
-0.004715
-0.024941
-0.036998
-0.007549
-0.010724
-0.019391
-0.019068
0.004258
0.002016
-0.011395
-0.013973
-0.012339
-0.013165
0.005383
0.003408
0.003086
0.003664
-0.014768
-0.024175
-0.006718
-0.000264
-0.010463
-0.014764
0.006436
0.016072
0.010409
0.001686
0.005484
0.006442
0.006125
-0.004980
-0.007663
-0.001211
-0.009976
-0.018620
0.008292
-0.003192
-0.020550
-0.016478
-0.001302
0.002541
-0.000947
-0.006834
0.004906
0.005522
0.003077
-0.010699
-0.010941
-0.001841
-0.008624
-0.018902
-0.003591
-0.003332
-0.009125
-0.012286
0.002579
0.000369
-0.005684
-0.000339
0.010204
0.005139
0.012016
0.006443
0.001701
0.004668
-0.006067
-0.017789
-0.005593
-0.012761
-0.007901
-0.002563
-0.003195
-0.011432
-0.006794
-0.010985
0.009791
0.007791
0.014452
-0.001482
-0.009638
-0.004448
-0.012652
-0.011890
-0.002246
-0.009541
-0.008921
-0.006094
0.000426
0.001040
-0.001104
-0.007072
-0.002261
-0.004654
0.000552
-0.006333
-0.001790
0.002870
-0.014839
-0.018399
-0.003833
-0.009913
-0.010608
-0.012613
0.001405
-0.000904
-0.003944
-0.008333
-0.000203
-0.000872
0.011541
-0.010562
-0.018167
-0.008249
-0.015383
-0.021005
-0.001130
-0.010367
-0.014041
-0.014363
0.000763
-0.004312
-0.016329
-0.027439
-0.008471
-0.007600
-0.000179
-0.013938
-0.010845
-0.002893
-0.021461
-0.024792
-0.002728
-0.010769
-0.019325
-0.014252
0.006784
0.004785
-0.008691
-0.014853
0.003314
0.000714
-0.001066
-0.006859
-0.001727
0.006448
-0.016714
-0.027328
0.002431
-0.003835
-0.010844
-0.011440
0.003924
0.000200
-0.003643
-0.005983
-0.004111
-0.010330
0.002911
-0.011335
-0.008726
-0.008422
-0.029329
-0.033839
-0.012055
-0.011399
-0.016441
-0.015947
0.004552
0.009294
-0.002772
-0.006338
0.002544
0.005471
-0.000213
-0.010818
-0.002522
0.013533
-0.010098
-0.022648
-0.000865
0.005462
-0.013113
-0.009929
0.010120
0.017708
0.009601
0.008801
0.008305
0.001964
0.006975
0.005262
-0.001215
0.001850
-0.010760
-0.017400
-0.000414
0.003235
-0.013896
-0.015989
0.000929
0.012270
0.007870
-0.000344
-0.000254
0.002124
0.004968
-0.007111
-0.001357
-0.001052
-0.008270
-0.013869
-0.005304
0.001722
-0.001916
-0.006085
0.003788
0.012490
0.009840
0.001904
0.006864
0.011633
0.011002
-0.005960
-0.009137
0.003255
0.000777
-0.008723
0.002787
-0.006177
-0.006770
-0.001203
-0.001591
-0.000343
0.003198
-0.001456
0.010921
0.008174
0.022908
0.006354
-0.002697
0.000080
-0.008659
-0.010905
-0.003141
-0.019202
-0.009797
-0.012091
0.005366
-0.008509
-0.014259
-0.020983
-0.000642
0.002947
0.032699
0.012681
0.004622
0.006605
-0.003238
-0.011264
-0.003751
-0.017329
-0.016731
-0.013635
0.002313
-0.004702
-0.013681
-0.015636
0.008514
0.006236
0.007248
-0.007988
0.000116
0.003076
-0.007626
-0.009811
0.001225
-0.011076
-0.014349
-0.013739
0.001395
-0.006037
-0.011972
-0.016971
-0.006486
-0.005619
0.010717
-0.006627
-0.007834
0.003601
-0.009500
-0.021925
-0.001334
-0.004120
-0.015139
-0.016040
-0.001114
0.001505
0.007747
0.011669
0.015828
0.014366
0.016222
-0.001291
-0.002087
0.007501
0.000462
-0.015733
0.001898
-0.000312
-0.012151
-0.012842
0.003844
0.008298
0.003424
0.008500
0.016816
0.018436
0.012363
0.001180
-0.001373
0.002480
-0.007865
-0.014843
-0.001462
0.003311
-0.009420
-0.010540
0.006480
0.018724
0.007641
0.010941
0.010776
0.014225
0.000240
0.001881
0.007090
0.008577
0.021239
0.017813
0.009112
0.008563
-0.009248
-0.037784
-0.057886
