-0.014421
-0.011333
-0.017127
0.010325
-0.026479
-0.022655
0.000832
-0.007034
-0.000188
-0.004280
0.007880
0.006517
0.012285
-0.002511
0.000909
0.008866
0.018418
0.019560
0.028835
0.025171
0.028605
0.018647
0.008272
0.008168
0.023746
0.021596
0.015116
0.016722
0.025847
0.028162
0.047742
0.063447
0.068398
0.058979
0.055533
0.059283
0.056984
0.033832
0.026061
0.024434
0.029253
0.016982
0.016960
0.019286
0.023994
0.010365
0.009289
0.016731
0.029559
0.028906
0.031970
0.039702
0.045202
0.037914
0.037134
0.035422
0.037382
0.030227
0.035685
0.034156
0.037526
0.035634
0.040915
0.042664
0.047574
0.048138
0.060609
0.064610
0.072928
0.065888
0.082405
0.085060
0.081323
0.061942
0.066192
0.058061
0.064282
0.071520
0.082480
0.088958
0.084180
0.077157
0.073064
0.067372
0.074327
0.069640
0.066717
0.049376
0.047198
0.039646
0.040491
0.037832
0.052283
0.067290
0.084412
0.095271
0.090976
0.077481
0.079493
0.072830
0.077897
0.064145
0.059395
0.047377
0.043551
0.032641
0.029074
0.033670
0.043895
0.044129
0.034222
0.030733
0.038256
0.040597
0.042472
0.042547
0.049729
0.043727
0.043256
0.031333
0.033809
0.024442
0.018721
0.022522
0.036789
0.034434
0.030387
0.034954
0.036307
0.037990
0.042776
0.044594
0.045877
0.039476
0.029288
0.018477
0.024161
0.021597
0.021459
0.023970
0.028526
0.025521
0.028781
0.027320
0.032015
0.039348
0.050287
0.045751
0.051149
0.044630
0.034495
0.036428
0.044814
0.042284
0.059069
0.065547
0.087699
0.128891
0.160418
0.159044
0.132488
0.114737
0.104643
0.068048
0.059192
0.046714
0.051987
0.046687
0.043586
0.034728
0.037579
0.040286
0.042540
0.033445
0.032910
0.040491
0.046036
0.048679
0.053227
0.047879
0.050246
0.040641
0.027627
0.026833
0.031515
0.021369
0.021161
0.018669
0.023446
0.012129
0.009831
0.019864
0.035372
0.032445
0.025823
0.018395
0.013149
-0.001613
-0.006250
0.004547
0.007297
-0.005756
-0.004487
0.005993
0.013488
0.004516
0.007929
0.019059
0.023756
0.016151
0.010608
-0.002113
0.002461
0.001734
-0.008978
-0.000779
0.002933
-0.010124
-0.021370
-0.003498
-0.004173
-0.010889
-0.006846
0.005857
0.010396
0.014627
0.007489
0.012710
0.013058
0.004144
-0.006208
0.003747
0.001397
-0.007298
-0.005505
-0.000409
-0.001758
-0.013228
-0.016909
0.000714
0.011954
0.017169
0.010719
0.013146
0.011742
0.009715
0.002508
0.006085
0.011383
0.007991
0.001776
0.006236
0.000699
-0.006819
-0.005730
0.002613
0.006251
0.008782
0.012178
0.014374
0.013624
0.007015
0.001837
0.005353
0.008328
0.013588
0.013545
0.004985
0.000519
-0.004249
-0.005322
0.006693
0.015135
0.016136
0.017849
0.026294
0.026359
0.016534
0.013780
0.007832
0.014152
0.018481
0.013697
0.015320
0.018836
0.001360
-0.003517
0.016040
0.027750
0.026977
0.035098
0.031697
0.039858
0.037512
0.032465
0.030603
0.037547
0.028027
0.025663
0.023681
0.037835
0.031693
0.035095
0.044767
0.055743
0.054331
0.061435
0.069090
0.070177
0.056054
0.071039
0.076070
0.070910
0.058249
0.052567
0.044405
0.047793
0.040094
0.046480
0.045746
0.048132
0.048023
0.053785
0.054328
0.044554
0.023885
0.022739
0.025239
0.026275
0.013028
0.018953
0.017310
0.025848
0.015027
0.008754
0.019999
0.037381
0.038752
0.040102
0.028828
0.020359
0.010856
0.020779
0.020435
0.021893
0.003466
0.000628
0.014520
0.024291
-0.001267
-0.002512
0.015454
0.030444
0.022962
0.029621
0.026969
0.033740
0.024424
0.025687
0.027982
0.037257
0.019437
0.013679
0.025881
0.031926
0.028887
0.032559
0.036514
0.036310
0.033878
0.039492
0.038414
0.042655
0.031437
0.029214
0.023554
0.027785
0.020841
0.024067
0.025769
0.030962
0.030495
0.036162
0.041142
0.043625
0.045612
0.052481
0.051334
0.059260
0.054641
0.058365
0.055542
0.049757
0.032522
0.032464
0.037616
0.044154
0.037703
0.040309
0.036031
0.040995
0.048527
0.049351
0.044964
0.044440
0.031041
0.028547
0.025800
0.029392
0.018684
0.018747
0.023234
0.035391
0.016668
0.007661
0.018638
0.042182
0.063011
0.088213
0.091882
0.127291
0.177100
0.250717
0.306957
0.414858
0.524233
0.700755
0.846003
0.917967
0.919394
0.911735
0.896675
0.809239
0.699176
0.489079
0.341674
0.298444
0.249203
0.176628
0.145474
0.153456
0.170792
0.177646
0.108589
0.058486
0.028777
0.007273
0.005797
0.015846
0.031877
0.042522
0.036358
0.034255
0.027608
0.015610
0.014378
0.022354
0.011991
0.006784
0.012660
0.022644
0.012380
0.010911
0.017436
0.028522
0.032283
0.037037
0.036745
0.040883
0.036372
0.034895
0.032025
0.038985
0.032585
0.039960
0.047757
0.058500
0.084940
0.119933
0.129859
0.120027
0.110556
0.103809
0.078207
0.075191
0.064526
0.046603
0.031113
0.030417
0.019488
0.023972
0.024877
0.033039
0.018732
0.017977
0.028721
0.045635
0.047523
0.049084
0.046144
0.051888
0.043918
0.042472
0.044455
0.047818
0.035847
0.042859
0.050145
0.060059
0.085736
0.115768
0.122269
0.107659
0.089593
0.078773
0.050047
0.034783
0.018530
0.018132
0.019408
0.020190
0.013132
0.018041
0.012434
0.016872
0.009385
0.006189
0.010706
0.018543
0.016560
0.014122
0.012581
0.015598
0.013377
0.007933
0.014964
0.020563
0.017717
0.016994
0.014701
0.011172
0.011861
0.000211
-0.002562
-0.001019
0.009312
0.017116
0.008089
0.004452
0.007547
-0.001171
0.004535
0.006333
-0.001938
0.000970
0.005989
-0.000122
-0.013058
-0.015024
0.002634
0.010524
0.008473
0.009092
0.013064
0.011233
-0.001367
-0.004480
0.002990
0.011786
0.004312
-0.000348
0.002100
0.005430
-0.007376
-0.011149
0.003431
0.011082
0.006899
0.005993
0.005841
0.009494
0.005028
-0.005397
-0.002909
0.002858
0.001188
-0.004492
0.005512
0.004333
-0.008378
-0.011255
-0.003008
0.002813
0.003271
0.000140
0.012224
0.007204
-0.004291
-0.002532
0.002626
0.004882
-0.000736
-0.005200
0.005431
0.005430
-0.005514
-0.008238
0.000082
0.007057
0.009351
0.009797
0.006941
0.007941
0.003394
-0.002262
0.002489
0.013747
0.011629
0.004851
0.011047
0.005700
-0.006222
-0.001341
0.012624
0.018631
0.021687
0.021378
0.016233
0.015383
0.010139
0.001682
0.007625
0.011784
0.002157
-0.001025
0.006597
0.002995
-0.002606
-0.002570
0.001061
0.003486
0.011937
0.014189
0.006543
0.004799
0.002723
-0.001614
-0.001436
0.002902
0.008481
0.009203
0.009070
0.002776
-0.011269
-0.011971
0.003439
0.010150
0.015395
0.013835
0.017809
0.018254
0.010113
-0.001111
0.008443
0.010527
0.003170
-0.001489
0.007792
0.009872
-0.003551
-0.010120
0.004126
0.016796
0.017945
0.011939
0.006085
0.013188
0.014618
0.001710
-0.003834
0.008152
0.014987
0.004304
0.009155
0.006902
0.016201
0.020738
0.024289
0.028284
0.044317
0.053989
0.043972
0.035233
0.019337
0.021211
0.024318
0.027334
0.018480
0.020804
0.021550
0.012572
-0.005748
0.001737
0.025598
0.039982
0.043366
0.053870
0.058472
0.058647
0.038461
0.036874
0.041093
0.045367
0.031298
0.019906
0.020475
0.029172
0.012183
0.002274
0.008096
0.017772
0.013708
0.012021
0.018153
0.024631
0.012591
0.006276
0.017848
0.028218
0.016858
0.018400
0.019034
0.023907
0.016919
0.020263
0.019797
0.027008
0.029613
0.029735
0.024727
0.019432
0.009446
0.011209
0.014855
0.013908
0.015545
0.013828
0.011008
0.011158
0.001701
-0.008664
0.001637
0.010696
0.007105
0.008525
0.016619
0.014785
0.001699
-0.000338
0.002105
0.006317
0.007593
0.006895
0.014388
0.014362
-0.004510
-0.004868
0.009956
0.017892
0.013611
0.011223
0.006426
0.008651
0.004834
-0.002692
0.005496
0.012650
0.004715
-0.005388
-0.002531
0.004180
-0.004755
-0.006771
0.006671
0.012167
0.004268
0.005695
0.010250
0.010627
0.003707
-0.003391
0.002385
0.009605
0.005673
-0.000020
0.000163
-0.000851
-0.014112
-0.016752
0.002743
0.014157
0.010153
0.010309
0.009199
0.008528
0.010612
0.010844
0.004779
0.008152
0.010478
0.009568
0.010549
0.006770
0.017618
0.017541
0.019546
0.018331
0.045844
0.049497
0.032882
0.035254
0.039632
0.021033
0.011373
0.017390
0.007286
0.002250
0.009863
0.011558
-0.003302
-0.009254
0.004833
0.017367
0.021705
0.031742
0.020831
0.025417
0.020141
0.011328
0.006116
0.014217
0.009143
0.006643
0.013293
0.018291
0.007076
0.015385
0.030497
0.037832
0.037575
0.036207
0.040503
0.046008
0.036838
0.035200
0.028985
0.030961
0.024115
0.025222
0.019450
0.023453
0.015304
0.015190
0.024841
0.032044
0.029919
0.027545
0.020494
0.014981
0.004586
-0.006463
-0.003314
0.006378
-0.006140
-0.007995
0.002992
0.008746
-0.000169
0.001813
0.010840
0.020728
0.020720
0.015702
0.019918
0.018896
0.014289
0.006616
0.009870
0.022620
0.010897
0.016637
0.021780
0.022583
0.044970
0.058895
0.059380
0.029289
0.056975
0.058097
0.026968
0.031146
0.022300
0.007648
0.009517
0.016613
0.011993
0.013569
0.011937
-0.002743
-0.019872
-0.022881
-0.003725
0.004817
0.010663
0.009128
0.015799
0.021803
0.017678
0.007953
0.012801
0.022392
0.018498
0.014409
0.015947
0.015254
0.018992
0.022691
0.017323
0.013951
0.021020
0.028047
0.024121
0.019894
0.002896
-0.004202
0.009164
0.016836
0.011594
0.011508
0.006601
0.008065
-0.004734
-0.004871
0.007118
0.010867
0.013967
0.009249
0.013711
0.015850
-0.001175
-0.002849
0.010173
0.013407
0.003567
-0.002291
0.008567
0.019321
0.009330
0.001972
0.002370
0.009527
0.015088
0.013394
0.009570
0.005711
0.005575
-0.005674
-0.005225
-0.003075
-0.013827
-0.015361
-0.006076
-0.013041
-0.012511
-0.007743
-0.000439
-0.000589
-0.009571
-0.008059
0.013414
0.018437
0.004263
-0.003543
0.003557
0.009899
0.009512
0.000674
0.006019
0.002038
-0.014817
-0.014698
0.002117
0.010903
0.009953
0.005552
0.005899
0.010241
0.007537
-0.005189
-0.000897
0.004471
0.000234
-0.004839
0.001211
0.001124
-0.006490
-0.008469
-0.000350
0.004742
0.004900
0.007054
0.011024
0.009040
0.005473
-0.003928
-0.001642
-0.002174
-0.001386
-0.008555
-0.003461
-0.007068
-0.009737
-0.011952
0.003057
0.005709
0.004358
0.008531
0.009593
0.002697
-0.003415
-0.005176
0.003954
0.004396
0.005193
0.008754
0.014654
0.007129
-0.003370
-0.007336
-0.000700
0.004417
0.005760
0.005777
0.003040
0.006454
0.006846
0.001283
0.002184
0.012011
0.011019
0.001845
0.004904
0.006248
-0.007370
-0.008778
0.008101
0.017574
0.018565
0.016611
0.016304
0.016259
0.016767
0.002465
0.011176
0.014614
0.005806
-0.002863
0.001678
0.001323
0.008662
0.003610
0.002303
-0.000234
0.008867
0.019262
0.025100
0.015695
0.005850
0.003237
0.004284
0.007635
0.007236
-0.000982
0.006916
0.002536
-0.014193
-0.016569
0.002840
0.014000
0.010738
0.012495
0.019338
0.019661
0.009050
0.007468
0.011070
0.016688
0.016323
0.010321
0.014437
0.007411
-0.011171
-0.012902
0.007435
0.015304
0.013917
0.012215
0.009756
0.006053
0.003636
0.002645
0.008718
0.016683
0.011753
0.005025
0.015788
0.009108
-0.006240
-0.012430
0.001211
0.006661
0.010822
0.014786
0.014772
0.010252
0.008416
-0.003479
0.001193
0.003897
-0.001186
-0.004961
0.009164
0.003294
-0.016804
-0.013339
0.005086
0.011534
0.011630
0.008057
0.011796
0.011374
0.010842
-0.000326
0.001771
0.005194
-0.001040
-0.006774
0.001774
-0.001528
-0.010190
-0.010274
0.002542
0.010468
0.013546
0.008690
0.009480
0.008185
-0.000175
-0.006550
0.000863
0.010930
0.004864
-0.000869
0.011771
0.007723
-0.008899
-0.008024
0.002166
0.012723
0.015745
0.012963
0.013418
0.018754
0.008970
-0.002111
0.005126
0.016147
0.013197
0.004485
0.007402
0.004293
0.001018
0.001916
0.004423
0.007382
0.020563
0.028903
0.026194
0.017591
0.005626
0.003685
0.007408
0.007994
0.012560
0.009110
0.007712
0.002845
-0.003355
-0.004174
0.005409
0.014997
0.016613
0.019817
0.018761
0.021820
0.010171
-0.000481
0.007247
0.015291
0.009211
0.004880
0.004957
0.008271
0.000187
-0.005866
-0.003017
0.005203
0.015202
0.018473
0.015076
0.017899
0.009204
0.001989
0.005598
0.015939
0.004982
0.000373
0.001427
0.006477
-0.005648
-0.008445
0.004905
0.015496
0.016734
0.017252
0.017376
0.017983
0.010324
-0.001097
0.000287
0.013833
0.013485
0.005337
0.009651
0.006123
-0.004962
-0.002629
0.007163
0.015859
0.015435
0.016747
0.024415
0.020720
0.007600
0.006198
0.012207
0.017343
-0.000161
-0.007501
0.007083
0.010354
-0.004527
0.002789
0.015146
0.020965
0.017374
0.019967
0.016677
0.016080
0.013283
0.008485
0.003898
0.005521
-0.000444
0.002602
0.015578
0.010417
0.001150
0.005553
0.011687
0.018682
0.027405
0.034040
0.028824
0.024250
0.029316
0.037085
0.021466
0.017019
0.010105
0.001411
0.001813
0.009525
-0.003768
-0.008023
0.010455
0.027083
0.030103
0.031929
0.030268
0.032211
0.021636
0.022532
0.026150
0.029227
0.018986
0.019860
0.021785
0.025029
0.017916
0.016350
0.016962
0.024187
0.032680
0.036315
0.028087
0.024446
0.012760
0.006284
0.010241
0.014141
0.005722
0.003270
0.004401
0.016402
0.014218
0.004659
0.011786
0.021149
0.016776
0.017830
0.013425
0.012453
0.009121
-0.002818
-0.004827
-0.001551
-0.009637
-0.017235
-0.004754
-0.009301
-0.007873
-0.005207
0.003101
0.000698
0.010411
0.018403
0.016844
0.012425
0.012382
0.005219
0.003295
0.003170
0.004542
-0.001172
0.004883
0.000379
-0.014594
-0.016149
0.004056
0.015937
0.019708
0.018071
0.008466
0.010410
0.010515
0.001169
0.006200
0.013316
0.009031
-0.001312
0.004866
0.004852
-0.005636
-0.005595
-0.000170
0.008612
0.016550
0.019168
0.015522
0.013120
0.010025
0.005410
0.000605
0.005662
-0.001028
-0.006104
0.005123
0.011096
-0.011090
-0.013727
0.008906
0.028432
0.022995
0.025960
0.024145
0.025590
0.011795
0.004700
0.010978
0.016002
0.004454
0.001411
0.005205
0.011627
0.004685
-0.006406
0.002498
0.012344
0.008746
0.006248
0.005905
0.009841
0.003846
-0.002267
0.009592
0.014336
0.006060
0.003783
0.004684
0.009280
-0.004991
-0.010549
0.001432
0.011948
0.014380
0.014933
0.006706
0.014480
0.010546
0.005883
0.008016
0.010680
0.005578
0.003280
0.001051
0.005580
-0.003052
-0.003738
0.005184
0.010272
0.022613
0.024404
0.018428
0.014958
0.003693
0.004536
0.007470
0.012825
0.007552
0.003075
0.007881
0.017918
0.004298
-0.007448
0.001441
0.012626
0.015960
0.016631
0.012617
0.014988
0.003898
-0.005769
0.003866
0.011496
0.000459
-0.003368
0.003036
0.006488
-0.004615
-0.008408
-0.000415
0.009478
0.018764
0.016033
0.013311
0.011260
0.004072
-0.001472
0.006120
0.010420
0.008743
-0.001752
-0.001715
0.000210
-0.002458
-0.005451
0.003283
0.006742
0.011472
0.010193
0.012326
0.012544
0.008742
0.002289
0.000734
0.006894
0.004131
0.000353
0.003528
-0.001593
-0.011360
-0.009597
-0.001644
0.004341
0.000917
0.005621
0.016821
0.013894
-0.002624
-0.004879
0.005589
0.010516
0.004411
-0.003457
-0.005430
-0.002404
-0.012029
-0.014681
-0.001185
0.009899
0.014587
0.018725
0.012490
0.009436
-0.003247
-0.010309
0.002171
0.004396
-0.003661
-0.010251
-0.004180
0.004244
-0.004234
-0.013560
0.001882
0.011346
0.010103
0.009164
0.003213
0.005651
0.005607
-0.001367
0.002296
0.006648
0.002806
-0.006052
0.006949
0.001802
-0.006083
-0.002128
0.005832
0.009343
0.015675
0.020868
0.017451
0.013960
0.007486
-0.003293
-0.002782
0.007321
0.006450
0.001381
-0.003613
-0.001778
-0.010494
-0.010057
0.002225
0.009752
0.009443
0.008746
0.015115
0.011650
-0.002750
0.002994
0.007494
0.009265
0.008572
0.005160
0.009322
0.010741
-0.001913
-0.003943
0.001033
0.006272
0.015440
0.017570
0.018944
0.017521
0.010367
0.004746
0.007582
0.015171
0.008040
0.008712
0.009203
0.012696
0.008498
0.016648
0.023077
0.032421
0.031132
0.030982
0.025274
0.017852
0.004099
0.002286
0.012381
0.022731
0.016642
0.012828
0.016797
0.013611
0.010523
0.005224
0.000579
0.006750
0.021852
0.015940
0.015154
0.007826
0.006423
0.000596
0.002197
0.000672
0.003073
0.000974
0.008760
0.001970
-0.010048
-0.015086
-0.006263
0.004446
0.006628
0.003086
0.008561
0.007607
0.002621
-0.003256
0.000539
0.000160
-0.006860
-0.001596
0.009316
0.003312
-0.015458
-0.016926
-0.002970
0.006590
0.007460
0.000553
-0.004183
-0.001215
-0.000041
-0.009132
0.002267
0.011632
0.003990
-0.009243
0.010840
0.011950
-0.001699
-0.008881
-0.001803
0.002022
-0.000539
-0.004375
0.000914
0.006598
0.005248
-0.008066
-0.000457
0.002566
-0.007384
-0.011393
-0.001151
-0.002970
-0.014859
-0.018207
-0.000689
0.011100
0.006105
0.006314
0.011842
0.013203
0.001847
-0.000099
0.006584
0.008952
0.005372
0.000984
0.001723
0.001849
-0.008910
-0.015213
-0.001044
0.007218
0.010994
0.003705
0.007212
0.017442
0.014316
-0.001990
0.007292
0.014054
0.012087
-0.002251
0.001449
0.009019
0.004228
-0.007383
-0.001099
0.006785
0.015767
0.016731
0.022767
0.016752
0.008135
0.004687
0.011810
0.020830
0.011314
0.003866
0.002231
0.003754
0.007172
0.001816
0.009013
0.007120
0.008168
0.018716
0.015378
0.005984
0.006425
0.005213
-0.001127
-0.005040
-0.001936
0.003316
0.010817
-0.004796
-0.016340
-0.009310
0.004183
0.002673
0.008843
0.015535
0.011951
0.010445
0.010919
-0.001775
-0.001240
0.007493
0.005709
-0.000830
0.002051
-0.000324
-0.008631
-0.009705
-0.003832
0.002546
0.008335
0.008078
0.013867
0.010696
0.004949
-0.000072
0.002522
0.007748
0.006845
0.004275
0.011527
0.008697
-0.009806
-0.007755
0.008515
0.017885
0.018412
0.014010
0.007268
0.007116
0.003007
-0.002301
-0.000268
0.002648
-0.003988
-0.004710
0.008236
0.006136
-0.010023
-0.008551
0.005597
0.012083
0.014895
0.012312
0.011104
0.006480
0.003920
0.005241
0.012842
0.009966
0.002603
0.002756
0.010899
-0.000789
-0.007042
-0.006883
-0.001823
0.000166
0.009913
0.008256
0.014719
0.010648
0.001783
-0.001898
0.008051
0.013928
0.001648
-0.003480
0.003063
0.003081
-0.006062
-0.006094
-0.000606
0.005681
-0.002238
-0.005328
0.001499
0.004888
0.000523
-0.007743
-0.003806
0.004824
0.000549
-0.004260
0.005153
-0.000555
-0.018175
-0.018449
0.001958
0.009282
0.003741
0.005051
0.009029
0.012652
0.007762
-0.001282
0.005839
0.013578
0.011345
0.004493
0.003450
0.003265
-0.002005
-0.004015
0.006207
0.013254
0.019071
0.016558
0.013680
0.006804
0.005703
0.006083
0.005759
0.006697
0.005256
0.000491
0.004687
0.007861
0.005773
-0.005003
-0.004957
-0.000411
0.007652
0.014321
0.009556
0.006223
0.001733
-0.007501
0.002764
0.009294
-0.002759
-0.007300
-0.003044
-0.001133
-0.015884
-0.014897
0.006979
0.017122
0.013585
0.013537
0.011676
0.011165
0.000708
-0.000022
0.007286
0.011904
0.007637
0.004972
0.005624
0.005737
-0.000143
-0.002616
-0.002751
0.003091
0.009358
0.010544
0.005716
0.008101
0.001182
-0.005360
0.003255
0.007804
0.007118
0.006718
0.000984
0.003839
-0.001505
-0.006260
-0.002317
0.007303
0.008990
0.006824
0.006019
0.006456
-0.000936
-0.003678
0.004306
0.010725
0.007168
0.004417
0.008023
0.008232
-0.002220
-0.003144
0.006853
0.014176
0.014794
0.017331
0.023467
0.018608
0.001600
0.005487
0.009440
0.009449
0.008417
0.009860
0.010681
0.011591
0.001512
0.001511
0.005772
0.012415
0.021992
0.028531
0.026467
0.027829
0.011745
0.000992
0.009815
0.020088
0.013885
0.011438
0.009467
0.013025
0.008477
0.005436
0.003750
0.009041
0.013887
0.018064
0.016159
0.016563
0.006443
0.007278
0.003401
0.004946
0.005666
0.006527
0.003886
0.006665
0.002158
0.000727
0.001203
0.007126
0.016031
0.017557
0.014088
0.012615
0.007351
0.003066
0.006295
0.013701
0.014481
0.019322
0.019577
0.014384
0.012576
0.014632
0.007649
0.010807
0.018963
0.022379
0.021967
0.020330
0.000518
-0.003625
0.004807
0.014472
0.013423
0.011549
0.010020
0.011200
-0.000885
-0.006503
0.005307
0.014508
0.016922
0.020477
0.024829
0.023505
0.011954
0.009943
0.012835
0.020701
0.014181
0.008479
0.012409
0.021211
0.005254
-0.000704
0.009520
0.023249
0.020350
0.024155
0.018931
0.024607
0.011236
0.010317
0.009499
0.012401
0.020902
0.017576
0.011848
0.010959
-0.002184
-0.032738
-0.058248
