-0.008266
0.012271
-0.019170
-0.041511
-0.071625
-0.008837
-0.069028
-0.136388
-0.078406
-0.076004
-0.100243
-0.038161
-0.077653
-0.022661
-0.056306
-0.001283
-0.061159
-0.077747
-0.131589
-0.074971
-0.065847
-0.029826
-0.055188
-0.059341
-0.022466
-0.057710
-0.077455
-0.046128
-0.052411
-0.057904
-0.065354
-0.005125
-0.016941
-0.026177
-0.025451
-0.002750
0.002288
0.019662
0.008413
0.001373
0.010736
0.010260
-0.016332
0.001702
0.001169
-0.016344
-0.007261
0.042141
0.042403
0.046349
0.056984
0.048846
0.039202
0.043540
0.034191
0.020575
0.019464
0.000092
-0.004879
0.018595
0.025730
0.016154
0.007613
0.032069
0.039582
0.030587
0.022227
0.013516
0.012412
0.007485
-0.001034
-0.001516
0.007844
-0.018336
-0.029380
0.005698
0.009630
-0.017929
-0.013281
0.016360
0.026477
0.020618
0.033639
0.026861
0.036937
0.043822
0.033954
0.042114
0.053348
0.032756
0.016688
0.036942
0.035837
0.018332
0.032550
0.057384
0.072737
0.084554
0.086552
0.060306
0.046091
0.029296
0.028524
0.020330
0.020598
0.006507
0.008505
0.021782
0.029504
0.019193
0.007791
0.017842
0.025408
0.028787
0.040143
0.027835
0.034617
0.044941
0.040523
0.042774
0.061924
0.046874
0.033514
0.034836
0.033507
-0.007384
-0.003390
0.034981
0.050862
0.057887
0.074068
0.069057
0.070234
0.061166
0.061245
0.055864
0.064744
0.058655
0.065991
0.068806
0.072336
0.108271
0.160784
0.184490
0.157806
0.143116
0.148665
0.140429
0.132272
0.116946
0.099633
0.079389
0.075689
0.073298
0.074056
0.060336
0.064076
0.090943
0.120614
0.141301
0.137749
0.125775
0.123417
0.119054
0.115650
0.079535
0.068541
0.053696
0.043035
0.029651
0.029119
0.024598
0.032556
0.023166
0.010664
0.011747
0.024038
0.037207
0.043799
0.034427
0.020120
0.014782
0.011629
0.014616
0.018833
0.014097
0.014366
0.016485
0.014886
0.001154
-0.002817
0.011324
0.015399
0.011294
0.009990
0.012887
0.013832
0.016570
0.000774
0.003792
0.001679
-0.004264
-0.006447
0.008002
0.006359
-0.001403
-0.000044
0.020677
0.024015
0.010555
-0.004842
-0.002565
0.006973
0.014034
-0.006043
-0.003973
0.000183
-0.019943
-0.028308
-0.011117
-0.009902
0.005716
0.008024
-0.002690
-0.007536
-0.000281
-0.008220
0.009861
0.005462
0.004104
-0.000688
-0.000400
0.005846
0.000589
-0.017520
-0.020775
-0.009896
0.002734
0.006712
-0.015362
-0.026253
0.002033
-0.010692
0.005446
0.007533
0.014832
-0.016869
-0.006796
0.001449
-0.022486
-0.030937
-0.026685
-0.038410
-0.013782
-0.021140
-0.011445
-0.024605
-0.021458
-0.025372
0.014075
0.007495
0.017510
-0.014137
-0.016484
-0.011193
-0.020375
-0.029849
-0.006893
-0.024535
-0.018324
-0.024500
0.005230
-0.001847
-0.029595
-0.035986
-0.011729
-0.008407
0.008672
-0.003381
-0.013785
-0.008583
-0.035433
-0.048629
-0.014927
-0.014474
-0.027450
-0.024538
0.006282
0.013618
-0.005225
-0.015870
-0.003674
-0.002829
0.010893
-0.007303
-0.008282
-0.002068
-0.031365
-0.043911
-0.002216
-0.006438
-0.002500
-0.029582
0.008084
0.002808
-0.012998
-0.044483
-0.021873
-0.011884
-0.012072
-0.030967
-0.019775
-0.005610
-0.041447
-0.056692
-0.009347
-0.027055
-0.032541
-0.028597
0.012843
-0.012467
-0.039521
-0.041234
-0.017042
-0.014722
-0.000205
-0.006563
-0.007293
0.000558
-0.013741
-0.026370
-0.003340
-0.000522
-0.007886
-0.012579
0.007702
0.017322
0.027256
0.022867
0.017513
0.011135
0.016403
0.019510
0.023432
0.021511
0.011286
0.001406
0.009977
0.011576
0.004696
0.018535
0.050822
0.058525
0.060905
0.045688
0.037427
0.028463
0.016222
0.015928
0.024730
0.006619
-0.004736
-0.006760
0.009421
0.010507
0.009369
-0.004467
0.008472
0.006200
0.003229
-0.004662
-0.024041
-0.016060
0.008107
-0.015077
-0.028391
-0.011379
-0.029555
-0.034435
-0.015638
-0.005114
-0.016146
-0.016275
0.013542
0.026408
0.007624
0.011027
0.010173
0.015561
-0.001742
-0.002630
-0.000516
0.002598
-0.004450
-0.012410
-0.005020
0.009146
-0.008494
-0.007125
0.017633
0.031233
0.023077
0.025745
0.030462
0.042149
0.037247
0.028247
0.022148
0.034611
0.039912
0.050721
0.043958
0.059509
0.094770
0.139556
0.180102
0.182005
0.167147
0.169751
0.199352
0.218835
0.234680
0.249932
0.250270
0.264707
0.276428
0.304589
0.301487
0.341889
0.372452
0.370951
0.313256
0.261256
0.219177
0.178359
0.124563
0.110744
0.086283
0.061117
0.052847
0.053575
0.042780
0.041890
0.030338
0.030120
0.017086
0.004986
0.012483
0.026134
0.024624
0.026133
0.029907
0.044920
0.042488
0.026702
0.025926
0.036445
0.031268
0.035376
0.029539
0.035421
0.035759
0.053627
0.076164
0.077586
0.072059
0.075032
0.084027
0.080512
0.055723
0.048059
0.042099
0.043570
0.030103
0.025748
0.029580
0.036866
0.021443
0.016130
0.018531
0.043221
0.057017
0.046113
0.030494
0.030617
0.026753
0.017324
0.002250
0.007869
-0.002061
-0.008569
0.005233
0.020111
0.001959
0.001519
0.029795
0.046225
0.028422
0.025357
0.024192
0.020214
0.012031
0.022619
0.029315
0.021380
-0.004924
-0.013873
-0.007449
0.013701
0.008044
-0.000102
0.006004
0.010088
0.015332
0.012125
0.010058
0.001848
0.009955
0.012581
-0.000299
-0.002714
-0.016175
-0.018285
-0.000872
0.004237
-0.014512
-0.012881
0.003800
0.021391
0.003369
-0.006857
0.008645
0.022855
0.012824
-0.004443
-0.003897
0.011932
0.001292
-0.016355
-0.005198
-0.001588
0.011372
0.011398
0.022406
0.018111
0.016993
0.016864
0.031087
0.022642
0.011438
0.004445
0.008180
-0.001031
-0.004340
-0.001198
-0.000009
-0.008819
-0.005113
-0.010710
0.003002
0.002436
-0.009639
-0.020411
-0.013612
-0.006339
0.010961
-0.004867
-0.003011
0.002114
-0.019950
-0.035963
-0.018591
-0.014824
-0.007846
-0.019853
-0.008601
-0.011435
-0.021516
-0.026381
-0.005172
-0.009804
0.002623
-0.008876
-0.011772
-0.009934
-0.017583
-0.018971
-0.004943
-0.020544
-0.022033
-0.020995
-0.011463
-0.018538
-0.018218
-0.019148
-0.001248
-0.000449
0.014754
0.001900
-0.002741
-0.003267
-0.009469
-0.011429
-0.000480
-0.005183
-0.012135
-0.012979
0.002916
0.004941
0.000211
-0.002863
0.001441
0.002261
0.005535
-0.008151
-0.005625
0.002641
-0.006055
-0.012841
0.001155
0.000610
-0.006137
-0.008499
0.002853
0.000305
-0.001825
-0.005492
0.003282
0.003192
0.017524
0.001535
0.000177
0.001765
-0.013954
-0.023459
0.001223
0.002371
-0.005056
-0.017859
-0.010926
-0.007597
-0.009057
-0.025935
0.003268
0.016805
0.028687
-0.003216
-0.015271
-0.001019
0.007768
0.004154
-0.001033
0.000218
0.046646
0.042483
0.040415
0.015347
0.060412
0.037693
0.016515
0.017568
0.022689
0.004523
0.002962
-0.001260
-0.002270
0.005522
0.004082
-0.015499
-0.006410
-0.010995
-0.004916
-0.006919
0.001793
-0.007766
0.007758
0.014292
0.019169
0.013658
0.014161
0.018170
0.013850
0.003995
0.009458
0.003914
0.012657
0.006116
0.006829
0.001119
0.023221
0.018632
0.015144
0.020602
0.031815
0.003998
-0.014977
0.000876
-0.017256
-0.024934
-0.004667
-0.009116
-0.019920
-0.023121
0.011358
0.027221
0.018000
0.018281
0.019733
0.024056
0.034894
0.027990
0.023714
0.032583
0.001184
-0.014859
0.012299
0.015331
-0.012358
-0.015979
0.013840
0.021509
0.003146
-0.012850
0.006117
0.009747
0.002940
-0.003314
0.002918
0.010020
-0.015930
-0.029962
-0.012350
-0.000073
0.015465
0.004511
-0.004661
-0.013595
-0.003421
-0.011850
0.012487
0.008517
0.021454
0.020926
0.020587
0.025046
0.023144
0.018628
0.004588
-0.013151
0.024739
0.027102
0.025269
0.012499
0.058329
0.025865
0.011056
0.017792
0.038240
0.005589
-0.004511
-0.004320
-0.019579
-0.020606
-0.005770
-0.027098
-0.021238
-0.025024
-0.001829
-0.009596
-0.007968
-0.016604
-0.005194
-0.003492
0.020036
-0.000226
-0.007693
0.005557
-0.012791
-0.023828
0.003901
-0.001838
-0.019592
-0.017559
0.008469
0.018003
0.011256
-0.003777
0.006910
0.009480
0.017842
-0.000370
-0.007833
-0.001128
-0.004618
-0.008853
-0.007043
-0.008823
0.029562
0.031905
0.032672
0.018602
0.038721
0.023260
0.025336
0.034582
0.032076
0.023619
0.015058
0.031668
0.047399
0.067140
0.038572
0.031007
0.057224
0.047995
0.041196
0.032790
0.069970
0.065044
0.046689
0.054114
0.054207
0.037709
0.023040
0.035416
0.036240
0.031528
0.036264
0.036979
0.021100
0.017239
0.038640
0.048436
0.057009
0.065866
0.067975
0.063619
0.041246
0.027755
0.016814
0.019323
0.020481
0.027600
0.028114
0.028738
0.035794
0.047342
0.046753
0.048536
0.057772
0.060203
0.061074
0.060702
0.051044
0.048170
0.048363
0.046551
0.038825
0.037470
0.031921
0.026157
0.024792
0.021523
0.019047
0.009224
0.019088
0.008136
0.003248
0.000168
0.023659
-0.015016
-0.032309
-0.007517
-0.025101
-0.030138
-0.008206
-0.011759
0.001745
-0.017498
0.003302
-0.005846
-0.018483
-0.046479
-0.028228
-0.026423
-0.011411
-0.008056
0.001756
0.003836
-0.028956
-0.042844
-0.019836
-0.017438
-0.007841
-0.010479
-0.010488
-0.020440
-0.036888
-0.031685
0.005496
0.013074
0.018696
-0.005682
0.002162
0.013691
0.000349
-0.001374
-0.001804
-0.015089
-0.011172
-0.007536
-0.005560
-0.004607
0.008115
0.007841
0.012542
0.011094
-0.001601
-0.018197
-0.003476
-0.002992
-0.017224
-0.015839
-0.005445
-0.002685
-0.009471
-0.017459
-0.000327
0.002673
-0.007010
-0.006351
-0.009675
-0.008370
0.008233
-0.001579
-0.003413
0.001227
-0.013724
-0.028786
-0.005928
-0.008506
-0.020679
-0.013354
0.003529
0.008631
0.018515
0.018316
0.019134
0.011413
0.022001
0.006929
-0.001622
-0.003375
-0.011523
-0.021492
-0.005811
-0.011637
-0.010298
-0.009522
0.001755
-0.000935
-0.008656
-0.012327
-0.001719
0.001596
0.011565
-0.006722
-0.005012
-0.000077
-0.006128
-0.021804
-0.004853
-0.010936
-0.012110
-0.010486
0.003937
-0.000917
-0.007176
-0.002749
0.015063
0.010845
0.008641
0.001375
0.009876
0.005956
-0.003395
-0.004978
0.007298
-0.003154
-0.016228
-0.015952
0.002453
0.008925
0.002743
-0.009237
0.003061
0.007194
0.006287
-0.008221
-0.002976
-0.001664
-0.017955
-0.019758
-0.004710
-0.007489
-0.008949
-0.013714
-0.001994
0.003268
0.003571
-0.004955
-0.003642
-0.004336
0.011187
0.002017
-0.009387
-0.004320
-0.010494
-0.019838
-0.009960
-0.009587
-0.010369
-0.011225
0.004342
0.010639
0.016878
0.004120
0.005931
0.007312
0.009342
-0.003537
-0.003204
0.002225
-0.012405
-0.017656
-0.006306
-0.007520
-0.010589
-0.008530
0.000176
-0.003490
-0.011113
-0.012618
0.005271
0.003592
0.002888
-0.007406
-0.006688
-0.003692
-0.015923
-0.024627
-0.021803
-0.019069
-0.014672
-0.012916
-0.005680
-0.008810
-0.016625
-0.018601
-0.001868
-0.001403
0.003204
0.004191
0.005283
0.001205
-0.006214
-0.000109
-0.005144
-0.007079
0.009741
0.009331
-0.002792
-0.004676
0.024431
0.023988
0.015076
0.019898
0.027105
0.001436
-0.002841
-0.000521
0.000422
0.000016
0.002661
-0.009740
-0.019228
-0.011627
0.008700
0.010826
0.018620
0.024298
0.026720
0.016041
0.008728
0.004983
0.005675
0.000957
-0.004097
-0.004199
0.013473
0.012575
0.004366
-0.005872
0.001423
0.010902
0.014685
0.000677
0.002522
0.003528
0.013177
0.002149
0.001876
0.000288
-0.001708
-0.008747
0.000569
-0.004394
0.003707
-0.001647
-0.006605
-0.008882
-0.005705
-0.013082
0.005467
0.013851
0.011304
-0.006650
-0.005291
-0.003502
-0.011294
-0.017375
-0.000765
-0.001499
-0.012217
-0.019133
0.000316
0.000183
-0.009637
-0.011717
-0.001676
-0.005179
0.003325
-0.001500
0.002614
0.000702
-0.015778
-0.025459
-0.011993
-0.009104
-0.011524
-0.017512
-0.006960
-0.002570
-0.007522
-0.019525
-0.003792
0.001194
0.006271
-0.009152
-0.003455
0.003422
-0.016417
-0.025166
-0.009278
-0.003763
-0.009375
-0.017341
-0.005033
-0.000071
-0.011755
-0.016464
0.009162
0.010306
0.002446
-0.002137
0.012407
0.022685
0.004007
-0.012413
0.004825
-0.001213
-0.007416
-0.001723
0.009673
0.006089
0.012727
0.011575
0.019200
0.017728
0.013630
-0.005757
-0.013827
-0.000534
0.009962
0.012096
0.012509
-0.000416
0.005236
0.012356
0.035344
0.038246
0.059221
0.036710
0.028451
0.026421
0.024167
0.013841
0.008963
0.008834
-0.003759
-0.014805
-0.015955
-0.006235
0.001068
-0.012034
0.006251
0.005803
-0.011439
-0.014849
0.006991
0.008130
0.016625
0.001788
0.001727
0.004833
-0.022838
-0.038024
-0.025943
-0.010401
-0.002942
-0.011762
0.001730
0.000055
-0.015135
-0.015110
0.006125
0.004036
0.012390
-0.002059
-0.006889
-0.004446
-0.012646
-0.016137
-0.020690
-0.016880
0.007012
0.012426
0.012256
0.004257
0.038149
0.027714
0.025448
0.028165
0.018791
-0.012579
-0.018833
-0.010222
-0.017232
-0.013893
-0.015389
-0.027615
-0.018281
-0.016862
-0.016832
-0.015977
-0.004904
-0.003745
0.009959
0.001726
0.011552
0.009823
0.006741
0.005237
0.007691
0.000888
0.003667
-0.001131
-0.013288
-0.006611
0.007521
0.022545
0.029827
0.047599
0.046281
0.049537
0.029268
0.024162
0.039721
0.059119
0.060081
0.060113
0.045887
0.037174
0.028485
0.034384
0.041497
0.043917
0.051942
0.069900
0.097776
0.107143
0.101701
0.102401
0.094842
0.098783
0.095666
0.074797
0.057917
0.055623
0.061587
0.071895
0.071911
0.057691
0.073542
0.075316
0.046026
0.031300
0.018960
0.011297
0.006506
0.017166
0.006327
0.007728
0.016770
0.018831
0.013357
0.002316
0.005264
0.005282
-0.009382
-0.006939
0.009470
0.014800
0.025358
0.019671
0.013212
0.015566
0.005487
0.003838
0.004567
0.001806
-0.005123
-0.009642
-0.002903
0.003243
0.002938
0.009099
0.022168
0.021597
0.007518
-0.000613
-0.003228
-0.005646
-0.012932
-0.017272
-0.009668
-0.005320
-0.012771
-0.015877
0.000449
0.011810
0.000746
-0.003956
0.008174
0.007986
-0.002811
-0.008469
-0.001233
0.004818
-0.002728
-0.013030
-0.001239
0.000087
-0.006493
0.002265
0.012851
0.013360
0.014448
0.012759
0.016156
0.011063
0.017080
0.015627
0.000542
0.006146
-0.011063
-0.022990
-0.005619
0.001145
-0.006077
-0.015532
-0.011659
-0.003872
-0.004782
-0.011682
0.010956
0.012303
0.002971
-0.003475
0.007187
0.004975
-0.002504
-0.005276
0.008602
-0.002360
-0.011491
-0.009920
0.000929
0.000389
0.005290
-0.002079
0.005743
0.008135
0.004938
-0.001169
0.002808
-0.000307
-0.004519
-0.006566
0.005785
0.002688
-0.009683
-0.017693
-0.000663
0.000193
-0.000879
-0.003542
0.003549
0.000858
-0.003520
-0.013003
-0.005043
0.000664
-0.007757
-0.016247
0.001440
-0.002369
-0.009901
-0.009987
0.002113
-0.001395
0.000303
-0.002745
0.002705
0.005111
0.006589
-0.015277
-0.009061
0.002126
-0.010105
-0.022708
-0.004809
-0.008503
-0.014433
-0.016974
-0.003465
0.000805
-0.000567
-0.009535
0.006476
0.009240
0.007081
-0.004304
-0.006242
-0.004869
0.002551
-0.001455
0.004576
-0.002614
0.001325
0.002662
0.002167
-0.001927
0.002003
0.000040
0.018936
0.015824
0.005693
0.003714
0.010765
0.009485
0.011259
0.010389
0.004813
0.000697
0.004994
0.001158
-0.006841
-0.011478
0.009606
0.013324
0.021063
0.022399
0.019314
0.007261
-0.002362
0.002852
0.011392
0.009047
0.002883
-0.000727
0.022748
0.020247
0.018381
0.021445
0.055585
0.056625
0.043413
0.032699
0.018226
0.015119
0.020735
0.023632
0.017175
0.015914
0.009556
0.006456
-0.012637
-0.017542
-0.007644
0.007975
0.010195
0.012334
0.024391
0.027370
0.010801
0.009045
0.006726
0.013665
0.010066
0.010470
0.010150
0.006362
0.004350
0.005961
0.009045
0.007396
0.024480
0.025024
0.025206
0.016050
0.014776
0.015512
0.014644
0.010574
0.005605
0.004493
0.011830
0.005262
-0.005168
-0.008913
0.004063
0.006966
0.006951
-0.004248
-0.001986
0.000590
0.007915
-0.012215
-0.012510
-0.004814
-0.017125
-0.021117
-0.005063
-0.004561
-0.008499
-0.012123
0.001264
0.002474
-0.003446
-0.017116
-0.006520
-0.000652
0.002558
-0.015353
-0.007202
0.002501
-0.004109
-0.012403
-0.006984
-0.006270
-0.008225
-0.009640
-0.001601
0.002820
0.007767
0.002601
0.012121
0.013319
0.022847
0.007396
-0.001669
-0.001402
-0.006833
-0.018303
-0.008503
-0.013860
-0.017503
-0.014227
0.001181
0.001804
-0.005120
-0.008292
0.000123
0.004468
0.009590
-0.005737
-0.005397
-0.003264
-0.011281
-0.018449
-0.009508
-0.011383
0.005445
0.000078
-0.015834
-0.024642
-0.018616
-0.022019
0.012138
0.009750
0.010395
0.008768
0.000467
0.002949
-0.006429
-0.014302
0.001314
-0.003381
-0.010454
-0.010471
-0.005525
-0.005992
0.004054
-0.005272
0.008742
-0.001550
-0.004701
-0.008607
0.000888
-0.004746
-0.017824
-0.025183
-0.002504
-0.009506
-0.009359
-0.009038
-0.000746
-0.010194
-0.019842
-0.017881
0.001175
0.003372
0.005985
-0.014061
-0.008442
0.000761
-0.011958
-0.018631
-0.004158
-0.008597
-0.006247
-0.014093
-0.011795
-0.013972
-0.007243
-0.005748
0.001771
-0.001785
0.009015
0.000240
-0.011089
-0.012225
-0.017965
-0.017684
-0.001204
-0.011093
-0.020479
-0.024710
-0.003516
-0.000767
-0.007862
-0.013105
-0.007621
-0.006343
-0.003618
-0.011219
0.000414
0.006480
-0.006560
-0.020076
-0.002276
0.001840
-0.010737
-0.008432
0.017840
0.020877
0.002809
-0.001868
0.011904
0.014879
0.017970
0.015155
0.019273
0.018848
0.007423
0.005967
0.007444
0.003867
0.002449
0.000728
-0.001145
-0.004204
0.000654
-0.000084
0.006894
0.005376
0.009105
-0.012041
-0.008867
-0.005028
-0.018823
-0.014617
-0.004066
-0.009658
-0.007036
-0.017888
-0.001301
-0.004278
-0.011051
-0.021005
-0.007770
-0.008710
0.004958
-0.010252
-0.010960
-0.006034
-0.025443
-0.027994
-0.004384
-0.005534
-0.015565
-0.015241
-0.000209
0.003610
0.002273
-0.018993
-0.006437
-0.004972
-0.002392
-0.018731
-0.009463
-0.000155
-0.017645
-0.029764
-0.011968
-0.012134
-0.006773
-0.006345
-0.009465
-0.013372
-0.017520
-0.013564
0.004569
0.007019
0.011164
-0.000953
-0.000003
0.003556
-0.003033
-0.014127
-0.005868
-0.003366
-0.009651
-0.018094
-0.004671
0.002892
0.005585
0.003849
0.008274
0.009145
0.015997
0.000796
-0.004945
-0.003718
-0.002475
-0.010405
0.005892
0.000551
-0.013697
-0.008840
0.014376
0.017034
0.009262
0.002568
0.010698
0.013764
0.014418
0.001081
-0.002904
-0.005238
-0.014493
-0.016426
-0.007967
-0.010100
-0.009755
-0.015037
-0.004943
-0.002107
0.002451
-0.003177
0.001864
0.000553
0.000031
-0.006617
0.007176
0.006568
-0.002483
-0.012985
0.006452
0.004507
-0.005991
-0.016639
-0.002402
0.001301
0.002540
-0.005683
0.004685
0.003048
0.005994
-0.017561
-0.016691
-0.010152
-0.017572
-0.016371
-0.007708
-0.012994
-0.014903
-0.019132
-0.010937
-0.006948
-0.006889
-0.018863
-0.008822
-0.005468
0.001212
-0.023737
-0.015372
-0.000194
-0.018055
-0.025368
-0.013490
-0.013228
-0.019557
-0.021015
-0.003162
0.003789
0.005906
0.002093
0.001594
-0.002540
0.013434
0.000759
-0.005371
-0.008219
-0.019261
-0.022573
-0.005940
-0.018016
-0.011047
-0.010243
-0.006927
-0.017053
-0.009102
-0.010181
0.001648
-0.001980
0.001291
-0.017447
-0.010773
-0.003528
-0.007997
-0.010951
-0.005828
-0.015202
-0.025827
-0.018197
0.003625
0.002375
-0.001629
-0.009354
0.002416
0.004842
0.013561
-0.000735
-0.000889
-0.000252
-0.015583
-0.021943
-0.001325
-0.000447
-0.008042
-0.012520
0.000674
0.007572
0.003636
-0.002561
0.011287
0.008693
0.011431
-0.005053
-0.004468
0.006613
-0.004558
-0.018147
-0.006668
-0.008644
-0.001736
-0.004624
-0.002647
-0.008153
-0.017904
-0.025759
0.006026
0.002781
0.001948
-0.013679
-0.005648
0.000032
-0.019177
-0.026215
-0.004945
-0.009005
-0.018568
-0.024753
-0.007882
-0.006201
-0.002323
-0.012405
0.000151
-0.000949
0.006170
0.001514
0.009633
0.009930
-0.002564
-0.010356
0.001942
0.001744
0.004325
-0.003648
-0.000970
-0.001692
0.004747
0.005315
0.016876
0.008129
0.012050
0.004375
0.002844
0.002758
-0.012530
-0.013452
-0.000173
-0.003900
-0.015088
-0.019999
-0.001906
0.005504
-0.004934
-0.012107
-0.000051
0.000785
0.011800
0.002457
-0.003672
-0.005789
-0.024979
-0.023139
-0.005468
-0.017237
-0.027624
-0.019941
0.001549
-0.002929
-0.007818
-0.005206
0.002736
-0.003672
-0.004994
-0.008185
0.002446
-0.003932
-0.012144
-0.011730
-0.007037
-0.006264
-0.002355
-0.016017
-0.009586
-0.002569
-0.003366
-0.007310
0.004689
0.004222
0.004771
-0.002663
-0.001775
0.002603
-0.004563
-0.020853
-0.007495
0.002625
0.000008
-0.007271
0.006081
0.011721
0.013913
0.015635
0.022230
0.021365
0.018421
0.005907
0.001242
-0.001635
-0.009099
-0.008143
-0.005160
-0.006528
-0.019465
-0.019738
-0.001913
-0.001966
-0.009044
-0.010030
0.007812
0.011740
0.001031
-0.001261
0.006718
0.014141
0.029539
0.015192
0.014994
0.014332
-0.008350
-0.043442
-0.058952
