-0.015965
-0.010158
-0.018822
0.008093
-0.027126
-0.026828
-0.007886
-0.008682
-0.001264
-0.010911
-0.003640
-0.001023
0.007607
0.000127
-0.007722
0.002734
0.011787
0.014653
0.023899
0.016902
0.025875
0.029725
0.011290
0.012319
0.030093
0.038551
0.046371
0.054609
0.070943
0.137869
0.202723
0.237614
0.214574
0.178992
0.158274
0.122576
0.106800
0.084143
0.066609
0.050446
0.048061
0.045512
0.052045
0.045184
0.043078
0.050604
0.064630
0.079383
0.082157
0.086661
0.081517
0.062526
0.060085
0.045138
0.031889
0.025194
0.018184
0.000712
0.012737
0.017345
0.016253
0.006483
-0.001733
0.005336
0.016916
0.016795
0.019813
0.013168
0.018820
0.011529
0.011799
0.016992
0.032427
0.022238
0.013075
0.017462
0.022402
0.018799
0.029033
0.035420
0.037984
0.038407
0.038497
0.039498
0.041811
0.030530
0.032800
0.030131
0.033474
0.028281
0.027559
0.023224
0.033945
0.039436
0.048184
0.049244
0.050085
0.047322
0.054933
0.073032
0.080150
0.070624
0.074225
0.065713
0.064924
0.062520
0.078408
0.080677
0.090967
0.120984
0.164292
0.179774
0.167023
0.142672
0.146274
0.147928
0.157069
0.138686
0.126610
0.116081
0.105103
0.075161
0.063598
0.051810
0.061799
0.061065
0.061198
0.052292
0.050780
0.056363
0.059986
0.065870
0.068104
0.060341
0.057615
0.050490
0.050232
0.042495
0.040689
0.040184
0.041813
0.024512
0.022932
0.024922
0.034209
0.044371
0.050971
0.050207
0.041496
0.021955
0.022028
0.027302
0.035354
0.020100
0.017127
0.027243
0.029412
0.009457
0.004896
0.018592
0.027815
0.029911
0.036716
0.028869
0.030108
0.030964
0.021075
0.020966
0.029171
0.024457
0.008136
0.013684
0.021257
0.005874
0.002590
0.023934
0.032858
0.042012
0.053578
0.049280
0.046510
0.039014
0.031607
0.027444
0.033460
0.029450
0.034647
0.034027
0.037881
0.048962
0.068822
0.077808
0.076330
0.074389
0.072984
0.065126
0.050067
0.025540
0.022085
0.021948
0.021733
0.019526
0.022951
0.018081
0.019880
0.009444
0.000034
0.005632
0.021480
0.030035
0.022648
0.015604
0.011885
0.003638
0.003568
0.007450
0.014970
0.007191
0.001830
0.010217
0.011701
0.001048
-0.003728
0.007814
0.013195
0.011407
0.007929
0.002067
0.001661
0.004341
-0.005016
-0.002635
-0.000376
-0.009609
-0.015143
-0.005584
-0.002630
-0.016752
-0.021203
-0.003410
0.011068
0.004579
0.004192
0.010006
0.008493
-0.001354
0.002063
0.006774
0.009007
0.010461
-0.000581
0.005809
0.002194
0.000239
0.001825
0.012249
0.004665
0.006394
0.016865
0.016904
0.009434
0.011940
0.008081
-0.000900
-0.005852
-0.007290
0.001087
0.008399
0.000070
-0.012930
-0.006214
0.006150
0.014029
0.011035
0.012734
0.011173
0.012146
-0.002328
-0.001470
0.005113
0.014392
0.008991
0.001998
0.010761
0.011245
-0.003635
0.003902
0.017633
0.030615
0.034164
0.032315
0.030118
0.044138
0.048334
0.053109
0.059147
0.065836
0.067429
0.069107
0.082470
0.099557
0.108866
0.117317
0.109283
0.084801
0.067656
0.062993
0.042814
0.036272
0.026776
0.013483
0.017105
0.020341
0.018768
0.016128
0.014446
0.018218
0.018837
0.012443
0.013301
0.018041
0.035459
0.041245
0.018821
0.004259
0.007968
0.011898
0.001009
-0.002099
-0.004303
-0.002773
0.004851
0.003846
-0.009168
-0.005314
0.012868
0.022064
0.021535
0.022760
0.013490
0.025232
0.034877
0.026839
0.032580
0.049118
0.046640
0.035796
0.036446
0.015438
-0.002872
0.013284
0.026123
0.025143
0.039028
0.052668
0.041968
0.033674
0.033547
0.020306
0.002275
0.008157
0.005565
-0.000671
0.017154
0.018428
0.001395
-0.000953
0.013028
0.024061
0.032784
0.032997
0.014341
0.007922
0.008270
0.002624
0.004569
0.013507
0.015018
0.003605
0.014725
0.009577
-0.006961
0.003299
0.018279
0.023543
0.022286
0.034639
0.037020
0.039493
0.024718
0.022218
0.024252
0.028452
0.022780
0.019211
0.019500
0.024892
0.023434
0.029919
0.031268
0.035365
0.039309
0.039290
0.038759
0.042180
0.034703
0.031098
0.022406
0.018450
0.022476
0.026133
0.023415
0.030369
0.034501
0.045804
0.040128
0.042599
0.055626
0.077256
0.090943
0.119919
0.146114
0.178843
0.193074
0.210410
0.227429
0.300094
0.363357
0.438794
0.468068
0.480401
0.459716
0.388866
0.299098
0.234921
0.186337
0.172864
0.152969
0.126075
0.111294
0.108042
0.109812
0.122327
0.109675
0.106351
0.122932
0.137522
0.130485
0.115386
0.106657
0.098892
0.083846
0.076156
0.062151
0.062987
0.056463
0.047431
0.039132
0.044494
0.042796
0.040972
0.047119
0.056069
0.052012
0.043894
0.050119
0.054995
0.039851
0.030681
0.022790
0.022549
0.014125
0.017267
0.015115
0.019084
0.016742
0.020903
0.015616
0.010760
0.015076
0.024980
0.036873
0.042521
0.027079
0.022980
0.022943
0.020700
0.018280
0.012115
-0.002202
-0.001764
0.009319
0.016124
0.006540
0.005655
0.014995
0.030615
0.038541
0.033051
0.014081
0.009175
0.013312
0.018128
0.001896
0.000758
-0.013250
-0.021118
-0.007469
-0.000210
-0.013326
-0.011734
0.009880
0.022541
-0.001839
-0.011815
0.004692
0.004080
-0.003576
-0.014593
-0.004660
0.001100
-0.015544
-0.026403
0.003973
-0.001092
-0.018427
-0.016438
0.009838
-0.001217
-0.007306
-0.004791
-0.015538
-0.015370
0.012377
0.003543
-0.005919
0.001955
-0.005863
-0.015314
-0.001843
-0.006966
-0.025439
-0.019265
0.008432
0.015295
0.007569
0.005728
0.011089
0.008542
0.007656
-0.000136
0.001690
0.000510
-0.004314
-0.008580
-0.000078
0.001794
-0.011237
-0.013679
0.003615
0.015822
0.014270
0.017313
0.011824
0.006576
-0.005177
-0.002385
0.001081
0.002778
-0.004743
-0.009102
0.005956
0.009658
-0.012112
-0.014624
0.003614
0.013587
0.013802
0.010568
0.001337
0.005908
0.010573
0.002976
0.001638
0.004088
-0.008220
-0.016496
-0.000613
0.003441
-0.009760
-0.009575
0.008597
0.018605
0.015411
0.011187
0.008767
0.008629
0.011773
0.009683
0.002091
0.005281
-0.010437
-0.012276
0.005632
0.006462
-0.011291
-0.011167
0.012193
0.028422
0.022767
0.010089
0.011895
0.011103
0.011929
0.005512
0.004091
0.003841
-0.001060
-0.001292
0.015332
0.009985
-0.008514
-0.009959
0.012013
0.015779
0.008324
-0.002371
0.000680
0.001657
0.005610
-0.008538
-0.009167
-0.001084
-0.016053
-0.020439
0.004183
-0.001120
-0.016975
-0.015386
0.001269
0.001604
-0.002507
0.003925
0.009226
0.004578
0.002239
0.001261
-0.002493
-0.000072
-0.005772
-0.008422
0.005606
0.004321
-0.011522
-0.009820
-0.000027
0.012398
0.009763
0.008922
0.009304
0.011143
0.009758
0.005176
0.002283
0.005077
-0.005403
-0.017006
-0.011117
-0.000656
-0.004211
-0.008370
0.000439
0.005760
0.012357
0.019319
0.013502
0.005877
0.007985
0.002193
0.003526
0.005294
-0.001852
-0.004486
0.004771
0.003128
-0.012598
-0.011060
0.007016
0.017857
0.017512
0.017653
0.012960
0.011222
0.010402
0.006539
0.006727
0.014451
0.005829
-0.000438
0.007215
0.005304
-0.006761
-0.005186
0.009980
0.020169
0.024549
0.028852
0.024959
0.020699
0.013743
0.016741
0.011045
0.014455
0.009971
0.012618
0.008468
0.014630
0.009342
0.001381
0.012686
0.025664
0.027295
0.016435
0.012096
0.010316
0.010803
-0.008785
-0.011495
-0.004614
-0.009839
-0.020678
-0.002303
-0.005097
-0.004042
-0.009413
0.005852
-0.001877
-0.022734
-0.025305
-0.014558
-0.011915
0.010355
-0.008970
-0.011382
0.000212
-0.015252
-0.033108
-0.012117
-0.010993
-0.013414
-0.018105
0.003609
0.000254
-0.010212
-0.003369
0.021037
0.025700
0.028003
0.011122
0.003760
0.009076
-0.006053
-0.006293
0.001365
-0.000954
-0.015725
-0.020201
-0.005030
0.009812
0.004255
0.002938
0.005275
0.009846
0.010378
0.002440
-0.000499
0.002279
0.001098
-0.004887
0.004872
0.006216
-0.012337
-0.013193
0.007156
0.014957
0.009991
0.015904
0.013342
0.006559
-0.001393
0.006070
0.004747
0.003527
0.001484
-0.003662
0.009225
0.010366
-0.009849
-0.005644
0.014124
0.022453
0.017196
0.019942
0.032181
0.026179
0.014057
0.011207
0.010185
0.014297
0.015667
0.006648
0.012916
0.011333
0.013241
0.010954
0.014105
0.012390
0.019671
0.025730
0.018169
0.005546
0.022175
0.018560
0.000829
-0.008394
-0.023062
-0.022772
-0.003282
-0.008765
-0.016789
-0.019483
0.010425
0.017357
0.008166
0.015280
0.001951
0.000477
0.008388
0.005668
-0.003799
0.011488
-0.000578
-0.010838
0.014316
0.005000
-0.030478
-0.014269
0.028059
0.042917
0.038552
0.041370
0.035599
0.036770
0.040125
0.040115
0.035711
0.036677
0.025554
0.014809
0.022117
0.020481
0.007116
0.003272
0.017991
0.015921
0.018324
0.007204
0.003234
-0.000805
-0.001203
-0.013670
-0.011338
-0.013507
-0.030971
-0.033115
-0.003476
-0.002854
-0.003860
-0.017114
-0.003057
-0.002169
-0.015797
-0.014545
-0.006241
-0.001651
0.003846
-0.007655
-0.013806
0.003355
-0.011524
-0.024106
-0.003695
-0.004906
-0.023052
-0.010747
0.015268
0.025710
0.030382
0.028030
0.022786
0.021172
0.024532
0.011011
0.000463
0.003428
0.007629
0.002050
0.011073
0.002200
-0.006696
0.000040
0.006438
0.010072
0.019157
0.015741
0.020208
0.014433
0.013559
0.017970
0.019185
0.011473
0.004961
-0.000465
0.002077
-0.002004
-0.000109
-0.004945
-0.003152
-0.000427
0.004284
0.010982
0.022048
0.020212
0.009283
0.002731
0.007943
0.010963
0.006710
0.001833
0.008678
-0.002014
-0.016162
-0.013295
0.010103
0.013890
0.013717
0.018130
0.022974
0.022526
0.018487
0.007614
0.008360
0.015241
0.010089
0.004198
0.012650
0.009348
-0.007951
-0.007759
0.014378
0.025794
0.033072
0.038340
0.029497
0.018858
0.021157
0.022869
0.018145
0.021595
0.015850
0.007621
0.011898
0.014383
0.015079
0.019915
0.027407
0.026771
0.039343
0.037207
0.028035
0.022863
0.016316
0.012198
0.014918
0.015136
0.004666
-0.000250
0.017268
0.014308
-0.008100
-0.009756
0.004667
0.012236
0.012463
0.019478
0.019456
0.016042
0.005119
-0.007480
0.005886
0.008885
-0.008039
-0.016461
0.006973
0.009528
-0.008336
-0.011470
0.009738
0.017429
0.014353
0.017034
0.013068
0.012274
0.012904
0.008392
0.011196
0.021317
0.016384
0.001318
0.017823
0.010591
-0.005805
0.002470
0.012560
0.007504
0.016219
0.026170
0.034271
0.021298
0.009812
0.010832
0.006943
0.007306
0.003832
0.003109
0.004203
0.001331
-0.012673
-0.013211
0.003854
0.014855
0.011734
0.013762
0.021921
0.014345
0.007847
0.014467
0.014624
0.012136
-0.004719
-0.012530
0.001130
0.006464
-0.003082
-0.006307
0.002463
0.006537
0.003512
0.009071
0.017691
0.010558
0.008183
0.007150
0.003996
0.008237
0.007781
-0.004561
0.001359
-0.002152
-0.013182
-0.005740
0.007616
0.013792
0.005666
0.015332
0.023854
0.018350
0.001354
0.010178
0.018332
0.019197
0.008769
0.007143
0.013890
0.010815
-0.004093
-0.011753
0.002042
0.010096
0.013969
0.015685
0.006539
0.003454
0.004884
0.003360
0.007594
0.006065
-0.007632
-0.010891
0.004298
0.005475
-0.010347
-0.011535
0.001318
0.010046
0.001208
-0.009821
-0.007485
-0.002510
-0.009921
-0.016790
-0.006606
0.004859
-0.005888
-0.009583
0.009902
0.004785
-0.015417
-0.012187
0.004130
0.009476
0.002531
0.003232
0.006239
0.008996
0.005264
0.003458
0.011198
0.017593
0.011464
0.006647
0.010026
0.007737
-0.003258
-0.005437
0.009704
0.016605
0.015812
0.014622
0.015592
0.014608
0.013172
0.009862
0.007782
0.009185
-0.001469
-0.001587
0.010219
0.012128
0.001286
-0.004409
0.003880
0.013297
0.011961
0.011131
0.008104
0.017222
0.019136
0.003127
-0.000068
0.013878
0.002425
-0.013926
0.003169
0.003126
-0.008510
0.002297
0.015453
0.013655
0.015030
0.019334
0.028433
0.022374
0.008981
0.012698
0.014625
0.017417
0.013042
0.007380
0.012972
0.009267
-0.005153
-0.004497
0.011607
0.022612
0.032397
0.024287
0.020305
0.017509
0.018423
0.007967
0.004195
0.002757
-0.012134
-0.018033
-0.002181
-0.003099
-0.006638
-0.012301
-0.004908
-0.005575
-0.004614
-0.012657
-0.007401
-0.004734
-0.006125
-0.018047
-0.002655
0.004839
-0.019179
-0.027321
-0.008591
-0.008733
-0.021210
-0.023225
-0.004334
0.004934
0.006756
0.006649
0.008317
0.010198
0.001342
-0.004612
0.001047
0.006662
0.001886
-0.003451
0.002703
0.005654
-0.012801
-0.018070
0.002797
0.015582
0.014840
0.011892
0.004779
0.007548
0.003520
-0.006646
-0.002531
0.001420
-0.000470
-0.003824
-0.002044
-0.000729
-0.005465
-0.005528
0.001214
0.010004
0.020743
0.017496
0.008851
0.011566
0.006838
-0.003664
0.007624
0.016683
0.000778
-0.012799
0.002830
0.006030
-0.002775
-0.007359
0.006734
0.005574
0.001415
0.011915
0.019336
0.016235
0.011729
0.008011
0.007051
0.012808
0.006171
0.002644
0.017069
0.003021
-0.020113
-0.006560
0.021680
0.022907
0.028314
0.042191
0.033614
0.032113
0.029003
0.021284
0.006184
0.015158
0.014142
0.010883
0.011535
0.018280
0.003495
-0.001703
0.009420
0.026242
0.041561
0.055245
0.043572
0.066086
0.081638
0.109949
0.113105
0.105140
0.093179
0.096177
0.104969
0.123632
0.140977
0.162133
0.160852
0.139816
0.116962
0.102147
0.071290
0.057041
0.035680
0.019081
0.013585
0.010012
0.002952
0.005119
0.010742
0.021009
0.010301
0.001599
0.011481
0.025106
0.022338
0.020101
0.014402
0.015816
0.012496
0.005718
0.003641
0.013167
0.002456
-0.006168
0.008038
0.008453
0.001026
0.002985
0.015728
0.020407
0.017232
0.028934
0.029267
0.022130
0.023909
0.011626
-0.001808
0.005726
0.002783
-0.005169
0.007528
0.004924
-0.011906
-0.004127
0.028479
0.038513
0.036197
0.033027
0.022366
0.024790
0.023546
0.011808
0.007430
0.008847
-0.001638
-0.007296
0.010381
0.016758
0.000181
-0.005738
0.009833
0.019885
0.009441
0.013319
0.011268
0.005262
0.003983
-0.000503
0.002225
0.001379
-0.016572
-0.021988
-0.007818
-0.004754
-0.015923
-0.012162
0.004220
0.011556
0.004122
-0.003226
0.006897
0.008376
-0.001037
-0.008919
-0.001748
0.003513
-0.014745
-0.019787
-0.007579
0.000683
-0.007876
-0.016019
-0.006455
0.007918
0.004299
0.001044
0.002956
-0.000521
-0.003771
-0.008647
-0.008393
-0.002110
-0.009609
-0.019918
-0.007144
-0.002699
-0.011878
-0.006891
0.015431
0.027471
0.027560
0.021643
0.022443
0.023477
0.023554
0.012783
0.010231
0.020453
0.007610
-0.003571
0.002689
0.009131
0.017409
0.009058
0.016786
0.011952
0.024299
0.019666
0.026553
0.023669
0.025768
0.007671
0.004646
0.001321
0.001687
0.004340
0.019295
0.003012
-0.016533
-0.016300
0.007474
0.011612
0.009469
0.007994
0.007232
0.005215
0.015086
0.008903
-0.003381
-0.000230
-0.014660
-0.016842
0.002191
0.004058
-0.006095
-0.014164
0.006243
0.014080
0.000155
0.003264
0.003866
0.002847
0.018419
0.012257
0.007317
0.008564
-0.007453
-0.018108
0.005524
0.004101
-0.017120
-0.019876
0.008674
0.014347
-0.001419
-0.001432
0.002197
0.008846
0.007701
-0.005631
-0.005460
0.006739
-0.011921
-0.022066
0.001338
0.007345
-0.008725
-0.006198
0.013597
0.026527
0.023030
0.016728
0.015345
0.017372
0.016484
0.009144
0.008792
0.011674
0.010914
0.010858
0.019532
0.015744
0.028122
0.045824
0.052031
0.045575
0.068526
0.067746
0.042540
0.042836
0.031714
0.023192
0.023478
0.034732
0.025639
0.018969
0.022277
0.017738
-0.007140
-0.015172
0.005312
0.016203
0.018470
0.024425
0.020360
0.030281
0.026902
0.010678
0.009040
0.026771
0.005566
-0.011608
0.004583
0.010687
-0.005259
0.001484
0.006069
0.013565
0.012577
0.018208
0.030660
0.025503
0.006911
0.001440
0.005007
0.009381
-0.005313
-0.007325
0.006464
0.008407
-0.008265
-0.007831
0.013148
0.016578
0.010578
0.009143
0.008787
0.004033
0.014681
0.010045
0.008909
0.008668
0.003718
-0.001737
0.006295
-0.004476
-0.003724
-0.002523
0.004738
0.005778
0.013842
0.026265
0.027367
0.022656
0.019255
0.008063
0.004463
0.009847
0.005276
0.002466
0.010421
0.005356
-0.011868
-0.012816
0.006002
0.018003
0.018865
0.019446
0.011190
0.007296
0.011945
0.009572
0.001539
0.002000
-0.001311
-0.008437
0.002144
0.001885
-0.013624
-0.009457
0.010571
0.020417
0.022152
0.025675
0.026214
0.021852
0.009827
0.005338
0.008311
0.008361
-0.001073
-0.004599
0.006055
0.007463
-0.011544
-0.013557
0.007077
0.017419
0.014520
0.016575
0.018307
0.011627
0.002020
0.000302
0.011654
0.013197
0.002279
-0.002340
0.001241
0.001106
-0.004939
-0.004961
0.002422
0.008275
0.008438
0.012712
0.010168
0.003982
-0.005564
-0.001766
0.002769
0.007671
-0.000096
-0.002976
-0.000782
0.002571
-0.002264
-0.005388
0.002237
0.009309
0.013797
0.014171
0.017408
0.016267
0.006591
0.005968
0.007604
0.013661
0.009892
0.005562
0.005331
0.007311
-0.003610
-0.007141
0.004965
0.014471
0.010000
0.014487
0.016191
0.012972
0.004079
0.005399
0.006359
0.007406
0.006625
0.009331
0.004706
0.004723
-0.003515
-0.006760
0.007866
0.016422
0.018651
0.017852
0.010693
0.010684
0.014580
0.009773
0.009299
0.004448
-0.002459
-0.006667
0.006829
0.008834
0.006482
-0.002618
0.004118
0.007901
0.007948
0.008178
-0.006067
-0.004984
-0.006416
-0.019655
-0.010559
-0.003919
-0.030729
-0.024975
-0.006580
-0.007291
-0.025056
-0.025176
-0.000841
0.011355
0.000158
-0.002685
0.005099
0.005550
-0.001796
-0.002608
0.004378
0.010067
0.007556
-0.004982
-0.001443
-0.000197
-0.007213
-0.006629
0.007972
0.014547
0.017841
0.017216
0.020270
0.013362
0.008869
0.008096
0.008081
0.006030
0.002249
-0.001879
0.008055
0.004392
-0.001017
-0.006037
-0.003271
-0.002611
0.005481
0.014587
0.017758
0.016978
0.001656
-0.008981
0.004472
0.014559
0.007090
0.001237
0.008677
-0.001369
-0.012506
-0.006536
0.004920
0.007960
0.007541
0.001911
0.006463
0.009317
0.008061
-0.000571
0.002020
0.003395
-0.010200
-0.005100
0.002292
-0.003287
-0.003811
-0.007550
-0.000185
-0.000107
-0.004515
-0.009391
0.001772
0.004217
0.009993
-0.005571
-0.008088
0.001183
-0.015874
-0.021335
-0.010514
-0.005400
-0.008181
-0.014983
0.001228
0.008582
-0.002374
-0.006837
0.007594
0.008730
0.003291
-0.009116
-0.007188
0.005083
-0.006116
-0.012770
0.003913
0.002181
-0.018780
-0.014180
0.011426
0.014163
0.002213
0.005863
0.012309
0.013393
0.015914
0.010945
0.000382
0.009192
0.003560
-0.000530
0.007030
0.007943
-0.008643
-0.010650
0.013450
0.022881
0.014123
0.013886
0.010577
0.014351
0.010723
0.002545
0.002199
0.007804
-0.002887
-0.008294
0.005017
0.014622
-0.005292
-0.008449
0.009789
0.024480
0.014068
0.010312
0.010299
0.009170
-0.002922
-0.001121
0.007847
0.014811
0.002939
-0.001728
0.010256
0.006340
-0.010441
-0.006196
0.005596
0.014117
0.018778
0.023988
0.019922
0.018392
0.017720
0.012299
0.006979
0.014802
0.012563
0.008680
0.012878
0.010477
0.001859
0.002272
0.011430
0.021871
0.028183
0.034166
0.032426
0.022372
0.013499
0.009356
0.013804
0.019195
0.012197
0.010201
0.011978
0.008794
0.002093
0.002391
0.008397
0.009847
0.007604
0.003310
0.016392
0.014682
0.006481
-0.002432
0.005984
0.010197
-0.001885
-0.005776
-0.000152
-0.000395
-0.005996
-0.009605
0.008035
0.011809
-0.000803
-0.003351
0.002048
0.010351
0.007861
-0.010886
-0.005673
0.004808
-0.004852
-0.008671
0.001795
-0.002401
-0.021578
-0.014942
0.008511
0.017937
0.010177
0.005046
0.009410
0.010658
0.002562
-0.004013
-0.001234
0.007379
0.003024
-0.004233
0.007346
0.001184
-0.013299
-0.012341
0.002138
0.002211
0.005222
0.010466
0.016973
0.018179
0.017934
0.009856
0.006976
0.019031
0.025141
0.029166
0.032269
0.019259
0.038176
0.049554
0.053951
0.036543
0.041018
0.041060
0.036278
0.031383
0.014617
0.007178
0.008404
0.014336
0.014183
0.008958
0.007467
0.009301
-0.003898
-0.005672
0.013967
0.024718
0.021268
0.017267
0.022095
0.023708
0.011360
0.002739
0.006797
0.012093
0.006951
-0.000388
0.004626
0.012030
0.003580
-0.007060
0.002449
0.010124
0.008928
0.010619
0.010287
0.009214
0.010196
0.006737
0.004662
0.007336
0.002614
-0.004057
0.002364
0.001374
-0.013421
-0.012295
0.005744
0.016955
0.016255
0.016203
0.010420
0.011099
0.010675
0.006200
0.004285
0.007833
0.005107
0.000528
0.008381
0.011039
0.002317
0.000665
0.010580
0.022004
0.023431
0.027036
0.021774
0.029431
0.023251
0.012802
0.007673
0.015908
0.026253
0.017180
0.011994
0.011564
-0.009397
-0.038542
-0.057714
