-0.010756
0.016884
-0.020032
-0.047247
-0.074504
-0.017961
-0.099912
-0.134706
-0.063834
-0.077128
-0.098748
-0.058215
-0.095768
-0.027587
-0.075933
-0.013681
-0.070771
-0.078900
-0.129874
-0.084053
-0.085783
-0.036651
-0.064507
-0.056168
-0.020369
-0.042387
-0.062568
-0.021022
-0.058445
-0.092574
-0.078742
0.001063
0.011051
-0.003323
-0.006090
-0.020438
-0.004940
0.017248
-0.001572
-0.008681
0.006369
-0.016356
-0.026015
-0.005772
-0.003377
-0.022040
-0.015293
0.017255
0.027013
0.014501
0.016494
0.008582
0.010854
0.007832
0.007165
0.006855
0.018723
0.012434
0.002551
0.011248
0.010746
-0.005820
0.001487
0.013786
0.026504
0.035207
0.042173
0.040120
0.041499
0.033833
0.027503
0.025098
0.034321
0.032842
0.027918
0.026286
0.030954
0.018550
0.016306
0.036261
0.052943
0.054396
0.054701
0.042115
0.034465
0.016493
0.009791
0.009691
0.015513
0.005222
0.002822
0.010821
0.017220
-0.002081
-0.008098
0.005893
0.022983
0.025574
0.024679
0.017522
0.022641
0.024436
0.022723
0.019095
0.023797
0.013418
0.005046
0.011759
0.014564
0.005636
0.009260
0.024654
0.026965
0.024837
0.033187
0.031502
0.023470
0.019616
0.018820
0.023724
0.022213
0.009203
0.012963
0.015841
0.014856
0.001008
-0.000892
0.013674
0.023783
0.018915
0.030023
0.022021
0.026743
0.034919
0.035720
0.029342
0.032099
0.016137
0.012337
0.016390
0.025218
0.004119
0.000245
0.015412
0.031574
0.027609
0.028181
0.026111
0.038711
0.033663
0.039662
0.025292
0.032369
0.021319
0.023364
0.033576
0.042581
0.039171
0.043878
0.040222
0.039412
0.039247
0.039165
0.043894
0.049780
0.045587
0.052875
0.041655
0.034980
0.033291
0.037654
0.039211
0.047343
0.069973
0.096153
0.092091
0.078591
0.067437
0.059436
0.044108
0.045048
0.040528
0.033143
0.024906
0.022586
0.022100
0.023281
0.027668
0.031615
0.023786
0.015870
0.013149
0.022381
0.027513
0.027955
0.022686
0.028854
0.029832
0.019496
0.019556
0.026289
0.015878
0.012426
0.012329
0.018712
0.011769
0.007876
0.012270
0.016568
0.014421
0.006333
0.008140
0.008605
0.002002
-0.008401
-0.006242
0.003355
0.008835
0.016000
0.011963
0.009177
0.057234
0.075065
0.078281
0.050709
0.078917
0.061850
0.032036
0.035502
0.021868
0.009583
0.013092
0.024954
0.017408
0.020473
0.025492
0.019836
0.016699
0.010769
0.007737
0.008682
0.040253
0.045149
0.037891
0.035067
0.030433
0.025478
0.023283
0.038155
0.044233
0.054410
0.060776
0.060215
0.091176
0.116964
0.138186
0.088575
0.095650
0.095281
0.046015
0.040364
0.033068
0.017051
0.007881
0.010783
0.014812
0.016073
0.012035
0.009232
-0.010559
-0.013287
0.016152
0.024174
0.014065
0.013751
0.014795
0.018668
0.014658
0.008828
0.006424
0.012990
0.006295
0.007076
0.009735
0.011923
-0.007588
-0.009564
0.009398
0.024211
0.016122
0.022807
0.026953
0.043964
0.049523
0.034644
0.035034
0.044712
0.035039
0.036275
0.045176
0.050639
0.069287
0.095427
0.103832
0.094557
0.086106
0.077592
0.064566
0.063631
0.050950
0.049837
0.031844
0.031178
0.033884
0.042604
0.038562
0.042715
0.054101
0.061288
0.052716
0.043093
0.036707
0.041907
0.043530
0.055692
0.055430
0.045168
0.032402
0.030167
0.032938
0.032604
0.037455
0.046770
0.065682
0.093509
0.086858
0.075513
0.064861
0.067421
0.063146
0.071687
0.065457
0.063772
0.053704
0.045618
0.034726
0.030228
0.031309
0.044115
0.029769
0.018978
0.029359
0.048293
0.056660
0.049060
0.033775
0.022307
0.013972
0.016996
0.021059
0.011645
-0.001085
0.004693
0.015378
0.017683
0.015481
0.000880
0.001763
-0.002123
-0.001795
-0.003271
-0.004025
-0.005838
0.000104
-0.007890
-0.005370
-0.003606
-0.011434
-0.023075
-0.004325
-0.003025
-0.003121
-0.002493
-0.005264
-0.005093
0.007609
0.021936
0.012841
0.014685
0.018958
0.005637
0.004911
0.016956
0.000226
-0.008214
0.007425
0.017660
-0.007590
0.001606
0.024633
0.041231
0.034875
0.043953
0.040779
0.046184
0.029756
0.022408
0.028394
0.036649
0.022494
0.024811
0.035195
0.039677
0.034664
0.053617
0.063909
0.065218
0.078530
0.107779
0.141166
0.169721
0.203484
0.245994
0.265825
0.300003
0.353150
0.452342
0.551562
0.642781
0.637728
0.638884
0.613946
0.536951
0.430874
0.319392
0.224962
0.196058
0.170695
0.127988
0.096878
0.094491
0.086332
0.081628
0.062722
0.059926
0.040389
0.021170
0.015412
0.022771
0.035033
0.040892
0.040676
0.062320
0.067528
0.063296
0.051324
0.047960
0.034787
0.027820
0.031243
0.044270
0.040351
0.045462
0.049206
0.051379
0.046126
0.051037
0.062112
0.066870
0.047390
0.045951
0.035959
0.030935
0.021098
0.022187
0.031241
0.044730
0.044338
0.053160
0.056000
0.057017
0.056055
0.059163
0.073315
0.097222
0.090187
0.078200
0.068056
0.058387
0.046620
0.039158
0.042475
0.048774
0.056651
0.063944
0.052493
0.041833
0.048343
0.056916
0.051828
0.053339
0.048536
0.047060
0.035862
0.031940
0.029065
0.036108
0.031136
0.042572
0.057637
0.070067
0.068866
0.064386
0.059432
0.054849
0.045536
0.046671
0.041112
0.038439
0.037828
0.039089
0.034888
0.045825
0.053295
0.049946
0.074172
0.095388
0.097465
0.079255
0.080800
0.071633
0.042131
0.036273
0.033190
0.024228
0.025030
0.032124
0.026995
0.029662
0.025867
0.024686
0.031363
0.023565
0.011065
0.010027
0.029190
0.033980
0.024836
0.020644
0.008458
0.006081
0.007038
0.014879
0.011804
0.006740
0.006389
0.005173
-0.000905
-0.007108
0.003299
0.009656
0.008638
0.008573
0.016901
0.015779
0.007772
0.006382
0.011625
0.021381
0.018015
0.016660
0.013556
0.008696
0.012314
0.009602
0.009547
0.006218
0.014165
0.019768
0.021458
0.017954
0.007041
0.003180
0.005089
0.006783
0.004117
0.001234
0.002946
0.002163
-0.006719
-0.011710
0.000853
0.012958
0.017379
0.013827
0.008998
0.016396
0.018080
0.010445
0.007464
0.018502
0.017624
0.015255
0.024164
0.022759
0.018537
0.015707
0.008413
0.013410
0.027889
0.026722
0.021634
0.023760
0.019212
0.009829
0.002527
0.009177
0.018358
0.022020
0.020387
0.005997
0.014788
0.017913
0.007716
0.001110
0.022697
0.031676
0.019595
0.018611
0.012415
0.000920
0.002873
0.005961
0.007763
0.009411
0.005013
-0.003527
-0.015679
-0.017363
0.003909
0.011863
0.014650
0.012186
0.011960
0.011566
0.003394
0.000245
0.005968
0.012650
0.002474
-0.003059
0.006804
0.011242
-0.003398
-0.013191
-0.002388
0.011764
0.012342
0.012964
0.011678
0.013755
0.012599
0.003346
0.007988
0.022057
0.011242
0.012964
0.027617
0.048492
0.084431
0.095202
0.087016
0.046017
0.082731
0.085262
0.051255
0.053014
0.043420
0.056828
0.035801
0.054861
0.074601
0.135284
0.198826
0.249170
0.337262
0.358607
0.392662
0.312036
0.282184
0.204935
0.073265
0.066867
0.058349
0.032809
0.014260
0.010875
-0.002292
-0.007039
0.001792
-0.020548
-0.014497
-0.023206
0.009461
-0.003101
-0.025711
-0.050616
-0.025665
-0.017119
-0.000306
-0.012173
-0.018264
0.006494
-0.029323
-0.046131
-0.009775
-0.026364
-0.032872
-0.044239
-0.000971
-0.007255
-0.024910
-0.038503
-0.012162
-0.010466
0.006747
-0.012470
-0.006962
0.004449
-0.014567
-0.023285
-0.004550
-0.014306
-0.029500
-0.016749
0.003292
0.013663
0.014507
0.012517
0.014009
0.020970
0.017780
0.027343
0.040760
0.059510
0.064524
0.094774
0.134196
0.161823
0.220065
0.242406
0.251104
0.180438
0.165950
0.147389
0.057675
0.052470
0.038871
0.029942
0.022432
0.026541
0.034789
0.037415
0.018347
0.001420
-0.006905
-0.010075
0.001348
0.008314
0.019532
0.014435
0.013087
0.010565
0.008924
-0.005345
-0.000106
0.005150
0.001243
-0.000934
0.004425
-0.000248
-0.010768
-0.008633
0.002562
0.014137
0.012698
0.011219
0.011283
0.016832
0.012830
0.005104
0.011706
0.019364
0.010566
0.010714
0.013645
0.000758
0.001619
0.010631
0.011943
0.008321
0.017536
0.032509
0.029158
0.026161
0.023882
0.019501
0.012737
0.024975
0.032730
0.044388
0.043015
0.028317
0.042404
0.063094
0.067103
0.050278
0.059822
0.068962
0.049359
0.051562
0.036391
0.033213
0.029993
0.043369
0.038167
0.041077
0.039040
0.033620
0.017117
0.017844
0.025343
0.034028
0.039871
0.044510
0.046596
0.047608
0.036449
0.038742
0.034975
0.034198
0.026234
0.026383
0.030394
0.034456
0.023985
0.021371
0.018211
0.026778
0.036148
0.048316
0.038959
0.032608
0.024864
0.023457
0.024359
0.023802
0.013609
0.013041
0.014701
0.025174
0.016636
0.001153
0.008256
0.014452
0.011031
0.014422
0.007915
0.014102
0.007298
-0.003919
-0.001056
0.002868
-0.003716
-0.007996
-0.001077
0.006279
-0.010930
-0.012661
0.003847
0.020522
0.013145
0.012339
0.011077
0.015118
0.011283
0.008566
0.014895
0.021549
0.023717
0.028749
0.037153
0.044211
0.075407
0.086431
0.088227
0.050743
0.062158
0.062050
0.031697
0.028005
0.021882
0.013904
0.011736
0.013079
0.013022
0.009514
0.011825
0.000634
-0.003211
-0.004577
-0.001961
-0.001152
0.006949
0.010453
0.018247
0.017033
0.012825
0.003907
0.007926
0.018100
0.018093
0.009733
0.008816
-0.002742
0.001108
0.005283
0.006080
0.003994
0.019353
0.011590
0.021191
0.021899
0.012912
-0.002792
-0.001494
-0.002890
-0.005684
-0.006059
0.002406
-0.007087
-0.007659
-0.013837
-0.000828
-0.003926
-0.006710
-0.016404
0.000002
-0.001252
0.008539
0.001424
0.006076
0.003856
-0.012356
-0.010219
0.002026
-0.006211
-0.005192
-0.015207
0.002671
-0.002061
-0.009942
-0.017654
-0.005481
-0.000305
0.018716
-0.004026
-0.006160
0.005887
-0.001014
-0.012265
0.001171
-0.009601
-0.014863
-0.009369
0.006227
0.003075
-0.003750
-0.003652
0.012995
0.016281
0.023163
0.010947
-0.000603
0.009276
0.004720
-0.002554
0.004224
-0.000651
-0.007192
0.000603
0.017122
0.016340
0.020731
0.020596
0.026682
0.028876
0.028931
0.016053
0.005991
0.011424
0.018081
0.019947
0.013922
-0.001015
-0.004704
0.000029
0.007380
0.008716
0.016550
0.025673
0.029371
0.024524
0.011666
0.002719
0.004967
0.014252
0.012347
0.013182
0.012752
0.010195
0.012839
0.010662
0.004621
0.004078
0.016592
0.025352
0.022796
0.022955
0.013007
0.002158
0.006657
0.014742
0.010441
0.008565
0.005255
0.007610
0.001963
0.001352
0.009540
0.017192
0.023047
0.017061
0.024598
0.021709
0.007410
0.003812
0.011839
0.016575
0.019823
0.031472
0.035176
0.043635
0.084840
0.097625
0.098654
0.060022
0.084598
0.077087
0.036996
0.032692
0.029199
0.021895
0.015064
0.019237
0.033517
0.064127
0.066044
0.077458
0.126955
0.146667
0.162158
0.113217
0.128730
0.115629
0.052581
0.053424
0.043480
0.035904
0.022632
0.029580
0.048848
0.065769
0.062019
0.051496
0.075772
0.093145
0.107400
0.079721
0.091550
0.088367
0.040470
0.032898
0.029493
0.020548
0.015058
0.013830
0.012667
0.015106
0.006539
-0.000675
-0.005134
-0.007452
-0.001672
0.004861
0.012234
0.011294
0.011104
0.005960
0.000656
-0.005330
0.002945
0.005886
-0.003584
-0.006386
-0.005880
-0.006108
-0.004029
-0.008520
-0.002242
0.002924
0.010057
0.012324
0.004266
0.000459
0.006343
-0.001376
-0.002541
-0.003669
0.000403
0.005827
0.006896
0.004556
0.022544
0.025523
0.035378
0.027658
0.041797
0.045309
0.028568
0.030958
0.019079
0.015316
0.016959
0.028490
0.038314
0.042925
0.032435
0.020240
0.038197
0.047662
0.053503
0.039518
0.060529
0.053226
0.022688
0.026768
0.036767
0.034452
0.020595
0.029395
0.044826
0.058804
0.051146
0.056939
0.094545
0.094766
0.075669
0.040946
0.086746
0.087085
0.043784
0.051550
0.032532
0.023843
0.020516
0.044860
0.051867
0.076346
0.081185
0.087390
0.127886
0.144193
0.161912
0.108437
0.119573
0.105779
0.040695
0.043552
0.038815
0.029097
0.018892
0.020061
0.030406
0.043763
0.035273
0.020160
0.050726
0.067702
0.077835
0.050629
0.067314
0.066463
0.030004
0.025701
0.024775
0.017876
0.003759
0.008725
0.018687
0.023366
0.010019
-0.003302
0.000405
0.002266
0.003470
0.005993
0.011873
0.012273
0.017860
0.019291
0.013550
0.001317
0.003369
0.012404
0.019549
0.021830
0.018463
0.006473
0.028576
0.043563
0.057946
0.033066
0.049978
0.051755
0.029930
0.025120
0.023198
0.018771
0.012818
0.012796
0.025876
0.056721
0.082819
0.102301
0.172070
0.201587
0.207416
0.139741
0.127071
0.106618
0.037228
0.034703
0.028098
0.008066
0.007543
0.021498
0.026528
0.030249
0.018357
0.005541
0.010705
0.017432
0.016367
0.006698
0.018112
0.030073
0.029987
0.025589
0.019545
0.015620
0.011982
0.013707
0.013721
0.010517
0.007623
0.010485
-0.007752
-0.004930
0.009006
0.022990
0.027696
0.030975
0.038573
0.056077
0.064515
0.076702
0.084000
0.071374
0.062204
0.068690
0.059545
0.070647
0.083721
0.114332
0.123305
0.109433
0.089085
0.084710
0.090627
0.096939
0.085187
0.079109
0.063773
0.048819
0.036161
0.035826
0.031252
0.033444
0.030879
0.030197
0.024107
0.027842
0.035387
0.042004
0.038331
0.032133
0.020784
0.010070
0.008229
0.015776
0.010685
0.013850
0.011433
0.016046
0.007038
0.001682
0.009450
0.021978
0.025214
0.024615
0.023377
0.031516
0.039377
0.037675
0.032982
0.060992
0.093401
0.157179
0.238145
0.309891
0.393214
0.411406
0.416771
0.315110
0.283011
0.218243
0.107968
0.103306
0.082950
0.050611
0.031655
0.042715
0.045938
0.042717
0.031698
0.017582
0.015531
0.008666
0.018376
0.014474
0.030375
0.037693
0.030890
0.026202
0.034469
0.017765
0.004169
0.006849
0.009409
0.013449
0.009577
-0.000277
0.006871
0.009230
0.001972
0.001188
0.028253
0.036351
0.019840
0.025345
0.027943
0.012764
0.013052
0.022686
0.038815
0.057050
0.053973
0.033577
0.069973
0.101203
0.135574
0.090958
0.095881
0.094163
0.047796
0.042680
0.033310
0.027754
0.020544
0.026282
0.034537
0.053500
0.047044
0.036926
0.059504
0.077859
0.084740
0.052809
0.056120
0.065004
0.035577
0.036326
0.026067
0.014929
0.012510
0.025758
0.035292
0.052148
0.043389
0.044384
0.069226
0.088563
0.091472
0.062006
0.078700
0.076005
0.034314
0.032895
0.024543
0.018290
0.021734
0.028845
0.030884
0.039219
0.042715
0.025824
0.021727
0.029368
0.027410
0.021162
0.045752
0.053330
0.039298
0.028422
0.017558
0.017073
0.016409
0.014546
0.012236
0.013446
0.015949
0.007211
0.003136
0.004592
0.010168
0.014897
0.025897
0.025012
0.017063
0.012950
0.009001
-0.002226
-0.000686
0.006397
0.004462
0.000243
0.009117
-0.000128
-0.011471
-0.011602
-0.001599
0.002795
0.004751
-0.000177
0.005126
0.010259
0.006608
-0.003684
0.001978
0.005967
0.013571
0.006158
0.005277
-0.002672
0.006386
0.008033
0.008638
0.008115
0.022371
0.023793
0.020416
0.015226
0.019174
0.006528
0.006105
0.006431
0.001039
-0.005427
0.003904
0.000154
-0.011721
-0.012301
-0.001536
0.006048
0.008679
0.003941
0.013104
0.014284
0.010127
0.000607
0.005462
0.014908
0.015311
0.017484
0.022601
0.021695
0.042562
0.051861
0.058262
0.037400
0.063706
0.062220
0.033614
0.034249
0.017275
0.003386
0.010827
0.019813
0.018156
0.018402
0.014502
0.005191
0.014032
0.015699
0.009829
0.006152
0.026746
0.032452
0.025170
0.018338
0.006129
-0.000104
0.002707
0.002528
0.003624
0.000752
0.006147
0.003207
-0.008141
-0.012006
0.000819
0.009560
0.014470
0.013571
0.013419
0.012373
0.007895
0.001564
0.002366
0.008815
0.016153
0.013184
0.012266
0.000401
0.000577
0.006723
-0.000663
-0.005336
0.011988
0.016048
0.017005
0.012145
0.007982
0.000527
-0.000128
0.001465
0.005743
0.002412
0.003930
0.001791
-0.011012
-0.014208
-0.001116
0.010473
0.016346
0.014683
0.014954
0.015133
0.007841
0.005263
0.013415
0.022086
0.022769
0.026303
0.028839
0.027758
0.058078
0.075590
0.081803
0.056581
0.083280
0.076219
0.037885
0.030751
0.022145
0.025742
0.020752
0.024119
0.017937
0.014031
0.008262
0.008680
0.011897
0.005892
0.006203
0.013682
0.022758
0.022615
0.029203
0.032886
0.020707
0.007237
0.005315
0.013535
0.013583
0.013935
0.008915
0.002318
-0.000308
0.000165
0.008559
0.009556
0.016858
0.022839
0.025727
0.020344
0.006156
0.000581
0.004574
0.010211
0.010495
0.006904
0.010361
0.010090
-0.004679
-0.007570
0.005199
0.012448
0.019242
0.016253
0.012572
0.014454
0.019923
0.010346
0.001094
0.010676
0.014792
0.022498
0.026616
0.020193
0.045423
0.077258
0.103046
0.064800
0.073613
0.077233
0.037522
0.034177
0.024907
0.013914
0.018091
0.026895
0.027738
0.027278
0.022520
0.019009
0.023144
0.022280
0.036879
0.028421
0.035963
0.048238
0.029773
0.023682
0.021857
0.015169
0.011029
0.010439
0.018288
0.015065
0.016187
0.003478
-0.011640
-0.012473
0.002541
0.009301
0.012334
0.009265
0.008936
0.013671
0.016431
0.009888
0.012200
0.023012
0.025535
0.047796
0.056108
0.067351
0.140309
0.182816
0.192177
0.121109
0.122545
0.109700
0.044713
0.045220
0.032238
0.026468
0.018819
0.028471
0.040746
0.059276
0.037793
0.034550
0.075107
0.079674
0.082024
0.043014
0.077466
0.076486
0.030771
0.030632
0.026602
0.012408
0.004367
0.017676
0.021945
0.025372
0.021676
0.021258
0.032976
0.031306
0.029296
0.015509
0.054227
0.054385
0.031212
0.033359
0.025797
0.014461
0.009162
0.013205
0.023716
0.029026
0.020678
0.014959
0.036432
0.050205
0.059408
0.043610
0.067404
0.066747
0.031074
0.032860
0.027661
0.025060
0.011741
0.018918
0.024600
0.042134
0.041312
0.043980
0.075243
0.069989
0.073006
0.038802
0.066043
0.073544
0.032032
0.027213
0.016158
0.003028
0.006864
0.011949
0.008865
0.003782
0.010673
-0.003390
-0.022787
-0.022371
0.006220
0.008902
0.011324
0.012557
0.011432
0.010993
0.011359
0.003370
0.009517
0.022194
0.012437
0.007108
0.014678
0.010699
0.007049
0.006550
0.003229
-0.001723
0.010548
0.020795
0.017041
0.018584
0.020041
0.002274
-0.000144
0.010539
0.017180
0.019778
0.025929
0.015760
0.018042
0.033533
0.046811
0.040628
0.052399
0.051130
0.037911
0.040222
0.028654
0.020308
0.016215
0.022949
0.028445
0.033801
0.026273
0.019521
0.013786
0.013728
0.016649
0.019710
0.023368
0.028779
0.025061
0.022051
0.008437
0.002689
0.008219
0.012422
0.008065
0.007004
0.010814
0.007352
-0.002064
-0.001987
0.007585
0.013344
0.017123
0.014526
0.013260
0.010617
0.002952
-0.000754
0.002574
0.008010
0.010863
0.006771
0.005646
0.006091
0.002817
-0.003829
0.002291
0.007194
0.015337
0.019006
0.024851
0.019751
0.009177
0.002498
0.004570
0.003359
-0.001916
-0.007635
0.003643
0.001390
-0.006770
-0.011073
-0.001511
0.003330
0.004734
0.002866
0.015121
0.015268
0.015565
0.012407
0.009910
0.011728
0.011165
0.006014
0.015999
0.010563
0.002872
-0.004264
-0.001793
0.007107
0.021481
0.022345
0.013117
0.010998
0.016809
0.014671
0.013656
0.016033
0.009113
0.008675
0.013737
0.008078
0.003576
0.002527
-0.004313
-0.008487
0.003665
0.007801
0.007347
0.012132
0.006445
0.002293
0.005322
0.024128
0.025085
0.043626
0.064641
0.074929
0.125649
0.145179
0.157109
0.089739
0.097760
0.086549
0.028283
0.034477
0.027248
0.018823
0.013303
0.018731
0.008583
0.006509
0.015260
0.005755
-0.006827
-0.011553
0.003241
0.011754
0.012862
0.002795
0.009312
0.008237
0.002955
-0.004668
0.000012
0.000001
0.000569
-0.006888
-0.002873
-0.006931
-0.005933
-0.002599
0.005200
-0.000905
-0.000426
0.008325
0.018406
0.011269
0.003161
0.000529
-0.001512
-0.001312
-0.002542
-0.006141
0.001197
0.002439
-0.009374
-0.019759
-0.001642
0.006957
0.006710
0.008867
0.010408
0.016056
0.013287
-0.004394
-0.004534
0.005424
0.006018
-0.007662
0.002265
0.002013
-0.012886
-0.014174
0.000103
0.014063
0.019707
0.018927
0.018151
0.018592
0.012089
0.007477
0.011596
0.024214
0.029385
0.038911
0.040152
0.040524
0.083518
0.099452
0.109300
0.067999
0.085640
0.083733
0.043622
0.046662
0.039580
0.023064
0.018855
0.032859
0.043602
0.045215
0.038060
0.028817
0.035316
0.040649
0.052890
0.038683
0.047084
0.053973
0.032548
0.031955
0.012900
0.003949
0.004988
0.008864
0.025344
0.025544
0.016983
0.009084
-0.007482
-0.040548
-0.058979
