-0.006760
0.043290
-0.022684
-0.066967
-0.090568
-0.009711
-0.107306
-0.190080
-0.105717
-0.104402
-0.145371
-0.073386
-0.131538
-0.065714
-0.107476
-0.038624
-0.122809
-0.116462
-0.198608
-0.122407
-0.123366
-0.064779
-0.079071
-0.062383
-0.024603
-0.065111
-0.109532
-0.055798
-0.053812
-0.086900
-0.096353
0.011581
0.016818
-0.002139
-0.007630
0.003382
0.018737
0.045506
0.027670
0.020663
0.041559
0.052662
0.065296
0.109724
0.125494
0.197231
0.290154
0.351956
0.312646
0.262273
0.237496
0.223279
0.229490
0.216888
0.214831
0.230298
0.223154
0.208218
0.206756
0.185888
0.183907
0.203674
0.227693
0.221095
0.203654
0.178870
0.174572
0.163401
0.155594
0.104589
0.066873
0.043301
0.048509
0.033668
0.035141
0.026586
0.036908
0.023913
0.009771
0.018488
0.034217
0.027498
0.010936
0.019403
0.019498
0.015646
0.014868
0.014715
0.014059
0.006464
-0.003389
0.008752
0.014950
0.007801
0.001391
0.016916
0.032605
0.023971
0.008628
0.022550
0.038124
0.044378
0.031804
0.035163
0.051912
0.033481
0.012505
0.014704
0.015758
0.008215
-0.002517
0.021086
0.013686
-0.006860
-0.025363
-0.000671
-0.007267
0.006233
0.001432
-0.019441
-0.012383
-0.043873
-0.055147
-0.014069
-0.016028
-0.012788
-0.029474
0.011072
0.002730
-0.032886
-0.047271
-0.019141
-0.009202
0.010024
0.001036
-0.009848
0.001048
-0.025518
-0.040255
-0.014927
-0.008252
-0.034053
-0.035317
0.005831
0.023003
0.009391
-0.002188
0.012966
0.025671
0.016112
0.019620
0.034543
0.037694
0.023820
0.002922
0.010061
0.023075
0.027443
0.030003
0.041565
0.052636
0.063763
0.063461
0.064073
0.047440
0.031984
0.034969
0.028847
0.017363
0.022899
0.011921
0.005385
0.009382
0.006331
0.006098
0.021035
0.030248
0.053931
0.069970
0.069572
0.058748
0.057129
0.051360
0.051141
0.053432
0.048056
0.038637
0.023287
0.023087
0.035745
0.029913
0.013328
0.015361
0.041988
0.027814
0.017637
0.022103
0.015081
0.007735
0.012276
0.002836
-0.026328
-0.030412
-0.002831
-0.006942
0.000543
-0.027954
0.012376
-0.010378
-0.026133
-0.047165
-0.009919
-0.026751
-0.002981
-0.019062
-0.030294
-0.016795
-0.040963
-0.069563
-0.033008
-0.025247
-0.021283
-0.033426
-0.002920
-0.008650
-0.028392
-0.024111
0.000452
-0.007854
-0.005157
-0.007962
-0.006679
0.000482
-0.019400
-0.023149
-0.007928
-0.007288
-0.025289
-0.028819
0.006340
0.013199
0.005225
-0.005516
-0.011865
-0.003642
0.021621
0.003986
-0.012070
-0.012298
-0.028317
-0.040320
-0.020162
-0.010825
-0.006669
-0.022145
-0.006530
-0.002849
-0.007850
-0.026685
-0.026836
-0.016246
0.000726
-0.022382
-0.014360
-0.017381
-0.039456
-0.054854
-0.037665
-0.021576
-0.004237
-0.023236
-0.010101
-0.020061
-0.021843
-0.024729
0.001531
-0.010932
0.002008
-0.016164
-0.019683
-0.008860
-0.040133
-0.050440
-0.015920
-0.011365
-0.028269
-0.031405
0.010310
0.031481
0.018267
0.001835
0.008072
0.017654
0.027262
0.024355
0.039887
0.038708
0.003212
-0.014761
0.018896
0.023415
0.010307
-0.012746
0.014433
-0.009719
-0.027230
-0.058626
-0.044033
-0.035151
-0.009278
-0.056527
-0.072477
-0.035339
-0.072714
-0.084260
-0.047152
-0.063274
-0.038599
-0.081401
-0.010769
-0.046801
-0.067161
-0.111115
-0.069391
-0.073593
-0.039498
-0.046340
-0.044528
-0.025433
-0.057319
-0.087643
-0.045979
-0.038902
-0.036562
-0.050186
-0.017305
-0.012047
-0.027948
-0.038746
-0.003699
0.022327
0.038312
0.023882
0.032658
0.035771
0.012274
-0.006329
0.006001
0.004130
0.007648
-0.014389
0.031771
0.019119
0.011708
0.007463
0.008609
0.010642
0.026918
0.012750
-0.001576
-0.000752
-0.016605
-0.034900
-0.016032
-0.013687
-0.018991
-0.016327
0.002158
0.001707
-0.002916
-0.003293
-0.000235
-0.003846
-0.006771
-0.005837
-0.014474
-0.017737
-0.028673
-0.025091
-0.012626
-0.003403
-0.004478
-0.015489
0.003131
0.013188
0.011932
0.006998
0.000508
0.006907
0.011218
-0.002865
-0.001345
0.007341
0.000526
-0.012398
0.003446
0.008993
0.000453
0.004411
0.020925
0.031198
0.028479
0.038073
0.032557
0.041796
0.044142
0.034362
0.043583
0.044582
0.040548
0.040252
0.038654
0.031688
0.044718
0.064927
0.086003
0.087125
0.128383
0.155672
0.173162
0.183642
0.200786
0.174730
0.170611
0.151775
0.140568
0.119327
0.097211
0.085418
0.088343
0.097208
0.081973
0.064200
0.088514
0.091490
0.055251
0.036870
0.034828
0.023463
0.015751
0.010588
0.005644
0.009595
0.015116
0.010928
-0.006690
-0.006536
0.014482
0.032298
0.039934
0.044235
0.035720
0.047770
0.053469
0.044910
0.037037
0.057731
0.059558
0.054240
0.050994
0.043329
0.042010
0.070401
0.092927
0.093302
0.095901
0.094097
0.082862
0.077572
0.049848
0.040424
0.038355
0.046268
0.040654
0.037609
0.035486
0.033272
0.021714
0.020697
0.042459
0.057969
0.068659
0.062986
0.045508
0.034127
0.020293
0.011782
0.006275
0.010023
0.003385
-0.002845
0.020542
0.018950
0.036794
0.011691
0.024542
0.007944
0.014101
-0.015554
-0.030971
-0.027139
0.006358
-0.028308
-0.036864
-0.024156
-0.068048
-0.084072
-0.054160
-0.060642
-0.029064
-0.075651
-0.010251
-0.043332
-0.052816
-0.102907
-0.061844
-0.044425
-0.033618
-0.075572
-0.044138
-0.019839
-0.056562
-0.090328
-0.064708
-0.053496
-0.053646
-0.072377
-0.014490
-0.035655
-0.045772
-0.077522
-0.038960
-0.033259
0.003942
-0.035359
-0.032518
-0.020582
-0.046435
-0.056257
-0.042354
-0.038536
-0.031689
-0.051605
-0.005734
-0.002880
-0.029825
-0.040106
-0.020102
-0.007486
0.000054
-0.020021
-0.018003
-0.005330
-0.027550
-0.042846
-0.025871
-0.018627
-0.026461
-0.030948
0.001918
0.009834
0.001322
-0.012102
-0.001300
-0.003836
0.007186
-0.006651
-0.001456
-0.006232
-0.025948
-0.041722
-0.031671
-0.018361
-0.013857
-0.023473
-0.012137
-0.007701
-0.011741
-0.019290
-0.001784
0.000180
0.015808
-0.009796
-0.009898
-0.006049
-0.028253
-0.033996
-0.022450
-0.024602
-0.017425
-0.023680
-0.005433
-0.007931
-0.018240
-0.027471
-0.002933
-0.010090
0.007534
-0.007416
-0.013531
-0.013830
-0.031611
-0.033651
-0.025236
-0.015527
-0.025929
-0.032801
-0.003212
0.009855
-0.005084
-0.021728
-0.015107
-0.006859
0.008286
-0.015771
-0.015678
-0.002017
-0.021963
-0.043506
-0.014133
-0.008741
-0.006512
-0.012554
-0.010407
-0.011191
-0.014202
-0.026552
0.000306
0.000948
0.000770
-0.012487
-0.005177
-0.001981
-0.014793
-0.027564
-0.014315
-0.014340
-0.013411
-0.015836
-0.006776
-0.002824
-0.007644
-0.018165
-0.005198
-0.005821
0.004823
-0.015691
-0.019071
-0.011094
-0.033319
-0.046357
-0.012738
-0.018986
-0.006845
-0.027168
0.006913
0.000984
-0.023154
-0.055310
-0.015764
-0.014158
0.025834
-0.006708
-0.019635
-0.009378
-0.049481
-0.074585
-0.036333
-0.042086
-0.018047
-0.043815
0.005073
-0.019614
-0.042649
-0.073364
-0.035220
-0.036157
-0.012749
-0.055490
-0.039873
-0.015513
-0.054912
-0.065756
-0.039042
-0.043790
-0.036135
-0.062492
0.000059
-0.002777
-0.024478
-0.073875
-0.036576
-0.024452
-0.015747
-0.049180
-0.034799
-0.023280
-0.069245
-0.100256
-0.064372
-0.064814
-0.026052
-0.074831
-0.006081
-0.032039
-0.068992
-0.114837
-0.051746
-0.059784
-0.031172
-0.065030
-0.051100
-0.035296
-0.073465
-0.118060
-0.074165
-0.086713
-0.039541
-0.101421
-0.020193
-0.056498
-0.084725
-0.136519
-0.082875
-0.062140
-0.032759
-0.073471
-0.045036
-0.010421
-0.055690
-0.087645
-0.040198
-0.056763
-0.060507
-0.067341
-0.020041
-0.037048
-0.049942
-0.084196
-0.021100
-0.014637
0.001642
-0.022704
-0.031535
-0.012226
-0.044017
-0.063208
-0.040175
-0.032626
-0.030903
-0.042099
0.000127
-0.003940
-0.021126
-0.033554
-0.005431
-0.002561
0.009228
-0.011741
0.002463
0.008482
-0.015615
-0.021501
-0.015982
-0.022577
-0.013488
-0.021111
-0.007475
-0.021740
-0.023633
-0.025288
-0.009466
-0.013243
0.018569
-0.011180
-0.013743
-0.006708
-0.024988
-0.038800
-0.024696
-0.023811
-0.014695
-0.022078
-0.004905
-0.010771
-0.019122
-0.021395
-0.011873
-0.010133
0.003925
-0.013204
-0.015288
-0.011444
-0.036731
-0.047910
-0.036174
-0.015791
-0.027903
-0.043085
0.012043
0.023911
-0.003632
-0.028043
-0.031063
-0.023704
0.002721
-0.012805
-0.010413
-0.012909
-0.038300
-0.050649
-0.041266
-0.027441
-0.009810
-0.037088
-0.006771
-0.023946
-0.039418
-0.056569
-0.039530
-0.027753
0.023428
-0.002540
-0.013155
-0.014312
-0.042615
-0.056430
-0.032252
-0.019957
-0.030613
-0.039909
-0.009260
0.001044
-0.000164
0.000886
0.023989
0.021224
0.014074
0.011422
0.013035
0.006798
-0.004323
-0.008425
0.004294
0.014268
-0.006777
-0.003293
0.029438
0.052819
0.062644
0.067729
0.071947
0.072607
0.064361
0.058355
0.069908
0.077313
0.073542
0.047868
0.030649
0.028023
0.025302
0.022761
0.025725
0.016803
0.033989
0.005400
0.003778
0.008964
0.021697
-0.023049
-0.043416
-0.018539
-0.037673
-0.052975
-0.036324
-0.040474
0.021311
-0.026298
-0.017734
-0.041826
-0.059601
-0.095183
-0.051198
-0.058406
-0.039536
-0.071643
-0.057390
-0.026102
-0.063710
-0.083708
-0.048501
-0.062217
-0.043169
-0.062019
-0.016514
-0.024426
-0.044963
-0.068679
-0.028900
-0.026895
-0.005568
-0.026546
-0.011967
-0.001298
-0.033053
-0.042693
-0.020668
-0.021902
-0.047791
-0.043477
0.001754
0.009466
0.000559
-0.013642
-0.019754
-0.008420
0.007211
-0.020185
-0.015933
-0.007032
-0.023884
-0.031228
-0.010973
-0.004973
-0.014867
-0.022330
0.002000
0.010943
0.008592
-0.002673
-0.008746
-0.004724
0.008904
-0.006964
-0.011097
-0.010026
-0.032167
-0.038052
-0.006442
0.002810
-0.011494
-0.017118
0.008473
0.018861
0.005261
0.000776
-0.007081
-0.002659
0.008862
-0.005732
-0.011909
-0.009463
-0.023309
-0.036036
-0.013003
-0.005031
-0.009825
-0.008961
0.010050
0.011175
0.005679
-0.007189
-0.003102
-0.004129
0.007100
-0.003006
-0.000706
-0.004044
-0.028135
-0.026917
-0.020607
-0.015827
-0.015031
-0.016220
0.005456
0.007585
-0.007086
-0.016128
-0.002538
0.001031
0.004787
-0.023023
-0.015862
-0.008577
-0.035513
-0.044822
-0.026513
-0.029885
-0.022958
-0.023837
0.004102
0.002888
-0.012504
-0.034047
-0.021146
-0.018308
0.000839
-0.016797
-0.022366
-0.015202
-0.034477
-0.039457
-0.018375
-0.028305
-0.019842
-0.025737
0.001838
-0.008346
-0.010727
-0.027581
-0.023285
-0.021964
-0.008547
-0.020686
-0.009269
0.002664
-0.024725
-0.032068
-0.009873
-0.005459
-0.017829
-0.020734
0.008676
0.005706
-0.003325
-0.003521
-0.008759
-0.006919
0.002944
-0.018885
-0.025768
-0.009696
-0.031433
-0.036613
-0.019565
-0.029029
-0.028822
-0.022952
-0.004324
-0.007207
-0.001787
-0.023810
-0.009247
-0.005411
0.018108
-0.016425
-0.027780
-0.012876
-0.030950
-0.035865
-0.017422
-0.020075
-0.019150
-0.022728
0.002140
-0.000444
-0.011308
-0.025342
-0.019456
-0.024846
0.001603
-0.004924
-0.002440
-0.011271
-0.031779
-0.050299
-0.013380
-0.022757
-0.021688
-0.023936
0.003361
-0.003178
-0.034620
-0.036244
-0.009919
-0.012956
0.010284
0.004839
0.002393
-0.003718
-0.020599
-0.024981
-0.018370
-0.016767
-0.013871
-0.021981
-0.010770
-0.012634
-0.009893
-0.014395
-0.010871
-0.007982
0.007522
-0.015116
-0.017557
-0.011914
-0.031145
-0.034585
-0.019633
-0.012170
-0.015386
-0.015631
0.001537
0.006918
-0.008654
-0.008122
-0.005060
-0.004275
-0.003995
-0.008326
-0.007483
-0.012875
-0.027207
-0.031455
-0.022198
-0.011981
-0.025623
-0.021657
-0.002298
0.006706
-0.003692
-0.020524
-0.010003
-0.007412
-0.001120
-0.016587
-0.007033
-0.006263
-0.026521
-0.033709
-0.012256
-0.003031
-0.004824
-0.019232
-0.004960
-0.007940
-0.015043
-0.029666
-0.016318
-0.015292
0.007125
-0.016709
-0.008372
-0.000095
-0.030784
-0.039901
-0.021349
-0.015327
-0.017696
-0.029800
-0.006154
-0.003512
-0.010538
-0.017190
-0.006784
-0.011390
0.008945
-0.008909
-0.014585
-0.008691
-0.032495
-0.043920
-0.018846
-0.002137
-0.006339
-0.024374
0.011260
0.014724
-0.000935
-0.021620
-0.021717
-0.013490
-0.003522
-0.015095
-0.015473
-0.012211
-0.042104
-0.054220
-0.026981
-0.016558
-0.032106
-0.026952
0.004811
0.009184
-0.003166
-0.028703
-0.018958
-0.004726
0.000863
-0.027314
-0.017526
-0.007819
-0.030040
-0.037729
-0.013069
-0.008194
-0.021420
-0.023537
0.006265
0.009874
-0.011193
-0.019082
-0.006218
-0.006128
0.004743
-0.002888
-0.005007
-0.008183
-0.024879
-0.036623
-0.019041
-0.010308
-0.012605
-0.019016
-0.004473
0.001153
-0.000307
-0.016876
-0.014441
-0.000556
0.004938
-0.026756
-0.017066
-0.001752
-0.030835
-0.050475
-0.024550
-0.011128
0.000008
-0.018915
-0.004832
-0.002835
-0.010648
-0.022394
-0.002853
-0.006101
-0.001681
-0.019308
-0.015264
-0.010282
-0.033050
-0.037479
-0.018538
-0.020586
-0.027970
-0.044761
-0.000986
-0.003345
-0.017076
-0.036378
-0.008450
-0.008476
0.002133
-0.015654
-0.017001
0.001933
-0.020230
-0.040280
-0.011068
-0.015574
-0.022552
-0.019347
-0.004447
-0.005441
-0.008587
-0.032037
-0.011198
-0.004411
0.006268
-0.013526
-0.013782
-0.003200
-0.017393
-0.029447
-0.027879
-0.030294
0.007975
-0.000485
-0.003327
-0.022358
-0.009131
-0.003600
0.009524
0.001014
0.026505
0.009109
-0.008279
-0.005597
-0.026287
-0.029671
-0.015142
-0.019658
-0.034915
-0.043743
0.014256
0.013351
-0.009756
-0.016174
-0.004739
0.003965
0.018985
0.012301
0.014427
0.031310
0.013285
-0.021612
-0.000179
0.007937
0.006364
-0.010997
0.026832
0.022887
0.026625
0.010076
0.029948
0.012182
0.014083
-0.012191
-0.019643
-0.027292
-0.046563
-0.064065
-0.029868
-0.027137
-0.005772
-0.042753
-0.001439
-0.025443
-0.040482
-0.075720
-0.053187
-0.048618
-0.021576
-0.048780
-0.046486
-0.040233
-0.067722
-0.088901
-0.063661
-0.054220
-0.041214
-0.072967
-0.047637
-0.063574
-0.048409
-0.069915
-0.022441
-0.022896
-0.005859
-0.039931
-0.038603
-0.023464
-0.028576
-0.053022
-0.036058
-0.029133
-0.023752
-0.033536
-0.007135
0.005576
0.008630
-0.004205
-0.006283
-0.008141
0.005843
-0.000088
-0.000274
-0.009936
-0.042046
-0.048940
-0.026178
-0.025678
-0.022586
-0.040304
-0.000804
0.001646
-0.018267
-0.051206
-0.025092
-0.014884
0.005979
-0.004486
-0.016839
-0.018081
-0.043934
-0.047381
-0.034787
-0.030396
-0.027846
-0.048534
-0.007696
-0.011491
-0.022027
-0.053674
-0.029364
-0.034857
-0.008014
-0.020429
-0.013200
-0.017133
-0.040159
-0.059034
-0.030167
-0.029182
-0.017978
-0.040412
0.000891
-0.015258
-0.027191
-0.058297
-0.028883
-0.025128
-0.005084
-0.033619
-0.028956
-0.015631
-0.038398
-0.051812
-0.030106
-0.042865
-0.040481
-0.041239
0.007110
-0.009735
-0.032415
-0.044855
-0.000025
-0.008607
0.009493
-0.003450
-0.009530
-0.009986
-0.027764
-0.033479
-0.026702
-0.014749
-0.018764
-0.031831
0.012516
0.011587
-0.000032
-0.019345
-0.023106
-0.022782
-0.001619
-0.017920
-0.023547
-0.017372
-0.044598
-0.047682
-0.036484
-0.033324
-0.028518
-0.036821
-0.007593
-0.008066
-0.017965
-0.036638
-0.025860
-0.020388
0.016255
-0.017991
-0.026522
-0.011057
-0.029028
-0.045435
-0.027464
-0.025857
-0.017412
-0.021756
-0.003608
-0.009542
-0.022751
-0.023102
-0.001616
0.002564
0.013523
-0.007045
-0.005354
0.000093
-0.013848
-0.026293
-0.004369
-0.010911
-0.018317
-0.019125
0.003532
0.005342
-0.006057
-0.014779
-0.003661
-0.002808
0.019878
-0.004542
-0.011253
-0.004654
-0.025545
-0.026351
-0.011654
-0.012627
-0.015448
-0.019691
0.006387
0.012661
0.001304
-0.002784
-0.004679
-0.006506
-0.004897
-0.017308
-0.017316
-0.001680
-0.024199
-0.034201
-0.023378
-0.011660
-0.013301
-0.022565
-0.002152
0.004442
0.000189
-0.013156
-0.005731
-0.003384
0.006401
-0.013961
-0.008824
-0.001147
-0.016692
-0.024463
-0.004925
-0.013759
-0.019046
-0.017562
0.002150
-0.003840
-0.005383
-0.009527
-0.010647
-0.006158
0.015257
-0.006086
-0.011206
-0.007912
-0.027886
-0.032596
-0.013980
-0.006942
-0.012074
-0.014837
0.003578
0.009816
0.002173
-0.008737
-0.004002
-0.000685
0.002054
-0.013303
-0.011402
-0.001038
-0.026198
-0.031493
-0.003178
-0.008094
-0.026607
-0.023964
0.011876
0.025102
-0.003704
-0.013158
0.004297
0.008933
0.006199
0.002572
-0.002069
0.003781
-0.014003
-0.028713
0.001782
-0.005961
-0.014972
-0.016461
0.000399
-0.008427
-0.006677
-0.019044
-0.010045
-0.008632
0.010928
-0.008564
-0.012997
-0.000007
-0.020588
-0.026327
-0.005964
-0.008929
-0.021381
-0.023797
0.006308
0.009766
-0.005555
-0.012589
-0.001942
0.006349
0.008911
-0.007490
-0.011361
-0.008276
-0.026320
-0.032886
-0.009037
-0.005711
-0.012873
-0.012561
0.005495
0.005410
0.007677
-0.006953
-0.008807
-0.005295
-0.004801
-0.008568
-0.004497
-0.005248
-0.029597
-0.045029
-0.012209
-0.005573
-0.009772
-0.019820
0.000595
0.003417
-0.002380
-0.011485
-0.004421
-0.014426
-0.001301
-0.005706
-0.007471
-0.008897
-0.029478
-0.041820
-0.016317
-0.025877
-0.026973
-0.024057
0.004548
-0.009539
-0.023459
-0.023673
-0.009044
-0.018373
-0.000251
-0.005213
-0.001239
-0.000267
-0.017508
-0.027258
-0.016946
-0.011359
-0.024936
-0.027525
-0.005288
0.004346
-0.000784
-0.005423
0.001558
-0.003423
-0.008826
-0.011717
-0.006682
-0.002761
-0.022886
-0.032174
-0.017004
-0.007606
-0.007032
-0.011187
0.012201
0.015165
0.002383
-0.011056
-0.001871
0.004266
0.009075
-0.000520
-0.002911
-0.000923
-0.024535
-0.036393
-0.024416
-0.013774
0.003862
-0.005682
-0.003593
-0.009702
-0.016195
-0.023969
-0.001463
-0.004398
-0.002926
-0.015798
-0.015696
-0.004133
-0.022870
-0.025228
-0.023666
-0.025928
-0.035266
-0.030799
-0.006214
-0.013000
-0.013209
-0.026684
-0.015704
-0.019969
0.002478
-0.004143
-0.011273
-0.010598
-0.033330
-0.039223
-0.013122
-0.008559
-0.014692
-0.032384
0.003061
-0.001294
-0.015925
-0.036661
-0.011348
-0.007763
0.003739
-0.013226
-0.012285
0.002491
-0.024674
-0.029985
-0.017502
-0.012226
-0.028842
-0.026115
0.002278
0.017743
0.010877
0.008666
0.006767
0.007369
0.008169
-0.001029
-0.002539
-0.001984
-0.008075
-0.015775
-0.003974
-0.005384
-0.016644
-0.012852
0.006055
0.014104
0.000295
-0.003576
-0.001018
0.005264
0.009700
-0.004179
-0.008638
-0.007474
-0.023569
-0.028590
-0.019585
-0.012581
-0.014767
-0.020534
-0.009408
-0.005997
-0.000886
-0.015131
-0.004578
0.000460
-0.001152
-0.025267
-0.012814
-0.003760
-0.022429
-0.026871
0.001566
0.006755
-0.010741
-0.022373
0.005676
0.009786
0.001886
-0.004184
-0.010429
-0.014980
0.002240
-0.002432
0.000106
-0.005302
-0.030932
-0.045300
-0.021367
-0.021894
-0.012286
-0.012530
0.003767
-0.004448
-0.017210
-0.011006
0.005576
0.001088
0.009290
0.001415
-0.005183
-0.002272
-0.006173
-0.007886
-0.003947
-0.011099
-0.023434
-0.022043
-0.000682
0.009399
0.012404
-0.001834
-0.000301
0.000901
0.008491
-0.001429
0.004330
-0.000462
-0.021165
-0.019197
-0.006637
-0.003014
-0.003774
-0.014934
0.001340
0.005321
-0.002907
-0.014965
-0.014160
-0.010401
0.002792
-0.022934
-0.016059
-0.001890
-0.021708
-0.032647
-0.013162
-0.010642
-0.020440
-0.023680
-0.000136
-0.001200
-0.011690
-0.018241
-0.006772
-0.009545
-0.000674
-0.008561
-0.003053
-0.001979
-0.022777
-0.030211
-0.016170
-0.012730
-0.012983
-0.023661
-0.000106
0.000492
-0.001814
-0.014727
-0.006745
-0.006533
0.010450
-0.014093
-0.016531
-0.011983
-0.034027
-0.047778
-0.027208
-0.014706
-0.015706
-0.024813
-0.004445
-0.003367
-0.011827
-0.022585
-0.003994
-0.006812
0.002617
-0.009713
-0.020131
-0.011350
-0.035159
-0.037857
-0.012358
-0.013559
-0.024794
-0.029528
0.004660
0.014269
0.000265
-0.018094
-0.013157
-0.004939
0.004220
-0.005463
-0.003282
0.003866
-0.034092
-0.051059
-0.015852
-0.016540
-0.016472
-0.027034
-0.007192
-0.009267
-0.016929
-0.025732
-0.003385
-0.008735
-0.004606
-0.017264
-0.015922
-0.008787
-0.027970
-0.038402
-0.018596
-0.010393
-0.021027
-0.022489
-0.005231
0.009622
0.006558
-0.016802
-0.011632
-0.002038
0.001802
-0.017178
-0.011539
-0.003317
-0.022583
-0.034263
-0.026356
-0.023738
-0.019969
-0.018153
-0.000352
-0.008190
-0.024386
-0.021641
-0.002990
-0.013965
-0.003549
-0.009614
-0.002767
-0.004997
-0.038715
-0.037491
-0.029665
-0.023373
-0.032481
-0.040974
-0.002519
0.003703
-0.013170
-0.022650
-0.011998
-0.003655
0.013120
-0.005450
-0.003443
-0.002771
-0.024459
-0.031745
-0.012957
-0.013913
-0.026561
-0.025283
-0.003183
0.003789
0.003233
-0.003694
-0.003780
-0.002584
0.005450
-0.012096
-0.010578
-0.001811
-0.026636
-0.025877
-0.004645
-0.014528
-0.006676
-0.006509
0.006236
0.005279
-0.006497
-0.008915
-0.004281
-0.009376
-0.000698
-0.003038
-0.003654
-0.005677
-0.025871
-0.027333
-0.013532
-0.010666
-0.024137
-0.023140
-0.002569
0.002272
0.001959
-0.003583
-0.001549
0.000864
0.012325
-0.004885
-0.012717
-0.013295
-0.032039
-0.036655
-0.024175
-0.018590
-0.011949
-0.020601
0.007342
0.001792
-0.030973
-0.015832
-0.002224
-0.004758
-0.006378
-0.014149
-0.007474
-0.000007
-0.000881
-0.000820
0.003047
-0.008885
-0.041406
-0.059289
-0.053924
