-0.010418
-0.007184
-0.007920
0.016607
-0.024489
-0.022629
0.008337
-0.003718
0.008756
0.004300
0.022308
0.028182
0.034153
0.021900
0.029804
0.029351
0.049730
0.072461
0.088629
0.115607
0.141448
0.179073
0.221018
0.259590
0.305620
0.356082
0.453122
0.573517
0.665844
0.687658
0.671265
0.651158
0.549131
0.436196
0.300348
0.201218
0.173733
0.128516
0.076825
0.068142
0.064187
0.046648
0.059180
0.054140
0.039583
0.021798
0.001285
0.022794
0.029550
0.019750
0.000598
-0.003210
0.010762
0.024906
0.011171
0.004459
0.007961
-0.006456
-0.007878
0.013060
0.013132
0.004365
-0.015299
0.002072
0.002662
0.005140
0.005098
0.013268
0.017266
0.019277
0.013806
0.028992
0.052484
0.040688
0.024434
0.039295
0.035003
0.019994
0.027402
0.064905
0.076506
0.090472
0.095665
0.086273
0.073191
0.061135
0.049234
0.028736
0.018148
0.003139
0.003336
0.002112
0.015524
-0.007538
-0.004743
0.022923
0.049055
0.047100
0.043789
0.045572
0.055269
0.044957
0.051650
0.047687
0.046624
0.038204
0.031226
0.028260
0.037455
0.036478
0.039849
0.041952
0.053794
0.066155
0.069752
0.083995
0.086044
0.076099
0.075102
0.066347
0.067923
0.058142
0.055687
0.043250
0.049379
0.062427
0.078171
0.086541
0.077637
0.085194
0.114461
0.144602
0.152884
0.151435
0.156416
0.147432
0.134509
0.112444
0.102516
0.065756
0.065152
0.078851
0.093244
0.091243
0.089582
0.090413
0.099311
0.096858
0.086627
0.056518
0.051183
0.051707
0.054197
0.045797
0.045665
0.036651
0.042086
0.044137
0.041543
0.037180
0.048621
0.046768
0.052953
0.049977
0.052485
0.032447
0.022267
0.030760
0.044942
0.039391
0.040907
0.036277
0.036345
0.027308
0.029768
0.026113
0.035180
0.042691
0.039244
0.034720
0.027164
0.012770
0.020861
0.029065
0.030340
0.018830
0.011884
0.018848
0.025343
0.017624
0.017551
0.024285
0.015970
0.010757
0.008498
0.025850
0.016137
0.013388
-0.001669
-0.006276
-0.009481
-0.028871
-0.034587
-0.008696
-0.003907
0.003451
-0.012603
-0.006623
-0.007951
-0.026136
-0.044243
-0.025668
-0.013873
0.001200
-0.016339
-0.012848
-0.006658
-0.028532
-0.039647
-0.019495
-0.020318
-0.013303
-0.012549
-0.007710
0.002198
0.010392
0.007564
0.009229
0.020074
0.039762
0.025483
0.013830
0.016754
0.031304
0.029296
0.025393
0.022110
0.059854
0.065014
0.051926
0.032419
0.088304
0.069147
0.049391
0.062704
0.057697
0.045199
0.028544
0.052408
0.079287
0.094795
0.076699
0.123938
0.177426
0.180518
0.207020
0.139032
0.158397
0.120966
0.057185
0.052447
0.037760
0.011147
0.012358
0.008847
-0.001379
-0.023483
-0.016263
-0.011742
-0.007588
-0.018536
0.026115
0.025987
0.011217
-0.014302
-0.000213
-0.004325
0.009811
0.000644
-0.015100
-0.013223
-0.029181
-0.045190
-0.019954
-0.032133
-0.019344
-0.031233
-0.006794
-0.020568
-0.028634
-0.047955
-0.034130
-0.029819
0.006562
-0.000604
-0.006701
0.000801
-0.021854
-0.053604
-0.022594
-0.007765
-0.007078
-0.028134
0.005100
-0.006596
-0.017623
-0.048851
-0.026636
-0.013868
0.003790
-0.024588
-0.028815
-0.031204
-0.051871
-0.072636
-0.047460
-0.038551
-0.031302
-0.061644
-0.016510
-0.032403
-0.047818
-0.058334
-0.044165
-0.031925
-0.015182
-0.038923
-0.029948
-0.019611
-0.048148
-0.062284
-0.020726
-0.014113
-0.028311
-0.038388
0.016993
0.020289
0.010426
0.004565
-0.006157
-0.004757
0.011942
-0.006248
-0.011092
-0.005590
-0.027941
-0.044558
-0.016502
-0.009310
-0.014194
-0.009961
0.024084
0.026726
0.013483
-0.008742
0.005737
-0.000747
0.005172
0.007058
0.010237
-0.021517
-0.034605
-0.042120
-0.010681
-0.020551
-0.003854
-0.030829
0.001107
-0.031766
-0.037311
-0.064598
-0.057476
-0.050747
-0.023959
-0.053754
-0.049689
-0.027376
-0.056472
-0.075918
-0.028855
-0.038202
-0.039061
-0.048929
-0.002193
0.007391
-0.010431
-0.014469
-0.015210
-0.012430
0.002836
0.003119
0.004278
0.022323
-0.000410
-0.020395
-0.002585
0.005846
-0.028268
-0.017959
0.022839
0.039860
0.045351
0.060705
0.066008
0.066797
0.050129
0.052658
0.061093
0.067575
0.060002
0.069523
0.077664
0.073877
0.075385
0.112430
0.128587
0.121983
0.118550
0.147512
0.168740
0.190887
0.213925
0.247935
0.264591
0.316284
0.378500
0.493621
0.612345
0.706549
0.714475
0.707757
0.673005
0.579160
0.476660
0.376762
0.304807
0.269228
0.256935
0.226288
0.209720
0.199614
0.189265
0.181075
0.146658
0.138259
0.126547
0.109439
0.090308
0.093310
0.103228
0.109500
0.118317
0.118105
0.086946
0.072665
0.061400
0.059883
0.043231
0.042380
0.040505
0.045280
0.030404
0.030477
0.034254
0.044850
0.045850
0.050480
0.048626
0.039114
0.018245
0.017004
0.021618
0.021686
0.011438
0.011394
0.013013
0.015426
0.000956
-0.001247
0.013435
0.026931
0.030070
0.031901
0.033214
0.038872
0.042691
0.035318
0.029593
0.034908
0.034482
0.024163
0.017947
0.016756
0.018341
0.023338
0.032404
0.040353
0.058788
0.045813
0.037254
0.029950
0.023503
-0.000650
-0.013502
-0.016371
-0.032424
-0.043698
-0.013051
-0.026487
0.003642
-0.017738
0.013064
-0.015034
-0.025011
-0.075654
-0.047314
-0.042623
-0.013867
-0.036386
-0.032763
-0.010684
-0.050836
-0.075740
-0.032247
-0.045493
-0.038966
-0.069058
-0.002431
-0.020020
-0.046092
-0.067152
-0.009603
-0.016065
-0.005456
-0.013889
0.002823
0.010141
-0.015484
-0.039491
-0.015865
-0.012152
-0.003543
0.003010
0.010502
0.003760
0.031981
0.021926
0.022083
0.020228
0.016891
-0.001010
-0.003810
0.000494
0.004019
0.006774
0.007759
-0.004088
-0.005283
-0.004209
0.005971
0.003275
-0.005329
-0.004480
0.011247
0.007751
0.011783
0.001321
-0.002030
0.000572
-0.003338
-0.010571
-0.000774
-0.001110
-0.008431
-0.006848
0.008531
0.009853
0.001533
-0.000645
0.010658
0.008039
0.009571
-0.003976
-0.000577
0.003046
-0.013944
-0.015494
-0.003491
-0.011723
-0.025713
-0.022706
0.011704
0.011366
-0.005494
-0.014414
-0.000973
0.000697
0.011350
0.000033
-0.002598
-0.007558
-0.023423
-0.035543
-0.008996
-0.003394
0.000710
-0.004880
0.002818
-0.002755
-0.011919
-0.010620
-0.002784
-0.006701
0.004764
-0.012729
-0.015031
-0.002222
-0.022035
-0.030999
-0.017198
-0.013009
-0.022520
-0.029445
-0.002078
0.003103
-0.010728
-0.014393
-0.002074
0.003044
0.012014
-0.005828
0.002797
0.006341
-0.011377
-0.028406
-0.007700
-0.004042
-0.010993
-0.017190
-0.001345
0.000294
0.004531
-0.000760
0.012529
0.016145
0.019575
0.000291
-0.000272
0.007148
-0.005595
-0.014478
-0.014271
-0.012723
-0.003350
-0.004703
-0.007881
-0.005961
0.001375
0.001402
0.011708
0.003416
0.003694
0.003272
-0.002488
-0.008653
-0.015574
-0.020097
-0.004319
-0.011724
-0.001342
-0.005621
0.000848
-0.011919
-0.017748
-0.018030
0.001202
-0.000994
0.020216
0.015916
0.002950
0.012122
-0.004827
-0.022559
-0.016825
-0.003249
-0.000475
0.001107
0.022998
0.029030
0.036794
0.025167
0.033583
0.023873
0.021636
0.009580
0.014487
-0.003090
-0.025818
-0.038215
-0.007051
-0.007015
0.001689
-0.029911
0.010109
-0.006293
-0.023885
-0.039971
-0.022740
-0.024962
-0.007082
-0.015546
-0.019515
-0.002129
-0.030886
-0.056685
-0.024293
-0.012498
-0.035736
-0.038692
-0.000665
0.009848
-0.005680
-0.022247
-0.014058
0.000048
0.015115
0.000088
-0.006759
-0.000499
-0.016064
-0.031090
-0.018291
-0.006768
-0.014222
-0.013303
0.010449
0.008426
-0.005398
-0.008017
0.004170
0.015649
0.022577
0.008769
0.011171
0.032419
0.039876
0.045786
0.053751
0.073357
0.127714
0.127591
0.143377
0.096485
0.136318
0.109730
0.035670
0.039563
0.038628
0.020235
0.010525
0.009642
-0.004776
0.000341
0.008202
-0.005224
-0.013215
-0.007605
0.004443
0.002308
0.000857
-0.012333
-0.001273
0.003478
0.021004
-0.001490
-0.011069
-0.004417
-0.020395
-0.034662
-0.010205
-0.015181
-0.001145
-0.010984
0.000509
-0.014840
-0.030387
-0.034870
-0.001208
0.011883
0.014018
-0.011944
-0.025930
-0.002363
0.011120
0.015174
0.000853
0.014858
0.076946
0.071086
0.073652
0.043595
0.074974
0.053521
0.013318
0.033915
0.035654
0.017392
0.006912
0.027925
0.043530
0.069439
0.060446
0.087349
0.201665
0.189177
0.229714
0.156419
0.168630
0.125769
0.065732
0.060562
0.063335
0.037177
0.022583
0.009792
0.005491
0.008173
0.019701
0.006930
-0.005824
-0.009294
0.011326
0.019858
0.011217
0.015471
0.005662
0.014441
0.016383
0.000650
-0.012342
0.001730
-0.001708
-0.009205
0.005268
0.004298
-0.013150
-0.005939
0.035446
0.058347
0.062199
0.044226
0.032995
0.038582
0.038697
0.033090
0.034287
0.026846
0.022327
0.012070
0.008642
0.019387
0.034914
0.016939
0.005548
-0.006543
-0.002105
-0.010950
-0.009304
-0.011769
0.019734
-0.015805
-0.036165
-0.020782
-0.042963
-0.060549
-0.030568
-0.030142
-0.008497
-0.031263
0.003508
-0.010657
-0.025228
-0.050665
-0.025421
-0.030544
-0.008759
-0.014771
-0.013382
0.001203
-0.026441
-0.052959
-0.025352
-0.026815
-0.012164
-0.019593
0.000925
-0.013783
-0.019983
-0.041565
0.005194
-0.002928
0.018125
0.000377
0.000120
0.011764
-0.012067
-0.031345
-0.017745
-0.011549
-0.000640
-0.006164
-0.003028
-0.014972
-0.002396
-0.012343
0.016508
0.020724
0.025501
0.006022
0.007193
0.023876
0.012503
-0.004684
-0.008510
0.000073
0.018146
0.009194
0.001355
0.006300
0.040494
0.020471
0.023286
0.031580
0.030039
0.011402
0.019031
0.024634
0.007068
0.001587
-0.001205
-0.008393
0.001669
0.005988
0.007201
0.007706
0.015676
-0.010434
0.014593
0.022014
0.022660
-0.004522
-0.002241
-0.001810
-0.021985
-0.037187
-0.030043
-0.025439
-0.012477
-0.023639
-0.008112
-0.008631
-0.006150
-0.015980
-0.000978
0.000015
0.010217
-0.003002
-0.009264
0.005766
-0.003415
-0.013557
-0.015223
-0.012410
0.011286
0.019743
0.018027
0.009310
0.016882
0.002699
0.028082
0.027276
0.027419
0.011584
-0.000128
0.009657
-0.009684
-0.026385
-0.015362
-0.005945
0.010626
0.001639
-0.007063
-0.010649
0.004642
-0.009051
0.008995
0.021641
0.029151
0.001040
0.003073
0.015046
0.002603
-0.014402
0.002629
-0.004259
-0.011181
-0.015737
-0.010656
-0.007930
0.014064
0.011896
0.019674
0.024495
0.025477
0.013852
0.011009
0.015702
0.033079
0.045037
0.058689
0.050730
0.103068
0.139056
0.162502
0.117619
0.120756
0.106749
0.056931
0.042793
0.032017
0.026940
0.022059
0.023998
0.030997
0.032723
0.015037
0.020488
0.055565
0.052989
0.039464
0.031565
0.066675
0.046436
0.040716
0.033416
0.024665
0.015716
0.012546
0.015105
0.009455
0.007308
-0.003447
0.005520
0.025633
0.013622
-0.011302
-0.009211
0.031425
0.008319
0.000512
0.030387
0.036895
0.016293
0.013681
0.031876
0.038752
0.046994
0.038481
0.101018
0.210988
0.187782
0.174426
0.099873
0.167347
0.124302
0.028835
0.044590
0.024890
0.003259
0.001265
0.012058
0.007813
0.002613
-0.008179
-0.011988
0.003196
-0.009145
-0.001566
-0.018623
0.002766
-0.012359
0.004623
0.017688
0.020353
-0.010363
-0.003966
0.003013
-0.007698
-0.014492
-0.000430
-0.021048
-0.024177
-0.007829
0.004032
0.003294
0.028877
0.035514
0.033659
0.021738
0.018220
0.018755
0.014436
0.015568
0.008157
0.002490
0.005222
0.003473
-0.006243
-0.014622
0.009531
0.012761
0.010412
0.014427
0.022603
0.018948
0.022837
0.010023
0.011822
0.015153
0.006634
-0.006206
0.007216
0.006360
0.017288
0.025887
0.036153
0.038206
0.063973
0.052099
0.038828
0.036570
0.037298
0.036508
0.025679
0.027419
0.021412
0.013575
0.023433
0.022203
0.021373
0.010025
0.011916
0.014870
0.037634
0.018222
0.013187
0.022188
0.021452
-0.002178
-0.013759
0.003986
-0.000893
-0.011222
0.006118
-0.006269
-0.004465
-0.005786
-0.004274
-0.014686
-0.004818
-0.020194
0.006676
0.012973
0.012997
0.011513
0.001057
0.017379
0.013486
0.018501
0.023950
0.065009
0.124978
0.115603
0.104963
0.062358
0.107786
0.085473
0.032441
0.027367
0.018793
0.018937
0.009942
0.012040
0.007303
0.006355
0.002708
-0.016599
-0.016304
-0.016033
-0.002639
-0.005235
-0.002286
-0.013469
0.016874
0.023137
0.025803
-0.002617
-0.005842
0.012216
0.003936
-0.014276
-0.009989
-0.012392
-0.003198
-0.003734
-0.003083
-0.007684
-0.001205
-0.002680
0.007739
0.003355
0.023245
0.005076
-0.010899
-0.009593
-0.016327
-0.021618
-0.012961
-0.013403
-0.021162
-0.020073
-0.006165
0.005604
0.011612
0.003523
0.018050
0.019757
0.019038
0.000976
0.000957
0.005396
-0.005439
-0.034358
-0.010773
-0.003174
-0.005106
-0.005047
0.010431
0.003904
-0.002447
-0.012806
0.015787
0.019174
0.026465
0.024774
0.028879
0.035036
0.040624
0.054008
0.062900
0.094676
0.187626
0.173602
0.199931
0.134967
0.168331
0.142149
0.051024
0.042030
0.044464
0.015642
0.004867
-0.000008
-0.022387
-0.020779
-0.000429
-0.006097
-0.024097
-0.026563
-0.000498
0.011940
0.006460
-0.005259
-0.001621
-0.000401
0.006444
0.012142
0.003722
0.005564
-0.004863
-0.009806
0.007617
0.003417
-0.018726
-0.010507
0.011138
0.034157
0.045256
0.046249
0.038635
0.029675
0.030323
0.041733
0.034133
0.022047
0.011103
0.012436
0.019395
0.022102
0.015427
0.008440
0.020015
0.017839
0.019352
-0.006886
-0.013249
-0.007752
0.003891
-0.023949
-0.041591
-0.016470
-0.057714
-0.073111
-0.036446
-0.028302
-0.013555
-0.033192
0.002283
-0.000368
-0.027585
-0.050799
-0.020671
-0.003174
0.010358
0.005777
0.019703
0.067993
0.072092
0.096968
0.126535
0.175082
0.242920
0.269961
0.327933
0.225437
0.237065
0.191939
0.065943
0.066244
0.065510
0.056200
0.039885
0.058237
0.076396
0.100048
0.083032
0.069986
0.102453
0.086051
0.087045
0.057515
0.108640
0.091671
0.048028
0.045475
0.037079
0.023689
0.016640
0.014800
0.002956
-0.008275
-0.004497
0.007676
0.002533
-0.004949
-0.007727
-0.007148
0.010206
0.004465
0.012354
0.008194
0.024355
0.027139
0.009957
-0.002503
-0.009610
-0.015411
-0.002118
0.001833
-0.011961
-0.010175
0.016029
0.031065
0.018589
0.014541
0.006478
0.012002
0.012911
0.006069
0.004087
0.000631
-0.010246
-0.011737
-0.001333
0.001608
-0.006070
-0.006322
0.005349
0.018929
0.017130
0.010402
0.008226
0.013790
0.005702
-0.009867
-0.005473
0.000212
-0.009079
-0.022306
0.003421
0.013504
0.001401
-0.005859
0.002159
0.010755
0.023330
0.018872
0.004041
0.007688
0.018990
-0.002640
-0.019849
-0.007613
-0.010497
-0.014518
-0.003011
-0.003667
-0.004047
-0.003106
0.008249
0.014881
0.013575
0.004151
0.021921
0.017296
0.011420
0.004471
0.011301
0.011992
-0.002208
-0.014966
-0.008463
-0.001275
0.005709
-0.006211
-0.010034
-0.007174
0.000433
-0.009521
0.012843
0.014206
0.009628
-0.003428
0.004619
-0.003109
-0.009642
-0.010467
-0.002275
-0.010528
-0.001363
-0.008439
-0.000967
-0.006937
-0.017505
-0.023974
0.003368
0.010804
0.019202
-0.000239
0.000371
0.010292
0.010419
-0.000724
-0.000401
0.001535
0.019761
0.021326
0.023456
0.025143
0.079114
0.059391
0.044693
0.042470
0.029404
0.023569
0.018446
0.033094
0.025221
0.035940
0.026697
0.038026
0.085017
0.079113
0.086699
0.057928
0.097291
0.078056
0.035662
0.043892
0.036812
0.003861
-0.007562
0.010912
0.011244
-0.002135
0.001187
-0.011740
-0.005557
0.002819
0.010533
0.005612
0.023661
0.031438
0.042264
0.028397
0.022916
0.031419
0.024768
0.014643
0.012620
0.006209
0.005776
0.001315
-0.000489
-0.008014
0.006785
0.012558
0.012365
0.004348
0.003720
0.014795
0.032269
0.010561
0.001699
0.005037
-0.009155
-0.023583
-0.003130
-0.001252
0.009549
-0.003398
-0.001404
-0.007912
-0.016375
-0.007015
0.007766
0.000665
0.017537
-0.000175
-0.009508
-0.005455
-0.010754
-0.024812
-0.007864
-0.011572
-0.014522
-0.011253
0.004719
-0.000950
-0.000512
-0.012409
0.010961
0.014798
0.016250
-0.000270
0.001708
0.007302
-0.005848
-0.014483
-0.003272
-0.002025
0.006925
0.006876
-0.002122
0.006663
0.041650
0.027471
0.022253
0.017318
0.011365
0.002900
0.006875
0.005266
-0.011469
-0.018708
-0.005658
-0.004197
0.016994
-0.005096
-0.008338
-0.015967
-0.024516
-0.044037
0.001940
0.006378
0.004063
0.002958
0.010005
0.021355
0.018683
0.013970
0.000599
0.018999
0.035889
0.017088
0.015276
0.006918
0.042805
0.015903
0.021168
0.021591
0.027802
0.017332
0.006811
0.015775
0.022344
0.032654
0.019582
0.023637
0.074860
0.070178
0.069933
0.040390
0.080268
0.056592
0.038998
0.042706
0.033677
0.015566
0.014741
0.002889
-0.008678
0.001756
0.001061
-0.008285
-0.008691
-0.024655
-0.010051
-0.001624
0.004284
-0.011403
0.004900
0.004063
-0.002186
-0.017425
-0.011318
-0.001453
-0.017811
-0.029085
0.004873
-0.002111
-0.003124
-0.000597
0.012128
0.008640
-0.002292
-0.021879
0.007563
0.014220
0.017909
-0.000550
-0.005724
-0.001816
-0.018606
-0.025520
-0.003587
-0.014703
-0.000009
-0.016273
-0.001481
-0.014852
-0.028482
-0.038662
-0.016098
-0.006914
-0.010245
-0.023107
0.001825
0.007419
-0.012871
-0.026865
-0.019579
-0.019976
-0.015074
-0.029564
-0.005367
-0.017808
-0.029967
-0.034292
-0.006167
-0.004770
0.011031
-0.006813
-0.000892
0.006836
-0.009566
-0.023474
-0.003611
-0.008054
-0.017935
-0.019486
0.006935
0.011619
0.005593
-0.007454
0.005174
0.013121
0.011549
-0.014744
-0.008176
0.002899
-0.011589
-0.021004
-0.006050
-0.008721
-0.008032
-0.007532
-0.002276
0.002372
-0.001643
-0.006018
0.014348
0.016641
0.009746
-0.001563
0.002921
0.009896
0.006642
-0.005107
-0.007291
-0.000488
0.038144
0.027008
0.013412
0.006964
0.050564
0.027997
0.025247
0.024078
0.032424
0.005923
-0.001120
0.002065
-0.000200
-0.006949
-0.017024
-0.009040
0.004222
0.006044
0.004075
0.009604
0.035640
0.012216
0.026183
0.039207
0.032695
0.010592
-0.003583
0.014081
0.034835
0.028252
0.016407
0.033626
0.089734
0.077914
0.088412
0.051662
0.108934
0.091617
0.035114
0.031253
0.034840
0.025729
0.013007
0.007001
-0.008676
-0.014754
-0.002918
-0.013124
-0.019875
-0.027005
0.002790
0.005134
-0.001840
-0.020159
0.003358
0.012266
0.018506
0.003644
0.008537
0.014476
0.018033
0.012259
0.004740
0.008481
0.041543
0.030326
0.025831
0.010470
0.047237
0.043459
0.023975
0.023493
0.017921
0.006314
0.002209
0.007826
-0.011307
-0.013527
0.002826
0.006200
-0.004873
-0.018949
-0.013916
-0.002889
0.000736
-0.005858
0.005918
0.013450
0.013563
-0.006895
-0.002515
0.002046
-0.009772
-0.013864
0.000219
0.003326
-0.013676
-0.017884
0.007517
0.022945
0.007722
-0.003522
-0.000602
0.010083
0.008826
-0.002004
-0.006556
-0.011399
-0.026696
-0.031435
-0.011710
0.001962
0.002485
-0.015402
-0.009109
-0.002124
0.003872
-0.014857
-0.011967
-0.013384
0.000267
-0.003117
0.005370
0.006746
0.001261
-0.007270
-0.007374
0.002466
0.047805
0.037308
0.028010
0.016348
0.063369
0.046518
0.029996
0.033750
0.027100
0.005376
0.004833
0.013192
0.006475
-0.003272
-0.007351
-0.002664
0.006405
-0.000180
-0.004879
-0.007488
0.003553
-0.000420
0.023870
0.021754
0.019573
0.012093
0.010611
0.019361
0.022079
0.024746
-0.000414
0.002469
0.034088
0.034870
0.035706
0.029124
0.074503
0.059656
0.026769
0.034344
0.041458
0.020923
0.015896
0.021807
0.021511
0.022153
0.015236
0.017029
0.043628
0.048655
0.066271
0.059637
0.086051
0.065028
0.040704
0.047794
0.041306
0.038418
0.053567
0.063025
0.054958
0.054836
0.023586
0.028315
0.049420
0.029867
-0.001476
0.005995
0.053257
0.043815
0.034653
0.026644
0.020796
0.024513
0.010680
0.020288
0.003479
-0.008609
-0.011366
0.007188
0.019212
0.002624
0.001010
0.018866
0.035934
0.029126
0.034142
0.041256
0.035541
0.026368
0.017058
0.031109
0.020501
0.008109
0.009682
0.016796
0.012894
0.001561
0.006360
0.005498
0.017336
0.001681
0.010388
0.014610
0.022817
0.009570
-0.006130
-0.001956
-0.011074
-0.019238
-0.000797
-0.000916
0.002168
-0.008741
-0.001811
0.005111
0.006481
-0.013050
0.018884
0.029687
0.028913
0.014210
0.007545
0.024694
0.018140
0.004915
-0.020898
-0.001170
0.016024
0.008403
0.000876
0.002468
0.024994
0.002165
0.026616
0.034152
0.036414
0.025817
0.029853
0.052636
0.056329
0.062791
0.058623
0.053764
0.100118
0.101351
0.091097
0.034555
0.099944
0.089401
0.038907
0.029211
0.027885
0.011880
0.004258
0.015501
0.001121
-0.013845
-0.000126
0.007505
-0.013887
-0.018195
0.018521
0.029875
0.013119
0.024582
0.022433
0.027062
0.016817
0.013748
0.018117
0.028999
0.034012
0.023753
0.022862
0.023103
-0.006409
-0.044673
-0.054520
