-0.008349
-0.003822
-0.009063
0.008258
-0.029450
-0.021147
-0.010406
-0.011885
-0.002166
-0.013817
-0.008572
0.003542
0.006565
0.002678
0.001144
0.011322
0.006675
0.006182
0.018621
0.021117
0.019286
0.022024
0.009516
0.003245
0.014942
0.017304
0.009984
0.014512
0.012494
-0.014007
-0.009330
0.022013
0.036332
0.032508
0.040285
0.032509
0.031006
0.029944
0.029644
0.018969
0.026379
0.018803
0.016276
0.023061
0.033578
0.018270
0.017401
0.021883
0.034279
0.044081
0.052171
0.043307
0.045623
0.035636
0.036540
0.035704
0.041876
0.018963
0.015785
0.019839
0.035069
0.019904
0.007911
0.018090
0.027941
0.017583
0.033986
0.036256
0.040542
0.040822
0.035153
0.027717
0.036707
0.030908
0.034070
0.044625
0.046967
0.057063
0.097255
0.119524
0.102020
0.091833
0.097892
0.098561
0.093195
0.078220
0.069391
0.051267
0.040798
0.033947
0.041493
0.032819
0.041395
0.035177
0.034880
0.037034
0.049830
0.047859
0.052954
0.065092
0.071655
0.059696
0.067296
0.066746
0.073215
0.063109
0.068791
0.056375
0.056450
0.070001
0.089753
0.110911
0.103023
0.094171
0.094183
0.068400
0.058983
0.049232
0.034868
0.021996
0.020956
0.018711
0.022664
0.027927
0.026242
0.017827
0.012774
0.022276
0.024166
0.025856
0.035398
0.024868
0.011431
0.015364
0.017952
0.009050
0.006367
-0.001229
-0.006287
0.000420
0.005498
-0.005386
-0.003923
0.020457
0.035817
0.034752
0.037097
0.036044
0.041860
0.033780
0.027464
0.030627
0.043347
0.040058
0.038022
0.030844
0.028424
0.042045
0.064160
0.083953
0.076143
0.073812
0.078093
0.070966
0.071529
0.057510
0.038324
0.034293
0.037840
0.035572
0.039180
0.023290
0.025820
0.032580
0.029706
0.024239
0.032901
0.037211
0.040089
0.049050
0.044007
0.020969
0.017700
0.025374
0.033656
0.028626
0.025604
0.034377
0.035431
0.027400
0.036424
0.059224
0.059575
0.058930
0.052354
0.050133
0.044439
0.026101
0.016595
0.010568
0.016797
0.013510
0.009277
0.005364
0.016467
0.013565
0.004936
0.005547
0.015721
0.025986
0.021984
0.022431
0.017359
0.012935
-0.002583
-0.000559
0.002311
-0.007328
-0.018367
-0.008297
0.000989
-0.004537
-0.013398
0.001845
0.000773
-0.005464
-0.004688
0.012193
0.008855
0.005757
0.001999
0.003767
0.002216
-0.007715
-0.011623
-0.007250
-0.003380
-0.016334
-0.015987
0.005702
0.017212
0.014763
0.014437
0.011272
0.007686
0.002952
0.005085
0.003585
0.002922
-0.006226
-0.013801
-0.005912
-0.003362
-0.001892
-0.008056
-0.004604
-0.004735
-0.002709
-0.012375
0.000616
-0.008466
-0.010146
-0.020794
-0.005496
-0.008309
-0.020005
-0.024110
-0.005189
-0.011558
-0.000125
-0.014822
0.011324
-0.007588
-0.032517
-0.026290
-0.006371
-0.013691
0.011717
-0.004571
-0.015580
-0.000381
-0.026902
-0.040261
-0.005434
-0.013135
-0.042230
-0.027739
0.013288
0.024539
-0.005924
0.000746
0.008220
0.033539
0.029523
0.022406
0.033062
0.058343
0.052293
0.051703
0.073054
0.077644
0.094960
0.138457
0.156316
0.136134
0.103119
0.094090
0.078398
0.089283
0.093083
0.086399
0.076299
0.067625
0.073257
0.100480
0.112766
0.154451
0.187251
0.206114
0.215035
0.191993
0.151191
0.134294
0.127109
0.133317
0.115649
0.086619
0.061111
0.048320
0.053673
0.055779
0.038881
0.044841
0.052872
0.049139
0.038482
0.035613
0.043897
0.042118
0.053328
0.073391
0.095881
0.100927
0.096158
0.089578
0.071505
0.069525
0.065542
0.076295
0.097628
0.118378
0.116419
0.102561
0.088935
0.092011
0.098802
0.103575
0.089386
0.085422
0.060072
0.054899
0.048090
0.055622
0.042919
0.049528
0.057923
0.061606
0.069946
0.072953
0.075037
0.073097
0.056503
0.045902
0.024448
0.020463
0.020687
0.019006
0.008461
0.011395
0.018736
0.023421
0.012071
0.003601
0.012633
0.013947
0.007983
0.019243
0.016306
0.023779
0.026566
0.017867
0.016993
0.029779
0.015485
-0.000245
0.018005
0.018628
-0.007575
-0.013353
0.006563
0.023222
0.022394
0.021013
0.022118
0.030337
0.010642
-0.000972
0.008168
0.021297
0.010825
0.005758
0.008092
0.023035
0.003368
0.004455
0.035450
0.060400
0.077369
0.108067
0.135581
0.170018
0.209933
0.258395
0.283204
0.335293
0.406694
0.536131
0.665571
0.767935
0.773580
0.751002
0.732165
0.641031
0.531225
0.393794
0.277252
0.237591
0.199533
0.118063
0.078230
0.072524
0.072483
0.074800
0.052637
0.043611
0.023510
0.003464
0.012025
0.029184
0.044358
0.056818
0.040046
0.045739
0.049331
0.036561
0.035538
0.050082
0.040066
0.035203
0.035298
0.044915
0.061758
0.076527
0.087241
0.085545
0.074499
0.068875
0.054563
0.045417
0.024177
0.016060
0.010823
0.017890
0.023343
0.028816
0.023691
0.022855
0.002944
0.010582
0.029016
0.044434
0.043114
0.045294
0.040610
0.029904
0.015654
0.014157
0.018649
0.016560
-0.001415
-0.001736
0.017137
0.026227
0.022653
0.005463
0.010164
0.021824
0.032368
0.014765
-0.005379
-0.001402
0.007961
-0.001177
-0.008995
-0.002196
-0.013751
-0.032242
-0.012109
-0.016363
-0.009366
-0.018639
-0.010412
-0.018131
-0.024385
-0.027959
-0.007493
-0.010472
-0.001836
-0.018470
-0.011823
-0.006626
-0.015766
-0.027162
-0.002039
-0.012693
-0.015528
-0.014572
0.003722
-0.000927
-0.006656
-0.006514
0.003339
0.005256
0.010710
-0.004185
-0.007764
0.000177
-0.016164
-0.023138
-0.003145
0.001710
-0.013068
-0.019962
0.000394
0.017265
0.011975
0.011389
0.008867
0.009075
0.004443
-0.003621
-0.003737
0.000741
-0.008556
-0.019352
-0.007902
-0.005587
-0.017881
-0.015323
0.002962
0.011655
0.012870
0.015483
0.009894
0.012507
0.002472
-0.008330
-0.002920
0.008640
0.005983
-0.003185
0.011004
0.013037
-0.004306
-0.005562
0.007113
0.017039
0.016747
0.015521
0.006184
0.010285
0.008290
-0.001093
-0.002595
0.001362
-0.009502
-0.014567
-0.004724
-0.008683
-0.016259
-0.011131
-0.000960
0.002336
0.012363
0.012967
0.010704
0.008040
0.008324
-0.002612
0.003473
0.001127
-0.007379
-0.006980
-0.000174
-0.002832
-0.007158
-0.007596
0.007484
0.010942
0.005017
0.001428
-0.002586
0.006539
0.010697
-0.014720
-0.007232
-0.006218
-0.016608
-0.020416
0.004353
-0.000143
-0.015996
-0.014140
0.008790
0.011009
0.006578
0.002914
0.002656
0.002873
0.002053
-0.011071
-0.005513
0.004940
-0.007607
-0.014851
0.005984
0.002974
-0.017970
-0.014130
0.000662
0.010356
0.015444
0.010300
-0.006509
-0.005605
0.005775
0.006708
0.003040
-0.001362
-0.006574
-0.015592
-0.012710
-0.009432
-0.009593
-0.014660
-0.007983
-0.000616
0.002457
0.000525
0.010995
0.010830
-0.001591
-0.011851
0.001052
0.008111
-0.000270
-0.008264
-0.001267
0.005658
0.000282
-0.002744
0.002721
0.012115
0.018520
0.019763
0.006324
0.001510
0.003740
0.000565
-0.000466
-0.001804
-0.004635
-0.009176
-0.002979
0.000422
0.002817
0.000674
0.011396
0.015897
0.014521
0.004211
0.014913
0.007115
0.018576
-0.006463
-0.028069
-0.019077
-0.033332
-0.046867
-0.020552
-0.023028
-0.004832
-0.024131
0.005117
-0.009224
-0.020153
-0.044168
-0.039274
-0.018064
0.006619
-0.018121
-0.011163
-0.001435
-0.028881
-0.038192
-0.012942
-0.020256
-0.020682
-0.041575
-0.012579
-0.025834
-0.026081
-0.029056
-0.017900
-0.012120
0.003477
-0.019486
-0.014854
-0.006821
-0.013123
-0.027186
-0.011687
-0.005669
-0.021619
-0.023927
0.007091
0.021265
0.009519
0.004474
0.003914
0.013637
0.007664
-0.007408
-0.003141
-0.001341
-0.002555
-0.006603
0.008397
0.004782
-0.003681
0.001166
0.013721
0.010599
0.012867
0.010411
0.005999
0.000401
0.005675
0.002131
0.004529
0.004216
-0.000395
-0.009727
0.008585
0.004537
-0.007102
-0.004412
0.008142
0.012650
0.028967
0.028077
0.026084
0.014133
0.010897
0.007359
0.001579
-0.002380
-0.005424
-0.014545
-0.007939
-0.004803
0.005855
0.006754
0.003013
-0.005140
0.009462
0.019617
0.024642
0.018491
0.027638
0.025913
0.024162
0.022508
0.022576
0.027478
0.021132
0.000571
0.022668
0.033334
0.054514
0.040269
0.079067
0.071826
0.042634
0.026438
0.032240
0.023121
0.009963
-0.003631
0.000560
-0.001068
0.005934
-0.003182
-0.000353
-0.007333
0.014328
0.017759
0.005365
0.003350
-0.000907
-0.004754
0.010573
0.002210
-0.006883
-0.007609
-0.026584
-0.028171
0.000730
-0.014208
-0.020546
-0.018245
0.004179
0.001426
-0.002688
0.000466
-0.002072
0.001365
0.007843
-0.000560
0.003408
0.019903
0.010057
-0.005776
0.019534
0.011424
-0.005855
0.017017
0.051084
0.050688
0.054818
0.059766
0.059089
0.049958
0.040455
0.040164
0.042340
0.038087
0.016149
0.015062
0.027408
0.029617
0.020480
0.006667
0.005484
0.008842
0.012291
0.003015
-0.005030
-0.009116
-0.007040
-0.016887
-0.011741
-0.009811
-0.030462
-0.038261
0.002128
-0.013641
-0.000780
-0.015049
0.019029
-0.007679
-0.029326
-0.046676
-0.027958
-0.033747
-0.007770
-0.013774
-0.012581
-0.007245
-0.038549
-0.042530
-0.010800
-0.015573
-0.034997
-0.027519
0.003320
0.012085
0.007224
0.007956
0.002127
0.009343
0.010620
0.001834
-0.001792
0.006237
-0.001516
-0.016092
-0.006239
-0.004196
-0.023526
-0.020293
0.005916
0.013520
0.008911
0.008322
0.009065
0.006333
-0.001256
-0.003868
0.002925
-0.000331
-0.010109
-0.011873
-0.001393
0.002842
-0.005942
-0.010375
0.007132
0.014915
0.007639
0.010504
0.006183
0.005169
0.009374
0.007350
-0.000501
0.000884
-0.004250
-0.008143
0.000434
-0.002594
-0.020557
-0.016665
0.002396
0.014099
0.009831
0.001666
0.004278
0.014286
0.007937
-0.003507
0.001657
0.008808
-0.001245
-0.013349
-0.004813
-0.003344
-0.005407
-0.005565
-0.000100
-0.000414
0.005609
0.011738
0.012682
0.007705
0.002595
-0.006132
0.001486
0.009412
-0.000741
-0.002673
0.006296
0.005310
-0.008369
-0.009225
0.009203
0.014950
0.014403
0.017587
0.008684
0.015000
0.016062
-0.001757
-0.000697
0.004760
0.001855
-0.011083
0.002098
-0.000359
-0.004704
-0.001640
0.012163
0.007977
0.012781
0.022179
0.022520
0.017548
0.019196
0.007051
0.004292
0.003015
0.003081
0.001226
0.003010
-0.000107
0.002622
-0.000665
0.002756
0.002595
0.003315
0.013343
0.009071
0.009097
0.018119
-0.000268
-0.009864
-0.005992
-0.014240
-0.012734
-0.010556
-0.022234
-0.017860
-0.011469
0.000741
-0.001111
-0.001786
0.008030
0.008884
0.009491
0.006282
-0.005274
-0.001681
-0.002233
-0.007745
-0.007156
0.000316
-0.001924
-0.016251
-0.015076
0.003530
0.011992
0.008468
0.009022
0.011489
0.015354
0.000043
-0.005521
0.004856
0.013918
0.002048
0.000411
0.007190
0.010766
-0.003950
-0.006557
0.005524
0.021562
0.025693
0.021847
0.018805
0.014424
0.006463
0.003331
0.006506
0.013402
0.001107
-0.009129
0.001019
0.007789
0.002515
-0.002898
0.002549
0.008227
0.006359
0.008651
0.008426
0.008364
0.005616
-0.002460
-0.001022
0.007403
-0.006489
-0.010456
0.003456
-0.007452
-0.018462
-0.011874
0.004518
0.003275
0.000410
0.006222
0.018294
0.014047
0.009547
0.007179
0.008140
0.010291
0.005734
-0.000284
0.008634
0.006214
-0.012146
-0.011756
0.007951
0.018878
0.017527
0.018083
0.016060
0.022354
0.013155
0.005491
0.010554
0.016607
0.004057
-0.002111
0.001903
0.007900
-0.004611
-0.008742
0.007067
0.022631
0.029128
0.022302
0.015488
0.009598
0.005493
-0.003836
-0.001023
-0.001839
-0.000628
-0.003792
0.001342
-0.000445
-0.003786
0.002547
0.003400
0.005214
0.012717
0.009977
0.009707
0.007631
0.015790
0.004436
0.002211
0.002286
-0.011973
-0.019714
-0.001757
0.000964
-0.007193
-0.009689
0.004902
0.006242
0.010008
0.013858
0.010051
0.004951
0.013379
0.005113
-0.000414
0.000193
-0.012677
-0.019785
-0.000370
-0.000544
-0.014169
-0.014143
0.012134
0.016943
0.011649
0.007135
0.011451
0.006074
0.015926
0.003944
-0.004305
-0.006736
-0.019712
-0.028810
-0.001376
-0.003386
-0.008134
-0.013962
0.000499
-0.008595
-0.015224
-0.024066
-0.007824
-0.004708
0.012368
-0.001371
-0.003494
-0.008544
-0.023891
-0.025411
0.001225
-0.013245
-0.000719
-0.005933
-0.005898
-0.028483
-0.020915
-0.022882
-0.007971
-0.012155
0.020118
-0.001479
-0.015645
-0.005046
-0.022312
-0.025302
-0.004325
-0.022013
-0.040648
-0.027999
-0.000325
0.002942
0.001311
0.006797
0.015643
0.007295
0.002919
-0.000116
0.002163
0.002856
-0.004287
-0.007853
0.000705
-0.005621
-0.020302
-0.016578
0.000837
0.017910
0.022105
0.011294
0.015225
0.018312
0.013943
0.005273
0.004955
0.006841
0.005013
-0.007076
-0.004794
0.002367
0.008635
0.001760
-0.003480
-0.001257
0.007150
0.009123
0.015011
0.014234
0.017828
-0.006199
-0.016827
-0.011025
-0.016496
-0.012781
0.005280
0.001069
0.006651
-0.002005
0.009866
0.010405
0.002451
-0.015833
-0.021023
-0.018813
0.005067
-0.010675
-0.024520
-0.014594
-0.041022
-0.054707
-0.013959
-0.016278
-0.010780
-0.028987
0.014501
0.001532
-0.033871
-0.067353
-0.048045
-0.028829
0.004314
-0.019486
-0.029680
-0.015045
-0.048824
-0.079521
-0.038359
-0.057663
-0.035957
-0.063149
-0.011035
-0.050884
-0.057395
-0.075196
-0.044331
-0.050795
-0.008370
-0.012773
-0.004966
-0.002866
-0.035853
-0.049910
-0.001867
-0.014094
-0.041752
-0.048628
0.013463
0.005625
-0.007648
-0.024772
-0.021865
-0.018576
-0.000178
-0.008445
-0.008101
0.005405
-0.022777
-0.037630
-0.010196
-0.009058
-0.025066
-0.014791
0.011529
0.015440
0.001858
-0.008383
0.010482
0.007085
-0.000114
-0.005934
0.001008
0.001860
-0.013808
-0.019660
-0.000995
0.000354
0.001368
-0.008085
-0.005094
-0.013481
-0.018998
-0.019552
0.001432
0.005790
0.009056
-0.011103
-0.005009
0.002533
-0.011496
-0.019636
-0.006737
-0.001460
-0.016867
-0.024937
0.006544
0.011028
0.002374
0.001353
0.000588
-0.000549
-0.003170
-0.009677
0.001096
-0.001355
-0.005444
-0.004150
-0.002396
-0.004166
-0.011886
-0.013715
0.001954
0.008999
0.014615
0.013400
0.009670
0.007270
0.004583
-0.003502
0.002063
0.003404
0.000982
-0.004899
0.005939
0.006454
-0.007592
-0.008279
0.009476
0.020812
0.013806
0.013051
0.010639
0.010425
0.008803
0.005007
0.006541
0.007723
-0.010755
-0.013907
-0.001044
0.000927
-0.011155
-0.012590
0.002367
0.008154
-0.000267
0.000154
0.002191
0.006418
0.009589
-0.005954
-0.003439
-0.001393
-0.013412
-0.018615
0.003454
0.001498
-0.013495
-0.011528
0.012461
0.016626
0.013298
0.007061
0.001272
0.003584
0.003560
-0.003238
0.002473
0.002563
-0.009684
-0.016194
-0.004709
0.002420
-0.010759
-0.012980
0.008907
0.024421
0.021141
0.017909
0.006789
0.009288
0.005478
0.003967
0.005328
0.012429
0.005687
0.003934
0.012739
0.010417
-0.009288
-0.007812
0.006964
0.014048
0.011820
0.004155
0.000558
0.005907
0.006190
-0.006242
-0.004077
-0.002227
-0.007435
-0.010212
0.003210
0.004035
-0.008522
-0.010634
0.004094
0.016219
0.013504
0.013170
0.005786
0.000064
-0.002575
-0.008774
-0.003197
-0.001214
-0.009231
-0.015209
0.000026
0.000270
-0.010346
-0.008241
0.007591
0.014496
0.006878
0.004697
0.003704
0.005551
-0.002935
-0.001552
0.002583
0.000757
-0.008282
-0.016782
0.002769
0.003124
-0.009572
-0.003504
0.014900
0.020348
0.018599
0.014932
0.005855
0.007707
0.008046
0.002657
0.001605
-0.000181
-0.007031
-0.015721
-0.005004
0.003547
0.001764
-0.007662
0.004053
0.011075
0.005807
0.006166
0.005101
0.012702
0.005759
-0.006790
-0.002243
0.002704
0.001277
-0.003160
0.004662
0.000493
-0.010567
-0.006832
0.009054
0.010042
0.008540
0.016247
0.015878
0.016196
0.005132
0.000318
0.007442
0.012370
0.004855
0.002821
0.008189
0.009827
-0.006034
-0.007795
0.007360
0.016723
0.017354
0.014547
0.016325
0.019322
0.009992
0.003656
0.008655
0.016090
0.013335
0.008170
0.006580
0.009082
0.005722
0.005846
0.011273
0.015491
0.025162
0.032540
0.020619
0.010140
0.008465
0.007708
0.008370
0.002000
-0.008700
-0.002555
0.004838
0.005401
-0.002921
-0.009817
0.007390
0.013228
0.013465
0.018120
0.012029
0.008894
0.006536
0.006175
0.008529
0.011358
0.004474
-0.001617
0.006194
0.005290
0.000199
0.010131
0.014645
0.012210
0.027857
0.032969
0.025567
0.017056
0.007753
0.001631
0.007214
0.010137
0.000984
-0.005211
0.005610
0.009289
-0.003525
-0.007446
-0.003507
0.005742
0.006127
0.003274
-0.004163
0.005666
0.013766
-0.002907
-0.003286
-0.002402
-0.007513
-0.016754
-0.004721
-0.005553
-0.008803
-0.011243
-0.001258
0.009397
0.009357
0.001321
0.010128
0.018018
0.005735
-0.012793
-0.002966
-0.000988
-0.002747
-0.011903
-0.002137
0.002567
-0.001979
-0.010212
0.003775
0.006960
-0.003915
-0.003773
0.003500
0.007929
0.005160
-0.003945
0.000755
-0.001079
-0.005153
-0.010430
0.000991
0.000285
-0.011223
-0.014171
0.008205
0.015181
0.013530
0.010388
0.010035
0.009577
0.009935
0.003772
0.007634
0.005987
-0.003604
-0.005658
0.006111
0.004207
0.004374
0.001202
0.012666
0.014044
0.011809
0.005523
0.013462
0.014710
0.011454
-0.007458
-0.006618
-0.007027
-0.015387
-0.018895
-0.002130
-0.004963
-0.007291
-0.010767
-0.000568
0.001191
-0.008251
-0.008181
0.001816
0.001824
0.003780
-0.001628
-0.004199
-0.002277
-0.010815
-0.016410
-0.004287
-0.010406
-0.006726
0.001622
0.014318
0.004444
0.001766
0.012393
0.014985
0.007371
0.009402
0.000460
-0.001748
0.001417
0.003281
0.000917
0.013196
-0.002845
-0.017111
-0.010852
0.012658
0.008156
0.010805
0.017465
0.017813
0.009510
0.012530
0.015933
0.008699
0.002087
-0.003355
-0.002968
0.000312
-0.003148
-0.009312
-0.008035
0.004102
0.009876
0.013056
0.013131
0.013605
0.004819
-0.001702
-0.001803
0.003798
0.003622
-0.001107
-0.010182
-0.001983
0.002664
-0.004950
-0.009300
0.007158
0.010760
0.003179
-0.000178
-0.002801
0.003527
0.012115
-0.006106
-0.000823
0.003383
-0.008284
-0.016914
-0.004584
-0.002785
-0.002987
-0.002985
0.004407
0.005718
0.016111
0.018255
0.012452
0.008489
0.010045
-0.004934
0.001857
0.001214
-0.010568
-0.013388
-0.003116
-0.002026
-0.008467
-0.012106
0.001312
0.009045
0.010010
0.008228
0.016052
0.020463
0.014967
0.006591
0.008830
0.011627
0.003071
0.000069
0.010579
0.010815
-0.004801
-0.004465
0.006705
0.015468
0.027421
0.026617
0.025441
0.017220
0.013055
0.013451
0.016612
0.012597
0.007703
0.002305
0.009391
0.008451
-0.003320
-0.005621
0.010816
0.015933
0.009903
0.006589
0.004961
0.006912
0.003495
-0.010762
-0.006362
-0.001907
-0.010109
-0.016724
-0.003328
0.001800
-0.008708
-0.009900
0.006585
0.017727
0.008631
0.012792
0.019110
0.022270
0.021535
0.014241
0.008996
0.013345
0.015079
0.006816
0.007337
0.011259
0.001283
-0.008615
0.005223
0.016510
0.023001
0.024185
0.014033
0.005795
-0.001699
-0.003097
-0.001123
0.001852
0.001551
0.003565
0.004783
0.003878
-0.007613
-0.010811
0.002167
0.016910
0.017225
0.014301
0.011169
0.008697
0.007683
0.006665
0.008933
0.011224
0.003122
-0.003109
0.003249
0.001879
-0.005285
-0.004493
0.006201
0.009775
0.008086
0.010021
0.011055
0.011701
0.005151
-0.007869
0.001927
0.007754
-0.002915
-0.006307
0.004167
0.004286
-0.002524
-0.004384
0.004474
0.009169
0.011183
0.001902
-0.003162
0.000949
0.005766
-0.008536
-0.009154
-0.004834
-0.014868
-0.018961
0.002046
-0.005077
-0.019130
-0.019399
-0.002681
-0.004198
-0.008404
-0.006395
0.001689
0.006593
0.006130
-0.006894
-0.003611
0.002700
-0.002031
-0.015738
-0.002119
0.000612
-0.009686
-0.012003
0.002723
0.010827
0.020880
0.017443
0.026116
0.015726
0.011428
0.008965
0.008502
0.004073
0.005160
-0.001944
0.008665
0.006883
-0.002308
-0.007396
0.006682
0.008859
0.011736
0.014026
0.016242
0.007471
0.006750
-0.005593
-0.004886
-0.001697
-0.009931
-0.015625
0.006541
-0.000394
-0.000467
-0.000198
0.001536
-0.000481
0.009377
0.008877
0.010338
0.005666
0.011441
0.004059
0.001563
0.001498
-0.003087
-0.011562
0.001100
-0.011914
-0.017770
-0.010913
0.009842
0.004263
0.007438
0.012646
0.014486
0.009267
0.011108
0.004718
0.000802
0.004931
0.004197
-0.003919
0.013826
0.007544
-0.019448
-0.024030
0.006475
0.017266
0.009608
0.008069
0.010251
0.009403
0.003740
0.003325
0.010564
0.011482
0.006183
-0.002067
0.002575
0.003300
-0.007453
-0.009424
0.007164
0.014701
0.020229
0.021800
0.016345
0.011884
0.010253
0.006753
0.004103
0.009532
-0.001523
-0.003843
0.002439
0.009076
0.004241
0.000290
0.012395
0.017178
0.008113
0.018208
0.005261
0.006241
0.000731
0.000642
0.001170
0.007700
0.016623
0.009671
0.007951
0.007402
-0.020186
-0.047491
-0.056744
