-0.010407
0.002459
-0.003494
-0.008251
-0.055430
-0.017752
-0.023701
-0.070260
-0.040174
-0.040298
-0.035400
-0.022389
-0.017944
-0.003023
-0.002931
0.016834
0.005634
-0.010619
0.003392
0.021096
0.009155
0.012409
0.008316
0.003743
0.014497
-0.006620
-0.016643
0.008131
0.015402
-0.012787
-0.003341
0.028033
0.047961
0.054085
0.064134
0.068700
0.070840
0.056639
0.050795
0.038617
0.050983
0.047543
0.032505
0.022664
0.030600
0.020952
0.027843
0.032521
0.039804
0.036773
0.051624
0.062689
0.066899
0.050857
0.038535
0.039758
0.046103
0.037157
0.038711
0.036311
0.044219
0.036018
0.037375
0.045164
0.054125
0.060811
0.071458
0.078306
0.099711
0.105184
0.109005
0.108400
0.106987
0.110318
0.127723
0.141358
0.170771
0.197674
0.220178
0.216272
0.192263
0.148411
0.130991
0.122503
0.123738
0.105747
0.077805
0.059659
0.055483
0.042143
0.043681
0.037263
0.051282
0.062721
0.074222
0.080994
0.081378
0.083508
0.097329
0.100740
0.108017
0.112311
0.130000
0.112005
0.111435
0.112576
0.133398
0.133914
0.174317
0.219165
0.268381
0.275782
0.248378
0.218824
0.211351
0.191760
0.185504
0.161845
0.141729
0.114032
0.096388
0.077934
0.079559
0.061781
0.073242
0.060207
0.060012
0.064644
0.076528
0.083490
0.112977
0.161622
0.192543
0.183952
0.194488
0.183909
0.166705
0.145468
0.161959
0.175053
0.217742
0.250282
0.288838
0.298057
0.264119
0.226671
0.214780
0.172916
0.163147
0.139967
0.130547
0.114303
0.099495
0.081568
0.075632
0.053781
0.049613
0.031219
0.022380
0.026116
0.042944
0.054519
0.063898
0.070027
0.076772
0.057869
0.035714
0.022748
0.034156
0.021815
0.016350
0.008765
0.027419
0.027396
0.027282
0.033542
0.049340
0.068169
0.077740
0.072588
0.073366
0.073340
0.074605
0.079324
0.101235
0.141585
0.202828
0.253432
0.323949
0.387174
0.419296
0.440773
0.393895
0.312243
0.253923
0.218421
0.214188
0.201996
0.165038
0.137380
0.126574
0.117814
0.114605
0.095080
0.085941
0.077443
0.077759
0.072196
0.060949
0.051283
0.047301
0.044193
0.041151
0.025818
0.008186
0.015517
0.019281
0.001177
0.007274
0.013788
0.019168
0.008178
0.001135
0.008627
0.015275
0.013996
0.003219
-0.006719
-0.008608
-0.001937
-0.009923
-0.009366
-0.008044
-0.026981
-0.033389
-0.016305
-0.009259
-0.014775
-0.020105
-0.007855
0.002281
0.001346
-0.009648
-0.017243
-0.014150
-0.005199
-0.016336
-0.007806
-0.004236
-0.026650
-0.033492
-0.015593
-0.014634
-0.018837
-0.023259
0.005160
0.000118
-0.011625
-0.018370
-0.022756
-0.015767
0.012838
-0.007530
-0.020560
-0.011814
-0.028005
-0.035564
-0.013797
-0.018029
-0.018768
-0.018245
0.002607
0.007576
0.000024
0.006451
-0.013261
-0.016826
0.010184
0.004903
-0.018880
-0.010725
-0.013542
-0.016287
0.000906
0.001775
-0.027227
-0.012107
0.024557
0.047271
0.040149
0.050489
0.064724
0.080279
0.081389
0.088373
0.081450
0.087136
0.072746
0.060366
0.051512
0.063618
0.051438
0.051442
0.059164
0.062796
0.051014
0.049457
0.066193
0.066814
0.043363
0.053653
0.048882
0.042810
0.025086
0.028430
0.037092
0.047373
0.058645
0.072977
0.066198
0.054974
0.058616
0.056095
0.058391
0.055994
0.042459
0.042407
0.035910
0.034975
0.035651
0.045938
0.035061
0.032514
0.028397
0.045681
0.040501
0.049313
0.062135
0.083168
0.091218
0.085001
0.071232
0.081620
0.077567
0.075366
0.055932
0.046626
0.037471
0.044505
0.028796
0.035395
0.048168
0.059497
0.064916
0.067406
0.071545
0.074042
0.056799
0.046469
0.032364
0.032926
0.021925
0.014531
0.019579
0.032399
0.033103
0.029070
0.023978
0.030192
0.036935
0.045735
0.040937
0.029872
0.012171
0.015820
0.015584
0.018981
0.009698
0.010619
0.009144
0.022374
0.007882
0.004760
0.024186
0.041611
0.043868
0.048774
0.055811
0.056336
0.047952
0.055891
0.055455
0.053186
0.039170
0.029711
0.037182
0.040408
0.014711
0.016780
0.036230
0.049021
0.045154
0.055634
0.052063
0.045195
0.025552
0.016401
0.012236
0.018554
0.008611
0.010104
0.009415
0.031015
0.018130
0.021823
0.051121
0.084648
0.102827
0.136841
0.195452
0.245869
0.307245
0.378276
0.455794
0.522822
0.576329
0.724767
0.841071
0.903544
0.904212
0.891788
0.873997
0.788264
0.678527
0.502847
0.396121
0.358968
0.324428
0.266610
0.257418
0.251872
0.253544
0.260515
0.218706
0.188572
0.192335
0.193341
0.203825
0.193167
0.182465
0.179769
0.178462
0.164159
0.136708
0.121855
0.107518
0.095800
0.086833
0.077834
0.052869
0.052105
0.031782
0.016162
0.022102
0.035446
0.039784
0.050745
0.057624
0.056071
0.042154
0.040805
0.044441
0.052041
0.044640
0.043896
0.045210
0.050794
0.056761
0.066779
0.074071
0.070938
0.064619
0.069898
0.072340
0.074487
0.049703
0.037737
0.047379
0.057442
0.044906
0.046973
0.045721
0.057267
0.059575
0.066163
0.074184
0.070599
0.079530
0.083081
0.069376
0.062621
0.054826
0.047854
0.042249
0.049328
0.043814
0.042181
0.029730
0.035031
0.022331
0.017052
0.033357
0.045434
0.042166
0.045531
0.041225
0.033255
0.017326
0.016565
0.010432
0.013546
0.002294
0.003966
0.019075
0.021599
0.010936
0.013509
0.026030
0.029615
0.018102
0.010905
0.007299
0.009078
0.007014
-0.003394
-0.009369
-0.007984
-0.014256
-0.016177
-0.003552
-0.000103
-0.007286
-0.009297
0.004163
0.009078
0.011287
0.007675
-0.007505
-0.005624
0.010238
-0.002432
-0.002112
-0.006061
-0.020945
-0.025103
-0.008870
-0.011089
-0.011624
-0.012048
0.000318
0.001263
-0.002067
0.002243
-0.013618
-0.008924
-0.004820
-0.016396
-0.007561
-0.002529
-0.011081
-0.008490
0.000213
0.000403
-0.016399
-0.018231
0.003671
0.016569
0.015832
0.011747
0.003337
0.007322
0.000167
-0.006321
0.003241
0.007054
-0.004684
-0.010492
0.000786
0.003931
0.001997
-0.001151
0.006020
0.013647
0.009730
0.011011
-0.001837
-0.002611
-0.000618
-0.007429
-0.007207
-0.005722
-0.017011
-0.011466
-0.000649
-0.001652
-0.009846
-0.013136
0.009020
0.017143
0.009420
0.004034
-0.001659
-0.000341
0.002676
-0.007908
-0.000635
-0.000970
-0.021138
-0.017337
0.003921
-0.000762
-0.014682
-0.016576
0.011104
0.019014
0.008238
0.005472
0.001083
0.000821
0.000408
-0.001623
0.001137
0.003279
-0.010711
-0.016034
0.001845
0.005795
-0.008237
-0.008785
0.010611
0.016075
0.006715
0.008529
-0.003763
-0.000005
0.008194
-0.000636
-0.003387
-0.002228
-0.014174
-0.018545
-0.006728
-0.009032
-0.020729
-0.020273
-0.004389
0.006512
0.004545
0.005975
0.003886
0.006699
-0.001397
-0.012623
0.000650
0.004538
-0.004821
-0.004251
0.000175
0.003362
-0.007578
-0.011235
-0.001036
0.009365
0.016071
0.015942
0.008615
0.005178
0.003481
0.004275
0.000673
0.002024
-0.010722
-0.012724
0.004783
0.012335
0.001198
0.002965
0.019775
0.029415
0.017922
0.017189
-0.004192
-0.002130
0.011847
0.007411
-0.004268
-0.008054
-0.020463
-0.021780
-0.006527
-0.004907
-0.017339
-0.008533
0.013672
0.024977
0.015163
0.011566
0.006080
0.017705
0.024688
0.016923
0.027232
0.034581
0.024931
0.011557
0.018925
0.015594
0.003111
0.003874
0.013624
0.012620
0.012049
0.012311
0.013257
0.007896
0.010517
0.001459
0.010440
0.001594
-0.017828
-0.016314
-0.000473
0.002896
-0.001580
-0.004018
0.012774
0.013709
-0.000017
-0.002689
-0.008493
-0.005214
0.001531
-0.005868
-0.007436
-0.004915
-0.013615
-0.016503
0.004076
0.007297
-0.017085
-0.017036
0.008029
0.018057
0.010210
0.005016
0.000165
0.005318
0.004084
-0.008432
-0.003605
-0.002316
-0.022264
-0.022173
-0.004888
-0.007152
-0.016653
-0.010690
-0.001096
0.005837
0.001584
-0.005195
-0.008778
-0.006364
-0.017915
-0.018531
-0.004620
-0.006734
-0.027340
-0.030534
-0.008152
-0.001432
-0.012139
-0.015032
-0.002800
0.005107
-0.001413
-0.001708
-0.008398
-0.012051
-0.004014
-0.005591
-0.000531
-0.006243
-0.018662
-0.022622
0.000009
0.000860
-0.013186
-0.011637
0.010872
0.014195
0.002745
0.001171
0.000833
0.005749
0.002967
-0.002100
-0.010313
-0.004899
-0.029698
-0.024709
-0.001874
-0.000346
-0.020978
-0.017240
0.005705
0.015788
0.009315
0.014713
0.006084
0.006765
0.006821
0.006428
0.003956
0.011610
0.008786
0.000417
0.012873
0.013171
0.000543
0.010903
0.032097
0.039127
0.049521
0.074021
0.087030
0.083730
0.077850
0.074283
0.058465
0.066897
0.061454
0.050213
0.035754
0.040991
0.040952
0.050644
0.059034
0.066732
0.080185
0.092710
0.113422
0.124854
0.125322
0.125323
0.103778
0.086184
0.073941
0.074886
0.052289
0.060461
0.065100
0.073523
0.075554
0.071261
0.073919
0.072465
0.073314
0.062275
0.031071
0.026659
0.038065
0.036936
0.017347
0.016120
0.021652
0.029779
0.024730
0.010130
0.018863
0.019271
0.020051
0.021003
0.014411
0.010269
0.013450
0.002900
-0.004996
-0.005771
-0.016910
-0.013920
0.003029
0.008798
-0.004427
-0.004769
0.011265
0.023843
0.008713
0.003238
-0.003430
-0.002390
-0.004372
-0.005332
-0.006413
-0.009060
-0.024012
-0.016258
0.004786
0.001578
-0.014027
-0.017167
0.003673
0.012191
0.005149
-0.001220
-0.016051
-0.008872
-0.000263
-0.011068
-0.010295
-0.007072
-0.020919
-0.028253
-0.011644
-0.013942
-0.025196
-0.023093
-0.004995
0.002286
-0.004220
-0.006662
-0.006830
-0.002701
0.001906
-0.011020
-0.004704
0.002484
-0.012101
-0.018345
-0.014480
-0.006654
-0.011508
-0.018439
-0.001161
0.012127
0.006049
0.007813
0.005681
0.008123
-0.000291
-0.004666
0.002386
0.002429
-0.004730
-0.003955
-0.001045
-0.003190
-0.012976
-0.012308
-0.000134
0.007483
0.008270
0.002469
-0.010577
-0.005749
0.005863
-0.010679
-0.014527
-0.012463
-0.024095
-0.024524
-0.005815
-0.001054
-0.004925
-0.009510
0.009538
0.016353
0.000004
-0.002662
-0.013513
-0.006019
0.004659
-0.005007
-0.003992
-0.002334
-0.011294
-0.014577
-0.001458
-0.001188
-0.020355
-0.020518
0.006210
0.018269
0.014210
0.014261
0.007674
0.012112
0.006369
-0.002413
0.001521
0.006735
-0.005308
-0.013081
-0.003398
-0.001469
-0.013727
-0.011876
0.009652
0.016527
0.012709
0.016561
0.007013
0.002892
-0.001981
-0.003648
-0.007555
-0.006200
-0.016931
-0.016041
-0.004008
0.002755
-0.006185
-0.011098
0.001044
0.012002
0.000448
-0.005699
-0.009561
-0.001550
0.005698
-0.006738
-0.010491
-0.005127
-0.015806
-0.023228
-0.006118
-0.001730
-0.014717
-0.014411
0.008964
0.016668
0.012628
0.017657
0.006685
0.011334
0.010126
0.000512
0.001535
0.006048
-0.009220
-0.012343
-0.000506
0.000782
-0.011086
-0.005180
0.016263
0.020867
0.014841
0.018569
0.016419
0.017438
0.015234
0.008990
0.004013
0.006900
-0.001574
-0.003899
0.005068
0.008917
-0.005015
-0.007207
0.013340
0.026467
0.021367
0.018639
0.018780
0.017567
0.013567
0.015530
0.003193
0.005361
-0.004812
-0.008850
0.000446
0.008728
-0.006332
-0.005010
0.013191
0.028602
0.018599
0.016955
0.000827
0.005879
0.005150
0.002142
-0.003539
-0.001417
-0.011682
-0.017738
0.001830
0.009628
-0.011740
-0.013860
0.005816
0.018455
0.007503
-0.000006
-0.004524
0.003808
0.003741
-0.008993
-0.006580
-0.003701
-0.017588
-0.027809
-0.005058
0.000076
-0.009502
-0.010970
0.004332
0.005381
-0.003415
-0.005287
-0.013656
-0.013804
0.001533
-0.004161
-0.009422
-0.013262
-0.029735
-0.034772
-0.013631
-0.005695
-0.016642
-0.016745
0.009013
0.019815
0.004525
-0.009834
-0.007571
-0.003343
0.003894
-0.014266
-0.013706
-0.011094
-0.039574
-0.038921
-0.017192
-0.024827
-0.012572
-0.028160
-0.003345
-0.007912
-0.020332
-0.028971
-0.016286
-0.018973
-0.004937
-0.023012
-0.019251
-0.004382
-0.030629
-0.039405
-0.011638
-0.020053
-0.040561
-0.028843
0.014284
0.011321
-0.002329
0.001008
-0.002382
-0.003385
0.003694
-0.004244
-0.009826
-0.010313
-0.020224
-0.021020
0.001211
0.000526
-0.017801
-0.021046
0.002170
0.010355
0.002173
0.004789
-0.008721
-0.006500
-0.001029
-0.004990
-0.004723
-0.000897
-0.010721
-0.018268
0.001049
-0.000558
-0.019549
-0.014702
0.006585
0.017015
0.016355
0.014044
0.010590
0.010866
0.002818
-0.000391
0.004191
-0.002234
-0.018897
-0.018485
-0.000521
-0.000707
-0.008371
-0.004828
0.010147
0.014363
0.003967
0.002965
-0.001268
-0.001226
-0.004256
-0.000503
-0.002665
-0.005476
-0.021144
-0.021182
-0.007395
-0.002382
-0.012383
-0.011702
0.010468
0.013801
0.002994
0.002338
-0.008452
-0.003186
0.009632
-0.005253
-0.009162
-0.010504
-0.021811
-0.027883
-0.016608
-0.009961
-0.008495
-0.003991
0.001540
0.012368
0.004861
0.005590
-0.010806
-0.005456
0.017015
0.000429
-0.010635
-0.015719
-0.027238
-0.029392
-0.013811
-0.008366
-0.020751
-0.028330
-0.004521
0.005249
0.003683
-0.005698
-0.007991
-0.000305
0.019406
0.008237
-0.004811
0.004959
-0.004453
-0.019377
-0.002610
-0.001698
-0.018843
-0.010310
0.017068
0.026509
0.021104
0.028448
0.022640
0.033130
0.028844
0.011562
0.011623
0.027727
0.023402
0.016291
0.013464
0.028886
0.025932
0.025619
0.038954
0.056941
0.069682
0.080584
0.085950
0.091247
0.078537
0.077357
0.071972
0.079865
0.067458
0.064473
0.054596
0.059290
0.037099
0.026636
0.030790
0.041783
0.041257
0.034820
0.028475
0.019993
0.006589
-0.000524
0.010356
0.017013
0.005928
0.002065
0.006598
0.005597
0.018762
0.021901
0.020206
-0.002966
0.005601
0.003703
0.003968
-0.004076
0.012664
-0.000080
-0.015696
-0.008621
-0.036246
-0.033543
-0.004954
-0.021020
-0.030942
-0.030746
0.015843
0.016578
-0.009710
-0.019792
-0.004647
-0.003683
0.008372
0.007164
0.003647
0.005482
-0.019274
-0.024360
0.001300
-0.002379
-0.025023
-0.018973
0.008586
0.015003
0.006738
0.003685
-0.006659
-0.004069
-0.003665
-0.011569
-0.004264
0.000420
-0.014514
-0.017315
0.001656
-0.005729
-0.021852
-0.015359
0.008071
0.017597
0.010093
0.005219
-0.001703
0.003422
0.003768
-0.009262
-0.001383
-0.002086
-0.018451
-0.023939
-0.010397
-0.008677
-0.014764
-0.014133
0.005943
0.010386
-0.002655
-0.011581
-0.011947
-0.001446
-0.002407
-0.016970
-0.012666
-0.005489
-0.019100
-0.021823
-0.011357
-0.008911
-0.012956
-0.020132
-0.006605
-0.005538
-0.011086
-0.006952
-0.015535
-0.017021
-0.007759
-0.013483
-0.009191
-0.008724
-0.026646
-0.035458
-0.013608
-0.008267
-0.018743
-0.020653
0.007433
0.015025
0.002885
-0.008459
-0.014167
-0.005840
0.002967
-0.016801
-0.010070
-0.009782
-0.032678
-0.034473
-0.007047
-0.012365
-0.023396
-0.020771
0.009012
0.009005
-0.002640
-0.009209
-0.018118
-0.010990
0.002034
-0.016737
-0.019416
-0.007732
-0.022560
-0.023342
-0.001813
-0.009995
-0.029777
-0.027076
-0.002494
0.002440
-0.002856
-0.002417
0.005814
0.008264
0.015561
0.005593
-0.002205
-0.002304
-0.011793
-0.013236
-0.007544
-0.005715
-0.019997
-0.023378
-0.000976
0.011268
-0.000015
0.000639
-0.002619
0.006482
0.011474
0.001983
0.003480
0.001391
-0.012548
-0.012256
0.000741
0.005739
-0.007121
-0.008518
0.013263
0.021696
0.005622
0.010585
-0.001877
0.005455
0.010649
-0.003093
-0.000578
0.001154
-0.016823
-0.021698
-0.007033
-0.002595
-0.013943
-0.016573
0.004303
0.017669
0.007618
0.008581
0.002839
0.002507
0.003939
-0.005377
-0.000165
0.002144
-0.008453
-0.013778
-0.007267
-0.004706
-0.012495
-0.014020
0.004335
0.010467
0.003483
0.001709
-0.004049
-0.003327
-0.000943
-0.007204
-0.005329
-0.004790
-0.017712
-0.015715
0.004552
0.002376
-0.006415
-0.002870
0.014493
0.008722
0.000654
-0.008160
-0.013477
-0.010981
-0.002741
-0.011361
-0.014597
-0.010589
-0.026866
-0.029915
-0.008865
-0.014122
-0.016477
-0.019689
0.004534
0.003107
0.000364
-0.022013
-0.013439
-0.004651
0.003071
-0.016252
-0.019123
-0.011126
-0.031310
-0.029916
-0.013340
-0.019836
-0.021924
-0.024777
0.004228
0.004644
-0.005384
-0.013159
-0.024376
-0.017223
0.005021
-0.011545
-0.010369
-0.001025
-0.018669
-0.026198
-0.006573
-0.007581
-0.028972
-0.028225
0.008693
0.014202
0.003551
0.004735
-0.001916
-0.001670
0.005045
-0.004693
-0.002476
0.002466
-0.010493
-0.016799
-0.008590
-0.002932
-0.006521
-0.012269
0.001372
0.008349
0.003859
0.003284
-0.010059
-0.006729
0.006835
-0.004766
-0.004982
-0.004471
-0.015463
-0.021883
-0.007534
-0.001737
-0.011854
-0.018757
0.000464
0.008476
0.005201
0.002029
-0.002334
0.002695
0.005986
-0.011550
-0.009117
-0.001297
-0.010661
-0.019802
-0.003302
0.001454
-0.016285
-0.016405
-0.002159
0.010876
0.010327
0.004160
-0.014156
-0.008118
-0.002425
-0.016432
-0.012415
-0.010425
-0.026170
-0.027361
-0.018843
-0.012623
-0.010260
-0.013655
-0.002311
0.000577
0.002604
-0.006732
-0.014568
-0.015589
0.003822
-0.014637
-0.014413
-0.008602
-0.025260
-0.031091
-0.015618
-0.017636
-0.016102
-0.016987
-0.000013
-0.002644
-0.008818
-0.005136
-0.003810
-0.005610
0.008217
0.000114
-0.007380
-0.007385
-0.023680
-0.023508
-0.002550
-0.004308
-0.026768
-0.025908
0.000843
0.020058
0.008711
0.002982
-0.005249
0.007539
0.005567
-0.004755
0.003006
0.009476
-0.006495
-0.019139
-0.008566
-0.005079
-0.017761
-0.018713
-0.001820
0.009630
0.009762
0.004319
-0.004328
-0.003620
0.001022
-0.010070
0.001321
-0.001909
-0.017707
-0.015474
-0.001502
0.002776
-0.002369
-0.009932
-0.000438
0.006662
0.002952
-0.004710
-0.010630
-0.013329
-0.010503
-0.022331
-0.011141
-0.009367
-0.024993
-0.028645
-0.014789
-0.015609
-0.014048
-0.013052
0.007559
0.011835
0.003311
-0.000624
-0.006959
-0.005531
-0.001713
-0.007140
-0.000107
0.002873
-0.014531
-0.020341
-0.000726
-0.001955
-0.018747
-0.018573
0.012707
0.017725
0.005939
0.011507
-0.001208
0.004244
0.007097
0.001312
0.004948
0.007902
-0.011282
-0.018232
0.002870
0.006391
-0.011050
-0.011508
0.008678
0.015783
0.005968
0.007104
-0.008661
-0.005323
-0.003264
-0.002684
-0.000566
-0.006328
-0.016565
-0.010155
0.003137
0.004322
-0.012939
-0.018339
0.000322
0.009606
0.001145
0.000442
-0.002794
0.003235
-0.001892
-0.005037
0.004191
0.009238
-0.002951
-0.012781
-0.003400
-0.000384
-0.011965
-0.010691
0.007993
0.015447
0.009608
0.008597
0.004250
0.007880
0.003232
-0.004054
0.000494
0.001674
-0.009329
-0.009668
0.000200
0.002496
-0.011865
-0.011939
0.003653
0.016628
0.011460
0.006555
-0.007620
0.001985
0.007052
-0.008695
-0.004865
-0.001933
-0.018542
-0.019717
-0.006429
0.003237
-0.006532
-0.015395
0.003237
0.013587
-0.003063
-0.000237
-0.005461
0.000627
0.000752
-0.010954
-0.001658
-0.000212
-0.015200
-0.020293
-0.004140
0.000113
-0.009026
-0.015516
0.000982
0.006042
0.007461
0.001857
0.001067
0.002897
-0.006768
-0.023515
-0.011539
0.000839
-0.009693
-0.015997
-0.000446
-0.000248
-0.012468
-0.008195
0.007755
0.014999
0.015992
0.012540
0.001043
0.005677
0.016025
0.008340
-0.000099
-0.006410
-0.019566
-0.014042
-0.001191
0.002298
-0.010727
-0.013212
0.002289
0.014521
0.010388
0.010949
0.002665
0.005232
-0.003703
-0.011288
0.003543
0.009788
-0.005892
-0.014048
-0.000646
0.005061
-0.004783
-0.006861
0.012839
0.020220
0.012723
0.014229
0.003572
0.006285
0.010677
0.004178
-0.000114
-0.004199
-0.021107
-0.017233
-0.004979
0.003552
-0.003656
-0.013223
0.005080
0.010929
0.001764
-0.003032
-0.006832
-0.010663
-0.008273
-0.007877
0.001194
-0.003777
-0.015836
-0.021853
-0.005500
-0.001082
-0.012790
-0.013917
0.006129
0.012680
0.005502
0.000742
-0.003466
-0.000334
0.008067
0.002759
0.004135
-0.002285
-0.017801
-0.019785
0.004982
0.004201
-0.010859
-0.009465
0.015905
0.021068
0.001041
0.005353
-0.004583
-0.000277
0.006964
0.002558
0.004890
-0.002223
-0.020207
-0.023219
0.000969
-0.000233
-0.013111
-0.015890
0.008926
0.010618
-0.002894
-0.003458
-0.008948
-0.008369
-0.007602
-0.013152
-0.012513
-0.013100
-0.026106
-0.027305
-0.011963
-0.007746
-0.016157
-0.022285
-0.004282
0.007380
-0.002375
-0.007231
-0.004565
0.007710
0.001873
-0.008497
-0.001226
0.008023
-0.005838
-0.016693
-0.004326
0.006057
-0.009577
-0.012534
0.006954
0.020218
0.017208
0.015679
-0.004583
-0.006298
0.006708
0.000799
-0.004989
-0.009694
-0.014644
-0.017687
-0.007124
-0.001632
-0.006577
-0.011902
0.005316
0.017095
0.012697
0.008210
-0.004397
-0.002826
0.010036
-0.003597
-0.010832
-0.015070
-0.028343
-0.032990
-0.018643
-0.009289
-0.012316
-0.012841
0.000034
0.006779
0.000412
-0.012354
-0.020982
-0.017693
0.000182
-0.022786
-0.028352
-0.020998
-0.030545
-0.034193
-0.019962
-0.024165
-0.028372
-0.027865
-0.004153
0.007342
-0.003727
-0.005458
-0.001161
0.005846
0.005751
-0.003606
0.003639
0.013506
0.014008
0.001117
0.004009
0.003188
-0.024935
-0.054116
-0.058628
