-0.002884
0.022856
-0.001852
-0.036331
-0.064511
-0.001666
-0.055357
-0.099040
-0.052569
-0.065157
-0.078039
-0.039355
-0.059568
-0.057789
-0.084653
-0.025234
-0.043658
-0.040907
-0.065803
-0.050518
-0.022868
0.027599
0.004359
-0.014146
0.040999
0.096028
0.185500
0.335746
0.437737
0.569515
0.629309
0.707160
0.622781
0.523957
0.369788
0.223993
0.199254
0.165076
0.093645
0.076458
0.085313
0.099926
0.102505
0.061744
0.033722
0.043175
0.039134
0.045286
0.041112
0.070497
0.038022
0.049941
0.034723
0.044285
0.025540
0.012896
-0.003090
-0.021844
-0.034753
-0.004057
-0.029885
-0.003166
-0.041461
0.005735
-0.048562
-0.046906
-0.075865
-0.054460
-0.047951
-0.032984
-0.061433
-0.054011
-0.032549
-0.058642
-0.082058
-0.045047
-0.058563
-0.048306
-0.086232
-0.024885
-0.043408
-0.036963
-0.069847
-0.047985
-0.037685
0.003243
-0.020899
-0.041540
-0.010886
-0.038878
-0.052832
-0.023024
-0.024202
-0.055096
-0.053700
0.008734
0.027982
0.009601
-0.005228
0.000321
0.019256
0.013589
-0.001958
0.006406
0.023287
0.012186
-0.000066
0.019705
0.020465
0.012849
0.046241
0.082630
0.076520
0.083931
0.090325
0.078886
0.077315
0.057215
0.052316
0.064813
0.087703
0.090492
0.081956
0.067055
0.052333
0.065017
0.091341
0.118374
0.094273
0.124455
0.122016
0.115344
0.112746
0.103875
0.071540
0.047465
0.049907
0.050137
0.044441
0.032546
0.028145
0.009652
0.002114
0.013438
0.024930
0.037838
0.036647
0.017352
0.027932
0.026612
0.005316
-0.004165
0.007260
0.002669
-0.000138
-0.002645
0.007174
-0.001102
0.010502
0.028044
0.042527
0.029755
0.029263
0.043092
0.033963
0.018401
0.017029
0.029843
0.028238
0.021375
0.008082
0.014802
0.015990
0.005444
0.001731
0.012866
0.020608
0.019359
0.014710
0.028579
0.023605
0.019292
0.007904
0.017230
0.009974
-0.002536
-0.014073
-0.008384
0.008582
0.016872
-0.005108
-0.009568
-0.008693
0.000760
-0.024386
-0.023085
-0.018839
0.008988
-0.037382
-0.070586
-0.046768
-0.069027
-0.091521
-0.058000
-0.070378
-0.019095
-0.073144
-0.016706
-0.053689
-0.067657
-0.124183
-0.076311
-0.068983
-0.036445
-0.066884
-0.050468
-0.024958
-0.057513
-0.085836
-0.054094
-0.057495
-0.055620
-0.063524
-0.016689
-0.016996
-0.032812
-0.030356
0.000054
0.002770
0.006655
-0.005268
-0.000409
0.001803
-0.003878
-0.011344
-0.004800
-0.016818
-0.033001
-0.025578
0.005344
0.009579
0.014143
0.003925
0.017206
0.020633
0.024375
0.008418
-0.004672
-0.000510
-0.003535
-0.012515
0.000682
0.010468
0.021324
0.003094
-0.010176
-0.019812
-0.018546
-0.012830
-0.003776
-0.010708
0.000992
-0.006825
-0.006111
-0.005883
-0.022043
-0.045396
-0.016749
-0.009123
-0.001297
-0.022666
0.015925
0.007513
-0.011506
-0.015997
0.008406
0.008142
0.018574
0.002362
0.002463
-0.001850
-0.023270
-0.037242
-0.008135
-0.010209
-0.024380
-0.017407
0.014282
0.020980
0.002340
-0.010745
0.000502
0.015983
0.039178
0.038392
0.074321
0.092430
0.099305
0.049125
0.022812
0.015775
0.041651
0.023608
0.008475
-0.037278
-0.012002
-0.020994
-0.012670
-0.014313
-0.005576
-0.041355
-0.034027
-0.023041
-0.043255
-0.050827
-0.030968
-0.040118
-0.026740
-0.059739
-0.007268
-0.030193
-0.037927
-0.060469
-0.052223
-0.045866
-0.004100
-0.018290
-0.032317
-0.017956
-0.051125
-0.065030
-0.032886
-0.029648
-0.057260
-0.057239
0.013117
0.033128
-0.000838
-0.000657
0.006649
0.028369
0.031821
0.017227
0.027306
0.037357
0.016465
-0.001570
0.014587
0.011886
-0.009782
-0.006942
0.020121
0.018654
0.008266
-0.001608
0.020719
0.022255
0.021707
-0.001249
0.000756
-0.001894
-0.026665
-0.047635
-0.018750
-0.017736
-0.006766
-0.029808
0.024076
0.006480
-0.007042
-0.046601
-0.043477
-0.025024
-0.013473
-0.049762
-0.057210
-0.026635
-0.061498
-0.088971
-0.035564
-0.052561
-0.024718
-0.050462
-0.007602
-0.035262
-0.045557
-0.075247
-0.047131
-0.039284
0.002850
-0.022720
-0.020739
0.002049
-0.030090
-0.056602
-0.012470
-0.020386
-0.051938
-0.043766
0.006783
0.008414
0.003772
0.010389
0.005966
0.017798
0.025762
0.000710
-0.000521
0.015042
0.010652
0.000305
0.019719
0.022168
0.006052
0.023034
0.045658
0.057242
0.092089
0.125190
0.148458
0.182947
0.236532
0.288282
0.327379
0.404134
0.471883
0.617614
0.755252
0.844405
0.846403
0.828274
0.804671
0.720360
0.622071
0.448261
0.329824
0.291035
0.267478
0.199759
0.186284
0.183533
0.178190
0.178405
0.130521
0.085419
0.081937
0.073723
0.063758
0.053543
0.069975
0.076482
0.066186
0.057269
0.043339
0.042283
0.043224
0.049095
0.040109
0.025829
0.020605
0.029493
0.028403
0.021370
0.035802
0.039177
0.046888
0.053788
0.043043
0.025113
0.022839
0.020298
0.012526
0.009801
-0.000335
-0.011830
0.005835
0.012219
0.002596
0.009930
0.022383
0.022990
0.038107
0.035374
0.027105
0.013671
0.021483
0.000208
-0.003860
-0.004202
-0.032728
-0.041225
-0.014712
-0.023419
0.013629
-0.009617
-0.006909
-0.035826
-0.034538
-0.086951
-0.075857
-0.069139
-0.031845
-0.097023
-0.106152
-0.026654
-0.080958
-0.135331
-0.081008
-0.085342
-0.051090
-0.096252
-0.021092
-0.069770
-0.077257
-0.152307
-0.089138
-0.070022
-0.069914
-0.106989
-0.060880
-0.015765
-0.060677
-0.106958
-0.059222
-0.062494
-0.086786
-0.090101
-0.017082
-0.037293
-0.054270
-0.074070
-0.016894
-0.022938
0.007193
-0.015886
-0.017923
-0.000254
-0.021756
-0.038191
-0.017600
-0.019507
-0.023807
-0.026848
-0.002436
-0.006654
-0.010428
-0.009587
0.014465
0.013845
0.010279
0.002436
0.007044
0.007292
-0.009631
-0.013154
0.001880
-0.003683
-0.021979
-0.018441
0.005351
0.012843
0.008902
0.008761
0.012981
0.007684
0.000510
0.000221
0.007323
0.002755
0.001518
-0.003086
0.003929
0.006701
-0.009294
-0.017336
-0.002646
0.010055
0.010584
0.003663
-0.004213
0.001405
0.006848
-0.006481
-0.007337
0.002856
-0.012385
-0.031692
-0.016202
-0.012610
-0.015299
-0.012071
0.002599
0.001080
0.001045
0.003371
0.012739
0.008443
0.017160
0.010048
0.000368
-0.002488
-0.009345
-0.015189
-0.003454
0.000724
-0.002551
-0.007389
0.008248
0.014907
0.008448
0.003049
-0.002586
0.009584
0.019583
-0.004082
-0.002765
0.010893
0.001026
-0.020659
-0.005517
0.001537
-0.005008
-0.008989
0.007662
0.006357
0.003075
0.003064
0.017433
0.012340
0.007200
-0.008395
0.002637
0.000735
-0.013190
-0.011986
-0.007732
-0.000287
-0.004503
-0.006047
0.003292
0.007904
0.002705
0.000699
0.001208
-0.008809
0.000286
-0.004460
-0.007221
-0.011003
-0.031649
-0.040921
-0.024297
-0.010463
-0.011710
-0.018568
-0.001209
-0.003334
-0.016116
-0.035996
-0.026813
-0.019738
0.011049
-0.007098
-0.015195
-0.017950
-0.027791
-0.038930
-0.017606
-0.022492
0.001721
-0.007643
0.001418
-0.014999
-0.017507
-0.024653
-0.008268
-0.011828
0.012551
-0.013773
-0.012573
-0.000807
-0.015286
-0.033990
-0.023869
-0.023414
-0.001762
-0.018059
-0.001504
0.002104
-0.010570
-0.023239
0.002809
0.005177
0.021017
0.006572
0.001886
0.000960
-0.025884
-0.041025
-0.019877
-0.019780
-0.009993
-0.030258
-0.000277
-0.008876
-0.021641
-0.045914
-0.028099
-0.033125
-0.005133
-0.008136
-0.007934
-0.007398
-0.035133
-0.052600
-0.012889
-0.029408
-0.028669
-0.033674
0.001037
-0.001400
-0.039795
-0.058903
-0.027690
-0.004212
0.011185
-0.019647
-0.018016
0.003119
-0.013121
-0.029047
-0.014450
-0.014991
-0.006657
-0.009725
-0.015717
-0.023484
-0.022133
-0.013368
0.004921
0.003896
0.010790
0.010816
0.006079
0.008287
0.001155
-0.003556
0.008991
-0.000598
-0.018786
-0.017659
-0.000673
0.006823
0.006134
-0.002285
0.007669
0.012877
0.019107
0.012252
0.009596
0.003086
0.001434
-0.006543
-0.003444
-0.001655
0.003491
-0.004487
-0.002189
0.005101
0.014380
0.008656
0.009212
0.009162
0.011389
-0.008593
-0.007211
-0.006656
-0.024633
-0.029220
-0.013827
-0.006137
-0.003651
-0.009792
0.004180
0.007444
-0.016512
-0.020450
-0.016418
-0.004461
0.002341
-0.005661
-0.003794
0.000877
-0.015908
-0.026403
-0.013194
-0.004882
-0.009754
-0.011991
0.004420
0.009491
0.003800
0.001014
0.013563
0.011714
0.015063
0.003740
0.007459
0.006678
-0.004932
-0.015787
0.007249
-0.003542
0.006393
0.002722
0.012952
-0.011783
-0.016074
-0.028993
-0.016031
-0.006812
0.017850
-0.008032
-0.020104
-0.013937
-0.041667
-0.057185
-0.026487
-0.030189
-0.026046
-0.048013
0.003078
-0.009056
-0.021285
-0.039457
-0.024208
-0.026073
0.008649
-0.012192
-0.028072
-0.014192
-0.033793
-0.048916
-0.027923
-0.024425
-0.043182
-0.029148
0.024527
0.057566
0.054136
0.047326
0.059991
0.060209
0.049208
0.047356
0.045823
0.041063
0.028717
0.008900
0.019808
0.023110
0.006265
-0.008389
0.013331
0.010633
0.007777
-0.008942
-0.004566
0.002444
0.016464
-0.028092
-0.029177
-0.012684
-0.042735
-0.064728
-0.032571
-0.020525
0.001287
-0.037694
-0.010194
-0.007169
-0.018126
-0.054128
-0.029618
-0.025948
-0.002069
-0.024463
-0.021159
-0.005403
-0.019122
-0.033533
-0.021858
-0.008620
0.046358
0.060344
0.052855
0.010343
0.067145
0.046912
0.018135
0.022760
0.023467
0.002103
0.000799
0.014652
-0.001138
-0.015543
-0.004064
-0.009485
-0.030698
-0.032837
0.001189
0.009884
0.006172
-0.001521
0.006559
0.000397
0.008015
0.007463
-0.000280
-0.011095
-0.027404
-0.021297
0.000203
-0.008440
-0.009355
-0.015734
0.005129
0.008206
0.011469
-0.005290
-0.019672
-0.008071
0.001721
-0.015735
-0.023100
-0.013105
-0.032325
-0.050020
-0.030760
-0.022219
-0.013209
-0.017254
0.002043
-0.003431
-0.018140
-0.028562
-0.008955
-0.009682
0.003553
-0.014236
-0.013835
-0.012480
-0.028453
-0.039702
-0.029565
-0.019554
-0.002561
-0.018936
-0.015834
-0.022390
-0.024567
-0.027199
-0.006125
-0.015827
0.003469
-0.012150
-0.006206
-0.008473
-0.027915
-0.028941
-0.010850
-0.016231
-0.033994
-0.033278
0.005549
0.009044
-0.005772
-0.008227
0.002810
0.002582
0.001641
-0.003979
0.002234
0.004017
-0.012750
-0.025779
-0.002133
0.001759
-0.012419
-0.013274
0.012847
0.019575
0.008457
0.003072
0.007613
0.006890
0.007564
-0.004010
-0.004332
-0.004568
-0.017283
-0.026737
-0.003529
-0.000993
-0.006851
-0.007738
0.012225
0.009541
-0.000394
-0.006399
0.002472
0.002045
0.005612
-0.005943
-0.002841
0.001651
-0.020238
-0.037653
-0.008282
-0.001020
-0.010516
-0.001909
0.010698
0.002324
0.005679
0.002678
0.015857
0.004768
0.006955
0.002888
-0.001399
-0.004722
-0.007392
-0.018247
-0.003925
0.000656
0.001074
0.001913
0.003964
0.010310
0.021718
0.011083
0.024053
0.015207
0.015910
0.007023
0.010084
0.008783
-0.002734
-0.008098
0.003737
-0.000799
-0.003964
-0.011125
-0.005390
-0.009168
-0.015168
-0.014491
0.006359
0.007211
0.013297
0.001817
-0.005189
-0.000631
-0.010555
-0.015273
-0.004697
-0.014706
-0.023688
-0.013734
0.006212
0.010931
0.017642
0.015201
0.022365
0.021025
0.018456
0.009529
0.005004
0.006805
0.000474
-0.005351
0.005947
0.002722
0.000774
-0.008695
0.002300
0.011712
0.002579
0.002643
0.015910
0.008453
0.010190
0.010419
0.008572
0.000039
-0.006213
-0.007369
-0.000265
-0.002727
-0.012143
-0.015984
0.004271
0.009905
0.005430
0.005539
0.005269
0.008946
0.007327
-0.004432
0.005098
0.006267
-0.002314
-0.012447
-0.000800
0.002972
-0.012312
-0.012130
0.006180
0.023967
0.035620
0.036851
0.026428
0.023412
0.018818
0.011274
0.013703
0.010875
0.006730
0.007568
0.005745
-0.000170
-0.002822
-0.002032
-0.001224
0.007522
0.010587
0.008788
0.008923
0.011003
0.006128
-0.003342
0.001740
0.005121
-0.000105
-0.009495
0.009086
0.008501
0.002395
-0.006585
0.001338
0.003961
0.014376
0.008169
0.008565
0.007555
0.013937
0.002063
-0.000429
0.002752
-0.007040
-0.014162
-0.000556
0.012926
0.005202
0.000398
0.020016
0.026883
0.022982
0.016680
0.019120
0.013932
0.003330
-0.003586
0.003323
0.009004
0.005492
-0.000323
-0.004597
-0.008767
0.000179
0.007317
0.012880
0.010693
0.031592
0.025938
0.022226
0.019871
0.023914
0.012058
0.004275
0.002020
-0.004762
-0.007981
-0.004645
0.004541
0.030692
0.020980
0.020878
0.021903
0.055187
0.049061
0.036690
0.032767
0.036402
0.019846
0.004531
0.002961
-0.005503
-0.007444
0.005376
-0.000486
-0.015161
-0.010404
0.013574
0.019359
0.025949
0.018898
0.011099
0.012781
0.018296
0.004556
-0.002069
0.004334
-0.006044
-0.014550
-0.002127
0.006777
-0.005513
-0.013303
0.002003
0.019111
0.020305
0.018573
0.005497
0.002071
0.008321
0.003523
-0.010945
-0.004782
-0.005627
-0.021089
-0.008914
0.001924
-0.000719
-0.005884
-0.005458
0.000083
0.007381
0.008824
0.009108
0.012638
0.019327
0.019787
0.011010
0.029832
0.038123
0.042460
0.026100
0.042186
0.090661
0.088688
0.107524
0.071306
0.091081
0.066558
0.032252
0.033687
0.031687
0.003746
-0.001751
0.001173
-0.023516
-0.020565
-0.003748
-0.003534
-0.007313
-0.018388
0.002990
0.008318
-0.006221
-0.001895
0.005622
0.003488
0.009191
0.001268
-0.003214
0.005953
-0.006522
-0.026408
-0.005910
-0.001441
-0.026889
-0.024169
0.016034
0.035429
0.031846
0.026161
0.026113
0.026532
0.035494
0.037039
0.032942
0.032523
0.028671
0.006783
0.018916
0.026264
0.030201
0.013718
0.008860
-0.008564
0.001910
-0.005582
-0.006725
-0.017631
0.009389
-0.036321
-0.065418
-0.033746
-0.068644
-0.091068
-0.061501
-0.049440
-0.019804
-0.059477
0.011224
-0.008303
-0.045989
-0.083891
-0.043764
-0.028760
-0.013353
-0.039841
-0.040029
-0.010299
-0.027332
-0.051247
-0.054873
-0.017043
0.014298
-0.000780
0.001952
0.013847
0.063560
0.037119
0.015997
0.025628
0.026830
0.004851
-0.001368
-0.002195
0.004511
0.001288
-0.001138
-0.018599
-0.021937
-0.021162
0.004486
0.002746
0.001070
-0.004847
0.016390
0.010707
0.008773
0.002182
0.002806
-0.003917
-0.020700
-0.020224
-0.000001
0.000604
-0.003202
-0.010092
-0.000066
0.003843
0.008295
-0.008722
-0.012061
-0.006244
0.009107
-0.007884
-0.008756
0.005787
-0.007312
-0.018639
0.000205
-0.010207
-0.015834
-0.006023
0.011578
0.006608
-0.004659
-0.012415
0.016151
0.006776
0.002788
0.005429
0.012849
0.004359
-0.021658
-0.029852
0.001923
0.000098
-0.009521
-0.008860
0.006803
0.001180
-0.007032
-0.017602
0.000729
0.005662
-0.003599
-0.016770
-0.005629
-0.006905
-0.016521
-0.017614
0.004151
0.001250
-0.010880
-0.013025
0.000109
0.008974
0.009648
0.009006
0.006789
-0.002113
-0.007433
-0.000396
-0.002856
-0.002975
-0.012854
-0.019347
-0.007425
-0.000621
-0.015343
-0.019745
0.004428
0.014759
0.007920
0.002274
-0.006229
-0.002495
0.009990
-0.003997
-0.007809
-0.012388
-0.019904
-0.027222
-0.014415
-0.005346
0.011882
0.000377
0.001080
-0.001927
-0.012799
-0.010385
-0.005419
-0.007226
0.003732
-0.007709
-0.008611
-0.005618
-0.033246
-0.042102
-0.020048
-0.015919
-0.012232
-0.026095
-0.005161
-0.010057
-0.022626
-0.019783
-0.001009
-0.001439
0.015898
-0.001846
-0.007021
0.002095
-0.014808
-0.024654
-0.014417
-0.008647
-0.025242
-0.029816
0.001879
0.012517
0.003681
-0.012942
-0.001056
0.009183
0.009891
-0.007530
-0.003666
0.000028
-0.005721
-0.023313
-0.003895
0.006228
-0.001475
-0.011915
-0.000513
0.003323
-0.004982
-0.014382
0.003541
0.009077
0.018579
0.004929
0.004240
0.003611
-0.012427
-0.023995
-0.010002
0.003608
0.001853
-0.008992
0.007390
0.011058
-0.006800
-0.021388
-0.003298
0.013892
0.027719
0.006302
0.003497
0.017632
0.013480
0.003556
-0.003576
0.000659
0.006076
0.006640
0.017889
0.008910
0.020745
0.006033
0.017246
0.015568
0.006534
-0.005298
0.006865
0.002719
-0.013294
-0.009225
0.003243
-0.004885
-0.005715
-0.004309
0.003101
-0.004886
0.004009
0.001881
0.014674
0.006772
0.005112
-0.013377
-0.015588
-0.007057
-0.012894
-0.024164
-0.006083
-0.005239
-0.010627
-0.014956
0.000078
-0.000006
-0.001153
-0.000075
-0.000622
0.002518
0.017063
0.000738
-0.011653
-0.001369
-0.007654
-0.020642
-0.000780
-0.007734
-0.023418
-0.011632
0.013700
0.020811
0.013400
0.016125
0.022242
0.017560
0.004667
0.007098
0.016046
0.011566
0.013234
0.001357
0.010059
0.011061
0.001615
-0.000466
0.014208
0.016102
0.016851
0.014161
0.016373
0.013052
0.011220
0.006869
-0.001817
-0.008846
-0.012224
-0.016586
0.000108
-0.000591
-0.016903
-0.017991
0.004198
0.018870
0.022549
0.018657
0.013637
0.013897
0.005258
0.004062
0.007878
0.009182
0.006146
0.003200
0.001926
-0.001417
-0.001630
0.004680
0.017195
0.018569
0.010811
0.013795
0.019575
0.013956
-0.001133
-0.004970
0.006280
0.004013
-0.004237
-0.007131
0.004440
0.009445
0.000049
-0.006043
0.007401
0.008326
0.007980
0.007301
0.001530
0.007874
0.017879
0.004904
-0.001607
0.004758
-0.007642
-0.020173
0.001335
0.008129
-0.009005
-0.012026
0.000904
0.008486
0.002566
-0.002302
-0.000736
0.006966
0.007181
0.002590
0.005522
0.011144
-0.005051
-0.014375
-0.005802
-0.002369
0.001109
0.001319
0.003076
-0.001095
-0.000689
0.001643
0.015810
0.013931
0.011309
-0.001944
0.000968
0.003332
-0.015459
-0.022200
-0.010493
0.001738
-0.001468
-0.010485
0.006260
0.014035
-0.001617
-0.015509
-0.009575
-0.003084
0.014718
0.002474
-0.005661
0.001322
-0.018834
-0.024516
-0.001349
-0.008247
-0.019025
-0.016463
0.006952
0.003896
-0.003495
0.008795
0.015611
0.003070
0.008683
0.009567
-0.000059
-0.004912
-0.007932
-0.001494
0.011380
-0.001264
-0.011998
-0.008452
0.006432
0.011876
0.011867
0.005181
-0.005631
-0.005817
-0.002853
-0.006430
-0.011494
-0.008155
-0.018648
-0.029783
-0.005948
0.004373
0.003676
-0.008662
0.001439
0.002263
-0.000277
-0.009605
-0.007179
-0.003556
0.023886
0.004899
-0.001895
-0.003539
-0.028809
-0.043916
-0.023457
-0.009163
-0.003529
-0.019198
-0.005404
-0.000939
-0.009187
-0.009867
0.006453
0.004933
0.018251
-0.004187
-0.007401
-0.004128
-0.018731
-0.033873
-0.012271
-0.011884
-0.017169
-0.022229
-0.005106
-0.004471
-0.004909
-0.006847
0.000867
0.000559
0.004783
-0.020970
-0.014908
-0.003387
-0.025623
-0.031372
-0.012858
-0.014765
-0.011247
-0.022406
-0.000323
0.002429
-0.004118
-0.019812
-0.019047
-0.009740
0.015836
-0.012806
-0.006440
-0.000471
-0.028548
-0.040150
-0.024737
-0.023857
-0.015083
-0.014832
-0.005975
-0.012852
-0.015752
-0.023062
-0.005628
-0.002607
0.010858
-0.014590
-0.013216
-0.008437
-0.017155
-0.028188
-0.010717
-0.011291
-0.012825
-0.019279
-0.001462
-0.000689
-0.009845
-0.013621
0.015765
0.011048
0.008391
-0.002834
-0.002441
0.000738
-0.004320
-0.008374
0.005640
-0.003776
-0.010261
-0.019530
0.002960
0.000336
-0.009175
-0.008282
0.011901
0.006623
0.010683
-0.000686
-0.004137
0.004732
-0.002266
-0.007760
0.001815
-0.007299
-0.021460
-0.019566
0.002042
0.004025
0.000277
-0.005700
-0.000360
0.002651
0.011337
0.001125
0.004390
0.008311
-0.010395
-0.030795
-0.018459
-0.013699
0.003999
-0.005201
-0.006199
-0.011371
-0.006255
-0.015913
0.000996
0.009999
0.016723
-0.004967
-0.009615
-0.005490
-0.024427
-0.014851
-0.000048
-0.010721
-0.027036
-0.020707
0.006945
0.008258
0.004175
-0.008576
0.006405
0.002353
-0.000992
-0.005101
0.001330
0.005289
-0.014333
-0.022966
-0.000109
0.007009
-0.006929
-0.012588
0.006527
0.012057
0.007907
0.001841
-0.005256
0.000515
0.013141
-0.005994
-0.008649
-0.001148
-0.028200
-0.043118
-0.008527
-0.001643
-0.014009
-0.016958
0.010956
0.023855
0.013415
0.012536
0.004829
0.009917
0.011281
-0.005709
-0.003437
0.001937
-0.003271
-0.017561
-0.000456
-0.004709
-0.008536
-0.004361
0.001515
0.004450
0.020071
0.021451
0.021840
0.017042
0.018583
0.013623
0.012421
0.010247
-0.001288
-0.010534
0.006196
0.007568
-0.006210
-0.011765
0.010475
0.011549
0.003971
-0.000683
0.000209
-0.003108
0.005165
-0.006875
-0.010285
-0.002189
-0.011288
-0.020827
-0.004218
-0.004586
-0.016466
-0.011126
0.009988
0.015740
0.010554
0.003963
0.000386
0.010280
0.016548
-0.004979
-0.010928
-0.000744
-0.013636
-0.020631
0.002232
0.008345
-0.007880
-0.010211
0.009336
0.019473
0.024874
0.028587
0.017040
0.011039
0.011690
0.005147
0.005003
0.017073
0.005956
-0.013337
-0.001657
0.002456
0.000819
0.006586
0.021321
0.020821
0.014849
0.014156
0.026540
0.020792
0.017472
0.012647
0.013453
0.010628
0.000044
-0.011187
0.008964
0.007926
-0.009444
-0.013606
0.012072
0.020672
0.027971
0.018132
0.021021
0.019187
0.018031
-0.001575
-0.004347
0.003420
-0.008964
-0.024542
0.005354
0.003719
0.002383
-0.003764
0.009272
0.010208
-0.006109
0.002394
0.004827
0.001224
-0.001795
-0.003925
-0.003667
0.002498
0.009360
0.005972
0.007536
0.003263
-0.026983
-0.056591
-0.055816
