-0.012602
-0.006889
-0.005834
0.019486
-0.009080
-0.009051
0.017093
0.012625
0.023402
0.011232
0.019099
0.026537
0.032989
0.019371
0.023097
0.020743
0.027504
0.030045
0.036480
0.041727
0.057875
0.070718
0.083880
0.086900
0.102954
0.138822
0.221035
0.309780
0.391614
0.448314
0.476711
0.481922
0.417038
0.319523
0.225852
0.133572
0.113342
0.084946
0.044633
0.035217
0.033185
0.029577
0.034983
0.030911
0.025420
0.012049
0.005265
0.019402
0.033675
0.035703
0.029089
0.015189
0.010931
0.017259
0.012694
0.013779
0.009443
-0.007203
-0.009002
0.010395
0.011514
0.009314
-0.003763
0.010092
0.006805
-0.006655
-0.005548
-0.002543
-0.005824
0.008176
0.002449
-0.004728
0.002770
-0.021946
-0.028005
0.000416
0.001232
-0.016199
-0.009717
0.025789
0.042383
0.024271
0.021026
0.005049
0.021133
0.028713
0.021270
0.015706
0.027745
0.010311
-0.005259
0.013216
0.018236
-0.000388
0.008732
0.024171
0.032799
0.032773
0.039450
0.042237
0.051146
0.045459
0.041781
0.029475
0.031168
0.029505
0.031758
0.031771
0.038777
0.069617
0.107815
0.125219
0.115469
0.098021
0.095999
0.100940
0.109599
0.098253
0.092149
0.082767
0.072121
0.064106
0.062069
0.046669
0.054247
0.061551
0.070389
0.066259
0.059137
0.054215
0.055056
0.060652
0.072822
0.068480
0.064079
0.052343
0.050173
0.038054
0.037904
0.038336
0.043292
0.047417
0.046198
0.034646
0.032593
0.038658
0.044683
0.044943
0.041271
0.028916
0.017605
0.015125
0.029325
0.031653
0.033287
0.025271
0.022369
0.020055
0.018244
0.021641
0.023365
0.032561
0.045193
0.030640
0.025013
0.024422
0.016447
0.006816
0.018585
0.016634
0.014833
0.020020
0.027888
0.030013
0.049190
0.083884
0.081069
0.066363
0.058399
0.058037
0.050822
0.030505
0.027928
0.031660
0.032263
0.021380
0.023975
0.020295
0.029836
0.015647
0.011446
0.027413
0.050236
0.048086
0.044129
0.037417
0.038116
0.021085
0.021164
0.020558
0.031658
0.024403
0.013702
0.020224
0.029835
0.013351
0.013349
0.018553
0.029984
0.036187
0.038690
0.034948
0.032002
0.015801
0.008230
0.009885
0.010951
0.007503
0.009232
0.008886
0.011317
0.005034
0.005333
0.011719
0.010625
0.009627
0.011069
0.013958
0.013821
0.007255
-0.003124
0.000596
0.011124
-0.007547
-0.013374
-0.007400
0.004363
0.008822
0.005893
0.009432
0.009799
0.017033
0.004555
0.017953
0.022571
0.010085
0.006038
0.004965
0.011418
0.003055
0.004029
0.006749
0.002463
-0.003708
-0.006785
0.000477
0.005318
0.017000
0.017278
0.032419
0.028701
0.013986
0.017096
0.015759
0.014885
0.005462
0.005739
0.020173
0.019458
0.000504
-0.000237
0.013496
0.020751
0.018448
0.024310
0.016090
0.013633
0.000210
0.001447
-0.003599
0.009627
0.010818
0.002914
0.007620
0.016779
-0.001373
0.006426
0.033420
0.050646
0.043536
0.050009
0.072934
0.079675
0.061434
0.069140
0.073207
0.067969
0.061197
0.054099
0.030878
0.032279
0.014159
0.008422
0.009844
0.020584
0.028366
0.023441
0.010650
0.006022
0.004060
-0.006868
-0.003446
0.001502
-0.003811
-0.012560
-0.003740
0.007414
0.012661
0.007754
0.008780
0.017844
0.022703
0.025332
0.015810
0.016016
0.015250
-0.010824
-0.015774
-0.005551
-0.018160
-0.018573
-0.003944
-0.000411
-0.015466
-0.010951
0.009997
0.020201
0.007743
0.016238
0.012468
0.022004
0.008632
0.005632
0.007265
0.020239
0.008504
0.000651
0.011760
0.017745
-0.004743
-0.006421
0.016364
0.027365
0.026629
0.040378
0.038517
0.043734
0.039370
0.029301
0.022854
0.030671
0.024340
0.022811
0.031219
0.039605
0.035459
0.036219
0.044819
0.053767
0.059669
0.060927
0.066993
0.064544
0.043337
0.036146
0.030537
0.028309
0.017934
0.018267
0.018301
0.028084
0.016781
0.013979
0.020445
0.036187
0.038591
0.048391
0.051394
0.051663
0.029599
0.026247
0.026283
0.033497
0.020653
0.013265
0.015106
0.024862
0.010681
0.002056
0.009489
0.029386
0.036390
0.035578
0.030707
0.034025
0.019545
0.012497
0.014218
0.024351
0.011830
0.008773
0.015721
0.029764
0.023029
0.026470
0.035298
0.050655
0.056292
0.076121
0.083871
0.108700
0.128683
0.162031
0.161419
0.175554
0.186260
0.230256
0.272229
0.314680
0.328333
0.340607
0.304002
0.256535
0.212273
0.173591
0.121936
0.108496
0.099550
0.096413
0.094903
0.107641
0.105649
0.116776
0.127110
0.137767
0.151478
0.165512
0.150335
0.119086
0.093768
0.091905
0.081722
0.081735
0.060398
0.047212
0.043601
0.045926
0.041504
0.043887
0.041975
0.037468
0.030732
0.032202
0.036349
0.041825
0.042597
0.047801
0.044759
0.035036
0.024050
0.020408
0.020396
0.021838
0.011579
0.020417
0.021441
0.028491
0.015907
0.007178
0.015205
0.031708
0.039343
0.030858
0.011618
0.010076
0.019557
0.028805
0.020966
0.016443
0.004502
-0.005602
0.006428
0.011750
0.000755
-0.001069
0.007008
0.011699
0.009368
0.020589
0.007043
0.009310
-0.000685
-0.013432
-0.008103
0.015255
-0.004246
-0.005877
0.016816
0.013021
-0.010889
-0.008983
0.013441
0.023108
0.022303
0.024853
0.024703
0.020337
0.011915
0.001185
0.001885
0.002789
-0.006897
-0.009070
0.002267
0.009841
0.002477
-0.000844
0.014656
0.022757
0.016424
0.014852
0.013346
0.009263
0.009066
0.002901
-0.003423
-0.005098
-0.010277
-0.014544
0.002600
-0.002713
-0.017053
-0.010974
0.016035
0.020368
0.010919
0.015275
0.014272
0.014391
0.019334
0.008085
0.005067
0.010045
-0.001758
-0.000991
0.000688
0.001464
-0.015953
-0.014970
0.004799
0.019775
0.012648
0.016310
0.015180
0.018567
0.012021
0.009844
0.010445
0.018878
0.004755
-0.000247
0.008569
0.010457
-0.001015
-0.003422
0.012105
0.013588
0.016191
0.018386
0.008344
0.003018
0.006699
0.002171
0.001346
0.000712
-0.003927
-0.005096
0.009588
0.004247
-0.007523
-0.006974
0.007971
0.011480
0.010885
0.009120
0.002078
0.010174
0.020042
0.005476
0.003842
0.014387
0.010903
0.000370
-0.002163
0.001910
0.028888
0.028531
0.027873
0.019525
0.041932
0.046057
0.024168
0.018129
0.012575
0.006158
0.011470
0.007339
0.001694
0.004287
0.010327
0.004651
-0.009285
-0.007643
0.014768
0.020848
0.011392
0.009867
0.018973
0.016374
0.008132
0.008562
0.008957
0.007481
-0.003859
-0.007910
0.002614
0.005815
-0.009646
-0.010034
0.007012
0.011755
0.005500
0.001215
0.005727
0.006691
0.006866
-0.005814
0.000411
0.005437
-0.007784
-0.016342
-0.008123
-0.008663
-0.007482
-0.006060
0.008560
0.009269
0.005086
0.001193
0.002385
-0.001602
-0.002312
-0.006037
-0.002632
-0.009529
-0.017388
-0.021974
0.001527
0.000393
-0.007854
-0.009691
0.000385
0.006220
0.010331
0.014714
0.005281
0.009469
0.016945
-0.001124
-0.008788
0.006017
0.006371
-0.004210
0.000609
0.001622
0.000596
0.002398
0.014453
0.020976
0.032532
0.032498
0.024714
0.018993
0.022514
0.016511
0.002228
-0.002489
-0.003545
0.000910
0.020436
0.010061
-0.003293
-0.002333
0.019130
0.020969
0.013783
0.016515
0.007450
0.012209
0.016989
0.009729
0.014929
0.017109
-0.002577
-0.011123
0.012070
0.016167
-0.001103
-0.012229
0.004346
0.009129
0.007259
0.002666
-0.001286
0.007769
0.009184
-0.012010
-0.004536
0.006535
-0.004633
-0.016759
-0.005754
-0.005578
-0.020240
-0.017736
0.002447
0.011017
0.000635
-0.000371
0.010304
0.008934
0.005227
0.000877
-0.001733
-0.000834
0.003728
0.001784
0.006339
-0.003713
-0.009541
-0.008177
-0.006905
-0.003311
0.005246
0.013969
0.015913
0.011526
0.007645
0.003690
0.005133
0.007473
0.000415
-0.007125
0.004774
0.005584
-0.009907
-0.013630
0.007817
0.011332
0.004665
0.005691
0.015697
0.012475
0.000296
-0.010548
-0.004885
0.000458
-0.012011
-0.019082
0.000827
0.003278
-0.008684
-0.010161
0.002892
0.006223
0.001712
-0.001495
-0.000354
-0.000849
-0.005055
-0.004741
-0.001129
0.000938
-0.009709
-0.018503
-0.002985
-0.004452
-0.008123
-0.011680
-0.001612
0.001503
0.008575
0.001969
0.008300
0.008278
0.014151
0.000621
0.000089
0.002629
-0.002971
-0.006096
0.006855
0.005047
-0.005240
-0.005252
0.010914
0.015073
0.022374
0.017772
0.011793
0.000116
0.009746
0.003713
-0.006165
-0.001616
-0.012339
-0.023451
-0.002937
-0.002831
-0.010969
-0.011635
0.002895
0.002495
-0.007740
0.003431
0.000673
0.004062
0.022830
0.011007
-0.009092
0.008617
-0.007337
-0.025412
-0.010724
-0.015874
-0.029945
-0.005602
0.038111
0.057021
0.065430
0.067070
0.062126
0.057500
0.047598
0.042185
0.035118
0.035875
0.023707
0.012206
0.026145
0.019544
-0.007169
0.003208
0.031278
0.033806
0.025805
0.028932
0.024013
0.014612
0.006012
-0.000294
0.007053
0.008720
-0.004496
-0.005827
0.010549
0.000994
-0.006723
-0.005614
0.005062
0.001299
0.004486
0.005246
0.003006
0.002470
0.008089
-0.005346
-0.006898
0.001247
-0.009661
-0.019225
-0.006353
-0.004173
-0.018784
-0.016097
0.001574
0.012451
0.011581
0.010761
0.012453
0.016334
0.001230
0.002308
0.007178
0.015022
0.013818
0.004366
0.004653
0.009901
0.000443
0.001815
0.008839
0.016517
0.025780
0.030142
0.026950
0.015541
0.003536
0.004305
0.009261
0.008264
0.009443
0.005327
0.009222
0.008555
-0.006680
-0.010895
0.008211
0.014304
0.008213
0.013987
0.020411
0.020930
0.010620
0.000371
0.007232
0.013636
0.008655
0.001120
-0.000099
-0.002516
-0.013554
-0.013992
-0.001165
0.008833
0.018652
0.020409
0.018950
0.017929
0.005337
0.010184
0.015132
0.016854
0.008910
-0.000459
0.007959
0.012180
0.000352
-0.004506
0.005683
0.008886
0.014290
0.015126
0.009884
0.009681
0.005629
-0.007549
-0.003595
0.002986
-0.000591
-0.002069
0.003580
0.001343
-0.013998
-0.013071
0.000578
0.010198
0.011751
0.016286
0.017883
0.021461
0.008526
0.008620
0.011159
0.016228
0.004947
0.005188
0.006909
0.009615
-0.003551
-0.003515
0.012052
0.021900
0.021591
0.024474
0.019396
0.016510
0.005939
0.006765
0.007832
0.011215
0.006607
0.007350
0.007055
0.014414
0.005063
-0.003142
0.005438
0.018760
0.019295
0.013693
0.012315
0.013406
-0.000668
-0.001632
0.003215
0.012023
0.007649
-0.002935
-0.001748
0.008591
0.001376
-0.005765
0.000943
0.007663
0.009842
0.010790
0.011161
0.007291
-0.003510
-0.006324
0.002452
0.006268
-0.003924
-0.007429
0.004371
0.009642
-0.001536
-0.005036
0.004154
0.009237
0.004212
0.005890
-0.000464
0.003388
0.012105
0.002012
-0.004270
-0.000318
-0.004995
-0.018041
-0.001491
0.003474
-0.004821
-0.008720
0.009241
0.017424
0.011443
0.009170
0.002210
0.009594
0.010871
-0.009865
-0.004963
-0.001753
-0.007710
-0.014894
0.001499
0.002799
-0.007522
-0.012708
0.002884
0.006013
0.004591
0.001708
0.004886
0.007233
0.005421
-0.008355
-0.003263
0.001414
-0.009417
-0.014693
-0.002687
-0.001613
-0.009365
-0.012906
0.005350
0.018764
0.010995
0.011461
0.012484
0.019194
0.022672
0.008744
0.005119
0.011767
-0.001119
-0.016783
0.009362
0.007523
-0.012341
-0.012767
0.007955
0.010255
0.010133
0.011312
0.006849
0.009120
0.014906
0.005778
0.008046
0.009031
-0.000864
-0.014672
-0.001687
-0.000059
-0.005295
-0.006225
0.006494
0.009094
0.008152
0.009554
0.009373
0.004413
0.005316
0.002927
-0.002737
-0.008143
-0.007374
-0.013058
-0.002897
-0.008576
-0.014437
-0.009299
0.001769
-0.001118
0.003818
0.000595
0.006752
0.007807
0.010786
-0.002223
-0.000454
0.006959
-0.013630
-0.017609
0.007418
0.000305
-0.017359
-0.012204
0.009272
0.012591
-0.004836
-0.000848
0.009651
0.011444
0.000221
-0.009806
-0.003743
0.006692
-0.002934
-0.007148
-0.000515
-0.005691
-0.020605
-0.017185
0.003592
0.010522
0.009684
0.006984
0.008781
0.007687
-0.003222
-0.006858
0.004371
0.006794
0.001494
-0.004557
0.003955
0.005791
-0.008867
-0.014043
0.002013
0.010879
0.012931
0.012333
0.003808
0.003445
0.004461
-0.002047
-0.000269
0.003048
0.001184
-0.004062
0.000070
-0.000525
-0.006945
-0.004694
0.001689
0.006703
0.012714
0.014633
0.010450
0.006643
0.000463
-0.006736
-0.002340
0.001178
-0.009713
-0.015256
0.005313
0.002580
-0.012618
-0.007882
0.001386
0.009469
0.012013
0.017667
0.018322
0.019451
0.016578
0.017033
0.012593
0.017204
0.008853
0.003339
0.010526
0.004751
-0.007185
-0.000886
0.008041
0.012728
0.023289
0.021718
0.016526
0.016391
0.012090
0.002375
0.001493
0.003885
0.004725
-0.000492
0.009481
0.008742
0.008548
0.009498
0.013822
0.006958
0.007815
0.008414
0.019475
0.013938
0.013632
0.005217
0.006378
0.005223
-0.005357
-0.014162
0.001853
0.007718
-0.005033
-0.016302
0.002762
0.009492
-0.007647
-0.004673
0.003143
0.008257
0.009476
-0.005265
0.000018
-0.004761
-0.021241
-0.028797
-0.000452
0.002279
0.005947
-0.018217
0.003905
-0.012506
-0.016991
-0.042439
-0.050269
-0.042044
-0.014831
-0.043489
-0.042663
-0.009587
-0.055211
-0.078119
-0.041584
-0.042030
-0.034031
-0.056067
0.004403
-0.004818
-0.028564
-0.070091
-0.032087
-0.021015
0.001998
-0.003859
-0.009993
-0.007296
-0.044809
-0.071194
-0.018436
-0.027604
-0.029546
-0.045820
0.000764
-0.021421
-0.033273
-0.064938
-0.029798
-0.019774
-0.013525
-0.037815
-0.013024
0.003074
-0.047698
-0.063832
-0.021566
-0.035027
-0.037150
-0.039163
0.006623
-0.020771
-0.041157
-0.046486
-0.015966
-0.022685
0.001800
-0.006941
-0.012277
-0.010843
-0.022921
-0.028356
-0.002671
-0.020727
-0.039701
-0.027720
0.014518
0.015402
0.008695
0.009278
0.009508
0.006769
0.015584
0.014910
0.012136
0.014871
0.011426
-0.006287
0.003585
0.001167
-0.010283
-0.005703
0.011815
0.010408
0.019067
0.029371
0.017718
0.014332
0.017790
0.007707
0.005704
0.006599
0.002321
-0.003146
0.001687
0.003364
-0.008814
-0.007806
0.007593
0.017480
0.018955
0.015617
0.016626
0.018727
0.010404
-0.000250
-0.001545
0.009077
0.011955
0.007902
0.007494
0.004996
-0.007487
-0.004445
0.008131
0.017983
0.017333
0.013368
0.015130
0.014424
0.006855
0.003157
0.000356
-0.001080
-0.003445
-0.010960
0.000948
0.008868
0.001280
-0.009411
0.002985
0.015867
0.010228
0.004597
0.006091
0.013943
0.004614
-0.008139
0.001210
0.006200
0.000045
-0.004145
0.002187
0.008687
-0.011944
-0.013483
0.009144
0.020512
0.009255
0.012210
0.014688
0.015508
-0.001402
-0.005441
0.001437
0.009157
0.008069
-0.004580
0.004849
0.008586
-0.002253
-0.005548
0.001070
0.007442
0.014397
0.022912
0.021453
0.007576
-0.006279
-0.003602
0.000855
0.002719
-0.003900
-0.007508
0.002786
0.005198
-0.015854
-0.016922
0.002765
0.015108
0.012862
-0.002344
-0.005670
-0.003230
0.006637
-0.001621
-0.002441
-0.003515
-0.016652
-0.019023
-0.004439
-0.000391
-0.002831
-0.007258
0.002144
0.015376
0.007502
0.000816
0.010761
0.011833
0.007169
0.001493
0.003334
0.008107
-0.000590
-0.015872
-0.000275
0.000675
0.004881
0.006215
0.002208
-0.000703
0.008007
0.007519
0.018730
0.022653
0.022742
-0.004665
-0.012166
-0.001244
-0.004314
-0.011389
-0.000313
-0.005611
-0.013410
-0.012348
-0.003756
-0.001302
0.007142
0.004085
0.010871
0.011321
0.006583
-0.000619
-0.002385
-0.000012
-0.005473
-0.011325
0.001356
-0.003361
-0.010149
-0.020336
0.000064
0.003606
0.000530
0.004915
0.003415
0.000331
0.007787
-0.002693
-0.006748
-0.003782
-0.014376
-0.016834
-0.004179
-0.001774
-0.014628
-0.017648
0.006797
0.021111
0.017154
0.010729
0.003911
0.005835
0.002604
-0.009896
-0.002523
0.006413
-0.004026
-0.012313
-0.003738
-0.007536
-0.014125
-0.008999
0.006675
0.008657
0.012981
0.017472
0.018685
0.015236
0.014119
0.012195
0.012892
0.013275
0.002347
-0.007590
0.004878
0.005015
-0.004782
-0.003746
0.011242
0.015911
0.026873
0.030238
0.031261
0.018930
0.012360
0.005061
0.001614
0.000041
-0.008447
-0.011407
0.003884
0.000234
-0.008300
-0.003164
0.005114
0.008663
0.005271
0.008241
0.008632
0.003405
-0.002953
-0.010189
-0.005581
0.002660
-0.005446
-0.014474
0.002337
0.003318
-0.020760
-0.018047
0.009143
0.017926
0.008914
0.010810
0.011776
0.016713
0.011238
0.000717
0.004522
0.015658
0.003371
-0.003879
0.000073
0.002044
0.001805
0.002129
0.008814
0.013892
0.013894
0.009937
0.012098
0.008094
0.008142
-0.003447
-0.006272
-0.004292
-0.006577
-0.017774
-0.011713
-0.005747
0.002358
-0.001421
-0.002094
-0.000279
-0.000100
0.003182
0.011261
0.014654
0.008616
-0.000292
0.008982
0.009079
0.010873
0.006382
0.014873
0.006769
-0.013984
-0.015986
0.009731
0.016385
0.014127
0.020718
0.014329
0.015490
0.009200
0.001288
0.005063
0.010931
0.002021
0.001100
0.009509
0.016116
-0.001048
-0.007052
0.009256
0.026542
0.028340
0.024491
0.016758
0.021406
0.023620
0.014369
0.009477
0.015007
0.010133
-0.001618
0.013252
0.009225
0.000596
0.001117
0.006320
0.011058
0.021407
0.025070
0.021527
0.012422
0.011767
0.006774
0.003867
0.004306
-0.003762
-0.015792
-0.002006
-0.001313
-0.012826
-0.014743
0.006164
0.017917
0.016947
0.018624
0.019376
0.022178
0.018611
0.011311
0.013132
0.020796
0.015129
0.007030
0.004858
0.007168
0.004627
-0.002249
0.005758
0.013018
0.021496
0.026015
0.018836
0.011187
0.009757
-0.000282
0.005378
0.007288
-0.003609
-0.002287
0.004428
0.004288
-0.011039
-0.011462
0.011262
0.023650
0.024423
0.023288
0.010759
0.015218
0.015034
-0.003512
-0.005856
0.002765
-0.002134
-0.012744
0.001967
0.002199
-0.012705
-0.008308
0.007962
0.023542
0.033145
0.028707
0.018726
0.016466
0.010401
0.005852
0.011190
0.016108
0.015384
0.012281
0.012729
0.003380
-0.004646
-0.004032
0.002698
0.005355
0.011041
0.013515
0.013025
0.010156
0.010853
0.004880
0.007664
0.007010
-0.000488
-0.001247
0.004139
0.007897
-0.003090
-0.007213
0.003907
0.018127
0.016811
0.016382
0.011515
0.009870
0.004018
0.003355
0.005125
0.008970
-0.004685
-0.014090
0.000997
0.007469
-0.008498
-0.013596
0.002160
0.012602
0.011678
0.008963
0.003994
0.007870
0.004670
-0.007673
-0.002608
0.003991
-0.003601
-0.011088
0.000646
0.001667
-0.013929
-0.011616
0.010064
0.020404
0.018034
0.014613
0.012986
0.009614
0.002268
-0.015093
-0.002954
0.004264
-0.014362
-0.024644
-0.009554
-0.006493
-0.005735
-0.008642
-0.000623
0.002531
-0.004051
-0.007511
0.004903
0.003680
0.004600
-0.006136
-0.012590
0.003275
-0.011298
-0.028493
-0.003632
-0.003217
-0.017842
-0.020418
0.000289
0.004904
0.003419
-0.008470
0.009457
0.009951
0.013319
-0.002307
0.004313
0.007904
-0.009049
-0.010282
0.003827
-0.004073
-0.020159
-0.012399
0.006042
0.011558
0.016356
0.014456
0.013739
0.010863
0.008935
-0.002523
-0.003906
0.001404
-0.007324
-0.010924
0.000311
0.000910
-0.003392
-0.013559
-0.005599
0.001427
0.004205
0.009948
0.014153
0.009270
0.017724
0.011259
0.002518
0.000479
0.000222
-0.004913
0.004091
-0.004081
-0.007799
-0.001110
0.009516
0.017699
0.022289
0.013688
0.018088
0.016556
0.006327
-0.006335
-0.007677
0.000769
0.000189
-0.010053
0.004926
-0.001693
-0.005836
-0.005432
-0.000187
-0.002720
-0.000066
0.001661
0.006761
0.010824
0.014705
-0.000852
-0.002855
-0.004679
-0.013380
-0.019955
-0.008093
-0.005699
-0.014330
-0.017065
0.006106
0.014903
0.006106
0.006290
0.007510
0.006968
0.004481
-0.006458
0.001308
-0.003564
-0.009275
-0.013032
-0.003689
-0.010286
-0.015192
-0.013843
-0.000238
0.002771
0.001612
-0.001359
0.005130
0.006486
-0.006534
-0.017371
-0.006617
0.002739
-0.008027
-0.012185
-0.001722
0.000695
-0.014999
-0.014660
-0.000256
0.016796
0.023439
0.020512
0.005950
0.006873
0.006157
-0.006359
-0.007357
-0.002998
-0.011081
-0.014443
-0.008097
-0.002522
0.002758
-0.001695
0.003332
0.015484
0.012744
0.010276
-0.003016
0.002838
0.004977
-0.006450
-0.006966
-0.005317
-0.006071
-0.009925
-0.003597
-0.008209
-0.010216
-0.006019
0.005416
0.002513
0.003662
0.002815
0.012307
0.004219
0.005440
0.003870
0.005230
-0.001672
-0.000487
-0.003256
0.006097
0.002849
-0.009379
-0.015739
0.002385
0.008929
0.002848
-0.002614
0.005280
0.005827
0.000855
-0.003153
0.001189
0.001164
-0.005030
-0.007695
-0.002582
0.002812
-0.008929
-0.012892
0.003901
0.022035
0.016321
0.009800
0.004768
0.007216
0.001244
-0.003655
0.001555
0.004985
-0.001905
-0.008703
-0.000346
0.004277
0.000163
-0.008358
0.000091
0.009964
0.005741
0.001857
-0.004996
-0.001021
-0.011405
-0.011046
-0.003078
0.007933
0.013964
0.005105
0.005727
0.006665
-0.023718
-0.051941
-0.057782
