-0.010239
-0.007811
-0.005362
0.022564
-0.016567
-0.019184
0.001174
-0.007175
0.007898
0.000399
0.009450
0.020126
0.023349
0.005919
0.019022
0.028904
0.037678
0.037726
0.053710
0.049498
0.059893
0.071008
0.065738
0.080477
0.102903
0.101355
0.111447
0.135046
0.177560
0.223268
0.254531
0.272138
0.228548
0.203692
0.162219
0.081067
0.076623
0.071541
0.039798
0.022680
0.023520
0.026387
0.022640
0.022796
0.020663
0.014408
0.008043
0.020272
0.035660
0.039850
0.035100
0.032153
0.022027
0.016281
0.007168
0.002041
-0.000726
-0.014813
-0.017162
0.011450
0.009674
0.010477
-0.014462
0.006538
0.001113
-0.003934
-0.007421
-0.010174
-0.006190
0.007192
-0.005988
-0.026320
-0.007852
-0.016970
-0.029789
-0.002921
-0.007930
-0.032831
-0.015171
0.028848
0.042527
0.036347
0.033690
0.023352
0.020791
0.013537
0.010436
0.007531
0.019700
0.016293
0.013536
0.020352
0.023476
-0.001064
0.004742
0.026696
0.049656
0.052925
0.057108
0.059228
0.061337
0.052213
0.050730
0.052324
0.054686
0.043383
0.055105
0.067388
0.076667
0.100985
0.158979
0.205860
0.193053
0.191368
0.206233
0.225340
0.231736
0.218099
0.227928
0.221541
0.201355
0.183936
0.197674
0.172324
0.178324
0.207188
0.234965
0.234412
0.213510
0.198334
0.214215
0.211227
0.226454
0.229109
0.222883
0.216589
0.212172
0.190110
0.196202
0.173555
0.194497
0.214458
0.237664
0.209485
0.184920
0.156185
0.134035
0.114770
0.098044
0.058618
0.036647
0.027630
0.026941
0.021644
0.024834
0.029022
0.036996
0.023205
0.011277
0.016250
0.026850
0.025094
0.026350
0.009407
0.013953
0.011756
0.006544
0.002081
0.011878
0.005861
-0.003414
0.006641
0.016875
0.009170
0.012379
0.034076
0.042159
0.032649
0.035239
0.046797
0.035915
0.011538
0.007993
0.016433
0.013575
0.000273
-0.005912
0.009808
0.021936
0.006442
0.001060
0.012483
0.018665
0.005405
0.003887
0.007825
0.002166
0.003017
0.003641
-0.000900
-0.001442
-0.004889
-0.007315
0.000202
0.003538
-0.007207
-0.005684
0.014374
0.016493
0.011870
0.005545
0.005696
0.005675
0.010409
-0.002050
-0.003572
0.002824
-0.009512
-0.022026
-0.003535
-0.000811
0.004711
0.007495
0.008592
0.001415
-0.003056
-0.013031
0.014206
0.002357
0.005382
-0.006841
-0.006841
-0.001288
-0.021042
-0.030667
-0.018970
-0.018253
-0.017337
-0.015206
0.008121
0.016269
0.003513
-0.014932
-0.011503
-0.004586
0.021233
0.002560
-0.011762
-0.005192
-0.020718
-0.031133
-0.007994
-0.012035
-0.021494
-0.021573
0.000787
0.005529
-0.005206
-0.007313
0.007678
0.004354
0.017672
0.012333
-0.004330
-0.002722
-0.011264
-0.027305
-0.004690
-0.001679
-0.019273
-0.012899
0.010443
0.013859
0.007111
0.017495
0.020305
0.016192
0.009706
0.007130
-0.003441
-0.000108
-0.011745
-0.015841
0.002276
0.008388
-0.012530
-0.012524
0.006746
0.026100
0.023364
0.023267
0.020744
0.026215
0.013785
0.007913
0.014687
0.022521
0.007686
-0.004096
0.016078
0.023018
0.004370
0.000676
0.019828
0.022871
0.015494
0.012603
0.016554
0.011715
-0.002584
-0.004787
-0.001426
0.000249
-0.018691
-0.023519
-0.001902
-0.002412
-0.008536
-0.002836
0.016414
0.011701
-0.005022
0.004610
0.008735
0.008346
0.024108
0.026285
-0.003289
-0.004351
-0.004740
-0.009511
0.007657
0.004986
-0.023701
-0.022566
0.016265
0.029206
0.030504
0.033007
0.027778
0.042218
0.054377
0.047215
0.045152
0.043922
0.033173
0.020458
0.018620
0.024974
0.017231
0.006538
0.021011
0.032957
0.049255
0.028273
0.016557
0.006427
0.014082
-0.006573
-0.013576
-0.016188
-0.023839
-0.022107
0.001675
-0.014202
-0.007822
-0.017140
-0.001653
-0.009906
0.000319
-0.009778
-0.025276
-0.027970
-0.005234
-0.018174
-0.027911
-0.008971
-0.034529
-0.048410
-0.026391
-0.013025
-0.015084
-0.019113
-0.001006
0.008753
0.004088
0.010308
0.006211
0.012742
0.018747
0.016035
0.020137
0.020784
0.004025
-0.009551
0.003390
0.012779
-0.013744
-0.016835
0.017981
0.038905
0.031381
0.036156
0.046025
0.058876
0.048809
0.038531
0.042416
0.056080
0.066886
0.081525
0.076818
0.085336
0.134522
0.192045
0.220984
0.197713
0.201840
0.231140
0.240318
0.242280
0.247128
0.269984
0.278988
0.298226
0.322813
0.367619
0.421199
0.471080
0.495619
0.484947
0.446367
0.376723
0.307105
0.253228
0.215610
0.204057
0.178892
0.160831
0.150063
0.160160
0.156807
0.152250
0.154643
0.171143
0.169785
0.170905
0.161915
0.157840
0.151299
0.164693
0.165663
0.166910
0.137560
0.117217
0.092000
0.073481
0.059317
0.058540
0.039564
0.041556
0.043786
0.044109
0.042693
0.045047
0.053559
0.061918
0.050454
0.038914
0.035718
0.031807
0.019911
0.020475
0.026550
0.018423
0.008985
0.020027
0.020915
0.019518
0.036216
0.066152
0.088610
0.077002
0.048723
0.032338
0.026023
0.028497
0.025811
0.021498
0.004382
0.002742
0.023675
0.028398
0.012668
0.002495
0.019168
0.019355
0.026709
0.012796
0.001395
-0.008088
0.013148
0.003246
-0.010982
-0.015070
-0.031711
-0.058243
-0.018316
-0.035941
-0.008624
-0.027064
0.003356
-0.031262
-0.025333
-0.060920
-0.056869
-0.057193
-0.031028
-0.042478
-0.038126
-0.008940
-0.051253
-0.071238
-0.044625
-0.036025
-0.048017
-0.060684
-0.005192
-0.008709
-0.026474
-0.048060
-0.012373
0.001260
0.022165
-0.007561
-0.006587
0.015446
-0.005085
-0.034585
-0.009345
-0.014736
-0.030142
-0.024539
0.009617
0.007937
-0.005878
-0.003167
0.018231
0.016133
0.008475
-0.002965
-0.000134
0.002663
-0.010857
-0.016291
0.000405
0.005541
-0.012901
-0.010817
0.004750
0.014211
0.018161
0.012123
-0.005132
0.005774
0.009887
-0.008777
-0.015012
-0.001948
-0.016520
-0.023785
-0.010740
0.000345
-0.008590
-0.017033
0.002801
0.018137
0.013135
0.007569
0.009993
0.008425
0.009705
0.004331
-0.004614
-0.011788
-0.023213
-0.032385
-0.013223
0.002041
-0.003567
-0.015097
0.000314
0.006265
-0.000823
-0.021705
-0.009648
0.000827
0.011964
-0.013119
-0.019922
-0.005474
-0.021949
-0.037604
-0.017666
-0.015468
-0.002342
-0.015036
-0.008489
-0.017555
-0.014466
-0.016097
0.011317
0.009686
0.018720
0.007059
0.008981
0.014250
0.007882
0.002944
0.006443
-0.002176
0.003493
0.010468
0.028671
0.026991
0.054065
0.043702
0.031753
0.030607
0.046335
0.032555
0.017370
0.032176
0.029115
0.010351
0.005844
0.003327
0.017707
0.010053
0.009722
-0.006769
0.005383
-0.002094
0.024917
0.026012
0.018842
-0.005048
-0.003124
-0.001113
-0.020005
-0.032184
-0.013657
-0.015751
-0.017106
-0.028762
-0.011412
-0.005546
-0.013211
-0.033310
-0.003831
-0.005593
0.013687
-0.002009
-0.005192
-0.010681
-0.034332
-0.036939
-0.011875
-0.007319
-0.013670
-0.028951
0.002713
0.012105
-0.001248
-0.022607
-0.003686
0.000344
0.011600
-0.010216
-0.016393
-0.001586
-0.022875
-0.039742
-0.011540
-0.004427
-0.007371
-0.015188
0.002894
-0.005229
-0.016203
-0.022746
0.001695
0.003816
0.013825
-0.000406
-0.003406
-0.001043
-0.020630
-0.026093
0.002201
-0.004279
-0.025379
-0.024044
0.012579
0.019487
0.005504
-0.008229
-0.010580
0.000957
0.017145
0.012569
0.005153
-0.001987
-0.023362
-0.034659
-0.009909
-0.008925
-0.001298
-0.012670
0.007976
-0.000620
-0.015409
-0.020959
-0.016912
-0.015911
0.000580
-0.014458
-0.008628
-0.002761
-0.021145
-0.033590
-0.010416
-0.012523
-0.016118
-0.015722
0.007195
0.009204
-0.000692
-0.008739
-0.002424
-0.004091
0.015845
-0.000656
-0.001209
-0.004256
-0.022096
-0.029864
-0.010462
-0.017387
0.001482
-0.011340
-0.006724
-0.022392
-0.022138
-0.025599
-0.004535
-0.007246
0.000967
-0.015471
-0.012433
-0.004220
-0.019105
-0.024659
-0.014873
-0.023432
-0.026346
-0.030185
-0.007072
-0.009150
-0.022999
-0.023521
0.000792
0.000183
0.021015
0.003760
-0.012557
-0.012262
-0.020751
-0.020246
-0.003300
-0.010820
-0.030016
-0.028247
0.009342
0.015016
0.002204
-0.014071
-0.002428
0.005042
0.013630
-0.003825
-0.014344
-0.012444
-0.022966
-0.033684
-0.007020
-0.001104
-0.007728
-0.009017
0.009590
0.015079
0.012358
0.009583
-0.004291
0.002231
0.017766
0.000836
-0.004632
0.007076
-0.010661
-0.032706
-0.005994
-0.002074
-0.006873
-0.006433
0.005371
0.003339
0.011381
0.014380
0.020969
0.022348
0.021805
0.006380
-0.006412
0.006903
0.009234
-0.000537
0.008195
0.008940
-0.015073
-0.009551
0.013436
0.033175
0.040168
0.043239
0.032766
0.030729
0.020905
0.019933
0.021942
0.031136
0.025242
0.014042
0.023608
0.030779
0.024252
0.033540
0.049944
0.053572
0.072868
0.089589
0.100364
0.076995
0.051440
0.046123
0.041988
0.031122
0.013518
0.010736
0.023016
0.019825
0.009701
0.014884
0.032734
0.028927
0.026661
0.009218
0.006654
0.003591
0.020215
0.010302
-0.008492
-0.004788
-0.028519
-0.031382
-0.014626
-0.010143
0.000761
-0.013217
-0.000993
-0.005134
-0.013247
-0.038621
-0.036293
-0.023669
-0.010326
-0.029836
-0.032440
-0.015339
-0.051474
-0.064123
-0.044106
-0.037195
-0.013669
-0.023165
-0.013062
-0.027404
-0.044451
-0.051131
-0.010439
-0.014324
-0.009841
-0.033981
-0.006828
-0.001610
-0.029017
-0.038689
-0.003400
-0.014076
-0.027032
-0.026589
0.001408
0.007819
-0.008884
-0.016159
0.000032
-0.000248
0.007254
-0.003522
0.002590
0.001198
-0.028262
-0.031953
-0.002795
-0.006212
-0.013294
-0.015693
0.009397
0.009176
-0.004013
-0.015834
-0.013456
-0.009340
0.000573
-0.012943
-0.004919
0.002785
-0.033053
-0.040350
-0.005673
-0.008699
-0.028568
-0.028923
0.005768
0.008472
-0.011757
-0.019356
-0.007566
-0.002990
0.016258
0.003638
-0.001737
0.005294
-0.016759
-0.029557
-0.007600
-0.010021
-0.006409
-0.010403
-0.002618
-0.007298
-0.007364
-0.005560
0.007618
0.004736
0.010508
-0.005292
-0.015564
-0.005825
-0.019104
-0.023503
-0.007325
-0.011137
-0.018801
-0.019059
0.001834
0.013521
0.014086
0.004364
0.006356
-0.001795
0.006568
-0.008022
-0.012261
-0.008942
-0.031906
-0.042731
-0.022219
-0.019571
-0.020654
-0.024867
-0.006241
-0.008557
-0.010429
-0.010750
-0.001468
-0.005440
0.001751
-0.012940
-0.009921
-0.007225
-0.022479
-0.023527
-0.008214
-0.010201
-0.025495
-0.025817
0.004887
0.010077
-0.008823
-0.007291
-0.002412
-0.001980
0.002067
-0.009764
-0.015386
-0.006498
-0.016716
-0.030259
-0.009184
-0.008331
-0.018455
-0.013463
0.009580
0.012301
-0.003522
-0.009220
0.001081
0.008019
0.006090
-0.007182
0.001303
0.009175
-0.005605
-0.013405
-0.001901
0.001382
-0.017296
-0.012528
0.004855
0.015299
0.012529
0.011015
0.008338
0.011960
0.003320
-0.006911
-0.000139
0.009211
0.003855
-0.004223
-0.001073
0.002621
-0.000457
-0.002915
0.001127
0.007542
0.011152
0.000778
0.008278
0.011893
0.004124
-0.008253
-0.004093
-0.002806
-0.007068
-0.015430
-0.004843
0.006890
0.005322
-0.007576
-0.005929
-0.001063
0.000031
0.006683
0.010465
0.001307
-0.002124
-0.007893
0.003064
-0.001967
-0.015085
-0.018183
0.002589
0.008935
-0.010565
-0.016702
0.012107
0.022434
0.009948
-0.000844
-0.008384
0.005024
0.010943
-0.003537
-0.002459
0.002407
-0.022920
-0.032071
0.002969
0.008616
-0.003153
-0.008415
0.001510
0.004885
0.004360
-0.002726
0.001296
0.000088
0.011185
-0.003226
-0.006244
0.000736
-0.011722
-0.019803
0.003840
0.000599
-0.013508
-0.010136
0.003972
0.005008
-0.001696
0.001794
0.007957
0.007680
0.012039
-0.005973
-0.014355
-0.004338
-0.018927
-0.023437
-0.017601
-0.013113
-0.013929
-0.012377
-0.002038
-0.003704
-0.006348
-0.006185
-0.010970
-0.009041
0.011605
-0.000021
-0.005685
-0.005248
-0.008454
-0.014583
-0.004073
-0.003495
-0.006224
-0.007060
0.004604
0.006412
0.010932
0.012197
0.008232
0.005329
0.012675
-0.002985
-0.002863
0.002211
-0.007287
-0.022465
-0.003203
-0.001579
-0.001662
-0.001760
0.009904
-0.001897
-0.012812
-0.011285
0.008215
-0.005319
0.003196
0.001526
0.002203
0.005446
-0.012885
-0.024494
-0.003071
-0.019025
-0.026779
-0.017598
-0.003349
-0.007902
-0.007186
-0.005398
0.007364
0.009329
0.014961
0.006151
-0.004650
-0.000970
-0.003888
-0.006274
0.012643
0.008953
-0.013892
-0.008405
0.012994
0.024684
0.023255
0.008585
0.010227
0.006085
0.010780
0.004584
-0.000573
-0.005731
-0.025003
-0.032487
-0.015003
-0.004239
0.001459
-0.007873
0.001306
0.000054
-0.018579
-0.021162
-0.002342
0.002929
0.021908
0.003601
-0.001285
0.005816
-0.013631
-0.024757
-0.003972
-0.011920
0.000129
-0.002036
0.003628
-0.011125
-0.020078
-0.029677
0.013267
0.017467
0.031769
0.005069
-0.004840
-0.001855
-0.021781
-0.033603
-0.016779
-0.025032
0.005537
0.000088
-0.010443
-0.031410
-0.031899
-0.033837
0.003510
0.001280
0.013083
-0.006882
-0.019753
-0.000028
-0.014313
-0.022893
-0.017707
-0.025461
-0.030067
-0.034036
0.001018
0.005826
-0.012364
-0.020178
-0.007217
-0.002754
0.016890
0.005143
-0.011990
-0.019256
-0.030865
-0.033022
-0.002596
-0.002618
-0.017475
-0.025887
0.004753
0.003210
-0.006532
-0.012397
-0.019678
-0.017515
0.005112
-0.007737
-0.024885
-0.008581
-0.024613
-0.030248
-0.003965
-0.011729
-0.027200
-0.027032
-0.006944
0.008919
0.002693
0.002180
0.016948
0.029813
0.033247
0.025122
0.003953
0.016681
0.011536
-0.010549
0.004767
0.015672
-0.003293
-0.003315
0.032470
0.052006
0.048282
0.041234
0.033956
0.022177
0.004088
-0.002602
0.000389
0.000848
-0.013059
-0.014805
-0.003274
-0.001911
-0.009251
-0.010759
0.010323
0.015461
0.000176
-0.006064
-0.003215
-0.005482
-0.002980
-0.010797
-0.004333
-0.002146
-0.018720
-0.033726
-0.007539
-0.013798
-0.014017
-0.012340
0.003521
-0.007655
-0.021566
-0.022346
0.010120
0.001908
0.016698
0.000953
-0.011623
-0.009280
-0.018011
-0.022117
-0.002198
-0.011851
-0.019727
-0.021014
0.001878
0.002702
-0.011190
-0.008798
-0.005312
-0.006703
0.003548
-0.003929
-0.001527
-0.000852
-0.022393
-0.028511
-0.003865
-0.000435
-0.008861
-0.007244
0.005512
0.012656
0.005733
0.007719
-0.003076
-0.003079
0.007572
-0.004224
-0.006215
-0.003146
-0.017435
-0.031068
-0.008181
-0.000584
-0.005550
-0.008522
0.007880
0.009358
-0.004041
-0.011284
-0.001866
0.005768
0.007799
-0.009176
-0.012227
-0.001573
-0.013481
-0.024334
0.000869
-0.001646
-0.015723
-0.009995
0.010927
0.013051
0.010785
0.000526
0.000297
-0.000581
0.007049
-0.003498
-0.009182
0.004364
-0.016034
-0.023292
0.001857
0.000352
-0.022205
-0.020439
0.005109
0.013263
0.005287
-0.000844
0.011460
0.003801
-0.003467
-0.006524
0.000954
0.000373
-0.012500
-0.020949
-0.001228
0.004362
-0.000588
-0.005406
0.009318
0.010629
-0.004839
-0.001984
0.013554
0.010367
0.009298
0.001535
-0.002937
-0.001030
-0.015253
-0.024864
-0.002679
-0.014188
-0.010238
-0.006378
0.004467
-0.002170
-0.011210
-0.018185
-0.000187
0.001640
0.011542
-0.009204
-0.018184
-0.006121
-0.017653
-0.020399
0.003782
-0.003365
-0.021170
-0.015163
0.013793
0.020668
0.011936
0.005692
0.004510
0.006150
0.023817
0.011156
-0.011392
-0.008223
-0.015167
-0.030465
-0.001185
0.009064
-0.007612
-0.017096
0.012334
0.019974
0.006461
-0.001397
0.000424
0.005560
0.010178
-0.005887
-0.006391
0.001864
-0.013605
-0.020163
0.006004
0.006183
-0.014134
-0.016674
0.007454
0.015669
0.009533
0.005981
0.000845
0.004206
0.007165
-0.008234
-0.011004
-0.002037
-0.013983
-0.020929
-0.008229
-0.009488
-0.013726
-0.010294
0.009495
0.009792
-0.002997
0.002615
0.009025
0.005311
0.004441
-0.000929
-0.001164
0.004724
0.000933
-0.006478
0.003124
0.001271
-0.016751
-0.011798
0.004531
0.017972
0.012170
0.009133
0.008436
0.007206
-0.003463
-0.008114
-0.000582
0.007272
-0.009169
-0.015634
-0.005992
0.002346
-0.001029
-0.007848
0.000179
0.008276
0.008944
-0.000888
0.002671
0.013843
0.015735
-0.003979
0.006892
0.015383
-0.002688
-0.012356
-0.001463
0.002455
0.008095
0.003748
0.013811
0.012781
0.013605
0.011608
0.021330
0.013893
0.016614
0.003149
0.002666
-0.002317
-0.020440
-0.016846
-0.012638
-0.012641
-0.014572
-0.015810
0.007742
0.013084
0.008221
-0.005643
-0.001638
-0.000037
0.012891
-0.006719
-0.010296
-0.005549
-0.027049
-0.035100
-0.007382
-0.003557
-0.004315
-0.005987
0.009721
-0.001961
-0.014741
-0.018014
-0.017797
-0.023470
0.001687
-0.010770
-0.008868
-0.011448
-0.030416
-0.040204
-0.011768
-0.018778
-0.006674
-0.012210
0.012471
-0.000031
-0.010917
-0.030562
-0.007733
-0.008641
0.011840
-0.000555
-0.000753
0.005934
0.003942
-0.017314
-0.007785
-0.009425
-0.008775
-0.007342
0.013372
0.014402
0.020438
0.018170
0.026379
0.023289
0.013928
-0.002774
0.003903
0.005294
-0.001068
-0.002535
0.009619
0.000491
-0.010520
-0.016498
-0.000987
0.006875
0.008093
-0.004168
-0.002263
0.000003
0.013174
-0.001366
-0.012350
0.000885
-0.017264
-0.026086
-0.006039
0.000563
-0.003403
-0.007887
0.010536
0.009313
-0.010037
-0.015946
-0.001717
-0.001787
0.007525
-0.001285
-0.001376
-0.006352
-0.025878
-0.035250
-0.018909
-0.010739
-0.000965
-0.006938
-0.002120
-0.015821
-0.024203
-0.020855
-0.005133
-0.006478
0.008510
-0.008700
-0.007139
-0.000275
-0.013214
-0.024764
-0.014630
-0.015637
-0.019322
-0.022710
-0.002016
-0.001616
-0.015542
-0.015630
0.002626
0.000884
0.003359
-0.004166
-0.000963
0.001611
-0.003985
-0.013391
-0.002334
-0.006995
-0.000714
-0.008063
0.006074
-0.001341
-0.001302
-0.001144
-0.000871
-0.008101
-0.002726
-0.013313
-0.011426
-0.012925
-0.035245
-0.032741
-0.018375
-0.016141
-0.017717
-0.022841
-0.008720
-0.001671
-0.015463
-0.015707
-0.000255
-0.000924
0.002150
-0.013810
-0.006210
-0.000982
-0.023174
-0.031885
-0.009312
-0.005001
-0.016897
-0.015440
0.010717
0.014524
0.000350
-0.005231
-0.007538
-0.006208
0.005763
-0.000100
0.002963
0.004866
-0.012596
-0.018225
-0.003958
-0.012975
-0.009659
-0.004141
0.007479
0.003942
0.003402
0.002097
0.009739
0.010023
0.022672
0.003592
-0.006122
0.001745
0.000700
-0.006949
0.004701
-0.003854
-0.009265
-0.008399
0.005354
0.001127
-0.005287
-0.000502
0.005030
-0.002348
0.007088
0.000408
-0.004360
-0.000764
-0.029889
-0.034551
-0.012637
-0.007951
-0.013818
-0.019420
0.003313
0.011878
-0.007553
-0.014006
-0.002613
0.003529
0.009866
-0.006051
-0.001231
0.008005
-0.005781
-0.017571
0.000975
-0.000758
-0.007945
-0.011204
0.007992
0.011911
0.004409
0.002541
0.014222
0.007881
0.012232
0.005128
-0.007950
0.000222
-0.014952
-0.022448
0.000057
-0.000082
-0.009405
-0.019458
0.007107
0.009422
-0.003852
-0.019651
-0.008150
-0.010776
0.008919
0.004692
-0.000441
0.002927
-0.014092
-0.027878
-0.011756
-0.016563
-0.019412
-0.012812
-0.002414
-0.005361
-0.001653
-0.013249
0.005728
0.003620
0.016127
-0.006085
-0.015276
-0.002157
-0.018971
-0.023015
-0.005534
-0.011257
-0.016570
-0.017913
-0.005969
-0.000361
0.002630
-0.003732
0.006447
0.003898
0.012265
-0.008437
-0.012126
-0.003021
-0.013418
-0.027512
0.000959
-0.005622
-0.017957
-0.015009
0.003565
0.009780
0.002088
-0.004460
0.003198
0.005536
0.014687
-0.001564
-0.004086
0.001180
-0.016525
-0.027966
-0.024017
-0.019894
-0.007871
-0.013650
-0.004513
-0.007638
-0.014406
-0.024237
0.005874
0.003007
0.007360
-0.018966
-0.023514
-0.021377
-0.028792
-0.042259
-0.022499
-0.026376
0.002769
-0.005186
-0.007595
-0.026793
-0.034632
-0.046441
-0.014969
-0.009320
0.004088
-0.016706
-0.010811
0.000607
-0.027129
-0.039669
-0.023359
-0.022205
-0.010451
-0.017185
-0.013709
-0.017663
-0.014333
-0.015212
0.013450
0.012914
0.020551
-0.000027
-0.007384
-0.000419
-0.015106
-0.025000
-0.007845
-0.009581
-0.019376
-0.025549
-0.000514
0.008646
0.003754
-0.011862
0.006084
0.011972
0.016580
-0.008273
-0.010317
0.004382
-0.009749
-0.019157
-0.005252
-0.006990
-0.009864
-0.017364
-0.000652
0.001667
-0.003991
-0.017076
-0.006863
-0.004873
0.014888
-0.008076
-0.015308
-0.005675
-0.024659
-0.037638
-0.004793
-0.010666
-0.018993
-0.019327
0.003929
0.005217
-0.017393
-0.018828
-0.002684
-0.001540
-0.006182
-0.017924
-0.006517
-0.002085
-0.015432
-0.022269
0.005247
0.000656
-0.021353
-0.022769
0.004656
0.012740
0.011803
0.001274
0.002034
0.002311
0.009436
-0.006031
-0.006724
-0.000843
-0.011791
-0.018473
-0.002231
-0.008790
-0.016890
-0.011393
-0.005573
0.001282
0.007013
0.003546
0.000551
0.004034
0.005835
-0.008684
-0.003517
0.002277
-0.014694
-0.020154
-0.008431
-0.010725
-0.019020
-0.013292
0.008673
0.010813
0.004591
0.000504
0.000527
0.000497
0.006312
0.001837
-0.005632
-0.007456
-0.015569
-0.013978
0.004794
0.006627
-0.009547
-0.006096
0.008345
0.017003
-0.003057
0.002731
0.002169
0.016881
0.008190
0.000313
-0.001676
0.010925
0.015038
0.004525
0.008316
0.012353
-0.019795
-0.052028
-0.057759
