0.009814
0.060279
0.033401
0.047226
0.036906
0.078093
0.038678
0.050092
0.031338
0.058093
0.012288
0.040859
0.041687
0.059992
0.023848
0.033098
0.039937
0.061291
0.019861
0.061122
0.022699
0.054139
0.024831
0.040630
0.011932
0.056351
0.011403
0.042600
0.028922
0.062571
0.018254
0.024934
0.023288
0.073686
0.020480
0.051708
-0.000979
0.042270
0.023220
0.074684
0.012571
0.057507
-0.003269
0.043325
0.014877
0.060774
0.016058
0.029359
0.029796
0.067722
0.044437
0.053080
-0.008464
0.064982
0.037377
0.048194
0.008800
0.054592
0.006701
0.040776
0.023405
0.067985
0.030440
0.019649
0.023327
0.081463
0.026079
0.053466
-0.003431
0.048387
0.026067
0.047318
0.016732
0.056869
0.000792
0.048919
0.027134
0.054411
0.010066
0.042596
0.035818
0.080148
0.034996
0.061326
0.003954
0.059870
0.041647
0.050130
0.034788
0.060003
0.016718
0.026114
0.036591
0.071620
0.027011
0.027486
0.047563
0.085496
0.021059
0.070956
0.010383
0.044463
0.014739
0.054327
0.032025
0.063437
0.020814
0.043853
0.030074
0.079677
0.038629
0.031475
0.025453
0.078921
0.045012
0.052122
0.013544
0.060021
0.035060
0.068505
0.045476
0.050604
0.014163
0.055830
0.033592
0.075508
0.034363
0.028409
0.021541
0.086259
0.054307
0.056914
0.011450
0.061119
0.053164
0.057677
0.053092
0.060812
0.024636
0.068178
0.028142
0.078403
0.024643
0.021248
0.028958
0.085180
0.037224
0.053036
0.029015
0.072759
0.054732
0.061061
0.041355
0.060700
0.028018
0.045662
0.031283
0.088642
0.049993
0.028420
0.037337
0.082480
0.028552
0.077955
0.037610
0.063603
0.043333
0.067796
0.049269
0.059230
0.045219
0.053611
0.037095
0.066552
0.057594
0.053421
0.050219
0.091563
0.051705
0.094402
0.036887
0.088411
0.056390
0.078648
0.061017
0.061871
0.069612
0.057163
0.051679
0.105281
0.090082
0.039353
0.065545
0.149627
0.088751
0.099639
0.062108
0.162176
0.104687
0.124743
0.120793
0.128152
0.084219
0.163683
0.116606
0.167990
0.155680
0.169938
0.181864
0.214880
0.182614
0.183407
0.117902
0.174243
0.109408
0.155528
0.155905
0.125767
0.118662
0.153250
0.133693
0.151134
0.126679
0.060459
0.098888
0.193265
0.120184
0.113836
0.095112
0.162452
0.121292
0.161564
0.108579
0.121135
0.121802
0.122818
0.092812
0.161288
0.096478
0.070908
0.071892
0.128840
0.086177
0.104876
0.082318
0.136423
0.075337
0.113825
0.075757
0.088975
0.092450
0.125757
0.094874
0.111412
0.101182
0.114712
0.112850
0.180512
0.157862
0.133727
0.123617
0.179750
0.132734
0.196776
0.158491
0.168787
0.161731
0.174958
0.144442
0.192266
0.132665
0.154676
0.126129
0.284497
0.211696
0.206149
0.179300
0.314147
0.223637
0.283909
0.257111
0.284909
0.231643
0.296750
0.284912
0.311785
0.315471
0.328088
0.354989
0.380052
0.340243
0.363044
0.284909
0.358369
0.295346
0.345362
0.333769
0.321113
0.286583
0.346564
0.277662
0.312630
0.319042
0.288155
0.313673
0.332743
0.258880
0.306175
0.268083
0.340309
0.289232
0.289821
0.293254
0.308471
0.269988
0.282899
0.261175
0.299488
0.243897
0.207635
0.231579
0.295179
0.249466
0.249987
0.215491
0.298690
0.253045
0.292161
0.255407
0.253413
0.248026
0.300159
0.282934
0.318598
0.260942
0.266512
0.272343
0.319707
0.262354
0.274413
0.252889
0.308832
0.260091
0.287530
0.279944
0.292724
0.288847
0.321021
0.273691
0.306653
0.283355
0.294426
0.296102
0.371090
0.318408
0.346195
0.314271
0.376888
0.298559
0.370740
0.350061
0.402017
0.345310
0.375598
0.357965
0.386480
0.349417
0.367208
0.393010
0.417489
0.380673
0.381361
0.290743
0.380298
0.339338
0.357162
0.332465
0.372427
0.335405
0.342157
0.350867
0.398713
0.372133
0.365824
0.343849
0.372454
0.376816
0.412738
0.340288
0.420115
0.377759
0.425361
0.416638
0.402885
0.393661
0.404336
0.397872
0.425222
0.423491
0.381849
0.411495
0.465232
0.379808
0.447006
0.385636
0.473774
0.451862
0.475890
0.467494
0.508359
0.430828
0.498563
0.468144
0.516610
0.470380
0.494901
0.499972
0.562998
0.504175
0.546451
0.450384
0.571304
0.535883
0.556537
0.531548
0.579805
0.509219
0.595407
0.575436
0.598855
0.556607
0.577406
0.556482
0.656432
0.604285
0.635802
0.574311
0.620540
0.580075
0.617331
0.620401
0.654208
0.564965
0.618951
0.611784
0.626024
0.581705
0.599418
0.613534
0.643407
0.546997
0.626713
0.561938
0.589297
0.562453
0.583942
0.557440
0.604069
0.560313
0.578568
0.576539
0.538200
0.559929
0.540587
0.546759
0.621258
0.562083
0.611227
0.542157
0.595995
0.552396
0.607609
0.597991
0.668159
0.564556
0.600505
0.608832
0.596496
0.626767
0.622171
0.603239
0.651784
0.577257
0.646197
0.578372
0.621735
0.608374
0.606979
0.589877
0.643716
0.566073
0.612147
0.615188
0.624727
0.598589
0.589540
0.569561
0.630270
0.579467
0.613707
0.539289
0.607014
0.551256
0.583456
0.562177
0.574454
0.544689
0.568467
0.562962
0.603008
0.556772
0.530350
0.538621
0.573569
0.503445
0.567723
0.519070
0.510744
0.485348
0.531332
0.516423
0.562271
0.470190
0.460629
0.459924
0.490849
0.464131
0.469347
0.435405
0.489709
0.436643
0.473092
0.418800
0.452850
0.398624
0.467568
0.417668
0.458984
0.395322
0.415111
0.367624
0.420601
0.413581
0.406848
0.402469
0.376796
0.361197
0.412884
0.353038
0.402190
0.370590
0.405490
0.408138
0.356733
0.333353
0.394990
0.356215
0.361549
0.335233
0.336853
0.353720
0.381215
0.326126
0.355137
0.332664
0.355611
0.293691
0.333473
0.328418
0.359718
0.292155
0.349764
0.321934
0.328438
0.271641
0.312793
0.329349
0.358893
0.350639
0.332545
0.272062
0.350456
0.337295
0.324381
0.308581
0.316912
0.290932
0.349440
0.321198
0.356829
0.293015
0.291343
0.313727
0.353200
0.319840
0.298724
0.251894
0.336516
0.273472
0.322162
0.305732
0.278614
0.272792
0.320333
0.284374
0.294007
0.263416
0.240416
0.270888
0.324162
0.326544
0.285469
0.232338
0.310765
0.218540
0.293906
0.319748
0.321996
0.265278
0.318871
0.274507
0.297722
0.267349
0.285447
0.311973
0.359211
0.335595
0.343737
0.270654
0.406851
0.308074
0.340174
0.366140
0.339174
0.307669
0.386276
0.356911
0.356643
0.395186
0.351856
0.362858
0.382042
0.330854
0.418049
0.366865
0.446387
0.405279
0.435851
0.392451
0.422721
0.413214
0.446850
0.445261
0.461201
0.452194
0.462819
0.492961
0.537957
0.451974
0.529981
0.434069
0.532403
0.484282
0.511382
0.527154
0.536231
0.467750
0.512033
0.503160
0.494833
0.522579
0.495983
0.494042
0.551586
0.483411
0.504194
0.436249
0.549848
0.506950
0.481406
0.487002
0.472395
0.454990
0.516983
0.490260
0.543240
0.542657
0.507592
0.494712
0.517231
0.464187
0.553448
0.510740
0.555243
0.555101
0.572541
0.577143
0.573456
0.522732
0.586353
0.577382
0.585480
0.592615
0.612788
0.551953
0.627510
0.553423
0.606904
0.544996
0.603501
0.578497
0.586277
0.574449
0.563235
0.536117
0.596141
0.567975
0.597109
0.583552
0.575995
0.565645
0.612788
0.524934
0.585558
0.521180
0.581506
0.527486
0.566055
0.558054
0.574124
0.509558
0.563407
0.543672
0.576744
0.539963
0.539733
0.536010
0.570506
0.528461
0.582768
0.513034
0.536750
0.510401
0.559577
0.519188
0.575055
0.494661
0.543393
0.517020
0.576277
0.503697
0.542685
0.523958
0.627330
0.568821
0.584409
0.506622
0.624498
0.584346
0.612894
0.578323
0.631418
0.572013
0.604659
0.592989
0.609209
0.573503
0.611388
0.590623
0.651720
0.584930
0.656539
0.603266
0.644583
0.580055
0.623536
0.608814
0.648380
0.632910
0.655597
0.629350
0.619883
0.631449
0.662086
0.653148
0.684362
0.640852
0.683250
0.628970
0.668515
0.623934
0.661066
0.663515
0.695454
0.628081
0.625462
0.632875
0.650093
0.625839
0.617189
0.621489
0.666869
0.587898
0.634591
0.551044
0.634323
0.585625
0.591538
0.600823
0.607218
0.552561
0.604851
0.590703
0.596059
0.562169
0.582281
0.574498
0.575252
0.525888
0.577810
0.529524
0.560570
0.547364
0.532280
0.517950
0.560578
0.479456
0.535428
0.504480
0.533259
0.511043
0.469038
0.512026
0.542853
0.488150
0.567488
0.523659
0.545742
0.506873
0.551521
0.568451
0.620795
0.533655
0.570440
0.562581
0.600475
0.589393
0.608121
0.589770
0.650208
0.586464
0.631194
0.565979
0.641736
0.606003
0.634283
0.609058
0.613490
0.553278
0.617947
0.613084
0.604809
0.613104
0.593497
0.561410
0.669977
0.594590
0.654431
0.590462
0.642797
0.602012
0.631224
0.638587
0.675560
0.604118
0.618495
0.631128
0.659120
0.628296
0.644858
0.640781
0.697381
0.622802
0.676961
0.628596
0.673259
0.659755
0.678247
0.647893
0.683467
0.653414
0.688415
0.669981
0.709418
0.661948
0.676272
0.664551
0.716983
0.645498
0.682101
0.651073
0.687233
0.635934
0.665840
0.635805
0.689062
0.624590
0.647918
0.646207
0.632948
0.613295
0.607256
0.572226
0.648652
0.598493
0.640400
0.596674
0.620310
0.581193
0.629878
0.638203
0.645633
0.560043
0.621607
0.587565
0.597410
0.583160
0.597308
0.566389
0.605866
0.559118
0.570251
0.508991
0.589952
0.513024
0.541566
0.514397
0.546773
0.505952
0.508979
0.466058
0.505170
0.460291
0.457587
0.490359
0.487511
0.453411
0.460457
0.395045
0.472615
0.435153
0.436144
0.434752
0.432955
0.386085
0.447039
0.396550
0.440243
0.378170
0.380177
0.359400
0.395803
0.328410
0.352918
0.317875
0.377493
0.337265
0.367919
0.320846
0.345943
0.314623
0.330093
0.317455
0.305081
0.242146
0.236481
0.237301
0.309303
0.250369
0.251902
0.214749
0.275440
0.195624
0.266544
0.242258
0.241245
0.218880
0.252973
0.218009
0.251344
0.220502
0.190931
0.211642
0.282796
0.238414
0.247284
0.183059
0.280005
0.222297
0.275729
0.276569
0.235552
0.233435
0.288898
0.258974
0.304944
0.267748
0.258747
0.289092
0.255925
0.193589
0.214271
0.144170
0.123983
0.121795
0.152456
0.158888
0.157834
0.156680
0.114160
0.092000
0.114482
0.097977
0.019139
