0.011575
0.062450
0.025877
0.057774
0.000352
0.089690
0.059781
0.032161
0.019583
0.063282
-0.015902
0.034315
0.033336
0.065262
0.028191
0.015525
0.014235
0.061413
0.051741
0.064459
-0.006302
0.029257
-0.002283
0.067846
0.030888
0.058434
0.006834
0.030688
0.018639
0.062961
0.014150
0.005713
0.037694
0.059803
0.027874
0.055427
0.012595
0.046517
0.017393
0.051709
-0.013928
0.052695
0.012380
0.030000
0.021829
0.047302
0.002929
0.015586
0.020024
0.056709
0.028034
0.047325
-0.002478
0.044873
0.019418
0.057957
0.003406
0.056207
-0.010163
0.059091
0.018472
0.066698
0.022647
0.023596
0.030353
0.078972
0.032130
0.052064
0.017560
0.048934
0.037403
0.050360
0.017733
0.063772
0.001527
0.041205
0.024958
0.055732
0.008027
0.042759
0.045553
0.046166
0.035315
0.060379
0.002505
0.038373
0.028416
0.048886
0.007637
0.045424
-0.017885
0.051553
0.031081
0.054746
0.019088
0.014259
0.028680
0.073551
0.044922
0.067531
0.011242
0.050783
0.052175
0.058839
0.032700
0.052895
-0.002821
0.062714
0.029547
0.058024
0.026932
0.031621
0.052398
0.056718
0.042118
0.067696
0.011025
0.056794
0.023687
0.075154
0.037670
0.053689
0.001344
0.054051
0.025170
0.058705
0.034727
0.045901
0.027178
0.062125
0.031464
0.057467
0.007840
0.052367
0.022277
0.050289
0.012417
0.066336
0.015554
0.030535
0.025062
0.072013
0.017373
0.021307
0.032974
0.067523
0.040797
0.045301
-0.011500
0.079957
0.072194
0.068147
0.040476
0.058687
-0.013535
0.059748
0.072943
0.073541
0.051599
0.038527
0.049007
0.115453
0.066378
0.081929
0.035181
0.138778
0.087443
0.119659
0.110051
0.072541
0.048145
0.136152
0.099415
0.138112
0.156494
0.152600
0.155872
0.164256
0.119885
0.166097
0.131319
0.169368
0.115087
0.152650
0.143992
0.136105
0.112283
0.131421
0.110965
0.151286
0.121321
0.101149
0.101821
0.143615
0.121148
0.120201
0.114561
0.111805
0.072227
0.134674
0.116876
0.086290
0.081149
0.134230
0.105961
0.131521
0.096112
0.066435
0.072416
0.115894
0.088612
0.101832
0.090845
0.125712
0.044405
0.144570
0.104317
0.095583
0.059063
0.125161
0.109099
0.117208
0.098235
0.107600
0.098092
0.178325
0.116560
0.124352
0.104927
0.132356
0.050116
0.137587
0.104451
0.107057
0.103881
0.129773
0.078812
0.112261
0.094890
0.071109
0.075158
0.144424
0.081809
0.102003
0.081480
0.149334
0.070928
0.106639
0.111049
0.080759
0.036284
0.136671
0.094243
0.091415
0.098689
0.106588
0.078340
0.178205
0.121131
0.111686
0.087869
0.143425
0.099635
0.134232
0.117193
0.129335
0.094935
0.131586
0.099558
0.163011
0.124275
0.151088
0.107755
0.131177
0.094322
0.136003
0.129568
0.118874
0.051687
0.119843
0.090382
0.112546
0.053017
0.116476
0.065798
0.130708
0.092985
0.054900
0.045555
0.133026
0.076003
0.111340
0.061970
0.142878
0.083182
0.151545
0.147265
0.119435
0.047234
0.139147
0.147890
0.118751
0.119611
0.117330
0.122103
0.164801
0.133354
0.128681
0.120196
0.132541
0.090104
0.148387
0.140692
0.089727
0.079683
0.119560
0.084726
0.125938
0.099277
0.074879
0.082833
0.141407
0.063191
0.083132
0.067480
0.100955
0.091945
0.119186
0.079432
0.048604
0.026962
0.105930
0.060443
0.091712
0.079169
0.046444
0.041727
0.071268
0.039773
0.075524
0.050227
0.052871
0.009176
0.077256
0.054809
0.057438
0.019379
0.047648
0.034636
0.059666
0.015721
0.047244
0.037138
0.098451
0.064212
0.059610
0.009765
0.062235
0.037195
0.093974
0.057984
0.075460
0.026702
0.054795
0.045491
0.076578
0.059558
0.046922
0.054830
0.104981
0.052535
0.078701
0.048668
0.067489
0.055300
0.086358
0.050368
0.065677
0.046667
0.060024
0.050461
0.075169
0.069245
0.033794
0.050301
0.121321
0.059480
0.083306
0.037201
0.136829
0.077463
0.104493
0.090933
0.098456
0.062834
0.145548
0.112179
0.122336
0.103871
0.115197
0.106587
0.181661
0.150134
0.142574
0.115939
0.183725
0.095981
0.188165
0.160782
0.134113
0.133435
0.182910
0.136621
0.172493
0.154316
0.166901
0.148073
0.226840
0.201883
0.182243
0.172940
0.279058
0.195529
0.282053
0.220974
0.244355
0.251800
0.288740
0.262348
0.299235
0.247086
0.273860
0.312229
0.355651
0.316847
0.363631
0.324019
0.331853
0.317491
0.379344
0.395122
0.410364
0.355445
0.371883
0.360778
0.396362
0.346241
0.420632
0.378623
0.446709
0.370776
0.403418
0.327266
0.428373
0.376293
0.417670
0.386266
0.392793
0.359264
0.408664
0.371137
0.420049
0.412614
0.387504
0.422126
0.455049
0.386330
0.434480
0.364163
0.473567
0.423027
0.435284
0.416607
0.469043
0.444567
0.490110
0.441675
0.448781
0.465123
0.488608
0.502649
0.482716
0.471618
0.536766
0.506734
0.486390
0.408077
0.521035
0.516253
0.589995
0.511103
0.516970
0.465179
0.499860
0.497662
0.511274
0.517253
0.582724
0.494383
0.538339
0.453314
0.526607
0.443225
0.504320
0.494475
0.536218
0.438059
0.492160
0.457864
0.444399
0.436750
0.439309
0.405105
0.469309
0.393828
0.431096
0.399466
0.381012
0.391945
0.410635
0.384360
0.423512
0.315252
0.406688
0.380083
0.383061
0.285685
0.367800
0.338880
0.362004
0.316087
0.279663
0.243316
0.270946
0.217929
0.279548
0.283468
0.289398
0.234018
0.268893
0.213514
0.262615
0.214434
0.234487
0.192482
0.296602
0.232547
0.250176
0.243349
0.243719
0.173039
0.277862
0.261015
0.278170
0.286703
0.253006
0.210765
0.246673
0.184586
0.236610
0.211124
0.265675
0.249654
0.225261
0.212396
0.212396
0.177289
0.254270
0.223379
0.235080
0.204813
0.194703
0.156351
0.214897
0.166080
0.130282
0.166163
0.210430
0.161581
0.174230
0.124390
0.201555
0.175067
0.170762
0.161474
0.154368
0.121069
0.185549
0.140125
0.187293
0.171560
0.148014
0.140456
0.221675
0.143219
0.162584
0.135702
0.215520
0.190921
0.206832
0.176964
0.151892
0.119849
0.225216
0.190304
0.212855
0.183121
0.207957
0.177697
0.200433
0.160444
0.155347
0.172858
0.135042
0.061907
0.172016
0.137803
0.155964
0.136746
0.119154
0.092447
0.142376
0.098718
0.075698
0.097478
0.172179
0.122566
0.112052
0.066164
0.171318
0.094129
0.142993
0.112921
0.136610
0.092012
0.171699
0.129729
0.151357
0.128961
0.142378
0.150889
0.218989
0.176056
0.187403
0.143571
0.224341
0.179905
0.188684
0.198161
0.173483
0.148726
0.234763
0.183536
0.189062
0.147259
0.202674
0.156649
0.232280
0.183760
0.178999
0.147411
0.210750
0.189753
0.226704
0.184643
0.146045
0.158101
0.213393
0.159006
0.193635
0.191258
0.129988
0.147624
0.234216
0.162609
0.187040
0.145727
0.243921
0.239443
0.196802
0.235875
0.244041
0.157935
0.272797
0.261826
0.292087
0.244621
0.292466
0.284701
0.384627
0.330024
0.373189
0.321116
0.386801
0.404595
0.429080
0.425899
0.450815
0.371464
0.472101
0.421598
0.497933
0.478782
0.530522
0.470582
0.586690
0.508250
0.571213
0.553200
0.564865
0.570186
0.588410
0.569111
0.616609
0.519136
0.605427
0.620639
0.572412
0.592140
0.619010
0.617485
0.705013
0.636855
0.679305
0.621806
0.695766
0.622978
0.687480
0.679045
0.736666
0.677172
0.748577
0.701801
0.728116
0.701954
0.746788
0.736877
0.809022
0.755092
0.796484
0.759916
0.810241
0.737023
0.810718
0.791054
0.839441
0.781683
0.818632
0.794947
0.842392
0.837934
0.844625
0.840577
0.865179
0.781040
0.853107
0.822391
0.834290
0.806790
0.824036
0.815693
0.860833
0.787552
0.828787
0.822469
0.825078
0.802429
0.800788
0.814061
0.842179
0.790697
0.838052
0.796802
0.823388
0.790441
0.823796
0.811527
0.863015
0.794592
0.821000
0.814768
0.817628
0.808517
0.827367
0.807864
0.847965
0.799670
0.849047
0.803250
0.839318
0.819318
0.839840
0.819398
0.849294
0.805951
0.832476
0.826466
0.853453
0.832504
0.847748
0.829714
0.877285
0.808333
0.874776
0.827131
0.883070
0.843560
0.876080
0.862913
0.882298
0.863307
0.868986
0.859419
0.878882
0.858679
0.885026
0.871118
0.906464
0.856841
0.892996
0.871509
0.893414
0.861934
0.891709
0.886817
0.908982
0.876551
0.891475
0.880302
0.902295
0.877706
0.904950
0.899779
0.910061
0.869572
0.888483
0.862204
0.886890
0.829604
0.866911
0.877495
0.868347
0.832498
0.856129
0.832520
0.866132
0.842807
0.832934
0.833765
0.874799
0.816246
0.859737
0.822084
0.869692
0.841630
0.869070
0.853689
0.879705
0.821874
0.855291
0.837343
0.838317
0.857171
0.837919
0.820948
0.867316
0.809255
0.865045
0.820344
0.850322
0.813466
0.859845
0.844524
0.855451
0.813468
0.853086
0.825303
0.855331
0.838292
0.848690
0.835578
0.871790
0.805105
0.855236
0.822140
0.833956
0.776482
0.820285
0.827470
0.852182
0.793441
0.806613
0.804005
0.813810
0.785295
0.800982
0.809067
0.853488
0.754177
0.813683
0.764836
0.786276
0.750705
0.782126
0.773624
0.833646
0.749196
0.780031
0.766168
0.789049
0.776577
0.762135
0.759193
0.807762
0.721104
0.782404
0.741341
0.747298
0.708090
0.777158
0.755755
0.775436
0.720302
0.728226
0.703119
0.742885
0.724153
0.694376
0.677872
0.699667
0.649140
0.700087
0.634745
0.638841
0.597386
0.645291
0.650039
0.668854
0.565568
0.607986
0.603938
0.612905
0.534161
0.546824
0.538748
0.526408
0.483900
0.511186
0.453320
0.475216
0.378384
0.432850
0.454135
0.460059
0.345613
0.373645
0.360718
0.384550
0.315970
0.309582
0.289516
0.298591
0.309231
0.286419
0.239335
0.268865
0.254710
0.265464
0.264941
0.263236
0.210013
0.250734
0.193519
0.258430
0.219161
0.163408
0.164703
0.180462
0.154317
0.184479
0.166200
0.181817
0.100310
0.154533
0.181087
0.152751
0.125398
0.201929
0.152950
0.162160
0.100496
0.121379
0.141298
0.210968
0.149982
0.151016
0.122367
0.154044
0.089965
0.160838
0.143022
0.110239
0.118769
0.161931
0.170777
0.156397
0.114234
0.138340
0.124289
0.139456
0.116864
0.123643
0.097190
0.080167
0.056286
0.087708
0.086034
0.120630
0.109041
0.091439
0.027050
0.077977
0.072451
0.008768
