0.012021
0.066673
0.027792
0.044928
0.016353
0.081556
0.056005
0.028760
0.010963
0.046684
0.010141
0.035677
0.045674
0.059765
0.012187
0.033576
0.020374
0.077495
0.019373
0.060416
0.008077
0.038761
0.011426
0.053743
0.039202
0.062916
0.027471
0.048262
0.009602
0.067885
0.016827
0.022760
0.047724
0.068332
0.042028
0.066960
0.005392
0.070616
0.044764
0.060600
0.016074
0.057077
0.004330
0.061641
0.035635
0.061557
0.039981
0.034959
0.034519
0.094221
0.041094
0.058133
0.010183
0.075656
0.052772
0.078485
0.037029
0.058854
0.028052
0.064300
0.056248
0.075895
0.042344
0.051423
0.049189
0.091393
0.065205
0.065815
0.052560
0.091480
0.045705
0.092618
0.044646
0.062758
0.051270
0.066517
0.049327
0.082243
0.060210
0.063328
0.053756
0.115671
0.064153
0.075571
0.026683
0.108869
0.071230
0.105114
0.080655
0.069378
0.053822
0.089088
0.096355
0.104208
0.086835
0.058619
0.048346
0.138106
0.066878
0.079646
0.073162
0.126309
0.070122
0.119731
0.091241
0.106394
0.083754
0.112399
0.089581
0.116176
0.119115
0.125874
0.122066
0.175155
0.158804
0.146717
0.153713
0.173671
0.138431
0.206799
0.171846
0.167078
0.175549
0.202554
0.134398
0.176098
0.194925
0.128007
0.149945
0.204358
0.173535
0.169108
0.143826
0.183619
0.119155
0.185744
0.187589
0.152646
0.123449
0.189316
0.138623
0.177355
0.164070
0.150530
0.137641
0.194524
0.116699
0.152745
0.116224
0.144758
0.121899
0.149329
0.152816
0.130245
0.121836
0.137002
0.103160
0.169951
0.123757
0.076451
0.077003
0.150875
0.096949
0.130114
0.108649
0.135007
0.076379
0.141842
0.132810
0.149350
0.111968
0.154935
0.143832
0.166150
0.137532
0.141358
0.141771
0.215952
0.154635
0.163978
0.148175
0.186278
0.123599
0.223651
0.180004
0.194673
0.147606
0.200310
0.158555
0.202161
0.192157
0.172017
0.195090
0.225052
0.151821
0.182323
0.146353
0.164471
0.106512
0.167077
0.145786
0.118111
0.147848
0.144526
0.111737
0.163025
0.130091
0.062261
0.063046
0.185369
0.135786
0.119845
0.116418
0.183123
0.074729
0.164301
0.160101
0.166975
0.137303
0.172234
0.132890
0.151226
0.137600
0.174644
0.187607
0.268919
0.228914
0.230565
0.205721
0.303026
0.227673
0.295395
0.277968
0.310664
0.236634
0.328712
0.320009
0.309628
0.339474
0.330669
0.377324
0.376439
0.310291
0.350969
0.294877
0.321417
0.258289
0.328477
0.323235
0.279773
0.263394
0.306648
0.245705
0.299926
0.262873
0.237725
0.200012
0.299274
0.239527
0.276967
0.214702
0.295574
0.243463
0.298470
0.284239
0.281316
0.254800
0.296636
0.264877
0.348334
0.307647
0.257498
0.258568
0.330881
0.312452
0.356132
0.302705
0.444359
0.401961
0.427447
0.408911
0.434511
0.364293
0.479603
0.448021
0.455918
0.446234
0.482667
0.456539
0.474237
0.439661
0.459792
0.407195
0.458442
0.405414
0.404988
0.402705
0.389289
0.354148
0.396806
0.400535
0.385358
0.329800
0.351882
0.310339
0.379580
0.355654
0.347382
0.304301
0.337423
0.289488
0.349134
0.349567
0.358905
0.310143
0.332078
0.289696
0.327097
0.287960
0.259787
0.256884
0.329207
0.291533
0.265112
0.236569
0.323415
0.243924
0.300302
0.295819
0.275081
0.248871
0.315959
0.266308
0.278106
0.241025
0.269662
0.295082
0.356658
0.280570
0.307520
0.247180
0.315555
0.263668
0.284353
0.285179
0.303816
0.251641
0.271123
0.226506
0.282880
0.202136
0.219322
0.197700
0.253634
0.237245
0.236448
0.204348
0.299348
0.286967
0.298564
0.255593
0.279087
0.229162
0.321404
0.270691
0.320040
0.270704
0.288014
0.282050
0.303357
0.251042
0.259771
0.235107
0.263463
0.202591
0.223142
0.216723
0.214141
0.176218
0.210879
0.151132
0.203220
0.163042
0.113348
0.110849
0.179394
0.128915
0.139213
0.131078
0.174549
0.155381
0.183489
0.153414
0.118589
0.102422
0.207031
0.161162
0.206491
0.197669
0.185128
0.131671
0.235054
0.177329
0.216713
0.175354
0.300429
0.285924
0.269836
0.262358
0.272927
0.232789
0.301593
0.271216
0.307949
0.321241
0.305942
0.327470
0.359119
0.293003
0.303847
0.266735
0.307823
0.247818
0.316918
0.290252
0.273465
0.294588
0.254628
0.211946
0.271740
0.240609
0.251846
0.227500
0.270128
0.263368
0.226248
0.178658
0.224915
0.156255
0.243405
0.255266
0.180682
0.198898
0.189181
0.125913
0.200631
0.153482
0.153772
0.133255
0.182515
0.129227
0.152318
0.141440
0.203498
0.166732
0.180961
0.164484
0.162846
0.144260
0.187142
0.166669
0.205852
0.236475
0.210377
0.184199
0.228107
0.188803
0.235606
0.184320
0.283946
0.201140
0.206029
0.217443
0.191944
0.158500
0.254207
0.200098
0.227091
0.194261
0.224918
0.200928
0.278313
0.252988
0.196548
0.187834
0.232160
0.143632
0.224040
0.200346
0.187956
0.180080
0.203784
0.128336
0.192297
0.156160
0.112596
0.118020
0.206129
0.138992
0.123682
0.097953
0.155437
0.087158
0.146344
0.135642
0.125387
0.109573
0.116356
0.074771
0.144947
0.093026
0.124746
0.100498
0.118150
0.089032
0.115739
0.093000
0.100785
0.060689
0.105969
0.082078
0.082590
0.123861
0.095278
0.054679
0.134337
0.093737
0.087010
0.076198
0.159000
0.108134
0.127103
0.066301
0.111127
0.044706
0.120581
0.120976
0.072948
0.094097
0.092281
0.074372
0.113312
0.093425
0.057154
0.078885
0.128104
0.095455
0.095320
0.054494
0.119473
0.096119
0.107824
0.091052
0.077164
0.017505
0.120459
0.100940
0.103443
0.082278
0.076266
0.084557
0.139362
0.090320
0.097144
0.064645
0.082047
0.056323
0.091274
0.087322
0.109501
0.056521
0.085068
0.053105
0.109257
0.084564
0.041086
0.041109
0.116570
0.055740
0.075252
0.025697
0.087311
0.033503
0.076872
0.049459
0.081882
0.026145
0.043174
0.024057
0.101812
0.064068
0.044275
0.043797
0.080208
0.036480
0.075933
0.040673
0.102361
0.059125
0.082172
0.041978
0.082134
0.027634
0.066848
0.051789
0.104231
0.072511
0.073680
0.066819
0.107303
0.069815
0.099238
0.063681
0.148364
0.099116
0.134586
0.127680
0.126010
0.097299
0.154467
0.157531
0.208065
0.130841
0.168211
0.159536
0.240200
0.201868
0.181044
0.174532
0.273227
0.238078
0.252275
0.187674
0.217765
0.190449
0.278612
0.219633
0.321007
0.293819
0.309474
0.260642
0.305345
0.315204
0.299823
0.312842
0.348545
0.337989
0.404103
0.362232
0.406543
0.350345
0.416123
0.342530
0.384916
0.398378
0.395151
0.404924
0.469101
0.387512
0.423580
0.371164
0.446587
0.436684
0.473560
0.419723
0.490765
0.452580
0.486379
0.466536
0.492207
0.451903
0.482330
0.509700
0.576744
0.538099
0.567729
0.522756
0.634349
0.581372
0.631115
0.660078
0.666953
0.585820
0.657422
0.661872
0.680839
0.688677
0.687984
0.712262
0.741598
0.631121
0.758407
0.686088
0.723365
0.714704
0.730851
0.725606
0.748290
0.700747
0.755357
0.729335
0.730708
0.735824
0.743123
0.748794
0.821054
0.753251
0.783617
0.713409
0.765742
0.753889
0.770657
0.782687
0.780471
0.714088
0.755325
0.763911
0.754015
0.737462
0.753091
0.738448
0.805177
0.729224
0.772394
0.723093
0.784839
0.751501
0.789517
0.780287
0.818370
0.775843
0.802826
0.797857
0.830716
0.805892
0.841826
0.835730
0.890676
0.853414
0.881348
0.832120
0.903494
0.880457
0.914788
0.911892
0.915441
0.878523
0.909165
0.906511
0.925644
0.919064
0.926994
0.926770
0.938495
0.897056
0.939933
0.904130
0.941045
0.913779
0.939679
0.933796
0.930894
0.908880
0.919746
0.914872
0.934118
0.920158
0.921378
0.925577
0.935862
0.892356
0.925314
0.893667
0.912893
0.870392
0.917102
0.894543
0.905074
0.865644
0.862746
0.844856
0.870163
0.849654
0.839356
0.834038
0.868892
0.827314
0.858470
0.804951
0.863898
0.833362
0.859966
0.863245
0.850818
0.833763
0.861348
0.841093
0.885571
0.855490
0.874571
0.865332
0.900774
0.839865
0.885250
0.847841
0.893610
0.866925
0.892446
0.872844
0.894448
0.858687
0.884555
0.867050
0.884388
0.880347
0.872170
0.882062
0.910255
0.846190
0.878025
0.841112
0.889229
0.843907
0.867736
0.860957
0.872129
0.816114
0.832412
0.814707
0.839833
0.819768
0.787998
0.787913
0.832482
0.770825
0.819666
0.779881
0.813786
0.758460
0.800592
0.781392
0.819700
0.742989
0.786679
0.767688
0.774510
0.748594
0.757011
0.750818
0.799448
0.728713
0.770156
0.727509
0.748637
0.687614
0.739248
0.715102
0.760047
0.685802
0.703474
0.688021
0.724778
0.697188
0.688898
0.684478
0.728205
0.631150
0.698649
0.623496
0.691483
0.674410
0.656685
0.600674
0.637338
0.595350
0.644201
0.635420
0.619850
0.611817
0.578153
0.562312
0.659803
0.575814
0.640414
0.577097
0.628972
0.589326
0.609926
0.619845
0.683998
0.613189
0.634659
0.630603
0.646874
0.653632
0.672742
0.670014
0.656561
0.593795
0.675945
0.631647
0.662136
0.628372
0.633663
0.619860
0.684300
0.587707
0.624151
0.597327
0.589761
0.573055
0.542909
0.525051
0.596089
0.516286
0.525230
0.449663
0.498351
0.447776
0.460738
0.444436
0.480940
0.378687
0.416907
0.409471
0.429982
0.387054
0.348114
0.354869
0.312769
0.264271
0.319158
0.277391
0.333849
0.290477
0.272449
0.292456
0.296610
0.240865
0.341343
0.327813
0.278073
0.257702
0.258756
0.254226
0.288748
0.235739
0.211693
0.204952
0.234918
0.189787
0.248572
0.227802
0.221774
0.203419
0.207220
0.151908
0.222549
0.163737
0.104549
0.103346
0.164988
0.136583
0.118866
0.087695
0.164144
0.091850
0.123388
0.104595
0.130282
0.083031
0.151812
0.098307
0.154709
0.115534
0.090753
0.079724
0.139132
0.085423
0.105489
0.053099
0.124783
0.062317
0.108676
0.097714
0.083899
0.050971
0.091666
0.078256
0.114799
0.086192
0.046983
0.049470
0.106624
0.084728
0.103084
0.040277
0.069989
0.039274
0.091397
0.058824
0.073630
0.031792
0.047853
0.047435
0.096370
0.050001
0.032225
0.041318
0.096630
0.057516
0.057217
0.018531
0.057124
0.032867
0.081221
0.060824
0.127668
0.108946
0.060915
0.023300
0.068867
0.047876
0.018764
