0.016847
0.107902
0.050830
0.054684
0.028912
0.120581
0.105907
0.061819
0.047664
0.058865
0.014868
0.095758
0.078737
0.095067
0.084169
0.087965
0.072236
0.123580
0.068174
0.102252
0.067502
0.106401
0.045858
0.109031
0.086915
0.068493
0.086427
0.111125
0.074958
0.079620
0.077621
0.045298
0.050268
0.098801
0.054307
0.085468
0.054741
0.054795
0.040263
0.079116
0.051434
0.071555
0.048509
0.054367
0.039409
0.086514
0.053880
0.035889
0.040555
0.057752
0.041946
0.073454
0.007711
0.044682
0.024501
0.063242
0.039927
0.063358
0.025958
0.047733
0.022640
0.073737
0.024646
0.024339
0.024216
0.061710
0.027587
0.041123
-0.002907
0.053588
0.034936
0.025861
0.011103
0.053251
0.008770
0.026210
0.036718
0.066259
0.004798
0.022395
0.016794
0.070778
0.039811
0.046657
0.014097
0.052144
0.043383
0.061785
0.016390
0.039992
0.022520
0.054891
0.035482
0.072839
0.033541
0.029404
0.043094
0.073818
0.028395
0.073787
0.041549
0.066132
0.052600
0.074562
0.047877
0.064588
0.029545
0.069767
0.051037
0.074427
0.057923
0.039574
0.040125
0.114789
0.051552
0.078133
0.026225
0.080087
0.053181
0.092600
0.059419
0.070653
0.057336
0.056874
0.051550
0.071845
0.050875
0.037598
0.045652
0.075904
0.044604
0.071417
0.057282
0.054687
0.027280
0.060205
0.020016
0.062805
0.025912
0.048399
0.030210
0.057695
0.035527
0.033166
0.025690
0.058462
0.007313
0.068406
0.022405
0.043746
0.027682
0.044956
-0.004637
0.068042
0.019545
0.041050
0.035116
0.060726
0.011115
0.003010
0.031881
0.095293
0.036030
0.055921
-0.007903
0.064864
0.041857
0.063039
0.021665
0.059104
0.010696
0.053808
0.019620
0.080286
0.032462
0.022473
0.038217
0.063645
0.042627
0.062257
0.000758
0.077591
0.034445
0.085597
0.037411
0.053641
0.012354
0.045081
0.043267
0.067693
0.039421
0.054411
0.041800
0.067808
0.022089
0.069639
0.030288
0.064725
0.014779
0.065195
0.021058
0.103297
0.022133
0.039461
0.018142
0.076497
0.032512
0.027712
0.029731
0.072911
0.037148
0.079583
0.006399
0.045273
0.021945
0.056439
0.035742
0.047804
0.006620
0.047782
0.051567
0.056906
0.018451
0.042468
0.029289
0.067155
0.034487
0.049775
0.008565
0.054842
0.048970
0.041953
0.018600
0.060075
-0.003842
0.058922
0.035074
0.057374
0.025860
0.033028
0.040492
0.049810
0.035270
0.085749
0.051513
0.042622
0.014783
0.074369
0.025804
0.074763
0.023358
0.032199
0.023149
0.079008
0.015872
0.013950
0.032961
0.098204
0.042108
0.045738
0.005982
0.071234
0.063334
0.060969
0.037176
0.048449
0.013136
0.078727
0.043428
0.049249
0.025103
0.050489
0.050116
0.072727
0.041855
0.063029
0.015340
0.066945
0.045366
0.055314
0.030760
0.043896
0.035381
0.066998
0.043267
0.081677
0.013384
0.011275
0.039692
0.078781
0.015981
0.063279
-0.000901
0.047437
0.012180
0.058711
0.028632
0.061803
0.005538
0.017411
0.017202
0.051054
0.007715
0.014686
0.013180
0.066747
0.022561
0.042672
-0.024725
0.040955
0.011431
0.045044
-0.014592
0.053826
-0.012385
0.030500
0.016481
0.052654
-0.000168
-0.000097
0.026153
0.048192
0.022943
0.038657
-0.014617
0.044634
0.020291
0.041301
-0.008825
0.036447
0.007743
0.036168
0.022210
0.038956
0.005229
0.023616
0.029977
0.053557
0.019759
0.047278
-0.007900
0.042227
0.008088
0.036205
-0.009735
0.055842
0.005733
0.035977
0.009286
0.059408
0.007274
-0.001111
0.016272
0.068752
0.014635
0.040294
-0.007621
0.038713
0.014117
0.040829
0.000328
0.060066
-0.013252
0.027299
0.003223
0.060697
-0.003720
0.006487
0.015972
0.058181
0.023241
0.050487
-0.001214
0.033610
0.009061
0.053374
-0.001900
0.077162
0.008326
0.011051
0.013823
0.049081
-0.001723
0.018757
0.024626
0.060371
0.022037
0.048764
-0.008808
0.047257
0.009193
0.036150
-0.005716
0.054067
0.002892
0.022230
0.014215
0.058023
0.003860
0.006114
0.020976
0.040670
0.023348
0.046721
-0.018330
0.036540
0.008049
0.035115
-0.003157
0.052227
-0.015288
0.017471
0.007908
0.058760
0.010070
-0.009859
0.030739
0.058886
0.008331
0.047084
-0.007048
0.044128
0.029656
0.046609
-0.021368
0.072435
-0.021759
0.037051
0.017038
0.050619
0.011695
0.004051
0.019041
0.065664
0.037411
0.053442
-0.004997
0.045186
0.033800
0.043911
0.010764
0.043135
0.000937
0.047281
0.032497
0.058154
0.018440
0.024180
0.033246
0.057081
0.038834
0.052588
0.012988
0.049255
0.046040
0.044942
0.030775
0.052490
-0.001850
0.053742
0.036853
0.074773
0.028246
0.042189
0.045247
0.083939
0.040893
0.061156
0.019259
0.086422
0.066377
0.096155
0.059476
0.058537
0.033916
0.081317
0.075388
0.100211
0.088936
0.068930
0.105479
0.181540
0.107972
0.127991
0.100034
0.158557
0.095138
0.152663
0.136618
0.134703
0.102239
0.186445
0.161129
0.192221
0.154013
0.153134
0.142061
0.220565
0.189448
0.181107
0.172338
0.237724
0.210689
0.274352
0.270411
0.245034
0.187975
0.275277
0.233488
0.310576
0.288628
0.264532
0.251698
0.301648
0.264540
0.332285
0.279866
0.304517
0.264446
0.308693
0.320319
0.315364
0.247442
0.319971
0.301942
0.339181
0.266129
0.289210
0.291353
0.341050
0.290222
0.319171
0.256164
0.302271
0.289375
0.260816
0.313290
0.314469
0.242649
0.295166
0.240841
0.296690
0.242013
0.230983
0.252528
0.327877
0.289123
0.267857
0.213781
0.300868
0.243917
0.258485
0.295067
0.307647
0.235973
0.259326
0.223085
0.308153
0.243682
0.215681
0.281655
0.309358
0.288005
0.287949
0.240407
0.313091
0.291299
0.313202
0.326033
0.289185
0.285621
0.347950
0.313016
0.371712
0.378434
0.322298
0.372244
0.379006
0.334455
0.411573
0.313997
0.411625
0.360536
0.388293
0.411814
0.418124
0.353737
0.421379
0.385231
0.387649
0.394488
0.389855
0.394955
0.454972
0.386227
0.446200
0.428175
0.451950
0.408391
0.471448
0.474533
0.500525
0.437902
0.495518
0.472043
0.526851
0.474826
0.502730
0.491345
0.592286
0.507205
0.569655
0.489476
0.565164
0.518853
0.581636
0.565372
0.582685
0.536589
0.571375
0.544675
0.569693
0.552694
0.542489
0.560586
0.597553
0.517127
0.585398
0.508923
0.565484
0.495544
0.543142
0.532270
0.565665
0.511607
0.527289
0.517325
0.525899
0.522094
0.541929
0.536245
0.545626
0.466727
0.545087
0.464707
0.494666
0.430869
0.490501
0.495765
0.501098
0.463830
0.489202
0.425781
0.437339
0.443399
0.432542
0.459101
0.486314
0.425474
0.461377
0.407593
0.456293
0.440132
0.475250
0.441642
0.490585
0.436072
0.450454
0.426524
0.460972
0.456674
0.436202
0.428851
0.479481
0.446278
0.472307
0.429509
0.497379
0.461890
0.497190
0.485252
0.527471
0.463991
0.536437
0.523469
0.535100
0.519796
0.528598
0.541411
0.598112
0.514795
0.555750
0.483906
0.583825
0.534868
0.543430
0.525965
0.527175
0.480995
0.569257
0.494946
0.505391
0.492894
0.457423
0.466361
0.485565
0.475595
0.444300
0.379215
0.411042
0.336380
0.403267
0.405935
0.396085
0.359234
0.333295
0.294883
0.356202
0.306700
0.296565
0.301558
0.295747
0.254483
0.264359
0.242444
0.264801
0.209627
0.246260
0.227170
0.194646
0.211023
0.179652
0.132798
0.198753
0.158240
0.103662
0.098518
0.210998
0.154398
0.171375
0.096036
0.215719
0.149233
0.195444
0.191913
0.189381
0.176710
0.208926
0.171617
0.210236
0.179553
0.192036
0.209242
0.284933
0.227047
0.246992
0.214502
0.300344
0.227450
0.251754
0.248596
0.261053
0.246649
0.283282
0.224262
0.303577
0.262039
0.250672
0.299394
0.249425
0.219711
0.252848
0.257971
0.258438
0.200393
0.244383
0.218867
0.180255
0.191105
0.216189
0.184018
0.239693
0.192368
0.168269
0.161237
0.247301
0.167290
0.202196
0.174604
0.207900
0.168225
0.197828
0.226077
0.200510
0.184552
0.178990
0.152653
0.195799
0.126890
0.148790
0.153965
0.200254
0.153412
0.162688
0.126968
0.205109
0.145637
0.166511
0.167032
0.165861
0.156231
0.169826
0.134049
0.191655
0.116985
0.162040
0.160487
0.191892
0.158957
0.176886
0.149304
0.182263
0.080551
0.134087
0.136779
0.169931
0.118696
0.181448
0.120888
0.164073
0.120572
0.113188
0.124764
0.196950
0.149770
0.153661
0.132806
0.195772
0.149229
0.203309
0.201732
0.184791
0.141220
0.205139
0.152118
0.220513
0.170602
0.186891
0.158673
0.187458
0.164709
0.155604
0.144280
0.187412
0.161711
0.193783
0.181998
0.147240
0.096053
0.183840
0.147071
0.210620
0.165245
0.160150
0.128517
0.150025
0.114072
0.132389
0.153264
0.143434
0.097076
0.128534
0.133958
0.121321
0.097949
0.138553
0.104019
0.141201
0.098873
0.107910
0.080651
0.150417
0.093830
0.124404
0.090565
0.138312
0.064914
0.128001
0.115172
0.123879
0.063585
0.135461
0.099552
0.141676
0.133642
0.107029
0.094442
0.187803
0.133821
0.138338
0.090632
0.169089
0.114260
0.156238
0.168801
0.183173
0.120080
0.175171
0.121263
0.183408
0.165860
0.165438
0.172149
0.236730
0.170998
0.176317
0.129717
0.203043
0.127071
0.191770
0.181244
0.154638
0.161901
0.179779
0.119488
0.152435
0.102561
0.128030
0.135222
0.171506
0.117633
0.121366
0.079075
0.109743
0.060790
0.113804
0.099094
0.084024
0.058109
0.093277
0.073607
0.105267
0.048059
0.042695
0.057192
0.132630
0.068967
0.086374
0.051224
0.080750
0.052668
0.082053
0.084661
0.074480
0.036010
0.082485
0.050766
0.099035
0.059912
0.034061
0.052775
0.074723
0.018867
0.077384
0.055993
0.076959
0.044125
0.073205
0.044106
0.069894
0.018060
0.054233
0.054952
0.087779
0.044802
0.019874
0.044029
0.089256
0.047056
0.078176
0.043882
0.061629
0.030385
0.073177
0.049218
0.066714
0.046311
0.064940
0.040286
0.084063
0.041053
0.059368
0.059158
0.079135
0.053290
0.066846
0.034956
0.071201
0.048435
0.066222
0.029605
0.086599
0.025593
0.051901
0.027397
0.087840
0.037686
0.044985
0.044223
0.057289
0.031773
0.057306
0.018408
0.044214
0.014499
0.066794
0.035166
0.083641
0.076918
0.030178
0.016004
0.063129
0.043098
0.012515
