0.010788
0.079474
0.027510
0.058892
0.015892
0.108253
0.061800
0.067670
0.035869
0.054325
0.000018
0.065517
0.039507
0.053073
0.013387
0.050432
0.027761
0.097280
0.052788
0.065441
0.020737
0.075861
0.048359
0.073773
0.064717
0.065597
0.042715
0.089325
0.058668
0.095937
0.084817
0.076764
0.084064
0.141148
0.081555
0.096140
0.066791
0.102134
0.058407
0.113018
0.098332
0.080515
0.082070
0.093248
0.058292
0.094260
0.070911
0.063089
0.062786
0.116207
0.071374
0.090183
0.048044
0.058921
0.047920
0.098237
0.060958
0.056509
0.054087
0.062958
0.046546
0.077488
0.049820
0.052183
0.038972
0.086649
0.046568
0.071298
0.013721
0.048421
0.031956
0.060487
0.061277
0.052322
0.017346
0.065553
0.041131
0.078833
0.031723
0.038294
0.038262
0.058099
0.040080
0.072345
0.032464
0.040843
0.042703
0.073132
0.012950
0.061754
0.028156
0.055431
0.025515
0.064622
0.032661
0.040120
0.050017
0.046560
0.010077
0.070413
0.025483
0.049779
0.032610
0.072919
0.033687
0.050823
0.008414
0.054105
0.032217
0.071429
0.041968
0.040561
0.030206
0.065431
0.026763
0.060312
0.007226
0.050251
0.043962
0.075836
0.025262
0.037508
0.024791
0.046918
0.028869
0.078265
0.035804
0.028091
0.025787
0.068883
0.038417
0.058596
0.004352
0.056382
0.031339
0.059037
0.030102
0.056425
-0.009522
0.039408
0.009003
0.079012
0.032230
0.019913
0.056510
0.058519
0.022309
0.059650
0.013486
0.048885
0.033014
0.065499
0.005538
0.056782
0.011348
0.033344
0.034274
0.061680
0.031354
0.014843
0.034884
0.108161
0.027285
0.065530
0.014682
0.047281
0.033537
0.069586
0.041679
0.039051
0.018270
0.081936
0.036539
0.070682
0.044293
0.029358
0.026051
0.067907
0.049510
0.073082
0.019757
0.065393
0.049117
0.081462
0.064036
0.072319
0.048109
0.052060
0.034222
0.072437
0.051723
0.058890
0.058395
0.082118
0.062932
0.080375
0.065702
0.087518
0.067876
0.069989
0.066119
0.084575
0.061586
0.097425
0.063101
0.094808
0.071487
0.073755
0.075729
0.117130
0.047239
0.102912
0.072752
0.108058
0.056867
0.092621
0.104502
0.084094
0.051150
0.096585
0.101475
0.143448
0.106620
0.070800
0.110186
0.145768
0.098055
0.112343
0.079261
0.110424
0.068673
0.093220
0.108944
0.060426
0.059851
0.090827
0.066423
0.108217
0.050830
0.041451
0.051671
0.090839
0.065713
0.070723
0.021557
0.090759
0.057369
0.089321
0.075464
0.040362
0.023643
0.097035
0.079538
0.110128
0.095274
0.050108
0.060898
0.131287
0.063669
0.098854
0.093997
0.122567
0.087263
0.147805
0.140493
0.111993
0.092546
0.150810
0.122487
0.135044
0.130111
0.149986
0.127064
0.194130
0.168664
0.180514
0.153080
0.211961
0.164840
0.218308
0.213775
0.184100
0.171428
0.196897
0.184102
0.235508
0.173731
0.204084
0.194118
0.232551
0.183926
0.212090
0.172724
0.204827
0.134090
0.196376
0.209558
0.209020
0.176243
0.230918
0.184749
0.198094
0.171595
0.224412
0.230535
0.291716
0.230391
0.202651
0.186582
0.288777
0.266340
0.249178
0.240124
0.217011
0.208811
0.277894
0.247353
0.260806
0.220031
0.199250
0.188170
0.249944
0.227210
0.219320
0.204934
0.249458
0.247347
0.259955
0.242355
0.253351
0.234688
0.279755
0.212985
0.271618
0.261390
0.250919
0.245631
0.316278
0.242697
0.302452
0.272809
0.318614
0.295493
0.338251
0.300134
0.309166
0.286110
0.345178
0.291734
0.322803
0.272745
0.310874
0.282278
0.333203
0.296288
0.331701
0.300263
0.373169
0.343241
0.364661
0.340167
0.369217
0.343921
0.423552
0.390054
0.412126
0.389467
0.427414
0.426272
0.424439
0.386569
0.420548
0.357055
0.456552
0.393114
0.429838
0.396431
0.424919
0.335648
0.448350
0.396552
0.420629
0.405943
0.371940
0.370698
0.448681
0.386055
0.412930
0.353210
0.442593
0.369877
0.436599
0.397029
0.414583
0.381184
0.434706
0.408560
0.429927
0.391378
0.426728
0.408147
0.500977
0.504285
0.512162
0.416065
0.517813
0.492371
0.553288
0.522231
0.625399
0.557929
0.593719
0.590468
0.646280
0.615970
0.648579
0.662846
0.716444
0.662235
0.693015
0.670804
0.726782
0.701326
0.723761
0.727152
0.732773
0.694147
0.748239
0.722186
0.753896
0.751427
0.764786
0.733543
0.807995
0.726042
0.777188
0.749651
0.808791
0.771074
0.803374
0.786205
0.809039
0.790032
0.805484
0.811512
0.830463
0.823122
0.834626
0.815378
0.868810
0.830849
0.863854
0.825660
0.870249
0.865839
0.887434
0.879068
0.891219
0.844650
0.891409
0.879038
0.899589
0.891542
0.898992
0.896141
0.927330
0.881163
0.920706
0.893880
0.937946
0.920460
0.941947
0.930027
0.938953
0.918935
0.935998
0.931581
0.946213
0.944611
0.948208
0.943333
0.956551
0.927354
0.953881
0.939225
0.951286
0.929882
0.954246
0.951183
0.956884
0.940548
0.942555
0.931270
0.949375
0.938983
0.953074
0.947168
0.959324
0.933086
0.948591
0.927024
0.948735
0.928364
0.949781
0.941700
0.951742
0.932171
0.930591
0.924166
0.939900
0.924487
0.937755
0.937285
0.944234
0.909764
0.931623
0.911143
0.940900
0.896400
0.927020
0.919951
0.926915
0.902438
0.903377
0.888940
0.923901
0.900991
0.896107
0.906272
0.915328
0.870604
0.903962
0.872108
0.911542
0.859518
0.907144
0.892618
0.906877
0.866724
0.883071
0.878710
0.904416
0.874166
0.883895
0.881788
0.912306
0.868624
0.897512
0.863708
0.906848
0.865966
0.910314
0.890508
0.912554
0.884764
0.887665
0.878796
0.893429
0.885978
0.897312
0.896003
0.929024
0.861360
0.900245
0.854493
0.892362
0.861169
0.877960
0.872951
0.876626
0.843666
0.853535
0.846611
0.871709
0.856184
0.842864
0.845153
0.863182
0.797725
0.850637
0.806245
0.841255
0.807100
0.825034
0.808188
0.819854
0.784813
0.814089
0.781323
0.817616
0.798868
0.802554
0.789659
0.838802
0.750998
0.799556
0.766869
0.804774
0.746623
0.783591
0.767205
0.821339
0.753262
0.764124
0.746041
0.776946
0.754556
0.754660
0.753446
0.795236
0.730150
0.775106
0.727607
0.734976
0.713884
0.747144
0.741642
0.777596
0.699565
0.711935
0.686168
0.729784
0.686265
0.676656
0.690573
0.730372
0.661280
0.715394
0.633280
0.705608
0.676361
0.697594
0.685619
0.721246
0.651064
0.714884
0.705169
0.727825
0.716473
0.703972
0.718007
0.753688
0.712499
0.756467
0.731130
0.776295
0.721405
0.782036
0.764774
0.812664
0.725484
0.778670
0.759867
0.790899
0.755151
0.758621
0.788694
0.821994
0.729375
0.810318
0.760008
0.805495
0.742928
0.788212
0.783544
0.805816
0.760885
0.771285
0.787196
0.770020
0.744691
0.779322
0.758622
0.829762
0.760677
0.784271
0.727234
0.785785
0.756222
0.774594
0.754765
0.802950
0.741462
0.782974
0.777418
0.798313
0.780387
0.790699
0.787277
0.814798
0.773051
0.825539
0.792421
0.810322
0.772737
0.837285
0.821093
0.844042
0.784050
0.810338
0.788835
0.822790
0.787666
0.817305
0.791522
0.837036
0.790948
0.844066
0.812430
0.842115
0.806741
0.857319
0.841437
0.867408
0.829345
0.855377
0.842785
0.876428
0.849267
0.867726
0.884583
0.913179
0.840309
0.881555
0.851661
0.904288
0.872049
0.904719
0.891739
0.908423
0.890362
0.910887
0.891083
0.922915
0.913833
0.927415
0.929176
0.939991
0.892040
0.931110
0.904409
0.924785
0.899387
0.924469
0.922478
0.930819
0.890017
0.910689
0.896729
0.916366
0.894843
0.909140
0.906170
0.923604
0.896944
0.917562
0.892701
0.932307
0.898049
0.933509
0.924186
0.926411
0.912653
0.917958
0.907100
0.935238
0.920783
0.925965
0.927272
0.953520
0.915830
0.940949
0.921574
0.953133
0.921306
0.949563
0.944294
0.951723
0.936163
0.940080
0.936768
0.954808
0.934496
0.954188
0.951292
0.961148
0.935619
0.951617
0.928400
0.954202
0.932228
0.957936
0.946584
0.949955
0.934250
0.938549
0.930745
0.945471
0.943058
0.945048
0.934991
0.956703
0.921184
0.946522
0.924195
0.947908
0.928336
0.946373
0.944831
0.947481
0.920250
0.931144
0.921984
0.946010
0.935488
0.936465
0.933050
0.941276
0.910493
0.942629
0.917919
0.944899
0.915836
0.939041
0.929512
0.936795
0.905975
0.928295
0.910173
0.928818
0.914651
0.922237
0.924221
0.941357
0.907527
0.930495
0.903884
0.940617
0.915844
0.940423
0.936539
0.945067
0.910030
0.927391
0.918922
0.947642
0.927934
0.939070
0.929354
0.949089
0.907571
0.934393
0.912811
0.940800
0.911107
0.927942
0.920606
0.933046
0.894523
0.910099
0.898550
0.913785
0.902566
0.897299
0.894756
0.918942
0.881458
0.905222
0.867443
0.902223
0.871484
0.899510
0.895817
0.893560
0.846906
0.870338
0.867223
0.885124
0.841478
0.860826
0.855278
0.865014
0.814439
0.862648
0.824585
0.858316
0.813862
0.835118
0.803000
0.843673
0.812530
0.814116
0.805563
0.812805
0.794385
0.802833
0.800359
0.809897
0.717902
0.792227
0.742267
0.756037
0.700274
0.734558
0.701060
0.729509
0.656694
0.685212
0.668038
0.669805
0.625483
0.591608
0.593989
0.659313
0.576336
0.623024
0.562366
0.602634
0.514524
0.591737
0.576173
0.637219
0.548954
0.585348
0.570050
0.557674
0.548737
0.570504
0.562732
0.607199
0.514304
0.539949
0.513443
0.543440
0.497011
0.525988
0.520375
0.526921
0.441375
0.502564
0.473086
0.468316
0.440888
0.431482
0.398155
0.455178
0.394084
0.440896
0.451992
0.437661
0.415839
0.459966
0.447967
0.482725
0.421252
0.425597
0.416431
0.451527
0.372161
0.380305
0.397240
0.397788
0.293125
0.318320
0.277485
0.290525
0.214343
0.255471
0.221608
0.220376
0.221384
0.249851
0.178017
0.167868
0.159667
0.115985
0.102823
0.170921
0.143168
0.130924
0.089492
0.107827
0.045893
0.107628
0.116264
0.094612
0.103825
0.087665
0.060497
0.143616
0.078351
0.062216
0.038394
0.110739
0.050660
0.105402
0.062140
0.086254
0.060221
0.097146
0.077741
0.072029
0.068907
0.090626
0.071634
0.109845
0.072908
0.078906
0.073668
0.101354
0.048213
0.100091
0.066016
0.053170
0.030090
0.090049
0.085885
0.107588
0.107522
0.048536
0.027037
0.072284
0.064081
0.010346
