0.011038
0.128748
0.058854
0.078027
0.034128
0.125246
0.101251
0.064645
0.076273
0.101377
0.043621
0.109220
0.086631
0.112699
0.087784
0.139853
0.106817
0.168058
0.118042
0.131202
0.136186
0.124239
0.067883
0.121010
0.109229
0.103912
0.103771
0.120093
0.059011
0.122793
0.099604
0.068195
0.080544
0.096862
0.029419
0.087783
0.073506
0.063210
0.030430
0.099417
0.046270
0.070403
0.028600
0.058664
0.015239
0.116727
0.054663
0.044549
0.025123
0.075362
0.006216
0.059400
0.022490
0.058723
0.053086
0.100165
0.037280
0.050612
0.010006
0.077243
0.045730
0.097582
0.056207
0.042613
0.036748
0.131991
0.084894
0.091035
0.040474
0.144901
0.078742
0.111225
0.132402
0.107720
0.069433
0.139256
0.108827
0.131346
0.095352
0.146205
0.159155
0.167914
0.112797
0.125246
0.130471
0.110152
0.068459
0.119943
0.101590
0.093822
0.077564
0.090544
0.066532
0.122012
0.068682
0.046657
0.070808
0.103905
0.072256
0.092611
0.020086
0.083381
0.053832
0.080659
0.075752
0.060179
0.035955
0.061531
0.031683
0.098967
0.050506
0.025304
0.044209
0.130254
0.047749
0.052964
0.012657
0.116641
0.072481
0.093459
0.072867
0.050163
0.039903
0.082158
0.066784
0.105154
0.061829
0.059375
0.070691
0.146650
0.094043
0.094448
0.065479
0.136813
0.090417
0.112869
0.099095
0.087792
0.077566
0.128601
0.089445
0.149045
0.104536
0.097363
0.100951
0.176474
0.115387
0.124150
0.091782
0.150617
0.120022
0.146448
0.160563
0.110984
0.117218
0.142547
0.099171
0.149312
0.112267
0.098068
0.085717
0.169521
0.087311
0.125520
0.097593
0.143697
0.064856
0.130796
0.107649
0.116218
0.121456
0.149866
0.117802
0.150346
0.152951
0.184409
0.186694
0.233760
0.199641
0.255215
0.210889
0.204500
0.202815
0.245784
0.275886
0.252671
0.205946
0.218363
0.214714
0.255772
0.228382
0.220072
0.163973
0.202038
0.163057
0.206294
0.228657
0.198089
0.136718
0.210973
0.189892
0.230332
0.197097
0.222658
0.178983
0.224079
0.169305
0.218843
0.204318
0.294307
0.222273
0.238270
0.200324
0.248564
0.210736
0.245734
0.224975
0.252997
0.163412
0.243791
0.238226
0.233578
0.203913
0.187167
0.182488
0.219312
0.188294
0.176953
0.175121
0.193916
0.130925
0.193518
0.210981
0.170971
0.190861
0.190605
0.129019
0.153590
0.115461
0.138946
0.098541
0.167007
0.087367
0.106681
0.077930
0.131689
0.066389
0.116065
0.083217
0.085461
0.054719
0.115995
0.090823
0.132750
0.075605
0.061893
0.070408
0.158763
0.088234
0.126578
0.076807
0.146872
0.089590
0.134773
0.116223
0.117635
0.117299
0.127638
0.080003
0.115037
0.103198
0.079738
0.062851
0.137360
0.105253
0.149879
0.116584
0.144605
0.084941
0.146469
0.163789
0.135244
0.111868
0.175833
0.110933
0.169004
0.155085
0.142829
0.128011
0.200677
0.139437
0.166589
0.156188
0.217939
0.250804
0.196287
0.205095
0.203732
0.149626
0.261320
0.238001
0.256753
0.225284
0.244822
0.240560
0.339479
0.244290
0.263375
0.214044
0.307044
0.251481
0.277002
0.252877
0.243361
0.164658
0.257284
0.232026
0.248531
0.184762
0.175756
0.163936
0.281891
0.218230
0.246287
0.202770
0.229076
0.156140
0.233134
0.234977
0.260025
0.208156
0.238555
0.210175
0.232587
0.202271
0.259475
0.225107
0.238601
0.228957
0.210381
0.211216
0.245037
0.244379
0.251418
0.235308
0.229662
0.177398
0.263584
0.229014
0.256575
0.228540
0.257774
0.236339
0.260793
0.214907
0.258051
0.245947
0.299017
0.253722
0.298934
0.260232
0.287229
0.272018
0.311816
0.282186
0.307345
0.283935
0.310599
0.303353
0.383278
0.337008
0.361988
0.315674
0.376544
0.308513
0.388417
0.359635
0.400343
0.340802
0.362536
0.334791
0.376296
0.328623
0.344222
0.356013
0.448171
0.366444
0.380704
0.315356
0.465000
0.390097
0.433919
0.379496
0.406791
0.393549
0.470032
0.412939
0.451985
0.451951
0.444354
0.428460
0.505195
0.482672
0.529952
0.428776
0.527096
0.479165
0.533420
0.537357
0.564571
0.528756
0.565458
0.559025
0.589500
0.571322
0.589516
0.591494
0.709157
0.590463
0.649658
0.620721
0.702721
0.652849
0.704566
0.667249
0.725653
0.684616
0.721913
0.718397
0.746120
0.743698
0.757802
0.761644
0.804222
0.722351
0.784530
0.739870
0.798129
0.749572
0.784937
0.776110
0.787181
0.753400
0.782231
0.762370
0.767145
0.744526
0.762580
0.734200
0.828373
0.774733
0.801171
0.765110
0.828624
0.779344
0.841246
0.803725
0.843599
0.821010
0.850843
0.828168
0.868172
0.844535
0.870310
0.870015
0.908763
0.860874
0.905656
0.874138
0.919761
0.901720
0.925879
0.914197
0.926286
0.911803
0.934027
0.920280
0.936133
0.932840
0.940151
0.942797
0.953999
0.911483
0.939708
0.912015
0.942705
0.915986
0.934388
0.927031
0.943102
0.913485
0.925161
0.912980
0.926502
0.915987
0.923000
0.920554
0.937070
0.890822
0.929579
0.896950
0.920371
0.880106
0.913983
0.909504
0.920513
0.888464
0.891090
0.876690
0.885148
0.865356
0.880126
0.879123
0.898545
0.822315
0.876974
0.839954
0.878411
0.830157
0.864758
0.857855
0.861789
0.806915
0.825347
0.818593
0.842218
0.781098
0.778036
0.790796
0.817152
0.749223
0.796931
0.743097
0.784566
0.721931
0.773114
0.748664
0.807735
0.712765
0.734689
0.714791
0.745720
0.705134
0.689731
0.724478
0.743713
0.680487
0.722320
0.692823
0.716497
0.697519
0.715765
0.697233
0.754124
0.684767
0.708830
0.676515
0.717896
0.713188
0.710160
0.695363
0.713713
0.636794
0.705560
0.661327
0.668584
0.655011
0.678185
0.657443
0.673709
0.599160
0.627723
0.603765
0.651427
0.619018
0.587272
0.578248
0.591163
0.554032
0.583796
0.543485
0.558193
0.476212
0.531862
0.542907
0.567997
0.484285
0.528481
0.476142
0.495789
0.493591
0.482338
0.495921
0.581888
0.450436
0.532580
0.503564
0.574045
0.526640
0.574760
0.527320
0.603018
0.530228
0.564803
0.567237
0.600558
0.564585
0.577023
0.563975
0.593327
0.556994
0.620565
0.546183
0.593025
0.562403
0.592741
0.567463
0.653772
0.558451
0.607129
0.579024
0.585299
0.590635
0.595617
0.611783
0.643770
0.572039
0.616060
0.557835
0.623810
0.581573
0.626330
0.586004
0.629809
0.561797
0.613771
0.582441
0.599435
0.571083
0.580532
0.594721
0.633955
0.584805
0.636178
0.593716
0.630693
0.587418
0.649215
0.624703
0.703555
0.621258
0.664129
0.655208
0.711815
0.656157
0.667487
0.700085
0.745436
0.686822
0.724405
0.686492
0.726369
0.693238
0.729913
0.721702
0.734034
0.684674
0.725262
0.717403
0.729017
0.708938
0.720382
0.672357
0.761064
0.678802
0.694649
0.653181
0.690461
0.647392
0.664505
0.640647
0.693271
0.619849
0.664468
0.629175
0.654989
0.649902
0.630287
0.636299
0.673861
0.606400
0.677924
0.620357
0.638729
0.632171
0.672716
0.641468
0.674687
0.632957
0.654851
0.651429
0.664403
0.640409
0.636058
0.657396
0.711125
0.626960
0.700641
0.668529
0.663353
0.640848
0.692842
0.693499
0.730557
0.658294
0.685523
0.652296
0.658659
0.632286
0.681615
0.686621
0.713278
0.603591
0.657030
0.569011
0.623309
0.576911
0.586219
0.560021
0.570392
0.549959
0.554446
0.530945
0.530663
0.460470
0.447910
0.480930
0.548890
0.476903
0.479168
0.407817
0.518658
0.425363
0.473703
0.431598
0.481107
0.431901
0.443660
0.394284
0.425932
0.382075
0.397952
0.411631
0.420382
0.352944
0.395627
0.363753
0.418405
0.352357
0.390528
0.342140
0.347155
0.283765
0.353931
0.331698
0.332043
0.317674
0.324056
0.311588
0.349435
0.282067
0.298262
0.264832
0.306731
0.271635
0.297323
0.284349
0.248324
0.217590
0.267082
0.234289
0.221638
0.197746
0.202292
0.222464
0.183449
0.181024
0.192681
0.162182
0.153663
0.103980
0.154609
0.139682
0.091837
0.090798
0.139133
0.142013
0.143410
0.125509
0.088467
0.059613
0.152997
0.102689
0.109903
0.068137
0.094927
0.073389
0.138702
0.120665
0.084236
0.087278
0.112752
0.058498
0.126479
0.097485
0.062787
0.078185
0.159515
0.094745
0.103013
0.080303
0.123705
0.073328
0.118739
0.129597
0.094036
0.090063
0.126697
0.085266
0.134165
0.113612
0.106116
0.083279
0.108407
0.083547
0.105509
0.098074
0.082755
0.063690
0.098473
0.098947
0.065035
0.046897
0.069327
0.058370
0.112947
0.084775
0.046637
0.046793
0.068742
0.026164
0.060428
0.047594
0.055694
0.036486
0.070084
0.035182
0.065272
0.034625
0.052855
0.034389
0.087209
0.048841
0.043604
0.029500
0.111481
0.063069
0.066818
0.030200
0.064669
0.043759
0.089196
0.066512
0.088453
0.019967
0.054299
0.011818
0.083715
0.068516
0.032380
0.043897
0.066111
0.036889
0.068609
0.026380
0.075955
0.045765
0.059347
0.036362
0.059411
0.019469
0.058556
0.057134
0.076733
0.049256
0.027082
0.035872
0.130228
0.058090
0.066823
0.043142
0.076701
0.049574
0.094539
0.061672
0.061398
0.023570
0.064912
0.043310
0.085729
0.077445
0.034913
0.057528
0.103240
0.046408
0.080742
0.020122
0.077444
0.050060
0.076748
0.054522
0.073944
0.029081
0.067866
0.047093
0.063053
0.051970
0.050488
0.068207
0.125530
0.055931
0.082418
0.072925
0.095001
0.053722
0.116774
0.102773
0.115167
0.075114
0.071580
0.068394
0.128808
0.106161
0.091842
0.082970
0.146576
0.107402
0.132990
0.099347
0.130009
0.096308
0.152108
0.128119
0.094288
0.088389
0.124879
0.119691
0.152836
0.112897
0.143601
0.130171
0.156505
0.109487
0.145013
0.111544
0.142897
0.092116
0.109935
0.104091
0.123022
0.105958
0.117393
0.091650
0.120389
0.110291
0.080188
0.092679
0.118346
0.099278
0.119306
0.086693
0.102176
0.033685
0.106266
0.118558
0.105647
0.076720
0.082616
0.051154
0.135980
0.063159
0.055051
0.044589
0.132935
0.067529
0.094280
0.041175
0.132796
0.056900
0.113302
0.106629
0.100603
0.068354
0.122086
0.091064
0.105662
0.106365
0.106588
0.096296
0.098822
0.074921
0.119000
0.089162
0.053766
0.030383
0.095018
0.098675
0.117016
0.096866
0.076498
0.038782
0.075138
0.066233
0.018266
