0.011852
0.058677
0.033693
0.052357
0.021905
0.080434
0.057486
0.034236
0.024971
0.066588
-0.000362
0.044032
0.017962
0.064836
0.024313
0.016056
0.035871
0.068300
0.026688
0.050886
-0.013084
0.045740
0.037412
0.037799
0.002881
0.062555
-0.018023
0.046455
0.004354
0.070419
0.034238
0.007812
0.038641
0.038627
0.034226
0.053914
0.001860
0.034068
0.005111
0.037858
-0.000743
0.061850
0.000304
0.029058
0.007177
0.054628
-0.013989
0.014981
0.022348
0.052588
0.005574
0.038706
-0.012638
0.033121
0.017504
0.035660
-0.008611
0.060229
-0.007913
0.028789
0.012566
0.066653
-0.001632
0.017988
0.023312
0.066021
0.010487
0.045325
-0.014754
0.032992
0.029762
0.038295
0.016160
0.051470
-0.021321
0.018429
0.017456
0.042353
-0.001939
0.020970
0.031731
0.041928
0.015270
0.073374
0.003343
0.032381
-0.003389
0.053375
0.005254
0.059485
-0.006935
0.016172
0.009884
0.062316
0.018645
0.008937
0.020751
0.069105
0.016616
0.053241
-0.020127
0.045533
0.007507
0.039213
-0.017690
0.061665
-0.025689
0.037009
0.015982
0.052299
-0.001711
0.010941
0.013819
0.049588
0.017612
0.049751
-0.016299
0.031638
0.019952
0.065444
0.004431
0.042252
0.009525
0.021480
0.021004
0.052307
0.011440
0.016672
0.028447
0.065662
0.029233
0.051624
-0.014551
0.045357
0.023037
0.040010
-0.006449
0.071793
-0.000326
0.021175
0.038838
0.077404
0.008754
0.012785
0.035306
0.070774
0.043023
0.061502
0.017482
0.042700
0.028608
0.075453
0.034792
0.050162
0.027150
0.058566
0.027558
0.083568
0.027729
0.021374
0.018455
0.078053
0.027253
0.057892
0.014001
0.050252
0.055233
0.063084
0.030991
0.034265
-0.002463
0.066482
0.037063
0.052555
0.058319
0.047081
0.039101
0.050924
0.031535
0.077058
0.020517
0.048533
0.019660
0.069405
0.027399
0.058156
0.009624
0.041039
0.012149
0.068659
0.034300
0.037645
0.051566
0.065578
0.038700
0.072968
0.010584
0.062189
0.042693
0.100840
0.041477
0.067559
0.030271
0.052471
0.043389
0.086590
0.055327
0.051923
0.048955
0.114563
0.052461
0.091578
0.078303
0.132846
0.087436
0.129856
0.134687
0.116560
0.065854
0.132660
0.116284
0.117105
0.120073
0.147687
0.140295
0.171821
0.166094
0.182892
0.173428
0.200820
0.179895
0.228894
0.198967
0.211437
0.193465
0.253566
0.199735
0.257957
0.214116
0.249694
0.240956
0.319306
0.269707
0.260119
0.235685
0.304351
0.288533
0.281612
0.294706
0.270424
0.258649
0.349789
0.301937
0.316732
0.295056
0.293428
0.288385
0.376859
0.313104
0.332040
0.292373
0.359346
0.289891
0.355861
0.345304
0.347603
0.300708
0.353918
0.298044
0.345828
0.329622
0.325808
0.340283
0.378961
0.314569
0.379482
0.358163
0.394791
0.335055
0.388576
0.383130
0.422246
0.340089
0.395993
0.376836
0.398457
0.343503
0.369024
0.376041
0.388681
0.338573
0.328049
0.267538
0.382906
0.315956
0.310895
0.272928
0.296683
0.241492
0.283288
0.236057
0.286538
0.228185
0.159314
0.143158
0.250905
0.207130
0.228278
0.191379
0.262313
0.238787
0.265104
0.269959
0.274666
0.213565
0.275971
0.274096
0.295082
0.223738
0.260166
0.279861
0.398038
0.320166
0.326219
0.311324
0.339949
0.271671
0.331612
0.351552
0.392208
0.344653
0.358215
0.326032
0.366872
0.364011
0.371776
0.422168
0.417705
0.384867
0.400625
0.354959
0.388898
0.315881
0.424243
0.372083
0.411928
0.327330
0.339067
0.299315
0.341862
0.268243
0.279346
0.275374
0.307289
0.255210
0.252257
0.223697
0.234024
0.218808
0.276073
0.244957
0.218981
0.201377
0.251975
0.190501
0.255213
0.217497
0.206423
0.194121
0.268573
0.222016
0.233032
0.223276
0.298524
0.236715
0.295572
0.268851
0.258713
0.221280
0.280880
0.238381
0.287839
0.269661
0.283700
0.250191
0.270688
0.253264
0.293766
0.302579
0.324100
0.249380
0.300225
0.272000
0.335727
0.263550
0.317160
0.266815
0.280061
0.273580
0.338191
0.347728
0.331161
0.320722
0.314522
0.296388
0.307547
0.241461
0.315733
0.292085
0.312905
0.256615
0.295390
0.265159
0.286672
0.261806
0.294105
0.234250
0.289941
0.242084
0.256833
0.203894
0.253785
0.234150
0.261765
0.265758
0.207008
0.235683
0.250565
0.190788
0.221875
0.222153
0.208896
0.186875
0.255660
0.203349
0.190692
0.166765
0.214062
0.125685
0.187630
0.180019
0.191226
0.140956
0.162658
0.106205
0.154768
0.109169
0.092615
0.072558
0.165202
0.102818
0.112884
0.084187
0.086898
0.052045
0.112144
0.081785
0.082199
0.099555
0.087172
0.060616
0.092728
0.077409
0.030165
0.052060
0.134325
0.043095
0.105538
0.062651
0.070744
0.034871
0.079341
0.063153
0.058524
0.014740
0.078372
0.059210
0.076990
0.034243
0.044683
0.042186
0.113242
0.041856
0.049321
0.038398
0.106231
0.075397
0.091236
0.078270
0.075565
0.033097
0.093469
0.063703
0.103124
0.098143
0.080889
0.059708
0.132623
0.081723
0.078317
0.042434
0.116388
0.062418
0.112267
0.078998
0.078651
0.030301
0.075189
0.052188
0.092199
0.077935
0.072663
0.043150
0.116537
0.056338
0.065032
0.007231
0.079654
0.070374
0.091503
0.080688
0.039814
0.038751
0.064683
0.049582
0.103616
0.061321
0.027562
0.056197
0.110817
0.067674
0.085453
0.063882
0.086133
0.069442
0.095392
0.095720
0.104397
0.074067
0.094976
0.076602
0.105570
0.096275
0.104396
0.106499
0.143919
0.086185
0.112130
0.132495
0.161314
0.113668
0.144567
0.147568
0.106021
0.087470
0.155187
0.123291
0.162304
0.109697
0.091152
0.107447
0.171076
0.112824
0.124154
0.097031
0.123550
0.086617
0.149203
0.113150
0.077983
0.076161
0.104238
0.082097
0.139231
0.080974
0.076529
0.057744
0.118559
0.039863
0.092770
0.053085
0.078162
0.043455
0.086640
0.078806
0.071695
0.034723
0.059610
0.041151
0.092920
0.067447
0.060555
0.035795
0.064899
0.046365
0.077122
0.030154
0.066591
0.038094
0.070390
0.038624
0.053041
0.013353
0.061125
0.051801
0.081778
0.064804
0.046432
0.067996
0.121102
0.083677
0.084240
0.040290
0.093934
0.058487
0.102310
0.086567
0.059854
0.038948
0.051460
0.036193
0.091371
0.062985
0.031673
0.036861
0.102025
0.055324
0.068339
0.006335
0.060785
0.044979
0.076420
0.045195
0.045416
-0.003537
0.067850
0.051988
0.072704
0.046835
0.060502
0.030067
0.078718
0.028911
0.062709
0.047128
0.062001
0.054567
0.075432
0.055860
0.041492
0.032329
0.067911
0.064578
0.064323
0.041836
0.055251
0.059448
0.127415
0.072465
0.085177
0.054825
0.101647
0.077021
0.108676
0.116541
0.066724
0.049942
0.107413
0.073553
0.117451
0.095584
0.059238
0.084017
0.113125
0.064486
0.092988
0.060257
0.097225
0.072261
0.091218
0.079538
0.078857
0.032079
0.099931
0.075878
0.104396
0.083616
0.102144
0.049927
0.118868
0.093236
0.094196
0.088363
0.108661
0.061739
0.121764
0.080601
0.065782
0.074981
0.087956
0.056589
0.107358
0.091284
0.044311
0.068412
0.127363
0.068493
0.086514
0.058509
0.088240
0.038022
0.105131
0.066012
0.060353
0.039493
0.087979
0.060964
0.077277
0.068288
0.068375
0.049005
0.055580
0.031970
0.090904
0.055970
0.055530
0.047652
0.067597
0.059297
0.064586
0.012710
0.055424
0.046750
0.062349
0.028361
0.024199
0.031646
0.081756
0.046301
0.062170
0.008967
0.055488
0.037884
0.047142
0.037999
0.066635
0.025552
0.039348
0.033522
0.089656
0.039681
0.021175
0.035859
0.086857
0.061493
0.084106
0.034323
0.063588
0.046368
0.079451
0.019177
0.051399
0.019811
0.064137
0.038032
0.081554
0.059744
0.048143
0.036799
0.067680
0.047431
0.070381
0.027366
0.065603
0.029781
0.087068
0.037848
0.047409
0.010209
0.064300
0.061097
0.071946
0.065944
0.046632
0.040798
0.099197
0.028951
0.078345
0.026256
0.069331
0.046308
0.068225
0.038487
0.043393
0.024678
0.070586
0.043577
0.082021
0.058489
0.032923
0.065827
0.071147
0.042170
0.056284
0.036271
0.085219
0.057839
0.094871
0.054414
0.052783
0.027676
0.075095
0.055949
0.079693
0.075105
0.062027
0.063037
0.111004
0.048488
0.087906
0.040851
0.066459
0.040234
0.077447
0.057451
0.088308
0.026739
0.062618
0.050176
0.074058
0.048333
0.047017
0.040730
0.083704
0.067393
0.067591
0.016749
0.060982
0.044296
0.075962
0.049241
0.069984
0.022299
0.057977
0.035299
0.076133
0.040475
0.038648
0.042658
0.065823
0.035056
0.075229
0.021025
0.064403
0.031798
0.089901
0.031619
0.056103
0.002474
0.075838
0.064199
0.075050
0.060141
0.035454
0.050872
0.101663
0.043211
0.066631
0.035370
0.092851
0.061593
0.091023
0.049747
0.049968
0.027543
0.070572
0.039355
0.093923
0.067316
0.045100
0.042851
0.126078
0.094505
0.095665
0.043894
0.100322
0.085730
0.104295
0.113766
0.093792
0.068673
0.142730
0.102029
0.138598
0.076246
0.114161
0.111921
0.168706
0.102439
0.131870
0.102873
0.134527
0.073087
0.145527
0.147353
0.113684
0.090645
0.115888
0.084576
0.129236
0.107463
0.065081
0.102993
0.179401
0.135929
0.106622
0.105755
0.140283
0.088621
0.134533
0.144705
0.139267
0.115514
0.143412
0.110624
0.107194
0.088240
0.077786
0.104542
0.177068
0.118837
0.103278
0.120280
0.133319
0.110663
0.143091
0.152822
0.139695
0.143833
0.153945
0.123387
0.155173
0.138391
0.170928
0.146793
0.162408
0.117163
0.152497
0.147214
0.184929
0.111733
0.173963
0.151618
0.147640
0.121957
0.166369
0.144389
0.184568
0.147105
0.107068
0.133480
0.206642
0.125500
0.145968
0.110386
0.160385
0.080960
0.163796
0.166492
0.124561
0.067907
0.143470
0.126630
0.131828
0.112046
0.070331
0.056128
0.137626
0.096688
0.088640
0.067630
0.116055
0.070340
0.107217
0.108091
0.061696
0.043407
0.117774
0.089339
0.115913
0.110820
0.087609
0.066570
0.137546
0.061885
0.109806
0.094080
0.121989
0.071247
0.116190
0.106925
0.096539
0.087319
0.127223
0.129146
0.137017
0.104650
0.153351
0.108517
0.104031
0.086208
0.104000
0.083637
0.056405
0.052991
0.093372
0.110937
0.140844
0.146568
0.078658
0.033003
0.081060
0.064297
0.015812
