0.016085
0.125272
0.064470
0.098289
0.035352
0.172633
0.150053
0.105078
0.160190
0.119674
0.071405
0.165077
0.102523
0.130584
0.093386
0.142723
0.139421
0.227309
0.159282
0.147916
0.128565
0.159649
0.094829
0.146586
0.142033
0.123812
0.094434
0.115229
0.091710
0.142457
0.117946
0.050100
0.037273
0.134167
0.081822
0.088975
0.080283
0.101539
0.080154
0.131786
0.110891
0.125686
0.096951
0.106755
0.103058
0.150713
0.108553
0.132494
0.149089
0.180105
0.130629
0.132697
0.128218
0.172966
0.094079
0.147803
0.102340
0.100466
0.101944
0.152035
0.085573
0.129898
0.112689
0.081906
0.082604
0.137589
0.084057
0.098394
0.071391
0.104059
0.048906
0.116987
0.089639
0.065932
0.069165
0.084191
0.053558
0.113200
0.054956
0.046417
0.050470
0.094182
0.060030
0.079925
0.030821
0.074551
0.057310
0.082692
0.056575
0.062803
0.027210
0.071988
0.063816
0.086257
0.064787
0.048764
0.048978
0.107265
0.059437
0.089772
0.056411
0.088909
0.057340
0.073867
0.076305
0.070827
0.052811
0.098234
0.070577
0.101172
0.063891
0.053110
0.056506
0.103580
0.066606
0.085857
0.040784
0.073197
0.057976
0.083463
0.076962
0.077033
0.065268
0.064288
0.038538
0.080391
0.039675
0.037330
0.048972
0.125774
0.068760
0.089446
0.044910
0.099346
0.044306
0.092696
0.070152
0.068929
0.036965
0.075778
0.062052
0.088761
0.046585
0.081044
0.065455
0.126429
0.077661
0.096770
0.052228
0.110377
0.101654
0.108396
0.107019
0.101797
0.092023
0.109676
0.123429
0.128438
0.077477
0.104915
0.093910
0.177138
0.134711
0.115624
0.085310
0.114004
0.085027
0.123738
0.095487
0.062269
0.082452
0.076950
0.057866
0.092160
0.068096
0.067376
0.064921
0.106320
0.058826
0.090993
0.080378
0.089523
0.063874
0.090107
0.108380
0.073238
0.029070
0.094720
0.093555
0.097424
0.075018
0.073453
0.053692
0.114727
0.073574
0.089442
0.032526
0.082897
0.040728
0.087036
0.063098
0.083678
0.054396
0.047954
0.027991
0.075895
0.032160
0.020707
0.032207
0.097709
0.048509
0.051836
0.023374
0.065952
0.025652
0.048675
0.016796
0.066688
0.020166
0.026898
0.016134
0.076807
0.008002
0.034210
0.031447
0.047401
0.036280
0.044953
-0.013586
0.055207
0.034609
0.057679
0.016452
0.056395
-0.005292
0.039221
0.042422
0.043523
0.012775
0.019548
0.020081
0.057822
0.025384
0.061425
0.002216
0.044515
0.020845
0.051596
0.013717
0.059390
0.007419
0.028462
0.017996
0.070971
0.021698
-0.002641
0.021328
0.071854
0.021740
0.057317
-0.020129
0.043988
0.023278
0.044241
0.005463
0.055851
0.019198
0.039262
-0.003114
0.064168
0.002246
0.021384
0.029694
0.048358
0.015285
0.059069
-0.006279
0.033273
-0.014792
0.042844
-0.028425
0.057981
-0.020325
0.013010
0.007769
0.062902
-0.008694
-0.003402
-0.002065
0.053461
0.004516
0.045071
-0.021354
0.046836
0.013207
0.024977
-0.019097
0.058892
-0.017285
0.015461
0.013954
0.053694
-0.007871
0.003000
0.006041
0.067494
0.025208
0.041613
-0.027481
0.046003
-0.001999
0.030466
-0.013771
0.066012
-0.016867
0.004803
0.009627
0.068243
-0.013672
-0.013354
0.015934
0.064544
0.031944
0.046873
-0.024268
0.032900
-0.007886
0.049136
-0.010703
0.047061
-0.008059
0.010104
0.001489
0.057070
-0.012038
-0.010304
0.019970
0.066950
0.029196
0.034621
-0.039227
0.050802
-0.001493
0.023262
-0.025505
0.064159
-0.018678
0.007280
0.004647
0.056057
-0.001053
-0.009978
0.019302
0.073884
0.014215
0.041372
-0.040778
0.036343
0.011833
0.024432
-0.014605
0.050778
0.005017
0.002656
-0.002351
0.062674
-0.000307
-0.014706
0.008805
0.067076
0.018996
0.043518
-0.026844
0.033637
0.005668
0.037167
-0.027667
0.057409
0.010322
0.008561
0.006436
0.054016
-0.017400
0.008529
0.025204
0.068806
0.022145
0.044814
-0.024846
0.052700
0.011824
0.052836
-0.008747
0.058848
-0.007996
0.031628
0.018997
0.049485
0.002031
0.007358
0.017823
0.049633
0.023916
0.047775
-0.013440
0.048456
0.021828
0.033509
-0.001409
0.063188
0.008027
0.030344
0.015857
0.045943
0.006559
0.006900
0.044452
0.065691
0.032678
0.049800
-0.005984
0.053585
0.040343
0.070627
0.000528
0.058113
0.002973
0.048142
0.030622
0.055184
0.025860
0.042582
0.053667
0.092391
0.046721
0.078215
0.033089
0.093771
0.046796
0.109447
0.087365
0.058992
0.044641
0.104544
0.070799
0.125406
0.069366
0.099293
0.078683
0.135406
0.104539
0.107722
0.091284
0.134169
0.106026
0.146323
0.111736
0.126240
0.084713
0.144861
0.105657
0.142518
0.138978
0.154764
0.122540
0.205979
0.140707
0.137993
0.139053
0.177110
0.157741
0.196702
0.176308
0.168255
0.136086
0.206375
0.143306
0.214642
0.196918
0.146523
0.157617
0.207047
0.118758
0.190971
0.155434
0.177670
0.136350
0.188276
0.177324
0.163853
0.165400
0.181558
0.146324
0.205904
0.140183
0.128754
0.156211
0.215792
0.172912
0.167233
0.135945
0.220882
0.185711
0.235462
0.228199
0.190820
0.125921
0.248952
0.223845
0.279384
0.213542
0.228230
0.230394
0.296915
0.234634
0.274154
0.214443
0.309736
0.268599
0.302607
0.317758
0.238496
0.194845
0.307157
0.284024
0.318109
0.314853
0.293578
0.322208
0.350020
0.296408
0.347898
0.313102
0.423464
0.365433
0.405196
0.375666
0.399021
0.345121
0.440628
0.408017
0.471625
0.467268
0.447298
0.468112
0.527745
0.513880
0.537428
0.491540
0.595164
0.535231
0.611547
0.563764
0.622663
0.579706
0.629924
0.603406
0.675240
0.626565
0.628954
0.663181
0.705126
0.659097
0.703975
0.660842
0.717839
0.669026
0.731996
0.702460
0.719199
0.698789
0.717072
0.717979
0.699678
0.702795
0.698293
0.703088
0.788562
0.689147
0.753655
0.714459
0.740601
0.701467
0.749481
0.707877
0.779743
0.716656
0.755107
0.747678
0.756273
0.753323
0.775943
0.772694
0.789865
0.726873
0.786346
0.738194
0.776731
0.751952
0.787148
0.761829
0.794856
0.693960
0.763087
0.770114
0.774568
0.759998
0.751957
0.733937
0.795557
0.699560
0.788605
0.729794
0.768734
0.763385
0.770813
0.716062
0.782217
0.758781
0.746400
0.751950
0.753690
0.751768
0.738245
0.751061
0.798438
0.715266
0.778402
0.721890
0.784287
0.758526
0.783713
0.769522
0.792736
0.750886
0.795632
0.777743
0.805784
0.787521
0.783658
0.781104
0.837870
0.799730
0.833457
0.791925
0.828408
0.767480
0.832936
0.832999
0.855025
0.816706
0.833929
0.812852
0.851751
0.840037
0.852458
0.857014
0.867875
0.799651
0.868905
0.834942
0.879487
0.829399
0.865917
0.855353
0.858709
0.820862
0.845482
0.837371
0.857529
0.833684
0.841238
0.838512
0.876898
0.826280
0.864712
0.817554
0.863534
0.847312
0.863099
0.862575
0.871586
0.827465
0.870296
0.868914
0.893440
0.863287
0.886223
0.881018
0.895651
0.862686
0.898125
0.869025
0.897505
0.870438
0.912024
0.900248
0.900898
0.870869
0.885383
0.866009
0.892453
0.882095
0.892822
0.881987
0.908818
0.856730
0.897082
0.857622
0.903568
0.871437
0.899935
0.889148
0.897413
0.871154
0.885905
0.879146
0.913988
0.881467
0.894509
0.898631
0.914873
0.857407
0.900837
0.865210
0.901753
0.880047
0.896475
0.883457
0.897195
0.866830
0.886956
0.878713
0.903189
0.875598
0.882342
0.891968
0.910156
0.837492
0.885206
0.856890
0.857272
0.842796
0.861370
0.853312
0.867764
0.815966
0.833053
0.807743
0.832960
0.811607
0.822750
0.806767
0.828268
0.758225
0.807761
0.769453
0.812209
0.754663
0.790694
0.767002
0.791918
0.737653
0.759583
0.743562
0.751129
0.712930
0.704800
0.674725
0.763637
0.670099
0.716769
0.674695
0.678147
0.623587
0.693375
0.664586
0.717722
0.630092
0.668834
0.655045
0.660960
0.638097
0.634028
0.639366
0.645237
0.559878
0.623627
0.563606
0.581193
0.553177
0.533951
0.517822
0.558765
0.470925
0.478183
0.482019
0.487485
0.422361
0.406303
0.412522
0.432558
0.368346
0.419617
0.372426
0.364843
0.362207
0.401601
0.375328
0.357450
0.346496
0.361766
0.342205
0.351158
0.329442
0.326083
0.307241
0.393311
0.334873
0.357191
0.292892
0.364226
0.293632
0.356328
0.347294
0.319081
0.312091
0.328627
0.301925
0.345829
0.273895
0.265348
0.298822
0.325904
0.285790
0.304873
0.260059
0.329756
0.275345
0.305278
0.266772
0.303035
0.285491
0.263338
0.246569
0.296621
0.238360
0.225753
0.253750
0.229556
0.211801
0.224642
0.193779
0.241694
0.188853
0.234426
0.184160
0.186803
0.173311
0.229668
0.184707
0.204634
0.188480
0.200553
0.190322
0.182711
0.167760
0.179563
0.166320
0.163601
0.142234
0.144638
0.169026
0.145569
0.108242
0.166465
0.092958
0.181118
0.140450
0.104190
0.074316
0.120581
0.097320
0.137652
0.072297
0.137696
0.081946
0.109427
0.128308
0.099917
0.094424
0.118541
0.061444
0.100029
0.081494
0.047911
0.085112
0.135498
0.069292
0.094472
0.061744
0.089503
0.049863
0.088694
0.063148
0.073496
0.064753
0.082655
0.032676
0.106713
0.053942
0.043061
0.052423
0.094367
0.055714
0.067490
0.040647
0.067892
0.038409
0.080636
0.059715
0.071600
0.036385
0.066492
0.026249
0.081276
0.050712
0.025692
0.037169
0.085010
0.057629
0.074056
0.041431
0.078755
0.052162
0.070644
0.057279
0.082516
0.015642
0.054186
0.067092
0.067386
0.037323
0.041671
0.049539
0.100508
0.061258
0.077580
0.047765
0.061549
0.030571
0.102982
0.042940
0.062359
0.020104
0.067798
0.036847
0.078772
0.072878
0.047404
0.058179
0.066538
0.029964
0.083798
0.066203
0.067235
0.063038
0.088861
0.072865
0.048953
0.014756
0.107239
0.091436
0.075352
0.049463
0.054843
0.063145
0.151603
0.084595
0.091395
0.075848
0.103506
0.054298
0.099518
0.103902
0.068566
0.083698
0.093233
0.061848
0.079959
0.071632
0.066916
0.077035
0.054820
0.039744
0.087254
0.051166
0.078976
0.060317
0.069885
0.058080
0.065033
0.038787
0.096242
0.068596
0.091117
0.080460
0.097606
0.089423
0.081828
0.064475
0.097362
0.080286
0.074818
0.030364
0.092292
0.082225
0.090762
0.115572
0.056183
0.032551
0.079894
0.077063
0.009172
