0.012332
0.064248
0.025615
0.078838
0.029795
0.110229
0.052724
0.053823
0.033749
0.075853
0.014132
0.054295
0.034391
0.073148
0.038670
0.024451
0.043677
0.086786
0.047471
0.075165
0.021936
0.053362
0.018266
0.069535
0.044639
0.073867
0.008131
0.057904
0.027623
0.069366
0.014600
0.047444
0.029985
0.045277
0.028419
0.062532
0.004065
0.036393
0.020102
0.063308
0.004836
0.049702
-0.007601
0.031407
0.011766
0.058973
0.021629
0.013082
0.025853
0.051984
0.015307
0.049195
-0.004610
0.057204
0.019145
0.044791
0.008076
0.055135
0.020500
0.018644
0.013206
0.061741
0.004520
0.014688
0.016997
0.071486
0.033814
0.041468
-0.005343
0.043711
0.015257
0.044670
0.011473
0.055783
0.015508
0.027719
0.015770
0.057969
0.006488
0.026492
0.034617
0.046803
0.021989
0.052093
-0.009552
0.042773
0.042454
0.041589
0.000283
0.051270
0.004171
0.030636
0.023560
0.054708
0.018574
0.008077
0.024697
0.070624
0.038431
0.060678
-0.011831
0.043832
0.026355
0.061453
0.023148
0.057043
-0.008087
0.030296
0.009262
0.054438
0.005961
0.024315
0.034782
0.068804
0.025208
0.067290
-0.001972
0.044462
0.030132
0.052501
0.024627
0.052073
0.005836
0.015815
0.022858
0.070417
0.021197
0.012455
0.028062
0.073726
0.039291
0.067091
0.003070
0.053041
0.033560
0.035922
0.014082
0.064913
0.018732
0.038442
0.029219
0.061740
0.012530
0.023017
0.029845
0.072067
0.028403
0.049670
-0.008985
0.044677
0.015714
0.050670
0.001218
0.052576
0.008151
0.034971
0.008112
0.054975
0.015970
0.013323
0.033650
0.053880
0.019503
0.054844
-0.001398
0.039659
0.026960
0.047075
0.003919
0.063002
0.025126
0.027049
0.009537
0.063135
0.021497
0.018806
0.025913
0.067621
0.027750
0.066018
0.020600
0.042918
0.016527
0.065470
0.023644
0.052769
-0.005943
0.046196
0.023864
0.060729
0.021418
0.045236
0.020945
0.058213
0.037627
0.054833
-0.006279
0.039950
0.036920
0.056732
0.020616
0.043456
0.006601
0.035511
0.035195
0.071944
0.019842
0.022121
0.018463
0.073583
0.032142
0.054386
0.002577
0.049297
0.035236
0.062369
0.030329
0.059344
0.009569
0.045893
0.021772
0.054754
0.052945
0.031098
0.021533
0.073832
0.031067
0.053547
-0.006123
0.058403
0.053432
0.078480
0.033530
0.039771
-0.011618
0.062840
0.032860
0.081361
0.049133
0.012830
0.032838
0.076097
0.025339
0.064660
0.010130
0.051110
0.036034
0.050759
0.006046
0.059460
0.012251
0.043684
0.050468
0.053244
0.015970
0.042254
0.043124
0.048718
0.029251
0.084575
0.029160
0.049202
0.027538
0.070907
0.037606
0.068680
0.030169
0.045944
0.026933
0.075631
0.031908
0.026906
0.038035
0.072587
0.040528
0.053566
0.019777
0.055278
0.011505
0.052580
0.023417
0.070075
-0.006493
0.026138
0.015369
0.068631
0.023806
0.012427
0.013482
0.060733
0.018203
0.057945
-0.018761
0.035695
0.027752
0.046317
0.006673
0.054888
-0.010756
0.033234
0.007420
0.046622
-0.001773
0.016982
0.033566
0.073837
0.025623
0.045578
0.005913
0.054204
0.031986
0.059914
0.014548
0.067651
0.002846
0.028146
0.015693
0.063840
0.025894
0.008273
0.023238
0.080526
0.033126
0.064819
0.018196
0.068568
0.037031
0.069493
0.011010
0.045942
-0.002983
0.051068
0.031238
0.071215
0.041694
0.021276
0.050817
0.078747
0.050341
0.058157
0.015714
0.072204
0.057245
0.066187
0.069244
0.053696
0.023327
0.068158
0.062751
0.082774
0.076084
0.062093
0.051378
0.108658
0.048575
0.086985
0.057055
0.103705
0.076582
0.099732
0.061956
0.063974
0.041546
0.104638
0.053923
0.109107
0.099958
0.051075
0.065918
0.131731
0.085738
0.105431
0.078214
0.134090
0.062961
0.128101
0.099240
0.093971
0.074214
0.141275
0.100917
0.134059
0.105166
0.092311
0.103866
0.176004
0.095148
0.095488
0.079831
0.150991
0.103962
0.142947
0.104717
0.113330
0.105827
0.162536
0.110923
0.161274
0.167788
0.132839
0.131615
0.225066
0.145160
0.184162
0.140792
0.196871
0.201661
0.238904
0.182872
0.209964
0.168249
0.241001
0.172568
0.242669
0.225034
0.177625
0.183554
0.258444
0.189997
0.223393
0.206936
0.271474
0.234138
0.273950
0.241012
0.277589
0.229227
0.288468
0.247567
0.296410
0.270705
0.294592
0.270423
0.319861
0.283271
0.333724
0.279209
0.358183
0.320679
0.349595
0.369204
0.346940
0.342359
0.393743
0.388061
0.360377
0.389755
0.400687
0.379471
0.419732
0.370623
0.424652
0.369458
0.444592
0.440993
0.457087
0.425408
0.417532
0.363679
0.429242
0.437545
0.448493
0.400878
0.411741
0.390283
0.453285
0.432375
0.483432
0.391707
0.471653
0.453460
0.481727
0.466111
0.504702
0.465605
0.514873
0.510332
0.480766
0.463487
0.536517
0.508411
0.616522
0.568854
0.588770
0.514800
0.547255
0.516055
0.582931
0.561311
0.641204
0.563172
0.609872
0.570145
0.614384
0.571215
0.597008
0.603497
0.671449
0.554216
0.625894
0.564404
0.628079
0.612830
0.604900
0.583028
0.636146
0.566979
0.634799
0.635808
0.639990
0.571107
0.632182
0.583708
0.698412
0.655926
0.703442
0.670164
0.711555
0.641999
0.747342
0.730092
0.775190
0.722865
0.743510
0.746871
0.763927
0.734133
0.781150
0.763386
0.800556
0.766779
0.804433
0.762004
0.803835
0.778118
0.803903
0.787028
0.827508
0.775609
0.816037
0.799413
0.824895
0.804512
0.809976
0.799388
0.867043
0.823701
0.852370
0.813796
0.869293
0.837278
0.879008
0.868356
0.892722
0.842788
0.874163
0.878875
0.899498
0.875714
0.904127
0.875242
0.912565
0.871629
0.902741
0.880849
0.904058
0.886679
0.912959
0.904045
0.914459
0.873895
0.888449
0.878368
0.905245
0.900952
0.878893
0.893859
0.914386
0.873005
0.906721
0.874126
0.913418
0.886526
0.908475
0.906466
0.908321
0.877028
0.896473
0.888779
0.915023
0.894659
0.907801
0.901518
0.933074
0.890265
0.924641
0.890322
0.931932
0.902318
0.934351
0.922552
0.937454
0.911278
0.926954
0.923795
0.945335
0.935420
0.947780
0.938314
0.955999
0.935092
0.952295
0.938101
0.955931
0.946374
0.961650
0.957962
0.957522
0.930384
0.954827
0.944266
0.955113
0.953425
0.955554
0.949728
0.961097
0.930410
0.944676
0.931916
0.939235
0.919231
0.934565
0.936103
0.941584
0.912644
0.916543
0.906563
0.917400
0.903478
0.913519
0.908703
0.923869
0.883462
0.909683
0.889745
0.905288
0.873296
0.914310
0.893518
0.909107
0.880489
0.892411
0.871211
0.889201
0.875416
0.885738
0.873133
0.907721
0.860035
0.900435
0.870399
0.894944
0.872316
0.908022
0.899180
0.914600
0.874193
0.886740
0.886677
0.913340
0.887102
0.908183
0.904843
0.925829
0.878188
0.915401
0.886201
0.928897
0.897962
0.919840
0.910294
0.922133
0.899937
0.912720
0.900467
0.930075
0.918020
0.923458
0.918937
0.931378
0.894928
0.927811
0.895919
0.921814
0.899232
0.915588
0.913210
0.913022
0.870414
0.896027
0.888577
0.904289
0.886706
0.880986
0.884337
0.894817
0.829498
0.866054
0.826681
0.834279
0.800686
0.816206
0.792048
0.801114
0.725140
0.731508
0.716872
0.720691
0.678585
0.638029
0.632776
0.697463
0.606437
0.646895
0.598045
0.631556
0.536163
0.626686
0.607806
0.653042
0.567304
0.593508
0.566293
0.607845
0.559510
0.575343
0.580506
0.631088
0.573476
0.611337
0.568875
0.592351
0.540772
0.606340
0.597057
0.626199
0.550975
0.603059
0.550880
0.552280
0.561677
0.557591
0.570584
0.607341
0.547544
0.580834
0.490008
0.540012
0.509818
0.537620
0.534855
0.554323
0.457924
0.462466
0.442544
0.514617
0.448907
0.429718
0.441744
0.479920
0.434318
0.484071
0.439945
0.464124
0.412998
0.482418
0.469978
0.537596
0.432418
0.447127
0.425887
0.451291
0.431643
0.473500
0.485110
0.452685
0.422043
0.472801
0.387141
0.441200
0.354593
0.426359
0.411427
0.403327
0.362758
0.401535
0.333380
0.405187
0.403711
0.391092
0.363254
0.453948
0.381401
0.424402
0.317627
0.434219
0.414798
0.437125
0.405746
0.397483
0.354972
0.421380
0.394954
0.400874
0.354550
0.367314
0.366327
0.412040
0.367248
0.353265
0.362147
0.395296
0.373498
0.378114
0.357731
0.405099
0.328467
0.394494
0.348516
0.348325
0.320136
0.391473
0.347717
0.377401
0.359165
0.374015
0.303374
0.377366
0.287229
0.350311
0.360233
0.341993
0.290776
0.316568
0.306208
0.335371
0.312394
0.314627
0.321958
0.366044
0.308870
0.341621
0.308013
0.347715
0.364220
0.403781
0.360517
0.379734
0.369256
0.402535
0.380986
0.402168
0.378541
0.387735
0.350133
0.449055
0.411329
0.404562
0.338490
0.403003
0.358634
0.461143
0.356011
0.448287
0.381866
0.411307
0.402183
0.425352
0.388810
0.430830
0.394263
0.480725
0.405217
0.430240
0.354653
0.429079
0.373022
0.423222
0.411071
0.393049
0.364671
0.382021
0.356715
0.411350
0.339955
0.340560
0.354179
0.423143
0.355255
0.412897
0.350766
0.454962
0.402024
0.445342
0.425223
0.428428
0.388486
0.439066
0.403356
0.471038
0.519145
0.469412
0.438133
0.481353
0.445117
0.505584
0.452564
0.492261
0.475587
0.496477
0.486672
0.494031
0.460285
0.487830
0.437653
0.461595
0.497851
0.479888
0.486600
0.512988
0.452599
0.518882
0.445814
0.490653
0.412845
0.481406
0.471397
0.509877
0.456793
0.455789
0.448007
0.448777
0.405501
0.434994
0.434336
0.509744
0.465773
0.474041
0.401109
0.490110
0.472928
0.494342
0.497623
0.462690
0.427419
0.490812
0.486104
0.497177
0.461433
0.474495
0.451406
0.516475
0.471241
0.498282
0.422244
0.512710
0.514845
0.503468
0.477149
0.509703
0.470282
0.519544
0.464944
0.482393
0.466441
0.483345
0.458542
0.471513
0.426318
0.482426
0.393528
0.423018
0.341067
0.393301
0.369036
0.399079
0.344445
0.328423
0.286374
0.294200
0.241762
0.221628
0.242709
0.328712
0.285720
0.300206
0.228945
0.330284
0.243374
0.299733
0.277377
0.315967
0.272988
0.318890
0.265400
0.314923
0.295203
0.309926
0.317117
0.264096
0.243706
0.250072
0.193367
0.196067
0.113844
0.193180
0.185484
0.165925
0.193136
0.138310
0.078039
0.118842
0.107166
0.015531
