0.010617
0.082136
0.059847
0.068925
0.022023
0.132338
0.081005
0.075822
0.055118
0.068499
0.007277
0.060044
0.052323
0.066701
0.060746
0.048780
0.069146
0.091160
0.060563
0.105636
0.083747
0.078615
0.044888
0.091515
0.055113
0.067005
0.069703
0.067845
0.051698
0.084780
0.061804
0.035402
0.052373
0.100595
0.060223
0.082115
0.045214
0.090148
0.039226
0.102512
0.061688
0.062998
0.035297
0.073799
0.069962
0.113018
0.084358
0.068954
0.057801
0.101606
0.053159
0.091874
0.056816
0.109221
0.047123
0.075076
0.051741
0.064166
0.043983
0.071825
0.056347
0.083013
0.069374
0.024118
0.036511
0.092850
0.052434
0.072047
0.040694
0.096287
0.039949
0.078733
0.071837
0.066206
0.048084
0.077400
0.048245
0.095449
0.070527
0.063793
0.050525
0.093765
0.065692
0.101112
0.054752
0.068649
0.046886
0.079329
0.063512
0.055275
0.042804
0.063927
0.048411
0.108438
0.046823
0.033811
0.059254
0.078619
0.035010
0.064289
0.012993
0.063831
0.031890
0.070779
0.043652
0.051967
0.022090
0.059509
0.039696
0.060405
0.015692
0.020383
0.034199
0.075532
0.037427
0.051671
0.018229
0.085689
0.041678
0.051346
0.021017
0.072123
0.007114
0.042058
0.036294
0.076140
0.028173
0.045418
0.031805
0.063100
0.045396
0.066285
0.011298
0.088109
0.054457
0.092474
0.062558
0.059907
0.043051
0.072913
0.061125
0.071496
0.070682
0.053974
0.051147
0.119421
0.076304
0.080694
0.041665
0.108410
0.070567
0.088764
0.072420
0.083979
0.067896
0.085380
0.053714
0.099672
0.063274
0.038870
0.045471
0.100466
0.067506
0.084401
0.042597
0.059421
0.021789
0.057960
0.045462
0.069183
0.038491
0.051810
0.023912
0.080619
0.024598
0.015266
0.031971
0.087515
0.030097
0.059757
0.014912
0.047003
0.023794
0.056310
0.025709
0.072474
0.014960
0.041646
0.024581
0.072358
0.016008
0.021559
0.030679
0.078763
0.023917
0.060896
0.015831
0.037762
0.020857
0.064949
0.045253
0.056162
0.002436
0.048810
0.016812
0.068728
0.029252
0.024799
0.027863
0.061193
0.030739
0.056621
0.002560
0.045472
0.026157
0.043956
0.012183
0.057450
0.010027
0.038426
0.008938
0.051563
0.003985
0.032423
0.026333
0.070513
0.036948
0.058576
-0.000325
0.047101
0.024010
0.055157
-0.004798
0.052543
-0.005029
0.050765
0.024359
0.067522
0.025454
0.026150
0.017441
0.043388
0.022541
0.061241
-0.002952
0.045323
0.022448
0.044206
-0.006452
0.068683
0.020728
0.037539
0.027997
0.054621
0.000763
0.038577
0.038533
0.068557
0.047141
0.046179
0.018725
0.060745
0.032326
0.052060
0.034921
0.071469
0.007157
0.034511
0.036491
0.047578
0.026213
0.011074
0.025141
0.076495
0.038661
0.058926
-0.000434
0.050838
0.025126
0.045413
0.007357
0.052385
0.018603
0.047301
0.023167
0.054785
0.007809
0.022645
0.030400
0.076249
0.037001
0.048820
0.011699
0.050366
0.026512
0.052654
0.035991
0.060695
0.016051
0.054285
0.039260
0.064417
0.030502
0.042691
0.042438
0.100954
0.052172
0.079743
0.046883
0.103727
0.049613
0.111062
0.085240
0.085463
0.058330
0.072020
0.058548
0.088348
0.050545
0.106599
0.094603
0.140374
0.083409
0.088024
0.057879
0.101952
0.038918
0.083607
0.066845
0.064808
0.066941
0.080213
0.053399
0.088855
0.049281
0.054586
0.047546
0.094736
0.063279
0.085983
0.043479
0.098975
0.060857
0.085412
0.070121
0.074595
0.030142
0.067125
0.062194
0.102749
0.079121
0.051294
0.053061
0.110309
0.070790
0.097477
0.081619
0.119249
0.043429
0.117845
0.100400
0.078226
0.050670
0.107792
0.084209
0.107052
0.078480
0.086961
0.091604
0.172264
0.118875
0.127780
0.075403
0.170371
0.137164
0.147241
0.170415
0.149348
0.115852
0.186156
0.171392
0.187767
0.168278
0.163889
0.160845
0.225495
0.163711
0.180469
0.166319
0.178071
0.154638
0.190844
0.176042
0.169755
0.201779
0.178253
0.157238
0.218512
0.175064
0.164546
0.151323
0.222936
0.178920
0.202704
0.184175
0.274397
0.246282
0.265689
0.236508
0.253193
0.246004
0.295243
0.251970
0.317848
0.274884
0.296380
0.291229
0.345973
0.309302
0.338851
0.262431
0.355687
0.314860
0.328855
0.348383
0.336831
0.313385
0.371666
0.318349
0.353502
0.344399
0.347592
0.367791
0.372327
0.349251
0.401403
0.324587
0.434467
0.381792
0.400012
0.377624
0.412248
0.382978
0.460671
0.394509
0.432886
0.398271
0.424500
0.438381
0.486651
0.425665
0.461532
0.389727
0.462974
0.398833
0.423423
0.443520
0.493459
0.409930
0.434094
0.418983
0.428241
0.425043
0.448472
0.428616
0.424252
0.407967
0.470288
0.399363
0.420936
0.395707
0.465739
0.423191
0.441814
0.402435
0.428869
0.401838
0.429380
0.406959
0.423050
0.416316
0.484677
0.411739
0.449143
0.388430
0.471630
0.427105
0.484210
0.449909
0.458349
0.422146
0.447083
0.439636
0.450141
0.419203
0.451143
0.413786
0.441639
0.411392
0.455672
0.389996
0.427125
0.376400
0.414887
0.398607
0.423763
0.364187
0.407960
0.355556
0.393790
0.344418
0.374546
0.381500
0.378191
0.324933
0.335434
0.283160
0.313870
0.227409
0.276631
0.285865
0.300541
0.263520
0.237621
0.211440
0.243830
0.202804
0.190591
0.205285
0.238266
0.215021
0.208155
0.160554
0.253438
0.204153
0.235055
0.213516
0.198505
0.156449
0.240102
0.256209
0.252579
0.228750
0.233147
0.232244
0.271136
0.234482
0.248174
0.202480
0.283579
0.262378
0.304641
0.289712
0.246125
0.212096
0.319534
0.251941
0.311928
0.263425
0.233121
0.278064
0.281400
0.228756
0.248004
0.220379
0.269092
0.205979
0.271131
0.214794
0.225004
0.205019
0.272568
0.200753
0.192739
0.197678
0.191187
0.188602
0.294744
0.264769
0.263300
0.203530
0.308087
0.221434
0.293456
0.274600
0.300745
0.274279
0.323497
0.311785
0.310394
0.290880
0.338499
0.346693
0.403153
0.337952
0.355335
0.309295
0.360739
0.295380
0.364082
0.332078
0.347169
0.325952
0.336760
0.284562
0.326630
0.334900
0.323424
0.331613
0.321640
0.264199
0.285395
0.230240
0.272377
0.236877
0.251556
0.234164
0.200058
0.207255
0.239235
0.181243
0.211211
0.187098
0.132397
0.141698
0.182654
0.132738
0.143042
0.129384
0.156280
0.075867
0.144630
0.128804
0.134500
0.105228
0.122059
0.087349
0.168601
0.105961
0.054784
0.055194
0.119733
0.060203
0.074890
0.040843
0.081625
0.041556
0.076877
0.048781
0.064724
0.049369
0.062879
0.053318
0.092381
0.045689
0.028709
0.025805
0.069912
0.031265
0.060011
0.019601
0.077915
0.041288
0.056397
0.018489
0.078570
0.018469
0.039595
0.034164
0.077309
0.027640
0.042958
0.036640
0.093712
0.059455
0.063409
0.029797
0.081192
0.036668
0.089783
0.048065
0.055477
0.030951
0.087716
0.053934
0.076603
0.047685
0.042893
0.051366
0.087670
0.063368
0.073280
0.026599
0.068068
0.056329
0.069244
0.045762
0.068371
0.027195
0.063041
0.052186
0.081664
0.041147
0.042793
0.045145
0.080235
0.039261
0.072806
0.020028
0.044421
0.026273
0.053651
0.048220
0.069378
0.006779
0.048043
0.020688
0.073080
0.010899
0.009442
0.027809
0.065579
0.042710
0.051295
-0.010353
0.047097
0.009724
0.052707
0.010705
0.071880
-0.005760
0.022441
-0.005537
0.083163
0.005165
0.010746
0.007780
0.072408
0.036815
0.040195
-0.013697
0.052704
0.028278
0.037987
0.012179
0.058599
0.004879
0.037823
0.020605
0.049846
0.002307
0.018569
0.037212
0.052763
0.046968
0.036520
0.002581
0.055325
0.043280
0.070246
0.030388
0.051682
0.004420
0.055957
0.036786
0.065296
0.038017
0.048169
0.039876
0.074035
0.039687
0.068141
0.028927
0.052589
0.037458
0.080317
0.039808
0.080342
0.023788
0.033615
0.013540
0.079634
0.038578
0.027552
0.033163
0.080104
0.026349
0.058091
0.015478
0.078433
0.052596
0.069895
0.021189
0.047290
0.016043
0.066318
0.046473
0.077645
0.066203
0.069666
0.035378
0.095215
0.066660
0.077813
0.053666
0.093185
0.044695
0.108505
0.048612
0.059929
0.032092
0.082677
0.078380
0.069887
0.063916
0.055647
0.051242
0.110154
0.060049
0.087934
0.030476
0.108237
0.069414
0.098402
0.074950
0.054760
0.050222
0.090295
0.079013
0.114766
0.105575
0.082804
0.085991
0.142025
0.064051
0.105257
0.066197
0.090671
0.049890
0.087001
0.084293
0.068170
0.065396
0.095302
0.055947
0.116814
0.069832
0.036124
0.042600
0.107051
0.051673
0.070256
0.029836
0.088641
0.042465
0.088676
0.077350
0.059156
0.026613
0.063032
0.039661
0.106368
0.081674
0.040025
0.051729
0.118289
0.059598
0.100769
0.038082
0.134164
0.069950
0.104743
0.089055
0.090980
0.092391
0.097465
0.073825
0.125968
0.103130
0.093958
0.108548
0.152087
0.118329
0.119421
0.078049
0.140854
0.079943
0.119851
0.114940
0.077873
0.087473
0.127289
0.085270
0.133835
0.099815
0.106365
0.104268
0.151352
0.118775
0.131716
0.086192
0.178799
0.122881
0.155168
0.131157
0.108832
0.123160
0.154318
0.101516
0.146334
0.137125
0.114254
0.115576
0.174713
0.129463
0.128479
0.116953
0.184128
0.142560
0.138256
0.120671
0.114027
0.118425
0.174242
0.144088
0.157193
0.115509
0.132183
0.086702
0.184040
0.148483
0.125343
0.109552
0.173609
0.094328
0.167311
0.118912
0.124526
0.120274
0.145363
0.104221
0.129447
0.110232
0.136785
0.106093
0.219583
0.180712
0.192003
0.153145
0.254671
0.177018
0.221772
0.209256
0.215095
0.204013
0.266584
0.231711
0.270551
0.245458
0.282738
0.258093
0.324993
0.282577
0.266883
0.254074
0.252520
0.228554
0.249517
0.228234
0.248283
0.213479
0.248989
0.223804
0.217392
0.166537
0.205422
0.160459
0.248105
0.186023
0.156134
0.164258
0.183376
0.152385
0.221473
0.166684
0.111100
0.156937
0.144165
0.123159
0.177737
0.122085
0.074131
0.077010
0.142143
0.082039
0.110008
0.070057
0.136795
0.086668
0.100697
0.102585
0.097471
0.087233
0.158489
0.109442
0.134547
0.126634
0.095488
0.115891
0.136135
0.123700
0.107575
0.096584
0.097884
0.084293
0.162821
0.178154
0.143407
0.169791
0.117019
0.082999
0.109032
0.100863
0.017337
