0.006072
0.058637
0.030511
0.055736
0.016130
0.065096
0.026197
0.033298
0.019079
0.070718
0.008735
0.024785
0.009055
0.056353
0.009894
0.014114
0.010484
0.065704
0.011090
0.050702
-0.015987
0.045866
0.014964
0.032485
-0.021603
0.053714
-0.002102
0.026002
0.012455
0.066149
-0.001005
0.000342
0.005828
0.055188
0.025766
0.053663
-0.022403
0.024929
0.013637
0.047420
-0.027207
0.063470
-0.020910
0.019941
0.009388
0.052463
-0.002680
0.006345
0.020455
0.054000
0.021581
0.053052
-0.023796
0.048076
0.005926
0.035087
-0.007243
0.042475
-0.020800
0.028764
0.023462
0.053440
-0.007333
0.013716
0.030018
0.062777
0.020439
0.043706
-0.011996
0.044222
0.020021
0.051064
-0.010803
0.071321
-0.004586
0.026735
-0.000570
0.067546
0.000969
0.020577
0.009856
0.074524
0.014025
0.039300
-0.022437
0.044993
0.014128
0.035591
-0.013441
0.065060
-0.001785
0.022973
0.007546
0.057295
0.002755
0.016560
0.018508
0.070961
0.030238
0.043118
0.000633
0.046070
0.000226
0.045278
-0.000224
0.058575
-0.006430
0.032705
0.022778
0.061778
-0.004049
0.012444
0.030548
0.051291
0.025206
0.053480
-0.008354
0.044838
0.029243
0.037333
-0.007181
0.065878
-0.006954
0.022791
0.000081
0.053311
0.025463
-0.008315
0.026809
0.068446
0.017000
0.054271
-0.004545
0.032253
0.010736
0.043644
0.009940
0.060496
-0.010179
0.029041
0.010351
0.054052
-0.005878
0.007240
0.018214
0.063474
0.031263
0.037731
-0.018298
0.041249
0.003956
0.050552
-0.003748
0.052583
-0.017688
0.014551
0.015480
0.044996
0.002392
0.012048
0.017741
0.053221
0.001602
0.063221
-0.000166
0.035213
0.011381
0.035019
-0.004735
0.083823
0.001279
0.022920
0.001267
0.054988
0.025956
0.015087
0.020122
0.048662
0.010115
0.063872
-0.009811
0.049360
0.018381
0.050424
0.007061
0.074688
0.000261
0.037675
-0.005132
0.064213
0.010944
0.009213
0.023149
0.067783
0.019780
0.053725
-0.016547
0.039580
0.029299
0.056338
0.007813
0.065692
-0.011319
0.024709
0.009705
0.062232
0.023323
0.021597
0.033377
0.058898
0.039426
0.065623
0.012018
0.041259
0.007565
0.056621
0.012818
0.056405
0.013455
0.023664
0.035923
0.059532
0.007893
0.025608
0.029091
0.053680
0.020466
0.048292
-0.003704
0.058804
0.012863
0.066066
0.003979
0.075697
-0.002638
0.033002
0.004653
0.063227
0.001325
0.010087
0.029571
0.054531
0.020689
0.048271
-0.005538
0.033694
0.005547
0.045958
-0.004001
0.046705
-0.003130
0.012984
0.010513
0.049794
0.000292
0.040879
0.009659
0.053731
0.017990
0.045695
-0.005928
0.049580
0.016756
0.033865
-0.004041
0.054175
-0.014787
0.029483
0.027854
0.057699
0.009813
0.011444
0.020938
0.061905
0.017366
0.046417
-0.003048
0.042667
0.012676
0.043351
0.000783
0.090491
-0.001079
0.016508
-0.002185
0.056418
0.002573
-0.000468
0.024044
0.069884
0.023812
0.047138
-0.019225
0.045269
0.012775
0.042658
-0.002067
0.060675
-0.007624
0.030043
0.007413
0.050890
0.001775
0.009766
0.030690
0.069916
0.016347
0.046494
-0.011133
0.040902
0.016604
0.046452
-0.004475
0.059369
0.002552
0.035246
0.005333
0.064460
-0.000943
0.019348
0.017090
0.048051
0.019696
0.064562
-0.013438
0.036358
0.006524
0.042744
0.000074
0.054199
0.000987
0.023766
0.009835
0.064318
0.011844
0.013561
0.010594
0.060362
0.024932
0.050882
0.001877
0.038436
0.016484
0.056121
0.010874
0.040457
0.008106
0.027110
0.017225
0.079500
0.011394
0.006339
0.017804
0.073728
0.025418
0.043703
-0.006619
0.055261
0.038266
0.044513
0.008693
0.070405
0.002705
0.038116
0.011438
0.051219
0.010141
0.030507
0.039026
0.048855
0.022387
0.059142
-0.003586
0.033230
0.008910
0.055766
0.006731
0.061418
-0.025101
0.040817
0.018336
0.070987
0.024946
0.021495
0.037597
0.059740
0.012349
0.054872
0.014595
0.033448
0.026375
0.072764
0.029149
0.059516
-0.008238
0.042752
0.039708
0.060300
0.038092
0.030069
0.041080
0.056265
0.033320
0.060458
0.018404
0.066371
0.052784
0.081447
0.040552
0.056037
0.009111
0.070109
0.048811
0.073187
0.060039
0.034576
0.064587
0.091889
0.042857
0.065303
0.019532
0.069526
0.056776
0.067461
0.072004
0.032280
0.011624
0.064978
0.069589
0.075743
0.074461
0.037171
0.049575
0.141005
0.072901
0.083397
0.045051
0.100991
0.054896
0.099893
0.079467
0.086457
0.059190
0.102135
0.055940
0.121775
0.086411
0.083671
0.094268
0.165618
0.116830
0.116925
0.090965
0.204659
0.177221
0.185837
0.172295
0.147480
0.145763
0.242023
0.205112
0.241473
0.257698
0.290038
0.267399
0.312723
0.261348
0.306506
0.269537
0.335864
0.302201
0.351241
0.292335
0.338496
0.299245
0.347942
0.322650
0.360965
0.360454
0.380400
0.348439
0.369782
0.376886
0.369881
0.296664
0.357597
0.306645
0.364963
0.371125
0.304231
0.272096
0.331587
0.303717
0.330249
0.249956
0.264668
0.194161
0.330873
0.283788
0.270238
0.236332
0.326101
0.275080
0.320509
0.314703
0.292713
0.275198
0.329706
0.332901
0.355978
0.310463
0.355493
0.363125
0.384408
0.365111
0.373274
0.338234
0.380227
0.338405
0.387854
0.390936
0.402017
0.345527
0.405686
0.353639
0.427392
0.406863
0.404608
0.412023
0.425991
0.390133
0.460779
0.394527
0.421777
0.393513
0.427350
0.418536
0.476579
0.429037
0.432588
0.418087
0.473096
0.421398
0.430417
0.445354
0.523362
0.491838
0.524095
0.452718
0.485717
0.470543
0.541833
0.518821
0.547194
0.478051
0.549450
0.536550
0.511107
0.466523
0.505969
0.511341
0.577698
0.523161
0.560261
0.485508
0.530393
0.444595
0.492080
0.503251
0.555961
0.483670
0.497559
0.474639
0.516712
0.441726
0.515433
0.477137
0.488519
0.409622
0.510690
0.442502
0.484911
0.455590
0.484766
0.453570
0.491196
0.446037
0.470777
0.453705
0.513801
0.441189
0.439503
0.441836
0.489216
0.465759
0.498569
0.425822
0.514375
0.500392
0.523440
0.517000
0.546049
0.494650
0.573081
0.551247
0.540201
0.562729
0.570626
0.574665
0.618662
0.584402
0.582933
0.562699
0.602430
0.577655
0.600914
0.569952
0.642344
0.549157
0.592525
0.574891
0.573296
0.540559
0.593429
0.560804
0.601092
0.492507
0.577521
0.517486
0.559817
0.551320
0.547238
0.544559
0.598456
0.481723
0.572210
0.551368
0.522657
0.531799
0.538727
0.532637
0.608787
0.571171
0.580375
0.492482
0.598216
0.578642
0.604243
0.595409
0.594853
0.558698
0.612661
0.624223
0.635002
0.597318
0.617240
0.596674
0.671759
0.591544
0.647353
0.600373
0.607009
0.573003
0.614157
0.589418
0.655506
0.554484
0.582019
0.599956
0.515230
0.513111
0.555598
0.517883
0.547227
0.507231
0.515740
0.458574
0.483876
0.390496
0.454184
0.387600
0.425727
0.435043
0.400792
0.352701
0.364223
0.348303
0.349573
0.343371
0.394332
0.388215
0.379324
0.352928
0.483691
0.408161
0.474941
0.428267
0.469001
0.390272
0.467813
0.459250
0.483880
0.472131
0.475598
0.479256
0.585857
0.512035
0.563664
0.533439
0.604758
0.622164
0.637191
0.616256
0.661160
0.603742
0.681777
0.674000
0.712056
0.689664
0.720036
0.687406
0.729598
0.653490
0.705349
0.660308
0.680161
0.620059
0.644286
0.636486
0.647015
0.574151
0.646045
0.596523
0.582313
0.571374
0.572217
0.534726
0.628405
0.548460
0.589450
0.482934
0.557847
0.543097
0.561469
0.550815
0.608978
0.485753
0.559043
0.536917
0.561952
0.502803
0.509014
0.488796
0.607113
0.564846
0.591977
0.517224
0.639925
0.574421
0.624704
0.590548
0.659576
0.615943
0.661231
0.651286
0.691568
0.643397
0.703669
0.681328
0.732150
0.676451
0.729168
0.697661
0.747438
0.729019
0.742131
0.733072
0.740987
0.718555
0.758942
0.736142
0.754620
0.748423
0.760920
0.742484
0.809186
0.759784
0.816494
0.737474
0.810047
0.775112
0.806908
0.807703
0.833045
0.778914
0.807091
0.813570
0.829435
0.812003
0.817737
0.822433
0.875321
0.807903
0.841413
0.811039
0.852920
0.826598
0.855297
0.826841
0.851830
0.811882
0.857616
0.831405
0.868828
0.852283
0.838729
0.848810
0.886186
0.807060
0.869972
0.832734
0.851876
0.830405
0.851892
0.838862
0.861425
0.803751
0.847031
0.831080
0.850348
0.832463
0.816716
0.815086
0.855598
0.805819
0.842627
0.801572
0.833627
0.785378
0.833791
0.813399
0.831856
0.793250
0.808216
0.783576
0.818942
0.798010
0.793523
0.781090
0.830142
0.783272
0.816577
0.783414
0.818039
0.774776
0.809699
0.813206
0.827054
0.776560
0.802003
0.784952
0.788562
0.787365
0.811933
0.817390
0.830769
0.755907
0.818825
0.775779
0.793274
0.730304
0.780698
0.774849
0.796181
0.725647
0.740092
0.727207
0.718096
0.731901
0.715789
0.700984
0.739784
0.641927
0.701388
0.622859
0.643406
0.593442
0.605058
0.583794
0.624964
0.516612
0.552055
0.527577
0.521656
0.505444
0.471524
0.476385
0.496927
0.440285
0.507824
0.457955
0.469416
0.441905
0.500028
0.444472
0.522841
0.459623
0.462718
0.428041
0.438668
0.428501
0.436150
0.419030
0.508152
0.436329
0.438579
0.350374
0.453813
0.394443
0.428895
0.396466
0.466898
0.357856
0.425206
0.390868
0.417084
0.372003
0.354605
0.394226
0.398213
0.349996
0.368582
0.313147
0.364278
0.352278
0.345064
0.341388
0.367779
0.318480
0.343680
0.318869
0.323306
0.322691
0.306051
0.294466
0.313124
0.274693
0.293806
0.287714
0.275628
0.270033
0.312143
0.267649
0.264672
0.272685
0.243367
0.244895
0.259818
0.187292
0.186803
0.191533
0.250898
0.210030
0.144077
0.145772
0.147697
0.106589
0.145751
0.171600
0.117856
0.130291
0.100082
0.066379
0.145982
0.093122
0.041031
0.050215
0.149799
0.061132
0.081753
0.058124
0.104620
0.065164
0.093538
0.084886
0.060037
0.066254
0.105879
0.078982
0.104388
0.094743
0.071040
0.082452
0.108480
0.062210
0.104664
0.060718
0.102285
0.065283
0.077178
0.058742
0.073032
0.035317
0.107267
0.069771
0.127014
0.079742
0.046024
0.035801
0.096788
0.048224
0.087403
0.056988
0.063667
0.043710
0.085141
0.085403
0.122757
0.098308
0.058664
0.039099
0.059871
0.063267
0.016257
