0.012709
0.095649
0.037834
0.076220
0.010665
0.120653
0.079559
0.066101
0.048374
0.061928
0.027895
0.056624
0.063981
0.072476
0.057295
0.070703
0.084842
0.117439
0.080534
0.122195
0.067743
0.098794
0.059615
0.110163
0.096135
0.073552
0.035865
0.093456
0.084960
0.091590
0.095544
0.064948
0.069631
0.092416
0.052241
0.091620
0.039045
0.090174
0.075355
0.094681
0.077855
0.073887
0.048638
0.103829
0.072249
0.125054
0.087422
0.058689
0.041628
0.140170
0.059202
0.110330
0.072694
0.157550
0.086899
0.141384
0.112428
0.100242
0.095420
0.154509
0.141093
0.142062
0.134411
0.130470
0.128147
0.232825
0.189008
0.211978
0.121295
0.209410
0.130352
0.217378
0.201911
0.196938
0.163288
0.167572
0.145409
0.191135
0.142842
0.124232
0.148522
0.195714
0.134542
0.139092
0.117098
0.154167
0.098256
0.098448
0.124920
0.105374
0.110351
0.101494
0.076858
0.113837
0.082028
0.063293
0.062266
0.094342
0.057221
0.071818
0.057383
0.112450
0.072440
0.099335
0.080791
0.064994
0.039233
0.090687
0.057767
0.094579
0.071861
0.067083
0.054778
0.113285
0.046545
0.088205
0.091614
0.096987
0.027336
0.101826
0.066899
0.087410
0.062866
0.094612
0.060004
0.113269
0.073656
0.065836
0.065558
0.102831
0.093334
0.092884
0.064221
0.094246
0.057342
0.104860
0.080101
0.080998
0.039446
0.108606
0.068005
0.105657
0.067158
0.056039
0.058353
0.087765
0.061097
0.078082
0.039533
0.071605
0.039128
0.095828
0.054828
0.058963
0.003501
0.081578
0.067128
0.110588
0.064125
0.040823
0.032215
0.073521
0.056345
0.058611
0.028889
0.057774
0.025332
0.072223
0.038469
0.076616
0.016557
0.055105
0.043859
0.085293
0.044383
0.020415
0.030474
0.080436
0.049041
0.067773
0.038423
0.083005
0.040594
0.077511
0.057361
0.092617
0.022054
0.064808
0.057679
0.098156
0.069781
0.057984
0.049317
0.127448
0.053758
0.078812
0.050067
0.098208
0.075788
0.109143
0.111018
0.058194
0.074899
0.074943
0.052999
0.110220
0.079819
0.052297
0.057270
0.123975
0.085594
0.085408
0.026723
0.115121
0.089362
0.133747
0.100706
0.058377
0.064191
0.094979
0.079401
0.125188
0.083280
0.064150
0.073172
0.113678
0.077878
0.083652
0.050668
0.087321
0.052742
0.085682
0.073618
0.088199
0.056318
0.079670
0.051792
0.092586
0.056631
0.041291
0.050173
0.090646
0.052082
0.080605
0.043131
0.059326
0.013311
0.088506
0.034491
0.034478
0.041115
0.074777
0.043328
0.075608
0.048694
0.057094
0.047638
0.077293
0.021679
0.088007
0.030431
0.068434
0.057780
0.073843
0.050934
0.063790
0.032546
0.062724
0.034566
0.079989
0.055779
0.029428
0.043247
0.070150
0.024234
0.093060
0.038253
0.066451
0.038631
0.073446
0.020660
0.056457
0.033417
0.049353
0.046494
0.064735
0.024566
0.033349
0.040638
0.083821
0.035079
0.069890
0.025084
0.052219
0.056553
0.056518
0.039688
0.056515
0.028043
0.046904
0.050737
0.087177
0.040115
0.040492
0.051923
0.082523
0.029713
0.068110
0.029477
0.068855
0.043032
0.080321
0.035138
0.066018
0.025862
0.076241
0.063151
0.083716
0.058761
0.067527
0.029544
0.145180
0.099071
0.104813
0.039779
0.138983
0.065735
0.116260
0.110346
0.082755
0.079851
0.125904
0.113862
0.127922
0.105626
0.122138
0.104028
0.200135
0.160335
0.140574
0.132692
0.213866
0.118317
0.181606
0.174776
0.198416
0.174610
0.230374
0.179632
0.196197
0.217912
0.234380
0.265460
0.256749
0.225262
0.245414
0.211419
0.251393
0.192874
0.260428
0.237470
0.231170
0.197083
0.243535
0.243984
0.256370
0.178797
0.214858
0.231357
0.223530
0.219818
0.230191
0.242571
0.206679
0.183920
0.288047
0.292845
0.265468
0.205683
0.266207
0.199445
0.257657
0.216352
0.205373
0.187015
0.300261
0.239204
0.252341
0.209904
0.295072
0.245066
0.313514
0.284841
0.282026
0.236036
0.351792
0.299538
0.332571
0.319419
0.316343
0.280929
0.363428
0.334030
0.349843
0.304228
0.388356
0.311830
0.387138
0.369602
0.385081
0.351279
0.395586
0.366589
0.432117
0.381488
0.410246
0.409464
0.482885
0.423612
0.454195
0.384403
0.437726
0.370193
0.447863
0.464537
0.499033
0.397584
0.435831
0.411705
0.435082
0.418327
0.398731
0.441197
0.443597
0.417871
0.447265
0.392646
0.469009
0.440955
0.494453
0.443329
0.474252
0.457475
0.525570
0.458635
0.508089
0.493325
0.497388
0.526986
0.596173
0.501911
0.552952
0.514587
0.581878
0.540373
0.583716
0.559868
0.625221
0.550717
0.613530
0.545718
0.626526
0.621789
0.602423
0.594948
0.692698
0.642973
0.674473
0.657488
0.716275
0.702658
0.733770
0.746418
0.754295
0.710539
0.778047
0.751098
0.789237
0.760139
0.776896
0.763566
0.813044
0.779979
0.838513
0.778692
0.830720
0.778487
0.833543
0.816218
0.848324
0.797918
0.838196
0.830673
0.838776
0.830165
0.850317
0.848372
0.891007
0.853769
0.887421
0.851671
0.897536
0.875644
0.904208
0.897799
0.922208
0.883788
0.901129
0.897600
0.927472
0.908281
0.927034
0.929232
0.947956
0.905545
0.941111
0.914263
0.951245
0.927384
0.948688
0.935376
0.948080
0.927074
0.940793
0.932831
0.954478
0.934014
0.953173
0.942377
0.963377
0.935814
0.956270
0.937911
0.965163
0.940145
0.964046
0.961379
0.966102
0.946855
0.954448
0.947177
0.962111
0.949510
0.957957
0.955422
0.969767
0.945219
0.953518
0.942904
0.963818
0.941001
0.956391
0.957534
0.957587
0.932120
0.941181
0.932550
0.952103
0.940328
0.940987
0.937786
0.953879
0.911561
0.944488
0.915592
0.943831
0.917730
0.942450
0.932487
0.936656
0.903640
0.928537
0.919201
0.939561
0.925397
0.925200
0.927038
0.939617
0.913409
0.939830
0.911116
0.949628
0.925106
0.948337
0.945031
0.944653
0.921270
0.945737
0.937437
0.954941
0.946993
0.950102
0.952005
0.967118
0.944433
0.964771
0.944427
0.968388
0.957447
0.967022
0.966550
0.971817
0.952973
0.966213
0.960788
0.976379
0.960093
0.972426
0.972089
0.974319
0.956850
0.967922
0.954180
0.971248
0.947745
0.963461
0.957967
0.959498
0.936864
0.944470
0.932075
0.953204
0.928061
0.927835
0.925972
0.942414
0.909765
0.927375
0.909234
0.934708
0.892747
0.928435
0.918174
0.929587
0.891985
0.907806
0.891939
0.903581
0.876467
0.899855
0.889453
0.919851
0.880934
0.899245
0.873020
0.890446
0.866938
0.891898
0.891639
0.896493
0.876171
0.880680
0.873155
0.899065
0.884926
0.898477
0.875260
0.899995
0.867608
0.894306
0.855480
0.873924
0.853064
0.879817
0.875923
0.874287
0.821345
0.848775
0.834167
0.830894
0.812194
0.813997
0.813945
0.839358
0.744732
0.806766
0.742773
0.758613
0.728802
0.747253
0.730897
0.755332
0.705604
0.701836
0.667710
0.704817
0.652266
0.606820
0.624738
0.669398
0.613194
0.674156
0.606638
0.692831
0.629250
0.702284
0.646360
0.650671
0.627060
0.683326
0.648188
0.701740
0.675702
0.670413
0.663480
0.709953
0.650384
0.698824
0.660177
0.726391
0.708844
0.724074
0.691085
0.720821
0.670567
0.741365
0.708834
0.751314
0.735494
0.748173
0.722941
0.791223
0.690104
0.772236
0.726694
0.745798
0.719633
0.758033
0.751279
0.770503
0.696915
0.745774
0.732763
0.751603
0.737380
0.717773
0.717506
0.754811
0.671758
0.714013
0.665064
0.729302
0.667547
0.683290
0.652880
0.688636
0.615644
0.658927
0.637639
0.671358
0.658211
0.627540
0.604804
0.675241
0.615410
0.665585
0.636314
0.655663
0.640408
0.683251
0.667912
0.689181
0.618567
0.687901
0.653892
0.662376
0.671247
0.668140
0.663477
0.732319
0.652816
0.706513
0.663836
0.693514
0.649260
0.689309
0.682620
0.729061
0.664506
0.715102
0.684042
0.722711
0.658734
0.691603
0.687551
0.710913
0.636522
0.699701
0.627913
0.672120
0.589379
0.663260
0.607730
0.676032
0.582276
0.596376
0.605328
0.619456
0.539019
0.535698
0.565169
0.620962
0.518855
0.581336
0.494731
0.569652
0.507125
0.558172
0.539185
0.565369
0.479742
0.540959
0.474528
0.501345
0.514518
0.466135
0.459827
0.495894
0.437857
0.507194
0.427838
0.489085
0.438900
0.455869
0.463106
0.453929
0.436742
0.439814
0.435186
0.455997
0.408739
0.399704
0.432910
0.422019
0.372551
0.416955
0.335888
0.415314
0.343422
0.324145
0.347290
0.334944
0.302576
0.298384
0.260127
0.306685
0.228383
0.234132
0.231721
0.245111
0.240061
0.209404
0.209216
0.194568
0.142176
0.195072
0.199590
0.163904
0.151606
0.168390
0.136824
0.186572
0.157607
0.121137
0.099637
0.129121
0.126169
0.139890
0.122822
0.163463
0.117404
0.133133
0.136255
0.129837
0.099685
0.161344
0.122261
0.168361
0.093246
0.090136
0.099306
0.199534
0.125452
0.150090
0.090285
0.153113
0.083328
0.163492
0.164475
0.123409
0.123806
0.147241
0.120114
0.158694
0.121620
0.114203
0.141070
0.191834
0.163959
0.164599
0.112674
0.155442
0.114984
0.189061
0.171925
0.122628
0.127893
0.188709
0.106247
0.164231
0.130482
0.113938
0.094429
0.201288
0.139312
0.148281
0.119070
0.154316
0.091627
0.188803
0.151352
0.122970
0.125148
0.162192
0.110276
0.145576
0.131897
0.107940
0.108067
0.146991
0.081443
0.146758
0.124508
0.162059
0.133684
0.160632
0.152654
0.159061
0.133519
0.186859
0.147411
0.170346
0.142452
0.184854
0.154116
0.204590
0.149546
0.156584
0.147917
0.145266
0.072837
0.121666
0.126256
0.152275
0.119535
0.106573
0.098031
0.128629
0.099323
0.063671
0.096697
0.152887
0.105812
0.136077
0.129067
0.141945
0.086486
0.156989
0.139731
0.126931
0.141323
0.166221
0.122031
0.163121
0.140350
0.158676
0.132881
0.229794
0.177150
0.202545
0.166304
0.170895
0.134566
0.206892
0.204432
0.213074
0.133817
0.187362
0.147846
0.160137
0.148490
0.143048
0.128428
0.154743
0.116530
0.119959
0.130097
0.115406
0.025128
0.120866
0.089420
0.082554
0.081066
0.080008
0.033788
0.105238
0.085716
0.060458
0.032979
0.060932
0.037199
0.090130
0.042621
0.033122
0.011678
0.076006
0.055348
0.100809
0.075937
0.036170
0.032609
0.056737
0.058357
0.014743
