0.011308
0.043844
0.033680
0.044350
0.027517
0.088900
0.040461
0.041316
0.022931
0.071966
-0.000057
0.047673
0.027394
0.067218
0.020950
0.019552
0.030029
0.056017
0.020822
0.058619
0.005523
0.049788
0.032948
0.054032
0.011857
0.064832
0.013397
0.045303
0.022625
0.076388
0.022365
0.021532
0.019665
0.073155
0.036029
0.064744
-0.008121
0.047836
0.026867
0.048511
0.016319
0.049330
0.006221
0.026038
0.017161
0.054839
0.021910
0.012152
0.029411
0.064989
0.029919
0.048619
-0.021105
0.046318
0.028381
0.038506
0.013000
0.056165
0.002040
0.042109
0.022681
0.061811
0.022895
0.029113
0.023950
0.063037
0.026495
0.057971
0.006151
0.043461
0.011411
0.044780
0.007532
0.066870
0.012790
0.041145
0.010217
0.073474
0.015626
0.029920
0.026440
0.066275
0.023671
0.062685
0.017047
0.053439
0.028232
0.053178
0.018902
0.057763
0.016265
0.053879
0.026338
0.078544
0.021325
0.026539
0.033820
0.065869
0.013353
0.066482
0.002731
0.044883
0.012704
0.065491
0.005014
0.063588
0.015040
0.037829
0.012168
0.057563
0.017825
0.021073
0.036949
0.066282
0.037997
0.049579
-0.007279
0.052441
0.013631
0.049437
0.005154
0.050814
0.006363
0.027274
0.015707
0.066967
0.012666
0.020440
0.023521
0.063348
0.017877
0.053438
-0.008737
0.053919
0.018367
0.037431
0.014541
0.068475
0.009687
0.024472
0.017231
0.051817
0.005478
0.020160
0.016790
0.073109
0.017883
0.045325
-0.010602
0.065205
0.036714
0.041976
-0.008595
0.071805
-0.004805
0.025725
0.012914
0.073354
0.023958
0.011920
0.027281
0.052345
0.011115
0.075740
0.001767
0.049875
0.040734
0.044678
0.016627
0.059301
0.014033
0.048817
0.026512
0.058809
0.026779
0.015465
0.025264
0.083873
0.043891
0.053967
-0.004261
0.071313
0.033795
0.055331
0.037133
0.065476
0.010772
0.030043
0.023672
0.057778
0.019582
0.029264
0.034999
0.081773
0.036376
0.064085
0.002322
0.061904
0.050900
0.050823
0.033125
0.069460
0.022532
0.048775
0.030236
0.087022
0.042659
0.048194
0.035371
0.078424
0.050006
0.068605
0.016938
0.085670
0.041820
0.060539
0.052803
0.060605
0.043657
0.060128
0.049270
0.089782
0.039547
0.043938
0.029847
0.111047
0.081304
0.065022
0.035236
0.095289
0.057265
0.097127
0.065065
0.082391
0.028544
0.097821
0.065450
0.093693
0.075028
0.054280
0.050905
0.140919
0.096807
0.091495
0.044337
0.130737
0.091307
0.101755
0.098872
0.081654
0.085436
0.115310
0.085919
0.126607
0.106383
0.086519
0.088815
0.189132
0.127541
0.137698
0.127064
0.231899
0.152933
0.193652
0.169715
0.190500
0.135381
0.217062
0.185592
0.178347
0.147186
0.167628
0.201493
0.245678
0.200486
0.197667
0.159176
0.249194
0.166040
0.200495
0.204254
0.181804
0.181020
0.181980
0.174081
0.204273
0.156741
0.178784
0.147436
0.260886
0.241051
0.222169
0.187155
0.224976
0.176249
0.246210
0.211874
0.243106
0.222287
0.217902
0.163274
0.219370
0.219434
0.202261
0.238906
0.223190
0.183937
0.218627
0.171118
0.232305
0.230139
0.215830
0.224506
0.227446
0.163977
0.229954
0.194841
0.250587
0.207347
0.215446
0.209985
0.295573
0.203089
0.242636
0.254383
0.291712
0.270406
0.301233
0.280213
0.276086
0.272316
0.340299
0.258902
0.325845
0.275651
0.295267
0.283159
0.368251
0.329866
0.337952
0.271544
0.332374
0.304378
0.368174
0.325359
0.366049
0.345037
0.361421
0.307758
0.362275
0.346943
0.374898
0.387214
0.349518
0.305633
0.350048
0.302429
0.334390
0.281508
0.319642
0.264154
0.280863
0.241603
0.272088
0.217435
0.249136
0.215992
0.180917
0.166087
0.260959
0.212487
0.192057
0.149319
0.279819
0.226928
0.251296
0.213917
0.188844
0.197782
0.231154
0.208625
0.236288
0.182411
0.203230
0.174750
0.278456
0.216835
0.230314
0.208494
0.262514
0.209648
0.259491
0.259918
0.273497
0.240168
0.290466
0.284007
0.293497
0.252356
0.308741
0.339016
0.354451
0.281928
0.310670
0.259483
0.303461
0.278059
0.302763
0.303699
0.273875
0.267959
0.289043
0.232030
0.292753
0.265031
0.230776
0.224549
0.277540
0.206267
0.228582
0.188170
0.233837
0.177997
0.212409
0.208303
0.192276
0.180393
0.218386
0.189390
0.227527
0.160542
0.187537
0.150916
0.249027
0.194052
0.196223
0.183806
0.273982
0.209828
0.262801
0.238796
0.250674
0.258658
0.278189
0.254706
0.296804
0.272289
0.258865
0.260037
0.316266
0.265033
0.266407
0.213908
0.315848
0.304463
0.282253
0.287677
0.254605
0.251329
0.338496
0.306248
0.305753
0.261089
0.295192
0.269762
0.336131
0.310964
0.276041
0.226121
0.305336
0.215720
0.273305
0.232371
0.222486
0.237882
0.258426
0.206959
0.276185
0.205448
0.240917
0.229521
0.268495
0.239115
0.271836
0.210970
0.306993
0.273036
0.296683
0.264868
0.323338
0.248539
0.324850
0.273322
0.321476
0.309589
0.304089
0.304623
0.371273
0.336902
0.348695
0.292694
0.427163
0.398363
0.410660
0.393138
0.392451
0.390926
0.448557
0.415768
0.474058
0.445627
0.454092
0.467506
0.474532
0.410329
0.484330
0.412715
0.460968
0.430312
0.468532
0.448703
0.431907
0.425888
0.438782
0.399424
0.440864
0.420213
0.392060
0.386708
0.469408
0.394462
0.413490
0.346568
0.435119
0.411601
0.417861
0.427089
0.390951
0.351200
0.410072
0.379347
0.401569
0.389471
0.370812
0.335904
0.389535
0.343775
0.365356
0.316871
0.380046
0.339548
0.343510
0.317838
0.357419
0.295903
0.302742
0.288828
0.320379
0.295916
0.286641
0.323054
0.336805
0.221173
0.281113
0.256367
0.278586
0.244175
0.273545
0.227834
0.243213
0.251009
0.264633
0.226327
0.232754
0.198923
0.229657
0.208927
0.302682
0.259194
0.245236
0.188188
0.252790
0.235299
0.288328
0.257273
0.211743
0.209985
0.248301
0.209317
0.276197
0.247101
0.220053
0.219925
0.268871
0.210303
0.240080
0.208697
0.292080
0.212671
0.280887
0.253744
0.251203
0.232765
0.276964
0.231215
0.288038
0.234912
0.229027
0.255578
0.279124
0.272991
0.227191
0.177271
0.279632
0.225074
0.249667
0.226961
0.213569
0.209066
0.246096
0.204363
0.258245
0.200827
0.215074
0.194291
0.245105
0.218157
0.211338
0.163593
0.217641
0.175143
0.230214
0.218284
0.205739
0.181168
0.215056
0.176729
0.205467
0.188219
0.190896
0.183419
0.243020
0.195274
0.209281
0.167605
0.241008
0.188168
0.220069
0.210727
0.213125
0.195518
0.222481
0.198610
0.201740
0.205081
0.196225
0.187181
0.207072
0.176127
0.184699
0.160414
0.199776
0.122835
0.183257
0.145356
0.132579
0.145244
0.156631
0.121513
0.144795
0.134397
0.107434
0.085042
0.141998
0.091856
0.106300
0.056444
0.118718
0.068504
0.097893
0.097843
0.068109
0.048769
0.091651
0.075564
0.126194
0.100923
0.071513
0.052537
0.111798
0.061368
0.096107
0.055335
0.114216
0.060885
0.094633
0.075684
0.070290
0.066661
0.094428
0.073306
0.109644
0.050374
0.068161
0.045244
0.107096
0.068485
0.082742
0.053463
0.087204
0.066327
0.074803
0.084196
0.063748
0.055578
0.092605
0.043240
0.114009
0.083033
0.066039
0.060525
0.138394
0.066216
0.106339
0.083698
0.146261
0.117734
0.125942
0.097898
0.102771
0.087162
0.136541
0.104708
0.170643
0.134739
0.104887
0.098288
0.182074
0.123194
0.143085
0.122884
0.145680
0.096629
0.160280
0.161358
0.140683
0.148737
0.171137
0.113265
0.145577
0.133193
0.121797
0.122273
0.196662
0.124055
0.145023
0.126554
0.146175
0.072112
0.117728
0.135414
0.108977
0.086351
0.109976
0.087412
0.131086
0.089168
0.080769
0.080564
0.118622
0.076505
0.116088
0.108400
0.136934
0.078103
0.123716
0.122188
0.127845
0.076543
0.148022
0.130389
0.145949
0.108264
0.163751
0.127302
0.235890
0.202572
0.164228
0.140620
0.257145
0.215759
0.232568
0.207517
0.266304
0.198512
0.255040
0.219556
0.248809
0.264731
0.279496
0.276657
0.300526
0.239823
0.255057
0.213462
0.275124
0.234823
0.247799
0.236036
0.217503
0.224164
0.272194
0.223753
0.262035
0.230591
0.210534
0.228481
0.281141
0.248074
0.265733
0.230064
0.296096
0.201721
0.267054
0.255617
0.252363
0.226611
0.253759
0.205101
0.262191
0.210714
0.196622
0.198593
0.281724
0.228624
0.249655
0.199663
0.282620
0.217420
0.277100
0.261559
0.299024
0.264165
0.280383
0.235248
0.280140
0.251940
0.294063
0.295701
0.330249
0.287843
0.290992
0.229367
0.297093
0.259507
0.279228
0.265975
0.252428
0.226915
0.275227
0.259995
0.267784
0.277697
0.267853
0.253626
0.366466
0.312977
0.318952
0.235720
0.349646
0.314459
0.330592
0.336788
0.352289
0.283368
0.341356
0.365532
0.378188
0.333744
0.348938
0.364821
0.428916
0.387716
0.389223
0.314415
0.452483
0.389232
0.421082
0.409570
0.418494
0.387803
0.435196
0.412370
0.447972
0.446560
0.463173
0.438026
0.501520
0.433153
0.500105
0.419579
0.495279
0.458257
0.454763
0.450361
0.442993
0.402489
0.463661
0.438545
0.454484
0.431502
0.407513
0.396512
0.415326
0.384861
0.400847
0.351246
0.424014
0.385865
0.394262
0.387147
0.391034
0.347521
0.402733
0.339907
0.393925
0.384291
0.350756
0.323937
0.353577
0.305817
0.333709
0.276570
0.364904
0.297258
0.308308
0.296050
0.275155
0.266486
0.324226
0.263585
0.287400
0.267455
0.243791
0.250765
0.315488
0.230979
0.264412
0.208257
0.310717
0.267391
0.269078
0.278882
0.236021
0.220167
0.295807
0.242878
0.296397
0.264937
0.216894
0.215831
0.271849
0.228222
0.255174
0.214345
0.280597
0.259214
0.296946
0.266314
0.250698
0.253998
0.304338
0.253909
0.278641
0.249179
0.251109
0.224412
0.283407
0.232014
0.241823
0.189825
0.278639
0.219739
0.238966
0.214735
0.198856
0.198151
0.237292
0.220784
0.248173
0.196769
0.165219
0.167069
0.230739
0.181719
0.174900
0.116628
0.150773
0.109475
0.142806
0.133505
0.129208
0.122180
0.152953
0.108275
0.175924
0.132230
0.095473
0.084850
0.106779
0.054905
0.105390
0.070471
0.065860
0.032031
0.092180
0.077238
0.092778
0.116207
0.077961
0.057968
0.075974
0.077450
0.013322
