0.014219
0.080076
0.047684
0.066817
0.025218
0.128978
0.094573
0.048925
0.054588
0.088040
0.014451
0.084385
0.061488
0.082214
0.074712
0.054111
0.090724
0.124211
0.075182
0.086483
0.076858
0.073623
0.035099
0.082035
0.043259
0.059817
0.043811
0.066170
0.029528
0.075131
0.027883
0.031250
0.031996
0.045879
0.047281
0.061954
0.001740
0.042677
0.042560
0.052618
0.031679
0.061840
-0.019336
0.039325
0.032412
0.066474
0.033606
0.020768
0.042430
0.066822
0.043847
0.060835
0.025280
0.050287
0.021368
0.068201
0.040822
0.043807
0.015439
0.071113
0.045261
0.090968
0.038016
0.048651
0.043078
0.099567
0.035522
0.058258
0.042713
0.069246
0.033308
0.079708
0.064644
0.071600
0.023063
0.056022
0.041907
0.072500
0.054852
0.037277
0.032934
0.108200
0.066128
0.075071
0.026109
0.064581
0.044585
0.082434
0.038927
0.064085
0.028654
0.054654
0.057672
0.065526
0.030791
0.046482
0.032724
0.094554
0.067410
0.067775
0.025945
0.070291
0.035007
0.093583
0.047206
0.048673
0.008169
0.076382
0.036843
0.063338
0.041089
0.038011
0.031116
0.093487
0.025246
0.061848
0.022929
0.046416
0.015348
0.073577
0.036030
0.060934
0.020668
0.038482
0.016580
0.072438
0.015335
0.021967
0.020705
0.056778
0.033354
0.062997
-0.002229
0.029175
0.005038
0.057241
-0.000592
0.068081
-0.000594
0.036363
0.009347
0.057569
0.007630
0.014324
0.021269
0.068722
0.021961
0.053617
-0.021675
0.037848
0.025951
0.030898
0.012489
0.068028
-0.002862
0.033850
0.024165
0.058467
0.023744
0.000723
0.038272
0.090265
0.022360
0.062392
-0.005858
0.059570
0.060241
0.066911
0.039802
0.057268
-0.002400
0.053819
0.043454
0.083821
0.062940
0.039479
0.045517
0.116332
0.078488
0.080341
0.032594
0.103382
0.059160
0.100373
0.071087
0.075041
0.026435
0.080093
0.054846
0.119283
0.088835
0.091255
0.072602
0.108793
0.078015
0.093093
0.061380
0.094724
0.043096
0.099294
0.068098
0.069633
0.041569
0.073351
0.059741
0.070493
0.040219
0.047372
0.039564
0.082790
0.043966
0.069616
0.018811
0.063721
0.015896
0.089818
0.042519
0.035041
0.029536
0.044466
0.049080
0.066444
0.022411
0.043081
0.027200
0.075279
0.035169
0.053486
-0.006936
0.069213
0.055557
0.076911
0.026961
0.075801
-0.013867
0.077099
0.056530
0.058092
0.032471
0.019678
0.048815
0.072800
0.062200
0.079585
0.042447
0.062621
0.006793
0.065435
0.051489
0.053153
0.013736
0.056636
0.037929
0.062981
0.022816
0.044019
0.041541
0.094955
0.053578
0.073012
0.006249
0.074302
0.044112
0.086618
0.059869
0.057539
0.018941
0.054690
0.039981
0.081450
0.056277
0.058326
0.032796
0.059421
0.043085
0.063739
0.047722
0.067019
0.057039
0.064563
0.034484
0.061652
0.016633
0.064870
0.042756
0.087804
0.063490
0.030167
0.040969
0.114793
0.053886
0.082774
0.051570
0.058034
0.046168
0.095623
0.063916
0.054352
0.021238
0.060694
0.041586
0.084070
0.046459
0.059930
0.028090
0.076770
0.049621
0.064589
0.029764
0.073215
0.031484
0.074633
0.061602
0.067272
0.009823
0.054265
0.031935
0.085312
0.072239
0.044397
0.046479
0.075485
0.041366
0.089609
0.040569
0.075233
0.051888
0.087189
0.046210
0.049397
0.046072
0.071319
0.070037
0.091218
0.064825
0.036980
0.069518
0.098841
0.053662
0.084526
0.059761
0.073338
0.043858
0.090874
0.072309
0.070314
0.063409
0.099463
0.071987
0.116973
0.081053
0.062308
0.075628
0.157337
0.087044
0.099259
0.089653
0.108310
0.070936
0.135641
0.107939
0.080760
0.101083
0.123988
0.076529
0.153674
0.123027
0.087053
0.125136
0.169357
0.113863
0.143516
0.103850
0.145572
0.119009
0.182088
0.149791
0.139237
0.137944
0.182617
0.109403
0.187805
0.163767
0.129577
0.158176
0.197453
0.156783
0.156097
0.104089
0.137527
0.067471
0.140080
0.130282
0.077530
0.099220
0.112366
0.082729
0.113287
0.076149
0.049264
0.048516
0.100715
0.080745
0.072276
0.039405
0.070182
0.033537
0.091278
0.060408
0.081644
0.029046
0.081039
0.024431
0.094750
0.036670
0.043169
0.046772
0.099660
0.059069
0.088362
0.048601
0.070288
0.029509
0.094716
0.064504
0.049608
0.035246
0.064412
0.045220
0.099377
0.036341
0.064840
0.050524
0.089235
0.057651
0.079463
0.059377
0.077828
0.037752
0.094153
0.061971
0.063068
0.037468
0.064470
0.069162
0.090278
0.066300
0.070332
0.049042
0.131484
0.075028
0.097266
0.054838
0.077565
0.049647
0.111216
0.103058
0.079464
0.040443
0.099502
0.066811
0.104265
0.071553
0.063049
0.068312
0.086209
0.039441
0.078473
0.032362
0.104813
0.080457
0.081059
0.059250
0.052085
-0.000943
0.069156
0.041174
0.090040
0.069672
0.054125
0.045585
0.080880
0.049712
0.086785
0.068276
0.071201
0.028588
0.103643
0.071220
0.063026
0.048068
0.097581
0.077054
0.080749
0.090159
0.088680
0.094651
0.135581
0.082539
0.102619
0.083805
0.144455
0.143079
0.156944
0.153779
0.130259
0.099241
0.168956
0.118257
0.180060
0.123388
0.141937
0.107794
0.207942
0.130357
0.134732
0.091550
0.185479
0.122890
0.162459
0.160840
0.102019
0.096514
0.164257
0.148479
0.171283
0.146906
0.135343
0.129430
0.219388
0.145690
0.134131
0.110110
0.187936
0.145449
0.171065
0.148176
0.148416
0.156279
0.166124
0.152972
0.154932
0.131855
0.130418
0.144540
0.200519
0.133995
0.141605
0.137655
0.165869
0.107216
0.136981
0.163428
0.157233
0.091578
0.169957
0.111035
0.150004
0.118410
0.100765
0.122610
0.160014
0.133213
0.124993
0.129709
0.147851
0.100048
0.206952
0.138863
0.097584
0.119590
0.182718
0.178747
0.183829
0.172232
0.166314
0.177202
0.311502
0.245459
0.295075
0.262714
0.370301
0.349917
0.415936
0.386674
0.434394
0.386543
0.455705
0.474439
0.523734
0.520238
0.551868
0.518352
0.541457
0.510186
0.584465
0.552270
0.560676
0.556299
0.599415
0.521121
0.593717
0.568368
0.628397
0.608338
0.574043
0.553790
0.632775
0.595013
0.673911
0.594219
0.638683
0.562850
0.614182
0.574929
0.593684
0.603897
0.686246
0.573550
0.606296
0.628098
0.648905
0.616135
0.635360
0.628798
0.646597
0.559799
0.649031
0.616807
0.631534
0.577751
0.595099
0.575327
0.621452
0.539085
0.603092
0.571858
0.553768
0.562283
0.554365
0.566648
0.598415
0.525054
0.607062
0.517511
0.569291
0.523267
0.540649
0.568089
0.578931
0.512632
0.547997
0.544043
0.544762
0.481187
0.516772
0.486176
0.556255
0.518517
0.558277
0.492190
0.569218
0.517953
0.582586
0.537109
0.571823
0.544906
0.577800
0.571217
0.577740
0.590601
0.571757
0.592937
0.595982
0.530735
0.579904
0.523182
0.510815
0.497347
0.487620
0.494780
0.486224
0.431239
0.475738
0.456130
0.459004
0.422175
0.448760
0.390365
0.469420
0.426443
0.405550
0.360789
0.418092
0.365997
0.447326
0.430116
0.435469
0.389393
0.421453
0.378990
0.412976
0.414593
0.389598
0.406396
0.510039
0.470868
0.504100
0.438470
0.566435
0.551159
0.583145
0.567344
0.622616
0.579214
0.633192
0.614042
0.675158
0.648314
0.703275
0.669533
0.743683
0.705855
0.738428
0.690870
0.751198
0.685234
0.722588
0.714154
0.764670
0.710474
0.741949
0.735214
0.731729
0.724326
0.746467
0.727629
0.780644
0.688629
0.758190
0.707052
0.709325
0.672516
0.715794
0.707240
0.716151
0.644454
0.680246
0.656408
0.662490
0.643834
0.632135
0.588404
0.676080
0.614148
0.654209
0.604737
0.614325
0.571884
0.640399
0.624741
0.655013
0.609293
0.636678
0.603222
0.593326
0.598336
0.632511
0.612840
0.671894
0.541660
0.651313
0.611301
0.605430
0.560974
0.601469
0.608229
0.655052
0.580147
0.614153
0.574685
0.615805
0.619870
0.580445
0.593517
0.617675
0.569528
0.642969
0.567676
0.613587
0.565976
0.626582
0.609311
0.661240
0.542471
0.600104
0.576649
0.594690
0.559422
0.562222
0.555679
0.576215
0.542751
0.583964
0.481932
0.532252
0.503726
0.546046
0.502658
0.514123
0.511678
0.525403
0.481609
0.523000
0.464068
0.470776
0.454031
0.497057
0.449091
0.469765
0.387248
0.406454
0.355173
0.414882
0.398237
0.397210
0.362193
0.340065
0.284667
0.350524
0.265655
0.270304
0.253962
0.334069
0.271834
0.257408
0.185505
0.271065
0.198728
0.237575
0.249241
0.215155
0.214811
0.219439
0.191348
0.229177
0.163318
0.164630
0.167516
0.165701
0.151437
0.162067
0.129891
0.195806
0.137903
0.167628
0.136355
0.152848
0.123451
0.194036
0.143329
0.149808
0.142732
0.162410
0.157293
0.202372
0.168084
0.154396
0.145750
0.167733
0.120270
0.163194
0.176780
0.125249
0.136792
0.161418
0.086522
0.148389
0.112082
0.056300
0.091406
0.169181
0.102044
0.101355
0.041995
0.121830
0.060541
0.096333
0.099658
0.087821
0.080069
0.079899
0.047315
0.112979
0.053727
0.046165
0.050925
0.087845
0.056976
0.079844
0.032490
0.064354
0.032756
0.077906
0.054648
0.070471
0.019403
0.055337
0.025294
0.084719
0.036041
0.046903
0.049966
0.087998
0.036835
0.066551
0.008258
0.063045
0.046879
0.076019
0.074970
0.061349
0.006313
0.062770
0.046094
0.084541
0.053249
0.040916
0.036110
0.088889
0.055789
0.076977
0.042767
0.071543
0.025058
0.083572
0.049873
0.082232
0.046030
0.058510
0.030924
0.058714
0.029293
0.053140
0.030640
0.080782
0.038697
0.074789
-0.002201
0.046191
0.028392
0.049570
0.015929
0.069638
0.005067
0.041741
0.023871
0.051084
0.026975
0.031514
0.031304
0.052604
0.035952
0.053796
0.003777
0.058020
0.033082
0.052093
0.005750
0.061067
-0.003340
0.031984
0.022120
0.067571
0.015008
0.012563
0.019767
0.085350
0.031424
0.039558
-0.010528
0.055578
0.017586
0.070856
0.000310
0.052895
0.001379
0.045737
0.017167
0.052567
0.011016
0.018704
0.030202
0.043588
0.028742
0.060061
-0.022631
0.045265
0.015469
0.053001
0.004249
0.049258
-0.015825
0.033417
0.011916
0.061948
0.013597
0.015469
0.026152
0.058819
0.030214
0.045308
-0.002290
0.053705
0.021563
0.045408
0.031878
0.091324
0.058580
0.050632
0.004845
0.051776
0.046830
0.009869
