0.013716
0.084591
0.041801
0.048990
0.016065
0.116229
0.079661
0.058128
0.052143
0.065580
-0.002084
0.066570
0.052071
0.075340
0.052611
0.088546
0.066733
0.108634
0.058911
0.100548
0.051554
0.108486
0.058681
0.088540
0.077509
0.088461
0.017508
0.083648
0.052108
0.095258
0.065618
0.051898
0.049373
0.112934
0.047461
0.079335
0.042662
0.082417
0.047358
0.073808
0.072053
0.063438
0.037187
0.075939
0.044844
0.095301
0.056371
0.032558
0.027884
0.124165
0.070676
0.073487
0.021547
0.104340
0.061217
0.087106
0.079491
0.051461
0.030870
0.076124
0.069486
0.079507
0.072620
0.062376
0.060678
0.110633
0.062676
0.090615
0.058419
0.079600
0.042223
0.083687
0.047822
0.067167
0.050987
0.060086
0.066034
0.110326
0.055459
0.044019
0.041565
0.090043
0.042631
0.087371
0.047137
0.053398
0.021830
0.077924
0.052079
0.064400
0.039248
0.057650
0.030308
0.099514
0.043260
0.036515
0.034177
0.066406
0.031671
0.064878
0.006557
0.059296
0.042804
0.070462
0.043604
0.048065
0.017043
0.049441
0.029572
0.079288
0.044703
0.026602
0.026471
0.068192
0.048983
0.065657
0.023318
0.045723
0.021502
0.076461
0.025362
0.061653
0.010571
0.043609
0.026144
0.063024
0.026285
0.032366
0.029471
0.101059
0.052379
0.061047
0.026043
0.072499
0.056254
0.077696
0.044267
0.063863
0.045354
0.060468
0.058452
0.071047
0.071861
0.057828
0.059254
0.125837
0.065274
0.085483
0.058807
0.083269
0.032733
0.101102
0.074795
0.066238
0.057336
0.064435
0.032511
0.103340
0.063930
0.042016
0.049244
0.080569
0.034611
0.066667
0.033459
0.069405
0.045845
0.093575
0.055151
0.057000
0.019302
0.045493
0.057251
0.081104
0.057017
0.044266
0.030249
0.094300
0.049422
0.062980
0.039849
0.083153
0.071069
0.085478
0.065054
0.048255
0.027413
0.071375
0.068294
0.094063
0.065065
0.036239
0.070481
0.150355
0.077253
0.079041
0.062231
0.111999
0.043812
0.116040
0.089883
0.086648
0.068978
0.095205
0.071786
0.125583
0.087688
0.085066
0.065770
0.157833
0.116916
0.118871
0.096852
0.143260
0.083665
0.144838
0.130598
0.128400
0.118939
0.137065
0.115779
0.126599
0.104487
0.116669
0.108368
0.216342
0.151891
0.151901
0.129606
0.211594
0.149759
0.208106
0.206479
0.195364
0.140957
0.180566
0.184864
0.237580
0.175030
0.184285
0.182220
0.202424
0.179702
0.205672
0.214081
0.181396
0.150468
0.152165
0.200137
0.194790
0.173276
0.180582
0.139466
0.151135
0.126635
0.147833
0.124785
0.236234
0.186427
0.194942
0.181962
0.219566
0.194629
0.245651
0.219936
0.211313
0.201718
0.238179
0.221186
0.235104
0.198479
0.216510
0.218559
0.319045
0.253658
0.262723
0.228924
0.327775
0.302717
0.335153
0.301315
0.349447
0.325200
0.369123
0.341919
0.378199
0.350249
0.385520
0.400486
0.445053
0.351303
0.405315
0.330844
0.360880
0.297775
0.353355
0.346939
0.372980
0.301918
0.338855
0.273443
0.328165
0.289642
0.252880
0.284562
0.299584
0.255191
0.275541
0.247881
0.307970
0.295386
0.298152
0.262706
0.256782
0.260992
0.324196
0.275324
0.311130
0.244702
0.285666
0.256358
0.288809
0.274109
0.276413
0.244522
0.296856
0.219273
0.273409
0.258911
0.250240
0.243347
0.268558
0.256929
0.297984
0.250434
0.232187
0.259168
0.288456
0.244006
0.303176
0.263155
0.330019
0.278546
0.320320
0.300182
0.311617
0.277658
0.320970
0.262852
0.329279
0.319875
0.273154
0.281572
0.331712
0.266514
0.294820
0.230703
0.304055
0.221440
0.246581
0.271661
0.240464
0.195770
0.208316
0.199869
0.235855
0.206591
0.187176
0.174108
0.247146
0.199835
0.164118
0.133482
0.196089
0.123076
0.160715
0.146285
0.105778
0.126050
0.122620
0.082270
0.147208
0.115146
0.066903
0.048601
0.122635
0.085128
0.114552
0.058986
0.111332
0.047628
0.092568
0.076798
0.067720
0.071045
0.063234
0.054269
0.104512
0.080911
0.063580
0.051507
0.083366
0.046240
0.085812
0.056773
0.064703
0.031200
0.109244
0.081489
0.067582
0.043035
0.068638
0.040371
0.067033
0.043739
0.032951
0.049357
0.088696
0.046121
0.058080
0.025271
0.049321
0.009448
0.053392
0.022822
0.072279
0.017354
0.029006
0.007845
0.073733
0.023426
0.010623
0.033353
0.065319
0.037084
0.057325
-0.009231
0.049614
0.040860
0.055798
0.023201
0.061494
0.002810
0.038084
0.026637
0.051318
0.005709
0.019519
0.034348
0.061179
0.019839
0.056215
-0.005128
0.041145
0.014744
0.044921
0.002763
0.061586
-0.006266
0.032394
0.015321
0.063637
0.010224
0.002713
0.030066
0.073753
0.023027
0.049309
-0.002416
0.048421
0.009533
0.042347
0.005995
0.073239
0.005239
0.032234
0.012327
0.060866
0.022616
-0.001340
0.028444
0.058231
0.011876
0.054680
-0.018159
0.055634
-0.006822
0.051050
-0.002168
0.053879
-0.020892
0.029066
0.006007
0.059576
0.008124
0.001604
0.017577
0.050977
0.023213
0.046935
-0.025469
0.034069
0.014906
0.030650
-0.011048
0.061661
-0.024582
0.029949
0.004490
0.060969
0.010519
0.016117
0.023158
0.036803
0.008938
0.051527
-0.019462
0.049091
0.029338
0.053441
-0.005468
0.040218
-0.017420
0.029961
0.027516
0.051153
0.000649
-0.000275
0.022373
0.089415
0.026171
0.044432
-0.013103
0.055074
0.040568
0.059898
0.002253
0.032666
-0.027372
0.060897
0.035862
0.058716
0.034393
0.030712
0.027835
0.081990
0.038142
0.051617
0.025710
0.057565
0.059240
0.066629
0.049901
0.065743
0.012526
0.063466
0.034137
0.079478
0.057230
0.038411
0.037587
0.073785
0.055467
0.097328
0.051067
0.104422
0.042901
0.111112
0.077024
0.059334
0.021842
0.106610
0.063379
0.106008
0.088434
0.063947
0.078176
0.143251
0.097115
0.132345
0.105459
0.124926
0.067142
0.134668
0.143056
0.120104
0.075215
0.100037
0.097830
0.123739
0.098317
0.100711
0.096266
0.170118
0.093840
0.126231
0.118164
0.157184
0.104989
0.133323
0.113924
0.118751
0.104923
0.174097
0.125303
0.171792
0.110885
0.094282
0.118384
0.197320
0.157379
0.107202
0.104957
0.205868
0.139201
0.159977
0.150478
0.157013
0.122949
0.189416
0.126187
0.175718
0.128311
0.180165
0.165564
0.198638
0.170332
0.150965
0.163011
0.167534
0.116137
0.181103
0.174666
0.132055
0.142585
0.172189
0.116074
0.180670
0.156807
0.114972
0.094271
0.185429
0.166279
0.152062
0.158491
0.193865
0.159251
0.205578
0.204737
0.179495
0.191261
0.257784
0.214298
0.228300
0.196284
0.247112
0.248864
0.292287
0.260972
0.229747
0.194327
0.252915
0.188588
0.208660
0.188289
0.181478
0.178628
0.199641
0.175604
0.215758
0.174671
0.151548
0.146488
0.208280
0.176907
0.170933
0.171759
0.229306
0.182980
0.243608
0.238972
0.197433
0.189367
0.222269
0.200235
0.255632
0.178190
0.217255
0.187792
0.300675
0.247165
0.252532
0.196468
0.288586
0.201138
0.262705
0.234239
0.298362
0.276739
0.297549
0.237754
0.276171
0.282251
0.338920
0.302576
0.317050
0.309140
0.301518
0.215700
0.278747
0.240968
0.273378
0.261816
0.245089
0.234657
0.262381
0.216970
0.244491
0.199355
0.227022
0.194761
0.193445
0.183485
0.187064
0.194372
0.212240
0.175206
0.249665
0.203743
0.193024
0.177379
0.230437
0.189718
0.214847
0.177421
0.174551
0.177898
0.254818
0.210122
0.240294
0.202560
0.294989
0.237964
0.278826
0.259325
0.297295
0.238830
0.305446
0.289696
0.330375
0.294100
0.316887
0.363262
0.422507
0.351889
0.391079
0.312783
0.432723
0.409243
0.424873
0.396104
0.391019
0.339238
0.448560
0.392026
0.424811
0.398178
0.403696
0.391632
0.498577
0.418129
0.454255
0.389977
0.519166
0.460726
0.471707
0.450899
0.489493
0.457124
0.504657
0.474667
0.539184
0.500653
0.522279
0.507975
0.542596
0.491187
0.549773
0.512649
0.531748
0.501977
0.529866
0.519090
0.558516
0.490759
0.541369
0.532373
0.499528
0.483121
0.509991
0.517513
0.624731
0.556745
0.605130
0.503625
0.625665
0.574198
0.633200
0.634460
0.665518
0.614093
0.658522
0.667119
0.673855
0.678838
0.699782
0.672274
0.766633
0.696828
0.737781
0.696092
0.745227
0.720219
0.754458
0.730272
0.759399
0.730345
0.766687
0.757314
0.771206
0.762173
0.746774
0.769616
0.790996
0.731467
0.770744
0.708647
0.741212
0.678797
0.728614
0.684678
0.724687
0.658986
0.655973
0.647657
0.637811
0.588161
0.580626
0.572938
0.631210
0.551666
0.626883
0.526761
0.596773
0.591602
0.600843
0.559302
0.603643
0.553038
0.617172
0.588414
0.612516
0.531143
0.595143
0.587363
0.655869
0.596725
0.621004
0.548899
0.638271
0.588442
0.607118
0.610809
0.662025
0.600779
0.629344
0.615014
0.642529
0.633132
0.647463
0.640225
0.735334
0.649531
0.716820
0.662275
0.722879
0.691191
0.740130
0.683300
0.787261
0.712137
0.736726
0.739523
0.758325
0.750457
0.772257
0.777387
0.810966
0.733008
0.801495
0.766857
0.783886
0.763940
0.794615
0.770914
0.827527
0.755095
0.774109
0.758888
0.787268
0.777810
0.774718
0.786209
0.819593
0.726212
0.783321
0.728421
0.783172
0.740155
0.768828
0.736616
0.751825
0.701214
0.726029
0.704786
0.742419
0.682470
0.657454
0.652954
0.679936
0.627283
0.690486
0.605718
0.636207
0.596603
0.632966
0.630880
0.662315
0.571911
0.600672
0.597974
0.588148
0.538716
0.567735
0.533415
0.611482
0.508330
0.569241
0.509190
0.500153
0.489006
0.525796
0.496742
0.512172
0.455773
0.479554
0.443322
0.462824
0.467189
0.432870
0.399580
0.421668
0.396823
0.463412
0.411124
0.427346
0.412941
0.428169
0.440733
0.468109
0.402737
0.424330
0.418300
0.433130
0.405558
0.421029
0.408110
0.435068
0.348736
0.382202
0.333616
0.348574
0.299149
0.313565
0.314683
0.267141
0.255005
0.274331
0.215471
0.251334
0.198620
0.123194
0.169484
0.178741
0.143536
0.184740
0.170774
0.210891
0.161982
0.209577
0.191054
0.167930
0.177714
0.228997
0.195628
0.231409
0.199314
0.203975
0.217617
0.202709
0.158997
0.187328
0.168466
0.148457
0.139715
0.164125
0.147412
0.148948
0.173789
0.103749
0.094792
0.120917
0.105627
0.017689
