0.007573
0.060370
0.039600
0.051427
0.013994
0.095802
0.074069
0.041656
0.033704
0.061131
-0.007530
0.030518
0.038667
0.055545
0.031140
0.017314
0.039046
0.060894
0.024533
0.056483
0.016375
0.044844
0.020412
0.057839
0.001475
0.053027
0.005076
0.029784
0.024958
0.061895
0.005148
0.012834
0.024019
0.068002
0.026757
0.047078
-0.014568
0.043376
0.034299
0.044130
0.012799
0.047201
0.005563
0.047552
0.029677
0.054263
0.010836
0.011335
0.035063
0.078003
0.034426
0.045872
-0.002501
0.053512
0.024026
0.047771
0.011425
0.066025
0.034958
0.037984
0.009702
0.079939
0.024787
0.022897
0.042066
0.067979
0.031933
0.064482
0.017734
0.054777
0.024302
0.059455
0.008847
0.068047
0.010796
0.035598
0.025978
0.062042
0.014661
0.022817
0.025270
0.067403
0.026722
0.062912
-0.005544
0.045407
0.007162
0.049419
0.005622
0.065967
-0.009028
0.037797
0.035481
0.057275
0.002480
0.017828
0.017880
0.052063
0.022723
0.061221
0.021234
0.029571
0.016174
0.060588
0.003657
0.060857
0.003387
0.033588
0.030016
0.050067
0.023563
0.022150
0.023657
0.075047
0.037620
0.068100
-0.003014
0.051448
0.026895
0.044867
0.017671
0.075323
0.010004
0.049967
0.024873
0.064737
0.018518
0.018628
0.053952
0.076804
0.029839
0.055307
0.007778
0.050709
0.030987
0.055280
0.033599
0.068472
0.004543
0.050497
0.038872
0.066805
0.019697
0.046237
0.031866
0.072425
0.035232
0.062385
0.019211
0.044727
0.013366
0.051616
0.016381
0.070118
0.027072
0.061429
0.019012
0.071570
0.043440
0.024892
0.041672
0.113322
0.056451
0.065976
0.016991
0.086388
0.047311
0.103453
0.071068
0.076190
0.030137
0.082929
0.045785
0.111817
0.088246
0.069744
0.075611
0.126478
0.067501
0.089221
0.057996
0.159132
0.107621
0.102733
0.127853
0.120256
0.070954
0.155088
0.105511
0.142792
0.162404
0.144609
0.136031
0.173298
0.094793
0.140250
0.122490
0.127612
0.074516
0.120207
0.112697
0.110187
0.083885
0.105088
0.084795
0.121908
0.100105
0.069538
0.055185
0.111391
0.079927
0.097142
0.060376
0.119733
0.057521
0.113197
0.066288
0.078885
0.045664
0.104588
0.069526
0.101741
0.080279
0.032957
0.043383
0.123272
0.100709
0.105415
0.075468
0.105385
0.062980
0.105359
0.116909
0.114758
0.078418
0.116858
0.081571
0.120060
0.082300
0.087614
0.078853
0.135602
0.067789
0.104809
0.096913
0.162974
0.079121
0.129632
0.098662
0.095017
0.098528
0.143730
0.117615
0.126432
0.101955
0.098933
0.077713
0.146890
0.084517
0.111583
0.063343
0.094241
0.024955
0.095121
0.086763
0.067973
0.054379
0.065654
0.048035
0.111764
0.040807
0.035037
0.030162
0.073110
0.045395
0.071031
0.023898
0.049164
0.033065
0.052345
0.022177
0.066276
0.026734
0.049270
0.039034
0.078160
0.017975
0.023089
0.023879
0.071113
0.049435
0.057006
0.025272
0.063220
0.036990
0.070813
0.014459
0.063173
0.007277
0.044218
0.039842
0.079264
0.031950
0.048816
0.031992
0.052494
0.032589
0.076283
0.022011
0.041291
0.016997
0.075830
0.018193
0.047115
0.037371
0.027423
0.026533
0.065205
0.029774
0.032935
0.036348
0.069863
0.034214
0.067208
-0.004692
0.052883
0.017971
0.059144
0.038111
0.065684
0.007162
0.043461
0.038170
0.072919
0.021071
0.023258
0.033573
0.060305
0.028243
0.054591
0.005606
0.041412
0.009378
0.055934
-0.006040
0.072274
0.015379
0.037734
0.008808
0.058361
-0.003100
0.010167
0.041080
0.076681
0.013856
0.062796
0.003601
0.030313
0.014375
0.058332
0.013631
0.069430
0.025072
0.036473
0.021388
0.063421
0.022395
0.011354
0.035676
0.073490
0.007800
0.057714
0.001503
0.039663
0.015257
0.054467
0.009545
0.058456
0.002968
0.031427
0.025721
0.056624
0.017729
0.001402
0.041646
0.077556
0.026330
0.040723
0.004960
0.046107
0.029982
0.079295
0.016572
0.039103
-0.000073
0.056876
0.038580
0.064878
0.030796
0.028813
0.036554
0.096534
0.033276
0.055412
-0.001547
0.091072
0.066830
0.072159
0.070200
0.052225
0.027699
0.069061
0.054023
0.114416
0.078416
0.053401
0.054249
0.130402
0.079525
0.082463
0.067024
0.081838
0.048639
0.112602
0.085227
0.083451
0.081455
0.077476
0.048674
0.105469
0.070245
0.074518
0.040729
0.087313
0.041888
0.083388
0.037434
0.064263
0.043694
0.076083
0.051163
0.044846
0.029748
0.072163
0.058921
0.076307
0.051413
0.050334
0.052344
0.121060
0.091546
0.073245
0.074878
0.143180
0.084939
0.119772
0.098420
0.136958
0.114620
0.137854
0.129411
0.194378
0.159358
0.202472
0.209395
0.306217
0.243567
0.251743
0.215932
0.327662
0.269010
0.315088
0.303900
0.322004
0.278455
0.339826
0.321546
0.354085
0.353854
0.353620
0.375624
0.472356
0.370448
0.414737
0.343249
0.454976
0.445489
0.445789
0.423700
0.448521
0.392653
0.470042
0.448041
0.467890
0.438380
0.467490
0.468124
0.510316
0.504690
0.529034
0.447719
0.565692
0.509695
0.543842
0.557788
0.581439
0.513266
0.571654
0.530854
0.549541
0.558542
0.584788
0.559261
0.653171
0.584664
0.610866
0.542171
0.633115
0.602238
0.620360
0.604892
0.636661
0.576275
0.633016
0.607946
0.628203
0.638166
0.640789
0.625243
0.674301
0.613791
0.672525
0.621771
0.662492
0.627572
0.661205
0.643984
0.682634
0.641959
0.656117
0.650892
0.655282
0.673908
0.667955
0.661376
0.696390
0.674794
0.714661
0.651419
0.709342
0.640882
0.703543
0.691307
0.729565
0.638467
0.698591
0.686523
0.720790
0.674145
0.686052
0.696392
0.716204
0.681823
0.737707
0.693062
0.723426
0.682332
0.728872
0.685168
0.724972
0.694163
0.720848
0.717634
0.709324
0.671755
0.708464
0.700834
0.763461
0.690683
0.739068
0.696333
0.763425
0.711299
0.735250
0.727742
0.768071
0.702351
0.740758
0.730301
0.754778
0.739202
0.741220
0.735392
0.775939
0.733372
0.795113
0.756970
0.761149
0.746388
0.788743
0.775025
0.823028
0.747521
0.779377
0.794973
0.792407
0.777346
0.802031
0.787021
0.836607
0.785015
0.831555
0.763068
0.825082
0.776111
0.823303
0.801365
0.829250
0.792991
0.805563
0.810645
0.844084
0.795014
0.816866
0.835508
0.848897
0.783294
0.840993
0.795015
0.852162
0.809245
0.824637
0.819000
0.839532
0.798309
0.816048
0.788141
0.828427
0.798202
0.800511
0.812055
0.847312
0.760402
0.811206
0.771146
0.808499
0.762483
0.779966
0.770727
0.815787
0.730900
0.767663
0.762561
0.771635
0.746135
0.752562
0.739646
0.794415
0.765333
0.811197
0.773964
0.819066
0.786610
0.843785
0.823833
0.856727
0.836321
0.850689
0.854746
0.870339
0.855877
0.887124
0.890727
0.917281
0.871628
0.893869
0.859925
0.916405
0.897837
0.902471
0.902330
0.903809
0.875904
0.904428
0.897429
0.911207
0.906129
0.910378
0.912156
0.938004
0.892324
0.927090
0.898487
0.939345
0.909837
0.941779
0.933479
0.941334
0.912965
0.933554
0.926802
0.944607
0.930505
0.946627
0.939416
0.950329
0.924144
0.946665
0.922534
0.952253
0.926611
0.948828
0.944913
0.946223
0.925168
0.935534
0.924426
0.951243
0.939362
0.944706
0.940259
0.951611
0.906508
0.939853
0.915723
0.942586
0.912851
0.932400
0.922966
0.930666
0.894883
0.911314
0.897845
0.926823
0.902053
0.903674
0.892491
0.921964
0.875022
0.910009
0.874930
0.907321
0.872170
0.904331
0.901746
0.905000
0.873407
0.889093
0.879225
0.902919
0.887474
0.894600
0.880050
0.916956
0.868121
0.898672
0.866078
0.908313
0.873839
0.901065
0.892655
0.905610
0.869836
0.887296
0.875729
0.895187
0.871972
0.874685
0.873386
0.893788
0.855986
0.879692
0.839605
0.864086
0.821599
0.860551
0.856020
0.864174
0.815923
0.806880
0.792604
0.830952
0.803261
0.783637
0.785513
0.786062
0.705541
0.773580
0.734006
0.698862
0.655101
0.655512
0.646116
0.697056
0.594180
0.594272
0.547600
0.564899
0.501705
0.478570
0.494873
0.451982
0.387948
0.431389
0.374295
0.296855
0.238298
0.287374
0.291521
0.273497
0.203082
0.179058
0.168601
0.214836
0.130128
0.057160
0.085704
0.156812
0.117903
0.120811
0.076574
0.099309
0.029505
0.097800
0.079750
0.078217
0.068745
0.059506
0.042405
0.105644
0.050640
0.017400
0.070688
0.107978
0.044004
0.066198
0.018841
0.056174
0.026836
0.065182
0.026954
0.075626
0.025142
0.040247
0.016861
0.065175
0.013014
0.027261
0.019298
0.061575
0.043098
0.049682
-0.017855
0.037217
0.008068
0.044381
-0.010554
0.069930
-0.013589
0.015835
0.012529
0.057168
-0.000648
-0.012374
0.021639
0.062512
0.011846
0.041487
-0.029808
0.040534
-0.014412
0.042267
-0.028208
0.056012
-0.010516
0.014059
0.009483
0.051230
-0.001930
0.001178
0.007427
0.064136
0.003041
0.047433
-0.012854
0.042070
0.004170
0.030743
-0.020154
0.061724
-0.014499
0.020018
0.015012
0.045668
-0.002982
0.008360
0.014291
0.060677
0.020646
0.037457
-0.021492
0.040351
0.006039
0.024052
-0.017203
0.063804
-0.020354
0.004585
0.006987
0.056385
-0.008300
-0.008581
0.022566
0.047502
0.009053
0.055667
-0.022126
0.031160
0.003265
0.029631
-0.011206
0.065027
-0.015231
0.004439
-0.005600
0.069903
0.001180
-0.012192
0.013091
0.047730
0.025232
0.045745
-0.039343
0.045817
0.015577
0.034421
-0.016477
0.054615
-0.048414
0.025061
0.007582
0.067446
-0.005053
-0.003764
0.008338
0.034008
0.002196
0.058915
-0.023849
0.040087
-0.011894
0.051764
-0.023865
0.046653
-0.031065
0.018216
-0.000087
0.051411
-0.012138
0.012835
0.010302
0.052419
0.005588
0.039771
-0.028556
0.030698
-0.002271
0.031727
-0.037875
0.071123
-0.036816
0.017449
-0.011695
0.048432
0.002208
-0.008704
0.004128
0.054616
0.014304
0.048558
-0.030713
0.023735
0.004584
0.032805
-0.028881
0.068849
-0.017119
0.009323
-0.011405
0.062183
0.013273
-0.013653
0.017302
0.066784
-0.002155
0.062954
-0.028777
0.037782
-0.007233
0.027684
-0.019205
0.067181
0.000369
0.015402
-0.000946
0.046876
-0.023027
0.010798
0.022178
0.048114
0.014502
0.050157
-0.027862
0.041797
0.010550
0.048891
0.000263
0.065731
0.019291
0.008055
-0.017001
0.044248
0.037753
0.011274
