0.009862
0.106852
0.062831
0.065342
0.019246
0.136861
0.112006
0.059756
0.075038
0.090451
-0.004835
0.095058
0.085464
0.098674
0.088651
0.105003
0.095522
0.164021
0.121428
0.138763
0.101464
0.166549
0.102057
0.139343
0.129255
0.104159
0.093094
0.135750
0.103378
0.128288
0.101204
0.084439
0.069501
0.117867
0.064257
0.099578
0.077655
0.077384
0.058654
0.084761
0.074006
0.060743
0.049664
0.067531
0.064670
0.090667
0.055481
0.042022
0.043536
0.087463
0.062803
0.082805
0.046518
0.094367
0.032658
0.094045
0.079895
0.104112
0.040212
0.087923
0.078432
0.096539
0.087303
0.073395
0.073109
0.126477
0.089661
0.112556
0.090017
0.132544
0.051654
0.089202
0.097703
0.110482
0.072765
0.113248
0.073580
0.103083
0.065431
0.080128
0.085625
0.143369
0.094186
0.125652
0.095719
0.100369
0.076205
0.131637
0.134777
0.086920
0.109647
0.125408
0.084805
0.126585
0.111182
0.085920
0.065545
0.093879
0.050002
0.094943
0.077653
0.070887
0.040236
0.081508
0.055875
0.071537
0.059247
0.067817
0.044617
0.084908
0.055076
0.008275
0.052924
0.065101
0.036353
0.084382
0.035529
0.079696
0.038159
0.082347
0.040865
0.062953
0.002579
0.069087
0.049252
0.079260
0.025762
0.059188
0.027555
0.059142
0.054296
0.067903
0.015803
0.053393
0.026416
0.065752
0.047299
0.055329
0.002735
0.047383
0.048784
0.064221
0.025649
0.043500
0.045682
0.081001
0.046079
0.059406
0.027227
0.047013
0.025387
0.068663
0.037821
0.061969
0.017999
0.052462
0.031452
0.095707
0.049440
0.031961
0.026232
0.072845
0.033398
0.074420
0.015369
0.051512
0.045213
0.036701
0.022367
0.075684
0.022341
0.047898
0.043005
0.077419
0.035431
0.032326
0.035608
0.069346
0.036167
0.064940
0.020634
0.076860
0.048205
0.073939
0.041327
0.053967
0.022213
0.080001
0.045816
0.066156
0.063266
0.034401
0.052023
0.072087
0.033505
0.077004
0.032687
0.090769
0.039846
0.092091
0.053280
0.063878
0.031448
0.077087
0.062625
0.084039
0.064860
0.061020
0.068056
0.105932
0.048659
0.073039
0.026679
0.091116
0.066155
0.070785
0.060514
0.058522
0.048206
0.067221
0.045024
0.092160
0.043985
0.055601
0.048184
0.090154
0.045977
0.078422
0.022953
0.073730
0.046084
0.069967
0.035385
0.071874
0.017831
0.066599
0.039788
0.092559
0.056207
0.032435
0.058261
0.152916
0.096206
0.104318
0.075504
0.143965
0.093083
0.105614
0.117268
0.097735
0.077642
0.095443
0.084763
0.103208
0.082337
0.049679
0.087229
0.235447
0.164788
0.139191
0.090618
0.232935
0.173271
0.184111
0.189868
0.193548
0.162381
0.258142
0.238785
0.270264
0.274081
0.341281
0.305015
0.335996
0.318847
0.315152
0.287920
0.329148
0.301108
0.291883
0.310342
0.306729
0.265329
0.318562
0.304939
0.306959
0.250130
0.313892
0.299850
0.381612
0.354483
0.336879
0.283432
0.378490
0.315756
0.381638
0.353746
0.367713
0.301018
0.375855
0.332441
0.371062
0.363656
0.355163
0.372463
0.393914
0.330402
0.396865
0.372065
0.397902
0.362462
0.424511
0.362822
0.417927
0.377166
0.396331
0.372010
0.421530
0.392172
0.414003
0.386120
0.421019
0.366367
0.406881
0.341308
0.389533
0.380572
0.396054
0.353452
0.378657
0.338154
0.383801
0.337819
0.337293
0.330143
0.325716
0.321064
0.439156
0.364983
0.422314
0.336871
0.475481
0.465458
0.456618
0.442121
0.474367
0.437961
0.500834
0.495427
0.507393
0.488009
0.507952
0.488807
0.573427
0.498859
0.553257
0.449251
0.567544
0.534607
0.532088
0.493097
0.598057
0.520967
0.567600
0.549941
0.544004
0.549510
0.548987
0.552503
0.629851
0.578727
0.588150
0.516145
0.573079
0.522893
0.579467
0.559898
0.631404
0.548108
0.538724
0.519436
0.582749
0.541814
0.513197
0.540924
0.597172
0.535440
0.594979
0.548170
0.606676
0.569693
0.611947
0.592625
0.657701
0.593389
0.634739
0.642527
0.662122
0.654982
0.674108
0.683190
0.719017
0.673108
0.729224
0.684908
0.704582
0.657703
0.736043
0.722154
0.751601
0.696167
0.732575
0.719083
0.715583
0.720907
0.743542
0.759413
0.799662
0.719633
0.770804
0.703551
0.787183
0.757278
0.773893
0.755643
0.787058
0.741915
0.782647
0.763013
0.796686
0.776091
0.787777
0.768008
0.821587
0.779517
0.818048
0.785621
0.823377
0.785499
0.826363
0.819734
0.842110
0.778407
0.820630
0.808601
0.835369
0.820743
0.820693
0.808151
0.846701
0.766836
0.841084
0.793652
0.828199
0.764245
0.797021
0.786871
0.818695
0.757640
0.759229
0.766183
0.752896
0.750184
0.753889
0.744570
0.767727
0.675715
0.758883
0.704256
0.728161
0.669357
0.723479
0.686359
0.743975
0.681255
0.709971
0.696457
0.725872
0.699109
0.694849
0.690989
0.775953
0.683640
0.738506
0.713364
0.769345
0.705020
0.747719
0.726322
0.788189
0.718958
0.756564
0.750524
0.755173
0.733052
0.755283
0.761789
0.792057
0.682613
0.763068
0.716540
0.742050
0.686108
0.738072
0.688478
0.712807
0.670714
0.701889
0.661862
0.676176
0.640005
0.644211
0.623167
0.703485
0.604672
0.639124
0.604502
0.614510
0.569850
0.623164
0.605633
0.633037
0.591333
0.559082
0.569451
0.558588
0.480826
0.525938
0.543160
0.577344
0.495194
0.546065
0.497770
0.535454
0.508287
0.540651
0.498223
0.508311
0.463305
0.527627
0.466235
0.514171
0.485653
0.484430
0.438303
0.510055
0.451044
0.478531
0.408446
0.456119
0.417280
0.422847
0.393369
0.426344
0.363453
0.380020
0.352363
0.395083
0.335625
0.343352
0.356101
0.408908
0.353561
0.337624
0.322212
0.318156
0.322222
0.362935
0.350476
0.321628
0.308584
0.341280
0.261726
0.306519
0.303225
0.281882
0.241575
0.347431
0.277223
0.269554
0.250635
0.310239
0.202273
0.269914
0.271999
0.309058
0.234804
0.259652
0.266493
0.242417
0.184567
0.221483
0.248836
0.307431
0.263198
0.207926
0.181297
0.258646
0.166827
0.233568
0.228474
0.216219
0.187143
0.229026
0.155774
0.201232
0.153875
0.142064
0.158228
0.176815
0.123939
0.145723
0.129080
0.139246
0.091790
0.135093
0.112521
0.105837
0.116157
0.118130
0.087418
0.134524
0.121519
0.079554
0.061577
0.159288
0.125501
0.086320
0.079037
0.127822
0.086052
0.123447
0.094870
0.111764
0.088864
0.137941
0.077753
0.151207
0.140860
0.133527
0.106774
0.170084
0.152226
0.165083
0.131856
0.183784
0.126940
0.195739
0.157273
0.172265
0.154023
0.200307
0.187678
0.210541
0.215289
0.220778
0.226988
0.316268
0.236854
0.275967
0.238203
0.327567
0.290629
0.362932
0.324515
0.324600
0.266155
0.352175
0.308351
0.353076
0.383986
0.326049
0.313552
0.353093
0.305933
0.356980
0.337659
0.357596
0.328853
0.357673
0.357438
0.373459
0.310624
0.357505
0.334422
0.362021
0.324841
0.323362
0.344486
0.354464
0.337933
0.358503
0.358275
0.325844
0.321899
0.345240
0.361184
0.347835
0.345796
0.365653
0.294097
0.350359
0.378275
0.330755
0.331172
0.427996
0.413780
0.407406
0.348382
0.499361
0.479897
0.513123
0.485384
0.528962
0.482076
0.567786
0.576681
0.595483
0.604647
0.629976
0.638234
0.687540
0.625631
0.684848
0.638226
0.678623
0.630558
0.698459
0.666020
0.701327
0.635949
0.678429
0.663195
0.665935
0.634777
0.668909
0.644446
0.696052
0.623260
0.676960
0.629057
0.651430
0.591590
0.649540
0.632198
0.649723
0.579129
0.624644
0.604374
0.604820
0.581837
0.579751
0.565506
0.642944
0.522850
0.627657
0.519725
0.568761
0.531487
0.554557
0.576049
0.604524
0.508636
0.535607
0.533329
0.527588
0.518917
0.533195
0.483102
0.556105
0.486327
0.522467
0.481526
0.486021
0.427043
0.498251
0.455409
0.501310
0.416946
0.455408
0.416021
0.429587
0.373731
0.374758
0.366989
0.453579
0.375406
0.424961
0.379837
0.425590
0.424348
0.436410
0.425159
0.484858
0.410717
0.467593
0.452871
0.506554
0.509795
0.510939
0.479508
0.534574
0.505993
0.571294
0.488170
0.609447
0.563577
0.580490
0.562889
0.586714
0.524413
0.605840
0.604406
0.574155
0.557475
0.601640
0.553642
0.617609
0.519694
0.567550
0.494530
0.521089
0.471677
0.485105
0.444823
0.472548
0.446418
0.434694
0.373072
0.354800
0.339088
0.361068
0.368728
0.359040
0.343493
0.348759
0.284420
0.345667
0.266953
0.331303
0.324009
0.331273
0.282144
0.333269
0.301077
0.332421
0.265845
0.282720
0.290832
0.385324
0.331137
0.360881
0.314981
0.369225
0.373052
0.430625
0.399490
0.393266
0.359508
0.414165
0.399594
0.464863
0.455208
0.453469
0.445085
0.552954
0.486423
0.559735
0.491421
0.569832
0.527079
0.580720
0.588273
0.608419
0.543710
0.610751
0.614161
0.615928
0.586803
0.639026
0.610506
0.689700
0.643229
0.675544
0.572950
0.667759
0.589705
0.631518
0.612855
0.674358
0.609916
0.635957
0.607592
0.640245
0.607173
0.639118
0.649685
0.670139
0.605051
0.660509
0.602705
0.658668
0.621557
0.666574
0.637814
0.671533
0.600094
0.653898
0.629062
0.659267
0.625982
0.604739
0.619580
0.671866
0.560091
0.624801
0.558390
0.586906
0.524902
0.561215
0.541593
0.544633
0.519459
0.505955
0.494059
0.503053
0.425654
0.441461
0.456740
0.530642
0.447144
0.505159
0.459586
0.508745
0.456788
0.525530
0.499316
0.563284
0.509075
0.539496
0.507319
0.545541
0.506920
0.552862
0.572561
0.621460
0.549681
0.631034
0.527149
0.568612
0.556372
0.552578
0.558201
0.626060
0.514858
0.557568
0.577345
0.536270
0.556214
0.552916
0.573116
0.572679
0.514594
0.570680
0.501067
0.518162
0.468168
0.512158
0.495439
0.508728
0.431067
0.450287
0.425716
0.429294
0.394231
0.338774
0.332076
0.415478
0.350384
0.382768
0.330142
0.408315
0.374053
0.432324
0.389174
0.392911
0.365884
0.439730
0.427849
0.415927
0.355221
0.383270
0.381102
0.410282
0.365562
0.389610
0.326467
0.382130
0.353732
0.391853
0.397924
0.400665
0.352745
0.440191
0.392388
0.439349
0.442820
0.424553
0.435513
0.333808
0.363146
0.338207
0.329690
0.268812
0.212480
0.298409
0.302914
0.239954
0.282384
0.174135
0.119975
0.157430
0.139146
0.017308
