0.013316
0.086652
0.041862
0.067484
0.014749
0.114583
0.083002
0.054714
0.046126
0.063687
-0.010157
0.049355
0.049704
0.074415
0.035386
0.036482
0.041477
0.096822
0.051942
0.051755
0.031691
0.077244
0.037941
0.075854
0.042236
0.063375
0.005407
0.051776
0.042209
0.071488
0.029395
0.055280
0.037371
0.063544
0.045482
0.068163
0.018835
0.061290
0.034383
0.088572
0.073441
0.048689
0.019476
0.066972
0.053054
0.065534
0.056815
0.057504
0.046163
0.118168
0.071482
0.088839
0.052606
0.092488
0.051262
0.101321
0.076444
0.089788
0.061986
0.103805
0.055636
0.099676
0.089743
0.103189
0.107320
0.151320
0.093644
0.114342
0.085459
0.131042
0.086049
0.107500
0.116736
0.114920
0.071964
0.118665
0.078641
0.128012
0.082699
0.084492
0.080528
0.139117
0.075320
0.100356
0.083386
0.116545
0.048341
0.093857
0.058515
0.072351
0.044507
0.078090
0.038296
0.091202
0.056994
0.020624
0.044897
0.096693
0.022100
0.073061
0.019450
0.056145
0.017909
0.065401
0.035664
0.062022
-0.007712
0.044693
0.025900
0.062106
-0.003073
0.020516
0.031043
0.051960
0.024371
0.060668
0.001187
0.037830
0.016502
0.047663
-0.002002
0.053599
0.002052
0.014731
0.009772
0.071885
0.027946
-0.003697
0.032782
0.058628
0.012874
0.054478
-0.017872
0.025268
0.024009
0.054807
0.001980
0.069255
-0.007351
0.017014
0.000478
0.050583
0.006038
0.011245
0.029308
0.074151
0.030954
0.047663
-0.003487
0.040644
0.022771
0.052316
0.009869
0.059167
-0.005921
0.040275
0.028335
0.051039
0.020296
0.033582
0.022675
0.076016
0.030898
0.054709
0.010757
0.052551
0.025754
0.072949
0.018955
0.051727
-0.002235
0.050591
0.034649
0.065369
0.031875
0.042385
0.018372
0.061240
0.033782
0.058378
0.000884
0.052516
0.033178
0.064916
0.016833
0.062725
0.023427
0.027094
0.020442
0.057457
0.016309
0.022194
0.027505
0.074058
0.041710
0.038054
-0.002559
0.044399
0.033742
0.055574
0.010114
0.045460
-0.010505
0.044034
0.030572
0.055194
0.040440
0.033304
0.043095
0.078860
0.055660
0.073859
0.006398
0.079978
0.059889
0.063065
0.060971
0.054754
0.020094
0.062188
0.066888
0.067223
0.076406
0.041581
0.063204
0.127008
0.055213
0.092046
0.062240
0.109766
0.073209
0.119960
0.104629
0.098307
0.071352
0.114262
0.069907
0.135686
0.090611
0.109348
0.115636
0.151325
0.136455
0.122259
0.117322
0.165364
0.106842
0.165773
0.125109
0.122244
0.095490
0.152585
0.139902
0.155293
0.124606
0.164088
0.127369
0.255090
0.206338
0.226537
0.199445
0.257035
0.224534
0.288069
0.268403
0.248364
0.228677
0.308112
0.279733
0.301779
0.289699
0.308539
0.336008
0.364597
0.337257
0.349012
0.300476
0.393958
0.388710
0.385478
0.377582
0.380397
0.341790
0.419755
0.358797
0.426682
0.417793
0.425637
0.383020
0.440564
0.392567
0.448158
0.356396
0.407876
0.356000
0.368110
0.371940
0.418553
0.353221
0.348175
0.339511
0.387596
0.346094
0.320033
0.342660
0.393783
0.390137
0.419319
0.337296
0.476598
0.453783
0.485567
0.461514
0.494087
0.445959
0.520212
0.511509
0.519727
0.497755
0.549256
0.533684
0.565701
0.528281
0.581359
0.490421
0.544170
0.473308
0.522871
0.539001
0.551979
0.472816
0.527196
0.538115
0.503430
0.497277
0.526073
0.542699
0.525050
0.441411
0.507889
0.453283
0.423351
0.368380
0.441116
0.379216
0.389796
0.354430
0.349333
0.301878
0.332137
0.277445
0.200599
0.224195
0.326570
0.267355
0.239197
0.190835
0.298936
0.215800
0.273485
0.298057
0.235661
0.223788
0.261824
0.188670
0.248016
0.196324
0.171355
0.184648
0.248652
0.167607
0.199164
0.173690
0.221711
0.161734
0.207806
0.197160
0.203204
0.178343
0.224660
0.190060
0.224813
0.180414
0.194474
0.187855
0.237555
0.176183
0.201917
0.172497
0.196549
0.121407
0.184689
0.159571
0.174168
0.142551
0.165000
0.133544
0.168562
0.147070
0.150772
0.123407
0.165208
0.118963
0.143759
0.136793
0.132904
0.079839
0.121281
0.122287
0.099490
0.103514
0.110829
0.084005
0.130546
0.100316
0.088884
0.083314
0.084986
0.090256
0.119934
0.084872
0.074558
0.043024
0.099222
0.082302
0.078579
0.060918
0.062017
0.051798
0.076067
0.062975
0.030536
0.055935
0.110104
0.042196
0.063122
0.031088
0.053121
0.028740
0.080690
0.045140
0.058464
0.028473
0.049882
0.034805
0.082754
0.026322
0.019940
0.033669
0.067045
0.026311
0.074971
0.019136
0.045873
0.024649
0.063035
0.020107
0.077155
0.004226
0.050343
0.014017
0.059205
0.036471
0.019953
0.035329
0.088574
0.019622
0.051166
0.008140
0.058753
0.048216
0.075949
0.041131
0.049976
0.009118
0.046643
0.041566
0.051102
0.035986
0.035200
0.038903
0.072794
0.020873
0.076369
0.010950
0.040137
0.045205
0.068691
0.024366
0.037577
0.020460
0.051227
0.051573
0.075772
0.052654
0.053701
0.056622
0.116223
0.054929
0.094866
0.080886
0.141556
0.096879
0.140213
0.107646
0.144944
0.081057
0.148816
0.123002
0.189107
0.171864
0.193739
0.171466
0.255709
0.188360
0.234684
0.176066
0.237204
0.209657
0.258566
0.238665
0.246108
0.215405
0.281402
0.261566
0.270486
0.253784
0.298318
0.291030
0.360653
0.355073
0.368778
0.322184
0.445343
0.392933
0.442097
0.409682
0.492364
0.411989
0.509432
0.496336
0.543977
0.536625
0.564930
0.588759
0.655034
0.612471
0.695129
0.655631
0.743282
0.700413
0.760819
0.759761
0.808888
0.759831
0.802643
0.798362
0.827147
0.807887
0.844111
0.855635
0.879045
0.805258
0.870210
0.832883
0.869143
0.825588
0.863163
0.851832
0.868206
0.808118
0.854413
0.842590
0.871159
0.849667
0.845173
0.836890
0.872931
0.808892
0.862194
0.815908
0.837898
0.823120
0.834972
0.834814
0.828021
0.778588
0.811751
0.811293
0.822415
0.812970
0.799618
0.788099
0.818606
0.770613
0.823527
0.775434
0.815904
0.795229
0.821115
0.804195
0.846898
0.793951
0.830442
0.819507
0.826626
0.816683
0.837865
0.844216
0.882671
0.846480
0.863684
0.829801
0.879476
0.830055
0.876239
0.871141
0.891443
0.839278
0.873238
0.850498
0.875956
0.854060
0.866455
0.869508
0.881734
0.832204
0.874852
0.838357
0.859147
0.813016
0.844430
0.844726
0.867247
0.799811
0.825187
0.819462
0.804333
0.772750
0.775826
0.787398
0.809165
0.725003
0.764094
0.706765
0.695532
0.621721
0.685692
0.658817
0.686994
0.590773
0.610426
0.558410
0.627181
0.540091
0.497180
0.519213
0.522780
0.422722
0.539368
0.507190
0.472235
0.453028
0.485494
0.473551
0.483277
0.442368
0.474038
0.440536
0.452988
0.398077
0.414533
0.414001
0.468654
0.408310
0.428469
0.380416
0.436364
0.371466
0.429903
0.425866
0.434155
0.380074
0.376274
0.370407
0.380603
0.353627
0.374187
0.346031
0.392249
0.338649
0.352592
0.300571
0.378715
0.299173
0.335215
0.284001
0.306182
0.299894
0.313753
0.270163
0.275324
0.237828
0.245061
0.268928
0.252089
0.203671
0.181762
0.159990
0.133960
0.058841
0.131898
0.131936
0.110482
0.093979
0.103428
0.070948
0.096126
0.048129
0.021075
0.046562
0.098213
0.042436
0.060183
0.019508
0.063702
0.023750
0.044505
0.036489
0.072567
0.011009
0.051156
0.012854
0.078646
0.029669
0.017958
0.039501
0.074900
0.023298
0.060395
0.001695
0.047220
0.017890
0.052882
0.012759
0.059428
0.004676
0.051890
0.014002
0.063736
-0.000077
0.032199
0.034340
0.081145
0.042945
0.049991
-0.011696
0.055450
0.014094
0.069297
0.013434
0.053760
-0.009885
0.047014
0.030272
0.074821
0.018464
0.029480
0.037592
0.080003
0.032728
0.050350
0.021724
0.046934
0.029698
0.063529
0.042112
0.055915
-0.011419
0.046189
0.039368
0.082165
0.036753
0.029733
0.054803
0.074717
0.025618
0.072057
0.012695
0.076530
0.049179
0.063566
0.046438
0.042110
0.016321
0.057310
0.063071
0.074864
0.046713
0.065453
0.053404
0.118809
0.074566
0.098093
0.067976
0.101950
0.050228
0.133246
0.118723
0.104312
0.052289
0.136223
0.094093
0.127438
0.118132
0.121592
0.105397
0.162808
0.119114
0.145659
0.135257
0.178859
0.147105
0.216060
0.165127
0.207361
0.137354
0.229927
0.196669
0.216394
0.234965
0.217826
0.246977
0.271875
0.240275
0.257023
0.219655
0.319978
0.304648
0.319079
0.315211
0.300717
0.285560
0.365360
0.358367
0.391273
0.366989
0.399723
0.400362
0.433424
0.380822
0.427585
0.379412
0.455487
0.458612
0.457322
0.414225
0.424278
0.422489
0.472150
0.444173
0.474940
0.472985
0.473558
0.443971
0.514555
0.483192
0.516764
0.452414
0.522264
0.446998
0.516955
0.509710
0.577667
0.482832
0.518979
0.539724
0.511980
0.483713
0.524683
0.552106
0.578183
0.508986
0.565655
0.518067
0.554085
0.516791
0.574553
0.523206
0.566731
0.539265
0.557435
0.576481
0.582315
0.580664
0.593105
0.624151
0.626980
0.598287
0.658660
0.590937
0.665290
0.624343
0.667377
0.632790
0.711676
0.646466
0.684459
0.660183
0.707948
0.658527
0.673554
0.675545
0.735603
0.661679
0.726934
0.660434
0.694062
0.674116
0.716956
0.694884
0.738688
0.673694
0.704445
0.717252
0.733517
0.667590
0.701715
0.691020
0.758427
0.686212
0.713165
0.660843
0.685541
0.663315
0.703120
0.685039
0.716369
0.611347
0.634764
0.644719
0.611698
0.567657
0.540259
0.556584
0.640872
0.555718
0.605076
0.546773
0.571871
0.484031
0.571762
0.549599
0.608209
0.536835
0.551578
0.519736
0.521077
0.477027
0.510506
0.526835
0.595401
0.546661
0.588629
0.524595
0.589148
0.549228
0.580396
0.573763
0.645376
0.601976
0.629174
0.625843
0.608939
0.595702
0.639737
0.630507
0.698844
0.599547
0.655797
0.592385
0.587644
0.546060
0.626773
0.562674
0.627902
0.536589
0.550200
0.538667
0.531446
0.518005
0.492609
0.478688
0.543012
0.450715
0.510530
0.418123
0.508247
0.433515
0.467348
0.432308
0.459778
0.404668
0.449975
0.406598
0.462166
0.452668
0.391333
0.425577
0.357479
0.304374
0.336337
0.283716
0.246667
0.252075
0.296587
0.260589
0.204122
0.267049
0.179248
0.131590
0.165864
0.138837
0.016460
