0.014180
0.096928
0.052495
0.079912
0.009988
0.143191
0.120784
0.081906
0.069787
0.085207
0.020341
0.081270
0.058002
0.086926
0.076621
0.060929
0.067095
0.143442
0.098797
0.077138
0.101079
0.092437
0.061280
0.093147
0.076701
0.050859
0.066502
0.089708
0.073456
0.104045
0.084519
0.048716
0.036449
0.119785
0.054235
0.092108
0.038761
0.106013
0.062220
0.098147
0.080774
0.086909
0.053746
0.065584
0.069952
0.087938
0.066398
0.063170
0.084385
0.141350
0.090041
0.096992
0.055074
0.120126
0.064341
0.110925
0.093098
0.079058
0.050579
0.074724
0.063947
0.119899
0.110788
0.054777
0.057912
0.127732
0.061420
0.089836
0.064366
0.104248
0.041929
0.103055
0.081965
0.095967
0.024318
0.085290
0.076592
0.111128
0.083740
0.069933
0.056630
0.088625
0.069119
0.088673
0.036153
0.058813
0.040504
0.088335
0.085578
0.057600
0.041642
0.066900
0.053660
0.075146
0.064719
0.052974
0.057905
0.081897
0.043794
0.089457
0.039910
0.062534
0.045945
0.058132
0.042899
0.054669
0.040272
0.066624
0.065177
0.081433
0.042607
0.025110
0.046382
0.055692
0.029531
0.080456
0.010078
0.036407
0.006828
0.055526
0.014479
0.062581
0.002426
0.041130
0.018772
0.068996
0.018763
0.014919
0.030265
0.034372
0.017766
0.065767
-0.005166
0.042209
0.026773
0.055748
0.025566
0.071877
-0.021554
0.022430
0.018564
0.060809
-0.000104
0.035909
0.026863
0.074779
0.028043
0.062622
0.020187
0.048441
0.033873
0.050633
0.023946
0.055463
0.020482
0.029177
0.027297
0.083509
0.030907
0.051035
0.026340
0.041018
0.026785
0.056453
0.015970
0.046617
0.031556
0.056753
0.020017
0.058654
-0.004140
0.019857
0.026021
0.056621
0.011383
-0.004023
0.031463
0.067704
0.021395
0.055991
0.004043
0.041217
0.019460
0.044146
0.004820
0.044722
-0.000881
0.051378
0.022010
0.056441
0.017672
0.026326
0.022458
0.046957
0.010742
0.059073
-0.000605
0.032913
0.009781
0.071923
0.003015
0.045177
-0.021584
0.028358
0.016520
0.059437
0.023742
0.015635
0.024620
0.064813
0.019908
0.055133
0.001601
0.051229
0.034160
0.056790
0.030695
0.056836
-0.001827
0.052670
0.025080
0.054580
0.024769
0.014245
0.047322
0.102536
0.056509
0.055633
0.041036
0.103372
0.055445
0.094799
0.063325
0.072111
0.045324
0.091416
0.064905
0.117787
0.087059
0.111388
0.146441
0.199656
0.153880
0.140267
0.125125
0.211104
0.161042
0.213055
0.182923
0.160122
0.129689
0.229968
0.162601
0.166361
0.151907
0.182041
0.186478
0.253082
0.180715
0.190737
0.166255
0.247227
0.184224
0.208283
0.209283
0.200039
0.148277
0.221861
0.186855
0.209597
0.209607
0.184052
0.163146
0.234199
0.194927
0.235713
0.215741
0.291783
0.222020
0.278456
0.270598
0.286644
0.241196
0.308452
0.303275
0.342745
0.346111
0.358505
0.335073
0.418423
0.398731
0.432265
0.325418
0.461273
0.389676
0.467385
0.475116
0.482210
0.419639
0.487537
0.490711
0.494333
0.477067
0.478839
0.485584
0.583611
0.522668
0.585794
0.527783
0.600278
0.557028
0.607840
0.599629
0.672453
0.565094
0.633769
0.629199
0.662264
0.624346
0.666716
0.643714
0.685982
0.611600
0.667725
0.623986
0.669477
0.632660
0.633858
0.603235
0.678111
0.587779
0.622212
0.617127
0.567144
0.543605
0.578417
0.542863
0.621975
0.514936
0.554579
0.466600
0.531108
0.486885
0.500946
0.474649
0.515479
0.416974
0.454853
0.436885
0.443876
0.374143
0.394156
0.383988
0.428092
0.396871
0.416627
0.355937
0.401862
0.371046
0.439199
0.403204
0.426736
0.380446
0.422659
0.368412
0.416921
0.414122
0.414973
0.395135
0.439172
0.360293
0.416681
0.352652
0.434734
0.379777
0.407230
0.385827
0.364734
0.326241
0.383205
0.356763
0.373512
0.348493
0.311185
0.292465
0.328361
0.338376
0.293064
0.227206
0.302415
0.252653
0.287555
0.284691
0.285070
0.259610
0.281611
0.245637
0.289950
0.269648
0.245012
0.252331
0.305863
0.256711
0.275988
0.259404
0.273554
0.238745
0.301060
0.307707
0.266674
0.242948
0.295522
0.255182
0.294948
0.250106
0.300892
0.223241
0.308793
0.304514
0.263087
0.218712
0.297524
0.278316
0.307111
0.271274
0.273917
0.250464
0.290205
0.227024
0.282475
0.224481
0.261030
0.240836
0.274234
0.207149
0.247948
0.221053
0.261812
0.226315
0.269178
0.235465
0.231710
0.195772
0.257842
0.201310
0.255307
0.197802
0.214699
0.178008
0.324352
0.261225
0.283298
0.253735
0.361182
0.314179
0.346984
0.325703
0.389404
0.371227
0.403309
0.395620
0.457838
0.439125
0.476258
0.489118
0.511848
0.440782
0.516291
0.427847
0.527241
0.499692
0.505835
0.481930
0.478764
0.441633
0.540250
0.515901
0.538705
0.502426
0.522058
0.505553
0.606439
0.536293
0.568579
0.532580
0.609242
0.576094
0.627442
0.598060
0.647361
0.565489
0.651799
0.635156
0.635630
0.652727
0.665807
0.655655
0.730559
0.693128
0.728524
0.676764
0.757644
0.713512
0.774617
0.766242
0.763638
0.719671
0.782434
0.760176
0.787439
0.792647
0.793125
0.770702
0.834290
0.773565
0.822070
0.781481
0.812339
0.777638
0.804265
0.792058
0.833778
0.775663
0.803568
0.805039
0.816529
0.797918
0.816723
0.800514
0.850932
0.785062
0.833610
0.807204
0.846345
0.813093
0.849983
0.829113
0.852229
0.819307
0.856327
0.833755
0.878127
0.856917
0.867132
0.875271
0.898547
0.844421
0.901443
0.869315
0.879628
0.858088
0.901120
0.891940
0.908410
0.861622
0.870784
0.864082
0.886664
0.862482
0.868574
0.877707
0.896259
0.828771
0.878149
0.844194
0.874054
0.808258
0.856950
0.859062
0.871336
0.814798
0.825295
0.816914
0.795414
0.787984
0.792486
0.775939
0.809375
0.747444
0.804980
0.738141
0.773280
0.728279
0.758724
0.721749
0.792109
0.716549
0.731937
0.708300
0.734718
0.695842
0.713412
0.714080
0.752890
0.683399
0.751273
0.706735
0.719956
0.673612
0.743155
0.717753
0.757568
0.702422
0.704365
0.700002
0.711775
0.721229
0.697966
0.692445
0.733897
0.631491
0.707868
0.652850
0.647268
0.617102
0.637846
0.620769
0.657646
0.569526
0.600760
0.595841
0.582533
0.512343
0.552819
0.534043
0.579969
0.567952
0.551207
0.486844
0.531444
0.478327
0.532853
0.523794
0.540981
0.479688
0.523878
0.476656
0.477312
0.435094
0.485926
0.470507
0.491998
0.428797
0.458405
0.363904
0.452485
0.433265
0.429340
0.373032
0.418042
0.380726
0.410155
0.366050
0.418773
0.392384
0.377855
0.381008
0.409086
0.379617
0.383467
0.338252
0.380185
0.338185
0.396232
0.356716
0.401190
0.361715
0.363626
0.314407
0.348821
0.309919
0.315186
0.318663
0.353108
0.296614
0.313028
0.246912
0.346075
0.285794
0.338538
0.282504
0.272996
0.248573
0.308653
0.279739
0.307445
0.264668
0.256200
0.293045
0.321407
0.292059
0.305190
0.294917
0.335759
0.304991
0.340532
0.317131
0.336617
0.278393
0.319651
0.333795
0.355820
0.328084
0.323559
0.302278
0.391481
0.323243
0.334827
0.307622
0.376250
0.354427
0.390297
0.356072
0.402847
0.375560
0.365159
0.339838
0.398961
0.399767
0.413013
0.396688
0.409314
0.394621
0.451598
0.348077
0.396677
0.401370
0.475320
0.403701
0.402497
0.374305
0.422728
0.376699
0.425365
0.396118
0.376421
0.363592
0.444589
0.323703
0.353010
0.307668
0.369893
0.334975
0.370753
0.348503
0.291841
0.291442
0.341345
0.291242
0.325081
0.295548
0.288007
0.269914
0.314214
0.251123
0.252202
0.206499
0.271792
0.188355
0.237557
0.248568
0.226710
0.190491
0.218400
0.181903
0.223151
0.156308
0.159100
0.154040
0.219633
0.170397
0.178745
0.147161
0.178433
0.102733
0.196957
0.166739
0.160421
0.130065
0.179862
0.117526
0.173836
0.139250
0.110317
0.107440
0.120606
0.093283
0.132363
0.097654
0.102098
0.079364
0.119845
0.097603
0.089966
0.057202
0.096313
0.053771
0.120258
0.087646
0.049379
0.039561
0.084489
0.036969
0.075518
0.012055
0.054634
0.011017
0.049962
0.021863
0.058987
0.021308
0.026039
0.026253
0.054696
0.021757
0.028604
0.028826
0.057584
0.034880
0.055364
-0.008625
0.044373
0.011094
0.038065
0.001349
0.067469
-0.002189
0.017368
0.026783
0.058056
0.001917
-0.002743
0.022793
0.046870
0.021703
0.055530
-0.026944
0.036134
0.010466
0.034663
-0.013297
0.050690
-0.023400
0.022326
0.009481
0.060500
-0.001448
0.000266
0.021907
0.054254
0.020585
0.040813
-0.020756
0.042739
0.029902
0.026070
-0.018076
0.060342
-0.015276
0.032352
0.020624
0.053366
-0.000323
0.002729
0.016343
0.059255
0.013348
0.052978
-0.018716
0.031339
0.004731
0.035633
-0.032086
0.079486
-0.011940
0.015456
0.017178
0.067479
-0.009750
0.002456
0.014058
0.063654
0.023039
0.047320
-0.009586
0.035129
-0.003071
0.056846
-0.011364
0.054185
-0.029014
0.024620
0.004173
0.052503
-0.018741
0.019408
0.014650
0.061723
0.021750
0.064828
-0.016140
0.039110
0.010261
0.041305
-0.010727
0.069765
-0.026010
0.021317
0.012720
0.054706
0.001017
0.006178
0.025730
0.061191
0.036290
0.047093
-0.020438
0.041925
0.006955
0.033960
0.005898
0.060256
-0.001202
0.030831
0.014204
0.063422
0.001608
-0.004207
0.017824
0.069726
0.028616
0.046388
-0.017656
0.051244
0.021676
0.028865
-0.010641
0.062624
-0.003105
0.031272
0.009771
0.055458
-0.007617
0.012418
0.012529
0.081015
0.029420
0.048172
-0.022180
0.054314
0.009797
0.041642
-0.003616
0.056958
-0.018121
0.029065
0.009252
0.060152
-0.009857
0.019142
0.032807
0.057077
0.014419
0.039309
-0.015652
0.050010
0.022457
0.040513
-0.014711
0.064788
-0.001855
0.030881
0.019775
0.038885
0.018738
0.016280
0.029192
0.078358
0.041701
0.040255
-0.001140
0.056813
0.035336
0.069073
0.020084
0.045809
0.011081
0.041044
0.027325
0.051669
0.018608
0.010957
0.045805
0.059166
0.018591
0.070649
0.018485
0.048013
0.018846
0.068828
0.017908
0.033569
0.005746
0.052983
0.056112
0.065747
0.024462
0.038054
0.043543
0.081275
0.054524
0.073127
0.037564
0.037382
0.017137
0.110920
0.080939
0.107039
0.095943
0.053620
0.028191
0.060889
0.055837
0.007647
