0.012659
0.063076
0.033582
0.053047
0.022434
0.069927
0.031302
0.050036
0.017591
0.056722
0.006295
0.032058
0.023752
0.047890
0.011241
0.004512
0.038396
0.075449
0.019640
0.058330
0.008657
0.038044
0.013419
0.066380
0.012906
0.056402
0.009375
0.047446
0.018523
0.061057
0.016362
0.015566
0.011923
0.051944
0.029956
0.054753
-0.009605
0.051581
0.030310
0.036360
0.007930
0.051414
0.007209
0.034733
0.024410
0.054302
0.022257
0.036208
0.028569
0.043396
0.003967
0.061162
0.006082
0.042532
0.022751
0.049896
-0.002527
0.055977
0.002612
0.026034
0.022793
0.050590
0.014050
0.005085
0.020445
0.053038
0.026738
0.047001
-0.004634
0.038395
0.014870
0.039204
-0.002201
0.056897
0.019773
0.027496
0.013547
0.051624
0.005062
0.009128
0.025596
0.060585
0.029578
0.054627
-0.007340
0.045571
0.014197
0.048533
0.017083
0.041966
-0.005545
0.024078
0.027405
0.056671
0.003597
0.025810
0.020946
0.045324
0.012983
0.051484
0.001507
0.049778
0.014028
0.042259
0.005707
0.067624
0.007007
0.042427
0.021948
0.064420
0.009702
0.017264
0.021481
0.066094
0.022755
0.052635
0.008759
0.050184
0.012172
0.045840
0.000148
0.054803
0.008475
0.041453
0.019259
0.069423
-0.004640
0.015528
0.021963
0.057124
0.032001
0.037928
-0.018049
0.049097
0.021565
0.049288
0.005049
0.037268
-0.005683
0.022652
0.017829
0.057853
0.017915
-0.000325
0.021902
0.060750
0.014532
0.060378
-0.014182
0.036467
0.016106
0.055299
-0.008911
0.056361
-0.006252
0.018288
0.011334
0.055769
0.024209
0.008242
0.018888
0.056866
0.035251
0.067073
-0.008031
0.029659
0.019945
0.055460
-0.000602
0.054663
-0.003413
0.033592
0.013249
0.057274
-0.003878
0.014570
0.020703
0.065706
0.024466
0.047189
-0.013649
0.042544
0.015963
0.050586
0.012019
0.059255
-0.014617
0.051983
0.019832
0.048186
-0.000484
0.022756
0.011917
0.080712
0.039207
0.056584
0.000674
0.047815
0.037292
0.061851
0.011337
0.050114
-0.010025
0.048227
0.029180
0.054462
0.028782
0.020776
0.046351
0.081342
0.047991
0.045083
0.019526
0.076362
0.047948
0.067264
0.050504
0.051894
0.048356
0.074420
0.068244
0.096828
0.071894
0.061219
0.064686
0.155972
0.070429
0.101555
0.085248
0.173601
0.094806
0.125041
0.141193
0.108413
0.080231
0.147484
0.113527
0.148655
0.106577
0.101402
0.092657
0.146574
0.073389
0.097314
0.093333
0.110991
0.066190
0.096373
0.100493
0.109973
0.068893
0.089997
0.047854
0.125755
0.088829
0.060705
0.050585
0.070426
0.054757
0.078607
0.053822
0.074353
0.053359
0.079221
0.035277
0.071041
0.026085
0.050574
0.055595
0.069781
0.040874
0.031580
0.044782
0.098584
0.042656
0.071720
0.017551
0.057095
0.042981
0.064767
0.058085
0.058376
0.038210
0.063302
0.049705
0.059859
0.049272
0.047822
0.052471
0.122056
0.060609
0.076610
0.033313
0.118930
0.058280
0.079608
0.092798
0.080412
0.030683
0.100689
0.059546
0.101889
0.075517
0.054573
0.079088
0.150634
0.064970
0.104138
0.088554
0.120919
0.074882
0.114013
0.070234
0.072632
0.065080
0.116358
0.092328
0.130827
0.095823
0.067956
0.077020
0.150359
0.086909
0.122008
0.086388
0.128946
0.059268
0.131978
0.101759
0.092579
0.068640
0.108441
0.082466
0.125319
0.095820
0.058184
0.072005
0.161243
0.102111
0.109510
0.068072
0.144790
0.068946
0.104753
0.109639
0.087621
0.061565
0.112787
0.062710
0.094580
0.073288
0.082619
0.068502
0.114351
0.092770
0.081079
0.050445
0.115792
0.032627
0.097915
0.084474
0.074702
0.029383
0.064721
0.050564
0.110397
0.088392
0.038425
0.054901
0.085747
0.041000
0.095778
0.062629
0.081566
0.052906
0.079974
0.071351
0.078111
0.024395
0.096127
0.059216
0.107250
0.088883
0.051098
0.074277
0.108831
0.066904
0.109524
0.056319
0.081139
0.055586
0.103530
0.081183
0.091152
0.064115
0.100878
0.049920
0.083531
0.073578
0.058825
0.060464
0.098733
0.069543
0.080534
0.047091
0.073194
0.038518
0.074453
0.051722
0.066358
0.027749
0.062645
0.041483
0.099284
0.057951
0.044731
0.040330
0.088503
0.044713
0.076988
0.033886
0.064793
0.041853
0.100926
0.070293
0.047419
0.018264
0.079347
0.066767
0.085993
0.061274
0.064913
0.058697
0.097659
0.075041
0.084881
0.039793
0.102437
0.048222
0.093085
0.088619
0.094967
0.058398
0.068928
0.046102
0.106374
0.076273
0.065454
0.064198
0.093426
0.050740
0.075786
0.044953
0.085080
0.055740
0.091105
0.055231
0.052317
0.040885
0.068951
0.046607
0.093798
0.051847
0.038243
0.051713
0.121442
0.055431
0.078681
0.032258
0.077239
0.036006
0.077000
0.052138
0.065589
0.021368
0.067723
0.050931
0.084462
0.050857
0.032687
0.032927
0.101862
0.054925
0.058120
0.012968
0.045832
0.022747
0.067313
0.047306
0.054471
0.035875
0.042668
0.026401
0.076392
0.023261
0.011438
0.048603
0.070368
0.019039
0.052620
-0.005511
0.061293
0.052150
0.050071
0.000132
0.051550
0.006792
0.035790
0.032891
0.063885
0.021606
0.005042
0.021298
0.076426
0.038238
0.057443
0.001766
0.054261
0.030028
0.062186
0.033305
0.058202
-0.000353
0.056970
0.053332
0.057023
0.030471
0.038112
0.049257
0.088256
0.045913
0.062731
0.025915
0.065979
0.051171
0.068886
0.059818
0.064752
0.026086
0.055422
0.053227
0.072615
0.066358
0.045019
0.056492
0.113076
0.054837
0.087883
0.044031
0.107989
0.055913
0.120453
0.055142
0.067386
0.053878
0.117349
0.053917
0.120126
0.093004
0.064479
0.058331
0.100208
0.079065
0.094130
0.055113
0.102948
0.039870
0.082938
0.071302
0.102574
0.082724
0.104633
0.063972
0.093840
0.075196
0.099187
0.081199
0.121109
0.091262
0.112420
0.075425
0.106985
0.067106
0.133088
0.129381
0.124762
0.082414
0.107421
0.061168
0.146825
0.086359
0.067788
0.057668
0.137476
0.085988
0.103230
0.078737
0.157724
0.079945
0.122451
0.094860
0.100266
0.087490
0.136639
0.101324
0.153159
0.152394
0.139484
0.116919
0.147480
0.104718
0.142138
0.112032
0.130483
0.117247
0.134794
0.137538
0.093784
0.101974
0.109703
0.086910
0.156307
0.088623
0.065339
0.066881
0.111142
0.078416
0.105398
0.069442
0.099194
0.059182
0.084544
0.064717
0.067402
0.063219
0.074359
0.044519
0.102726
0.060240
0.021059
0.037686
0.092225
0.040888
0.065604
0.031857
0.073175
0.021764
0.062823
0.053507
0.068145
0.025623
0.062438
0.027109
0.087551
0.035998
0.032970
0.045460
0.092379
0.046872
0.051559
0.015306
0.062995
0.025041
0.071985
0.032062
0.060844
0.015155
0.033579
0.017652
0.078251
0.039093
0.011940
0.028037
0.062377
0.020634
0.064648
0.006612
0.053494
0.001535
0.063940
0.010226
0.056853
-0.021248
0.043864
0.015800
0.065709
0.006876
0.021818
0.008383
0.054653
0.018596
0.040840
-0.017476
0.034658
0.008906
0.043549
-0.012989
0.059447
-0.016534
0.015139
-0.005976
0.058027
-0.002453
-0.005258
0.012657
0.055753
0.011784
0.044622
-0.044485
0.056195
0.007801
0.021330
-0.013825
0.067196
-0.025657
0.010678
0.013231
0.063305
-0.002079
-0.007258
0.005360
0.049847
0.022492
0.046106
-0.020783
0.029978
-0.004124
0.033595
-0.018048
0.072601
-0.011644
0.015663
-0.003200
0.054406
-0.002486
0.012456
0.019913
0.057832
0.012845
0.051339
-0.027976
0.032376
-0.009239
0.041278
-0.026151
0.067741
-0.036321
0.005480
0.022357
0.062331
0.004996
-0.010532
0.011793
0.057958
0.012858
0.045501
-0.013128
0.036445
-0.000773
0.035819
-0.027829
0.074956
-0.020836
0.017069
-0.008327
0.060362
-0.007083
-0.010958
0.009547
0.060994
0.012253
0.044126
-0.024144
0.031904
0.001289
0.042798
-0.037736
0.086503
-0.022264
0.003362
-0.016745
0.047842
0.012197
-0.006552
0.006799
0.064542
0.007064
0.034946
-0.021437
0.042802
-0.006766
0.034857
-0.021374
0.046302
-0.021850
0.018698
0.010334
0.054081
-0.011864
0.002878
0.003741
0.056483
0.016771
0.043888
-0.042533
0.056075
0.004382
0.024570
-0.019448
0.055570
-0.028024
0.017150
0.016196
0.055338
0.002882
0.003044
0.016206
0.065257
0.020391
0.050087
-0.010518
0.042001
0.021004
0.042023
-0.012823
0.056905
-0.012961
0.026054
0.024931
0.049258
0.013926
0.028353
0.022507
0.053980
0.024255
0.050414
0.001705
0.054999
0.033459
0.062532
0.012283
0.045875
0.008746
0.049394
0.049261
0.050612
0.030669
0.038824
0.029422
0.082439
0.029021
0.061726
0.015564
0.066420
0.036398
0.065466
0.033548
0.057872
0.013579
0.070358
0.052769
0.067154
0.054580
0.037821
0.048973
0.143477
0.083264
0.086297
0.054699
0.151526
0.098774
0.116692
0.092994
0.118090
0.103128
0.114708
0.126023
0.143123
0.089795
0.120963
0.140806
0.207475
0.150001
0.135712
0.091828
0.157881
0.076821
0.139066
0.149406
0.126911
0.108505
0.167282
0.147982
0.145382
0.096026
0.108335
0.111726
0.173098
0.112942
0.132978
0.114704
0.123539
0.047737
0.121501
0.116950
0.103695
0.093740
0.102759
0.061880
0.083794
0.074947
0.030483
0.047916
0.127827
0.089819
0.085715
0.054798
0.136118
0.058090
0.114384
0.088571
0.081078
0.066060
0.091908
0.072673
0.104343
0.092828
0.103483
0.101845
0.176795
0.126660
0.134454
0.102810
0.201232
0.134702
0.173727
0.161459
0.162246
0.140082
0.195628
0.181536
0.215089
0.218469
0.220455
0.206831
0.196138
0.138243
0.221579
0.207980
0.231291
0.165473
0.194095
0.155962
0.162174
0.155067
0.204067
0.183116
0.214594
0.136206
0.115554
0.125770
0.217752
0.136170
0.134380
0.105062
0.162315
0.118083
0.145675
0.136591
0.125841
0.106803
0.157904
0.132179
0.180850
0.155017
0.087841
0.100346
0.182344
0.118699
0.153035
0.138556
0.178422
0.126369
0.194306
0.165700
0.155530
0.149333
0.205606
0.143508
0.177904
0.136692
0.125165
0.165479
0.233837
0.155105
0.179731
0.161609
0.210640
0.154980
0.217986
0.200840
0.214578
0.184863
0.240402
0.209479
0.240573
0.211992
0.275120
0.264405
0.218144
0.189758
0.205972
0.182216
0.145592
0.150458
0.165679
0.183421
0.174721
0.202555
0.126882
0.079191
0.106041
0.100023
0.015952
