0.011920
0.073893
0.031352
0.055507
0.034432
0.091733
0.055942
0.049559
0.015336
0.074061
0.006667
0.045791
0.030956
0.065563
0.022257
0.038883
0.030279
0.073233
0.045937
0.071041
0.001939
0.059466
0.039242
0.057761
0.047977
0.048851
0.015614
0.058754
0.043592
0.080751
0.039298
0.030704
0.022583
0.082096
0.040573
0.053097
0.032428
0.054442
0.007051
0.072476
0.017305
0.068745
0.021608
0.054577
0.017092
0.062307
0.030970
0.014587
0.033926
0.100567
0.049887
0.041524
-0.005665
0.070615
0.060105
0.077663
0.036579
0.047976
-0.004244
0.064131
0.047214
0.083265
0.047384
0.041592
0.046185
0.072311
0.035779
0.070905
0.008703
0.051324
0.049635
0.053223
0.017775
0.056125
0.011965
0.053964
0.023850
0.070780
0.043544
0.020857
0.038924
0.066883
0.012692
0.070967
0.010700
0.059629
0.016681
0.076907
0.026080
0.060812
0.019541
0.048492
0.022570
0.058723
0.028061
0.020679
0.023192
0.085869
0.015160
0.067057
0.009596
0.049051
0.019805
0.065476
0.041663
0.070700
0.030761
0.034851
0.026545
0.071103
0.023059
0.012992
0.033449
0.051808
0.034944
0.066672
0.014769
0.037816
0.028640
0.066789
0.017605
0.035790
-0.011638
0.057263
0.024820
0.070522
0.014243
0.023643
0.017143
0.061029
0.031512
0.056969
0.005591
0.047965
0.008849
0.057144
0.008959
0.052710
-0.005872
0.033577
0.009522
0.062694
0.019146
-0.005181
0.037877
0.054529
0.014574
0.046450
-0.007853
0.041762
0.022345
0.048670
0.007785
0.056656
-0.017175
0.019159
0.005073
0.073261
0.009729
0.004263
0.016425
0.081645
0.018039
0.044143
0.001394
0.045297
0.008254
0.059563
0.011531
0.073581
-0.010784
0.029170
0.029585
0.058199
-0.007609
0.015656
0.012646
0.071835
0.049411
0.029347
-0.005969
0.032974
0.019274
0.034277
-0.000290
0.055930
-0.016054
0.045769
0.034426
0.054916
-0.000074
0.026250
0.025559
0.056969
0.035175
0.048316
-0.007077
0.047630
0.023963
0.053358
-0.008885
0.052454
-0.024543
0.039852
0.034224
0.054498
0.020315
0.003594
0.022141
0.070796
0.034583
0.045699
-0.004530
0.043493
0.029147
0.041754
0.017070
0.062616
0.007426
0.031169
0.014312
0.064532
0.008731
0.003270
0.018654
0.088739
0.037431
0.047316
-0.012622
0.064106
0.020243
0.048724
0.006960
0.050660
0.001880
0.029361
0.034942
0.055373
0.008528
0.023826
0.026007
0.102848
0.035713
0.052961
-0.008992
0.065194
0.048078
0.046823
0.022013
0.051933
0.009701
0.043262
0.029171
0.080104
0.041201
0.034773
0.069023
0.096746
0.057463
0.058072
0.035986
0.079758
0.036744
0.098245
0.049539
0.061528
0.042178
0.064863
0.038149
0.086489
0.049336
0.050830
0.071317
0.125865
0.073355
0.075266
0.039223
0.111073
0.058264
0.092116
0.060438
0.052756
0.038539
0.059937
0.053964
0.090390
0.066561
0.035055
0.037592
0.064227
0.027288
0.073996
0.029955
0.073492
0.031395
0.062678
0.025738
0.050294
0.025319
0.058899
0.029492
0.073128
0.030778
0.030119
0.024613
0.075371
0.045379
0.053976
0.020197
0.062091
0.036580
0.066011
0.026540
0.070709
0.004182
0.063898
0.034870
0.071349
0.029923
0.030320
0.029680
0.096450
0.031557
0.055321
0.007281
0.089518
0.062538
0.064240
0.049735
0.059677
-0.007425
0.058035
0.054870
0.080575
0.069790
0.031091
0.043574
0.092249
0.031582
0.090190
0.039721
0.084316
0.056294
0.086238
0.054649
0.065882
0.026825
0.089616
0.063241
0.091723
0.055407
0.036547
0.041103
0.084718
0.062997
0.076617
0.023168
0.063052
0.037338
0.086834
0.046280
0.065112
0.026246
0.050924
0.048869
0.085569
0.041984
0.030050
0.049742
0.068777
0.044654
0.064383
-0.003929
0.057531
0.044832
0.064001
0.038905
0.046565
-0.005420
0.057840
0.032734
0.067567
0.045797
0.024554
0.036913
0.067240
0.038835
0.059491
0.007657
0.062694
0.042695
0.078958
0.053660
0.060410
0.004793
0.065873
0.033800
0.061005
0.063925
0.035998
0.042998
0.098771
0.042599
0.068637
0.033760
0.066434
0.045029
0.064239
0.060152
0.063317
0.025147
0.045264
0.078487
0.077992
0.060948
0.042313
0.044025
0.101546
0.042539
0.093934
0.076661
0.051247
0.015463
0.094668
0.065653
0.095570
0.072075
0.081367
0.029654
0.082832
0.036553
0.059632
0.047192
0.078597
0.048461
0.079767
0.001418
0.054840
0.044874
0.079850
0.057494
0.050279
0.001423
0.050460
0.060623
0.065394
0.036195
0.049187
0.035567
0.099912
0.058950
0.069159
0.038208
0.104357
0.066437
0.086141
0.036047
0.072096
0.044145
0.102027
0.066123
0.091481
0.057789
0.069346
0.063439
0.137172
0.109141
0.089008
0.077199
0.109924
0.059689
0.103363
0.092076
0.082892
0.080477
0.099107
0.081031
0.141643
0.100165
0.093456
0.087319
0.169081
0.100006
0.113087
0.086639
0.178344
0.164756
0.170154
0.194684
0.154320
0.125197
0.203869
0.164326
0.197785
0.189841
0.210330
0.190205
0.265843
0.253670
0.286582
0.226344
0.323882
0.311918
0.343428
0.327552
0.359152
0.306181
0.365649
0.394253
0.400137
0.378575
0.411310
0.416532
0.468555
0.423889
0.488236
0.420789
0.504952
0.423216
0.509590
0.479183
0.534563
0.481648
0.530235
0.492144
0.533697
0.535143
0.545016
0.567537
0.649995
0.540612
0.617013
0.534387
0.615934
0.545923
0.609866
0.584510
0.629029
0.567937
0.612430
0.582882
0.637560
0.607979
0.612955
0.609383
0.686346
0.614636
0.679087
0.608348
0.681894
0.640547
0.679687
0.640590
0.699404
0.673002
0.702734
0.682436
0.693468
0.698972
0.717201
0.717798
0.796891
0.715533
0.796708
0.724985
0.789268
0.762407
0.809655
0.788976
0.826143
0.765746
0.811331
0.809421
0.806228
0.805029
0.824676
0.809954
0.854264
0.777128
0.841380
0.807465
0.844507
0.815474
0.846273
0.830686
0.842185
0.802542
0.844886
0.825940
0.835838
0.814614
0.830130
0.825018
0.877778
0.801991
0.837367
0.789102
0.852651
0.810049
0.837809
0.837334
0.839074
0.820163
0.822971
0.805157
0.837826
0.799318
0.828016
0.818404
0.832262
0.796784
0.826117
0.766648
0.819741
0.772087
0.812429
0.802259
0.828988
0.762671
0.778535
0.780742
0.797948
0.773508
0.790134
0.768334
0.810100
0.719226
0.798817
0.745778
0.782707
0.748562
0.780852
0.741253
0.747087
0.725200
0.743750
0.718483
0.733794
0.714809
0.686549
0.665441
0.735361
0.607580
0.707261
0.663323
0.671869
0.613017
0.666834
0.628738
0.678362
0.600134
0.636846
0.604325
0.618681
0.593869
0.585026
0.577897
0.621322
0.503415
0.596585
0.517056
0.586171
0.477168
0.545434
0.511429
0.552858
0.491782
0.511269
0.490017
0.516337
0.501183
0.460850
0.465141
0.538963
0.448251
0.466315
0.401270
0.428756
0.393343
0.433095
0.416863
0.400297
0.357600
0.389749
0.380660
0.395070
0.317017
0.316198
0.325417
0.310373
0.272229
0.298832
0.276833
0.296894
0.268739
0.316614
0.319760
0.254980
0.210361
0.272070
0.251744
0.288038
0.263685
0.260282
0.180365
0.294524
0.236855
0.274761
0.235962
0.303940
0.249795
0.293014
0.285796
0.311581
0.247152
0.308271
0.279869
0.302173
0.298379
0.305173
0.304563
0.399511
0.330725
0.371745
0.319541
0.417933
0.365163
0.442253
0.397701
0.446235
0.374334
0.423776
0.419315
0.466654
0.463431
0.458368
0.464988
0.490924
0.452131
0.512467
0.463310
0.493885
0.466430
0.519624
0.494849
0.546798
0.482637
0.534620
0.518419
0.541279
0.515076
0.549254
0.534630
0.576009
0.520864
0.561086
0.501489
0.537142
0.483363
0.547051
0.524004
0.537877
0.490464
0.521111
0.491909
0.476213
0.473450
0.475100
0.472247
0.564586
0.496446
0.547820
0.464571
0.547064
0.502510
0.534178
0.522571
0.586850
0.503413
0.538755
0.536203
0.594435
0.471290
0.531645
0.540252
0.613376
0.572774
0.574317
0.530973
0.593401
0.538359
0.606668
0.582702
0.616636
0.565159
0.622191
0.588485
0.606102
0.601478
0.628254
0.584864
0.663424
0.558305
0.649057
0.584370
0.604981
0.586681
0.577972
0.597370
0.633841
0.548985
0.607132
0.568812
0.584557
0.591605
0.583041
0.561457
0.618561
0.588943
0.609792
0.563034
0.615341
0.551339
0.598438
0.596125
0.642851
0.548744
0.608718
0.576684
0.593832
0.604779
0.591215
0.562409
0.684439
0.617566
0.679575
0.619703
0.679697
0.653548
0.710192
0.676967
0.714772
0.681586
0.725500
0.719942
0.739061
0.705820
0.748452
0.734934
0.802456
0.721926
0.760060
0.712304
0.760733
0.712739
0.752410
0.724813
0.767999
0.702197
0.736594
0.728710
0.749266
0.725597
0.718553
0.732283
0.768796
0.688838
0.763968
0.712937
0.745148
0.714346
0.738822
0.726022
0.759265
0.704714
0.732374
0.726054
0.733347
0.694466
0.736941
0.703721
0.739909
0.687477
0.742399
0.690728
0.698101
0.675830
0.717589
0.681400
0.723765
0.665112
0.683665
0.684247
0.686713
0.638821
0.643007
0.636015
0.695629
0.626969
0.679099
0.597398
0.642713
0.580927
0.624637
0.625678
0.641269
0.592996
0.619346
0.587803
0.616537
0.588847
0.564350
0.564527
0.621234
0.579768
0.627032
0.557001
0.606056
0.549163
0.598964
0.599625
0.638199
0.561166
0.611670
0.620439
0.592574
0.577544
0.566613
0.585392
0.642028
0.554278
0.595828
0.557655
0.583061
0.534503
0.568099
0.557788
0.592971
0.511294
0.542523
0.528112
0.523726
0.509663
0.468855
0.463202
0.426606
0.409417
0.435651
0.377171
0.376700
0.336521
0.378648
0.362279
0.383989
0.309040
0.348846
0.305633
0.345993
0.233033
0.202629
0.196871
0.261206
0.206762
0.211553
0.176847
0.201568
0.119251
0.223028
0.192594
0.175803
0.189911
0.190187
0.147465
0.166734
0.137396
0.143300
0.113143
0.186810
0.152560
0.156758
0.111717
0.128166
0.080223
0.143245
0.134900
0.128090
0.093856
0.124720
0.091864
0.130187
0.080698
0.041864
0.051527
0.139906
0.070308
0.086563
0.059096
0.111926
0.046985
0.111398
0.115854
0.090016
0.062815
0.091978
0.061841
0.108881
0.092884
0.100126
0.092155
0.139656
0.060364
0.113168
0.068661
0.073806
0.045577
0.106932
0.105313
0.107745
0.109714
0.072164
0.042386
0.082468
0.071866
0.014749
