0.013718
0.083543
0.039930
0.068479
0.026009
0.120777
0.080320
0.051213
0.046713
0.080490
0.000112
0.045322
0.051589
0.075766
0.032997
0.058572
0.048166
0.094628
0.064956
0.080164
-0.000525
0.076326
0.049366
0.067763
0.052865
0.063316
0.019039
0.071414
0.043174
0.079675
0.049206
0.034501
0.025909
0.102551
0.060368
0.061634
0.027670
0.083819
0.056566
0.076316
0.061785
0.071544
0.046759
0.070796
0.046897
0.090561
0.057071
0.052011
0.055308
0.133888
0.079785
0.092134
0.069936
0.099990
0.081462
0.098440
0.087521
0.073697
0.060535
0.082626
0.058533
0.086576
0.082856
0.084462
0.071106
0.121275
0.096903
0.121592
0.075076
0.102015
0.058850
0.091061
0.081206
0.072116
0.060263
0.084842
0.068955
0.125976
0.097436
0.034987
0.068485
0.121687
0.047385
0.078197
0.030675
0.056974
0.044721
0.086140
0.050921
0.047858
0.020433
0.055588
0.037637
0.072788
0.054912
0.025684
0.032920
0.073389
0.022365
0.076183
0.025212
0.051652
0.033796
0.085786
0.027599
0.047737
0.006484
0.050327
0.050013
0.071138
0.047680
0.034881
0.032361
0.074853
0.037307
0.070670
0.018791
0.072871
0.033847
0.058196
0.020281
0.053393
0.024506
0.071964
0.060866
0.069859
0.035755
0.038510
0.043552
0.079234
0.027699
0.060001
0.035546
0.049621
0.031402
0.065406
0.036131
0.045929
0.000307
0.043126
0.025368
0.077880
0.015899
0.020205
0.026666
0.064869
0.023827
0.051571
-0.005177
0.049482
0.015891
0.061745
0.009020
0.061095
0.006967
0.031633
0.013061
0.075960
0.008008
0.013390
0.014521
0.058332
0.014695
0.051915
-0.002481
0.044495
0.015558
0.046802
-0.009235
0.060757
0.005533
0.016852
0.002931
0.056971
0.002555
0.003079
0.020899
0.060098
0.024055
0.038304
-0.013976
0.055714
0.008316
0.028144
-0.005734
0.050011
-0.003180
0.026133
0.016417
0.060020
0.002057
0.000662
0.020977
0.053137
0.017212
0.052791
-0.009487
0.043498
-0.004234
0.036815
-0.030658
0.060446
-0.011879
0.018648
0.002467
0.059166
-0.005321
-0.002293
0.014871
0.046574
0.010926
0.052217
-0.016695
0.033247
0.017941
0.039616
-0.016308
0.049938
-0.025247
0.021067
0.012603
0.056529
-0.000758
-0.005755
0.017889
0.055888
0.018494
0.043812
-0.019127
0.036402
-0.002579
0.036362
-0.004285
0.059282
-0.014659
0.017746
0.014261
0.057681
-0.011592
0.000664
0.028498
0.059717
0.053689
0.041084
-0.002177
0.048605
0.024977
0.043676
0.007965
0.059718
-0.001593
0.030896
0.019026
0.060895
0.022809
0.008771
0.037396
0.079996
0.030889
0.053130
-0.000008
0.044453
0.034337
0.061727
0.040306
0.051061
0.006820
0.050022
0.016741
0.062999
0.039030
0.023651
0.041794
0.097238
0.034972
0.059137
0.016043
0.070484
0.054299
0.089281
0.051777
0.047996
0.041260
0.063998
0.047721
0.115806
0.053504
0.055654
0.034926
0.088995
0.071762
0.094398
0.083601
0.123384
0.069665
0.112274
0.080484
0.085645
0.067882
0.119273
0.085132
0.103058
0.090656
0.113103
0.083918
0.139304
0.104499
0.108237
0.089489
0.151568
0.116165
0.136805
0.131376
0.098796
0.106365
0.116391
0.091048
0.170675
0.136329
0.100502
0.107779
0.153862
0.104157
0.143881
0.110141
0.193210
0.141945
0.151305
0.162370
0.173078
0.107566
0.195547
0.164837
0.213945
0.159819
0.218125
0.225383
0.303934
0.291111
0.296380
0.265407
0.394760
0.345313
0.398200
0.386527
0.402792
0.389436
0.464205
0.401105
0.470449
0.485186
0.474665
0.491465
0.563937
0.471703
0.553118
0.472964
0.529815
0.479271
0.514992
0.499430
0.560961
0.493979
0.536300
0.507339
0.532680
0.539313
0.528512
0.534930
0.593149
0.468720
0.520568
0.450304
0.530528
0.473636
0.494523
0.461981
0.458578
0.427833
0.443677
0.436224
0.470736
0.452461
0.394870
0.387968
0.431072
0.378360
0.457144
0.391015
0.447751
0.399873
0.439433
0.428851
0.448569
0.393753
0.432575
0.427783
0.393589
0.385251
0.409017
0.403497
0.481628
0.463938
0.475721
0.415816
0.481681
0.458756
0.520020
0.504043
0.537680
0.485493
0.553559
0.526119
0.552228
0.580031
0.603245
0.582184
0.588820
0.529337
0.615271
0.572208
0.574261
0.524673
0.574551
0.524855
0.606432
0.504183
0.554986
0.533350
0.537981
0.461805
0.503930
0.505291
0.589808
0.463269
0.503162
0.440494
0.474859
0.423904
0.467292
0.459648
0.472749
0.389312
0.423369
0.384550
0.409259
0.404375
0.324659
0.347981
0.437386
0.385533
0.405228
0.360704
0.441293
0.379737
0.470831
0.413741
0.439332
0.389283
0.470288
0.433267
0.440839
0.433987
0.466809
0.416853
0.544735
0.488130
0.509706
0.457228
0.549304
0.526803
0.571373
0.532254
0.595231
0.532615
0.599958
0.610207
0.642502
0.615717
0.628822
0.616529
0.714891
0.638203
0.711525
0.642337
0.703846
0.699749
0.721787
0.687935
0.736600
0.668072
0.742412
0.757593
0.754453
0.729378
0.763282
0.759087
0.836264
0.792927
0.821397
0.780585
0.833292
0.820893
0.854362
0.845684
0.876177
0.836398
0.872045
0.851528
0.888743
0.879860
0.895106
0.883349
0.918511
0.874397
0.906847
0.869653
0.920633
0.898638
0.917623
0.912012
0.918287
0.880873
0.909100
0.900499
0.926680
0.908583
0.920810
0.917428
0.936200
0.887474
0.922878
0.895783
0.934800
0.910536
0.923410
0.919510
0.927245
0.898954
0.917653
0.902137
0.926000
0.921612
0.926276
0.917009
0.928367
0.892130
0.924392
0.901895
0.925357
0.889073
0.916953
0.916683
0.913707
0.890563
0.894497
0.886676
0.905845
0.879779
0.893286
0.882954
0.918871
0.872950
0.905448
0.871480
0.913760
0.874364
0.911355
0.894727
0.901482
0.888125
0.900340
0.891385
0.924575
0.905835
0.918055
0.909446
0.924835
0.895190
0.923976
0.899544
0.935627
0.924181
0.939164
0.927996
0.927353
0.898936
0.927816
0.916287
0.929266
0.922476
0.931100
0.915864
0.933482
0.890796
0.917713
0.895181
0.913479
0.893856
0.915277
0.890890
0.903566
0.868362
0.886570
0.876664
0.892547
0.864973
0.870867
0.855355
0.908823
0.845028
0.880686
0.848223
0.887711
0.848671
0.880326
0.881185
0.891653
0.851906
0.878203
0.865982
0.894319
0.870970
0.887424
0.887735
0.898948
0.861258
0.904071
0.855874
0.899519
0.876196
0.907300
0.896194
0.899750
0.859841
0.883534
0.871901
0.890684
0.878244
0.876763
0.873981
0.897228
0.840031
0.887893
0.842982
0.887448
0.847404
0.875823
0.858485
0.884247
0.846914
0.856425
0.847215
0.866674
0.863335
0.857438
0.870899
0.897398
0.834003
0.876129
0.843133
0.888882
0.851177
0.879122
0.866595
0.861358
0.839716
0.863739
0.840988
0.872105
0.869309
0.848472
0.833687
0.871932
0.803327
0.856568
0.839837
0.827460
0.776691
0.827647
0.802737
0.844519
0.785387
0.770505
0.755995
0.796099
0.740706
0.731407
0.743824
0.807592
0.711894
0.769102
0.697429
0.776349
0.745188
0.764690
0.762529
0.780491
0.725985
0.758379
0.758373
0.781658
0.767390
0.787824
0.766941
0.784325
0.732749
0.783601
0.743550
0.779929
0.725253
0.758355
0.736787
0.740939
0.735119
0.745946
0.710499
0.720714
0.731349
0.718555
0.695492
0.730108
0.653628
0.700160
0.636172
0.652916
0.613017
0.616320
0.616219
0.611535
0.555302
0.543051
0.522412
0.537479
0.483210
0.454220
0.462267
0.482739
0.433376
0.520584
0.466754
0.489565
0.428358
0.497819
0.488642
0.512570
0.462815
0.504380
0.507391
0.525144
0.475238
0.504629
0.526634
0.539254
0.484983
0.520725
0.481013
0.511238
0.463560
0.526649
0.476943
0.527139
0.443931
0.516073
0.449811
0.446354
0.472929
0.485684
0.442123
0.532988
0.415469
0.446455
0.350999
0.387065
0.378112
0.408956
0.356942
0.337584
0.286277
0.324231
0.339235
0.326169
0.298639
0.242823
0.258273
0.292594
0.277454
0.291715
0.222298
0.247791
0.227723
0.249666
0.279078
0.262132
0.251191
0.213711
0.199600
0.252064
0.221929
0.181408
0.224893
0.228156
0.215956
0.215315
0.192000
0.245469
0.219198
0.232834
0.227678
0.229523
0.170246
0.238159
0.210986
0.246054
0.162672
0.199395
0.189603
0.227046
0.175089
0.193598
0.168728
0.168962
0.147488
0.182965
0.186880
0.147511
0.143135
0.180774
0.152369
0.181718
0.154134
0.169630
0.134395
0.199358
0.154773
0.155728
0.135359
0.134047
0.121167
0.205105
0.179043
0.153786
0.160612
0.136941
0.112563
0.188912
0.125494
0.119568
0.087143
0.178131
0.119016
0.132327
0.099831
0.163786
0.120758
0.151286
0.129324
0.116906
0.083250
0.148009
0.116852
0.141495
0.123039
0.102037
0.092298
0.177333
0.118409
0.115435
0.068603
0.124227
0.092291
0.114764
0.106657
0.074540
0.082484
0.122431
0.085241
0.129332
0.092733
0.055583
0.066621
0.118745
0.078634
0.083365
0.065188
0.118294
0.080416
0.098359
0.098313
0.071308
0.085844
0.117019
0.082099
0.141535
0.097354
0.102830
0.076013
0.152058
0.108056
0.143239
0.088667
0.171446
0.098861
0.129966
0.154864
0.126206
0.106948
0.144465
0.124765
0.146722
0.102831
0.127859
0.123719
0.172581
0.154765
0.142866
0.097703
0.208657
0.131198
0.169968
0.160464
0.158629
0.142065
0.192069
0.161900
0.200517
0.148997
0.188447
0.204605
0.283188
0.244768
0.208773
0.199418
0.274374
0.201572
0.254205
0.248238
0.245171
0.200849
0.227794
0.168136
0.230319
0.205234
0.172508
0.217355
0.209774
0.186250
0.207185
0.177037
0.182750
0.143993
0.159426
0.142447
0.126928
0.118658
0.170306
0.120414
0.166406
0.137277
0.090372
0.066058
0.182866
0.116545
0.145594
0.112415
0.175979
0.106510
0.147121
0.159906
0.137576
0.106909
0.162962
0.157179
0.174437
0.118451
0.155055
0.112865
0.184793
0.121005
0.142339
0.115151
0.127106
0.068816
0.122131
0.096805
0.071478
0.086098
0.088202
0.070304
0.117982
0.066974
0.026065
0.051607
0.124860
0.064647
0.075246
0.039362
0.117154
0.050081
0.089843
0.056982
0.060027
0.049440
0.087319
0.065332
0.123738
0.093211
0.057359
0.062942
0.102684
0.061503
0.104515
0.065316
0.064338
0.026518
0.105010
0.104185
0.095227
0.142167
0.062752
0.046374
0.080780
0.083541
0.010681
