0.012749
0.071834
0.040124
0.069752
0.019188
0.090888
0.099526
0.042180
0.069460
0.075212
0.010938
0.041651
0.048787
0.058809
0.025515
0.067223
0.049372
0.094225
0.063424
0.070345
0.055929
0.085555
0.049288
0.102732
0.051675
0.058673
0.049645
0.072455
0.058802
0.091765
0.091971
0.062780
0.057589
0.121529
0.084199
0.089824
0.062612
0.141222
0.118208
0.096518
0.108670
0.087052
0.072683
0.149076
0.106532
0.148351
0.121225
0.111399
0.124436
0.181839
0.131284
0.150743
0.111197
0.179745
0.109881
0.147830
0.158936
0.090341
0.097864
0.157423
0.089858
0.154427
0.114724
0.109029
0.079542
0.147992
0.096096
0.136309
0.089396
0.117709
0.063974
0.123791
0.116722
0.122068
0.107053
0.112699
0.097258
0.111309
0.082544
0.097769
0.087416
0.146434
0.108777
0.106229
0.091557
0.107887
0.046875
0.140235
0.116813
0.071739
0.081029
0.093020
0.077733
0.128824
0.094907
0.062902
0.071102
0.147768
0.096586
0.100761
0.062615
0.093293
0.048220
0.092141
0.090985
0.097758
0.045220
0.075940
0.069122
0.096846
0.073817
0.077250
0.056034
0.106997
0.055085
0.090140
0.045175
0.077179
0.058948
0.101313
0.072328
0.055321
0.051075
0.083733
0.081031
0.086200
0.066516
0.066189
0.061524
0.127425
0.093694
0.095551
0.052394
0.089919
0.051517
0.110397
0.093013
0.079233
0.071665
0.090111
0.065723
0.120812
0.077648
0.052901
0.060726
0.137089
0.074729
0.086183
0.055968
0.089751
0.060251
0.087732
0.086789
0.067608
0.044859
0.087995
0.048416
0.091872
0.072938
0.049877
0.040389
0.083066
0.031432
0.084579
0.041937
0.057387
0.044533
0.061494
0.049846
0.062370
0.045957
0.046114
0.028091
0.065708
0.040463
0.044094
0.032816
0.058881
0.032209
0.076366
0.000097
0.053114
0.034839
0.063377
0.011344
0.044345
0.013770
0.050265
0.034644
0.059221
0.008990
0.008353
0.029138
0.065720
0.047724
0.049242
0.006552
0.055615
0.022830
0.056155
0.009656
0.065581
-0.004222
0.027274
0.011981
0.062291
0.017070
0.005897
0.038323
0.075151
0.031312
0.055704
0.001722
0.046396
0.031426
0.056931
0.011441
0.045922
0.020828
0.040273
0.023398
0.062498
0.022055
0.026930
0.019667
0.057804
0.028717
0.060614
0.006701
0.043657
0.010755
0.065963
0.013745
0.042355
0.001919
0.036137
0.022525
0.066635
-0.004976
0.014425
0.008758
0.063260
0.022103
0.045031
-0.008186
0.048824
0.022083
0.040407
0.004982
0.045161
-0.003861
0.025436
0.009967
0.053298
0.018014
0.020902
0.028675
0.039610
0.017260
0.048103
0.005982
0.034623
0.013866
0.048800
-0.007664
0.075041
-0.009316
0.010274
0.000983
0.058474
0.002430
0.007750
0.033192
0.057859
0.046165
0.059762
-0.009534
0.032666
0.007065
0.055311
0.005551
0.069999
-0.012415
0.027717
0.000463
0.067239
0.011617
0.004176
0.024154
0.070761
0.017049
0.068100
-0.011084
0.029791
0.030761
0.044137
0.014874
0.075693
-0.004378
0.032362
0.026865
0.044975
0.007095
0.039705
0.028368
0.058003
0.010760
0.058013
0.002219
0.039987
-0.007439
0.057922
0.003004
0.058383
-0.004380
0.031444
0.002306
0.069603
0.007519
0.025238
0.011263
0.078495
0.024192
0.027473
-0.012065
0.053228
0.018733
0.047904
-0.006091
0.045236
0.005394
0.030224
0.021185
0.059422
0.001024
0.022203
0.037201
0.052979
0.008003
0.052847
0.022871
0.053686
0.001751
0.046410
-0.002004
0.065512
0.020232
0.040584
-0.007676
0.080162
0.009231
-0.006997
0.023559
0.067889
0.025355
0.039571
-0.008839
0.057006
0.012375
0.033709
-0.002375
0.058886
-0.000150
0.027094
-0.005367
0.062855
-0.000102
0.008581
0.030692
0.059676
0.023905
0.051822
-0.006449
0.062166
0.026594
0.046151
0.004883
0.066637
-0.004888
0.023489
0.033822
0.065947
0.009302
0.025206
0.025751
0.085686
0.047921
0.053419
-0.016173
0.057826
0.025012
0.038496
0.036295
0.065633
0.010132
0.044371
0.018217
0.063120
0.013414
0.018280
0.034877
0.076934
0.059417
0.056322
0.017070
0.050866
0.038218
0.072973
0.032625
0.055176
0.004921
0.064044
0.047435
0.087003
0.063092
0.060714
0.056500
0.136276
0.056350
0.086316
0.042713
0.094131
0.087271
0.115157
0.081054
0.071418
0.042714
0.121107
0.112514
0.124533
0.081843
0.095179
0.103049
0.194854
0.159156
0.178064
0.168693
0.204285
0.168140
0.222405
0.233515
0.241053
0.203108
0.274594
0.227445
0.262009
0.251728
0.278537
0.260957
0.346403
0.287068
0.292858
0.267378
0.328357
0.266398
0.309588
0.293431
0.331765
0.272895
0.330864
0.324783
0.309136
0.337382
0.340063
0.318950
0.380371
0.359797
0.346356
0.292838
0.399968
0.331654
0.384188
0.373956
0.387754
0.332813
0.393147
0.349290
0.406070
0.386104
0.352863
0.370538
0.426231
0.394574
0.381037
0.347710
0.432080
0.401238
0.436285
0.427511
0.406421
0.357058
0.432574
0.409871
0.459673
0.432769
0.431569
0.393410
0.527900
0.478026
0.493416
0.461713
0.563172
0.503154
0.572238
0.565209
0.602475
0.549896
0.604759
0.609239
0.637246
0.624712
0.651804
0.644314
0.740870
0.670594
0.718335
0.674160
0.697846
0.707818
0.733773
0.730032
0.793981
0.726614
0.743196
0.748624
0.787994
0.778939
0.776849
0.780451
0.801683
0.719498
0.785298
0.735606
0.782601
0.731412
0.779475
0.743803
0.775436
0.704971
0.731233
0.732820
0.728938
0.708710
0.714214
0.694227
0.747128
0.696136
0.745800
0.683025
0.749108
0.681273
0.741058
0.730146
0.764939
0.698693
0.720476
0.719489
0.731475
0.702373
0.712112
0.708073
0.793784
0.726563
0.761172
0.706240
0.775002
0.734121
0.782704
0.769109
0.796201
0.748097
0.778263
0.776421
0.784538
0.750577
0.793141
0.772210
0.828894
0.750194
0.790519
0.741071
0.786446
0.740263
0.765177
0.750559
0.808478
0.715094
0.745340
0.732720
0.765166
0.709584
0.721480
0.727176
0.780420
0.685901
0.744054
0.690930
0.690977
0.686236
0.715971
0.691703
0.721043
0.664450
0.705071
0.675434
0.707315
0.670433
0.673338
0.662860
0.754043
0.668684
0.731304
0.680755
0.708860
0.676470
0.724189
0.741002
0.789497
0.681017
0.732917
0.705786
0.750469
0.732468
0.749450
0.740936
0.746801
0.681702
0.727276
0.691605
0.725044
0.671211
0.706586
0.685284
0.691809
0.638296
0.669391
0.642634
0.674452
0.628515
0.603632
0.622111
0.665413
0.552568
0.643975
0.592583
0.624533
0.571004
0.635112
0.590980
0.634825
0.588891
0.613720
0.594289
0.587386
0.555250
0.567982
0.571539
0.616725
0.522781
0.620556
0.534702
0.563570
0.544457
0.557024
0.569144
0.594969
0.520212
0.568555
0.548000
0.564226
0.537995
0.536427
0.535015
0.629707
0.573500
0.615706
0.545900
0.641915
0.573792
0.628593
0.600012
0.667303
0.592823
0.641843
0.638989
0.698659
0.674848
0.673504
0.677379
0.730025
0.706142
0.774055
0.746528
0.792377
0.767321
0.808960
0.808252
0.851569
0.794728
0.848640
0.839465
0.856608
0.838160
0.876838
0.865438
0.905382
0.843232
0.881206
0.848463
0.890555
0.856886
0.889686
0.882719
0.894422
0.850897
0.873074
0.861560
0.887643
0.884723
0.885133
0.877190
0.914206
0.864333
0.914625
0.883102
0.916706
0.895784
0.929594
0.919433
0.930156
0.905167
0.925627
0.908825
0.927646
0.922488
0.936320
0.930790
0.949862
0.915434
0.940616
0.922669
0.943844
0.930829
0.945877
0.933793
0.952039
0.930897
0.940282
0.928593
0.947155
0.931475
0.945946
0.939088
0.962335
0.925929
0.948619
0.928895
0.953237
0.925007
0.952999
0.947375
0.957914
0.932820
0.943736
0.937133
0.957169
0.947459
0.956860
0.953612
0.960272
0.930395
0.953890
0.939436
0.956218
0.933828
0.950447
0.944629
0.950578
0.936025
0.940371
0.928228
0.942220
0.930188
0.939414
0.936292
0.953073
0.911255
0.933493
0.907248
0.932184
0.897117
0.931192
0.921901
0.931712
0.897193
0.901067
0.893895
0.918685
0.889549
0.894228
0.895344
0.913565
0.867499
0.901504
0.867517
0.910445
0.856564
0.900780
0.890539
0.907268
0.871310
0.871663
0.862872
0.896170
0.871570
0.881220
0.876345
0.892926
0.824839
0.883302
0.839754
0.871591
0.826926
0.857404
0.826097
0.851044
0.812047
0.834933
0.805370
0.839777
0.797045
0.800094
0.801872
0.804625
0.749371
0.789701
0.726141
0.749227
0.692227
0.709493
0.726329
0.725010
0.641391
0.682026
0.650263
0.661586
0.624821
0.569940
0.563104
0.606038
0.518463
0.575373
0.509306
0.534187
0.493024
0.523759
0.498193
0.518070
0.428402
0.478265
0.454135
0.483032
0.428480
0.392168
0.431547
0.452795
0.361774
0.413357
0.349785
0.424773
0.398554
0.372109
0.360351
0.360490
0.323942
0.392959
0.364590
0.382275
0.335930
0.312859
0.328657
0.357350
0.301756
0.343616
0.325438
0.302176
0.271070
0.312795
0.314660
0.312467
0.267037
0.283050
0.265192
0.281715
0.230569
0.247950
0.223241
0.289636
0.249009
0.236463
0.223652
0.268993
0.219064
0.286206
0.260763
0.272851
0.254972
0.247687
0.244080
0.276330
0.252087
0.234628
0.241979
0.260215
0.198125
0.209482
0.188115
0.230585
0.184461
0.188179
0.178833
0.147955
0.137720
0.179088
0.148309
0.209610
0.146274
0.106207
0.089016
0.179304
0.124862
0.147505
0.105884
0.160301
0.115023
0.167125
0.134309
0.099529
0.095265
0.164805
0.108330
0.150383
0.105960
0.080288
0.094823
0.122936
0.088369
0.100634
0.090050
0.109711
0.041726
0.094742
0.084725
0.074121
0.057090
0.095281
0.061788
0.094665
0.079516
0.037672
0.039577
0.104670
0.048290
0.086650
0.038079
0.051642
0.020511
0.086467
0.043881
0.072268
0.056412
0.046964
0.020114
0.085303
0.035148
0.026617
0.033109
0.072993
0.037452
0.062835
-0.004227
0.076545
0.048486
0.055195
0.027363
0.045423
0.014600
0.064693
0.039376
0.090441
0.039076
0.031587
0.038665
0.058684
0.025347
0.074468
0.011489
0.067356
0.032602
0.057222
0.011392
0.053132
0.011454
0.052877
0.036535
0.069734
0.033460
0.035186
0.017336
0.068418
0.017988
0.064887
0.012827
0.034854
0.018389
0.063350
0.036012
0.105879
0.073886
0.032459
0.011693
0.056888
0.047230
0.018635
