0.010991
0.077104
0.045352
0.061126
0.021603
0.108167
0.095112
0.065852
0.047569
0.063079
0.000932
0.078103
0.048313
0.051669
0.031315
0.035847
0.054556
0.065083
0.053402
0.066684
0.031415
0.061635
0.014886
0.077539
0.019325
0.072821
0.022107
0.063075
0.039778
0.058905
0.016163
0.029711
0.047058
0.070072
0.038472
0.060187
0.029451
0.055693
0.044644
0.083435
0.043597
0.040780
0.007796
0.044243
0.061873
0.072002
0.063951
0.050678
0.041574
0.093941
0.042710
0.080610
0.044408
0.071208
0.040368
0.087385
0.064561
0.052176
0.040287
0.056932
0.052729
0.083760
0.069105
0.034988
0.039118
0.104959
0.045399
0.074881
0.054792
0.067731
0.032967
0.097844
0.056893
0.075095
0.032349
0.068147
0.048794
0.083362
0.057156
0.043694
0.042260
0.090205
0.058479
0.078174
0.016949
0.056447
0.025829
0.049507
0.033938
0.073704
0.028881
0.040564
0.028303
0.086145
0.034300
0.012739
0.032445
0.068409
0.042113
0.057146
0.001657
0.047002
0.041547
0.045416
0.019755
0.064591
0.011156
0.036115
0.013200
0.063904
0.033952
0.014552
0.042487
0.057112
0.024353
0.047176
-0.000534
0.054211
0.036334
0.052905
0.013423
0.057075
-0.006067
0.038544
0.044828
0.065806
0.028972
0.005044
0.024550
0.080756
0.015338
0.066788
0.020712
0.044089
0.033049
0.063965
0.015000
0.057053
0.024825
0.036452
0.037801
0.067839
0.026613
0.021661
0.030675
0.083625
0.037288
0.073228
-0.010907
0.085142
0.055200
0.051648
0.036411
0.062114
0.009133
0.063670
0.037931
0.073400
0.045569
0.026987
0.047875
0.054080
0.043162
0.065798
0.010911
0.058286
0.036755
0.060499
0.020033
0.049115
-0.000325
0.048312
0.040395
0.059139
0.034935
0.011159
0.035736
0.070847
0.039264
0.071392
0.009003
0.058425
0.014226
0.062959
0.016320
0.052560
-0.006036
0.043261
0.041573
0.066283
0.015229
0.020979
0.030993
0.052874
0.027151
0.044566
-0.005489
0.041890
0.018144
0.043898
0.023888
0.074367
0.012873
0.017211
0.014858
0.072688
0.023383
0.003671
0.037340
0.067609
0.025018
0.053309
-0.007327
0.058448
0.050859
0.055593
0.013324
0.068527
-0.017898
0.060835
0.016599
0.065596
0.058070
0.053792
0.039863
0.105354
0.037706
0.076301
0.025620
0.131158
0.112859
0.093860
0.091888
0.082088
0.064388
0.148259
0.125061
0.167164
0.158597
0.154223
0.167024
0.208290
0.199158
0.186491
0.182409
0.240322
0.166752
0.229674
0.219086
0.227385
0.207224
0.243649
0.204509
0.245545
0.228366
0.203044
0.217392
0.295176
0.266034
0.273920
0.228746
0.322300
0.253453
0.290502
0.310542
0.327260
0.248815
0.299777
0.264331
0.296699
0.320282
0.316140
0.290973
0.334404
0.280729
0.331966
0.288216
0.347565
0.298217
0.346772
0.338585
0.344958
0.291457
0.353848
0.299865
0.356493
0.340168
0.305613
0.316322
0.381243
0.316926
0.321632
0.276335
0.376657
0.323807
0.338922
0.347709
0.333881
0.266259
0.373053
0.338552
0.365796
0.324607
0.370646
0.348688
0.467007
0.439575
0.448798
0.376896
0.486850
0.502513
0.513932
0.508085
0.525119
0.483794
0.548147
0.549708
0.554278
0.526788
0.571492
0.544547
0.611263
0.511447
0.564829
0.496345
0.551070
0.471385
0.532233
0.484137
0.548345
0.487013
0.481415
0.449795
0.464637
0.458644
0.451087
0.441531
0.475016
0.406127
0.444959
0.382883
0.417125
0.384437
0.422043
0.373647
0.421608
0.364604
0.421127
0.373371
0.377374
0.387004
0.392498
0.380935
0.374094
0.332361
0.398654
0.353379
0.390223
0.321742
0.389066
0.377920
0.370809
0.344677
0.385032
0.364719
0.373586
0.357834
0.357817
0.336255
0.381379
0.333860
0.342948
0.271248
0.305217
0.257038
0.303002
0.271750
0.275617
0.272107
0.264854
0.214074
0.267377
0.214002
0.161430
0.156210
0.218350
0.164792
0.165266
0.151211
0.177383
0.087238
0.186420
0.176400
0.150201
0.147525
0.156443
0.108210
0.166338
0.122394
0.100940
0.099083
0.154543
0.119278
0.122937
0.078649
0.081123
0.031098
0.090841
0.060951
0.093844
0.070376
0.056374
0.036044
0.097008
0.056858
0.024006
0.032312
0.081365
0.031457
0.052643
0.013728
0.069101
0.007213
0.084199
0.016301
0.063441
-0.015482
0.042777
0.036293
0.052437
0.028494
0.027117
0.018047
0.061381
0.037000
0.055611
0.004596
0.042453
0.003454
0.051883
0.012264
0.052820
-0.007045
0.033451
0.010936
0.059662
0.004717
0.006102
0.024382
0.072887
0.018801
0.048501
-0.010736
0.037414
0.004309
0.042094
-0.010361
0.044433
-0.005250
0.023634
0.014820
0.059231
-0.013852
-0.001752
0.026792
0.056441
0.022955
0.040791
-0.032396
0.042421
0.023662
0.033519
-0.022500
0.063354
-0.022727
0.019543
0.008759
0.060191
0.002473
0.001128
0.009241
0.061202
0.020491
0.045747
-0.021620
0.049694
0.009593
0.029480
-0.017115
0.053759
-0.009986
0.012236
0.009250
0.054201
-0.012515
0.005338
0.017258
0.052593
0.024103
0.043487
-0.019096
0.039957
0.016770
0.037208
0.001925
0.049115
-0.030645
0.014910
0.013246
0.051159
0.004339
0.002092
0.018533
0.072907
0.014895
0.054435
-0.025155
0.042201
-0.002012
0.029772
-0.034663
0.062648
-0.015402
0.020753
0.004400
0.054197
-0.004398
-0.007733
0.026251
0.060161
0.008484
0.035678
-0.020047
0.047254
0.019068
0.030528
-0.018802
0.049347
-0.017159
0.029714
0.019180
0.051493
0.006969
0.000663
0.030229
0.062910
0.005621
0.040040
-0.015698
0.040474
-0.004321
0.046194
-0.012937
0.045422
-0.001184
0.025034
0.008103
0.047753
0.007737
0.018958
0.013855
0.057133
0.042309
0.036077
-0.013032
0.042801
0.031313
0.057310
-0.001094
0.053857
-0.013770
0.045217
0.030466
0.064683
0.035340
0.022103
0.033922
0.060362
0.032113
0.053169
0.029186
0.048909
0.015833
0.077427
0.023038
0.057461
0.001080
0.047784
0.034359
0.068299
0.026803
0.044730
0.042996
0.080956
0.021942
0.082430
0.050527
0.047231
0.017854
0.082501
0.054309
0.068737
0.042129
0.054353
0.027365
0.086703
0.050111
0.032477
0.057270
0.074625
0.017711
0.063906
0.044828
0.067603
0.041857
0.061313
0.056007
0.060109
0.032003
0.055719
0.031685
0.087924
0.058693
0.041463
0.038707
0.070744
0.051180
0.074476
0.038295
0.046400
0.036947
0.070655
0.023162
0.053754
0.023739
0.071192
0.034221
0.055405
0.032641
0.035868
0.030547
0.066002
0.011873
0.070649
0.018422
0.042467
0.038495
0.055378
0.040893
0.072993
0.021365
0.038767
0.033451
0.068654
0.039891
0.032818
0.039986
0.069461
0.027736
0.059614
0.024434
0.042799
0.020244
0.066606
0.027158
0.046201
0.018258
0.046802
0.032504
0.077749
0.029083
0.021563
0.047309
0.066379
0.040924
0.059077
-0.001685
0.047708
0.019973
0.053493
0.026696
0.050481
-0.007606
0.050282
0.008105
0.058463
0.008862
0.028059
0.024085
0.067412
0.014577
0.049622
-0.018972
0.034033
0.014197
0.053087
0.002654
0.054404
-0.015291
0.030664
0.010541
0.067449
0.013391
0.002996
0.011910
0.062375
0.027929
0.042358
-0.022479
0.043400
0.010355
0.016392
-0.017573
0.071000
0.003454
0.018441
0.008360
0.053120
0.004917
0.011377
0.025835
0.058473
0.005576
0.053061
-0.010814
0.049158
0.015563
0.043142
-0.007200
0.054552
0.004265
0.018359
0.019427
0.050899
-0.018713
0.017750
0.007438
0.054755
0.022369
0.040920
-0.016850
0.044358
0.008844
0.045029
-0.003181
0.064055
-0.008476
0.014801
0.009498
0.065774
-0.006206
-0.001943
0.021716
0.048251
0.032530
0.037590
-0.011071
0.044460
0.017830
0.042848
0.001009
0.046493
-0.029225
0.025238
0.016060
0.062599
0.013189
0.003811
0.027576
0.043823
0.007608
0.040281
-0.000120
0.034229
0.017935
0.040328
-0.016153
0.054751
0.008472
0.024737
-0.000099
0.058396
0.019642
-0.001755
0.019405
0.043803
0.015159
0.051621
-0.016824
0.028991
-0.008125
0.055489
-0.012847
0.058874
-0.010714
0.012087
-0.003934
0.053516
0.007845
0.022483
0.020021
0.066681
0.013243
0.042802
-0.013972
0.054354
0.019091
0.047671
0.016555
0.051483
-0.011254
0.032982
0.028072
0.055359
0.024041
0.041419
0.039634
0.053701
0.028557
0.056426
0.018085
0.044418
0.034949
0.062350
0.015857
0.075501
-0.000543
0.043244
0.019517
0.064355
0.025715
0.032881
0.030137
0.094994
0.034524
0.056133
0.002400
0.132438
0.071696
0.075999
0.057258
0.078572
0.013869
0.096113
0.091881
0.140162
0.107180
0.127668
0.090828
0.170653
0.133532
0.160440
0.162918
0.230898
0.171487
0.207629
0.213766
0.249951
0.179716
0.278038
0.253890
0.282022
0.271501
0.275836
0.283813
0.418416
0.345977
0.346181
0.328902
0.420280
0.387564
0.455142
0.452533
0.463932
0.404328
0.485990
0.456352
0.497509
0.510559
0.515460
0.488624
0.588771
0.534195
0.562389
0.516116
0.626981
0.557238
0.611806
0.608444
0.616438
0.563878
0.642190
0.630079
0.677063
0.643406
0.648673
0.652888
0.726357
0.617343
0.687039
0.637407
0.678660
0.609612
0.628067
0.625825
0.695525
0.606467
0.620462
0.615310
0.647594
0.616416
0.621674
0.647915
0.697458
0.603987
0.679728
0.641558
0.683087
0.655932
0.698107
0.675658
0.708256
0.673939
0.715617
0.686949
0.695681
0.717462
0.696427
0.714676
0.754722
0.667356
0.718189
0.667402
0.735110
0.695133
0.724714
0.687803
0.739944
0.680441
0.726072
0.725363
0.739412
0.734006
0.732767
0.722458
0.783913
0.713136
0.769467
0.695069
0.748892
0.751192
0.770245
0.757513
0.788472
0.711967
0.761593
0.745221
0.781433
0.762659
0.735514
0.733757
0.768754
0.685150
0.757898
0.728599
0.742959
0.713719
0.748017
0.735132
0.765711
0.697792
0.747313
0.716379
0.758351
0.681110
0.698871
0.683996
0.726508
0.677079
0.721848
0.671745
0.732058
0.668436
0.684962
0.673180
0.704619
0.641275
0.676035
0.662242
0.665780
0.580284
0.626126
0.580627
0.702283
0.613615
0.649104
0.599000
0.645086
0.584228
0.647883
0.635401
0.673335
0.595269
0.660611
0.639506
0.658203
0.608114
0.625075
0.635606
0.608322
0.534764
0.579693
0.477104
0.441198
0.419247
0.438305
0.428634
0.370934
0.377016
0.254195
0.209460
0.245574
0.195820
0.024603
