0.009909
0.063995
0.042088
0.057135
0.023315
0.104383
0.068328
0.052318
0.041778
0.052832
0.012692
0.057622
0.037045
0.049845
0.023541
0.027750
0.024524
0.056573
0.030306
0.044490
0.003644
0.048560
0.014753
0.050296
0.013663
0.047997
0.001729
0.028747
0.012905
0.063723
0.015502
-0.000973
0.011126
0.076230
0.029159
0.051640
-0.012589
0.048992
0.014445
0.033479
0.016791
0.057971
-0.000656
0.020754
0.034001
0.051244
0.012070
0.017412
0.024331
0.059118
0.030817
0.041666
-0.012044
0.046883
0.028790
0.043605
0.001714
0.049410
-0.011934
0.028334
0.019525
0.051947
0.006833
0.008244
0.033891
0.063184
0.014971
0.042904
-0.007402
0.066660
0.009388
0.034656
-0.001887
0.051500
0.019656
0.023951
0.011884
0.053466
0.001194
0.008245
0.019109
0.086604
0.027610
0.044853
-0.006907
0.063118
0.020720
0.033021
0.012801
0.056895
0.003485
0.033527
0.010624
0.061848
0.011635
0.017790
0.042903
0.051279
0.022563
0.048573
0.001822
0.044405
0.008635
0.050814
0.009441
0.059569
0.008020
0.020620
0.001262
0.063707
0.000433
0.017176
0.022870
0.065745
0.028687
0.038073
-0.006565
0.056433
0.017171
0.035783
-0.001133
0.066793
-0.005523
0.020425
0.010197
0.069581
0.006513
-0.005372
0.025465
0.065591
0.023870
0.041818
-0.009966
0.054239
0.004588
0.044351
-0.004257
0.053628
-0.003548
0.013331
0.016587
0.057654
0.003915
0.007730
0.010231
0.039215
0.016165
0.057444
0.000324
0.040134
0.027936
0.049100
-0.002226
0.061913
0.013839
0.012395
-0.004484
0.059980
0.009479
0.000031
0.016974
0.056568
0.022883
0.046525
-0.007734
0.041755
0.011027
0.025663
0.006322
0.065586
0.002358
0.011525
-0.001464
0.057810
-0.001531
-0.000041
0.031379
0.049869
0.029091
0.048699
-0.018080
0.042040
0.010130
0.040679
-0.016417
0.058170
-0.013840
0.017020
0.014136
0.054693
0.007349
0.006996
0.028802
0.065080
0.013426
0.040014
-0.006783
0.038205
0.013879
0.039160
0.003144
0.068156
-0.009329
0.012267
0.004344
0.062585
0.008178
-0.006568
0.021087
0.069185
0.008198
0.039724
-0.019916
0.038812
-0.006471
0.030088
-0.031444
0.062961
-0.009731
0.019589
0.010361
0.055072
-0.012498
0.008783
0.006640
0.051140
0.016772
0.044132
-0.017604
0.039806
0.010705
0.037983
-0.009887
0.066241
-0.003206
0.012524
0.010569
0.052694
0.013136
-0.000738
0.024029
0.046418
0.016367
0.059181
0.005184
0.032911
0.012473
0.038365
0.002691
0.066827
0.018514
0.032336
0.015469
0.042729
0.013674
0.011371
0.034244
0.067414
0.017401
0.047914
0.005122
0.047845
0.016111
0.043743
0.010954
0.059329
-0.000184
0.031681
0.025283
0.062816
-0.002731
0.009412
0.024463
0.084079
0.030802
0.045522
-0.001603
0.062915
0.031361
0.045740
0.018936
0.054485
0.008759
0.029766
0.032849
0.064403
0.013182
0.019933
0.034170
0.082053
0.036369
0.048041
0.008825
0.081852
0.050953
0.056147
0.043414
0.054789
0.007536
0.035922
0.033336
0.081208
0.044997
0.015815
0.040049
0.135791
0.070395
0.059005
0.033470
0.084404
0.058032
0.072488
0.057110
0.068197
0.055460
0.068730
0.052951
0.098107
0.057846
0.058728
0.051100
0.081989
0.063334
0.095783
0.056766
0.071164
0.054660
0.104349
0.056543
0.072655
0.036903
0.067241
0.049742
0.085948
0.070024
0.040832
0.061667
0.139808
0.063719
0.110486
0.080633
0.137090
0.099466
0.119908
0.117000
0.110339
0.097952
0.162463
0.119695
0.150316
0.139619
0.124476
0.144178
0.185142
0.135400
0.157923
0.131148
0.194296
0.124109
0.198416
0.173350
0.155215
0.138253
0.181932
0.162702
0.194602
0.160451
0.160591
0.144945
0.214938
0.169983
0.152420
0.124557
0.188985
0.160336
0.184093
0.165107
0.166702
0.131207
0.181648
0.143698
0.181838
0.114259
0.145887
0.134587
0.168588
0.160301
0.144774
0.113381
0.170977
0.125118
0.173435
0.143689
0.114540
0.110347
0.165471
0.127431
0.171975
0.131741
0.096393
0.110167
0.146046
0.116083
0.116734
0.102060
0.154828
0.099496
0.122174
0.136995
0.139626
0.102234
0.135975
0.083898
0.138694
0.089912
0.083475
0.105537
0.182993
0.127289
0.106161
0.080020
0.163324
0.109175
0.130714
0.113954
0.126932
0.112959
0.138947
0.121245
0.162798
0.121293
0.124402
0.107258
0.183641
0.119864
0.145220
0.119463
0.176893
0.087834
0.158708
0.169975
0.177908
0.122405
0.167717
0.143742
0.197334
0.146906
0.166856
0.153660
0.192882
0.170589
0.182145
0.143857
0.209210
0.116710
0.185929
0.195991
0.162706
0.152728
0.157906
0.115490
0.152427
0.124262
0.118071
0.101341
0.157975
0.103433
0.090081
0.065802
0.087451
0.042426
0.092589
0.100992
0.073126
0.076050
0.081610
0.032635
0.099610
0.060356
0.025603
0.046066
0.077929
0.056481
0.058808
0.031572
0.067227
0.041416
0.052097
0.036899
0.053646
0.040698
0.055050
0.027545
0.074970
0.038562
0.034621
0.060236
0.057130
0.025283
0.057905
-0.002473
0.055045
0.034007
0.051785
0.017001
0.056365
0.003261
0.030898
0.021006
0.066085
0.016246
0.010813
0.033771
0.061415
0.029875
0.037238
0.011313
0.042601
0.012095
0.054945
0.006948
0.048295
0.012833
0.031074
0.030502
0.048371
0.018141
0.022102
0.022128
0.076225
0.046573
0.047508
-0.008538
0.052769
0.027343
0.040215
0.016982
0.063659
-0.000976
0.034176
0.022338
0.057957
0.016008
0.030677
0.020306
0.063788
0.027807
0.058622
-0.005398
0.043343
0.022933
0.040612
0.006441
0.056894
-0.001850
0.028640
0.015624
0.068136
0.019149
0.016936
0.014010
0.077613
0.021844
0.059839
-0.013186
0.056625
0.020600
0.042066
0.021786
0.060978
-0.009101
0.042987
0.029033
0.073019
0.024417
0.010247
0.037090
0.056786
0.026036
0.060204
-0.001745
0.037068
0.016324
0.042329
-0.005402
0.058992
0.015280
0.026256
0.000660
0.065700
0.011687
-0.000236
0.009106
0.061401
0.019698
0.044030
0.003126
0.045969
0.015061
0.037861
0.003644
0.077433
-0.001455
0.022543
0.025711
0.048902
0.012893
0.012157
0.015610
0.087762
0.031029
0.052310
0.010619
0.051277
0.010615
0.041049
0.016695
0.053467
0.020242
0.028675
0.032537
0.062226
0.014909
0.027993
0.030337
0.058781
0.031736
0.039844
-0.002397
0.051426
0.015589
0.040932
0.007876
0.069705
0.014570
0.011675
0.008500
0.067582
0.005100
-0.003563
0.019460
0.070787
0.002626
0.035348
-0.021215
0.048002
0.016774
0.042521
-0.008386
0.048646
0.001944
0.018943
0.016750
0.055480
0.002889
-0.000991
0.026770
0.059674
0.036742
0.037625
0.006244
0.050460
0.017395
0.044434
0.005897
0.051472
-0.006920
0.031647
0.020254
0.058283
0.012045
0.035762
0.016240
0.067000
0.017570
0.053445
-0.012393
0.055199
0.029194
0.047458
0.005918
0.066166
0.014037
0.043425
0.010156
0.062548
0.013388
0.017574
0.022952
0.066804
0.019895
0.057411
0.002500
0.041313
0.039729
0.047271
0.016320
0.052508
-0.006928
0.060949
0.029739
0.076671
0.020307
0.032009
0.020722
0.074179
0.051040
0.059176
0.008668
0.063968
0.034444
0.057240
0.024889
0.067951
0.019055
0.043837
0.040860
0.076146
0.037589
0.034100
0.044511
0.103541
0.060852
0.059895
0.013417
0.111822
0.082516
0.097354
0.107918
0.080331
0.027517
0.107596
0.072208
0.124776
0.104848
0.104750
0.087246
0.196469
0.152472
0.162925
0.148659
0.231029
0.195484
0.243734
0.236743
0.256837
0.217995
0.278644
0.271310
0.278535
0.296555
0.328501
0.357121
0.360713
0.339681
0.357073
0.308831
0.375125
0.290769
0.360604
0.359271
0.381103
0.364562
0.368965
0.350079
0.354834
0.361138
0.395524
0.370424
0.371920
0.317324
0.354892
0.313591
0.361176
0.293408
0.351205
0.295902
0.279074
0.276093
0.302874
0.295133
0.308938
0.288921
0.228742
0.187136
0.305320
0.263499
0.255679
0.229198
0.299559
0.256994
0.330086
0.271712
0.276838
0.262721
0.274411
0.237051
0.295490
0.249141
0.242292
0.235962
0.338538
0.292848
0.312492
0.263610
0.413587
0.385959
0.405572
0.365779
0.406565
0.386347
0.493811
0.479191
0.499294
0.495381
0.547358
0.571342
0.637886
0.568593
0.632077
0.548291
0.672694
0.621067
0.654242
0.664834
0.682761
0.641471
0.722855
0.686765
0.693813
0.699643
0.716867
0.732591
0.793614
0.704007
0.768770
0.722718
0.767001
0.722233
0.770107
0.744033
0.804562
0.743133
0.766791
0.766165
0.793630
0.773021
0.785487
0.788328
0.825010
0.768564
0.831344
0.775265
0.823225
0.766658
0.818074
0.798858
0.833300
0.787705
0.808992
0.797731
0.818197
0.797374
0.807877
0.815876
0.851690
0.793497
0.836958
0.795053
0.835512
0.803261
0.839192
0.816739
0.841585
0.796291
0.824770
0.819032
0.852620
0.817270
0.828431
0.823013
0.855977
0.798280
0.860376
0.819599
0.854931
0.814929
0.855124
0.841499
0.860036
0.828825
0.841186
0.827142
0.866691
0.840271
0.847616
0.874602
0.876648
0.795901
0.870186
0.827209
0.877033
0.829459
0.859812
0.853452
0.852041
0.815695
0.832183
0.823782
0.846507
0.816901
0.816598
0.821659
0.852059
0.768340
0.822941
0.781121
0.832041
0.777113
0.805524
0.788579
0.830628
0.763546
0.796485
0.783863
0.800204
0.783341
0.789782
0.782562
0.839357
0.769404
0.815105
0.765197
0.816804
0.754698
0.803611
0.788573
0.820402
0.764706
0.785286
0.790277
0.809759
0.766168
0.798712
0.784420
0.848503
0.788167
0.833740
0.776214
0.830952
0.801106
0.835618
0.830393
0.862121
0.801725
0.841742
0.828351
0.853768
0.835051
0.854443
0.853566
0.878959
0.794898
0.856495
0.802342
0.841470
0.813382
0.820771
0.816634
0.822919
0.780725
0.800463
0.781591
0.800924
0.777285
0.750181
0.732818
0.765793
0.686019
0.748681
0.700445
0.730959
0.665503
0.701836
0.678825
0.678979
0.627858
0.649054
0.641936
0.642194
0.599175
0.566547
0.589405
0.624680
0.545872
0.617260
0.568793
0.601822
0.572184
0.598986
0.603559
0.639271
0.575910
0.626658
0.607740
0.630039
0.614248
0.622166
0.610292
0.575114
0.508294
0.532912
0.462780
0.432863
0.441274
0.459998
0.405520
0.337039
0.347326
0.269757
0.205962
0.257174
0.217169
0.024715
