0.007675
0.094908
0.053257
0.064121
0.019042
0.133517
0.093209
0.085295
0.077617
0.069887
-0.002186
0.100363
0.067632
0.088275
0.073092
0.087812
0.097308
0.138374
0.080223
0.129876
0.088342
0.118958
0.048922
0.101748
0.082463
0.069733
0.046650
0.095843
0.083192
0.100249
0.069009
0.049024
0.046681
0.129891
0.060395
0.070483
0.043690
0.074238
0.031418
0.090980
0.067607
0.083195
0.021481
0.058602
0.047276
0.094070
0.066015
0.034688
0.042724
0.098690
0.065024
0.090718
0.073820
0.090937
0.045909
0.134761
0.075855
0.073652
0.042212
0.117147
0.059969
0.101635
0.065344
0.078232
0.073123
0.098219
0.078098
0.086069
0.062192
0.071511
0.047812
0.119582
0.052702
0.041794
0.024044
0.091020
0.063454
0.094386
0.075307
0.055575
0.062778
0.107169
0.059906
0.092154
0.054074
0.087989
0.062776
0.132026
0.111420
0.057151
0.039185
0.113106
0.094247
0.122650
0.098286
0.077202
0.082277
0.135622
0.052835
0.101983
0.073846
0.114734
0.044688
0.116267
0.106768
0.074546
0.054106
0.082882
0.084481
0.114226
0.073433
0.044349
0.051804
0.113443
0.067387
0.092900
0.065909
0.052607
0.027712
0.081314
0.046533
0.079970
0.059210
0.054424
0.047280
0.078317
0.032692
0.025473
0.037335
0.101718
0.039847
0.070478
0.023261
0.072943
0.057627
0.072061
0.047851
0.049404
0.037283
0.052013
0.064073
0.057543
0.043587
0.053157
0.045382
0.097522
0.056991
0.077714
0.028369
0.101357
0.058131
0.080054
0.068685
0.067814
0.031772
0.066759
0.060110
0.085134
0.040510
0.072666
0.056211
0.125034
0.079474
0.087302
0.047571
0.071504
0.056328
0.075112
0.059100
0.065523
0.032549
0.064812
0.068746
0.085414
0.040867
0.039583
0.036466
0.088779
0.033007
0.067642
0.026387
0.069320
0.042727
0.090765
0.062970
0.065867
0.067310
0.093236
0.072902
0.094173
0.075725
0.093973
0.075917
0.187109
0.141129
0.134595
0.095119
0.183146
0.111365
0.146012
0.140705
0.145982
0.133008
0.161954
0.125510
0.154686
0.137798
0.151211
0.148461
0.151222
0.178461
0.193530
0.156653
0.203520
0.133944
0.188867
0.183697
0.139521
0.118170
0.189114
0.154626
0.161674
0.098439
0.158863
0.107733
0.208765
0.141732
0.139884
0.111853
0.193364
0.171783
0.178948
0.169637
0.172563
0.107071
0.194958
0.184369
0.199919
0.147930
0.189197
0.188813
0.250366
0.197430
0.231231
0.170097
0.212129
0.178267
0.208606
0.176017
0.221158
0.175340
0.237089
0.216875
0.211844
0.173620
0.194237
0.209065
0.276463
0.245717
0.250624
0.190876
0.273190
0.215350
0.303804
0.219983
0.248548
0.218731
0.259533
0.270754
0.304601
0.270063
0.274733
0.217180
0.268343
0.241498
0.265176
0.240940
0.279318
0.268862
0.279349
0.254040
0.257689
0.246888
0.273517
0.245963
0.307276
0.259152
0.273157
0.271591
0.368590
0.286698
0.339161
0.289849
0.346726
0.346339
0.357545
0.339762
0.388764
0.318361
0.399533
0.373816
0.390915
0.327265
0.377858
0.383634
0.487934
0.411905
0.454547
0.360020
0.493508
0.450287
0.487989
0.472441
0.529811
0.461762
0.557303
0.551346
0.546510
0.557664
0.555357
0.565613
0.594963
0.510274
0.551823
0.494602
0.518978
0.482611
0.508403
0.470158
0.498026
0.437429
0.501222
0.445883
0.437538
0.444531
0.413763
0.390294
0.518734
0.464490
0.520271
0.455231
0.518165
0.457581
0.544676
0.504199
0.621222
0.525358
0.565204
0.588786
0.581314
0.518375
0.585616
0.598769
0.679070
0.613981
0.641675
0.573603
0.641002
0.614184
0.679182
0.643295
0.685770
0.658436
0.700447
0.663034
0.701470
0.667720
0.686613
0.677348
0.753330
0.619598
0.715799
0.659740
0.672243
0.635743
0.651795
0.667095
0.723643
0.632291
0.653018
0.647198
0.623717
0.634179
0.610330
0.622752
0.655217
0.628741
0.636736
0.564702
0.613658
0.583137
0.633687
0.577563
0.638853
0.584374
0.611522
0.582473
0.583674
0.588064
0.597694
0.532328
0.602651
0.532306
0.609858
0.544993
0.543317
0.478913
0.562190
0.568284
0.601504
0.508641
0.515740
0.484893
0.525949
0.498933
0.468692
0.506375
0.506473
0.468347
0.535798
0.444942
0.528557
0.478198
0.521122
0.512043
0.520554
0.491294
0.571694
0.513044
0.546240
0.520732
0.541443
0.516620
0.616449
0.562468
0.585550
0.496776
0.602175
0.567190
0.586039
0.581182
0.623365
0.568442
0.627985
0.622308
0.625891
0.625136
0.647052
0.636078
0.638946
0.617840
0.679630
0.631489
0.669272
0.615888
0.665820
0.649735
0.660234
0.610284
0.652534
0.625415
0.630790
0.622748
0.619779
0.596822
0.702139
0.600677
0.656156
0.639355
0.669518
0.643616
0.690537
0.681672
0.733723
0.657045
0.708024
0.690164
0.732034
0.721644
0.719254
0.703915
0.802991
0.749672
0.769614
0.733076
0.787639
0.777125
0.813199
0.791322
0.832289
0.764628
0.817729
0.806966
0.823109
0.800973
0.835720
0.835349
0.855480
0.771427
0.832170
0.776135
0.780979
0.756282
0.783713
0.778102
0.791534
0.707337
0.758156
0.739688
0.712861
0.712422
0.690962
0.666182
0.718570
0.678374
0.735959
0.654634
0.718959
0.656712
0.702156
0.688522
0.742579
0.656879
0.693807
0.692848
0.662197
0.697184
0.668574
0.658563
0.775456
0.698091
0.788837
0.745932
0.787243
0.791440
0.829393
0.806962
0.852715
0.814342
0.859067
0.854863
0.872166
0.849327
0.896592
0.879877
0.911078
0.878313
0.899608
0.868076
0.897538
0.888320
0.912576
0.902837
0.908735
0.880455
0.914061
0.907370
0.924393
0.905153
0.922947
0.918775
0.934755
0.883856
0.922772
0.902201
0.918701
0.881583
0.916844
0.914047
0.923676
0.881018
0.901850
0.888699
0.904183
0.882029
0.883697
0.882641
0.937451
0.884540
0.916776
0.884903
0.924083
0.897948
0.935066
0.923738
0.945413
0.915919
0.933859
0.926382
0.939265
0.936846
0.953037
0.944585
0.952842
0.932277
0.952532
0.932785
0.956718
0.937396
0.955910
0.950249
0.958889
0.938677
0.944879
0.941091
0.956044
0.949799
0.957708
0.958814
0.960736
0.926918
0.956184
0.937976
0.957541
0.936263
0.948424
0.945918
0.941441
0.921553
0.933734
0.920292
0.928190
0.912500
0.922360
0.917093
0.931077
0.875703
0.918304
0.881197
0.908192
0.907510
0.916297
0.893129
0.914795
0.879794
0.899129
0.899949
0.910374
0.893126
0.894703
0.877028
0.899321
0.856418
0.900687
0.862239
0.875631
0.812175
0.877130
0.842177
0.878051
0.805922
0.820498
0.800625
0.819804
0.791166
0.761216
0.782609
0.764570
0.669748
0.781189
0.744578
0.743861
0.683300
0.746787
0.689044
0.758820
0.662298
0.678789
0.649692
0.686656
0.666309
0.627425
0.639823
0.663739
0.555418
0.646408
0.581599
0.614682
0.553784
0.593620
0.586002
0.598586
0.523685
0.564618
0.541678
0.512116
0.507237
0.500949
0.483798
0.516020
0.424539
0.472814
0.400903
0.422861
0.425914
0.409007
0.380732
0.384749
0.351173
0.363567
0.314340
0.323055
0.275513
0.233256
0.256007
0.264395
0.230163
0.229808
0.234787
0.267978
0.183221
0.230370
0.217980
0.206098
0.180026
0.266629
0.217961
0.218481
0.195472
0.189080
0.196646
0.309155
0.228559
0.236087
0.210653
0.291188
0.247340
0.243609
0.247580
0.239678
0.188627
0.262175
0.227653
0.296172
0.217628
0.230935
0.235982
0.249657
0.242861
0.194126
0.186855
0.233356
0.243030
0.254867
0.260855
0.183734
0.202292
0.261366
0.179375
0.266690
0.192689
0.204147
0.174211
0.217587
0.206898
0.198385
0.185456
0.185418
0.178941
0.215632
0.211999
0.171963
0.119373
0.195673
0.143856
0.193091
0.152072
0.140501
0.116620
0.197751
0.134350
0.140112
0.147140
0.169328
0.112994
0.204414
0.160714
0.130165
0.128339
0.174652
0.134510
0.147907
0.164932
0.159517
0.170173
0.209672
0.149475
0.199360
0.153898
0.193841
0.110624
0.207816
0.178791
0.158629
0.158670
0.205807
0.144343
0.159006
0.155893
0.177089
0.139373
0.247638
0.138186
0.184147
0.132988
0.139014
0.106429
0.187376
0.169546
0.157426
0.080847
0.184266
0.130931
0.161758
0.119783
0.081079
0.088884
0.155179
0.113546
0.111258
0.104595
0.122323
0.074828
0.114039
0.106304
0.082958
0.097675
0.140272
0.084069
0.123063
0.089884
0.079002
0.078644
0.115858
0.063216
0.093877
0.075671
0.108217
0.062700
0.153675
0.097496
0.079687
0.069470
0.118107
0.091051
0.129818
0.101603
0.111112
0.113096
0.131096
0.058701
0.126442
0.107390
0.113323
0.070910
0.153492
0.106535
0.069096
0.068268
0.119230
0.075982
0.105413
0.091271
0.066913
0.074336
0.115512
0.066743
0.082111
0.056988
0.078066
0.053855
0.089363
0.074286
0.071929
0.075221
0.054895
0.014382
0.104637
0.056722
0.059697
0.037919
0.115437
0.065992
0.065330
0.014586
0.105277
0.068207
0.076845
0.051160
0.069810
0.054077
0.085468
0.056130
0.106666
0.090443
0.089405
0.085405
0.090470
0.055163
0.104073
0.079369
0.126266
0.091562
0.088937
0.088691
0.093926
0.046812
0.097337
0.078403
0.098652
0.076298
0.053930
0.065493
0.122593
0.085457
0.093763
0.042785
0.069697
0.028727
0.094084
0.057739
0.055024
0.027678
0.059829
0.033281
0.064796
0.046931
0.021837
0.047955
0.158851
0.062129
0.079167
0.044195
0.098827
0.055220
0.116560
0.083513
0.083035
0.061140
0.084565
0.090674
0.096079
0.074821
0.074490
0.081178
0.147223
0.107746
0.094286
0.051865
0.103927
0.069133
0.095978
0.095029
0.075622
0.025904
0.087643
0.075878
0.091763
0.069630
0.095577
0.075000
0.097709
0.055540
0.096579
0.063187
0.075409
0.056666
0.102733
0.095149
0.059629
0.031686
0.067145
0.047350
0.081888
0.049701
0.046388
0.031502
0.082961
0.040327
0.073745
0.031986
0.056639
0.037109
0.094777
0.069477
0.072999
0.027353
0.039902
0.055384
0.075770
0.047794
0.055606
0.059939
0.113313
0.058458
0.089482
0.068914
0.082970
0.050210
0.105161
0.081920
0.064975
0.066205
0.104675
0.070885
0.112972
0.090584
0.116607
0.097966
0.088622
0.050926
0.106881
0.082098
0.076196
0.041269
0.137583
0.130537
0.131971
0.133613
0.077967
0.067623
0.078709
0.072622
0.011698
