0.013497
0.067006
0.044527
0.053504
0.018485
0.138664
0.113550
0.052205
0.045107
0.072534
-0.002721
0.068615
0.071016
0.058925
0.028811
0.069876
0.048018
0.070316
0.040798
0.070616
0.040686
0.051862
0.042093
0.070376
0.047224
0.053195
0.002820
0.056776
0.026176
0.064293
0.041293
0.040218
0.029683
0.070108
0.027093
0.052385
0.023691
0.058940
0.037894
0.076798
0.044578
0.049004
0.018994
0.047426
0.048068
0.092319
0.054291
0.036426
0.040537
0.103479
0.056517
0.061759
0.015849
0.099818
0.082192
0.105956
0.047727
0.042905
0.008431
0.081284
0.052234
0.080528
0.060692
0.048321
0.057087
0.094119
0.066415
0.076755
0.036491
0.078100
0.040943
0.088688
0.061807
0.066750
0.014633
0.067787
0.053267
0.065898
0.073175
0.052597
0.043705
0.073378
0.029566
0.083315
0.046755
0.059326
0.029674
0.094346
0.065959
0.073081
0.000915
0.050815
0.036298
0.075307
0.032889
0.030443
0.034721
0.066722
0.037770
0.070167
0.001866
0.047730
0.013871
0.058940
0.001831
0.057420
0.022172
0.034586
0.023895
0.054391
0.028010
0.026038
0.032819
0.051019
0.034152
0.061996
-0.000398
0.044274
0.023564
0.076107
0.023145
0.056737
-0.001925
0.037167
0.014162
0.049669
0.032676
0.011000
0.034097
0.070546
0.029904
0.059500
0.010848
0.068667
0.037885
0.061402
0.007457
0.067804
0.014295
0.046297
0.024140
0.065755
0.038672
0.036871
0.035489
0.051502
0.033165
0.052072
0.022675
0.054773
0.016895
0.070125
0.020712
0.041250
-0.007287
0.059549
0.007681
0.067577
0.007488
-0.010193
0.027549
0.083583
0.035461
0.052625
0.001000
0.049200
0.012992
0.037407
-0.000814
0.065616
0.015215
0.025565
0.013416
0.061147
0.004998
0.009534
0.039973
0.045288
0.017582
0.038796
-0.013742
0.041681
0.035500
0.033174
-0.000996
0.063835
-0.011648
0.022506
0.018071
0.052341
0.000429
0.023850
0.031863
0.085356
0.022640
0.050042
0.005818
0.048622
0.025266
0.055433
0.027145
0.064227
-0.016757
0.036297
0.038566
0.059042
0.010827
0.034521
0.028844
0.077114
0.014274
0.075060
0.031922
0.037477
0.017208
0.069776
0.025074
0.055936
0.023852
0.047836
0.032323
0.068038
0.000025
0.018739
0.046685
0.100188
0.082293
0.068081
0.005901
0.101485
0.063446
0.047424
0.044123
0.054629
0.003579
0.091967
0.075340
0.077596
0.039625
0.052532
0.062148
0.134300
0.083659
0.092641
0.066434
0.138058
0.098798
0.137424
0.103996
0.056463
0.061327
0.134264
0.097258
0.143996
0.142337
0.115638
0.087228
0.185003
0.161910
0.146985
0.138344
0.206913
0.146363
0.183124
0.195734
0.182308
0.138852
0.222077
0.185414
0.175646
0.163440
0.204636
0.180777
0.291340
0.235968
0.222680
0.209201
0.297621
0.281400
0.271950
0.277730
0.307748
0.207130
0.311599
0.311450
0.358595
0.355926
0.329304
0.327221
0.375594
0.307881
0.369212
0.352448
0.398340
0.309417
0.368099
0.362503
0.349279
0.318726
0.390402
0.364439
0.373370
0.325110
0.336307
0.337089
0.448150
0.425053
0.396517
0.337433
0.457939
0.405103
0.448819
0.433617
0.461125
0.422887
0.493245
0.449090
0.473079
0.444361
0.473428
0.449180
0.498787
0.422247
0.476566
0.438043
0.496175
0.439676
0.468563
0.458433
0.474272
0.451925
0.492296
0.477599
0.470456
0.480739
0.486074
0.521611
0.531753
0.467831
0.490280
0.437581
0.423286
0.432719
0.457238
0.410973
0.471975
0.393555
0.404012
0.360333
0.406677
0.344770
0.314207
0.326514
0.366392
0.340742
0.367084
0.277387
0.336282
0.312008
0.358032
0.335068
0.330083
0.329212
0.318827
0.325572
0.349923
0.292457
0.295920
0.288607
0.357771
0.323989
0.322763
0.250032
0.332782
0.277860
0.330453
0.307488
0.313793
0.292891
0.328038
0.330613
0.348136
0.321190
0.326690
0.350533
0.421900
0.396631
0.385863
0.307203
0.390618
0.343950
0.394697
0.378485
0.415446
0.376241
0.370506
0.368536
0.388121
0.326936
0.366476
0.399968
0.405776
0.351412
0.366848
0.331258
0.329801
0.301600
0.341493
0.349409
0.353033
0.290215
0.307120
0.292861
0.306865
0.273467
0.224719
0.269336
0.322878
0.279681
0.277312
0.218738
0.291560
0.204215
0.282225
0.240153
0.317170
0.235704
0.299374
0.252385
0.303233
0.263848
0.251183
0.293756
0.382283
0.310386
0.341282
0.266553
0.400747
0.356593
0.409977
0.369495
0.413366
0.343658
0.449215
0.422939
0.463986
0.442145
0.443387
0.470653
0.461205
0.416702
0.492792
0.398799
0.432585
0.409731
0.457350
0.438865
0.446455
0.393012
0.415984
0.421317
0.424392
0.403585
0.407854
0.417801
0.468747
0.423308
0.478656
0.396686
0.476408
0.399330
0.510600
0.485135
0.571000
0.477557
0.522632
0.480862
0.560237
0.538397
0.516656
0.526284
0.579004
0.536655
0.511367
0.463911
0.542034
0.525512
0.539615
0.479423
0.481706
0.401029
0.510537
0.471234
0.498231
0.460897
0.403194
0.463017
0.453038
0.387089
0.429234
0.349933
0.386697
0.373540
0.371206
0.387296
0.358395
0.277223
0.343812
0.322603
0.354950
0.271893
0.278988
0.241989
0.308519
0.301113
0.321178
0.297387
0.354754
0.335583
0.399941
0.384238
0.353396
0.334379
0.397436
0.379554
0.398073
0.375140
0.377800
0.387140
0.499060
0.424079
0.479493
0.403094
0.536638
0.529896
0.559299
0.513653
0.572416
0.492587
0.620891
0.609839
0.630963
0.609530
0.644864
0.673082
0.687122
0.646771
0.655369
0.599715
0.656241
0.607106
0.653516
0.613172
0.607266
0.578595
0.626176
0.591483
0.566259
0.581170
0.570624
0.577592
0.631635
0.535434
0.623507
0.577670
0.633656
0.549097
0.602205
0.613953
0.645703
0.564522
0.592478
0.576803
0.617914
0.592415
0.573225
0.606729
0.663284
0.561220
0.649803
0.594391
0.639717
0.608695
0.619838
0.597749
0.657487
0.597435
0.620293
0.598318
0.629106
0.585428
0.634658
0.614871
0.629254
0.559455
0.585983
0.538787
0.497102
0.451564
0.506312
0.488128
0.516388
0.437952
0.448276
0.403419
0.425126
0.349409
0.325377
0.342504
0.447421
0.387888
0.399442
0.286222
0.375371
0.316203
0.397965
0.371687
0.422976
0.352590
0.383464
0.326623
0.352797
0.347844
0.342699
0.339238
0.411843
0.360537
0.363034
0.303136
0.396800
0.357205
0.412562
0.390208
0.391887
0.362039
0.414962
0.361817
0.411740
0.456462
0.429879
0.380594
0.424755
0.396061
0.453341
0.396753
0.453111
0.415850
0.452061
0.407967
0.450492
0.420204
0.459424
0.469736
0.482922
0.426390
0.464591
0.479548
0.511356
0.438090
0.470361
0.408886
0.441009
0.405408
0.439199
0.411887
0.464239
0.378345
0.385727
0.347700
0.403157
0.388976
0.384373
0.344765
0.386051
0.358803
0.369311
0.338940
0.367386
0.288998
0.341536
0.342056
0.300382
0.278182
0.300512
0.255299
0.342970
0.291481
0.238987
0.266502
0.279358
0.224987
0.306755
0.274850
0.362290
0.356923
0.353084
0.360297
0.310113
0.259915
0.401614
0.372582
0.414559
0.395403
0.388560
0.375028
0.460859
0.418120
0.460153
0.371658
0.470125
0.461383
0.479228
0.463658
0.515063
0.448954
0.504788
0.491666
0.543946
0.532106
0.577810
0.540826
0.555496
0.521468
0.609547
0.545028
0.576771
0.491328
0.577088
0.499561
0.565396
0.527362
0.540665
0.532673
0.472693
0.479944
0.499890
0.492482
0.524245
0.453145
0.470393
0.424712
0.448304
0.433731
0.448435
0.420211
0.429642
0.377561
0.433628
0.390654
0.429325
0.373730
0.355548
0.374714
0.379052
0.347042
0.383754
0.346551
0.404250
0.368069
0.366379
0.341447
0.347225
0.337586
0.388490
0.299490
0.362476
0.333236
0.328305
0.313758
0.349264
0.318403
0.379890
0.315455
0.408556
0.411641
0.416146
0.385771
0.429824
0.373081
0.437790
0.411784
0.443850
0.463394
0.453341
0.484742
0.475654
0.396656
0.506307
0.473309
0.490724
0.455799
0.493688
0.437366
0.512684
0.443383
0.491111
0.464696
0.482803
0.464011
0.490973
0.463059
0.528159
0.390931
0.502634
0.418607
0.409254
0.375047
0.413356
0.434080
0.377938
0.300868
0.390734
0.389468
0.359642
0.351406
0.307195
0.348262
0.396272
0.318779
0.372381
0.308438
0.419862
0.358602
0.372031
0.381323
0.379690
0.320119
0.420971
0.390843
0.403188
0.356372
0.396468
0.340251
0.471196
0.417978
0.448214
0.384486
0.467573
0.436353
0.467056
0.445460
0.509220
0.424461
0.506996
0.485895
0.531815
0.479470
0.521646
0.509302
0.568791
0.514362
0.557482
0.501158
0.598249
0.578482
0.571506
0.539174
0.619037
0.555791
0.616106
0.565370
0.608906
0.622355
0.635225
0.645979
0.696393
0.580226
0.663759
0.605493
0.651845
0.605575
0.644993
0.614315
0.667870
0.590714
0.631908
0.618635
0.627607
0.612574
0.615323
0.622451
0.673000
0.611727
0.643491
0.573122
0.616953
0.565041
0.606813
0.584251
0.638685
0.573093
0.605696
0.583766
0.605704
0.620740
0.580588
0.610203
0.653085
0.550493
0.632815
0.570511
0.614408
0.558206
0.595744
0.597974
0.664192
0.549138
0.604835
0.584421
0.593253
0.583120
0.596360
0.598657
0.629101
0.565685
0.594053
0.538222
0.572897
0.534882
0.569438
0.565264
0.577896
0.496748
0.559681
0.518697
0.529826
0.476116
0.464890
0.483684
0.522238
0.465284
0.502735
0.435122
0.506388
0.456430
0.506310
0.467624
0.540637
0.482508
0.545874
0.536780
0.572940
0.447659
0.540826
0.551782
0.596008
0.522836
0.577089
0.537585
0.550154
0.541733
0.584174
0.569603
0.633617
0.560453
0.613841
0.559800
0.558264
0.585693
0.552174
0.543206
0.540063
0.452221
0.531260
0.469192
0.504036
0.445213
0.512446
0.475681
0.469164
0.406391
0.444869
0.437087
0.442163
0.378118
0.335019
0.339727
0.357632
0.315273
0.341437
0.295244
0.330519
0.269671
0.327468
0.301982
0.282808
0.303102
0.305086
0.238322
0.268499
0.224726
0.244652
0.174391
0.272835
0.225092
0.223440
0.212035
0.276180
0.210077
0.239917
0.274990
0.284884
0.207140
0.267631
0.241386
0.247603
0.258571
0.307564
0.279306
0.248111
0.224001
0.196049
0.169637
0.131769
0.105305
0.152155
0.175036
0.136731
0.167455
0.078830
0.074772
0.112266
0.098952
0.017868
