0.011070
0.060625
0.039257
0.047655
0.019660
0.081528
0.044944
0.042346
0.013647
0.083613
0.000221
0.028675
0.019787
0.055528
0.002479
0.016673
0.029872
0.072443
0.036171
0.055886
0.006052
0.051295
0.017167
0.064458
0.024097
0.071036
0.015187
0.019419
0.018607
0.074414
0.003669
0.009040
0.038362
0.081232
0.044069
0.056440
-0.014585
0.044470
0.039978
0.041528
0.032289
0.046596
0.022609
0.044545
0.028377
0.067206
0.018796
0.017413
0.024097
0.072382
0.021832
0.069721
0.007006
0.051384
0.033870
0.041915
0.020964
0.062914
-0.005286
0.037036
0.029632
0.054413
0.012507
0.013275
0.033039
0.068419
0.040818
0.062051
0.008046
0.053234
0.020409
0.041419
0.017023
0.056049
0.033929
0.039454
0.017166
0.062721
0.017189
0.016890
0.028364
0.074468
0.041042
0.054941
-0.000906
0.048957
0.030277
0.066790
0.020241
0.045412
0.006487
0.047079
0.035084
0.057126
0.014503
0.031396
0.034857
0.059136
0.044016
0.057320
-0.008814
0.042917
0.022651
0.043016
0.004951
0.069476
0.009913
0.037335
0.008443
0.066793
0.009843
0.004199
0.039520
0.056516
0.012285
0.052463
-0.009701
0.048617
0.020658
0.032790
-0.006014
0.057215
0.016728
0.027066
0.018735
0.053224
-0.008259
0.012126
0.009722
0.045684
0.016597
0.050180
-0.010067
0.047360
0.008346
0.034029
-0.002123
0.050597
-0.002779
0.011537
0.010372
0.051420
-0.015063
0.013174
0.025076
0.035169
0.012680
0.037463
-0.011225
0.056030
0.021927
0.045498
-0.003856
0.058751
-0.014478
0.014783
0.018044
0.060019
0.003076
-0.002611
0.012446
0.079546
0.032334
0.030860
-0.015135
0.062921
0.019252
0.039886
0.004363
0.061413
-0.008447
0.024220
0.002563
0.065355
-0.002001
0.000174
0.020998
0.062630
0.023361
0.041290
-0.016771
0.052915
0.011902
0.034505
0.004011
0.056418
-0.000701
0.023359
0.016970
0.057275
-0.002161
0.030863
0.014990
0.050768
0.026998
0.052399
-0.021474
0.041516
0.008694
0.038862
-0.009781
0.073827
-0.003261
0.016222
-0.002359
0.062991
0.011536
-0.004049
0.018685
0.064280
0.004269
0.050164
-0.018589
0.037388
-0.005454
0.041047
-0.011606
0.045291
-0.001970
0.020149
0.013285
0.052267
-0.016564
0.009073
0.028376
0.057902
0.018637
0.036447
-0.002658
0.044925
0.015376
0.042604
-0.006617
0.057294
-0.006666
0.015219
0.030000
0.051809
0.011136
0.006830
0.018117
0.068724
0.036840
0.040634
-0.000133
0.050105
0.036773
0.040226
0.002397
0.061543
0.008163
0.031546
0.028203
0.052697
0.014105
0.017790
0.043562
0.063100
0.038464
0.061034
0.018978
0.057167
0.016362
0.045987
0.018742
0.065080
0.025457
0.047167
0.037482
0.060713
0.000481
0.029909
0.040507
0.059281
0.033450
0.046806
0.007460
0.051731
0.014825
0.053797
0.019661
0.048306
0.011673
0.055763
0.013965
0.050335
0.004838
0.023316
0.029883
0.059594
0.039972
0.064528
0.017860
0.034165
0.005312
0.075864
0.015722
0.060790
0.013652
0.042944
0.020502
0.054803
0.014105
0.008721
0.019518
0.065637
0.035105
0.050489
-0.010558
0.053946
0.033647
0.033648
0.009849
0.071677
0.012284
0.028906
0.003388
0.072676
0.003056
0.015175
0.011356
0.047809
0.027526
0.056226
-0.014151
0.041813
0.020469
0.048455
-0.006837
0.058860
0.013230
0.004231
0.003176
0.044839
0.000196
0.004307
0.014046
0.058048
0.023965
0.041469
-0.008448
0.046811
0.002392
0.044540
-0.006054
0.052244
0.014005
0.024791
0.005502
0.052771
0.005418
0.020580
0.016577
0.060988
0.027351
0.053337
0.005773
0.048194
0.018075
0.049401
0.006870
0.045746
-0.008280
0.038636
0.027666
0.052780
0.033842
0.033746
0.039023
0.044477
0.019980
0.060175
-0.000768
0.037580
0.024178
0.046553
0.023925
0.061880
0.005544
0.040371
0.012710
0.059839
0.009282
0.030089
0.026585
0.053505
0.039567
0.043256
0.003326
0.035317
0.027372
0.045551
0.029258
0.064190
0.010782
0.033517
0.015262
0.058787
0.025027
0.040110
0.032667
0.066353
0.029533
0.057836
0.026485
0.055952
0.030857
0.049017
0.010267
0.054415
0.017994
0.039544
0.028806
0.070524
0.010942
0.021031
0.023358
0.082251
0.026296
0.043877
0.009821
0.064597
0.035050
0.059692
0.005423
0.068353
0.029097
0.049308
0.022801
0.066924
0.038836
0.021893
0.046001
0.066819
0.007766
0.059772
0.022924
0.044596
0.037910
0.051025
0.019603
0.075381
0.029324
0.030179
0.013026
0.077495
0.028868
0.020487
0.033983
0.055672
0.020434
0.060932
-0.000392
0.056429
0.049489
0.042929
0.029249
0.067000
0.014644
0.036566
0.027414
0.066513
0.018758
0.011880
0.029484
0.085939
0.023928
0.035079
-0.004731
0.074856
0.035711
0.064198
0.032526
0.044245
0.009481
0.040152
0.036277
0.057619
0.022465
0.046467
0.024736
0.077865
0.035168
0.058789
0.018176
0.089518
0.058976
0.081621
0.051382
0.058199
0.021423
0.088734
0.056561
0.081105
0.054221
0.082129
0.080900
0.136557
0.092466
0.109424
0.084735
0.158991
0.080212
0.146092
0.122585
0.135503
0.111792
0.166723
0.142838
0.179284
0.153989
0.157701
0.163960
0.224525
0.153452
0.188037
0.139951
0.230423
0.164626
0.181831
0.174752
0.162632
0.162840
0.194994
0.155203
0.187426
0.178461
0.107194
0.141034
0.175056
0.131168
0.147274
0.133517
0.190930
0.146095
0.166754
0.156028
0.150270
0.107006
0.157686
0.155887
0.180308
0.121567
0.106476
0.093734
0.217919
0.118856
0.144440
0.109697
0.219311
0.147957
0.171802
0.165229
0.156121
0.142986
0.176080
0.144298
0.189896
0.131952
0.113032
0.144961
0.216890
0.181269
0.176220
0.125271
0.219008
0.150940
0.198121
0.183208
0.195891
0.169584
0.207477
0.179903
0.217294
0.195476
0.177881
0.164653
0.216731
0.180169
0.197955
0.157940
0.200540
0.152967
0.191370
0.168741
0.197456
0.177568
0.205556
0.166478
0.207694
0.194430
0.186422
0.193426
0.252090
0.176553
0.182637
0.169203
0.203746
0.157099
0.192307
0.170631
0.161620
0.153158
0.190849
0.146372
0.185863
0.180107
0.126786
0.109445
0.218597
0.144570
0.161027
0.136714
0.202603
0.176099
0.201330
0.179586
0.166524
0.160175
0.196098
0.189494
0.229704
0.174407
0.169835
0.193116
0.250047
0.182382
0.172913
0.138945
0.211042
0.150500
0.178117
0.157723
0.154851
0.162493
0.184049
0.140445
0.170115
0.126081
0.148345
0.141994
0.179503
0.146700
0.128693
0.128449
0.179501
0.128701
0.160240
0.135177
0.109675
0.121502
0.156163
0.106527
0.158817
0.105696
0.089651
0.085626
0.144433
0.092732
0.119629
0.088778
0.114552
0.085540
0.120256
0.087950
0.097363
0.084995
0.108680
0.073297
0.131035
0.089708
0.056408
0.051983
0.131793
0.065938
0.095827
0.049228
0.119876
0.083916
0.108403
0.077005
0.086230
0.080108
0.118836
0.074256
0.114150
0.085572
0.071054
0.063237
0.138119
0.068261
0.084627
0.071354
0.146759
0.090549
0.118545
0.098520
0.070121
0.077493
0.114687
0.067227
0.098274
0.089430
0.065026
0.066024
0.114439
0.052702
0.074975
0.058700
0.083798
0.036764
0.083312
0.050990
0.054833
0.040060
0.056346
0.035775
0.099458
0.060799
0.040021
0.053206
0.063738
0.027129
0.071462
0.027998
0.056056
0.040144
0.067599
0.034453
0.064374
0.013367
0.043022
0.017362
0.091558
0.030436
0.016981
0.036845
0.069762
0.048514
0.041310
0.014988
0.068439
0.040670
0.064657
0.019147
0.059662
-0.001016
0.057810
0.041643
0.054733
0.029881
0.031055
0.049909
0.075378
0.043784
0.053111
0.005488
0.067083
0.049540
0.067816
0.028968
0.073747
0.018220
0.034045
0.039882
0.078554
0.030062
0.023316
0.038722
0.082138
0.042351
0.054830
0.017947
0.054996
0.042280
0.053447
0.013997
0.071175
0.028985
0.054428
0.018261
0.063640
0.015539
0.034396
0.017236
0.067847
0.035554
0.058843
-0.004209
0.081565
0.058202
0.071541
0.029464
0.061641
0.015536
0.045483
0.036023
0.077742
0.021044
0.031779
0.036249
0.062009
0.034988
0.054719
0.023904
0.052733
0.043548
0.038655
0.037967
0.057710
0.019562
0.043808
0.028369
0.069436
0.017134
0.022847
0.043295
0.058735
0.031471
0.055509
0.026927
0.057797
0.029303
0.068449
0.026608
0.046336
0.017131
0.045817
0.024475
0.067930
0.026300
0.052971
0.028409
0.082310
0.022682
0.061165
0.005820
0.053727
0.024684
0.056353
0.058965
0.056551
0.031047
0.038736
0.041851
0.075522
0.054458
0.032078
0.051653
0.097857
0.046003
0.068927
0.026775
0.100257
0.060177
0.076767
0.060095
0.065308
0.046520
0.106484
0.075208
0.104834
0.062802
0.077911
0.079764
0.147992
0.108757
0.113601
0.085838
0.139239
0.092785
0.096154
0.086661
0.102686
0.078406
0.138719
0.098313
0.113615
0.071454
0.092634
0.106484
0.139756
0.111153
0.105464
0.081892
0.135889
0.069487
0.100849
0.099054
0.084450
0.058453
0.089354
0.081901
0.087717
0.057346
0.052224
0.054877
0.135931
0.041805
0.076840
0.045893
0.081326
0.041506
0.074853
0.052495
0.073222
0.056380
0.066103
0.047681
0.075692
0.059203
0.057091
0.046829
0.109172
0.083865
0.085269
0.050679
0.134006
0.099204
0.111763
0.107776
0.114733
0.084821
0.124902
0.078325
0.140473
0.105805
0.116818
0.102891
0.135121
0.090486
0.119572
0.099057
0.149473
0.101314
0.142027
0.104128
0.116159
0.087112
0.140420
0.116660
0.151240
0.111645
0.155637
0.142167
0.168321
0.115507
0.145046
0.107272
0.169280
0.102185
0.155055
0.144200
0.114585
0.109080
0.140376
0.114129
0.154852
0.091202
0.079152
0.071198
0.159346
0.083643
0.106067
0.049682
0.116145
0.089881
0.109271
0.112086
0.075974
0.080263
0.102836
0.085807
0.124379
0.081391
0.065532
0.068895
0.126322
0.079696
0.110781
0.069436
0.092986
0.039264
0.098787
0.085365
0.072882
0.071729
0.071780
0.058577
0.109898
0.064399
0.046361
0.047273
0.129389
0.086560
0.084090
0.047957
0.116141
0.056252
0.083930
0.079238
0.101403
0.067406
0.106175
0.062389
0.106409
0.075742
0.077699
0.074124
0.096686
0.076074
0.090235
0.060236
0.066817
0.036425
0.073537
0.072027
0.098960
0.088403
0.045793
0.034218
0.069546
0.064807
0.014070
