0.013656
0.059963
0.030750
0.051955
0.012016
0.085951
0.044465
0.040325
0.025764
0.055492
-0.000279
0.044588
0.030920
0.067820
0.019888
0.029785
0.032561
0.065531
0.016417
0.060833
0.001325
0.038253
0.023884
0.044934
0.000948
0.064316
-0.010664
0.059971
0.024915
0.049953
-0.000739
0.018849
0.020495
0.062192
0.058712
0.060436
-0.015001
0.036663
0.017765
0.055888
0.008923
0.046786
0.003165
0.042963
0.018201
0.063658
0.002778
0.011106
0.027175
0.058465
0.023254
0.052292
-0.016851
0.047610
0.020605
0.034200
-0.015903
0.058392
0.002378
0.034761
0.016538
0.050091
0.009226
0.004698
0.017747
0.043780
0.010230
0.061775
0.006992
0.041764
0.004032
0.053876
0.001449
0.055523
-0.007641
0.019013
0.003487
0.068686
0.004176
-0.001462
0.013316
0.064205
0.020083
0.060639
-0.035362
0.030006
0.016842
0.031027
-0.018197
0.049608
-0.008597
0.024394
0.008097
0.051777
0.000626
0.012686
0.014083
0.034839
0.023121
0.059589
-0.007372
0.036551
0.019744
0.050452
-0.013120
0.056986
-0.012835
0.043489
0.009590
0.052405
0.018482
0.006378
0.017876
0.061280
0.024044
0.052509
-0.007254
0.041549
0.007562
0.044091
0.014319
0.055115
0.001191
0.036542
0.013853
0.050870
0.002337
0.017650
0.014957
0.076875
0.036310
0.045456
-0.019050
0.063529
0.036422
0.051470
0.016620
0.066182
0.012138
0.042727
0.026669
0.081121
0.037546
0.028597
0.029241
0.103988
0.049716
0.059758
0.007468
0.075471
0.046122
0.074208
0.030126
0.068449
0.025844
0.058711
0.048719
0.069312
0.051815
0.031092
0.056144
0.093140
0.048692
0.071635
0.028132
0.084877
0.039947
0.101867
0.065516
0.059495
0.042606
0.096599
0.061647
0.095646
0.050655
0.077148
0.055955
0.122186
0.073751
0.096075
0.062666
0.089731
0.041442
0.091789
0.085096
0.103828
0.081413
0.073853
0.046684
0.090965
0.055647
0.063223
0.054429
0.106673
0.068663
0.082335
0.032862
0.072018
0.025856
0.089122
0.069052
0.059141
0.039895
0.046308
0.036743
0.090790
0.041724
0.028403
0.022320
0.085967
0.047226
0.074101
0.026237
0.046988
0.023891
0.076745
0.023258
0.052473
0.039126
0.048568
0.017431
0.072167
0.017435
0.026373
0.034220
0.075047
0.036478
0.072057
-0.005957
0.043534
0.020023
0.043366
0.009504
0.052518
0.017096
0.047014
0.023194
0.066546
0.004676
0.020492
0.017719
0.081256
0.021610
0.054746
-0.018866
0.042696
-0.004942
0.049246
0.006251
0.061675
0.002815
0.024723
0.018567
0.064453
0.016351
0.003879
0.024800
0.056079
0.020702
0.064309
-0.012350
0.036920
0.016242
0.052903
-0.001345
0.065297
-0.005442
0.020580
0.007026
0.059305
-0.017245
0.012351
0.027057
0.052941
0.010489
0.041607
-0.017787
0.024779
0.001371
0.041429
-0.010105
0.053788
-0.006968
0.016865
0.008538
0.041844
0.009834
-0.001214
0.026816
0.061520
0.001721
0.039548
-0.020604
0.044308
0.024278
0.032380
-0.012524
0.064979
-0.018873
0.020028
0.004400
0.059784
-0.007778
-0.002160
0.028164
0.038021
0.014316
0.052008
-0.017354
0.038653
-0.015713
0.048128
-0.028624
0.061988
0.001072
0.015483
0.004395
0.062688
-0.001638
-0.005217
0.004305
0.058486
0.015990
0.035291
-0.021870
0.040411
-0.010507
0.044009
-0.020771
0.060233
-0.012393
0.006790
-0.003317
0.058466
-0.005527
-0.009481
-0.000474
0.074098
0.021043
0.042070
-0.022225
0.029860
-0.000310
0.037720
-0.029899
0.061662
-0.005958
0.012652
0.004196
0.050527
-0.005735
-0.010273
0.018985
0.064768
0.019197
0.036491
-0.030617
0.034545
-0.017775
0.048971
-0.017462
0.046747
-0.012012
0.012867
0.004897
0.061254
-0.003841
-0.008899
0.015358
0.059905
0.010580
0.046591
-0.016219
0.031421
0.009233
0.038569
-0.013227
0.061596
-0.030385
0.029129
0.017427
0.059716
-0.002992
0.011505
0.010019
0.071267
0.025339
0.050964
-0.010520
0.030280
0.017702
0.047873
0.006030
0.066315
0.005721
0.035382
0.007884
0.053585
0.001392
0.011388
0.023402
0.077402
0.025431
0.057176
-0.007841
0.038389
0.032640
0.061023
0.001796
0.067468
0.010135
0.034362
0.011212
0.065553
0.022478
0.041898
0.026914
0.110016
0.041923
0.066610
0.016748
0.085880
0.079784
0.095677
0.097686
0.079370
0.048567
0.105545
0.087466
0.104993
0.082662
0.129934
0.125268
0.207552
0.158893
0.171627
0.152872
0.285717
0.242714
0.266590
0.254853
0.287609
0.233553
0.344723
0.332435
0.340055
0.320723
0.395614
0.365921
0.437206
0.391353
0.388290
0.299269
0.417286
0.379132
0.426388
0.375418
0.369087
0.361242
0.434839
0.381898
0.410095
0.358727
0.357128
0.346538
0.451874
0.423029
0.429983
0.374826
0.485845
0.442931
0.473304
0.479346
0.475891
0.451202
0.524949
0.504201
0.473034
0.508468
0.527773
0.511474
0.633883
0.575330
0.638851
0.567016
0.668305
0.619048
0.691893
0.647973
0.716559
0.693226
0.725953
0.724064
0.762481
0.741223
0.798106
0.764685
0.813745
0.762708
0.811375
0.775884
0.824997
0.765112
0.817458
0.808838
0.842129
0.788031
0.823083
0.812100
0.838620
0.800715
0.835524
0.831182
0.867701
0.800093
0.844452
0.781325
0.843290
0.830685
0.837571
0.810586
0.837057
0.792731
0.827143
0.805132
0.835781
0.833316
0.830371
0.824895
0.870378
0.824167
0.876402
0.843761
0.890393
0.853186
0.893170
0.883531
0.908282
0.871914
0.894461
0.891344
0.913203
0.885469
0.911934
0.907911
0.933440
0.901658
0.918011
0.893369
0.941234
0.898269
0.933046
0.922175
0.928959
0.914210
0.921927
0.915650
0.932228
0.926395
0.932175
0.927573
0.950161
0.923057
0.937799
0.913896
0.947499
0.928130
0.942900
0.938474
0.946733
0.918089
0.936473
0.932074
0.940712
0.931990
0.942210
0.932966
0.950500
0.920751
0.935397
0.923134
0.951773
0.929810
0.947329
0.937940
0.945626
0.921375
0.943905
0.924054
0.947838
0.938468
0.945500
0.937785
0.960686
0.928075
0.951454
0.938491
0.954691
0.947631
0.964388
0.957360
0.962318
0.938604
0.955092
0.950899
0.966570
0.953140
0.959649
0.954147
0.973369
0.949088
0.960845
0.949217
0.964076
0.952164
0.964755
0.959432
0.962939
0.947212
0.952322
0.949182
0.967425
0.950629
0.957949
0.956260
0.967024
0.940792
0.963069
0.944420
0.971960
0.955096
0.968910
0.963210
0.969280
0.950949
0.959404
0.950124
0.967107
0.957959
0.959936
0.962178
0.975161
0.956101
0.965394
0.952317
0.973636
0.955116
0.969914
0.968337
0.973943
0.958305
0.963530
0.963508
0.976213
0.966472
0.973411
0.974339
0.980121
0.959925
0.974284
0.957580
0.976662
0.963216
0.975344
0.971616
0.976194
0.962343
0.969167
0.963845
0.971024
0.962819
0.971560
0.971992
0.979517
0.957112
0.972701
0.957401
0.978040
0.960813
0.976653
0.971314
0.976538
0.963927
0.966608
0.962707
0.974048
0.970820
0.972467
0.971501
0.979799
0.960335
0.976433
0.960621
0.981973
0.965539
0.981727
0.977589
0.977183
0.970200
0.973737
0.970309
0.980588
0.971936
0.981335
0.978331
0.983496
0.966044
0.977316
0.968206
0.977747
0.961347
0.977186
0.976627
0.973134
0.965182
0.968620
0.960949
0.973945
0.965850
0.971284
0.970775
0.977077
0.956564
0.970280
0.958982
0.974942
0.960841
0.975793
0.974635
0.976122
0.962009
0.967006
0.960571
0.972642
0.962464
0.972480
0.965352
0.972590
0.947991
0.965592
0.947229
0.961556
0.938879
0.956291
0.952381
0.955782
0.930504
0.936499
0.929746
0.941065
0.926836
0.928528
0.915649
0.928193
0.899430
0.924011
0.899953
0.916839
0.886886
0.909172
0.901257
0.911774
0.863190
0.881822
0.864654
0.886247
0.862248
0.844243
0.860946
0.882307
0.804643
0.852700
0.792761
0.856976
0.790154
0.820391
0.803474
0.794413
0.790403
0.773770
0.757234
0.798992
0.745019
0.751667
0.756735
0.763579
0.685968
0.734670
0.660901
0.708070
0.637409
0.664545
0.634928
0.651845
0.563685
0.614661
0.580515
0.562683
0.528127
0.496882
0.484285
0.534612
0.487819
0.508684
0.432178
0.448905
0.383511
0.443308
0.433943
0.481343
0.402147
0.420993
0.350738
0.414332
0.330408
0.366597
0.370630
0.425201
0.349138
0.387917
0.305487
0.380525
0.338136
0.359562
0.328987
0.338188
0.344950
0.350580
0.333188
0.329103
0.296048
0.309052
0.340213
0.328227
0.304032
0.317663
0.243625
0.322557
0.238810
0.294626
0.274505
0.268684
0.257195
0.221812
0.197489
0.223891
0.175456
0.200944
0.192659
0.208644
0.173850
0.143328
0.129770
0.130105
0.068005
0.115317
0.129259
0.080823
0.072683
0.107384
0.063880
0.100932
0.085240
0.052251
0.043257
0.108425
0.054407
0.086272
0.030932
0.074072
0.028244
0.075916
0.054199
0.061029
0.011871
0.072974
0.047009
0.076554
0.036481
0.032726
0.040914
0.070722
0.044137
0.069520
0.041446
0.065812
0.030618
0.091738
0.047586
0.051294
0.017253
0.065772
0.056776
0.061999
0.044714
0.025029
0.035107
0.135268
0.053538
0.076352
0.020477
0.055519
0.033952
0.075727
0.050609
0.061088
0.020560
0.041742
0.030602
0.077195
0.035205
0.019102
0.029759
0.078215
0.050830
0.069039
0.011692
0.051215
0.024986
0.071186
0.028437
0.065704
-0.005081
0.038013
0.025270
0.066191
0.023485
0.007969
0.041877
0.057285
0.044523
0.064816
0.012380
0.054468
0.026142
0.067672
0.022711
0.060200
-0.001674
0.044906
0.031868
0.084175
0.022333
0.025499
0.028654
0.073113
0.046106
0.067426
0.040915
0.064370
0.039817
0.097516
0.056997
0.049904
0.014793
0.055667
0.040885
0.066598
0.044110
0.055721
0.058823
0.092484
0.051150
0.059817
0.025049
0.064411
0.034433
0.091127
0.062396
0.044734
0.011413
0.057289
0.034565
0.078268
0.047110
0.037966
0.031602
0.050914
0.024436
0.069640
0.012419
0.037848
0.015902
0.068526
0.010120
0.060735
0.009974
0.039316
0.013711
0.061451
0.017958
0.012561
0.034935
0.070694
0.033980
0.050893
0.004728
0.046380
0.022954
0.036076
0.007963
0.064626
0.000747
0.032285
0.015954
0.056027
0.014203
0.033541
0.035038
0.058563
0.024762
0.064273
0.015988
0.049954
0.020779
0.045919
0.035304
0.105550
0.058744
0.027892
-0.001127
0.050869
0.056271
0.013756
