0.012329
0.062198
0.034408
0.061142
0.039285
0.086855
0.067971
0.041031
0.038321
0.061957
0.017220
0.057912
0.029523
0.066737
0.016786
0.022675
0.040695
0.054543
0.038294
0.065970
-0.006931
0.045395
0.016005
0.052263
0.000135
0.051148
-0.005350
0.051404
0.028169
0.065690
0.006868
0.013214
0.022126
0.068604
0.016475
0.047852
0.003780
0.048656
0.016588
0.055354
0.017459
0.062515
-0.001731
0.035421
0.018293
0.058860
0.007832
0.021595
0.017556
0.061563
0.031006
0.048001
0.002226
0.030403
0.027023
0.058103
-0.010321
0.059254
-0.032024
0.042265
0.008555
0.064867
0.031080
0.019199
0.043212
0.064252
0.023814
0.051591
-0.001853
0.045817
0.038072
0.093166
0.029643
0.036126
-0.002972
0.060269
0.026848
0.068202
0.037045
0.021230
0.043914
0.069550
0.023109
0.061005
0.019812
0.078337
0.031331
0.072478
0.036722
0.050486
-0.006503
0.039071
0.050163
0.059971
0.025625
0.021865
0.034913
0.074032
0.045383
0.068870
0.007715
0.064392
0.016574
0.055678
0.017932
0.065362
0.019806
0.030192
0.018604
0.073876
0.014849
0.035273
0.019868
0.066746
0.032799
0.057985
-0.008355
0.038033
0.036057
0.042271
0.016259
0.043827
0.016374
0.037744
0.040251
0.059391
0.015939
0.014355
0.024114
0.075468
0.028104
0.044699
0.004828
0.050440
0.025980
0.060418
0.012233
0.059751
0.002613
0.039475
0.021445
0.060113
0.008050
0.021737
0.020508
0.086542
0.056578
0.058204
0.000431
0.056021
0.025853
0.056917
0.023737
0.047450
0.009119
0.047744
0.042041
0.071092
0.023563
0.043425
0.048681
0.087900
0.027244
0.071204
0.024354
0.066667
0.030586
0.088725
0.022205
0.059709
0.017336
0.046557
0.027544
0.061825
0.035286
0.036759
0.042169
0.086941
0.037146
0.072860
-0.005983
0.068464
0.056329
0.081252
0.040538
0.047224
0.014101
0.051639
0.043051
0.076313
0.034699
0.043171
0.052340
0.063082
0.043385
0.085425
0.031604
0.057320
0.056685
0.076721
0.045192
0.051316
0.053400
0.066076
0.048689
0.071677
0.050065
0.072993
0.064328
0.115411
0.066609
0.087934
0.084835
0.093087
0.090777
0.143559
0.113814
0.070562
0.042499
0.124844
0.100043
0.124286
0.113033
0.088114
0.060335
0.147465
0.087853
0.119519
0.084752
0.115017
0.088160
0.117385
0.096728
0.094820
0.101709
0.110441
0.117991
0.141649
0.087177
0.100564
0.105776
0.155940
0.118004
0.119546
0.098151
0.153496
0.091203
0.138003
0.129904
0.145357
0.109828
0.126343
0.096135
0.145046
0.132464
0.088387
0.113901
0.171095
0.144548
0.135800
0.143174
0.189501
0.130721
0.198006
0.175672
0.147998
0.156163
0.212191
0.186708
0.186792
0.167530
0.191313
0.173902
0.281612
0.240792
0.220244
0.182639
0.259544
0.207226
0.248748
0.242618
0.245725
0.207997
0.213330
0.186838
0.240861
0.191305
0.170650
0.210770
0.228897
0.173758
0.199807
0.197838
0.215097
0.147518
0.209649
0.236790
0.237654
0.167430
0.227365
0.184968
0.214873
0.186991
0.186500
0.159947
0.317649
0.250934
0.227041
0.202354
0.275221
0.237780
0.254958
0.266829
0.241056
0.218801
0.277985
0.246765
0.247783
0.195038
0.206325
0.186815
0.292816
0.200590
0.204307
0.198491
0.176826
0.147116
0.176716
0.172534
0.195528
0.140284
0.173116
0.113151
0.177644
0.165092
0.137465
0.131241
0.216571
0.158434
0.180471
0.146598
0.198268
0.184362
0.242606
0.227844
0.178965
0.166978
0.221691
0.214780
0.237350
0.202192
0.186487
0.199280
0.250440
0.170574
0.202637
0.184403
0.206129
0.171060
0.201431
0.189070
0.170768
0.181302
0.163391
0.145617
0.174688
0.160456
0.140700
0.121786
0.185066
0.130266
0.152468
0.100379
0.184126
0.125382
0.143225
0.149311
0.101159
0.106351
0.168073
0.121515
0.165871
0.128733
0.119872
0.096910
0.158063
0.120814
0.124934
0.116048
0.167150
0.129865
0.166639
0.180369
0.133935
0.104979
0.161398
0.148027
0.190425
0.117764
0.131694
0.144151
0.150882
0.131372
0.157900
0.126503
0.110171
0.072250
0.131970
0.158956
0.112872
0.113961
0.114658
0.095429
0.128123
0.078188
0.071577
0.070457
0.075292
0.034666
0.103836
0.066023
0.064655
0.040580
0.091809
0.047328
0.072859
0.035883
0.069585
0.055799
0.088903
0.041763
0.039898
0.053588
0.094592
0.050848
0.075694
0.038692
0.044860
0.032239
0.094697
0.044204
0.053667
0.031906
0.072421
0.021560
0.060390
0.040320
0.042697
0.045217
0.048631
0.042525
0.065137
0.030713
0.046654
0.005596
0.060276
0.031283
0.070850
0.012401
0.057034
0.033573
0.076793
0.018176
0.056852
0.036302
0.067595
0.036263
0.061785
0.018659
0.049955
0.033503
0.069649
0.016268
0.054693
0.005673
0.038600
0.023487
0.072900
0.026856
0.035009
0.029179
0.069414
0.044598
0.051534
-0.007598
0.067732
0.038534
0.062218
0.027064
0.050029
-0.013251
0.060974
0.021387
0.069844
0.033658
0.007120
0.039517
0.086399
0.050826
0.054743
0.004637
0.043246
0.015944
0.060589
0.011068
0.047193
0.003101
0.038280
0.031041
0.073138
0.020419
0.024013
0.027060
0.087208
0.016335
0.057637
0.038885
0.054549
0.022168
0.078688
0.031896
0.059764
0.006084
0.056431
0.035437
0.079403
0.036772
0.030625
0.042473
0.085982
0.034736
0.048490
0.007116
0.065272
0.043135
0.078727
0.029978
0.033848
-0.001973
0.071135
0.052871
0.074143
0.048042
0.055729
0.060480
0.094181
0.049608
0.068512
0.030488
0.055612
0.040019
0.064899
0.079312
0.074006
0.034900
0.061779
0.035510
0.091465
0.062076
0.018716
0.040069
0.078435
0.027083
0.076480
0.023188
0.041807
0.012210
0.057713
0.024404
0.068080
0.013960
0.041064
0.006462
0.070915
0.023609
0.006182
0.048611
0.061034
0.018948
0.061415
0.006204
0.041650
0.018624
0.052540
0.004054
0.054899
0.004848
0.050542
0.027851
0.080829
0.022834
0.021651
0.034349
0.097940
0.056274
0.058257
0.009184
0.078547
0.053276
0.056901
0.038551
0.047328
0.031959
0.056256
0.047967
0.079321
0.032422
0.028403
0.055675
0.089923
0.047840
0.072073
0.022218
0.044900
0.008107
0.073576
0.034448
0.060844
0.026020
0.045384
0.030537
0.050977
0.014844
0.024734
0.043375
0.063656
0.039346
0.058029
0.008030
0.051910
0.045663
0.065746
0.000433
0.036041
0.010639
0.031058
0.036218
0.062941
0.030124
0.020832
0.045366
0.085203
0.037498
0.061753
0.016185
0.060461
0.041579
0.078689
0.035715
0.034605
0.017657
0.028230
0.029875
0.057901
0.039755
0.019670
0.038803
0.078758
0.027700
0.062442
0.014251
0.052619
0.046016
0.069654
0.047717
0.056039
0.006491
0.052940
0.055825
0.048197
0.045701
0.053800
0.042541
0.071889
0.022795
0.063205
0.030088
0.047057
0.032804
0.066278
0.028559
0.069056
0.020358
0.044545
0.034304
0.067672
0.026204
0.022837
0.044845
0.077967
0.013612
0.065301
0.026926
0.058410
0.025743
0.081112
0.020356
0.062471
0.024298
0.072330
0.023427
0.069188
0.027987
0.039298
0.043057
0.074406
0.030064
0.079619
0.050838
0.049061
0.013907
0.069838
0.048696
0.071565
0.021251
0.040417
0.034935
0.076664
0.041242
0.039119
0.042347
0.082462
0.032576
0.070091
0.017629
0.073341
0.044221
0.077251
0.028551
0.040668
0.023083
0.072538
0.063076
0.070034
0.037087
0.034717
0.049406
0.112723
0.064952
0.064776
0.040608
0.069541
0.027659
0.082788
0.081149
0.076945
0.062995
0.027071
0.029632
0.097619
0.046346
0.027803
0.043493
0.106187
0.065003
0.060655
0.028972
0.122716
0.078787
0.072161
0.066923
0.062578
0.022186
0.083320
0.072016
0.090536
0.074631
0.059293
0.071561
0.126812
0.078378
0.110560
0.052578
0.174061
0.119711
0.103675
0.117730
0.104791
0.067332
0.145045
0.114130
0.150130
0.125830
0.138352
0.139310
0.188975
0.146165
0.151700
0.150029
0.140687
0.114345
0.143155
0.155325
0.113343
0.111282
0.140505
0.141094
0.149970
0.117240
0.134282
0.108841
0.221595
0.161158
0.158844
0.201327
0.271519
0.247919
0.258901
0.233510
0.216969
0.233285
0.304929
0.281151
0.319583
0.324851
0.342881
0.345201
0.443105
0.343727
0.408049
0.332406
0.419622
0.387227
0.413503
0.425578
0.445954
0.385193
0.478487
0.440402
0.493135
0.446681
0.503829
0.462879
0.571909
0.497642
0.528462
0.457255
0.517764
0.526254
0.538682
0.508028
0.510351
0.492372
0.534227
0.517636
0.505771
0.506885
0.492379
0.475640
0.557428
0.466940
0.539652
0.445185
0.524879
0.511070
0.503426
0.503630
0.540588
0.437121
0.504960
0.508029
0.520442
0.490216
0.495527
0.489076
0.524535
0.486442
0.558251
0.474143
0.536677
0.514892
0.539989
0.533698
0.563799
0.465137
0.543093
0.514405
0.497750
0.548842
0.511240
0.509389
0.566921
0.509939
0.563498
0.513496
0.546996
0.556505
0.562319
0.546422
0.570583
0.527604
0.588850
0.578530
0.598515
0.580508
0.571937
0.565348
0.626089
0.555696
0.586101
0.565010
0.592098
0.513808
0.586847
0.557399
0.620479
0.563554
0.598243
0.590353
0.597384
0.574576
0.587094
0.618652
0.622165
0.516770
0.611185
0.550563
0.532729
0.511720
0.548346
0.526970
0.584068
0.469526
0.538378
0.521317
0.500781
0.440236
0.424183
0.433961
0.478053
0.423685
0.452509
0.405360
0.383432
0.307184
0.418559
0.394502
0.423329
0.327618
0.314211
0.307170
0.359554
0.256174
0.228239
0.244189
0.295174
0.263201
0.249554
0.212085
0.250843
0.224768
0.292813
0.277405
0.226377
0.243799
0.241132
0.206053
0.262469
0.225512
0.229177
0.179765
0.241477
0.184643
0.224259
0.174734
0.220204
0.164072
0.214277
0.224890
0.191012
0.183151
0.213766
0.187507
0.218923
0.146548
0.189989
0.157993
0.172753
0.132297
0.122715
0.132239
0.141466
0.085214
0.129345
0.168526
0.127610
0.101951
0.105522
0.095508
0.126565
0.095157
0.075033
0.063096
0.116933
0.059686
0.123618
0.096473
0.095268
0.049277
0.103716
0.092027
0.092112
0.085127
0.110849
0.083891
0.130021
0.095136
0.086453
0.091850
0.098470
0.071527
0.106242
0.078083
0.051983
0.029452
0.096003
0.090608
0.113315
0.112045
0.058941
0.026482
0.073166
0.072741
0.017081
