0.016082
0.105189
0.061373
0.067700
0.023876
0.161417
0.129889
0.098233
0.084506
0.074144
0.057673
0.132093
0.141152
0.131510
0.082153
0.173516
0.126705
0.213344
0.177447
0.154033
0.153707
0.160346
0.113408
0.186362
0.188973
0.137551
0.111631
0.150758
0.122548
0.128093
0.117125
0.097271
0.093104
0.172218
0.114374
0.115639
0.112827
0.148199
0.101224
0.169815
0.139459
0.167701
0.134092
0.183023
0.134642
0.156122
0.139029
0.180526
0.181471
0.229156
0.171321
0.169290
0.116040
0.168086
0.135651
0.184150
0.149072
0.145310
0.141365
0.171440
0.115331
0.184747
0.122098
0.122664
0.112234
0.191768
0.145882
0.179076
0.119165
0.169067
0.175004
0.166251
0.190660
0.126017
0.147048
0.209218
0.168824
0.177147
0.148029
0.142333
0.128837
0.199820
0.184136
0.159161
0.116517
0.163720
0.126687
0.178914
0.149902
0.132526
0.127299
0.164354
0.129958
0.187030
0.121817
0.125463
0.130573
0.170594
0.118115
0.138742
0.147792
0.190523
0.181795
0.213687
0.193525
0.172041
0.142241
0.221252
0.201378
0.226904
0.166199
0.191063
0.188199
0.202183
0.156785
0.188518
0.151468
0.210790
0.138012
0.171450
0.190024
0.201921
0.143921
0.198015
0.133827
0.167140
0.118759
0.115888
0.128277
0.171269
0.123560
0.135186
0.102579
0.135660
0.081873
0.149146
0.151895
0.114862
0.082441
0.149698
0.112469
0.109913
0.088825
0.048607
0.071138
0.141487
0.085358
0.105930
0.070874
0.112189
0.065548
0.123626
0.100562
0.099027
0.072185
0.112619
0.103693
0.130616
0.091487
0.084988
0.080052
0.133363
0.089910
0.100231
0.067152
0.120087
0.090674
0.112636
0.091459
0.056239
0.052820
0.134604
0.087993
0.096914
0.103245
0.057518
0.063329
0.137656
0.082265
0.095190
0.061984
0.108963
0.084001
0.113959
0.093301
0.084942
0.085628
0.110228
0.102658
0.109610
0.090965
0.081051
0.090779
0.119239
0.102663
0.102434
0.054406
0.096669
0.070317
0.106060
0.089591
0.106567
0.076222
0.091022
0.072607
0.101803
0.085665
0.068062
0.074872
0.112295
0.073859
0.088824
0.062639
0.102178
0.064572
0.092510
0.081868
0.060430
0.045035
0.101742
0.060815
0.081482
0.085861
0.028033
0.034806
0.116310
0.055261
0.080344
0.045605
0.075580
0.043076
0.072553
0.057693
0.058175
0.026928
0.078289
0.055029
0.084778
0.047519
0.040968
0.039934
0.091910
0.041691
0.075866
0.026302
0.062210
0.043401
0.065542
0.044410
0.065303
0.017581
0.060401
0.063290
0.076154
0.064980
0.041839
0.051644
0.090250
0.057735
0.074843
0.041726
0.055697
0.032040
0.107575
0.043693
0.075665
0.027335
0.051179
0.032521
0.081340
0.058959
0.036658
0.032344
0.100465
0.035116
0.071279
0.016113
0.046579
-0.005717
0.052645
0.008320
0.066779
0.017656
0.040625
0.020015
0.065832
-0.008438
0.028822
0.015680
0.083677
0.029295
0.048424
-0.011428
0.048406
0.029444
0.038929
0.008143
0.087081
-0.014927
0.023939
0.021955
0.059872
-0.003751
0.032201
0.025558
0.063777
0.043248
0.056850
-0.015888
0.042501
0.013176
0.057831
0.016059
0.053410
0.004099
0.046539
0.018710
0.061504
0.001150
0.009543
0.022034
0.068389
0.021091
0.067944
-0.001272
0.039961
-0.007863
0.029422
-0.012946
0.067552
0.005284
0.013429
0.018176
0.055402
0.001283
0.026573
0.013841
0.060420
0.019648
0.035035
-0.022180
0.039889
0.001496
0.042170
-0.003040
0.053197
-0.010811
0.012410
0.024443
0.048764
-0.008205
0.005374
0.036587
0.064338
0.017426
0.035284
-0.020242
0.039201
0.017665
0.035753
-0.002673
0.068448
-0.034769
0.025564
0.016741
0.062133
-0.014013
0.021127
0.019720
0.044640
0.015019
0.055496
0.013831
0.038834
0.001016
0.043715
0.001503
0.062391
-0.008218
0.020680
0.027971
0.060771
0.010219
0.002319
0.020398
0.095393
0.030056
0.036403
-0.006902
0.043278
0.010369
0.039434
0.013647
0.058597
-0.002940
0.057079
0.024863
0.056634
0.015059
0.044662
0.023682
0.081123
0.048971
0.059607
0.015066
0.065174
0.025076
0.075814
0.044648
0.052740
-0.003387
0.065994
0.045497
0.072955
0.062398
0.049615
0.039263
0.104038
0.050514
0.090655
0.049660
0.079786
0.060890
0.088452
0.076446
0.069563
0.067669
0.074824
0.050391
0.102300
0.088181
0.079383
0.080641
0.152924
0.100610
0.120793
0.119262
0.160031
0.128280
0.156927
0.139499
0.153473
0.125996
0.195578
0.166721
0.174217
0.153986
0.196794
0.184554
0.297006
0.263953
0.268717
0.217655
0.321522
0.328709
0.342639
0.333738
0.332388
0.338366
0.409394
0.400019
0.410054
0.390927
0.477118
0.478352
0.546348
0.485169
0.565044
0.478384
0.607348
0.596841
0.610983
0.577289
0.649080
0.587628
0.675185
0.664578
0.663355
0.687455
0.721554
0.693861
0.754071
0.686790
0.776736
0.726885
0.783082
0.719270
0.792577
0.772072
0.809781
0.751160
0.795269
0.785248
0.813453
0.793625
0.806038
0.806922
0.852064
0.767708
0.822268
0.785528
0.816953
0.791232
0.819872
0.799006
0.840844
0.782303
0.784210
0.791726
0.798666
0.767940
0.767087
0.785464
0.820554
0.762234
0.821077
0.783066
0.802726
0.758450
0.811274
0.796788
0.838703
0.794482
0.799819
0.786716
0.801349
0.809217
0.825552
0.806095
0.853156
0.811026
0.842614
0.809923
0.851760
0.810065
0.859596
0.847048
0.859011
0.838563
0.855582
0.837259
0.854725
0.841411
0.871336
0.866280
0.889206
0.830506
0.868215
0.821102
0.874922
0.831932
0.857610
0.854271
0.863867
0.813879
0.829125
0.818528
0.844898
0.822272
0.820086
0.805836
0.832440
0.757737
0.821180
0.788181
0.804090
0.719532
0.770708
0.763730
0.805165
0.741475
0.746849
0.738281
0.745618
0.737635
0.721951
0.737426
0.767185
0.696100
0.757059
0.679365
0.733532
0.721453
0.718159
0.710835
0.730411
0.650318
0.736679
0.709283
0.706885
0.688247
0.650594
0.672357
0.761116
0.668773
0.699706
0.654263
0.696184
0.641475
0.695033
0.698908
0.721485
0.600171
0.676335
0.667719
0.702030
0.656517
0.653122
0.649406
0.663166
0.611588
0.682116
0.639795
0.637381
0.598284
0.628980
0.620503
0.651918
0.567086
0.609940
0.604087
0.633635
0.590091
0.554377
0.606156
0.645508
0.591065
0.632921
0.594356
0.639446
0.582610
0.630334
0.619198
0.667848
0.601878
0.668245
0.626823
0.678351
0.644129
0.657199
0.646598
0.695381
0.639943
0.729373
0.648828
0.729547
0.668688
0.714580
0.700099
0.753211
0.679041
0.733707
0.711440
0.751532
0.731835
0.720927
0.728432
0.786110
0.692355
0.757300
0.706957
0.740350
0.753069
0.750771
0.734660
0.740102
0.708033
0.746644
0.753716
0.744460
0.730091
0.749089
0.724525
0.797571
0.717089
0.791553
0.741438
0.761112
0.724913
0.771683
0.753222
0.804896
0.747812
0.772836
0.742711
0.786575
0.763645
0.792768
0.755322
0.814158
0.778960
0.807915
0.744235
0.794008
0.755032
0.798689
0.775765
0.788699
0.748954
0.792879
0.784461
0.763680
0.768182
0.774468
0.758269
0.831253
0.738984
0.801983
0.747705
0.794868
0.778360
0.784030
0.773127
0.801621
0.736253
0.800189
0.775646
0.814364
0.793410
0.791197
0.796094
0.844502
0.788090
0.841192
0.800643
0.867951
0.807001
0.856950
0.859024
0.886718
0.839739
0.865298
0.862552
0.896346
0.862926
0.901244
0.895907
0.922437
0.880687
0.924048
0.890860
0.931538
0.909024
0.936648
0.928288
0.948015
0.917081
0.934369
0.923086
0.939270
0.933668
0.950432
0.945898
0.958372
0.930689
0.949853
0.936553
0.958653
0.931916
0.952709
0.951062
0.957771
0.934710
0.946460
0.939150
0.960965
0.944728
0.947741
0.954011
0.963401
0.927899
0.947802
0.936554
0.947908
0.924982
0.949187
0.944750
0.951633
0.929820
0.934788
0.909424
0.934512
0.922091
0.926897
0.920803
0.935463
0.895290
0.925511
0.903988
0.915317
0.880986
0.917748
0.914736
0.918316
0.878163
0.886946
0.872077
0.881498
0.869778
0.874305
0.868917
0.889664
0.843567
0.884152
0.829839
0.868039
0.838331
0.864966
0.853225
0.882685
0.833814
0.842923
0.841137
0.875459
0.835797
0.855522
0.846586
0.874760
0.819214
0.862284
0.836209
0.835415
0.800274
0.854550
0.830083
0.866661
0.805929
0.802390
0.798948
0.824878
0.775246
0.802726
0.787321
0.826163
0.754008
0.810019
0.779299
0.793759
0.758617
0.806860
0.804992
0.821989
0.750985
0.784880
0.786218
0.794429
0.756568
0.767682
0.783520
0.818631
0.722529
0.789312
0.716963
0.733348
0.695967
0.739623
0.723514
0.763155
0.658878
0.699030
0.675705
0.675873
0.658087
0.590612
0.614805
0.614122
0.528104
0.590409
0.528840
0.533175
0.449047
0.477135
0.482834
0.524040
0.399218
0.447116
0.414086
0.384423
0.345562
0.332845
0.336386
0.373388
0.351904
0.333189
0.284935
0.303586
0.204966
0.297515
0.299711
0.312717
0.285059
0.277849
0.258355
0.253630
0.217666
0.231090
0.211086
0.278703
0.222671
0.252904
0.235267
0.275017
0.234527
0.287249
0.249861
0.253016
0.188377
0.274807
0.270282
0.286884
0.281288
0.261657
0.250495
0.346377
0.281699
0.306916
0.220911
0.302429
0.282104
0.308224
0.293234
0.256374
0.240230
0.314914
0.298645
0.305517
0.291932
0.262454
0.233900
0.325119
0.250938
0.272600
0.216913
0.280470
0.199846
0.274656
0.262311
0.242648
0.234691
0.251303
0.204778
0.243769
0.200458
0.206205
0.232642
0.266104
0.201806
0.211409
0.191887
0.277417
0.194933
0.194149
0.235787
0.205873
0.152996
0.215702
0.217406
0.221635
0.203817
0.170155
0.159046
0.245446
0.181221
0.161645
0.122147
0.133122
0.065507
0.124662
0.088388
0.108674
0.112908
0.097186
0.066405
0.079203
0.083719
0.051408
0.066543
0.115161
0.068465
0.087844
0.056753
0.100925
0.051592
0.098125
0.086975
0.073865
0.003920
0.092390
0.060665
0.105661
0.077719
0.052697
0.038533
0.078695
0.022277
0.089272
0.025957
0.055406
0.028568
0.079392
0.029747
0.062195
0.015119
0.037977
0.033752
0.075820
0.022512
0.056321
0.036302
0.057052
0.047412
0.077489
0.048730
0.046408
0.019364
0.091769
0.059172
0.089080
0.065094
0.054229
0.031839
0.057956
0.070884
0.014690
