0.011789
0.063878
0.029640
0.051874
0.005747
0.078017
0.042328
0.032796
0.009105
0.065887
0.015738
0.032509
0.021018
0.048299
0.005136
0.020301
0.024916
0.061970
0.026890
0.047120
-0.009345
0.044379
0.023380
0.043406
0.001833
0.073597
-0.004011
0.034200
0.021084
0.063899
-0.010128
0.002151
0.002011
0.056415
0.025076
0.035633
-0.004979
0.048273
0.012207
0.042824
-0.002707
0.059196
-0.005367
0.021379
0.020291
0.057106
-0.001696
0.019749
0.024776
0.046578
0.022515
0.044148
-0.001650
0.042598
0.018236
0.057163
0.001355
0.055580
0.005346
0.029659
-0.000017
0.051227
0.021636
-0.004799
0.030499
0.071483
0.018482
0.051146
-0.005818
0.045674
0.022790
0.032026
0.009728
0.059343
0.013814
0.033105
0.011229
0.057558
0.009864
0.013740
0.020426
0.049032
0.010933
0.057852
0.009487
0.042905
0.008886
0.052307
-0.011589
0.057022
-0.016428
0.032881
0.020279
0.056281
-0.000465
0.019286
0.035725
0.064338
0.031043
0.047564
-0.002823
0.051977
0.026518
0.051318
0.007416
0.045671
-0.012430
0.039781
0.026106
0.057121
0.035427
0.021070
0.025956
0.061529
0.018651
0.060780
0.006065
0.037582
0.016636
0.055847
0.004534
0.067420
0.019169
0.024740
0.012546
0.062752
0.032364
0.004212
0.029409
0.092032
0.027984
0.053796
0.003784
0.062324
0.051050
0.070769
0.031031
0.056638
0.004863
0.061528
0.070025
0.053901
0.024372
0.035383
0.036396
0.080048
0.047427
0.065853
0.036161
0.060334
0.041235
0.069514
0.039271
0.055341
0.054993
0.067618
0.059117
0.066271
0.043765
0.056212
0.059778
0.093190
0.065661
0.077565
0.031880
0.067085
0.054669
0.092113
0.081595
0.052812
0.030379
0.058342
0.065193
0.089432
0.049647
0.032591
0.051929
0.120042
0.041075
0.087100
0.040757
0.088770
0.062611
0.091906
0.092552
0.068678
0.065677
0.057206
0.062024
0.116527
0.070093
0.059708
0.062528
0.092111
0.054581
0.081457
0.044784
0.065741
0.045583
0.086598
0.062393
0.064168
0.055456
0.056808
0.051403
0.084943
0.028908
0.007869
0.041571
0.092612
0.047577
0.056211
0.003278
0.066088
0.045720
0.069785
0.043625
0.052233
0.010320
0.052274
0.040792
0.076527
0.047784
0.052115
0.046808
0.107596
0.032095
0.080790
0.031820
0.109289
0.060326
0.098688
0.074372
0.097430
0.070919
0.106484
0.105299
0.112232
0.080599
0.109507
0.093291
0.175677
0.150445
0.121987
0.097371
0.124243
0.065776
0.124091
0.117512
0.098078
0.101522
0.107306
0.091360
0.107610
0.086493
0.073076
0.061558
0.090046
0.052690
0.089618
0.042198
0.076239
0.042944
0.077705
0.050936
0.069994
0.034061
0.090315
0.036564
0.092407
0.073631
0.034994
0.035224
0.084305
0.032960
0.069508
0.011002
0.049311
0.028720
0.062642
0.026898
0.053378
0.011368
0.046437
0.015047
0.070612
0.025042
0.028262
0.038360
0.081725
0.017725
0.045743
-0.003641
0.055627
0.027927
0.039207
0.017568
0.052327
-0.003726
0.056393
0.043089
0.057567
0.014875
0.020990
0.029118
0.068758
0.031987
0.075479
0.009417
0.040472
0.026509
0.059309
0.034258
0.026283
0.023752
0.060598
0.045443
0.061466
0.030131
0.048392
0.038238
0.064285
0.038028
0.058311
0.028561
0.045389
0.007543
0.076911
0.019483
0.056690
0.020123
0.046504
0.013050
0.071605
0.012011
-0.006079
0.027570
0.065736
0.035433
0.049017
-0.007566
0.053853
0.022813
0.037034
0.001827
0.062080
-0.012150
0.031203
0.021322
0.051890
0.005112
0.014856
0.021084
0.062772
0.026846
0.046065
0.002925
0.033259
0.017924
0.055497
-0.002834
0.061602
0.014373
0.030661
0.006696
0.054003
0.013949
0.012678
0.030655
0.068819
0.027610
0.047534
-0.014447
0.054322
0.028327
0.032142
0.004707
0.044690
-0.003263
0.039757
0.037515
0.046368
0.016525
0.014813
0.038872
0.069610
0.037595
0.063571
0.009475
0.071308
0.046602
0.083818
0.043772
0.072285
0.009759
0.065256
0.050154
0.087223
0.046645
0.071903
0.071092
0.137427
0.099382
0.068887
0.030517
0.096242
0.064403
0.086741
0.102693
0.069602
0.055774
0.091243
0.053642
0.103932
0.054976
0.040127
0.056269
0.083881
0.038182
0.083186
0.026541
0.105712
0.045596
0.077107
0.064076
0.077357
0.025747
0.078606
0.052660
0.085150
0.090323
0.056140
0.045974
0.075548
0.056590
0.076453
0.055615
0.084629
0.049757
0.095045
0.077472
0.071078
0.063221
0.073276
0.065579
0.080487
0.035837
0.053106
0.070309
0.169999
0.122259
0.076582
0.072955
0.198254
0.160049
0.168439
0.153409
0.139481
0.120764
0.226074
0.175723
0.223000
0.200088
0.246658
0.239538
0.306369
0.232274
0.291261
0.283324
0.332192
0.298665
0.347488
0.316546
0.360767
0.333597
0.371516
0.296075
0.389020
0.327287
0.364036
0.376432
0.395113
0.337387
0.416559
0.379413
0.448385
0.383537
0.431622
0.399862
0.428566
0.424679
0.448193
0.413170
0.463121
0.462144
0.462233
0.469622
0.529351
0.472810
0.507641
0.442682
0.548314
0.464427
0.513333
0.490506
0.538277
0.477209
0.510154
0.478728
0.528443
0.529334
0.503152
0.524589
0.568422
0.500584
0.565041
0.483587
0.565096
0.502874
0.536033
0.548219
0.521407
0.468916
0.527788
0.509658
0.552677
0.493203
0.475730
0.458653
0.559300
0.510777
0.533983
0.459144
0.537009
0.483024
0.525136
0.540839
0.538847
0.515775
0.552085
0.518026
0.540621
0.544737
0.561538
0.515565
0.584530
0.492912
0.545825
0.478644
0.513274
0.470082
0.488585
0.424677
0.462472
0.414373
0.436302
0.419456
0.420299
0.429688
0.388772
0.346162
0.370905
0.313294
0.340559
0.269887
0.301796
0.250941
0.255062
0.289043
0.228726
0.235026
0.202688
0.181054
0.242971
0.169802
0.098338
0.127803
0.203028
0.149964
0.118668
0.100571
0.149384
0.070784
0.133770
0.090981
0.089379
0.080987
0.109965
0.092336
0.117435
0.073569
0.056152
0.057536
0.120236
0.075664
0.070756
0.030806
0.092970
0.044404
0.083946
0.027029
0.053750
0.016719
0.045923
0.063071
0.074051
0.037806
0.040831
0.053462
0.094696
0.038351
0.069432
0.019155
0.065915
0.054742
0.091823
0.074218
0.043912
0.014125
0.078289
0.062043
0.090877
0.057057
0.084065
0.029722
0.097337
0.063972
0.073188
0.019625
0.080839
0.053224
0.089894
0.075838
0.093091
0.042769
0.066483
0.029844
0.084004
0.058260
0.039545
0.038845
0.096232
0.071462
0.055310
-0.002301
0.071902
0.055381
0.081951
0.045999
0.073729
0.050786
0.047770
0.031992
0.067115
0.031452
0.041752
0.034306
0.093931
0.053574
0.069318
0.032190
0.055942
0.040298
0.071710
0.035414
0.052314
0.027503
0.062265
0.055974
0.058381
0.035775
0.056234
0.057529
0.075666
0.028873
0.071666
0.029921
0.037549
0.034270
0.073300
0.040060
0.067530
0.002906
0.057034
0.036341
0.089939
0.016379
0.040336
0.033571
0.079696
0.041205
0.066044
0.032802
0.048899
0.006916
0.066587
0.020393
0.072619
0.028021
0.052079
0.020463
0.062835
0.017764
0.016485
0.017825
0.065445
0.030464
0.063935
0.000572
0.041891
0.033879
0.050504
0.020438
0.048900
0.011920
0.036260
0.027659
0.081487
0.006665
0.029500
0.014501
0.086626
0.035174
0.057588
0.002104
0.046964
0.021670
0.054167
0.015620
0.046434
0.010096
0.043079
0.033061
0.065320
0.015201
0.033749
0.042452
0.067516
0.039517
0.048734
0.009642
0.055270
0.046997
0.076817
0.044636
0.064725
0.000881
0.068302
0.030054
0.082670
0.059872
0.031475
0.045399
0.100778
0.048995
0.071008
0.031447
0.067197
0.039259
0.085227
0.045383
0.050596
0.033346
0.073511
0.046404
0.092544
0.055956
0.044791
0.045436
0.111383
0.048467
0.081964
0.014211
0.071241
0.032723
0.068552
0.063177
0.064779
0.012255
0.065782
0.040908
0.087391
0.037866
0.041402
0.036248
0.064636
0.041369
0.074181
0.041707
0.049991
0.042221
0.075416
0.040260
0.058471
0.043833
0.055896
0.038304
0.068610
0.052973
0.033876
0.035712
0.075889
0.035882
0.059272
0.030140
0.070220
0.044319
0.095121
0.038360
0.063785
0.025427
0.049663
0.041324
0.055737
0.034085
0.042306
0.035815
0.095280
0.036370
0.063821
0.002409
0.057832
0.035291
0.073822
0.042779
0.052427
0.041443
0.062877
0.050207
0.085593
0.056301
0.020526
0.047359
0.109099
0.055673
0.059659
0.026320
0.074409
0.060215
0.093491
0.057658
0.051076
0.051382
0.056656
0.044818
0.095898
0.077032
0.046304
0.054560
0.134639
0.075670
0.091632
0.042020
0.101785
0.059605
0.092291
0.092807
0.064214
0.065755
0.083497
0.067677
0.086038
0.059221
0.074552
0.066226
0.072023
0.055673
0.083094
0.050993
0.078248
0.041957
0.099678
0.057033
0.061801
0.027102
0.050481
0.038927
0.084431
0.073267
0.029076
0.033762
0.092828
0.053224
0.069055
0.037795
0.092366
0.073272
0.093541
0.082708
0.033694
0.023505
0.099492
0.074830
0.105562
0.075601
0.049109
0.059754
0.115709
0.059478
0.086555
0.052469
0.078173
0.049359
0.093016
0.078641
0.055834
0.029408
0.087668
0.068995
0.085720
0.057067
0.051413
0.059398
0.135149
0.086833
0.076869
0.055616
0.104984
0.065324
0.085162
0.078829
0.065694
0.061693
0.082756
0.066138
0.098615
0.066840
0.044324
0.040301
0.129002
0.064134
0.096496
0.052008
0.113208
0.057836
0.100591
0.103269
0.089290
0.059588
0.069065
0.077582
0.111738
0.091750
0.085668
0.092100
0.168370
0.096377
0.114116
0.077494
0.112519
0.075944
0.110298
0.080017
0.076520
0.077038
0.081281
0.045333
0.111163
0.075277
0.051908
0.053443
0.133238
0.061644
0.082697
0.056182
0.117755
0.072156
0.089923
0.073980
0.082507
0.062688
0.102856
0.064757
0.096726
0.099783
0.056375
0.081163
0.126687
0.084607
0.089549
0.079294
0.105381
0.071277
0.103726
0.112985
0.068019
0.065327
0.078250
0.068127
0.119570
0.103263
0.102933
0.083954
0.148127
0.082561
0.117228
0.065695
0.134618
0.091124
0.122958
0.104600
0.078268
0.076325
0.111503
0.105781
0.115206
0.083346
0.105258
0.104145
0.100497
0.064117
0.114945
0.097761
0.062096
0.040593
0.103190
0.091963
0.098600
0.132426
0.066629
0.058702
0.071509
0.072556
0.014563
