0.014830
0.086548
0.045025
0.059353
0.031369
0.114194
0.064545
0.068068
0.040008
0.064519
-0.002543
0.060960
0.055754
0.056134
0.035036
0.062048
0.062705
0.081913
0.051832
0.075197
0.027776
0.066249
0.028325
0.084543
0.038165
0.059985
0.011836
0.057116
0.032902
0.081358
0.030167
0.030953
0.047940
0.066342
0.043987
0.053661
0.029262
0.068417
0.050803
0.067050
0.059758
0.051951
0.027020
0.090531
0.048655
0.098320
0.064967
0.057090
0.045821
0.101941
0.065318
0.091393
0.055751
0.085017
0.065119
0.080998
0.075892
0.079756
0.056516
0.114679
0.069662
0.104869
0.061653
0.063525
0.062418
0.131993
0.072985
0.091816
0.049572
0.063791
0.050895
0.101554
0.067582
0.065992
0.028837
0.070078
0.050741
0.095639
0.068119
0.041846
0.057251
0.086972
0.045885
0.075835
0.026959
0.077858
0.035094
0.070789
0.060993
0.052380
0.001844
0.054703
0.044900
0.081132
0.044904
0.026829
0.035096
0.096197
0.031626
0.081724
0.030950
0.060978
0.026222
0.077366
0.036852
0.075175
0.040396
0.039963
0.019496
0.082611
0.046143
0.025489
0.035876
0.103718
0.028769
0.056953
0.010067
0.060651
0.025708
0.053294
0.021380
0.051067
0.016604
0.071365
0.068290
0.058476
0.032136
0.034630
0.029506
0.085950
0.058296
0.088033
0.006745
0.072063
0.033030
0.080332
0.048890
0.049644
0.031003
0.065661
0.052934
0.067550
0.044060
0.022126
0.035488
0.076322
0.029368
0.063670
0.020765
0.061537
0.030393
0.068165
0.040568
0.054284
0.016273
0.050285
0.031006
0.074038
0.026929
0.029415
0.046540
0.092133
0.035112
0.051160
0.009961
0.043127
0.029640
0.053052
0.018709
0.050059
0.019420
0.065756
0.041989
0.057054
0.009453
0.031243
0.033431
0.105460
0.054514
0.072706
0.022276
0.099367
0.063390
0.079761
0.066210
0.093037
0.063495
0.083198
0.076284
0.112634
0.087696
0.103384
0.091484
0.140560
0.089214
0.124671
0.099910
0.150962
0.077231
0.144091
0.136068
0.125105
0.110151
0.147555
0.129885
0.183009
0.145659
0.143853
0.122243
0.166763
0.120621
0.128612
0.109173
0.144685
0.096885
0.147538
0.110698
0.069321
0.075754
0.115400
0.092252
0.103440
0.074371
0.063402
0.054364
0.057958
0.036461
0.077637
0.058791
0.055920
0.036020
0.086380
0.047809
0.063812
0.031026
0.065532
0.055066
0.088076
0.032350
0.025712
0.044762
0.114251
0.055247
0.067111
0.043120
0.067945
0.041353
0.090408
0.054495
0.064069
0.027963
0.070842
0.037085
0.114129
0.059326
0.027902
0.026046
0.050366
0.026613
0.075675
0.025030
0.053726
0.046758
0.054370
0.046583
0.064269
0.011454
0.046030
0.034378
0.079026
0.030775
0.020845
0.023629
0.092868
0.041780
0.047897
0.014128
0.065508
0.051270
0.063570
0.043181
0.055495
0.013427
0.049635
0.025890
0.063417
0.025380
0.011395
0.025547
0.056750
0.036322
0.066341
0.000473
0.039775
0.026060
0.065734
-0.000901
0.050857
-0.002797
0.043864
0.017187
0.064866
0.012842
0.015842
0.035130
0.082941
0.029802
0.044790
-0.000916
0.056130
0.029498
0.054535
0.014103
0.070090
0.011536
0.031155
0.013315
0.061093
0.010054
0.023285
0.029213
0.068198
0.039236
0.063528
-0.003079
0.048979
0.014044
0.056655
0.003109
0.076311
0.001146
0.042131
0.012260
0.056791
0.014059
0.026392
0.023920
0.073240
0.030452
0.053298
-0.004121
0.041563
0.001765
0.057388
0.017491
0.046328
0.009883
0.034425
0.012558
0.060907
0.005248
0.027738
0.021918
0.065907
0.037151
0.047091
0.009527
0.056032
0.024633
0.060866
0.024588
0.059929
0.021826
0.038289
0.033895
0.072091
0.043264
0.022405
0.024449
0.083303
0.056997
0.050930
-0.013656
0.062640
0.044819
0.064184
0.032637
0.061311
0.024415
0.042383
0.023497
0.058722
0.031164
0.017432
0.038658
0.092251
0.032311
0.065482
0.000875
0.061522
0.022780
0.062609
0.025553
0.047653
0.008645
0.046338
0.032602
0.065773
0.014125
0.035244
0.017086
0.080074
0.049609
0.063796
0.000192
0.055184
0.023853
0.077174
0.023927
0.054778
0.009222
0.043804
0.025904
0.067954
0.042314
0.018371
0.027494
0.086259
0.036430
0.062047
-0.003297
0.084784
0.052273
0.055343
0.020857
0.053509
0.015007
0.067744
0.051729
0.091064
0.056471
0.043555
0.059061
0.097772
0.048102
0.087534
0.078868
0.093032
0.056608
0.081000
0.074566
0.078410
0.052071
0.086528
0.084165
0.107592
0.083844
0.079966
0.051974
0.091199
0.061993
0.099290
0.060735
0.087332
0.031965
0.097217
0.081972
0.087255
0.053469
0.105840
0.028082
0.107456
0.077075
0.086511
0.066055
0.117079
0.064403
0.099164
0.057344
0.127193
0.106558
0.119106
0.083034
0.084457
0.055217
0.107110
0.066691
0.124650
0.112161
0.073063
0.073334
0.114917
0.087656
0.102828
0.089454
0.118752
0.078113
0.106424
0.089495
0.097579
0.069519
0.115885
0.083631
0.138623
0.096067
0.063855
0.104369
0.139405
0.085137
0.106873
0.086884
0.138313
0.097418
0.120898
0.107693
0.079021
0.093153
0.125749
0.099699
0.140823
0.112287
0.061861
0.106101
0.176624
0.098094
0.124935
0.089978
0.181958
0.131177
0.165580
0.153338
0.115200
0.098856
0.186188
0.150266
0.167934
0.171086
0.156382
0.133430
0.195500
0.151825
0.179808
0.161427
0.213676
0.142018
0.227779
0.189536
0.213699
0.173112
0.250390
0.189149
0.193196
0.190824
0.263694
0.286192
0.290720
0.245663
0.295156
0.258106
0.351049
0.287107
0.312430
0.298482
0.293989
0.270033
0.388310
0.340536
0.333943
0.306986
0.344963
0.353525
0.400856
0.363952
0.355326
0.267738
0.366489
0.320812
0.347284
0.340993
0.335944
0.270196
0.316902
0.283456
0.356125
0.300039
0.274833
0.276225
0.372429
0.386254
0.380440
0.312813
0.450619
0.397533
0.459572
0.429865
0.472187
0.432613
0.511659
0.490053
0.528666
0.515945
0.559321
0.561032
0.652233
0.609801
0.670065
0.602740
0.692520
0.665654
0.713549
0.712878
0.763753
0.721290
0.752562
0.752689
0.791504
0.780290
0.818727
0.809424
0.863141
0.799179
0.844029
0.812832
0.881669
0.849013
0.878294
0.859843
0.891623
0.854350
0.891913
0.868706
0.900738
0.877521
0.907614
0.896688
0.918232
0.880866
0.902338
0.872332
0.916124
0.887100
0.915174
0.905676
0.917015
0.875440
0.906347
0.894747
0.916486
0.913726
0.914943
0.911659
0.927084
0.881039
0.925140
0.896680
0.920084
0.884892
0.920899
0.919520
0.921639
0.879870
0.897716
0.882307
0.902610
0.883177
0.885665
0.879459
0.915442
0.852583
0.906354
0.863297
0.896414
0.870372
0.908381
0.890493
0.893836
0.864160
0.880038
0.874953
0.888903
0.875809
0.871853
0.876942
0.910466
0.861088
0.892312
0.864262
0.903693
0.866746
0.908846
0.890823
0.906758
0.866776
0.890929
0.872224
0.907109
0.896214
0.902838
0.895111
0.909043
0.837279
0.895564
0.866040
0.867467
0.836887
0.855331
0.855920
0.877981
0.811993
0.823952
0.807134
0.813038
0.805007
0.800610
0.767039
0.807852
0.710628
0.769817
0.701444
0.725495
0.706789
0.702215
0.671944
0.690499
0.626025
0.661195
0.650410
0.618447
0.618654
0.564979
0.569186
0.608170
0.484988
0.533735
0.468093
0.490109
0.431229
0.467233
0.433444
0.451837
0.450671
0.373457
0.329777
0.415372
0.342095
0.312613
0.331160
0.273869
0.292912
0.278417
0.220375
0.269760
0.218354
0.270273
0.216518
0.218036
0.207430
0.209301
0.144125
0.191702
0.121746
0.116093
0.119136
0.123927
0.119655
0.090391
0.069594
0.088947
0.050198
0.073378
0.073499
0.088925
0.054682
0.078084
0.036729
0.081789
0.061995
0.046693
0.047782
0.076034
0.066991
0.080483
0.050381
0.067852
-0.003027
0.073334
0.029504
0.061156
0.038375
0.043189
0.030795
0.058277
0.034666
0.016142
0.016391
0.062249
0.035313
0.072878
0.013431
0.037488
0.009136
0.057007
0.015628
0.050276
0.010557
0.017529
0.021082
0.064199
0.004363
0.009656
0.018619
0.045151
0.016350
0.047926
-0.015139
0.043578
0.008290
0.037950
-0.008191
0.073908
-0.025583
0.018188
0.003292
0.068208
0.001711
-0.014671
0.018198
0.071369
0.022853
0.042001
-0.024235
0.036648
0.004815
0.036310
-0.033352
0.071338
-0.007355
0.008313
-0.007715
0.052792
-0.006179
-0.011560
0.010722
0.037937
0.018527
0.058572
-0.026777
0.043276
0.003991
0.029052
-0.030463
0.071096
-0.029295
-0.002215
0.013652
0.050884
-0.009901
-0.004592
0.008074
0.069913
0.005260
0.038083
-0.022495
0.039874
-0.001090
0.035747
-0.016353
0.056702
-0.023895
0.014087
0.014485
0.057089
-0.018040
-0.009703
0.030683
0.075955
0.024648
0.052793
-0.027246
0.030753
0.019722
0.030723
-0.008749
0.048601
-0.017412
0.018999
0.005121
0.064379
-0.003860
0.008358
0.027442
0.044741
0.011532
0.038931
-0.009769
0.049779
0.016592
0.041313
-0.011083
0.057861
-0.019646
0.035935
0.011748
0.052149
0.001385
-0.001538
0.011439
0.064686
0.014852
0.045848
0.001233
0.046296
0.010283
0.058751
-0.006105
0.040129
-0.005573
0.019318
0.018229
0.048472
0.004292
0.017840
0.029738
0.040392
-0.001121
0.045514
-0.003897
0.032805
-0.003400
0.044551
-0.008771
0.091251
-0.008872
0.017461
-0.011972
0.067023
0.000781
-0.005332
0.019878
0.080556
0.016963
0.046788
-0.003333
0.041063
0.003138
0.049523
-0.022759
0.045181
-0.007481
0.024855
0.020147
0.059824
0.009697
-0.007766
0.024694
0.068701
0.032437
0.037465
-0.020924
0.056937
0.039227
0.044468
-0.008386
0.035166
-0.018808
0.043640
0.032497
0.060225
0.005071
0.021338
0.022556
0.055542
0.012249
0.045389
-0.003946
0.039001
0.021746
0.044815
0.016198
0.056294
-0.011727
0.021311
0.010330
0.061242
0.001217
0.016578
0.023805
0.061860
0.016705
0.045552
-0.009322
0.050848
0.020113
0.049821
-0.010248
0.067746
-0.013816
0.031927
0.015870
0.068899
0.015630
-0.000213
0.029779
0.059605
0.038289
0.048143
-0.009845
0.054408
0.020139
0.061935
0.004249
0.045463
-0.005609
0.045610
0.035823
0.062451
0.013106
0.023908
0.019752
0.073496
0.033767
0.054195
0.004716
0.049312
0.012025
0.044430
0.039036
0.106839
0.061545
0.033414
0.022197
0.051519
0.048605
0.015606
