0.008584
0.077879
0.026539
0.045608
0.023445
0.087507
0.039895
0.044550
0.010793
0.073514
0.000448
0.030215
0.013664
0.060807
0.029339
0.027737
0.024774
0.085972
0.038192
0.067119
0.006201
0.079201
0.054419
0.067216
0.043317
0.057530
0.005587
0.060296
0.029785
0.056814
0.040946
0.048147
0.049005
0.052268
0.029233
0.077210
0.009656
0.061765
0.033407
0.064929
0.037662
0.053840
0.018489
0.050557
0.037354
0.063847
0.041996
0.045141
0.022546
0.087896
0.039565
0.081845
0.019399
0.061622
0.024126
0.088309
0.053491
0.069058
0.009644
0.051212
0.036389
0.065657
0.032759
0.032536
0.022473
0.073399
0.056577
0.066767
0.021024
0.039384
0.018481
0.067447
0.038416
0.060350
-0.002084
0.043005
0.000054
0.076096
0.038505
0.034601
0.029253
0.058371
0.044093
0.061248
0.032836
0.047628
0.034142
0.073895
0.031115
0.042052
0.041545
0.054450
0.035732
0.062551
0.030434
0.014913
0.036754
0.098115
0.043600
0.069086
0.005460
0.078578
0.053680
0.066121
0.035403
0.073277
0.044253
0.061664
0.025097
0.072936
0.035621
0.036722
0.053407
0.080391
0.045040
0.069280
0.038211
0.054125
0.019153
0.066136
0.018154
0.057700
0.019883
0.042720
0.018467
0.071500
0.027180
0.031463
0.027599
0.069389
0.033752
0.048414
-0.002848
0.047302
0.034609
0.042173
-0.002577
0.060295
0.011345
0.040794
0.023803
0.065729
0.023430
0.011482
0.036472
0.094371
0.032025
0.055084
-0.005388
0.070338
0.045372
0.053116
0.036241
0.067347
-0.000466
0.053244
0.032526
0.101784
0.035882
0.026422
0.030472
0.075868
0.046774
0.067984
0.009070
0.057772
0.045914
0.041008
0.044726
0.070659
0.029350
0.042288
0.049328
0.076546
0.030643
0.056226
0.027652
0.068846
0.024307
0.073436
0.021332
0.039459
0.029153
0.055052
0.020619
0.063049
0.018880
0.050195
0.037911
0.064354
0.022947
0.028786
0.036444
0.079612
0.047030
0.058975
-0.000268
0.105066
0.063758
0.071725
0.043426
0.048840
0.002917
0.081421
0.068746
0.080765
0.068836
0.049717
0.046179
0.122696
0.069530
0.092091
0.046601
0.128388
0.042955
0.106362
0.094402
0.099906
0.074236
0.094405
0.062182
0.103670
0.079306
0.092657
0.085571
0.146972
0.117701
0.127132
0.090035
0.144986
0.092751
0.123182
0.126116
0.090573
0.058570
0.118021
0.099582
0.144570
0.101368
0.059709
0.061952
0.173663
0.097282
0.099500
0.076438
0.169489
0.111767
0.132933
0.147948
0.129221
0.115668
0.128641
0.110147
0.142372
0.132409
0.121551
0.100644
0.187443
0.131906
0.138789
0.114892
0.164128
0.113493
0.158766
0.151164
0.120224
0.120039
0.169822
0.137624
0.175583
0.127671
0.117932
0.125775
0.149040
0.096048
0.129580
0.123500
0.127203
0.064668
0.114026
0.113850
0.099859
0.080630
0.109054
0.089977
0.123613
0.090966
0.056647
0.079685
0.154550
0.098595
0.144842
0.097320
0.147827
0.090551
0.155030
0.149470
0.103464
0.114546
0.149981
0.129031
0.164973
0.132739
0.118414
0.137941
0.170161
0.170164
0.173614
0.123314
0.177759
0.156080
0.173580
0.156221
0.136650
0.145754
0.158723
0.128643
0.165430
0.140418
0.116602
0.094311
0.194172
0.140779
0.128119
0.082887
0.144031
0.095751
0.142593
0.124513
0.103389
0.114968
0.134004
0.096072
0.128077
0.117334
0.070699
0.111669
0.158670
0.083046
0.118748
0.073407
0.141464
0.099573
0.093877
0.090988
0.093356
0.087101
0.111098
0.091964
0.131066
0.109532
0.068227
0.089078
0.159622
0.094028
0.109658
0.058446
0.095317
0.053495
0.104713
0.070173
0.068330
0.047500
0.081567
0.061520
0.109055
0.068294
0.013072
0.054001
0.096254
0.065001
0.072575
0.052461
0.083995
0.048424
0.083304
0.053373
0.064218
0.053435
0.080500
0.048693
0.111553
0.073263
0.046764
0.042556
0.106170
0.060750
0.078264
0.050385
0.107505
0.079943
0.087276
0.069243
0.076486
0.083495
0.086783
0.063655
0.115948
0.076748
0.067483
0.060981
0.105510
0.079728
0.089780
0.077645
0.082548
0.051723
0.082798
0.060232
0.078857
0.065868
0.065709
0.052422
0.106022
0.078763
0.064467
0.057438
0.093242
0.051329
0.096412
0.047438
0.090443
0.059740
0.080116
0.062169
0.056833
0.058287
0.085250
0.058259
0.091568
0.083765
0.048350
0.049016
0.085843
0.038496
0.088581
0.035053
0.079062
0.031553
0.076543
0.058213
0.079158
0.031774
0.050713
0.032902
0.086410
0.048552
0.017121
0.038307
0.055299
0.009142
0.075313
0.009007
0.042376
0.019197
0.062582
0.023596
0.051110
0.007080
0.019151
0.011130
0.067259
-0.000803
0.010413
0.019998
0.059967
0.027390
0.040611
-0.003742
0.046064
0.023339
0.039761
0.001857
0.050670
0.009664
0.024743
0.021807
0.063012
0.016110
0.027406
0.028856
0.048174
0.018534
0.062778
0.012513
0.036093
0.026243
0.058179
0.023170
0.052426
0.000192
0.048856
0.023053
0.055901
0.014333
0.025299
0.025900
0.074953
0.029249
0.049291
0.005282
0.057505
0.018005
0.063104
0.013015
0.068117
0.017264
0.038179
0.008582
0.074722
0.012687
0.021851
0.031675
0.064894
0.013785
0.057236
0.011198
0.065694
0.044093
0.049280
0.020895
0.069885
0.019748
0.030513
0.017111
0.078387
0.024913
0.047971
0.041226
0.102300
0.066229
0.063234
0.025875
0.112422
0.061793
0.094412
0.056469
0.081667
0.051111
0.090183
0.081285
0.124765
0.095039
0.133561
0.094001
0.172000
0.116587
0.150443
0.120756
0.222733
0.149819
0.199707
0.162281
0.197451
0.157161
0.240174
0.163887
0.227949
0.193356
0.267122
0.262564
0.320823
0.271506
0.296793
0.282059
0.345761
0.332115
0.358079
0.355958
0.379028
0.323685
0.394960
0.357013
0.393696
0.398604
0.388819
0.413085
0.512216
0.459143
0.495017
0.391822
0.534610
0.496928
0.543464
0.529382
0.573972
0.523747
0.579326
0.571627
0.575046
0.614095
0.595206
0.612417
0.718146
0.654822
0.700730
0.632768
0.727540
0.683858
0.711485
0.695621
0.754369
0.735703
0.767562
0.741628
0.780455
0.783911
0.801996
0.815230
0.837496
0.777941
0.833097
0.799318
0.830357
0.770840
0.821519
0.804880
0.844714
0.785623
0.796151
0.778565
0.795780
0.755247
0.782234
0.779550
0.792802
0.719585
0.787082
0.724165
0.753633
0.702513
0.720224
0.709950
0.719510
0.702067
0.689884
0.689857
0.688870
0.688577
0.660021
0.656602
0.700885
0.633166
0.684758
0.628027
0.691087
0.640692
0.690661
0.629829
0.670219
0.633309
0.673051
0.657780
0.683900
0.680653
0.666764
0.674466
0.687278
0.617041
0.699732
0.670327
0.697757
0.655915
0.686542
0.685955
0.722255
0.654012
0.696038
0.671861
0.702657
0.693090
0.701572
0.679093
0.715978
0.656222
0.693782
0.661940
0.690037
0.641771
0.635522
0.639699
0.681726
0.624252
0.646357
0.594534
0.634643
0.612432
0.584139
0.591415
0.636897
0.584479
0.640198
0.597438
0.615491
0.594554
0.627436
0.598418
0.662277
0.594299
0.617154
0.567530
0.597899
0.593498
0.587394
0.558677
0.644560
0.546606
0.628650
0.565595
0.601497
0.558060
0.593126
0.583123
0.609639
0.553622
0.582015
0.576127
0.552732
0.559591
0.561309
0.571055
0.590254
0.561990
0.554775
0.515984
0.571380
0.511239
0.567811
0.517513
0.572966
0.494515
0.535831
0.502763
0.530145
0.500879
0.489032
0.514267
0.572981
0.505248
0.546865
0.474127
0.566707
0.530613
0.552467
0.576531
0.602183
0.516968
0.577094
0.554148
0.633381
0.611607
0.587150
0.593338
0.637778
0.577672
0.647793
0.567439
0.628095
0.578233
0.594433
0.597842
0.642114
0.558415
0.617132
0.606765
0.609970
0.575603
0.597205
0.603184
0.635902
0.563270
0.616274
0.603081
0.579427
0.484482
0.593383
0.556570
0.610872
0.532948
0.513970
0.461375
0.530990
0.456957
0.450046
0.441930
0.506500
0.432637
0.453330
0.377753
0.430699
0.369554
0.418118
0.421320
0.468163
0.382304
0.391460
0.330344
0.387304
0.347938
0.365294
0.365877
0.386455
0.296765
0.372597
0.305665
0.343595
0.273148
0.337945
0.339330
0.328992
0.299637
0.274185
0.247803
0.292781
0.260321
0.230314
0.207765
0.262861
0.230256
0.238867
0.205086
0.199581
0.125418
0.204461
0.212648
0.166314
0.174667
0.162793
0.104071
0.157009
0.118748
0.100662
0.117271
0.113114
0.103098
0.110224
0.078296
0.074628
0.037333
0.094200
0.060039
0.058504
0.071178
0.080629
0.053933
0.071439
0.039271
0.034965
0.035775
0.088783
0.055198
0.080875
0.025811
0.075843
0.036366
0.074071
0.041798
0.065037
0.042162
0.066913
0.042032
0.082966
0.046995
0.044166
0.032719
0.070092
0.041846
0.073488
0.018145
0.064718
0.043764
0.054558
0.028462
0.077198
0.018464
0.047039
0.033936
0.060999
0.024093
0.034136
0.034361
0.068922
0.040842
0.060349
0.018951
0.049077
0.021426
0.067315
0.022930
0.065921
0.032709
0.030245
0.017030
0.071140
0.008051
0.033272
0.044003
0.057109
0.026264
0.047617
-0.005481
0.048236
0.013413
0.062145
0.002911
0.064715
0.010971
0.032579
0.021602
0.052778
0.007957
0.018861
0.028959
0.053691
0.020219
0.063472
-0.000484
0.028536
0.007101
0.048662
-0.000198
0.058132
-0.001082
0.018485
0.021591
0.058462
0.008186
0.010947
0.024740
0.054713
0.007751
0.046697
0.000887
0.036500
0.002160
0.054623
-0.001828
0.056520
-0.005152
0.021039
0.008010
0.065458
-0.010128
0.017517
0.012531
0.039616
0.018628
0.050458
-0.018057
0.034327
-0.007251
0.056013
-0.006372
0.043995
-0.010492
0.022288
0.006535
0.050534
0.002090
0.004410
0.022606
0.050116
0.023656
0.046686
-0.019664
0.044188
0.018118
0.041488
-0.017118
0.056710
-0.018431
0.017310
0.008413
0.053384
-0.004969
0.006216
0.017442
0.059240
0.022721
0.047704
-0.028559
0.040363
0.017332
0.047543
-0.000000
0.053358
-0.000757
0.022930
0.021445
0.053500
-0.012235
0.015854
0.006435
0.054996
0.022753
0.042467
-0.001664
0.039419
0.011381
0.047712
-0.001391
0.067528
-0.001145
0.010826
0.002182
0.061692
-0.001117
-0.002723
0.025092
0.065397
0.027297
0.034780
-0.012268
0.059353
0.011156
0.044889
0.003665
0.090681
0.040745
0.011360
-0.005338
0.043950
0.045010
0.010568
