0.517541
0.173739
0.107553
0.153880
-0.020945
0.089717
0.008725
0.005811
0.151919
0.137513
0.105423
0.064345
0.046145
0.057256
0.060227
0.091676
0.047508
0.123254
0.024591
0.042588
0.009985
0.072273
0.068646
0.133436
0.024107
0.050188
0.001859
0.044551
0.074181
-0.010683
0.063087
0.064838
-0.004816
0.120217
0.030237
0.010247
0.026166
0.073205
0.044289
0.069017
0.061478
0.065799
0.051218
0.047704
0.060137
0.039212
0.051865
0.099459
0.059959
0.023971
0.077483
0.036329
0.075177
0.081552
0.053970
0.144057
0.100943
0.011761
0.058514
0.118487
0.088815
0.104682
0.103558
0.177531
0.124970
0.174516
0.145458
0.134155
0.060996
0.192389
0.106456
0.121682
0.188017
0.093761
0.079068
0.092515
0.151196
0.054683
0.011569
0.097740
0.148843
0.118339
0.053398
0.020476
0.038940
0.136284
0.184595
0.133624
0.011046
0.104127
0.103592
0.065591
0.059472
0.071296
0.085349
0.069834
0.126684
0.095368
0.075377
0.052471
-0.000662
0.088493
0.108544
0.119271
0.156125
0.061356
0.082777
0.102942
-0.009610
0.070353
0.016632
0.121813
0.113580
0.081093
0.021231
0.017080
0.040651
0.056930
0.014377
0.135319
0.098023
0.026919
0.027636
0.026906
0.006069
0.066199
0.021733
0.059360
0.041822
0.035131
-0.031832
0.019639
0.033243
0.012664
-0.000579
0.109539
0.031766
0.025697
0.052986
-0.049938
-0.059411
-0.022393
0.024909
0.062579
0.021204
0.071284
-0.029035
0.001926
0.055747
0.002522
0.027207
0.098131
0.042179
0.005701
0.000115
-0.011386
0.043025
-0.011300
0.098269
0.044452
0.089213
0.077466
-0.052625
0.089975
0.105179
0.034669
0.103855
0.092505
0.080343
0.040771
0.027080
0.051721
0.042294
0.050391
0.029321
0.026970
0.198811
0.121402
0.007516
0.061368
0.108014
0.155959
0.083788
0.063562
0.198703
0.094005
0.108072
0.033557
0.014277
0.047206
0.053024
0.126556
0.044561
0.101015
0.036595
0.044324
0.053171
-0.008236
0.047836
0.122128
0.015161
0.003835
0.029441
0.015066
-0.015089
-0.009752
0.073131
0.051902
-0.014694
0.032887
-0.036072
-0.003536
-0.011959
0.086069
0.030441
0.064299
0.026445
0.031967
0.023687
-0.048789
0.008780
-0.018574
0.020436
0.059967
-0.045773
0.034315
-0.016641
0.051928
-0.022025
0.046462
0.000727
0.062109
-0.001874
0.029466
0.033233
0.002412
0.004956
-0.074694
0.087680
0.071045
0.013787
0.061263
-0.024613
0.001311
-0.025699
0.048379
0.059411
0.106082
0.057748
0.035566
-0.044098
0.014414
0.066457
0.017715
0.018327
0.107080
0.064658
0.066296
-0.029329
0.022269
0.021789
0.091576
0.039963
0.146190
0.030211
0.038089
0.001843
0.034780
0.034181
0.022661
0.025103
0.126892
0.005869
0.082844
0.054936
0.049772
0.043280
0.068650
0.065322
0.139584
0.036775
0.021853
0.028171
0.046260
-0.021670
0.049297
0.034694
0.071601
0.012403
0.102095
0.021791
0.035145
0.055518
-0.010487
0.127279
0.117835
0.065795
0.018886
0.055252
0.072135
0.112968
0.002543
0.115067
0.114978
0.089743
0.113279
0.012455
0.101839
0.054948
0.058703
0.058470
0.140205
0.137261
0.086846
0.042665
0.129620
0.096167
0.046157
0.094077
0.066562
0.218136
0.132179
0.041849
0.081042
0.100130
0.077231
-0.013804
0.117153
0.187863
0.058958
0.036428
0.108503
0.008817
0.023999
0.082191
0.065110
0.128040
0.027939
0.046788
0.065664
0.066901
0.058406
0.050429
0.143894
0.106889
0.041506
0.039003
0.093733
0.087354
0.042093
0.087150
0.176211
0.106309
0.151231
0.145401
0.096467
0.124713
0.078259
0.136570
0.204076
0.082753
0.085440
0.104252
0.107027
0.072691
0.087568
0.180128
0.158713
0.219982
0.182281
0.087631
0.077626
0.050198
0.177139
0.149891
0.203777
0.187978
0.174663
0.243276
0.171301
0.173310
0.126894
0.108055
0.178582
0.233353
0.177786
0.166145
0.148945
0.073571
0.155969
0.099602
0.176906
0.153552
0.069068
0.168202
0.128880
0.088214
0.108854
0.124556
0.116193
0.150283
0.122276
0.113472
0.087554
0.202793
0.259529
0.221395
0.154235
0.231320
0.213865
0.135554
0.141790
0.154524
0.153485
0.150587
0.184663
0.304262
0.118705
0.111022
0.084353
0.081882
0.272929
0.191609
0.118753
0.282477
0.141227
0.073411
0.178186
0.175211
0.074878
0.114563
0.176617
0.235271
0.206559
0.189932
0.177062
0.157344
0.178787
0.158763
0.156313
0.361551
0.150996
0.151088
0.190006
0.200044
0.177832
0.170577
0.155788
0.166380
0.209093
0.127148
0.188459
0.199548
0.299936
0.191118
0.217338
0.305880
0.229506
0.214986
0.209649
0.128280
0.113063
0.173460
0.288726
0.218345
0.279323
0.184311
0.250113
0.204057
0.245860
0.136558
0.240704
0.152070
0.181191
0.198770
0.220283
0.227700
0.072017
0.226322
0.182653
0.176291
0.166643
0.097729
0.166008
0.130870
0.216046
0.160914
0.169168
0.156727
0.107179
0.191379
0.186764
0.196125
0.118515
0.203265
0.221014
0.236864
0.168183
0.095562
0.168293
0.108412
0.201533
0.147352
0.228495
0.135619
0.219863
0.210946
0.247875
0.201766
0.124504
0.225555
0.296824
0.210241
0.289732
0.217973
0.229429
0.190417
0.260419
0.190257
0.295191
0.243454
0.241077
0.228105
0.256224
0.220443
0.237743
0.241678
0.349903
0.271098
0.395004
0.305061
0.288903
0.278400
0.282575
0.351702
0.351123
0.296941
0.208916
0.341102
0.316061
0.230474
0.320635
0.294183
0.307430
0.391903
0.253009
0.245881
0.305899
0.305946
0.365933
0.272108
0.238725
0.344504
0.289085
0.265114
0.258242
0.272354
0.254746
0.248417
0.365774
0.380985
0.434195
0.343172
0.380771
0.423944
0.385337
0.451394
0.390825
0.459476
0.314793
0.328941
0.369678
0.396414
0.346871
0.393736
0.455491
0.529272
0.426211
0.453604
0.473861
0.417945
0.463524
0.462999
0.376869
0.525046
0.448674
0.491430
0.488701
0.448866
0.549160
0.507611
0.583358
0.486590
0.501535
0.454303
0.463876
0.505347
0.555135
0.456660
0.418700
0.526824
0.437681
0.400333
0.423374
0.410273
0.322560
0.357975
0.283475
0.427911
0.329892
0.318536
0.342228
0.332508
0.349340
0.383128
0.362148
0.377372
0.309911
0.261740
0.296535
0.287850
0.299761
0.365941
0.357807
0.360741
0.300189
0.251717
0.316668
0.282988
0.376201
0.294830
0.288495
0.363804
0.266316
0.228882
0.298445
0.248585
0.278594
0.223027
0.359482
0.368769
0.286583
0.354305
0.387193
0.329110
0.365453
0.407802
0.337171
0.420661
0.294276
0.282224
0.299278
0.297404
0.263452
0.321278
0.409352
0.424737
0.364648
0.401126
0.373957
0.283180
0.396160
0.315386
0.284575
0.457390
0.318676
0.255705
0.355013
0.321199
0.266756
0.244021
0.304214
0.344925
0.280846
0.241963
0.302719
0.226846
0.329111
0.275376
0.327710
0.359919
0.268282
0.247735
0.284979
0.185461
0.241896
0.270067
0.252572
0.225422
0.258462
0.259749
0.325753
0.189849
0.306098
0.352269
0.305979
0.249133
0.231636
0.265268
0.294182
0.273933
0.221424
0.333442
0.413923
0.311574
0.369628
0.353421
0.289644
0.303978
0.322740
0.354813
0.298211
0.333004
0.233286
0.371757
0.254828
0.264506
0.299701
0.366279
0.405727
0.397384
0.293296
0.345696
0.373416
0.272740
0.311996
0.245978
0.212870
0.290161
0.244254
0.276087
0.304215
0.249273
0.244444
0.291226
0.247411
0.265744
0.225837
0.180012
0.176192
0.095511
0.220835
0.160592
0.217551
0.284006
0.192428
0.154403
0.190672
0.095023
0.135901
0.175236
0.111575
0.179735
0.138629
0.058456
0.113035
0.152000
0.139895
0.102812
0.198086
0.184328
0.158850
0.145433
0.158977
0.195668
0.065288
0.157623
0.239193
0.096944
0.204867
0.122780
0.188096
0.152963
0.227628
0.180067
0.192338
0.139767
0.191438
0.139749
0.171670
0.181688
0.188894
0.175410
0.310338
0.284825
0.209654
0.207218
0.179561
0.224650
0.219984
0.199828
0.230976
0.247046
0.228841
0.284762
0.213971
0.288907
0.233628
0.247193
0.326755
0.214133
0.198407
0.216106
0.274575
0.135125
0.161886
0.191278
0.240017
0.174833
0.150351
0.184260
0.162756
0.134704
0.151975
0.179481
0.165497
0.124020
0.202283
0.132027
0.136457
0.142135
0.216001
0.145950
0.170475
0.263194
0.142198
0.085455
0.128247
0.110861
0.113649
0.146770
0.229960
0.193351
0.182366
0.144946
0.098754
0.137036
0.178231
0.160055
0.199627
0.167531
0.154485
0.120107
0.137300
0.151813
0.146823
0.088685
0.191596
0.161897
0.152094
0.133585
0.108750
0.151836
0.085882
0.181366
0.167920
0.174839
0.081754
0.144841
0.120106
0.018100
0.042734
0.169707
0.157164
0.141475
0.207708
0.140069
0.123242
0.114634
0.096659
0.161334
0.210751
0.139589
0.066133
0.187951
0.143436
0.132733
0.178840
0.222686
0.191093
0.203245
0.174563
0.071157
0.178991
0.118056
0.158499
0.176305
0.113892
0.175153
0.125284
0.076611
0.070738
0.112850
0.117121
0.167741
0.120209
0.109247
0.150985
0.057457
0.113150
0.054366
0.089195
0.163035
0.100832
0.088595
0.120863
0.041431
0.070004
0.067478
0.059463
0.131897
0.126447
0.130969
0.084921
0.076639
0.120029
0.011315
0.134591
0.061416
0.061784
0.131701
0.097585
0.170310
0.126932
0.096362
0.082227
0.156084
0.211235
0.252276
0.201319
0.149107
0.227045
0.124031
0.251226
0.154392
0.219302
0.234129
0.140339
0.186092
0.132301
0.215036
0.135999
0.136257
0.146539
0.241894
0.221385
0.180247
0.190754
0.265639
0.228499
0.244096
0.216438
0.371312
0.212654
0.170756
0.238628
0.268380
0.195298
0.300457
0.348344
0.330443
0.392787
0.291509
0.302377
0.322726
0.434537
0.365286
0.395477
0.432720
0.367895
0.297768
0.367489
0.359724
0.432568
0.384985
0.431981
0.414294
0.372366
0.428573
0.479049
0.434647
0.480143
0.430311
0.498062
0.570985
0.495753
0.554481
0.473916
0.484809
0.486854
0.542970
0.567985
0.497444
0.601904
0.569029
0.631510
0.693491
0.652982
0.620987
0.659084
0.723148
0.684341
0.665639
0.717656
0.716043
0.713747
0.764480
0.822460
0.766533
0.685995
0.756214
0.743631
0.622719
0.764677
0.825628
0.773813
0.848689
0.702824
0.730283
0.745708
0.700207
0.662762
0.612674
0.277586
