0.474925
0.300712
0.151389
0.191430
0.184762
0.210442
0.128903
0.185631
0.200779
0.108742
0.144636
0.188155
0.190844
0.134174
0.238352
0.294284
0.196421
0.194192
0.165261
0.158907
0.068981
0.258842
0.277229
0.199404
0.207605
0.106795
0.081879
0.070622
0.040828
0.127258
0.136083
0.103055
0.111346
0.145736
0.051438
0.043669
0.163621
0.118551
0.139309
0.184783
0.163080
0.064729
-0.027803
0.062453
0.089302
0.032592
0.112582
0.089931
0.132046
0.134117
0.063954
0.063802
0.097028
0.104656
0.199725
0.184633
0.112303
0.067700
0.057448
0.063584
0.153540
0.038149
0.097555
0.172916
0.055394
0.175814
0.134564
0.132306
0.081784
0.181759
0.117297
0.178023
0.140513
0.076890
0.142614
0.129410
0.067173
0.086747
0.069514
0.122525
0.202515
0.137565
0.060612
0.120791
0.094554
0.134410
0.024693
0.169560
0.080318
0.119809
0.168684
0.122756
0.098826
0.085863
0.156991
0.164840
0.074373
0.190674
0.156339
0.145640
0.111568
0.193193
0.267155
0.100770
0.189505
0.155626
0.109163
0.153189
0.145983
0.050471
0.159628
0.242680
0.144598
0.175871
0.200856
0.104338
0.113728
0.175248
0.200279
0.201556
0.220186
0.155294
0.280377
0.266844
0.102455
0.248231
0.321810
0.230842
0.270944
0.320011
0.240626
0.297888
0.299079
0.235785
0.217200
0.319038
0.278355
0.297004
0.290279
0.282722
0.314646
0.253802
0.223895
0.305297
0.263633
0.239035
0.373339
0.456831
0.331812
0.317098
0.425200
0.357873
0.352154
0.323262
0.254554
0.348926
0.278820
0.344675
0.353492
0.434400
0.476276
0.404605
0.355524
0.344221
0.275360
0.344521
0.324002
0.357595
0.451336
0.431793
0.316828
0.364840
0.462358
0.322655
0.337255
0.400117
0.393773
0.519345
0.485299
0.392332
0.454931
0.451181
0.429184
0.439895
0.559346
0.408549
0.389680
0.380212
0.357991
0.381727
0.413693
0.464203
0.464647
0.472182
0.458472
0.432956
0.478161
0.428446
0.421219
0.424064
0.533488
0.404147
0.368132
0.425209
0.504024
0.447204
0.447893
0.520563
0.518400
0.533445
0.528893
0.541169
0.590567
0.566428
0.436213
0.553419
0.626539
0.528072
0.497871
0.460826
0.471493
0.455509
0.499938
0.450309
0.536177
0.417875
0.435159
0.508102
0.403130
0.467936
0.550889
0.369352
0.438230
0.399957
0.442066
0.444251
0.493242
0.418389
0.429010
0.499099
0.460519
0.513567
0.485124
0.506147
0.485946
0.449897
0.425252
0.509515
0.530614
0.485778
0.459543
0.462488
0.469471
0.430175
0.482414
0.471088
0.402990
0.446480
0.498751
0.465133
0.443819
0.466004
0.451674
0.435141
0.451171
0.371082
0.517880
0.428447
0.422743
0.446920
0.449328
0.471982
0.407928
0.533139
0.378616
0.443073
0.437921
0.390010
0.427731
0.465974
0.484922
0.453155
0.413709
0.396180
0.376622
0.374824
0.345405
0.498099
0.438909
0.409808
0.361709
0.360325
0.408810
0.385968
0.310944
0.382882
0.454692
0.353492
0.346747
0.371206
0.373008
0.315875
0.340364
0.363602
0.377369
0.380890
0.322645
0.356370
0.320381
0.279742
0.387150
0.336372
0.264654
0.258379
0.328480
0.234133
0.237414
0.217132
0.304625
0.291917
0.227511
0.349902
0.274923
0.282890
0.219417
0.284795
0.263932
0.298986
0.347714
0.269246
0.243875
0.362871
0.300369
0.318477
0.358000
0.408116
0.320784
0.400004
0.384110
0.258467
0.409597
0.419051
0.253948
0.360391
0.529365
0.420354
0.470924
0.418862
0.398665
0.389450
0.400060
0.548505
0.405887
0.494208
0.333041
0.379402
0.352739
0.280170
0.191907
0.411225
0.385133
0.319828
0.449402
0.341027
0.215785
0.338794
0.275887
0.323359
0.188328
0.274506
0.244870
0.181669
0.263662
0.168906
0.223401
0.284693
0.214799
0.216683
0.197432
0.233766
0.195984
0.188815
0.194757
0.230494
0.124890
0.237631
0.222275
0.226380
0.153219
0.254447
0.205238
0.175869
0.190761
0.139679
0.132908
0.184749
0.132733
0.140261
0.169721
0.271888
0.184378
0.193804
0.160905
0.209478
0.105954
0.264726
0.142061
0.130490
0.237676
0.119914
0.027267
0.150807
0.126573
0.047999
0.048778
0.128595
0.116522
0.081206
0.053527
0.083698
0.121205
0.156835
0.159850
0.073917
0.128649
0.119414
0.100664
0.055345
0.066215
-0.005782
0.084698
0.147309
0.050759
0.131927
0.055840
0.089988
0.128279
0.124039
0.072549
0.110475
0.130386
0.069655
0.129319
0.137111
0.083532
0.069706
0.091374
0.085828
0.154941
0.115825
0.047801
0.112626
0.099188
0.185468
0.164702
0.132699
0.160695
0.147757
0.196838
0.106059
0.041837
0.065496
0.126255
0.170554
0.155326
0.219267
0.180327
0.151416
0.135723
0.207616
0.132026
0.134521
0.229099
0.192664
0.166412
0.123724
0.080036
0.102435
0.165475
0.167827
0.152520
0.220872
0.169298
0.127869
0.100099
0.217010
0.116767
0.226754
0.149608
0.202754
0.139513
0.180923
0.123701
0.173856
0.139843
0.208785
0.118525
0.220584
0.161331
0.129536
0.110383
0.186546
0.152596
0.164230
0.218648
0.164266
0.127622
0.145869
0.216595
0.176997
0.220511
0.305707
0.248127
0.296164
0.270329
0.230856
0.251334
0.343216
0.292457
0.264900
0.266125
0.250587
0.165353
0.160317
0.205549
0.237666
0.160886
0.232326
0.340386
0.152269
0.097420
0.150187
0.241352
0.235388
0.114606
0.178421
0.308691
0.154416
0.199945
0.217245
0.203942
0.175521
0.238111
0.222330
0.176560
0.205368
0.093060
0.179578
0.192215
0.246274
0.189964
0.218348
0.237502
0.168772
0.111016
0.164335
0.090260
0.091826
0.065323
0.150234
0.160901
0.219417
0.204154
0.168708
0.185233
0.229671
0.179846
0.160857
0.213339
0.125630
0.179201
0.235577
0.278873
0.167695
0.084001
0.254079
0.141376
0.296738
0.244105
0.222295
0.190746
0.254109
0.179529
0.266200
0.151059
0.168482
0.177539
0.194870
0.204639
0.191952
0.263024
0.296734
0.175006
0.291595
0.169838
0.229935
0.203825
0.203397
0.325037
0.176558
0.174920
0.063697
0.168652
0.140803
0.120803
0.207488
0.222419
0.220946
0.163665
0.123607
0.188528
0.179683
0.149882
0.164848
0.129143
0.228696
0.203242
0.118610
0.137245
0.136447
0.105704
0.201343
0.209855
0.222248
0.195455
0.235859
0.199269
0.192608
0.190052
0.262043
0.301508
0.259022
0.377592
0.301642
0.230885
0.259543
0.185532
0.290970
0.248037
0.433232
0.440907
0.326527
0.317475
0.279785
0.310728
0.395684
0.336271
0.315693
0.395524
0.305461
0.298855
0.343559
0.296769
0.280983
0.322031
0.377096
0.319836
0.350459
0.301441
0.297710
0.315074
0.350223
0.273386
0.450708
0.422623
0.313577
0.316128
0.348734
0.341537
0.387374
0.396198
0.405261
0.363262
0.366144
0.309417
0.432624
0.404819
0.408479
0.297987
0.415296
0.450267
0.339801
0.399379
0.453196
0.430193
0.354510
0.436515
0.420668
0.314438
0.381142
0.360547
0.414600
0.300992
0.369256
0.324682
0.297084
0.349212
0.417768
0.385008
0.443139
0.333713
0.252268
0.281722
0.412957
0.402281
0.409384
0.363339
0.352273
0.484187
0.346210
0.474627
0.427229
0.388430
0.383073
0.378354
0.450978
0.411849
0.446686
0.404333
0.471462
0.498798
0.460379
0.538091
0.510077
0.443352
0.493225
0.478780
0.398174
0.472523
0.461263
0.493548
0.453898
0.428881
0.475017
0.455881
0.519658
0.575294
0.535636
0.523998
0.464753
0.532993
0.460861
0.485556
0.487501
0.542096
0.442419
0.420340
0.428021
0.450537
0.446700
0.377402
0.395921
0.390786
0.483863
0.461666
0.496591
0.437755
0.377153
0.412451
0.423852
0.424289
0.386512
0.345091
0.404245
0.412045
0.452684
0.462133
0.532352
0.484541
0.454255
0.474190
0.438383
0.449473
0.540739
0.408079
0.394779
0.618193
0.496438
0.463479
0.567846
0.582189
0.466803
0.532113
0.568238
0.396048
0.569328
0.590220
0.497870
0.492040
0.541244
0.492792
0.537354
0.610161
0.532842
0.475387
0.575549
0.570189
0.516903
0.583710
0.551160
0.517727
0.525824
0.637357
0.638993
0.612229
0.681385
0.563912
0.634301
0.695285
0.583766
0.572762
0.533356
0.640520
0.633291
0.587179
0.697369
0.569614
0.617431
0.658708
0.674872
0.684290
0.738940
0.708156
0.692629
0.763267
0.652857
0.551715
0.644549
0.629682
0.683099
0.678153
0.778588
0.748043
0.708860
0.782633
0.764005
0.784295
0.787517
0.755072
0.760140
0.761126
0.803585
0.732118
0.793341
0.782425
0.847423
0.814652
0.838986
0.812453
0.765883
0.799604
0.822977
0.760812
0.795123
0.721461
0.803998
0.795721
0.766052
0.758563
0.768272
0.781756
0.792605
0.794029
0.739318
0.762450
0.726567
0.735004
0.713428
0.693341
0.724819
0.711518
0.750822
0.782359
0.713660
0.644312
0.703656
0.684999
0.729758
0.684359
0.665490
0.600048
0.708558
0.646331
0.694390
0.658940
0.644003
0.591968
0.584585
0.691814
0.625798
0.681616
0.586174
0.605448
0.639040
0.660961
0.674572
0.648246
0.667349
0.715725
0.689098
0.721982
0.723618
0.647693
0.703679
0.769791
0.748569
0.750786
0.746720
0.707172
0.750382
0.694315
0.777365
0.701171
0.647785
0.639604
0.709697
0.673305
0.719060
0.655557
0.676423
0.711491
0.671976
0.692281
0.702571
0.697420
0.683158
0.646289
0.675965
0.566956
0.591246
0.635746
0.629880
0.619625
0.642049
0.625575
0.644194
0.695892
0.615880
0.593503
0.561672
0.547900
0.581147
0.543673
0.533040
0.568236
0.473367
0.523265
0.605103
0.501300
0.592428
0.621128
0.517508
0.607814
0.539036
0.451186
0.570483
0.515406
0.512783
0.570875
0.687491
0.613034
0.634293
0.587400
0.619593
0.662036
0.670124
0.623538
0.608689
0.713778
0.616665
0.484984
0.612274
0.612572
0.599221
0.632611
0.683623
0.647785
0.596740
0.658949
0.636725
0.671380
0.649717
0.650007
0.642878
0.756462
0.672598
0.569726
0.715191
0.716643
0.681990
0.711943
0.755917
0.673534
0.736012
0.764301
0.791342
0.757212
0.729931
0.751912
0.698027
0.778551
0.714299
0.645333
0.729742
0.685461
0.699858
0.746220
0.740570
0.708740
0.678053
0.663738
0.733306
0.647357
0.719164
0.729279
0.753223
0.847659
0.704898
0.732929
0.747625
0.723949
0.615785
0.600575
0.285927
