0.607532
0.596393
0.560253
0.665687
0.672295
0.722272
0.629623
0.646619
0.790808
0.696862
0.623872
0.693526
0.603169
0.683505
0.697940
0.761483
0.690050
0.669566
0.676064
0.704594
0.650609
0.648568
0.592723
0.594095
0.638224
0.597072
0.598755
0.644198
0.656649
0.661523
0.603913
0.568970
0.595866
0.570486
0.546812
0.626758
0.585220
0.580027
0.546989
0.640399
0.651749
0.609482
0.575740
0.462253
0.488599
0.550901
0.575013
0.559372
0.560262
0.484758
0.457849
0.438101
0.457768
0.450607
0.425026
0.416256
0.456534
0.446790
0.465683
0.420929
0.439885
0.392416
0.433406
0.424315
0.368638
0.491431
0.431639
0.403370
0.356451
0.421655
0.422691
0.449803
0.435714
0.420859
0.439221
0.359191
0.374615
0.371490
0.373258
0.455438
0.381096
0.473030
0.511876
0.435455
0.453768
0.382545
0.414487
0.531918
0.487571
0.490445
0.668945
0.496929
0.494315
0.545224
0.529813
0.619026
0.485147
0.576101
0.524012
0.586027
0.480564
0.621900
0.584863
0.596804
0.636177
0.606965
0.571424
0.611817
0.583088
0.626582
0.609580
0.595406
0.519787
0.505796
0.526023
0.479593
0.433574
0.428017
0.415496
0.415829
0.454337
0.450313
0.451090
0.474325
0.389348
0.371673
0.374097
0.374330
0.349128
0.372140
0.326691
0.321645
0.321378
0.370426
0.317480
0.372159
0.493240
0.350873
0.353911
0.345027
0.287638
0.266858
0.300932
0.354639
0.231481
0.380974
0.423063
0.314682
0.462697
0.506882
0.430416
0.438785
0.417256
0.392439
0.475620
0.419198
0.436967
0.466006
0.496226
0.581774
0.482663
0.525524
0.478643
0.571417
0.611770
0.640937
0.587899
0.516373
0.625417
0.556604
0.489900
0.582129
0.490099
0.594983
0.539825
0.671899
0.599615
0.602974
0.551999
0.627655
0.588577
0.602617
0.535712
0.628895
0.552717
0.545820
0.607579
0.618778
0.598003
0.504147
0.442842
0.585413
0.566059
0.517264
0.563389
0.497075
0.560703
0.541315
0.466059
0.563379
0.524419
0.498804
0.554573
0.499137
0.512302
0.455119
0.502986
0.515798
0.533771
0.434016
0.433699
0.480981
0.461306
0.481470
0.446525
0.457650
0.552697
0.498497
0.368553
0.518420
0.517595
0.455751
0.497964
0.604683
0.504000
0.481557
0.536922
0.506952
0.426255
0.537375
0.553326
0.506750
0.549443
0.528692
0.500461
0.546012
0.453582
0.520825
0.535523
0.513745
0.451718
0.573206
0.520502
0.605086
0.519744
0.485952
0.471176
0.578739
0.598606
0.536071
0.583670
0.560242
0.557015
0.597486
0.553662
0.636699
0.604398
0.599399
0.575194
0.542066
0.476225
0.571040
0.647783
0.483605
0.570934
0.493513
0.403801
0.473938
0.541195
0.541332
0.481876
0.510180
0.651345
0.486451
0.406517
0.446500
0.469727
0.542349
0.560846
0.587592
0.550617
0.522698
0.429840
0.495726
0.494045
0.481080
0.562461
0.560770
0.505401
0.446333
0.491935
0.474940
0.427907
0.514943
0.558571
0.475908
0.476503
0.419103
0.382406
0.508861
0.473820
0.408245
0.383623
0.402271
0.478918
0.359091
0.403607
0.363094
0.345273
0.426338
0.361501
0.354491
0.427930
0.413186
0.339946
0.297645
0.332727
0.309361
0.238836
0.356522
0.395043
0.251777
0.308739
0.296814
0.334589
0.312284
0.240531
0.228393
0.222329
0.166622
0.223864
0.206624
0.134040
0.180128
0.112036
0.184944
0.215415
0.204018
0.216178
0.159552
0.120300
0.167949
0.246720
0.204301
0.208847
0.080230
0.135461
0.166648
0.153140
0.183081
0.108066
0.150112
0.297327
0.122703
0.113467
0.123062
0.208032
0.207201
0.101316
0.169905
0.229381
0.227786
0.166903
0.107319
0.221475
0.141925
0.098072
0.139575
0.221269
0.143205
0.147968
0.072332
0.116867
0.140171
0.135872
0.147636
0.161367
0.084945
0.076117
0.145563
0.152533
0.085316
0.130077
0.193033
0.076031
0.127448
0.068040
0.213423
0.108191
0.069400
0.086654
0.073864
0.133724
0.120541
0.079552
0.153810
0.050745
0.093569
0.042438
0.106639
0.048821
0.063406
0.080934
0.103796
0.104152
0.035788
0.098997
0.161161
0.064217
0.036972
0.087900
0.083355
0.025301
-0.003865
0.070253
0.157411
0.065855
0.074482
0.061116
0.097780
-0.014680
0.075613
0.078932
0.158099
0.126551
0.051507
0.050211
0.078771
0.071687
0.027385
0.120952
0.118241
0.074119
0.117756
0.066841
0.091161
0.075877
0.124343
0.001708
0.092297
0.148631
0.105764
0.067422
0.038191
0.065311
0.134893
0.075226
0.125983
0.139580
0.180897
0.034955
0.081611
0.150811
0.135886
0.113166
0.147892
0.154209
0.101096
0.088338
0.107915
0.089173
0.113729
0.056762
0.157670
0.108231
0.238252
0.061745
0.103673
0.146762
0.175316
0.203238
0.158067
0.065246
0.168401
0.173877
0.135995
0.036121
0.135566
0.119518
0.081966
0.173595
0.106297
0.105291
0.114384
0.073546
0.129473
0.093075
0.169116
0.140727
0.105456
0.122343
0.133770
0.187808
0.062664
0.122581
0.123691
0.097969
0.195918
0.138041
0.144897
0.134255
0.116799
0.166575
0.186829
0.152268
0.095398
0.099566
0.164879
0.223129
0.140017
0.179520
0.234139
0.335389
0.151765
0.167671
0.226564
0.163873
0.238034
0.309814
0.298354
0.306120
0.189070
0.091072
0.291205
0.244607
0.139942
0.102691
0.178246
0.212589
0.167660
0.177357
0.170068
0.277874
0.265550
0.251729
0.195693
0.175095
0.202651
0.230978
0.131555
0.149155
0.163112
0.230241
0.180177
0.262506
0.211649
0.115227
0.212852
0.182270
0.198916
0.207649
0.211704
0.166536
0.190896
0.257343
0.219294
0.215267
0.193001
0.187212
0.235800
0.219237
0.338169
0.282267
0.329537
0.347398
0.281746
0.408043
0.308457
0.322788
0.439152
0.333981
0.304394
0.330926
0.232476
0.281238
0.294087
0.476517
0.393215
0.334149
0.433089
0.393398
0.314808
0.339915
0.344322
0.297640
0.348487
0.522250
0.376258
0.306959
0.375655
0.452113
0.500669
0.426262
0.368163
0.337995
0.329091
0.339014
0.355906
0.267264
0.299498
0.221914
0.223770
0.314004
0.172023
0.192532
0.179399
0.149553
0.142364
0.089186
0.265454
0.172201
0.108797
0.126573
0.215770
0.192844
0.178379
0.315392
0.164624
0.152538
0.143213
0.129058
0.218737
0.240233
0.228172
0.289659
0.179589
0.074677
0.229411
0.235190
0.281915
0.169235
0.255145
0.340989
0.212273
0.196445
0.221174
0.212557
0.140426
0.245099
0.320475
0.281400
0.311652
0.202293
0.278944
0.192900
0.340940
0.189017
0.201157
0.300205
0.202101
0.195917
0.174271
0.240186
0.108108
0.066257
0.191081
0.157890
0.091588
0.102872
0.084223
0.113348
0.283855
0.113589
0.192802
0.278230
0.159313
0.250628
0.092527
0.111340
0.077959
0.086336
0.203165
0.147893
0.141497
0.103739
0.178034
0.133148
0.257345
0.106064
0.111713
0.191848
0.074186
0.116404
0.068315
0.160852
0.044953
0.148965
0.093155
0.151157
0.159728
0.061978
0.088815
0.082751
0.150360
0.126082
0.045396
0.156763
0.092326
0.093284
0.085122
0.088313
0.085487
0.091290
0.174887
0.088490
0.225820
0.104466
0.058885
0.164064
0.093530
0.115083
0.175515
0.215935
0.090536
0.116481
0.105672
0.013173
0.094234
0.130921
0.143275
0.175428
0.142438
0.110013
0.160483
0.149905
0.165563
0.177921
0.168499
0.246241
0.122844
0.044650
0.166719
0.176641
0.123907
0.179467
0.224287
0.254656
0.284607
0.181374
0.173239
0.166226
0.225622
0.333568
0.280133
0.166215
0.208678
0.208840
0.262414
0.220006
0.210619
0.237739
0.284013
0.287920
0.270240
0.222306
0.160789
0.240908
0.274884
0.363530
0.324137
0.242881
0.239973
0.219696
0.226982
0.307285
0.238539
0.302926
0.270419
0.321383
0.301874
0.305901
0.264546
0.292764
0.341506
0.207636
0.369860
0.328580
0.261521
0.236453
0.281689
0.348969
0.330214
0.339536
0.321414
0.269597
0.371877
0.355729
0.379518
0.381697
0.322777
0.296758
0.379050
0.425156
0.303423
0.300521
0.293744
0.371403
0.319387
0.343964
0.411537
0.354585
0.381694
0.402178
0.424860
0.443807
0.458335
0.326712
0.390870
0.540782
0.347956
0.393786
0.403254
0.352492
0.317481
0.430818
0.482400
0.408435
0.427670
0.484286
0.553439
0.468777
0.523214
0.444802
0.410869
0.510363
0.455947
0.414130
0.440093
0.480848
0.464583
0.463614
0.582739
0.519781
0.490264
0.476448
0.501369
0.448300
0.529467
0.513826
0.480302
0.576285
0.514647
0.385459
0.536100
0.420843
0.554145
0.523637
0.558830
0.541078
0.527629
0.497761
0.518975
0.512352
0.573333
0.479913
0.543587
0.569173
0.537368
0.490815
0.528119
0.557287
0.606178
0.545807
0.650745
0.491528
0.561906
0.602795
0.542953
0.521613
0.494717
0.542173
0.569253
0.589240
0.525271
0.543853
0.473273
0.497495
0.554328
0.462844
0.477073
0.439462
0.511602
0.592266
0.604536
0.567423
0.592261
0.613013
0.557792
0.545332
0.525645
0.466666
0.520848
0.517303
0.527227
0.492687
0.588478
0.515123
0.543476
0.604831
0.646421
0.616289
0.616469
0.582412
0.546001
0.592065
0.612998
0.622539
0.608551
0.620258
0.660700
0.611862
0.733403
0.711390
0.647214
0.697376
0.672639
0.694308
0.639295
0.627008
0.607021
0.607647
0.631936
0.609401
0.634580
0.633916
0.625316
0.614920
0.495412
0.491664
0.616967
0.513113
0.624271
0.619903
0.683186
0.567798
0.628290
0.666926
0.612390
0.691926
0.630888
0.646594
0.669612
0.681543
0.740190
0.712649
0.741332
0.765807
0.778005
0.791180
0.721204
0.716022
0.758459
0.749350
0.744250
0.642006
0.746926
0.721578
0.792178
0.728468
0.813479
0.747800
0.815494
0.843036
0.856229
0.820416
0.788853
0.786087
0.804903
0.794924
0.787649
0.791543
0.772545
0.777585
0.824266
0.840812
0.842316
0.838076
0.831010
0.864574
0.888584
0.889624
0.896484
0.895505
0.879684
0.921363
0.888105
0.857577
0.908393
0.877956
0.916121
0.867967
0.915504
0.904834
0.906162
0.935294
0.948383
0.948742
0.938451
0.850168
0.906569
0.932344
0.919449
0.904678
0.925461
0.916032
0.903554
0.914295
0.934115
0.913320
0.861810
0.883192
0.922524
0.888503
0.906630
0.922537
0.888462
0.926363
0.814299
0.856634
0.858674
0.867025
0.752156
0.733273
0.287963
