0.508377
0.252190
-0.001741
0.097320
0.087769
0.096328
0.032461
0.124111
0.094560
0.063111
0.089502
0.125604
0.163250
0.035606
0.063035
0.206779
0.123981
0.247262
0.194824
0.158399
0.201542
0.238408
0.279030
0.253556
0.282022
0.228048
0.244147
0.315311
0.341297
0.319273
0.250039
0.388091
0.425633
0.427303
0.381232
0.373681
0.319132
0.379027
0.441559
0.542096
0.431945
0.361939
0.405186
0.500749
0.417894
0.417081
0.512370
0.448864
0.386287
0.450538
0.371400
0.400772
0.402770
0.445521
0.374221
0.441886
0.430424
0.411155
0.313758
0.346322
0.352402
0.284600
0.364963
0.379434
0.292081
0.473102
0.403728
0.396001
0.461603
0.344367
0.356888
0.427483
0.359901
0.322291
0.338708
0.300445
0.269146
0.277050
0.358568
0.381107
0.358216
0.442475
0.379216
0.310446
0.428384
0.452757
0.343707
0.353178
0.560150
0.442835
0.358068
0.443042
0.456509
0.366628
0.421457
0.589095
0.451775
0.539639
0.525070
0.420674
0.424659
0.457654
0.388508
0.416594
0.447271
0.360473
0.412096
0.314755
0.335567
0.311505
0.318101
0.333112
0.304178
0.365116
0.364166
0.295978
0.289934
0.378299
0.332483
0.295584
0.408484
0.243528
0.209823
0.297427
0.266843
0.174861
0.241222
0.314923
0.278709
0.298458
0.252433
0.245507
0.361941
0.422908
0.380687
0.356582
0.331978
0.278125
0.225001
0.241441
0.266953
0.222984
0.217445
0.389117
0.310339
0.301713
0.293628
0.268000
0.284353
0.356625
0.264468
0.281866
0.284783
0.275542
0.349990
0.397912
0.360628
0.234704
0.300590
0.319713
0.281645
0.260095
0.223288
0.124073
0.298777
0.252784
0.197817
0.307243
0.323419
0.271939
0.263299
0.164419
0.138192
0.204739
0.270971
0.199305
0.258763
0.204032
0.155822
0.112396
0.210684
0.161442
0.136374
0.192864
0.155012
0.131217
0.086617
0.122129
0.169107
0.137689
0.149653
0.179928
0.174331
0.198157
0.169007
0.158469
0.143314
0.182440
0.142121
0.241345
0.185497
0.102675
0.148770
0.141132
0.114513
0.191225
0.197349
0.256879
0.350597
0.321891
0.281088
0.252737
0.289889
0.242838
0.313565
0.241013
0.319487
0.266759
0.196585
0.290744
0.221384
0.223621
0.283412
0.282156
0.397193
0.242718
0.224719
0.312094
0.284026
0.301677
0.167790
0.324423
0.333536
0.227412
0.339357
0.254417
0.273693
0.273617
0.294511
0.387648
0.286280
0.396809
0.451408
0.447448
0.359883
0.317437
0.393350
0.410414
0.516313
0.460553
0.300409
0.438299
0.404331
0.304181
0.277056
0.418574
0.442074
0.456938
0.491899
0.524495
0.481426
0.476691
0.496672
0.512247
0.525247
0.509138
0.523989
0.457814
0.504859
0.536420
0.544111
0.546835
0.616913
0.506029
0.538079
0.649780
0.563866
0.539144
0.554521
0.578762
0.651973
0.535295
0.486706
0.622828
0.524463
0.596514
0.540754
0.583621
0.545492
0.638826
0.604333
0.573685
0.615809
0.579639
0.531480
0.599483
0.655053
0.534987
0.526921
0.473053
0.559362
0.471308
0.492721
0.587904
0.542518
0.559761
0.560931
0.483371
0.505423
0.573497
0.545805
0.521140
0.503248
0.486638
0.466970
0.410956
0.533091
0.492262
0.501304
0.515883
0.461556
0.438000
0.358379
0.365373
0.383343
0.425137
0.295348
0.449397
0.393680
0.278197
0.448296
0.324015
0.305536
0.306785
0.325982
0.331412
0.341362
0.293152
0.345352
0.348728
0.359655
0.433894
0.357352
0.200817
0.466451
0.331799
0.205388
0.278501
0.297840
0.242247
0.253517
0.285700
0.348229
0.318444
0.247463
0.365123
0.396511
0.337440
0.340908
0.333361
0.376178
0.367998
0.297150
0.250458
0.254794
0.321628
0.321159
0.429220
0.319443
0.417414
0.389237
0.398717
0.342367
0.303174
0.334147
0.441353
0.376374
0.241777
0.247866
0.369313
0.386988
0.305604
0.344840
0.336274
0.310562
0.244708
0.245823
0.287366
0.290272
0.226622
0.356124
0.294692
0.150827
0.210747
0.181960
0.208891
0.235965
0.208801
0.227693
0.306080
0.206392
0.287283
0.186627
0.221143
0.223109
0.277250
0.222204
0.194496
0.350471
0.206497
0.188821
0.100305
0.266737
0.106827
0.109331
0.204003
0.156729
0.200900
0.165795
0.197623
0.103451
0.135399
0.241004
0.145994
0.120294
0.073745
0.105768
0.118504
0.159954
0.129334
0.172891
0.159334
0.129178
0.265575
0.173638
0.226868
0.266625
0.231643
0.248052
0.253612
0.157534
0.207933
0.255100
0.207611
0.293157
0.205889
0.205813
0.309543
0.297159
0.242384
0.234405
0.322176
0.244715
0.324460
0.278394
0.305700
0.287183
0.314203
0.276513
0.267013
0.298566
0.365209
0.313078
0.390347
0.380784
0.339762
0.269086
0.207065
0.394172
0.286826
0.179925
0.357240
0.376237
0.283287
0.406131
0.231111
0.336389
0.341052
0.314833
0.215351
0.261087
0.259653
0.203014
0.244979
0.142951
0.254957
0.253067
0.300258
0.309299
0.302602
0.240909
0.242376
0.241202
0.277143
0.263580
0.276823
0.366341
0.367546
0.353078
0.309048
0.309765
0.381365
0.418435
0.338030
0.341938
0.375856
0.291277
0.346139
0.384934
0.320246
0.292427
0.409900
0.401737
0.325989
0.388948
0.439056
0.374967
0.409532
0.327154
0.306639
0.441000
0.336173
0.290233
0.388771
0.316241
0.316441
0.231506
0.331141
0.307185
0.395206
0.338210
0.346892
0.339209
0.322210
0.330681
0.310656
0.352699
0.268675
0.271625
0.171668
0.254628
0.230586
0.309607
0.286490
0.247272
0.344204
0.239442
0.257711
0.320632
0.324983
0.333130
0.310368
0.342171
0.252582
0.267727
0.312894
0.267035
0.278161
0.307983
0.431932
0.444075
0.308408
0.350211
0.310187
0.398718
0.310084
0.356502
0.401224
0.327219
0.366780
0.353745
0.351104
0.324028
0.337116
0.375727
0.345226
0.391080
0.252258
0.241949
0.310805
0.351815
0.327541
0.242753
0.395777
0.333295
0.213431
0.262724
0.198410
0.345342
0.168397
0.291756
0.261983
0.239338
0.269528
0.177610
0.263322
0.284703
0.292333
0.329183
0.196897
0.264912
0.274235
0.191867
0.200836
0.259585
0.229588
0.174936
0.264650
0.246023
0.288536
0.206557
0.264720
0.305824
0.347602
0.284767
0.355278
0.309665
0.303049
0.368853
0.300671
0.239572
0.315126
0.393996
0.458879
0.358670
0.391561
0.355532
0.367617
0.346040
0.408664
0.362520
0.294189
0.437095
0.339896
0.410895
0.347602
0.344790
0.288078
0.394159
0.417369
0.330799
0.360580
0.395659
0.439471
0.393594
0.339397
0.370093
0.374305
0.381732
0.340405
0.353738
0.248345
0.293989
0.251055
0.330991
0.342157
0.307736
0.324560
0.270208
0.325451
0.380959
0.425386
0.417446
0.375291
0.388842
0.332705
0.278152
0.254864
0.368554
0.350935
0.397972
0.525677
0.471083
0.399184
0.420161
0.436616
0.483741
0.455457
0.443812
0.397687
0.485822
0.453898
0.390887
0.383458
0.448698
0.436079
0.455598
0.484125
0.462704
0.490101
0.452519
0.591225
0.541103
0.582394
0.517203
0.385195
0.577873
0.515568
0.504439
0.550399
0.499980
0.412777
0.476858
0.526100
0.504718
0.530476
0.528054
0.529096
0.531506
0.518703
0.395495
0.485984
0.583536
0.492114
0.596280
0.525559
0.529863
0.561385
0.563385
0.637832
0.509233
0.633275
0.640483
0.676004
0.576453
0.617578
0.529441
0.566246
0.623904
0.568490
0.505082
0.518677
0.571879
0.572434
0.549735
0.546703
0.542318
0.557963
0.538086
0.557993
0.512537
0.546747
0.549964
0.499391
0.510532
0.473430
0.459209
0.434608
0.423060
0.376636
0.436015
0.476797
0.456843
0.456525
0.455287
0.410269
0.498489
0.472438
0.401359
0.455068
0.465774
0.447651
0.360232
0.374338
0.417099
0.424256
0.459399
0.409900
0.385091
0.476854
0.444352
0.403828
0.393531
0.510749
0.404438
0.487210
0.507801
0.416751
0.342904
0.421112
0.411864
0.388450
0.453769
0.495259
0.498141
0.455955
0.383675
0.398580
0.436578
0.496218
0.375851
0.418916
0.546131
0.319007
0.396379
0.386475
0.459281
0.378423
0.490322
0.517169
0.417767
0.529436
0.455247
0.461682
0.576500
0.500685
0.351210
0.478177
0.538630
0.488972
0.508101
0.441550
0.498782
0.476535
0.514126
0.609612
0.481836
0.510484
0.550204
0.461999
0.467483
0.517091
0.425958
0.496601
0.550859
0.480860
0.498720
0.413124
0.393270
0.400531
0.362437
0.412689
0.374073
0.445463
0.457622
0.436794
0.397732
0.372685
0.360412
0.321223
0.283745
0.341947
0.309784
0.320984
0.398582
0.319859
0.340700
0.311955
0.411200
0.368662
0.364247
0.413567
0.198699
0.401016
0.414621
0.393869
0.433333
0.434959
0.471863
0.477326
0.425948
0.509250
0.513189
0.476833
0.520921
0.556581
0.527694
0.510944
0.498409
0.585974
0.568201
0.635394
0.605722
0.551640
0.537436
0.481940
0.520680
0.501206
0.546362
0.526069
0.427696
0.531677
0.629641
0.643501
0.607962
0.592277
0.534980
0.525743
0.505040
0.494151
0.443600
0.515071
0.577899
0.569229
0.618904
0.674655
0.598130
0.567992
0.610492
0.653585
0.682049
0.661109
0.609115
0.663797
0.748881
0.651396
0.664452
0.710951
0.742603
0.685214
0.690451
0.753380
0.761748
0.758329
0.784759
0.808528
0.828141
0.799720
0.736487
0.806687
0.824590
0.810049
0.806100
0.776600
0.773297
0.788121
0.787287
0.785913
0.776914
0.828775
0.855934
0.855915
0.843021
0.810002
0.773653
0.794085
0.832346
0.815714
0.774287
0.802421
0.816095
0.822318
0.808319
0.862655
0.820785
0.804794
0.844995
0.836524
0.816277
0.796000
0.778543
0.788823
0.775136
0.775049
0.773525
0.754039
0.638284
0.818975
0.722550
0.750055
0.684109
0.698344
0.678662
0.769219
0.745001
0.734296
0.649640
0.715401
0.777656
0.745833
0.752874
0.714075
0.715624
0.743898
0.731422
0.744646
0.729071
0.686729
0.704706
0.703680
0.695177
0.698317
0.664305
0.689770
0.754268
0.677724
0.653311
0.684984
0.693576
0.685164
0.615455
0.721407
0.594030
0.654042
0.655195
0.672368
0.614030
0.574512
0.604762
0.472207
0.572454
0.575666
0.648605
0.550955
0.512454
0.496365
0.564635
0.566163
0.458996
0.314061
0.428941
0.411184
0.459860
0.459759
0.518269
0.412526
0.664254
0.419427
0.405098
0.547643
0.471816
0.478037
0.411210
0.252224
