0.538560
0.320471
-0.005424
0.188761
0.138553
0.080041
0.162495
0.081218
0.151025
0.069008
0.077874
0.070812
0.146132
0.018982
0.111456
0.058018
0.124254
0.186432
0.072745
0.067237
0.114081
0.154774
0.217212
0.116276
0.145306
0.208938
0.153021
0.228354
0.217120
0.116624
0.175531
0.165484
0.298545
0.196292
0.110581
0.204063
0.136316
0.305774
0.150218
0.265015
0.309402
0.190534
0.204410
0.251645
0.202579
0.182262
0.197333
0.292400
0.308845
0.172744
0.201356
0.279730
0.217428
0.316640
0.239650
0.198747
0.293671
0.219969
0.086803
0.198487
0.211310
0.134110
0.135069
0.093208
0.193713
0.141965
0.089530
0.066461
0.139795
0.258424
0.105938
0.094872
0.176888
0.103988
0.093615
0.166419
0.080732
0.035229
0.102492
0.206520
0.034398
0.228188
0.179775
0.165763
0.028052
0.148290
0.169353
0.233249
0.036334
0.102553
0.131248
0.172253
0.107052
0.120551
0.119779
0.177243
0.193207
0.173981
0.148810
0.038134
0.097174
0.192527
0.115336
0.130311
0.172201
0.080047
0.059686
0.118820
-0.004368
0.080589
0.075283
0.115596
0.087829
0.159457
0.049213
0.059684
0.086252
0.060734
0.119293
0.213321
0.014473
0.047579
0.122644
0.066566
0.041320
0.025858
0.103993
0.127826
0.084869
0.253076
0.223077
0.086844
0.148376
0.142836
0.132191
0.202386
0.140154
0.154037
0.286652
0.188326
0.217863
0.227716
0.221252
0.280966
0.226488
0.314766
0.232181
0.267519
0.313970
0.255092
0.271579
0.288078
0.223175
0.286739
0.280823
0.289292
0.287258
0.247440
0.342246
0.323469
0.267438
0.295696
0.281044
0.301415
0.333879
0.323918
0.271806
0.337408
0.384310
0.323096
0.276382
0.291816
0.267752
0.230144
0.179423
0.345625
0.312800
0.422941
0.379484
0.403990
0.380026
0.457988
0.458097
0.432368
0.543171
0.449407
0.432373
0.416473
0.436192
0.507015
0.520243
0.564837
0.655955
0.473512
0.497625
0.574733
0.645811
0.615997
0.520819
0.572939
0.592150
0.558630
0.542996
0.526047
0.499058
0.530712
0.569588
0.602886
0.570678
0.525766
0.536706
0.541372
0.468807
0.479441
0.480287
0.478911
0.506713
0.441994
0.493026
0.498428
0.526919
0.428394
0.448233
0.338107
0.385704
0.390590
0.352171
0.411295
0.451453
0.519662
0.521882
0.456183
0.522184
0.380864
0.358092
0.454156
0.418256
0.410858
0.464881
0.585671
0.471316
0.506616
0.516626
0.448921
0.475157
0.492310
0.414550
0.500346
0.480014
0.431309
0.414723
0.527922
0.481226
0.465259
0.473142
0.472186
0.482476
0.509981
0.531651
0.500472
0.469277
0.485125
0.404646
0.453839
0.499544
0.452383
0.463622
0.460931
0.416345
0.431935
0.493128
0.517828
0.426388
0.492819
0.473727
0.457094
0.532701
0.543559
0.479261
0.462323
0.607032
0.474396
0.421999
0.434842
0.448491
0.471166
0.441703
0.519826
0.561126
0.477275
0.465442
0.523295
0.447413
0.530415
0.460730
0.445745
0.500071
0.364867
0.446135
0.466441
0.435656
0.379816
0.352936
0.438969
0.432802
0.361432
0.385691
0.360667
0.386909
0.414678
0.352263
0.296517
0.489417
0.300700
0.206993
0.268928
0.327974
0.305257
0.257030
0.308929
0.340807
0.308539
0.251699
0.224890
0.205360
0.281346
0.206643
0.238643
0.215301
0.199016
0.176193
0.124577
0.157537
0.157503
0.264646
0.151663
0.162990
0.302876
0.191589
0.187571
0.081148
0.152081
0.229063
0.193719
0.144552
0.226532
0.186809
0.285754
0.208742
0.110266
0.152196
0.180147
0.220991
0.183049
0.189219
0.222282
0.295817
0.253792
0.250420
0.304612
0.294054
0.244527
0.188026
0.247357
0.183896
0.220753
0.208596
0.413652
0.296923
0.372612
0.336713
0.339329
0.271611
0.234939
0.273758
0.274067
0.238019
0.176924
0.255568
0.174585
0.215951
0.243879
0.215205
0.193692
0.237598
0.193349
0.157909
0.143294
0.094010
0.157232
0.096599
0.172145
0.090358
0.131584
0.077121
0.191059
0.046005
0.088154
0.062942
0.134408
0.079606
0.122494
0.068407
0.041650
0.083833
0.196353
0.045343
0.138003
0.152729
0.121748
0.136719
0.134432
0.218128
0.066212
0.121826
0.173198
0.176860
0.133635
0.053303
0.106227
0.166037
0.164828
0.060275
0.175110
0.178772
0.041428
0.146673
0.125225
0.074306
-0.005514
0.096918
0.175033
0.039178
0.190896
0.206221
0.113972
0.085838
0.120075
0.069872
0.048406
0.202868
0.126380
0.159412
0.109172
0.022398
0.099745
0.055493
0.101719
0.072562
0.114629
0.041163
-0.010346
0.126415
0.087427
-0.026871
0.108878
0.119114
0.071541
0.043496
0.111023
0.057725
0.051200
0.066051
0.119743
0.108164
0.119346
0.054279
0.088817
0.039440
0.045844
0.000463
0.088762
0.113959
0.140109
0.025315
0.079915
0.025373
0.030192
0.131661
0.058335
0.071075
0.124899
0.047960
0.001362
0.117367
0.038271
0.101703
0.190976
0.084954
0.078667
0.026372
0.128793
0.076112
0.084637
0.136760
0.154444
0.109727
0.179048
0.168460
0.108396
0.091785
0.072898
0.167757
0.152216
0.091622
0.192809
0.271084
0.167220
0.224719
0.199556
0.185665
0.238300
0.196764
0.244450
0.211890
0.105702
0.189602
0.200418
0.189677
0.186992
0.222072
0.124777
0.122393
0.166079
0.105778
0.176046
0.163674
0.186562
0.121291
0.246654
0.205558
0.231708
0.148200
0.229973
0.185231
0.235201
0.209109
0.109462
0.219490
0.236790
0.120857
0.233313
0.227634
0.244745
0.289701
0.216639
0.122244
0.169332
0.115668
0.227949
0.232011
0.159501
0.203614
0.130989
0.129282
0.228271
0.197182
0.084184
0.121191
0.205897
0.217327
0.185863
0.086202
0.166229
0.206550
0.216005
0.230371
0.249326
0.160056
0.199531
0.207004
0.214633
0.181640
0.129536
0.180969
0.181010
0.247899
0.178439
0.077801
0.214184
0.205749
0.234414
0.292751
0.223674
0.222797
0.201982
0.238238
0.244110
0.204243
0.241601
0.203952
0.273768
0.305074
0.251853
0.257412
0.262158
0.285393
0.343993
0.280429
0.345138
0.381286
0.291177
0.228425
0.300002
0.293572
0.247295
0.249581
0.322187
0.233143
0.362018
0.350880
0.443065
0.401127
0.428134
0.492412
0.344621
0.403807
0.336581
0.299281
0.399847
0.366317
0.358618
0.393454
0.521011
0.469703
0.434244
0.390651
0.383746
0.384838
0.473952
0.425796
0.373614
0.444396
0.359598
0.378156
0.378589
0.434344
0.392529
0.351362
0.438473
0.420310
0.480086
0.475695
0.506308
0.511069
0.355024
0.353309
0.514301
0.549354
0.457437
0.538677
0.468363
0.412993
0.472193
0.505766
0.520376
0.531761
0.453902
0.394661
0.440938
0.393916
0.445427
0.392930
0.348685
0.518646
0.399002
0.308591
0.390354
0.424379
0.396503
0.434497
0.430795
0.418267
0.453114
0.350172
0.379792
0.383757
0.490154
0.410776
0.386042
0.477303
0.384859
0.452820
0.327986
0.308045
0.378405
0.321512
0.327541
0.325416
0.494312
0.457337
0.514251
0.425306
0.471218
0.557551
0.372851
0.528609
0.446689
0.389018
0.491562
0.491630
0.448177
0.486187
0.569488
0.601262
0.574002
0.630230
0.596531
0.580099
0.563672
0.516872
0.553744
0.607247
0.566165
0.571816
0.483706
0.532951
0.583658
0.524697
0.501961
0.580971
0.579280
0.550052
0.529424
0.508941
0.465308
0.389826
0.411825
0.604084
0.520276
0.421088
0.557192
0.549677
0.476019
0.460578
0.467879
0.360789
0.469676
0.440311
0.485860
0.456194
0.509129
0.499021
0.446402
0.551816
0.533691
0.431121
0.404283
0.409862
0.428618
0.454406
0.581545
0.517220
0.410604
0.451572
0.391778
0.362013
0.456905
0.519329
0.390518
0.218303
0.357722
0.411944
0.489509
0.438120
0.386041
0.452529
0.416400
0.285776
0.406823
0.331848
0.268808
0.266578
0.289561
0.234334
0.340488
0.353992
0.301187
0.287154
0.350773
0.282357
0.321837
0.343004
0.330335
0.279137
0.333470
0.261244
0.324424
0.366324
0.395472
0.324448
0.315721
0.422783
0.358732
0.386319
0.351628
0.326328
0.354627
0.358480
0.418883
0.482510
0.373983
0.377310
0.377076
0.463895
0.361275
0.325397
0.341201
0.495788
0.379589
0.404390
0.333485
0.358716
0.356327
0.365391
0.465760
0.437577
0.403954
0.391026
0.354242
0.379586
0.403313
0.318489
0.450779
0.370822
0.302855
0.371926
0.310923
0.361210
0.371292
0.429794
0.470970
0.414080
0.391055
0.395642
0.350898
0.370442
0.445573
0.409049
0.408135
0.365938
0.397301
0.363739
0.373713
0.378971
0.374731
0.416292
0.445939
0.321091
0.487905
0.483830
0.518056
0.423795
0.475547
0.450466
0.507241
0.532435
0.499078
0.501162
0.451628
0.426237
0.467392
0.467237
0.517312
0.527666
0.448122
0.513325
0.523237
0.503389
0.540667
0.510471
0.527692
0.561224
0.504563
0.427616
0.536251
0.560767
0.471981
0.468220
0.612327
0.515298
0.552760
0.563161
0.597883
0.548220
0.588070
0.648611
0.508962
0.598284
0.533716
0.561107
0.596046
0.598282
0.612333
0.658078
0.630110
0.628763
0.585263
0.549613
0.591188
0.582119
0.627864
0.541921
0.570823
0.722328
0.596587
0.596503
0.573928
0.573734
0.615612
0.579237
0.685406
0.566584
0.557030
0.612974
0.627899
0.622669
0.603966
0.544775
0.583347
0.680398
0.674047
0.613086
0.609447
0.649136
0.610369
0.596474
0.643993
0.645601
0.651936
0.621172
0.672852
0.650677
0.625278
0.610024
0.597419
0.738306
0.687716
0.588973
0.622745
0.618535
0.620507
0.686522
0.711644
0.690541
0.700405
0.678870
0.646790
0.681853
0.635633
0.620884
0.667270
0.724415
0.606593
0.654193
0.641284
0.592929
0.626475
0.611063
0.663726
0.482974
0.577566
0.617338
0.689562
0.731597
0.694285
0.600078
0.645675
0.725799
0.693667
0.625811
0.605530
0.633136
0.644000
0.648365
0.680256
0.625937
0.610006
0.593452
0.657513
0.613888
0.664975
0.572035
0.594765
0.623434
0.559390
0.593265
0.599437
0.552763
0.555994
0.552453
0.631137
0.500693
0.560590
0.598016
0.561682
0.525345
0.496924
0.496102
0.533813
0.638156
0.553084
0.464626
0.420155
0.351644
0.422844
0.391991
0.383057
0.437858
0.334839
0.312276
0.411404
0.318234
0.303749
0.343138
0.283589
0.425322
0.262102
0.205489
0.374153
0.362409
0.359717
0.330447
0.238645
