0.560912
0.526212
0.458888
0.586766
0.527756
0.524225
0.422633
0.472852
0.655792
0.405513
0.401089
0.377703
0.365803
0.457115
0.435119
0.494761
0.406382
0.471213
0.426656
0.474106
0.333550
0.389036
0.384588
0.273971
0.415502
0.347493
0.302129
0.330403
0.215629
0.352807
0.326284
0.409861
0.261026
0.363098
0.340432
0.355485
0.322000
0.347594
0.335082
0.326130
0.378771
0.311056
0.331655
0.374597
0.326772
0.328871
0.251625
0.431032
0.298688
0.409189
0.426257
0.394415
0.303103
0.358152
0.394418
0.302625
0.397819
0.294798
0.317905
0.305887
0.368187
0.251995
0.271149
0.308207
0.283092
0.280578
0.277742
0.375841
0.259537
0.319546
0.341094
0.254196
0.303033
0.329806
0.284717
0.250015
0.331830
0.219751
0.167892
0.421750
0.290536
0.334865
0.368279
0.321604
0.276122
0.248330
0.295187
0.230733
0.240619
0.212624
0.221773
0.335543
0.222415
0.227711
0.214449
0.276577
0.268139
0.207875
0.159718
0.141677
0.142096
0.214755
0.101866
0.189151
0.001164
0.189471
0.094265
0.104419
0.104780
0.087242
0.107956
0.084167
0.094757
0.172260
0.036643
-0.002723
0.120655
0.062844
0.072253
0.085314
0.012583
0.055788
0.010823
0.040517
0.087074
0.089158
0.054964
0.042894
0.019259
0.053926
0.004764
0.031953
0.064518
0.030200
0.017166
0.118552
0.012906
0.033813
0.030656
0.001852
0.010384
0.026934
0.028048
0.121112
0.045823
0.073555
0.015365
0.003728
0.016593
0.040492
0.024979
0.111001
0.073788
0.033149
0.053104
0.034237
0.012400
-0.044480
0.058167
0.119005
0.007517
0.118732
0.010839
0.000251
0.081306
0.066070
-0.018756
0.192050
-0.005903
0.008923
0.086301
-0.003016
0.067981
-0.016723
0.032863
0.026818
0.100068
0.098766
-0.011595
0.051861
0.038717
0.040931
0.182001
0.093082
0.042772
0.055250
0.061920
0.011635
0.008666
0.031617
0.070396
0.094002
0.010611
0.090363
0.099256
0.084128
0.018282
0.079944
0.102154
0.118753
0.058014
0.020319
0.103451
0.024525
0.045455
0.080473
0.079422
0.123857
0.035534
0.116283
0.105284
0.086926
0.126172
0.166974
0.168455
0.131441
0.110872
0.071450
0.061615
0.050675
0.163021
0.019498
0.165263
0.178435
0.059968
0.126165
0.097009
0.103975
0.132778
0.081252
0.007369
0.106869
0.141410
0.096473
0.186800
0.147202
0.133573
0.090844
0.126861
0.142989
0.145421
0.170544
0.066193
0.135739
0.086195
0.114059
0.101332
0.171017
0.184545
0.113840
0.130178
0.161319
0.071476
0.100359
0.109278
0.150297
0.124551
0.131474
0.065453
0.103881
0.096188
0.168350
0.210461
0.174492
0.223557
0.121589
0.089382
0.185100
0.167613
0.138034
0.203700
0.211229
0.254988
0.251103
0.253307
0.165585
0.194758
0.325109
0.388648
0.334372
0.318656
0.306548
0.268097
0.304839
0.301192
0.261307
0.360596
0.444620
0.397777
0.340999
0.297641
0.385270
0.378724
0.447049
0.412555
0.350071
0.511421
0.446106
0.372716
0.415794
0.380257
0.403445
0.487529
0.536948
0.452113
0.452475
0.415642
0.462616
0.475838
0.432703
0.386229
0.421888
0.417840
0.357961
0.465538
0.380877
0.346983
0.384874
0.354498
0.279616
0.303356
0.408362
0.360688
0.305122
0.283424
0.211700
0.356267
0.268219
0.302459
0.166508
0.289163
0.292005
0.227583
0.219484
0.235110
0.210254
0.255780
0.249779
0.263741
0.318356
0.347794
0.324556
0.422384
0.304703
0.362392
0.258047
0.226009
0.371297
0.371906
0.336008
0.367205
0.455600
0.448926
0.430704
0.431575
0.461401
0.532830
0.475270
0.356084
0.427406
0.614905
0.489815
0.388707
0.483632
0.397497
0.520598
0.470524
0.508052
0.557606
0.551378
0.517669
0.620835
0.601939
0.456657
0.435031
0.574736
0.550126
0.445509
0.468475
0.473323
0.461855
0.453025
0.533981
0.517712
0.419076
0.489827
0.521869
0.451042
0.528911
0.471525
0.530504
0.395025
0.440520
0.454253
0.454768
0.355833
0.313574
0.369388
0.388018
0.438723
0.436106
0.413988
0.362305
0.352058
0.307679
0.411304
0.331715
0.398769
0.404640
0.320041
0.424407
0.342275
0.323611
0.343233
0.386214
0.359727
0.401213
0.399079
0.347271
0.390635
0.403781
0.419263
0.450414
0.419768
0.413005
0.292332
0.337359
0.374821
0.390931
0.376386
0.401104
0.488786
0.384592
0.420073
0.352765
0.437692
0.384830
0.404754
0.361802
0.408825
0.505089
0.413351
0.431904
0.330785
0.357477
0.369733
0.374219
0.407043
0.451118
0.383047
0.402326
0.481357
0.448000
0.375931
0.423938
0.393608
0.454897
0.457732
0.396439
0.476526
0.508384
0.476484
0.505895
0.556649
0.594389
0.497711
0.520234
0.547332
0.621499
0.594148
0.548549
0.584257
0.613593
0.485877
0.577058
0.434870
0.419519
0.481379
0.524653
0.615220
0.566823
0.489220
0.495614
0.530056
0.495267
0.558585
0.516387
0.453107
0.426766
0.418854
0.406995
0.362795
0.454065
0.468551
0.482299
0.427736
0.531366
0.487046
0.386316
0.399533
0.556021
0.514210
0.380848
0.495254
0.512257
0.544251
0.510548
0.394223
0.490070
0.416572
0.468351
0.509193
0.472010
0.487470
0.454558
0.453424
0.530675
0.526379
0.489196
0.541310
0.531083
0.558497
0.533898
0.580449
0.511407
0.525644
0.606035
0.660048
0.534923
0.597694
0.575957
0.541332
0.459056
0.516470
0.411151
0.470493
0.521597
0.510316
0.565893
0.521770
0.547897
0.531743
0.512359
0.462246
0.556272
0.542478
0.434437
0.567797
0.545595
0.525652
0.447273
0.536625
0.608208
0.419565
0.477578
0.507784
0.421702
0.427792
0.501102
0.493990
0.541330
0.418329
0.470232
0.492182
0.429552
0.508316
0.546715
0.431549
0.572710
0.445106
0.343316
0.500917
0.480593
0.444328
0.418230
0.529369
0.537954
0.404001
0.395697
0.343729
0.420589
0.376812
0.338579
0.440962
0.402579
0.374385
0.347976
0.355199
0.436199
0.263917
0.309793
0.285656
0.295211
0.316729
0.274881
0.349690
0.312721
0.341161
0.243110
0.325793
0.404566
0.299556
0.306016
0.376072
0.346193
0.287487
0.273065
0.356113
0.487979
0.393255
0.270469
0.382035
0.427646
0.415759
0.394333
0.414014
0.367875
0.238792
0.295014
0.328126
0.370110
0.330654
0.354942
0.432930
0.425996
0.344197
0.409159
0.367726
0.456154
0.458305
0.383209
0.376266
0.510987
0.363775
0.336492
0.403189
0.309642
0.324738
0.308394
0.401272
0.375249
0.416659
0.363813
0.502703
0.373017
0.468838
0.411717
0.365107
0.430910
0.269044
0.407502
0.409731
0.401216
0.475008
0.430485
0.513907
0.502919
0.455263
0.459102
0.520899
0.436622
0.372610
0.401697
0.398132
0.598848
0.502539
0.398895
0.453770
0.474413
0.419132
0.370958
0.500081
0.448993
0.427411
0.529723
0.549168
0.524990
0.421359
0.489122
0.528251
0.463554
0.491235
0.491726
0.448197
0.437415
0.439691
0.474350
0.385507
0.489599
0.471728
0.499134
0.529611
0.546596
0.495674
0.528755
0.422444
0.550922
0.482870
0.509949
0.494018
0.477155
0.438036
0.490837
0.640636
0.524328
0.573887
0.554492
0.610644
0.623495
0.596724
0.539175
0.602717
0.662943
0.564431
0.594418
0.553572
0.498315
0.478325
0.596378
0.578824
0.565408
0.557027
0.532652
0.473449
0.517991
0.543184
0.480866
0.538575
0.538923
0.504812
0.538360
0.509026
0.463863
0.511689
0.498594
0.562137
0.513986
0.512512
0.586903
0.508316
0.413066
0.485309
0.391740
0.482179
0.539256
0.440634
0.460646
0.406424
0.329053
0.349442
0.418290
0.440256
0.330801
0.448357
0.371712
0.408955
0.449464
0.414702
0.369413
0.440315
0.489265
0.373158
0.492052
0.391063
0.460363
0.436117
0.461266
0.432148
0.512958
0.442480
0.415062
0.473824
0.423385
0.524501
0.487331
0.520907
0.608723
0.469199
0.441108
0.478375
0.400317
0.425414
0.478679
0.562921
0.497127
0.546436
0.558008
0.527429
0.504455
0.565709
0.517739
0.489134
0.560007
0.466452
0.488797
0.509866
0.513150
0.501444
0.472811
0.647031
0.529339
0.579205
0.587193
0.580753
0.588964
0.550894
0.508702
0.605634
0.574847
0.487670
0.536002
0.627021
0.537663
0.577979
0.553328
0.633911
0.526431
0.506739
0.476739
0.504588
0.452065
0.393903
0.354304
0.484871
0.449355
0.378084
0.509939
0.349351
0.359887
0.418457
0.380823
0.414417
0.297920
0.362949
0.370441
0.259068
0.376284
0.316966
0.341961
0.214512
0.317898
0.256379
0.265196
0.226360
0.219833
0.181042
0.270217
0.200321
0.192514
0.302001
0.149723
0.221303
0.159592
0.252914
0.215836
0.212832
0.235006
0.203104
0.286904
0.250946
0.209586
0.191355
0.264797
0.312132
0.351276
0.197206
0.233911
0.232121
0.142397
0.238708
0.194449
0.200062
0.181615
0.233524
0.179263
0.276924
0.222501
0.241922
0.149512
0.154181
0.116882
0.230625
0.169618
0.188710
0.151926
0.188474
0.120596
0.132474
0.137000
0.155040
0.115387
-0.001624
0.145090
0.122137
0.095881
0.124320
0.206149
0.139651
0.007217
0.179543
0.206409
0.113787
0.113984
0.161347
0.146427
0.055864
0.109858
0.117803
0.105590
0.112451
0.080703
0.199816
0.180651
0.150220
0.095785
0.054270
0.106983
0.090445
0.139919
0.210936
0.151110
0.146889
0.129536
0.112627
0.122197
0.110311
0.115870
0.131926
0.217564
0.169677
0.101132
0.099558
0.144744
0.179173
0.157374
0.232012
0.296449
0.181262
0.155452
0.218562
0.164178
0.198844
0.124305
0.205769
0.146668
0.199416
0.183688
0.188087
0.187747
0.294633
0.198659
0.211048
0.419244
0.181106
0.228870
0.244453
0.196338
0.218597
0.332899
0.394859
0.319462
0.364594
0.279943
0.354561
0.388475
0.368070
0.356442
0.331100
0.404524
0.328023
0.344045
0.275928
0.378327
0.375204
0.369751
0.486952
0.364682
0.384729
0.389305
0.300336
0.265033
0.284023
0.243548
0.368755
0.301075
0.307609
0.323715
0.385885
0.419015
0.255164
0.327910
0.326078
0.426621
0.333794
0.223589
0.269291
0.232627
0.249648
0.251800
0.319737
0.248251
0.246950
0.216744
0.208681
0.225129
0.162231
0.184906
0.231964
0.188801
0.201295
0.167874
0.243279
0.135907
0.232876
0.260709
0.200730
0.471608
0.199443
0.222063
0.397426
0.261520
0.335044
0.309630
0.250027
