0.534655
0.565940
0.439278
0.595773
0.575635
0.544431
0.472481
0.395873
0.633374
0.451502
0.394524
0.411331
0.459341
0.418037
0.390547
0.510118
0.431387
0.419386
0.408234
0.429023
0.395150
0.532017
0.423530
0.395560
0.498794
0.395077
0.466834
0.375534
0.372938
0.383978
0.490481
0.506494
0.451521
0.430017
0.397355
0.350841
0.419575
0.374651
0.396460
0.334175
0.485952
0.440070
0.384891
0.368009
0.380207
0.305052
0.420740
0.401630
0.391463
0.427109
0.367564
0.311449
0.378788
0.379227
0.414039
0.392175
0.449174
0.376961
0.397027
0.403639
0.379425
0.349003
0.334629
0.415874
0.332611
0.384996
0.382107
0.381197
0.283929
0.415047
0.388842
0.385405
0.395000
0.373564
0.338793
0.334184
0.353509
0.329649
0.344958
0.428077
0.428601
0.443238
0.371018
0.413481
0.508371
0.404180
0.385511
0.406786
0.436700
0.469715
0.489267
0.470454
0.385772
0.418271
0.412318
0.493954
0.401639
0.466680
0.463767
0.416142
0.329986
0.405009
0.324964
0.383661
0.485427
0.450216
0.443692
0.346989
0.307880
0.359706
0.398868
0.492926
0.389622
0.459322
0.514027
0.370009
0.426647
0.427841
0.469948
0.439147
0.487594
0.435916
0.364939
0.410200
0.369782
0.357781
0.393623
0.341185
0.377268
0.345567
0.373616
0.392199
0.369604
0.326652
0.381481
0.400597
0.398285
0.278107
0.284381
0.329534
0.271402
0.307790
0.284708
0.401285
0.383923
0.339125
0.289069
0.382738
0.246813
0.410797
0.396027
0.263852
0.365285
0.266192
0.287030
0.298053
0.236053
0.229257
0.246863
0.326819
0.258716
0.275191
0.265188
0.163308
0.260529
0.270261
0.230621
0.315310
0.359530
0.201203
0.237336
0.295603
0.215753
0.179711
0.266811
0.273888
0.253632
0.290835
0.256880
0.323435
0.281389
0.239711
0.260292
0.370532
0.317867
0.300241
0.281309
0.346995
0.333196
0.223927
0.200773
0.345579
0.205472
0.383906
0.401018
0.292475
0.300590
0.285902
0.266621
0.278762
0.365709
0.313044
0.338943
0.239495
0.293950
0.200767
0.274310
0.260475
0.336455
0.259793
0.241446
0.245907
0.230405
0.354268
0.266145
0.276618
0.360976
0.310555
0.277696
0.207264
0.219018
0.242587
0.192249
0.281935
0.233063
0.294341
0.217059
0.202590
0.198007
0.257613
0.274096
0.241572
0.221829
0.163555
0.161450
0.244418
0.279618
0.140536
0.223492
0.268599
0.261993
0.244089
0.196755
0.230174
0.231289
0.262635
0.301558
0.238855
0.201170
0.233612
0.288034
0.178532
0.241831
0.199682
0.244460
0.287316
0.192911
0.239961
0.221293
0.207202
0.190149
0.224897
0.210699
0.195472
0.318046
0.134594
0.214301
0.243953
0.190119
0.193425
0.215780
0.270233
0.233119
0.295739
0.213805
0.240436
0.179500
0.201770
0.216657
0.236174
0.171722
0.225289
0.184525
0.208147
0.275823
0.227381
0.226468
0.233981
0.277680
0.265214
0.194529
0.190565
0.309217
0.256355
0.224783
0.370508
0.399533
0.195937
0.178385
0.298012
0.315353
0.279707
0.262030
0.350711
0.341924
0.296254
0.272943
0.346123
0.325478
0.356703
0.395143
0.297904
0.329103
0.317998
0.337515
0.298645
0.267824
0.201835
0.369741
0.319344
0.380770
0.271046
0.264424
0.297098
0.328447
0.369500
0.309117
0.396178
0.344692
0.221723
0.349420
0.357843
0.269444
0.285589
0.264172
0.386659
0.238535
0.225542
0.267902
0.288101
0.268882
0.360038
0.365808
0.316366
0.332128
0.271222
0.214582
0.341938
0.340963
0.272136
0.325316
0.380098
0.300723
0.457132
0.376394
0.439943
0.430562
0.377653
0.395119
0.409254
0.405423
0.467983
0.442970
0.493402
0.539428
0.497365
0.438723
0.530465
0.589276
0.520200
0.587142
0.523125
0.538151
0.552819
0.463882
0.463326
0.606449
0.556593
0.594040
0.563905
0.517398
0.478155
0.477839
0.566614
0.508109
0.627118
0.617426
0.624463
0.528415
0.575854
0.464820
0.615717
0.609111
0.545304
0.526355
0.471264
0.482930
0.483055
0.437668
0.489196
0.498263
0.460161
0.469635
0.502853
0.441259
0.413908
0.527268
0.447905
0.467055
0.358494
0.362070
0.400900
0.397175
0.415585
0.444103
0.464765
0.494516
0.454970
0.405037
0.476634
0.497917
0.507030
0.495051
0.380969
0.558198
0.494420
0.381669
0.405969
0.478827
0.488785
0.475818
0.516124
0.512911
0.418886
0.378196
0.386662
0.406466
0.527713
0.411583
0.411303
0.498430
0.433528
0.350317
0.355628
0.418563
0.320865
0.348054
0.405624
0.374900
0.339570
0.316761
0.379958
0.338771
0.407671
0.303340
0.418767
0.411499
0.234007
0.269537
0.272657
0.259053
0.277682
0.322515
0.330680
0.283286
0.398255
0.390533
0.325441
0.359472
0.391675
0.417702
0.334726
0.439413
0.309268
0.438340
0.352932
0.418615
0.310929
0.394055
0.444115
0.422215
0.435718
0.347059
0.389072
0.361916
0.431926
0.400085
0.458601
0.455756
0.363234
0.437060
0.421382
0.450504
0.310055
0.312459
0.437962
0.429851
0.323417
0.434861
0.317789
0.315119
0.334797
0.358621
0.300332
0.406759
0.353298
0.247285
0.260162
0.360259
0.275595
0.247370
0.341262
0.228613
0.337979
0.258184
0.279612
0.327038
0.310574
0.234913
0.339120
0.364392
0.313180
0.330136
0.291221
0.216380
0.302102
0.299096
0.298165
0.431358
0.246976
0.192300
0.280840
0.264612
0.303584
0.379136
0.256226
0.220241
0.206627
0.126540
0.275718
0.252471
0.231761
0.310354
0.298035
0.338077
0.343149
0.245493
0.281114
0.220406
0.284407
0.309358
0.307063
0.364118
0.201594
0.222460
0.240187
0.235867
0.241325
0.184195
0.194434
0.274551
0.215189
0.177919
0.182071
0.171362
0.213576
0.199423
0.265261
0.245131
0.191618
0.158175
0.118048
0.274103
0.189670
0.184521
0.261579
0.248829
0.255047
0.196123
0.237140
0.155845
0.255984
0.196130
0.204845
0.192454
0.166638
0.140729
0.163401
0.123890
0.152175
0.101850
0.203807
0.167407
0.255140
0.156321
0.196383
0.273859
0.250852
0.342165
0.282472
0.347504
0.170957
0.234492
0.251782
0.349592
0.192670
0.321881
0.300601
0.334289
0.435202
0.351275
0.385890
0.341006
0.386857
0.431153
0.326721
0.524220
0.343630
0.287333
0.401618
0.436261
0.374838
0.336068
0.466391
0.436360
0.449554
0.409721
0.412330
0.464211
0.496768
0.427267
0.420589
0.416610
0.442169
0.357125
0.344698
0.348397
0.404071
0.414104
0.434637
0.508128
0.397526
0.378312
0.432814
0.422214
0.485723
0.331433
0.335118
0.498781
0.401490
0.463346
0.497196
0.435103
0.449474
0.451355
0.527954
0.395390
0.476076
0.536289
0.472730
0.459276
0.503389
0.505926
0.579249
0.538254
0.529097
0.558233
0.553309
0.510295
0.513648
0.564715
0.538086
0.601326
0.565921
0.514211
0.558543
0.588141
0.584327
0.556117
0.637061
0.626545
0.605153
0.528484
0.533356
0.485077
0.522602
0.568628
0.610241
0.559893
0.578698
0.503327
0.581911
0.566713
0.606115
0.371053
0.439651
0.618883
0.396415
0.402271
0.408397
0.391262
0.381830
0.367639
0.410562
0.344925
0.435058
0.376584
0.373948
0.380517
0.411068
0.436652
0.389241
0.391954
0.307771
0.373252
0.350119
0.303892
0.356140
0.363074
0.359956
0.382560
0.420968
0.411030
0.369896
0.455664
0.408635
0.424446
0.445290
0.545998
0.409155
0.406436
0.393204
0.400390
0.433855
0.438172
0.549804
0.509854
0.531236
0.482973
0.527313
0.525111
0.465527
0.445813
0.444821
0.484578
0.328918
0.405205
0.349315
0.420121
0.418654
0.423656
0.488056
0.472422
0.426654
0.479277
0.523278
0.463646
0.467740
0.505693
0.424946
0.551273
0.433868
0.367086
0.423871
0.468115
0.386791
0.435933
0.542087
0.472935
0.535409
0.436778
0.382297
0.575094
0.529968
0.533066
0.496921
0.558351
0.510549
0.449297
0.471529
0.522165
0.434188
0.481126
0.548074
0.508801
0.500085
0.509666
0.517561
0.470899
0.473798
0.426816
0.544474
0.520984
0.451473
0.381821
0.408856
0.376472
0.392744
0.492251
0.466529
0.402302
0.436871
0.439083
0.365131
0.397278
0.385321
0.411531
0.344986
0.496671
0.358471
0.252577
0.455776
0.455381
0.396571
0.385222
0.447009
0.355783
0.349266
0.363615
0.389525
0.273951
0.392271
0.285378
0.364646
0.317816
0.289482
0.303599
0.247909
0.250192
0.281707
0.280341
0.321179
0.220164
0.329401
0.269834
0.202006
0.203049
0.249534
0.269316
0.211952
0.254322
0.249034
0.201694
0.284787
0.322187
0.271347
0.208525
0.274051
0.301373
0.346028
0.211663
0.332216
0.389225
0.459148
0.328100
0.355417
0.486967
0.379570
0.371259
0.350211
0.388942
0.338832
0.362365
0.477622
0.393317
0.548382
0.474666
0.535902
0.555535
0.461723
0.435331
0.494003
0.576784
0.490383
0.485461
0.563030
0.531748
0.480770
0.534657
0.560623
0.554070
0.600171
0.599172
0.606987
0.623147
0.591518
0.675961
0.632475
0.580216
0.614588
0.541270
0.613776
0.480887
0.578102
0.559877
0.620008
0.601815
0.650837
0.699100
0.701770
0.712796
0.770582
0.746690
0.740973
0.699282
0.682352
0.599908
0.753292
0.674710
0.753621
0.741279
0.774358
0.748375
0.749566
0.729528
0.711934
0.743271
0.790909
0.708330
0.772495
0.793558
0.702149
0.663969
0.656143
0.685450
0.774343
0.742893
0.776506
0.718985
0.758049
0.775302
0.781140
0.750090
0.787767
0.708398
0.740795
0.807247
0.755613
0.739835
0.788465
0.815613
0.785493
0.750842
0.784532
0.760511
0.702868
0.759499
0.818468
0.810513
0.813450
0.768288
0.799941
0.827782
0.804889
0.816813
0.834427
0.809796
0.839805
0.840239
0.863454
0.753347
0.828627
0.841639
0.885005
0.810016
0.814021
0.762995
0.806257
0.836955
0.763903
0.750124
0.796417
0.787006
0.777430
0.794958
0.747103
0.724057
0.761354
0.794764
0.749106
0.783179
0.763880
0.741663
0.742595
0.798322
0.802767
0.763157
0.827619
0.787817
0.781286
0.778956
0.817642
0.765102
0.787821
0.834234
0.821156
0.881102
0.852433
0.783032
0.837947
0.893352
0.830739
0.791179
0.882941
0.861178
0.876474
0.868173
0.905999
0.885487
0.795728
0.838002
0.866396
0.831166
0.865336
0.888868
0.883442
0.938267
0.822794
0.861656
0.860403
0.870685
0.770125
0.730416
0.288313
