0.594944
0.563407
0.462654
0.610276
0.623483
0.609127
0.532742
0.525264
0.732823
0.551586
0.516893
0.552146
0.542630
0.565123
0.599092
0.587332
0.418887
0.545838
0.519183
0.526704
0.511415
0.482631
0.484093
0.408286
0.554674
0.422643
0.428785
0.412369
0.369343
0.409463
0.332215
0.388705
0.297274
0.407785
0.327756
0.388065
0.337898
0.378729
0.366350
0.347315
0.340824
0.238740
0.417808
0.242583
0.268739
0.283435
0.373255
0.377139
0.388654
0.352023
0.315847
0.324086
0.341813
0.400935
0.347634
0.345464
0.355620
0.277416
0.210503
0.241308
0.259943
0.204530
0.306760
0.229853
0.252686
0.305397
0.218445
0.299008
0.185504
0.301227
0.122759
0.191297
0.357838
0.235972
0.271845
0.252453
0.224302
0.185533
0.156199
0.215397
0.254655
0.268606
0.210131
0.266792
0.297938
0.303131
0.216299
0.328148
0.356771
0.253139
0.324819
0.223329
0.257108
0.249626
0.255266
0.286258
0.255202
0.297156
0.230814
0.214197
0.206274
0.229599
0.222573
0.206882
0.228418
0.176314
0.209965
0.252079
0.188564
0.172274
0.135981
0.201181
0.261963
0.145935
0.187550
0.181148
0.057712
0.193173
0.171685
0.215147
0.093624
0.120295
0.062600
0.105916
0.142420
0.112997
0.120754
0.077583
0.148342
0.161600
0.121651
0.162803
0.171162
0.175930
0.154241
0.184634
0.182454
0.128561
0.214236
0.173779
0.259413
0.196224
0.223864
0.291118
0.316732
0.191331
0.170880
0.233457
0.201704
0.235488
0.173716
0.217931
0.170313
0.168426
0.208096
0.168011
0.172291
0.202815
0.192895
0.186275
0.218964
0.253735
0.146319
0.145064
0.157754
0.211481
0.206963
0.126382
0.194789
0.174205
0.093022
0.131326
0.175617
0.144846
0.108817
0.105217
0.176806
0.197257
0.101818
0.138962
0.159563
0.112978
0.101858
0.150516
0.185860
0.142297
0.204242
0.180289
0.193480
0.130100
0.118803
0.183277
0.229846
0.212724
0.135241
0.169945
0.200113
0.266200
0.315582
0.253964
0.273799
0.230001
0.136051
0.240661
0.263394
0.206987
0.183945
0.239573
0.302890
0.249269
0.226963
0.199493
0.217131
0.291155
0.120141
0.246878
0.287093
0.241586
0.218783
0.170059
0.202543
0.157303
0.162096
0.200563
0.186254
0.160980
0.096312
0.161467
0.104744
0.192985
0.141638
0.179576
0.148687
0.076002
0.166222
0.071864
0.043421
0.064075
0.175858
0.116663
0.053722
0.141699
0.096371
0.120204
0.140866
0.177690
0.204035
0.081960
0.135688
0.110534
0.030122
0.054697
0.114576
0.154344
0.104695
0.123506
0.248039
0.186078
0.077430
0.161202
0.147191
0.163501
0.210796
0.069775
0.230091
0.144683
0.141609
0.145647
0.198176
0.106767
0.142345
0.202565
0.081977
0.086727
0.096801
0.127762
0.119983
0.134105
0.149675
0.130233
0.047894
0.144678
0.162670
0.058376
0.059658
0.067861
0.053035
0.145883
0.102158
0.130542
0.017359
0.069240
0.074369
0.058704
-0.010185
0.122268
0.149178
0.015420
0.084156
0.046337
0.077235
0.032279
0.043353
0.071228
0.081426
0.093924
-0.005222
0.075960
0.064344
0.042478
0.076268
0.111617
0.062298
0.011068
0.024601
0.059088
0.029586
-0.001641
0.047782
0.087556
0.081533
0.098491
0.037829
0.040955
-0.011175
0.072100
0.059230
0.133045
0.081029
0.000413
-0.004043
0.092271
0.078716
-0.011221
0.055895
0.072219
0.101378
0.043443
0.038122
0.039294
0.107505
0.023487
-0.015472
0.160070
0.032011
0.027149
0.055959
0.032719
-0.015622
0.010237
0.028571
0.047902
0.013141
0.136561
-0.013182
0.014159
-0.014407
-0.005480
-0.007350
0.100434
-0.002302
0.001723
0.024327
-0.024767
-0.036082
-0.003474
-0.018325
0.019722
0.080030
0.038599
-0.033213
0.001693
-0.051466
0.011436
0.013631
0.081218
0.024606
0.029342
-0.007625
-0.042820
-0.035157
0.022673
0.051839
0.074982
-0.084600
0.046180
-0.018578
0.012767
-0.010226
0.013607
-0.035063
0.037752
0.082418
-0.015585
-0.007317
-0.051803
-0.050017
0.018514
-0.001211
0.007428
0.014838
-0.004782
0.023096
0.051845
-0.012383
0.002906
-0.057465
0.095451
0.032339
-0.034842
0.028968
0.012085
-0.014153
-0.036436
0.030259
0.074386
-0.005536
-0.009806
-0.048663
0.003969
-0.022844
0.016657
-0.006301
0.122951
0.008330
-0.026348
-0.035473
-0.010139
-0.013298
-0.029434
0.027326
0.062123
-0.024663
0.014024
-0.023043
0.002615
-0.030762
-0.006823
-0.036376
0.127248
0.031960
-0.046696
-0.025291
-0.021882
-0.084621
-0.016937
0.021459
0.053950
-0.000246
0.040015
-0.102571
0.026872
0.009145
-0.023412
-0.081378
0.040813
0.034618
0.033246
-0.028861
-0.019948
-0.023050
0.041772
-0.097852
0.029783
0.004413
0.025948
-0.041388
-0.005261
0.004064
-0.012608
0.027785
0.047551
0.039347
0.001663
-0.064394
-0.032239
0.015269
-0.031993
0.031112
0.073453
-0.018798
0.081280
-0.028358
-0.004946
0.021747
0.009514
-0.027707
0.081400
0.028878
-0.005816
0.007082
0.025938
0.039892
-0.032977
0.059869
0.065441
0.018125
0.057867
0.041870
0.042781
0.010305
0.034420
-0.026224
0.092458
0.018729
0.026163
-0.045717
0.010291
0.029537
-0.071153
0.016875
0.071975
0.032262
0.070020
-0.016000
0.039159
0.011508
-0.013280
0.041708
0.109425
0.034174
-0.002021
0.010134
0.004273
-0.023187
0.045262
-0.020767
0.021276
0.005555
0.040980
-0.022216
0.019671
0.000937
0.007348
-0.037899
0.089870
0.053736
0.026745
0.034754
-0.023503
-0.041145
-0.069333
0.075509
0.029297
0.011390
0.059308
-0.030389
-0.006674
-0.007738
-0.020032
-0.012564
0.105011
0.030652
0.024655
0.004681
0.013431
-0.012503
-0.016496
0.012636
0.074928
0.039935
0.053283
-0.027926
0.000331
-0.003172
0.058680
0.016666
0.073017
0.080304
0.018472
-0.034614
0.053071
0.003497
-0.086536
0.009867
0.056711
0.000312
0.037694
0.001507
0.010628
0.017619
-0.004014
0.028184
0.109830
0.098149
-0.004851
-0.033331
0.041496
-0.046418
-0.006748
0.022858
0.040925
0.064557
0.060442
-0.033665
0.022768
0.042182
0.016474
-0.017908
0.081625
0.052202
0.011785
0.029368
0.031877
-0.012927
0.010381
0.043226
0.064293
0.050789
0.098752
0.030822
0.018637
0.000233
0.055945
0.093004
0.051795
0.094206
0.015387
0.035091
-0.028917
0.015560
0.017029
0.098462
0.085918
0.077552
0.034591
0.031999
0.018722
0.022168
0.094753
0.020828
0.105907
0.043759
0.029888
0.014149
0.066530
0.037256
-0.027232
0.076733
0.081106
0.027429
0.042206
0.010009
0.001958
0.015503
0.043805
0.010335
0.133439
0.040336
0.029995
0.032414
0.018962
0.021878
-0.023608
0.086500
-0.002439
0.157370
0.075658
-0.071662
0.020817
0.081433
0.061737
-0.007614
0.186507
0.069898
0.058056
0.129012
0.007613
0.050673
0.029244
0.051684
0.127599
0.076762
0.133545
0.097539
-0.012871
0.106799
0.143785
0.073098
0.117036
0.158258
0.063947
0.026780
0.094405
0.053740
0.016067
0.102947
0.106162
0.076280
0.081136
0.013708
0.050310
0.044239
0.096677
0.024737
0.125162
0.092413
0.044684
0.062057
0.012416
-0.017683
0.034658
0.088503
0.090779
0.029868
0.066188
0.009822
-0.019071
0.090871
0.053043
0.001877
0.070934
0.103241
0.000899
0.029874
-0.001545
-0.005048
0.017996
0.015240
0.090893
-0.009750
0.077374
0.006061
-0.023242
-0.006422
0.032794
-0.016021
0.119209
0.029651
-0.020503
0.023751
-0.064322
-0.017048
0.045635
0.015396
0.082908
0.018057
0.037265
0.019572
0.027542
-0.062517
0.005816
0.037403
0.082188
0.074999
-0.030986
0.042471
-0.041971
-0.006803
0.005245
-0.018157
0.076834
-0.026420
0.027728
0.052371
-0.009094
-0.011803
-0.043123
-0.004791
0.106764
0.033642
-0.013598
-0.038446
0.028416
0.000340
-0.027497
0.089803
0.041121
0.030829
0.070987
-0.044968
-0.013660
0.044338
0.034783
0.019507
0.050424
0.068399
0.031808
0.037688
-0.072571
-0.013924
-0.013691
0.064946
0.074635
-0.037600
0.129581
0.008957
0.000047
0.016052
0.048996
0.016507
0.119414
0.033730
0.046343
0.011895
0.006157
0.000812
0.026266
0.017101
0.055370
0.004960
0.027440
-0.012681
0.028637
-0.006793
0.052381
0.086864
0.097897
-0.004731
-0.009787
-0.037482
-0.015382
0.067910
0.012041
-0.027682
0.049175
-0.012377
0.095532
0.026731
-0.023484
0.010119
0.025473
0.011414
0.089936
0.017982
0.027875
-0.034288
-0.036347
0.004274
0.003956
-0.008092
0.028457
0.068864
-0.017632
-0.048537
0.010810
-0.054661
0.031098
0.069371
0.042730
0.038345
0.045499
-0.004631
-0.030611
-0.021975
-0.016954
-0.017144
0.055030
0.034319
0.043131
0.015367
0.034783
-0.081336
0.004624
0.060559
0.076698
-0.002858
0.010353
0.055865
-0.047174
0.005575
0.043975
0.007996
0.071031
-0.040230
0.071352
0.006571
-0.002222
-0.031771
0.040260
0.018947
0.079432
0.024755
0.033653
-0.015580
0.022001
-0.038126
0.028841
-0.021123
0.054150
0.017636
0.049429
-0.037887
-0.017362
-0.008222
0.012264
-0.038540
0.102876
0.021510
0.009636
-0.035931
-0.066455
0.017039
0.003589
0.041931
0.036577
-0.049536
0.045379
-0.014004
0.014799
-0.001380
-0.010543
-0.054251
0.070322
0.037738
0.040374
-0.009110
-0.044971
-0.038869
-0.063066
0.059142
0.043813
0.002642
0.052522
-0.041904
0.003958
0.014650
-0.019605
0.027082
0.086994
0.037934
-0.015654
-0.043780
-0.007694
-0.040850
-0.081829
0.056687
0.072681
-0.052558
0.071033
0.021245
-0.010169
-0.006053
-0.010190
0.034933
0.143612
-0.056107
-0.044415
0.006904
-0.044447
-0.041013
-0.037678
0.051023
0.047164
-0.038472
0.025441
-0.016621
0.034142
0.015722
-0.029021
-0.022904
0.058737
0.027667
0.014261
0.006066
0.018650
-0.006477
-0.001757
0.002532
0.037978
0.045726
0.063775
-0.074527
0.007458
-0.003132
0.051148
-0.029720
0.138655
0.039252
-0.017015
0.002410
-0.013634
-0.011818
-0.003197
0.062565
0.039728
0.026498
0.026084
0.012434
-0.014745
0.019623
0.080201
0.025844
0.109744
0.065104
0.047921
0.028657
0.060581
0.065690
0.029225
0.035762
0.062081
0.060344
0.071906
0.020966
0.053949
0.086122
0.030475
0.037134
0.120968
0.099413
0.015617
-0.028509
0.019342
0.127177
0.051314
0.048873
0.168905
0.058002
0.107017
0.138154
0.102555
0.092429
0.208451
0.136551
-0.012039
0.410991
0.068555
0.086172
0.306551
0.128860
0.259432
0.253149
0.270951
