0.621366
0.638546
0.599603
0.754927
0.696758
0.719154
0.651958
0.679080
0.771836
0.676203
0.655995
0.616368
0.613777
0.694654
0.681411
0.726874
0.601697
0.634099
0.629818
0.625927
0.586428
0.637975
0.623425
0.644505
0.614714
0.611921
0.612320
0.597846
0.540482
0.577664
0.582908
0.601081
0.467197
0.590642
0.518231
0.542824
0.436601
0.561165
0.522659
0.582763
0.533049
0.521442
0.542086
0.507758
0.593955
0.524128
0.519620
0.590237
0.519638
0.467267
0.458922
0.456836
0.363784
0.491582
0.449053
0.449855
0.500813
0.419710
0.400690
0.497428
0.504007
0.471905
0.393224
0.524553
0.402310
0.526548
0.492051
0.477333
0.507220
0.478069
0.519196
0.501136
0.453686
0.434924
0.476134
0.519946
0.510134
0.533008
0.540776
0.527184
0.545348
0.557885
0.476224
0.560261
0.491839
0.567386
0.534036
0.533904
0.600514
0.499075
0.551878
0.484971
0.513707
0.523171
0.515847
0.558133
0.500362
0.522814
0.538315
0.482766
0.497747
0.545649
0.548155
0.501551
0.505238
0.369278
0.329225
0.449255
0.345308
0.434599
0.420115
0.431250
0.398080
0.482700
0.453730
0.459250
0.441578
0.411171
0.441571
0.447067
0.404283
0.392960
0.422803
0.387264
0.501982
0.378640
0.413976
0.492133
0.375163
0.462487
0.500029
0.363064
0.335995
0.387738
0.390896
0.408730
0.450212
0.336788
0.314042
0.362684
0.276738
0.411781
0.348462
0.327019
0.258760
0.323123
0.273665
0.364263
0.287760
0.328346
0.192860
0.271336
0.332384
0.254816
0.306369
0.319489
0.245582
0.275339
0.272319
0.323090
0.234134
0.345080
0.292221
0.302945
0.257567
0.244513
0.387028
0.393030
0.290738
0.293157
0.303805
0.372113
0.320604
0.327883
0.430156
0.400377
0.374996
0.389669
0.342838
0.385858
0.368858
0.424647
0.333517
0.459850
0.501113
0.382101
0.380626
0.424204
0.463037
0.370011
0.413088
0.386652
0.487583
0.430480
0.345499
0.439508
0.454802
0.440662
0.387084
0.397410
0.535286
0.448730
0.490103
0.407932
0.375974
0.387341
0.419970
0.508462
0.475884
0.451786
0.411011
0.469196
0.490893
0.465610
0.347811
0.443998
0.625190
0.418235
0.487028
0.472455
0.368953
0.405854
0.373464
0.432333
0.326577
0.379034
0.414337
0.414378
0.454421
0.401486
0.340669
0.394306
0.526787
0.429660
0.374404
0.402423
0.388905
0.308356
0.331445
0.449658
0.440084
0.398365
0.410798
0.395657
0.407848
0.437367
0.391485
0.406230
0.400209
0.343217
0.376154
0.331494
0.360030
0.357058
0.415462
0.472611
0.488401
0.490000
0.457746
0.530097
0.472223
0.557334
0.566170
0.473711
0.585795
0.469265
0.429703
0.516605
0.512259
0.454701
0.502658
0.522960
0.465585
0.470066
0.473323
0.498982
0.510706
0.529585
0.436739
0.484956
0.608361
0.471797
0.386594
0.508510
0.527062
0.545678
0.547101
0.582414
0.562286
0.499583
0.530963
0.512347
0.435152
0.544098
0.507523
0.460022
0.620046
0.552584
0.456165
0.425813
0.410388
0.394694
0.449273
0.323876
0.349277
0.445859
0.399746
0.377079
0.390404
0.400780
0.363620
0.401091
0.457846
0.303222
0.394876
0.325075
0.405556
0.351867
0.374686
0.421432
0.475495
0.468217
0.418370
0.406747
0.393093
0.393767
0.337291
0.435945
0.516438
0.462711
0.530226
0.467434
0.403948
0.419946
0.388224
0.522658
0.475592
0.486367
0.465572
0.443612
0.447109
0.498127
0.565080
0.477155
0.534236
0.503625
0.398553
0.496601
0.434910
0.463194
0.482727
0.509278
0.470994
0.506922
0.481581
0.509038
0.507482
0.556415
0.540026
0.505987
0.489401
0.422248
0.379738
0.490106
0.465753
0.480677
0.491278
0.563738
0.382575
0.532557
0.555635
0.506052
0.410234
0.458968
0.428019
0.406782
0.442797
0.327319
0.447408
0.361576
0.343414
0.359144
0.388403
0.422989
0.371461
0.478808
0.411245
0.464655
0.468347
0.379861
0.324690
0.389048
0.459015
0.307107
0.319673
0.334560
0.323209
0.384579
0.382028
0.331758
0.333648
0.394380
0.297903
0.444692
0.326934
0.474325
0.400362
0.375820
0.389630
0.383646
0.422683
0.370594
0.335148
0.387004
0.401211
0.539891
0.456048
0.597353
0.493798
0.470620
0.476033
0.447147
0.488205
0.463483
0.562238
0.411193
0.368885
0.429259
0.505395
0.541471
0.507221
0.511346
0.463273
0.475589
0.456027
0.443971
0.432062
0.520525
0.502591
0.493283
0.463107
0.401030
0.501464
0.471977
0.420046
0.431020
0.472649
0.456071
0.334624
0.483800
0.421648
0.424101
0.370738
0.382107
0.371526
0.397716
0.380411
0.292728
0.382076
0.258375
0.263707
0.329774
0.301278
0.261630
0.196522
0.270795
0.252849
0.240368
0.259117
0.232919
0.260320
0.258703
0.282742
0.227197
0.215862
0.221948
0.251723
0.249992
0.173187
0.295652
0.223780
0.263491
0.241976
0.303647
0.263516
0.268241
0.249352
0.242322
0.270373
0.187942
0.208810
0.265729
0.224663
0.225194
0.285740
0.333128
0.303518
0.386355
0.292646
0.356202
0.348800
0.350274
0.316099
0.320852
0.451327
0.252794
0.273248
0.351352
0.350900
0.286533
0.379658
0.438532
0.384672
0.303103
0.300514
0.375687
0.333095
0.403340
0.382228
0.292373
0.349222
0.321656
0.341601
0.368932
0.340182
0.323524
0.322925
0.390877
0.366346
0.304722
0.266107
0.293255
0.190361
0.307447
0.168247
0.231183
0.353153
0.208358
0.277211
0.206815
0.189937
0.222525
0.200880
0.152787
0.107352
0.351171
0.229856
0.101056
0.263975
0.175065
0.281566
0.223247
0.225525
0.111296
0.206536
0.194931
0.129009
0.163399
0.260795
0.250330
0.206431
0.246644
0.143605
0.094569
0.107869
0.199438
0.089834
0.177698
0.314494
0.183830
0.124325
0.139415
0.217552
0.163433
0.156693
0.200228
0.136013
0.215063
0.152379
0.178932
0.120012
0.148332
0.150428
0.169750
0.106322
0.151125
0.117161
0.056723
0.084741
0.137183
0.079668
0.076625
0.158373
0.103377
0.061924
0.080118
0.192564
0.160177
0.113097
0.147794
0.141906
0.018770
0.051826
0.108939
0.051827
0.100647
0.101225
0.082312
0.124067
0.114348
0.032403
0.025142
0.180422
0.177990
0.094490
0.160868
0.171743
0.133129
0.049847
0.154504
0.146757
0.067981
0.108578
0.170845
0.170046
0.223543
0.137860
0.125578
0.186553
0.193125
0.163859
0.134774
0.193973
0.087937
0.199986
0.191928
0.031868
0.128916
0.119955
0.119590
0.145314
0.131811
0.152186
0.109038
0.088966
0.104176
0.148149
0.168611
0.115770
0.084138
0.054530
0.137607
0.101853
0.134690
0.087713
0.137971
0.142422
0.128657
0.100059
0.089868
0.120730
0.128056
0.160146
0.145711
0.125753
0.093093
0.094693
0.101866
0.036354
0.100193
0.048564
0.097062
0.054377
0.132300
0.070373
0.090708
0.028393
0.078881
0.084590
0.135082
0.053526
0.065395
0.085310
0.122261
0.043714
0.085430
0.172024
0.108452
0.099338
0.092186
0.076639
0.046965
0.077797
0.159714
0.168266
0.091728
0.106470
0.081152
0.114550
0.129950
0.063297
0.059041
0.008302
0.063120
0.146774
0.080816
0.064251
0.035596
0.079328
0.134454
0.105903
0.126473
0.027800
0.121347
0.033089
0.085786
0.058872
0.036559
0.056109
0.118333
0.070604
0.045613
0.004892
0.085022
0.044776
0.076444
0.089311
0.132992
0.016208
0.048828
0.064339
0.103250
0.147338
-0.004206
0.044712
0.120495
0.097466
0.136761
0.062121
0.064320
0.081748
0.174375
0.141291
0.092620
0.148399
0.058919
0.060835
0.106597
0.040820
0.084274
0.123642
0.122364
0.140522
0.161448
0.068238
0.041176
0.117533
0.201580
0.145537
0.158251
0.140566
0.127237
0.205422
0.064721
0.139499
0.071688
0.190989
0.166510
0.207758
0.172153
-0.000664
0.136197
0.128302
0.257958
0.127268
0.209534
0.223520
0.177753
0.077125
0.097207
0.196712
0.115789
0.167250
0.250337
0.237234
0.244665
0.088307
0.189577
0.142241
0.238866
0.139277
0.223106
0.238735
0.119910
0.088308
0.174269
0.088737
0.141362
0.127345
0.112474
0.080252
0.154003
0.070790
0.106489
0.161476
0.058178
0.094686
0.138819
0.129918
0.035902
-0.007476
0.109945
0.057289
0.101450
0.047689
0.115976
0.096053
0.198439
-0.003701
0.029057
0.129908
0.087089
0.071880
0.126943
0.129487
0.038634
0.100658
0.033503
0.036244
0.099362
0.053301
0.087261
0.122843
0.069131
0.043660
0.046591
0.023826
0.082086
0.084805
0.104497
0.021078
0.073935
0.023568
0.048812
0.050932
0.006770
0.068966
0.048570
0.083921
0.071408
0.007830
0.008709
0.042322
0.084806
0.121421
0.126558
0.024174
0.061258
0.036551
0.066830
0.012544
0.019125
0.039899
0.089199
0.032751
0.044866
0.071928
0.069339
0.017840
-0.035924
-0.063378
0.080502
0.089002
0.013543
0.086970
0.078174
0.045016
0.068445
0.083708
0.055088
0.115730
0.072203
-0.004663
0.061624
0.017169
-0.016322
-0.015043
0.098565
0.123182
0.061794
0.083498
0.041670
0.025199
0.072339
0.021481
0.083103
0.106220
0.132010
0.011044
0.039010
0.119556
0.040283
0.098292
0.162540
0.040004
0.038772
0.086176
0.083409
0.100241
0.035379
0.111274
0.119604
0.152557
0.120361
0.068130
0.093793
0.167678
0.204687
0.152594
0.178527
0.179252
0.159280
0.164813
0.226961
0.166061
0.098144
0.187280
0.223156
0.213646
0.330004
0.264262
0.210804
0.179752
0.201449
0.228551
0.269417
0.287806
0.186500
0.188311
0.260015
0.251476
0.151625
0.313927
0.257881
0.249580
0.223458
0.205916
0.172543
0.232637
0.296013
0.165800
0.237522
0.265626
0.287119
0.286389
0.213734
0.228196
0.213665
0.245872
0.336047
0.281750
0.209114
0.178483
0.252193
0.179118
0.234776
0.089732
0.213318
0.234482
0.152116
0.247467
0.195556
0.160194
0.173043
0.129140
0.181300
0.021956
0.159019
0.110010
0.082013
0.127028
0.055660
0.002586
0.132857
0.125572
0.086077
0.128607
0.114947
0.096104
-0.002192
0.197429
0.169895
0.007167
0.070516
0.052732
0.096373
0.085568
0.203811
0.069959
0.154772
0.092145
0.076762
0.119300
0.094949
0.091272
-0.034115
0.093303
0.161167
0.121170
0.128818
0.139683
0.096591
0.068207
0.193466
0.227137
0.107359
0.446036
0.063875
0.122767
0.247313
0.159736
0.282436
0.189848
0.251142
