0.592900
0.498121
0.330562
0.447457
0.415633
0.372201
0.227025
0.275633
0.414075
0.281951
0.351571
0.270632
0.330148
0.289694
0.342660
0.322425
0.277990
0.390904
0.294200
0.342884
0.304252
0.344138
0.310218
0.261545
0.471494
0.273342
0.325851
0.274246
0.244256
0.301221
0.198819
0.314158
0.282547
0.340558
0.371620
0.309262
0.287945
0.303742
0.236067
0.303596
0.283932
0.253384
0.199847
0.235434
0.253069
0.252859
0.260036
0.328561
0.310076
0.298273
0.290933
0.242965
0.233116
0.292905
0.278384
0.297989
0.362969
0.185397
0.233955
0.231381
0.197478
0.155676
0.303434
0.256840
0.246555
0.290204
0.273650
0.324870
0.260449
0.369784
0.290830
0.250715
0.339236
0.257982
0.173615
0.273042
0.235747
0.231015
0.179786
0.372980
0.311500
0.376776
0.386190
0.343095
0.364466
0.427416
0.482628
0.419776
0.458081
0.357813
0.421515
0.386377
0.476091
0.486491
0.520851
0.612354
0.483010
0.487836
0.468764
0.498392
0.520716
0.585686
0.453646
0.504993
0.573490
0.546091
0.575897
0.487342
0.562612
0.513247
0.481299
0.577357
0.519771
0.520981
0.558552
0.502442
0.553445
0.507408
0.481921
0.541561
0.578097
0.529549
0.541568
0.455448
0.477351
0.517829
0.481574
0.509994
0.486987
0.438205
0.415065
0.448059
0.437973
0.412315
0.386766
0.413055
0.503590
0.400547
0.426882
0.353084
0.390528
0.335327
0.374413
0.398137
0.446469
0.356083
0.348486
0.346003
0.306047
0.372893
0.211366
0.299181
0.276866
0.201231
0.359557
0.222788
0.242354
0.260580
0.209120
0.344698
0.196234
0.275878
0.334287
0.257495
0.263349
0.273668
0.251571
0.217624
0.285623
0.254256
0.296406
0.262498
0.305502
0.299597
0.278515
0.303453
0.349300
0.322357
0.242001
0.254485
0.277210
0.249325
0.259759
0.236376
0.309223
0.207476
0.267978
0.247504
0.199622
0.236076
0.254977
0.202721
0.180262
0.201008
0.283113
0.170852
0.164583
0.203717
0.184235
0.225799
0.218497
0.114210
0.106051
0.164853
0.196325
0.103501
0.143311
0.182521
0.163179
0.154135
0.103444
0.149168
0.121944
0.173027
0.170686
0.155309
0.104155
0.063688
0.079573
0.120013
0.077322
0.045433
0.103288
0.160899
0.122909
0.107853
0.084407
0.099292
0.107050
0.135413
0.101321
0.155914
0.097090
0.044990
0.057970
0.067592
0.091649
0.055099
0.098702
0.119108
0.086286
0.069593
0.029231
0.053737
0.056873
0.073791
0.104498
0.146254
0.103633
0.023341
0.039241
0.082518
0.059792
0.008679
0.063649
0.115758
0.057087
0.206108
0.121786
0.083873
0.082313
0.173022
0.062185
0.092738
0.163638
0.041946
0.044016
0.072188
0.100326
0.072557
0.091223
0.135058
0.138045
0.106184
0.091254
0.127746
0.173321
0.208517
0.249758
0.159958
0.109418
0.168781
0.055727
0.118888
0.088409
0.099858
0.097929
0.212311
0.227816
0.227667
0.124406
0.184963
0.121244
0.100955
0.140442
0.161702
0.107790
0.123585
0.117516
0.167663
0.099451
0.065419
0.105188
0.136882
0.095886
0.238792
0.135767
0.059155
0.143379
0.121214
0.052736
0.130581
0.097010
0.040533
0.075047
0.104863
0.175079
0.114308
0.077500
0.054576
0.178006
0.115305
0.131471
0.154133
0.087793
0.150157
0.086093
0.132546
0.116600
0.054152
0.168749
0.068463
0.104407
0.091626
0.114193
0.120333
0.221910
0.184107
0.107183
0.198858
0.210305
0.222155
0.169078
0.251103
0.189180
0.146765
0.173755
0.105339
0.150053
0.114781
0.124946
0.252889
0.218282
0.270479
0.286688
0.331721
0.240689
0.234406
0.277063
0.214692
0.304809
0.192766
0.222422
0.212323
0.106748
0.147052
0.188244
0.235796
0.274994
0.277430
0.212031
0.244476
0.266708
0.328923
0.294721
0.267425
0.321416
0.214438
0.337018
0.316000
0.286842
0.260972
0.379922
0.461592
0.352208
0.396245
0.417682
0.350941
0.323164
0.350680
0.269721
0.291397
0.429237
0.412175
0.415288
0.381139
0.399738
0.435458
0.425693
0.472522
0.456723
0.537226
0.558155
0.515213
0.563224
0.438442
0.463620
0.503174
0.625136
0.497370
0.429639
0.579939
0.584625
0.571572
0.488280
0.538947
0.594278
0.620067
0.546379
0.605096
0.701788
0.643581
0.534740
0.615101
0.715903
0.634892
0.559166
0.634567
0.582499
0.659089
0.611300
0.641040
0.714974
0.649547
0.720804
0.681311
0.606915
0.659914
0.610596
0.631658
0.768000
0.689692
0.695170
0.673335
0.694964
0.609083
0.700207
0.717119
0.652059
0.720487
0.744046
0.757712
0.708327
0.731329
0.644596
0.722867
0.767298
0.682438
0.680723
0.739831
0.705377
0.738500
0.704980
0.758632
0.677962
0.738859
0.772590
0.751411
0.752186
0.732830
0.696172
0.738612
0.783721
0.704867
0.644781
0.768981
0.735081
0.731762
0.715268
0.727590
0.699191
0.656650
0.735867
0.777001
0.723583
0.751159
0.696039
0.691212
0.781307
0.684788
0.661548
0.670106
0.771682
0.694393
0.726294
0.693026
0.637691
0.664183
0.679041
0.695090
0.686321
0.642400
0.582425
0.650935
0.690245
0.663683
0.612647
0.636581
0.650947
0.650514
0.627134
0.732389
0.650552
0.634862
0.622959
0.628896
0.633531
0.650402
0.658142
0.673470
0.696315
0.698999
0.667504
0.671710
0.699924
0.684722
0.672602
0.715210
0.651048
0.673109
0.625410
0.710491
0.675495
0.632194
0.659716
0.677845
0.640170
0.613940
0.608162
0.609110
0.631851
0.669519
0.607121
0.626655
0.581774
0.535826
0.590045
0.616288
0.507495
0.566852
0.616631
0.514202
0.516788
0.522671
0.504629
0.488076
0.539090
0.555503
0.556423
0.634528
0.501137
0.515662
0.561541
0.550049
0.540885
0.504689
0.479908
0.549692
0.612676
0.503569
0.504189
0.537811
0.531041
0.492094
0.514954
0.529354
0.507250
0.441998
0.509577
0.560964
0.510583
0.536991
0.466648
0.426463
0.552398
0.467675
0.370870
0.466616
0.493030
0.384088
0.384881
0.417595
0.477701
0.498869
0.427441
0.430638
0.513595
0.488465
0.399059
0.448561
0.535282
0.424891
0.443833
0.471285
0.476017
0.552610
0.486478
0.541755
0.466434
0.526825
0.513626
0.571709
0.583101
0.600541
0.548646
0.572572
0.660808
0.534245
0.513539
0.479125
0.558416
0.499624
0.485581
0.595990
0.580931
0.605341
0.585791
0.530342
0.533095
0.540204
0.551428
0.525516
0.448596
0.515104
0.585888
0.478707
0.579737
0.534382
0.562817
0.583443
0.533330
0.537681
0.490950
0.540767
0.529388
0.493764
0.372276
0.434175
0.428696
0.353200
0.538157
0.346164
0.379095
0.474578
0.447907
0.479826
0.365977
0.518693
0.528577
0.513527
0.505904
0.549794
0.511806
0.485663
0.566945
0.467579
0.514385
0.470542
0.497630
0.504318
0.512120
0.671819
0.607076
0.630957
0.621192
0.576829
0.650211
0.600371
0.549130
0.564381
0.574318
0.589831
0.639894
0.534807
0.551649
0.566690
0.624976
0.650331
0.516868
0.594257
0.577050
0.586244
0.589434
0.536160
0.439429
0.524247
0.524987
0.466306
0.561571
0.487639
0.512083
0.457881
0.459844
0.493575
0.386167
0.488395
0.459962
0.432375
0.446929
0.389369
0.372087
0.418220
0.478491
0.426939
0.442296
0.457275
0.406224
0.383113
0.429976
0.435994
0.352114
0.444162
0.440696
0.508444
0.411903
0.425477
0.369098
0.410629
0.392507
0.387761
0.384619
0.287847
0.360749
0.363260
0.354738
0.411030
0.310251
0.427755
0.404352
0.385281
0.405569
0.438210
0.396958
0.329585
0.369229
0.385206
0.348626
0.388821
0.368739
0.337861
0.418715
0.534692
0.402931
0.536729
0.421715
0.530751
0.397091
0.462802
0.445368
0.450084
0.483244
0.417876
0.333528
0.357992
0.450548
0.364579
0.481953
0.523021
0.388648
0.432362
0.433288
0.386671
0.365951
0.379802
0.394998
0.327651
0.419465
0.327980
0.387888
0.335321
0.381436
0.392858
0.383216
0.375717
0.454072
0.339574
0.306020
0.255881
0.345866
0.328583
0.355968
0.418100
0.449659
0.352029
0.338817
0.332098
0.337644
0.293561
0.387629
0.389393
0.238804
0.347344
0.324022
0.393160
0.381963
0.375451
0.348417
0.352492
0.472752
0.308806
0.316447
0.357242
0.351326
0.305286
0.370825
0.501200
0.421432
0.437968
0.442504
0.404292
0.345446
0.449165
0.508242
0.393469
0.373466
0.332778
0.366514
0.387226
0.307580
0.309036
0.304601
0.366188
0.301615
0.350276
0.325125
0.333023
0.320562
0.293762
0.255330
0.287786
0.324059
0.310938
0.232638
0.263412
0.243770
0.273779
0.208563
0.228719
0.205561
0.219518
0.224161
0.188646
0.115306
0.229614
0.146906
0.199938
0.238594
0.237160
0.217886
0.214256
0.143700
0.177891
0.210320
0.261932
0.208066
0.225308
0.185008
0.174568
0.110554
0.179678
0.221412
0.204566
0.145398
0.170798
0.121600
0.151815
0.117306
0.041568
0.175637
0.137210
0.021024
0.089646
0.020805
0.087155
0.147510
0.050658
0.083802
0.130746
0.038049
0.069871
0.056679
0.001801
0.057216
0.037336
0.045974
0.110599
0.085365
0.052670
-0.007818
0.012233
-0.003575
0.136252
-0.051258
0.082636
0.089799
0.088427
0.040994
0.027230
0.032694
-0.001616
0.045820
0.111818
0.104583
0.167712
0.040242
0.032682
0.069607
0.062806
-0.003488
0.134662
0.126196
0.026042
0.058858
0.026583
0.059504
0.027551
0.045736
0.095120
0.073021
0.032770
0.056610
0.062758
-0.032357
0.057701
0.077062
0.083014
0.106445
0.088610
0.010903
0.037814
0.068934
0.005386
0.039139
0.094422
0.066124
0.106356
0.078819
0.076527
0.122905
0.043013
0.064694
0.107169
0.132530
0.049610
0.029081
-0.003573
0.045489
0.035577
0.041237
0.069376
0.128454
0.139407
0.094390
0.081742
0.079042
0.059203
0.071134
0.085647
0.088391
0.062891
0.057797
0.092792
0.068081
0.075293
0.095709
0.138918
0.024327
0.077097
0.050648
0.087852
0.040685
0.056073
0.072572
0.168084
0.013121
0.020817
0.082739
0.044460
0.081949
-0.010779
0.079390
0.069316
0.121510
0.045586
0.019022
0.050216
0.045856
0.097143
0.102667
0.135113
0.115796
0.022010
-0.033163
0.070102
0.093068
0.023863
0.101435
0.063057
0.206946
0.116578
0.019128
0.091793
0.057738
0.166721
0.129450
0.031388
0.291859
0.000977
-0.043856
0.193032
0.048172
0.235968
0.212221
0.240615
