0.550615
0.451587
0.402512
0.532509
0.458863
0.475684
0.414941
0.355276
0.498004
0.376450
0.355805
0.317306
0.322136
0.260959
0.337604
0.469855
0.392930
0.344550
0.376515
0.313689
0.357397
0.403136
0.290787
0.305814
0.426559
0.321836
0.159837
0.366754
0.300317
0.290841
0.210848
0.311465
0.242882
0.324882
0.209836
0.281565
0.228890
0.233729
0.209950
0.266696
0.270447
0.179594
0.262156
0.183056
0.109533
0.192502
0.191235
0.092954
0.160221
0.135656
0.060187
0.102372
0.194996
0.166996
0.180114
0.155071
0.094347
0.170485
0.217913
0.111256
0.082830
0.164413
0.105866
0.122549
0.194353
0.137869
0.023778
0.111212
0.114120
0.087094
0.186934
0.124296
0.085734
0.120661
0.138377
0.122038
0.134718
0.049908
0.181552
0.148231
0.064691
0.157293
0.195932
0.149535
-0.006565
0.121375
0.058053
0.128014
0.115742
0.106347
0.119744
0.097613
0.032957
0.049492
0.040790
0.065910
0.120011
0.120302
0.008357
0.044568
0.009589
0.081166
0.089347
0.099801
0.102773
0.049494
0.056522
0.106689
0.017819
0.057014
0.076981
0.088805
0.017138
0.033048
0.015074
0.068126
0.036694
0.029571
0.076512
0.109845
0.028981
0.047378
0.051873
0.078987
0.009641
0.085714
0.014470
0.034037
0.136350
0.003129
0.041984
0.077043
0.016228
0.106701
0.040317
0.133165
0.038461
0.044214
0.035829
0.074612
0.115275
0.024509
0.016183
0.073298
0.130100
0.112737
0.015084
0.101950
0.053164
0.059257
0.071720
0.102204
0.055062
0.119183
0.105625
0.085405
0.121461
0.062834
0.084952
0.098382
0.159413
0.116320
0.044201
0.068194
0.085128
0.143488
0.069851
0.175424
0.182322
0.092675
0.112125
0.147362
0.050411
0.103839
0.095764
0.124454
0.179467
0.109782
0.051633
0.155763
0.081583
0.152276
0.156952
0.104864
0.148512
0.102685
0.071637
0.109387
0.096177
0.098667
0.087420
0.165816
0.105182
0.151120
0.144383
0.136885
0.109285
0.151318
0.146521
0.182250
0.158891
0.116621
0.057613
0.109755
0.075749
0.073911
0.116178
0.152887
0.124056
0.133647
0.059860
0.097581
0.065831
0.212273
0.048006
0.194457
0.165166
0.108119
0.129972
0.085369
0.101619
0.065112
0.143629
0.155748
0.057995
0.172110
0.071004
0.162444
0.102358
0.111043
0.100979
0.155236
0.150145
0.122094
0.039290
0.108958
0.067518
0.051029
0.064788
0.116530
0.106112
0.045315
0.003300
0.050296
0.079550
0.140261
0.083405
0.093080
0.042062
0.084718
0.011213
0.037834
0.057253
0.072784
-0.014357
0.087646
0.064632
0.139931
0.055401
0.037899
0.074940
0.077538
0.034089
0.135085
0.098304
0.053935
0.046917
0.096085
0.065885
0.058864
0.083100
0.060870
0.128454
0.058287
-0.001565
0.061153
0.012513
0.150930
0.054717
0.078081
0.195601
0.151897
0.110551
0.097031
0.047140
0.109344
0.113486
0.181668
0.139223
0.128913
0.065752
0.095981
0.078883
0.146049
0.145999
0.112886
0.189271
0.100129
0.069976
0.030943
0.056650
0.073642
0.133583
0.065674
0.154896
0.125017
-0.001630
0.110325
0.123967
0.116145
0.047066
0.073150
0.147738
0.056190
0.087483
0.087353
0.118859
0.043139
0.116779
0.126914
0.190301
0.081987
0.046780
0.061908
0.124602
0.111729
0.114348
0.142233
0.109566
0.090468
0.013955
0.079764
0.079247
0.065657
0.057447
0.099343
0.091675
0.164716
0.041730
0.063629
0.109924
0.066198
0.083028
0.136164
0.120067
0.070133
0.105464
0.120805
0.077221
0.098342
0.104346
0.134806
0.068163
0.123093
0.139620
0.047353
0.180934
0.159760
0.112808
0.126004
0.160387
0.150357
0.085233
0.021351
0.096031
0.060920
0.074985
0.140380
0.207123
0.113313
0.038578
0.060241
0.156614
0.138379
0.172403
0.188952
0.099673
0.062247
0.086660
0.085927
0.048731
0.066295
0.083689
0.155350
0.086276
0.029731
-0.011197
0.055923
0.070216
0.073465
0.031525
0.155936
0.041407
0.048916
0.056653
0.086990
0.059051
-0.018887
-0.003608
0.090840
0.035451
0.090209
0.015629
0.111904
0.034469
0.075459
0.028971
0.119930
0.122730
-0.039341
-0.031386
0.046107
0.048799
-0.002558
0.119140
0.092982
-0.024739
0.032898
0.053569
0.056911
0.039407
0.076479
0.068009
0.105298
0.041931
0.119336
0.019437
0.046465
0.062078
-0.045075
0.026153
0.067263
0.025179
0.074212
0.033751
0.032827
0.057016
0.075072
-0.004507
0.128403
0.063600
0.059590
-0.006800
0.043454
0.069739
-0.020770
-0.044284
0.121632
0.075074
0.059196
-0.003448
0.020684
0.152026
0.072799
0.048106
0.071606
0.082232
0.023589
0.027686
0.017802
0.092835
-0.006323
0.025624
0.130420
0.037633
0.076628
0.058075
0.026916
0.084718
0.070737
0.086419
0.102853
0.093589
0.060081
0.097735
0.063980
-0.084747
0.018389
0.148587
0.104384
0.015868
0.154484
0.049508
0.094860
0.085480
0.054385
0.051479
0.118730
0.068934
0.079596
0.031361
0.117488
0.095919
0.049491
0.067385
0.084604
0.158150
0.141362
0.034264
0.072458
0.109789
0.107802
0.097693
0.112508
0.076046
0.084096
0.022557
0.135542
0.027932
0.125702
-0.001704
0.096236
0.111857
0.132680
0.060737
0.006394
0.014826
0.153271
0.016126
0.143297
0.110751
0.060090
0.017667
0.103365
0.022735
0.025882
0.088036
0.108630
-0.025501
0.104599
0.108546
0.050950
0.036900
0.095765
0.075039
0.124204
0.070344
0.097774
0.064763
0.068379
0.103410
0.005633
0.098916
0.076513
0.079557
0.212541
0.075744
0.117176
0.130232
0.173605
0.145465
0.112827
0.287803
0.165648
0.147545
0.158402
0.228847
0.150455
0.151432
0.297169
0.268816
0.248806
0.197494
0.200371
0.233226
0.207233
0.216718
0.312187
0.192954
0.218817
0.219934
0.253812
0.234469
0.162881
0.244957
0.276047
0.252792
0.363052
0.321469
0.318628
0.326638
0.361426
0.308934
0.247987
0.522913
0.338141
0.306779
0.291585
0.326393
0.366285
0.319769
0.431314
0.471497
0.370839
0.336585
0.340945
0.288833
0.353630
0.284076
0.295808
0.351836
0.321951
0.263554
0.358217
0.366026
0.274866
0.304859
0.319934
0.319043
0.347979
0.255618
0.339141
0.331282
0.285090
0.392822
0.288393
0.308109
0.315402
0.260092
0.293810
0.333194
0.380275
0.364062
0.373787
0.406668
0.302319
0.267152
0.262544
0.308387
0.303943
0.214542
0.382846
0.327344
0.226215
0.338386
0.328599
0.229772
0.260676
0.282209
0.320260
0.253104
0.320172
0.270885
0.305173
0.251337
0.273996
0.352755
0.295703
0.275171
0.212974
0.246181
0.247793
0.277870
0.213166
0.246100
0.224635
0.388291
0.236036
0.164697
0.181540
0.211948
0.259312
0.234390
0.194460
0.261107
0.150619
0.203626
0.251352
0.259924
0.161215
0.226429
0.241903
0.298394
0.194848
0.296732
0.311722
0.257074
0.331804
0.223352
0.272139
0.379609
0.280328
0.305717
0.299560
0.253322
0.292964
0.211074
0.349383
0.335416
0.215249
0.236652
0.256517
0.206629
0.279740
0.338078
0.251036
0.195580
0.236357
0.249988
0.166838
0.300439
0.220244
0.255085
0.317994
0.226896
0.295492
0.204172
0.204537
0.286437
0.255883
0.151183
0.201447
0.297419
0.165629
0.231148
0.226741
0.128706
0.172925
0.234151
0.167184
0.161695
0.125914
0.050434
0.147146
0.123524
0.164458
0.127354
0.182755
0.239620
0.103063
0.064117
0.140684
0.070727
0.128371
0.150750
0.233082
0.154725
0.170008
0.171484
0.140907
0.144352
0.188371
0.166119
0.177102
0.265076
0.089961
0.094492
0.160738
0.139849
0.106846
0.095213
0.213905
0.145526
0.148687
0.145604
0.088321
0.034462
0.096895
0.074762
0.176661
0.192677
0.036520
0.017235
0.094342
0.029847
0.137747
0.074663
0.098666
0.094074
0.132132
0.053719
0.065603
0.087800
0.054313
0.025550
0.106689
0.093847
0.099793
0.115693
0.072349
0.001398
0.035104
0.035501
0.093331
0.084664
0.117721
0.009404
0.075929
0.070440
0.104817
0.092095
0.075003
0.104490
0.142539
-0.013794
0.076437
0.125727
0.038891
0.070028
0.153620
0.119236
0.178179
0.094666
0.099401
0.134598
0.135942
0.073476
0.142820
0.238831
0.125083
0.105589
0.142896
0.069388
0.159338
0.062007
0.182106
0.186573
0.227645
0.141494
0.135890
0.057408
0.237662
0.194162
0.188513
0.231240
0.220950
0.145321
0.118269
0.225884
0.127417
0.083756
0.146772
0.127710
0.149186
0.118821
0.140231
0.191093
0.192490
0.175901
0.170463
0.157171
0.109066
0.067016
0.094466
0.088742
0.054242
0.137000
0.161190
0.187897
0.183660
0.102556
0.117457
0.076953
0.118193
0.182969
0.171672
0.167116
0.084081
0.052150
0.150938
0.217034
0.094087
0.098234
0.171586
0.110108
0.153687
0.120691
0.157987
0.145331
0.155928
0.164638
0.132708
0.168094
0.119650
0.058773
0.121087
0.083552
0.080145
0.127990
0.193213
0.212295
0.227198
0.118539
0.141527
0.095913
0.170617
0.136669
0.212886
0.203434
0.138220
0.185286
0.156246
0.132999
0.142621
0.150553
0.176505
0.195022
0.176483
0.121519
0.104213
0.125220
0.195012
0.136363
0.131466
0.177422
0.195792
0.106440
0.173265
0.210017
0.127517
0.159498
0.241676
0.261090
0.239916
0.145340
0.147455
0.158971
0.186370
0.068990
0.167197
0.220871
0.207553
0.171320
0.172148
0.093263
0.117518
0.133547
0.139393
0.152300
0.176837
0.112604
0.130913
0.137855
0.135865
0.206597
0.165641
0.039271
0.065985
0.067438
0.116191
0.191881
0.183925
0.175814
0.186240
0.279906
0.169753
0.049468
0.134871
0.113268
0.193377
0.141308
0.186980
0.194973
0.154786
0.112462
0.241340
0.206345
0.096131
0.119918
0.221970
0.241248
0.288882
0.140605
0.167439
0.273454
0.257213
0.273136
0.307792
0.321509
0.232577
0.225327
0.312538
0.254854
0.192987
0.288186
0.267006
0.423919
0.422638
0.381237
0.415122
0.428583
0.490062
0.468421
0.464256
0.557762
0.418929
0.330181
0.494753
0.542804
0.502202
0.522666
0.661681
0.558959
0.600425
0.563346
0.571504
0.545379
0.600477
0.547881
0.578231
0.584836
0.529242
0.638743
0.598152
0.616420
0.621776
0.627457
0.692640
0.608775
0.493031
0.614446
0.660277
0.583065
0.707648
0.714538
0.657295
0.825401
0.666688
0.682939
0.699390
0.652823
0.611184
0.523990
0.282736
