0.604201
0.403802
0.290709
0.338605
0.331369
0.375234
0.293555
0.277809
0.349670
0.363250
0.357319
0.316199
0.299609
0.367490
0.419572
0.364083
0.287406
0.451010
0.366551
0.343872
0.418478
0.410078
0.381710
0.442088
0.464446
0.386711
0.424711
0.402070
0.382582
0.475613
0.394155
0.481302
0.502621
0.429293
0.414104
0.571616
0.469668
0.494554
0.362397
0.477171
0.498409
0.413217
0.421189
0.392833
0.414646
0.437618
0.454240
0.562609
0.453036
0.482575
0.462561
0.449187
0.441392
0.455923
0.408305
0.354546
0.510525
0.423883
0.301395
0.400894
0.359611
0.335429
0.368601
0.421130
0.373335
0.388263
0.329934
0.353447
0.332922
0.341812
0.309668
0.332495
0.287435
0.295262
0.289826
0.275156
0.212651
0.239829
0.306000
0.265093
0.280617
0.237168
0.201947
0.308118
0.270028
0.322847
0.216430
0.248227
0.332537
0.143083
0.190402
0.247929
0.199556
0.232327
0.229957
0.316724
0.215176
0.265228
0.258725
0.218802
0.373217
0.355400
0.316518
0.355139
0.326232
0.257832
0.178659
0.284003
0.328319
0.203325
0.313189
0.423645
0.364795
0.441107
0.418397
0.403957
0.423860
0.431283
0.405901
0.350997
0.412790
0.367109
0.414156
0.275723
0.348417
0.296340
0.340489
0.359481
0.416565
0.403945
0.333570
0.279738
0.442477
0.346229
0.209382
0.307735
0.376068
0.262606
0.394189
0.276376
0.258904
0.323328
0.318032
0.376523
0.408270
0.317375
0.234916
0.241388
0.412157
0.340592
0.214793
0.289536
0.321706
0.216893
0.256122
0.235443
0.306390
0.248302
0.302119
0.309895
0.222661
0.247907
0.173262
0.170685
0.204277
0.218897
0.152464
0.134757
0.143459
0.186493
0.132278
0.205979
0.171461
0.137694
0.136757
0.164692
0.096645
0.188840
0.097099
0.143711
0.130175
0.139644
0.060166
0.139254
0.170715
0.064047
0.147037
0.119476
0.161463
0.114339
0.123983
0.105778
0.203057
0.173686
0.114728
0.121531
0.181790
0.143117
0.064572
0.168031
0.172700
0.137863
0.246616
0.167512
0.138430
0.159628
0.245405
0.340674
0.215684
0.283736
0.228927
0.184511
0.171218
0.245057
0.248774
0.372991
0.238989
0.089991
0.234242
0.271597
0.335282
0.148036
0.247292
0.255724
0.288101
0.257664
0.191914
0.227837
0.225727
0.343818
0.232621
0.327253
0.401136
0.224243
0.157854
0.319301
0.296135
0.292602
0.288694
0.339660
0.325758
0.449953
0.469797
0.373286
0.406550
0.356179
0.470468
0.391320
0.557893
0.440563
0.299202
0.344961
0.459230
0.431719
0.397948
0.528038
0.529475
0.566886
0.489504
0.580712
0.564768
0.565389
0.639974
0.579085
0.515110
0.514639
0.418417
0.532998
0.570273
0.586449
0.660937
0.673608
0.688940
0.676065
0.636199
0.621000
0.719232
0.723955
0.644007
0.600946
0.814476
0.713585
0.597348
0.724729
0.738563
0.769451
0.720439
0.770418
0.762713
0.787325
0.798596
0.866101
0.866038
0.879810
0.813013
0.863422
0.879805
0.859809
0.801435
0.873934
0.883585
0.879268
0.891407
0.881214
0.851320
0.882645
0.920093
0.943744
0.928280
0.950053
0.904306
0.939024
0.930712
0.933398
0.911674
0.923495
0.909501
0.940775
0.931097
0.926624
0.902783
0.927049
0.930420
0.959358
0.960349
0.964496
0.917724
0.937339
0.959705
0.930683
0.916615
0.946086
0.941856
0.944187
0.940842
0.938998
0.937032
0.938598
0.945900
0.973590
0.961318
0.970274
0.955233
0.954964
0.960333
0.937790
0.922275
0.961181
0.944806
0.956244
0.942569
0.950779
0.929926
0.938747
0.962978
0.976786
0.967627
0.963187
0.933102
0.961963
0.965266
0.949475
0.933174
0.952812
0.949831
0.956306
0.942015
0.947923
0.920579
0.936993
0.936632
0.929821
0.949147
0.936690
0.903436
0.922780
0.951693
0.932036
0.885847
0.921838
0.911803
0.906947
0.913684
0.880660
0.838432
0.898551
0.902899
0.937730
0.911568
0.902144
0.885544
0.912315
0.953370
0.924155
0.875125
0.917369
0.892391
0.914529
0.902515
0.921824
0.875424
0.896564
0.933149
0.954751
0.931573
0.956706
0.934399
0.928477
0.942420
0.931491
0.893178
0.935563
0.915627
0.951470
0.919606
0.936146
0.897255
0.910962
0.933439
0.930082
0.923344
0.933911
0.873047
0.923766
0.931404
0.873798
0.872248
0.889298
0.854279
0.888004
0.881580
0.849441
0.857528
0.839539
0.844779
0.861762
0.832514
0.835923
0.806284
0.809713
0.786760
0.793783
0.666658
0.792872
0.771353
0.799040
0.811339
0.764547
0.773325
0.767794
0.754272
0.784185
0.751491
0.817341
0.776877
0.784095
0.841103
0.777622
0.699592
0.817207
0.809199
0.835560
0.807092
0.843717
0.783127
0.814538
0.841164
0.872415
0.829556
0.849719
0.821703
0.852339
0.914556
0.880541
0.807580
0.891507
0.859136
0.880159
0.852644
0.887198
0.822776
0.846440
0.863616
0.878141
0.821975
0.814161
0.749059
0.804326
0.819636
0.812050
0.805654
0.794513
0.791539
0.816749
0.805361
0.811027
0.760629
0.718420
0.798634
0.836105
0.831385
0.829798
0.805271
0.799633
0.821110
0.797940
0.759566
0.802464
0.737635
0.812333
0.837270
0.817161
0.728751
0.791349
0.773217
0.826913
0.775946
0.769123
0.719835
0.744383
0.794224
0.731062
0.779428
0.752144
0.771110
0.761835
0.761306
0.741367
0.730268
0.747540
0.772352
0.767349
0.764567
0.759741
0.681197
0.711493
0.716480
0.681659
0.651771
0.601406
0.594293
0.613163
0.618963
0.600628
0.535769
0.555044
0.603457
0.587348
0.564800
0.575479
0.571253
0.585934
0.673114
0.565435
0.541504
0.598257
0.543794
0.585265
0.663237
0.678335
0.687005
0.678820
0.696753
0.718435
0.676683
0.654314
0.677488
0.618403
0.698906
0.752515
0.618566
0.677187
0.716831
0.699691
0.648356
0.724044
0.737000
0.736995
0.761623
0.703117
0.673106
0.733750
0.740475
0.752962
0.771219
0.747867
0.736471
0.727355
0.713989
0.765263
0.740894
0.746033
0.738161
0.753803
0.745230
0.811206
0.793641
0.780764
0.720503
0.766520
0.775049
0.776575
0.754533
0.770761
0.796438
0.747280
0.784724
0.773179
0.768313
0.777786
0.789459
0.833561
0.873133
0.841815
0.755548
0.833553
0.865007
0.824729
0.776209
0.761455
0.748886
0.829537
0.819288
0.805414
0.833942
0.815672
0.839823
0.863976
0.869541
0.866894
0.802326
0.831545
0.861088
0.781486
0.757572
0.781944
0.820271
0.808695
0.812971
0.834677
0.792768
0.829656
0.819725
0.816300
0.819189
0.829918
0.816312
0.821211
0.835004
0.814264
0.781482
0.756118
0.719907
0.738889
0.725720
0.807054
0.750961
0.831983
0.852646
0.862586
0.854990
0.839071
0.786462
0.780854
0.892042
0.830711
0.792112
0.852264
0.838377
0.785258
0.823612
0.831611
0.785503
0.767031
0.851606
0.869923
0.847216
0.846318
0.768678
0.774482
0.840082
0.776905
0.737513
0.789038
0.821240
0.824651
0.805499
0.794255
0.820668
0.749538
0.728223
0.756624
0.693327
0.686729
0.702160
0.752893
0.735345
0.744405
0.694917
0.696288
0.722318
0.676316
0.612700
0.617881
0.627853
0.631674
0.684484
0.605224
0.664571
0.672492
0.681746
0.680334
0.769160
0.648653
0.629003
0.673445
0.610018
0.631235
0.696000
0.705432
0.676744
0.718551
0.715695
0.705385
0.694843
0.675658
0.594750
0.663372
0.708690
0.651293
0.683681
0.657152
0.679836
0.687632
0.663410
0.706125
0.692365
0.722935
0.753347
0.768131
0.783300
0.753677
0.676652
0.761464
0.810752
0.713266
0.702804
0.739146
0.746737
0.752870
0.769850
0.757934
0.736595
0.758429
0.756082
0.791523
0.814852
0.766642
0.705659
0.763851
0.778668
0.740695
0.669301
0.753118
0.771449
0.780513
0.730091
0.766767
0.702760
0.712116
0.744446
0.760643
0.738036
0.740510
0.659863
0.740034
0.681510
0.710548
0.726080
0.630908
0.687229
0.712517
0.709919
0.679360
0.629294
0.643608
0.672149
0.704112
0.701083
0.652976
0.663895
0.622921
0.726951
0.624891
0.662346
0.643752
0.633211
0.662349
0.676634
0.683692
0.612598
0.653845
0.712580
0.708495
0.678027
0.706192
0.563306
0.650255
0.793744
0.786314
0.709271
0.713167
0.693154
0.732636
0.722504
0.721229
0.732718
0.721405
0.753388
0.784811
0.824434
0.800209
0.727352
0.756679
0.789080
0.757696
0.684231
0.759339
0.767486
0.720600
0.757376
0.722975
0.726849
0.809657
0.777201
0.826820
0.849062
0.764396
0.733126
0.779047
0.772174
0.749267
0.813259
0.806872
0.749273
0.803457
0.802009
0.852493
0.814662
0.855197
0.860789
0.892584
0.841375
0.857781
0.815811
0.842709
0.818527
0.810496
0.791014
0.819477
0.814207
0.855394
0.808203
0.824083
0.814882
0.827326
0.847643
0.890450
0.874623
0.885338
0.867229
0.861251
0.870890
0.860653
0.858769
0.879083
0.861785
0.917239
0.868822
0.888675
0.882942
0.889800
0.910922
0.916984
0.917228
0.917071
0.887374
0.908897
0.917979
0.943020
0.918761
0.949599
0.925881
0.924193
0.918498
0.938968
0.915936
0.912404
0.916182
0.938623
0.921305
0.927542
0.911176
0.909977
0.921303
0.926659
0.912440
0.939094
0.936785
0.946704
0.931598
0.922050
0.918921
0.923161
0.939030
0.956664
0.930279
0.930089
0.912339
0.953007
0.939226
0.941451
0.945593
0.943109
0.928788
0.931877
0.916763
0.897275
0.881310
0.892895
0.909685
0.934776
0.925712
0.932545
0.883809
0.892367
0.929080
0.906107
0.913417
0.903060
0.867471
0.909164
0.907243
0.888049
0.858241
0.919190
0.909655
0.922774
0.906700
0.898942
0.871551
0.901790
0.926500
0.894617
0.847768
0.911366
0.887436
0.916098
0.900945
0.910346
0.891123
0.889904
0.918130
0.937714
0.939128
0.947009
0.906008
0.926561
0.927499
0.894580
0.866347
0.887195
0.879026
0.918595
0.867417
0.899428
0.877266
0.852965
0.921303
0.925762
0.925049
0.918192
0.909824
0.881457
0.902966
0.871519
0.834453
0.866437
0.866361
0.859296
0.880016
0.893458
0.848849
0.847849
0.855308
0.873003
0.858369
0.889947
0.844512
0.843177
0.868420
0.869265
0.830391
0.847750
0.829642
0.856424
0.822528
0.896508
0.827387
0.758137
0.816992
0.791213
0.791148
0.766980
0.864877
0.800683
0.846174
0.743795
0.762566
0.743232
0.751116
0.703725
0.701448
0.243156
