0.593583
0.558063
0.543070
0.670516
0.617268
0.597148
0.580599
0.576273
0.630679
0.539976
0.484931
0.518651
0.483560
0.461089
0.509626
0.561944
0.518752
0.549699
0.514445
0.486191
0.507786
0.597968
0.572067
0.535145
0.521348
0.454856
0.467683
0.507696
0.513089
0.484043
0.500462
0.542721
0.578810
0.530607
0.535657
0.537703
0.632049
0.622492
0.517813
0.580579
0.671939
0.621412
0.540014
0.575720
0.587016
0.541941
0.551711
0.608318
0.638804
0.560452
0.581642
0.648155
0.699409
0.665237
0.581335
0.672469
0.663136
0.652184
0.608642
0.635613
0.663634
0.637029
0.658754
0.680377
0.656854
0.696830
0.674171
0.697519
0.656140
0.672431
0.662137
0.665650
0.605347
0.548323
0.637075
0.612379
0.601987
0.629110
0.627418
0.640096
0.531313
0.550493
0.529834
0.593653
0.537289
0.536845
0.447697
0.458387
0.575759
0.488219
0.539567
0.393481
0.518886
0.523112
0.551827
0.518744
0.457176
0.570881
0.556609
0.529757
0.549474
0.521749
0.505313
0.499960
0.600718
0.527740
0.451456
0.528441
0.495726
0.485604
0.528400
0.545763
0.482634
0.458903
0.519537
0.431047
0.458519
0.517361
0.460959
0.517984
0.505666
0.464615
0.453935
0.409733
0.446475
0.432210
0.375325
0.413940
0.441416
0.376077
0.311173
0.336132
0.334504
0.370750
0.430040
0.304656
0.394183
0.371609
0.374320
0.282165
0.260377
0.290568
0.201200
0.304517
0.251660
0.369099
0.299325
0.272430
0.282963
0.259574
0.240928
0.239388
0.300198
0.225311
0.257067
0.186622
0.137006
0.183849
0.191969
0.199823
0.168321
0.222541
0.105799
0.197069
0.237577
0.221165
0.279325
0.214997
0.312412
0.194890
0.244494
0.210869
0.272454
0.187526
0.254567
0.270189
0.186902
0.273756
0.234909
0.251728
0.288974
0.236697
0.148560
0.282920
0.237537
0.178391
0.064258
0.181065
0.202351
0.163924
0.116585
0.235273
0.186572
0.198660
0.139114
0.195656
0.184618
0.214383
0.263014
0.237594
0.140626
0.141072
0.158133
0.196100
0.198410
0.212349
0.152335
0.177034
0.251235
0.145488
0.192663
0.205169
0.240044
0.296831
0.208487
0.259462
0.384260
0.306181
0.272886
0.263190
0.172960
0.206112
0.255996
0.288039
0.233733
0.265077
0.277769
0.245112
0.187367
0.326224
0.268338
0.236199
0.179680
0.180908
0.220860
0.287892
0.284942
0.213551
0.273389
0.247413
0.270456
0.304752
0.256041
0.273873
0.285274
0.311371
0.350460
0.382370
0.300354
0.270153
0.289683
0.342904
0.316633
0.342377
0.302525
0.337021
0.371624
0.330116
0.330833
0.419967
0.349146
0.333640
0.353974
0.306680
0.351010
0.338378
0.487322
0.313281
0.340079
0.357632
0.345498
0.393219
0.420254
0.426425
0.369900
0.285493
0.402277
0.382302
0.290593
0.421156
0.451628
0.406820
0.327173
0.419785
0.418308
0.396648
0.366402
0.415797
0.357530
0.436860
0.399494
0.436420
0.425719
0.473712
0.376301
0.391088
0.573573
0.473119
0.487094
0.490782
0.487792
0.421895
0.459462
0.579766
0.472465
0.498171
0.546712
0.496423
0.577854
0.528159
0.509824
0.591249
0.606042
0.592039
0.597835
0.554178
0.569554
0.569610
0.603160
0.595483
0.610614
0.590619
0.559539
0.606628
0.499912
0.513934
0.477553
0.552448
0.575743
0.558964
0.574723
0.510086
0.548322
0.567792
0.501466
0.478659
0.594302
0.518486
0.451045
0.494116
0.428387
0.569677
0.554094
0.525679
0.543749
0.506141
0.460764
0.445782
0.416906
0.444787
0.522480
0.541673
0.511187
0.540278
0.540218
0.477657
0.471702
0.445048
0.397949
0.393422
0.483604
0.379283
0.370115
0.462257
0.408797
0.308461
0.412559
0.426260
0.325115
0.446439
0.496340
0.409250
0.446498
0.446757
0.436641
0.338124
0.413411
0.426163
0.280560
0.325964
0.362769
0.374532
0.276597
0.345981
0.334456
0.340881
0.262103
0.300621
0.322747
0.252312
0.378713
0.234591
0.207666
0.228889
0.263438
0.232666
0.318593
0.178440
0.186294
0.284730
0.220637
0.295346
0.306039
0.248928
0.251071
0.316130
0.193779
0.274251
0.269000
0.241097
0.218149
0.186461
0.162719
0.201211
0.279642
0.313978
0.270277
0.244356
0.223992
0.209030
0.230171
0.187157
0.179110
0.188219
0.318872
0.279155
0.194737
0.217003
0.223226
0.143538
0.081768
0.209925
0.225160
0.236248
0.114809
0.174857
0.251770
0.249094
0.128760
0.210109
0.169643
0.122787
0.225178
0.110548
0.104791
0.033481
0.165745
0.141754
0.071935
0.094717
0.064469
0.110745
0.112051
0.087921
0.134934
0.146973
0.037560
0.145282
0.079915
0.080728
0.114056
0.078293
0.052997
0.162969
0.135932
0.152533
0.192000
0.126686
0.115296
0.096902
0.141374
0.140761
0.095730
0.068944
0.070138
0.113239
0.123060
0.078532
0.077781
0.106772
0.137315
0.069837
0.093421
0.096342
0.076039
0.175319
0.118144
0.134534
0.081790
0.102649
0.141894
0.226862
0.119119
0.101908
0.112661
0.155765
0.137959
0.142975
0.080355
0.074159
0.044195
0.126956
0.136146
0.166605
0.073715
0.126985
0.157537
0.092191
0.113065
0.022598
0.140898
0.142708
0.039154
0.173095
0.067781
0.083308
0.174061
0.096046
0.139249
0.081506
0.121037
0.116719
0.001837
0.122578
0.112139
0.045571
0.034772
0.060942
0.148926
0.107313
0.076964
0.084805
0.041394
0.048058
0.053632
0.151927
0.122768
0.039185
0.074418
0.111081
0.107420
0.062161
0.070254
0.116749
0.095960
0.176287
0.120672
0.117287
0.198086
0.201096
0.106666
0.175858
0.162764
0.063185
0.061434
0.112969
0.120657
0.048898
0.077705
0.082701
0.088345
0.146846
0.142956
0.054428
0.087812
0.157707
0.075643
0.155291
0.079608
0.080717
0.087560
0.066558
0.104125
0.067820
0.049681
0.174607
0.015734
0.086180
0.085467
0.140188
0.154953
0.085782
0.071192
0.201994
0.065211
0.053555
0.141519
0.068258
0.082677
0.117570
0.060091
0.144467
0.166794
0.175787
0.112078
0.135449
0.114594
0.068125
0.092594
0.111938
0.155388
-0.007749
0.136514
0.160458
0.059467
0.126231
0.044301
0.096592
0.116424
0.115022
0.172713
0.109273
0.129213
0.149882
0.168596
0.149158
0.186529
0.163384
0.171217
0.162668
0.116359
0.135944
0.101057
0.317637
0.158915
0.253708
0.212317
0.213744
0.232937
0.252341
0.257242
0.218631
0.273581
0.089229
0.295721
0.195369
0.211462
0.207468
0.229412
0.251164
0.301054
0.261964
0.172273
0.161489
0.346659
0.231429
0.272758
0.293086
0.340651
0.262591
0.180235
0.208010
0.246621
0.149718
0.216785
0.246063
0.310632
0.232775
0.282680
0.303571
0.231666
0.280083
0.283545
0.273302
0.207932
0.220004
0.232023
0.301699
0.279421
0.263718
0.324034
0.344174
0.264467
0.327346
0.318623
0.341791
0.272035
0.412903
0.314447
0.291317
0.379072
0.295200
0.354280
0.362652
0.207594
0.235431
0.278652
0.344721
0.222489
0.381113
0.340026
0.324057
0.353922
0.393302
0.325190
0.406948
0.428024
0.360862
0.319210
0.377090
0.277895
0.314280
0.328741
0.383537
0.380099
0.412304
0.337495
0.253691
0.339856
0.334910
0.400783
0.333464
0.280923
0.310120
0.336888
0.279250
0.283536
0.252838
0.282783
0.345054
0.455649
0.407204
0.369493
0.452070
0.444034
0.422421
0.396201
0.282919
0.377292
0.326750
0.305566
0.381223
0.447389
0.379605
0.370484
0.392956
0.419555
0.397935
0.372347
0.386330
0.435557
0.393197
0.295665
0.401044
0.444456
0.401912
0.448188
0.379727
0.385248
0.442387
0.459453
0.506271
0.385664
0.503226
0.446079
0.558832
0.522241
0.564160
0.468045
0.530671
0.546508
0.497241
0.438889
0.492262
0.504271
0.445518
0.474994
0.589407
0.611587
0.448255
0.486484
0.537677
0.547001
0.566095
0.486505
0.515111
0.599828
0.537597
0.517610
0.558595
0.549306
0.546656
0.595192
0.643167
0.604345
0.649416
0.634486
0.677103
0.687050
0.731938
0.674935
0.647593
0.751212
0.667424
0.567934
0.687240
0.651409
0.685386
0.675645
0.713790
0.736956
0.712318
0.726991
0.805438
0.799959
0.801862
0.766110
0.799043
0.770539
0.824575
0.791978
0.809854
0.808298
0.802375
0.797787
0.828745
0.808388
0.829766
0.838912
0.818877
0.879000
0.891698
0.818917
0.837708
0.886161
0.840742
0.711143
0.850372
0.808425
0.857998
0.850561
0.874268
0.827540
0.839183
0.855217
0.895685
0.872586
0.900778
0.831819
0.896344
0.902611
0.888804
0.856841
0.898984
0.898123
0.916069
0.895303
0.885526
0.859005
0.875990
0.914615
0.941076
0.920426
0.930236
0.901134
0.905886
0.936815
0.920694
0.887396
0.918596
0.908324
0.916906
0.933018
0.925434
0.880552
0.920949
0.930128
0.960248
0.941763
0.941042
0.899643
0.938674
0.931372
0.932947
0.901905
0.942391
0.923105
0.925844
0.916350
0.924184
0.900532
0.915336
0.917551
0.933994
0.945043
0.939070
0.916883
0.920475
0.950195
0.922313
0.903028
0.946760
0.914893
0.927618
0.923376
0.926176
0.868952
0.936279
0.943082
0.956162
0.944505
0.962593
0.917460
0.949200
0.962044
0.952518
0.938359
0.948598
0.944529
0.958255
0.942633
0.916976
0.919885
0.915951
0.916435
0.950521
0.938998
0.936692
0.902253
0.920531
0.908877
0.906409
0.904264
0.923299
0.927510
0.917512
0.912744
0.901369
0.840361
0.897094
0.903410
0.908588
0.872249
0.883161
0.865759
0.864888
0.889523
0.851161
0.846694
0.852385
0.834511
0.847925
0.836932
0.787836
0.788669
0.780203
0.781780
0.828216
0.809743
0.816158
0.796042
0.829112
0.809990
0.753989
0.719467
0.779122
0.766475
0.805215
0.771222
0.828406
0.749667
0.736362
0.748943
0.736346
0.725615
0.757767
0.751564
0.735444
0.719631
0.690351
0.655306
0.697792
0.713525
0.704616
0.725546
0.691480
0.662221
0.669821
0.718575
0.689646
0.715719
0.639452
0.669561
0.623759
0.719656
0.663973
0.546853
0.704059
0.674441
0.740101
0.676871
0.730519
0.646818
0.611221
0.675876
0.717845
0.637052
0.643286
0.571534
0.661018
0.629168
0.615890
0.713578
0.582100
0.648359
0.640949
0.635620
0.655297
0.592490
0.516096
0.559353
0.504489
0.465449
0.469782
0.434881
0.421109
0.512346
0.371296
0.440955
0.498947
0.410493
0.393159
0.353054
0.247446
