0.608284
0.550681
0.414793
0.557615
0.582806
0.471062
0.408660
0.479660
0.580172
0.393223
0.452659
0.344733
0.342046
0.485137
0.482251
0.560071
0.518298
0.503928
0.438510
0.542130
0.521776
0.576712
0.490818
0.470876
0.497165
0.437721
0.516594
0.460429
0.476911
0.487144
0.534534
0.586439
0.513014
0.583273
0.528296
0.534838
0.547954
0.564718
0.520773
0.543193
0.566851
0.515018
0.474195
0.532649
0.525502
0.484440
0.513205
0.616824
0.495289
0.506012
0.555981
0.511297
0.494299
0.559768
0.504917
0.472471
0.502946
0.457025
0.481633
0.477977
0.499681
0.434788
0.415653
0.475285
0.401994
0.439426
0.402091
0.452625
0.441321
0.446353
0.333268
0.351394
0.387708
0.341244
0.407553
0.393513
0.338173
0.338896
0.400731
0.462222
0.308069
0.486557
0.466458
0.465380
0.485181
0.434574
0.430066
0.492639
0.523766
0.426772
0.504940
0.442928
0.440198
0.483885
0.454947
0.525820
0.508795
0.476942
0.499176
0.526455
0.487438
0.546255
0.425767
0.470331
0.508481
0.386668
0.381015
0.374584
0.375235
0.414494
0.373901
0.499780
0.443557
0.355142
0.406078
0.365385
0.372029
0.406273
0.535734
0.406459
0.392387
0.385262
0.364684
0.364861
0.339282
0.349055
0.385082
0.419151
0.353203
0.401806
0.364226
0.375713
0.376199
0.443953
0.439909
0.432748
0.462467
0.385949
0.392345
0.417905
0.412831
0.452429
0.414271
0.521815
0.476866
0.423280
0.503312
0.428869
0.483870
0.558549
0.460662
0.508725
0.488927
0.405798
0.513270
0.466625
0.416105
0.450096
0.467875
0.521422
0.418141
0.464986
0.465605
0.363984
0.398757
0.464237
0.452904
0.467899
0.507878
0.400028
0.495933
0.458165
0.368379
0.315625
0.485885
0.531022
0.316525
0.526324
0.416183
0.344037
0.411717
0.400495
0.265381
0.484883
0.449416
0.390447
0.376153
0.337156
0.355643
0.365358
0.353493
0.412198
0.388887
0.467089
0.433825
0.399331
0.428531
0.446432
0.343684
0.353220
0.486470
0.360989
0.299017
0.351358
0.285964
0.456289
0.435624
0.503437
0.441247
0.456859
0.417291
0.487494
0.481020
0.483491
0.448585
0.346650
0.536873
0.401698
0.374871
0.384674
0.446202
0.433379
0.492450
0.540496
0.454439
0.482211
0.491536
0.403197
0.526991
0.414299
0.431029
0.391222
0.433431
0.426300
0.502656
0.427853
0.337708
0.375938
0.357061
0.337153
0.435580
0.410584
0.411319
0.389800
0.355874
0.431231
0.380268
0.389492
0.458701
0.400789
0.421925
0.314008
0.330069
0.404362
0.438175
0.449003
0.369375
0.457169
0.484543
0.479142
0.355372
0.405264
0.517445
0.364754
0.436990
0.412406
0.372702
0.479826
0.417489
0.441554
0.495097
0.485841
0.504975
0.454931
0.453722
0.498889
0.587728
0.475856
0.532267
0.514708
0.630162
0.578584
0.587600
0.537720
0.525069
0.505476
0.490619
0.545442
0.542603
0.534431
0.591827
0.611859
0.572200
0.478436
0.543526
0.551808
0.573497
0.441480
0.567604
0.489405
0.386482
0.451235
0.553187
0.481391
0.488722
0.500130
0.475774
0.365051
0.449559
0.460787
0.480937
0.465692
0.490628
0.411474
0.302146
0.413445
0.464479
0.398095
0.345526
0.436804
0.425121
0.388313
0.410293
0.261358
0.288087
0.334121
0.328102
0.355592
0.362064
0.276089
0.331177
0.366410
0.242033
0.236117
0.264216
0.345266
0.232705
0.273000
0.220806
0.207728
0.286162
0.308895
0.251294
0.246964
0.287132
0.233895
0.248307
0.154581
0.210907
0.222518
0.213487
0.261906
0.224764
0.256379
0.253845
0.196062
0.197837
0.278813
0.271107
0.183367
0.327834
0.205603
0.231903
0.290347
0.215521
0.264201
0.254253
0.323386
0.171008
0.335275
0.280159
0.250405
0.241368
0.335217
0.213272
0.298127
0.320118
0.219769
0.233991
0.204372
0.228212
0.212194
0.284614
0.302024
0.384393
0.241892
0.274588
0.295616
0.276598
0.325372
0.334857
0.282226
0.339541
0.247492
0.199541
0.323020
0.188674
0.251956
0.282396
0.418310
0.305707
0.346275
0.310515
0.319370
0.242154
0.284374
0.279099
0.222891
0.335419
0.287812
0.282919
0.210144
0.299150
0.262370
0.307393
0.237355
0.250972
0.432880
0.360103
0.347764
0.396010
0.335047
0.318016
0.362357
0.455403
0.307584
0.366406
0.389804
0.384954
0.343842
0.406469
0.515361
0.407678
0.406049
0.409343
0.375114
0.348805
0.357745
0.364060
0.339907
0.394250
0.329698
0.350888
0.264183
0.241203
0.339777
0.274450
0.229333
0.275751
0.293475
0.310865
0.204838
0.257850
0.202683
0.220319
0.281712
0.273490
0.253354
0.192877
0.181300
0.208512
0.208080
0.171370
0.152629
0.231746
0.177553
0.146988
0.219620
0.148849
0.206725
0.142751
0.162872
0.056073
0.119099
0.144073
0.136266
0.179000
0.079880
0.121997
0.158887
0.245122
0.143485
0.157027
0.187737
0.076780
0.211596
0.276305
0.181393
0.145460
0.113182
0.114549
0.106926
0.144427
0.143093
0.131786
0.083751
0.109834
0.136043
0.092042
0.190517
0.130183
0.202081
0.167997
0.137114
0.117754
0.105231
0.147023
0.110958
0.145437
0.122468
0.037206
0.164807
0.189971
0.132227
0.111809
0.120035
0.269110
0.109283
0.225295
0.200413
0.226035
0.122841
0.035033
0.153907
0.076828
0.176630
0.181004
0.109125
0.174437
0.191194
0.063935
0.128051
0.071999
0.181790
0.218029
0.146027
0.184641
0.145369
0.146344
0.228198
0.123927
0.117465
0.142663
0.247260
0.046718
0.197346
0.100510
0.128492
0.095469
0.171433
0.118462
0.109761
0.088465
0.080112
0.097290
0.093306
0.080610
0.052158
0.048843
0.139955
0.057154
0.107425
0.090260
0.097726
0.130153
0.092817
0.096439
0.132063
0.056412
0.077655
0.050362
0.067422
0.099877
0.102733
0.032252
0.093026
0.099592
0.084099
-0.037411
0.076279
0.086399
0.089236
0.029019
0.106624
0.076325
0.033443
0.032326
0.013148
0.069843
0.030152
0.042914
0.076433
0.077401
0.101181
0.020688
0.001675
0.045168
0.052656
0.118881
0.093860
0.056609
0.085938
0.078027
0.019323
0.010277
0.081999
0.050547
0.067602
0.030221
0.094656
0.050507
0.028990
0.069621
0.107518
0.084141
0.102288
0.059077
0.046809
0.066425
0.060779
0.078671
0.031849
0.103195
0.083513
0.050112
0.121771
0.067374
0.026780
0.079702
0.092516
0.139881
0.146463
0.115905
0.058446
0.025834
0.183541
0.169510
0.046689
0.061597
0.143734
0.075381
0.064878
0.049796
0.088901
0.037994
0.132990
0.061115
0.091776
0.139789
0.086543
0.017592
0.092807
0.048714
-0.010474
0.082548
0.069899
0.100643
0.087466
-0.008395
0.034089
0.091700
0.074277
0.122128
0.099425
0.076495
0.127400
0.068692
0.056949
0.048270
0.112860
-0.044388
0.017970
0.145568
0.057617
0.008518
0.080379
0.054183
0.082841
0.067637
0.142400
0.058566
0.053386
0.050254
0.031050
0.075130
-0.004446
0.054413
0.092298
0.117869
0.106157
0.023801
-0.010071
0.050516
0.026833
0.160992
0.093117
0.082358
0.058870
0.031720
0.075911
0.092526
0.007022
0.020684
0.079760
0.044525
0.034872
0.065827
0.050788
-0.039669
0.076248
-0.028235
0.119171
0.073279
0.039543
-0.003152
-0.010305
0.060395
0.016287
0.014379
0.053633
0.024743
0.051668
0.027076
0.015684
0.039448
-0.021824
-0.042057
0.123366
0.083616
0.024125
0.006419
0.007598
0.025802
0.002404
0.037283
0.066334
0.003778
0.044787
-0.043017
0.003234
0.041456
0.084591
0.025888
0.119303
0.088106
0.036646
0.030498
-0.026475
-0.069676
0.050724
0.019601
0.108255
0.052543
0.105512
-0.039464
-0.044848
0.015212
0.008264
0.064813
0.078588
0.065008
0.008142
0.075054
0.003996
0.031596
0.043763
0.012030
0.034363
0.069574
0.040954
0.036003
0.037186
-0.025428
0.083242
0.030538
0.128839
0.085371
0.023374
0.008058
0.052614
0.070022
0.040754
0.089636
0.125290
0.103694
0.117333
0.031931
0.110260
0.059467
0.069901
0.130813
0.073723
0.089050
0.005673
0.057947
0.042252
0.079117
0.067901
0.033358
0.147577
0.130977
0.009553
0.022916
0.065736
0.007538
0.094410
0.050644
0.113807
0.072936
0.023217
0.040311
-0.001435
0.023650
0.021685
0.073765
0.057521
0.023364
0.089009
-0.008597
0.037053
0.020964
0.116190
0.063924
0.068327
0.051380
0.070569
0.106274
0.029262
0.069564
0.059362
0.085829
0.144576
0.051544
0.079152
0.081308
0.044105
0.066924
0.087713
0.111537
0.167573
-0.011971
0.037817
0.000922
0.012794
0.078582
0.071993
0.099296
0.050469
0.051062
0.104449
0.006040
0.066115
0.056480
-0.001953
0.020528
0.138071
0.037658
0.027944
0.086668
0.036737
-0.044514
0.007757
0.034475
0.104184
0.017720
0.055276
0.009859
-0.003750
0.021727
0.021574
-0.005455
0.114382
0.063549
0.044057
-0.005498
0.051049
0.028878
0.007726
-0.009499
0.089306
0.034370
0.051587
0.028915
0.130225
0.061614
-0.032502
0.061233
0.111614
-0.050850
0.027009
0.003999
0.044426
0.075985
0.021125
0.107181
0.063029
0.049473
0.098209
0.030054
-0.006733
0.074644
0.057983
0.055065
0.110719
0.086471
0.008650
0.024703
0.013990
0.101318
0.002491
0.017273
0.072413
0.142960
0.078139
-0.039394
-0.064607
0.145695
0.082786
0.055231
0.125197
0.047801
0.021753
-0.023056
0.057615
0.092636
0.000416
0.008744
0.089333
0.088773
0.031838
0.024879
0.067837
0.043613
0.104415
0.068438
0.100984
0.120587
0.058362
0.005679
0.029817
0.006620
0.037982
0.065504
0.046688
0.074492
0.072475
0.048491
0.043373
0.091949
0.012162
-0.012735
0.148121
0.068956
-0.000972
0.069590
0.017167
0.034588
0.041454
0.005366
0.118516
0.054432
0.074207
0.046453
0.038492
-0.044563
0.071834
0.131969
0.152014
0.065130
0.029394
0.003424
-0.030647
0.002679
0.052394
0.067397
0.074487
-0.014889
0.082466
0.017907
0.010244
0.004682
0.030389
-0.023605
0.163541
-0.001662
0.059579
-0.002737
0.022383
0.019604
0.018527
0.033470
0.069686
0.043682
0.078729
-0.009282
0.041214
0.038364
0.064218
0.072301
0.088245
0.000289
0.085729
0.042707
-0.004661
0.056323
-0.016593
0.049097
0.025397
0.134412
0.124302
0.020208
0.057056
0.038890
0.115340
0.017971
0.019633
0.174152
-0.004353
-0.069265
0.142554
0.056171
0.172012
0.135135
0.237541
