0.616928
0.693530
0.686700
0.829273
0.783988
0.821414
0.755177
0.791378
0.862881
0.773010
0.680969
0.767384
0.736153
0.813546
0.825985
0.861164
0.864521
0.847151
0.844279
0.892156
0.898280
0.909096
0.873923
0.861197
0.871339
0.862936
0.788555
0.858798
0.850435
0.871772
0.866476
0.871367
0.808675
0.827465
0.895381
0.898454
0.899203
0.897952
0.901085
0.854907
0.904655
0.876592
0.797556
0.860996
0.850943
0.860381
0.864377
0.861263
0.825433
0.862839
0.897426
0.917240
0.912211
0.880727
0.854066
0.892043
0.903704
0.868366
0.858336
0.897995
0.894422
0.892115
0.876663
0.857660
0.867755
0.886760
0.883057
0.931288
0.925161
0.907850
0.873901
0.917521
0.920761
0.916027
0.896208
0.909421
0.892318
0.913927
0.914538
0.908013
0.907179
0.899419
0.915198
0.949236
0.917975
0.927656
0.897764
0.880397
0.923401
0.922073
0.915144
0.929481
0.916453
0.914601
0.923607
0.920435
0.897775
0.946561
0.954375
0.966753
0.970512
0.963586
0.946581
0.961100
0.969997
0.944434
0.932460
0.953877
0.950123
0.949607
0.945332
0.947580
0.932565
0.944109
0.947163
0.948007
0.965783
0.964400
0.903536
0.935966
0.958408
0.926295
0.924676
0.952188
0.941911
0.930706
0.936544
0.943759
0.925882
0.939547
0.953395
0.967026
0.963051
0.959107
0.907850
0.952952
0.947826
0.942676
0.939420
0.926892
0.936390
0.930616
0.929560
0.934273
0.912388
0.926315
0.928524
0.955328
0.949943
0.938057
0.921138
0.945474
0.939580
0.927703
0.889106
0.916214
0.910579
0.913724
0.905071
0.919030
0.897506
0.898516
0.933241
0.945965
0.951817
0.939692
0.898251
0.908669
0.927706
0.884551
0.835414
0.901790
0.901338
0.879425
0.865638
0.896752
0.842271
0.879131
0.914329
0.934668
0.939378
0.926576
0.913848
0.912093
0.918455
0.906046
0.862058
0.899264
0.907271
0.901970
0.888088
0.923597
0.874703
0.939408
0.946591
0.951478
0.956998
0.943629
0.894164
0.959340
0.954219
0.922595
0.926473
0.933339
0.918765
0.932466
0.915918
0.928036
0.896038
0.921590
0.926663
0.949569
0.938876
0.928435
0.881193
0.888999
0.897642
0.912939
0.885294
0.906303
0.896341
0.918390
0.877874
0.893829
0.914951
0.905314
0.927710
0.941410
0.927684
0.937392
0.901797
0.913492
0.945626
0.931523
0.895034
0.923823
0.911996
0.930113
0.906326
0.937522
0.880009
0.927457
0.948538
0.957804
0.952303
0.951162
0.923262
0.939629
0.948146
0.954453
0.964339
0.959749
0.951207
0.959844
0.949757
0.955443
0.950640
0.942685
0.945623
0.971829
0.965443
0.980146
0.953160
0.968129
0.975387
0.962762
0.944099
0.979194
0.968472
0.968617
0.966012
0.966976
0.941318
0.947170
0.953025
0.965330
0.970526
0.965405
0.951879
0.950610
0.957323
0.963332
0.959761
0.961483
0.953288
0.959635
0.961738
0.955218
0.930076
0.959371
0.964938
0.982162
0.977509
0.968809
0.955688
0.968794
0.965808
0.959520
0.962105
0.971026
0.965517
0.963683
0.962865
0.966025
0.952574
0.946027
0.963068
0.974948
0.961831
0.961861
0.961218
0.963824
0.952534
0.931450
0.918081
0.960479
0.955682
0.952779
0.944243
0.949678
0.918559
0.933628
0.916774
0.938399
0.932022
0.923191
0.920821
0.930583
0.937446
0.916383
0.915942
0.941773
0.914187
0.948449
0.913535
0.891886
0.854555
0.876118
0.896632
0.924662
0.927337
0.903404
0.872288
0.914156
0.907035
0.903862
0.918511
0.915979
0.890282
0.933843
0.919835
0.920495
0.896659
0.915979
0.937313
0.948707
0.928429
0.927781
0.910736
0.930438
0.938742
0.931766
0.918477
0.926642
0.934780
0.937258
0.926506
0.922772
0.884740
0.937601
0.950149
0.970271
0.956483
0.955181
0.922866
0.962056
0.966477
0.950979
0.932798
0.965742
0.958829
0.964197
0.963899
0.968815
0.960354
0.961837
0.964548
0.982427
0.971860
0.979587
0.958685
0.970749
0.972768
0.971397
0.962575
0.980074
0.974046
0.974096
0.967291
0.964488
0.946645
0.971984
0.966126
0.982671
0.973505
0.983147
0.967597
0.977362
0.977092
0.964811
0.943129
0.978828
0.974456
0.968732
0.971461
0.969167
0.967526
0.947868
0.959040
0.978758
0.979812
0.980999
0.973836
0.966946
0.977792
0.973608
0.950743
0.967616
0.963766
0.971005
0.955484
0.961259
0.945709
0.959417
0.971076
0.978801
0.975571
0.967226
0.956802
0.970521
0.972286
0.954485
0.965807
0.977996
0.959720
0.970188
0.964604
0.958522
0.942913
0.949304
0.957592
0.972140
0.966354
0.968880
0.939909
0.967727
0.965489
0.955746
0.954948
0.963726
0.967123
0.975239
0.970589
0.971604
0.951429
0.959382
0.974541
0.980218
0.981396
0.976472
0.966492
0.972622
0.968312
0.967167
0.957147
0.967424
0.967799
0.958537
0.968897
0.953758
0.938811
0.955607
0.964586
0.953994
0.972523
0.968353
0.942580
0.952353
0.959877
0.949391
0.951466
0.972561
0.963072
0.966785
0.962151
0.949157
0.934073
0.922067
0.956516
0.967301
0.965219
0.968168
0.918702
0.959084
0.964737
0.962258
0.950381
0.963605
0.969845
0.955316
0.962100
0.951042
0.930054
0.937667
0.951356
0.968841
0.956977
0.970604
0.954777
0.963402
0.960028
0.971742
0.950578
0.971107
0.961812
0.977058
0.966385
0.970907
0.952142
0.956877
0.970187
0.976369
0.970231
0.970962
0.948544
0.967082
0.965650
0.971584
0.954576
0.968820
0.962866
0.962100
0.948858
0.955049
0.937414
0.932811
0.935786
0.957584
0.954648
0.948729
0.911792
0.927123
0.942636
0.929463
0.920496
0.933632
0.923895
0.933699
0.919768
0.869095
0.865912
0.845343
0.870178
0.883285
0.864224
0.871294
0.838403
0.846734
0.890663
0.834161
0.764843
0.825632
0.800550
0.826662
0.827304
0.839542
0.759394
0.842884
0.850023
0.847140
0.906708
0.834072
0.801488
0.843017
0.899638
0.833336
0.818048
0.811005
0.812793
0.838514
0.833910
0.825858
0.840446
0.806798
0.815546
0.885385
0.881536
0.830743
0.816226
0.797014
0.812578
0.826583
0.738472
0.735628
0.778460
0.798711
0.789199
0.828977
0.846739
0.738550
0.810107
0.825053
0.807201
0.777436
0.805664
0.791363
0.777418
0.768099
0.757937
0.744910
0.764778
0.791801
0.764964
0.780470
0.731856
0.750893
0.770735
0.806856
0.753170
0.762845
0.807006
0.727148
0.744701
0.755958
0.702917
0.730186
0.670608
0.750744
0.709937
0.788455
0.772787
0.753448
0.781125
0.807684
0.836740
0.792321
0.734918
0.757604
0.793486
0.799598
0.739710
0.812859
0.825589
0.789809
0.784398
0.836592
0.792668
0.806403
0.843879
0.868966
0.824889
0.840165
0.825817
0.882268
0.888352
0.837458
0.777128
0.877340
0.842168
0.866859
0.840440
0.915101
0.844797
0.864517
0.890534
0.905264
0.871684
0.899647
0.882344
0.878582
0.919798
0.858780
0.800333
0.876436
0.875684
0.898433
0.873508
0.886362
0.843944
0.863871
0.885400
0.911080
0.880201
0.895911
0.868572
0.881896
0.900796
0.856692
0.831050
0.892340
0.869282
0.858701
0.877457
0.887259
0.831094
0.859572
0.879768
0.901132
0.859455
0.867796
0.822062
0.840618
0.867327
0.870005
0.820820
0.828006
0.825503
0.884058
0.865788
0.854890
0.864972
0.877289
0.902712
0.934617
0.901654
0.927553
0.910312
0.939617
0.900582
0.913290
0.915244
0.947384
0.937456
0.953387
0.935442
0.957553
0.941121
0.949674
0.960046
0.973714
0.966892
0.972835
0.959407
0.966267
0.970663
0.973372
0.961462
0.972095
0.964123
0.971654
0.965206
0.961492
0.970270
0.969122
0.960174
0.981129
0.981962
0.980922
0.963360
0.973529
0.977607
0.974140
0.971891
0.985944
0.984291
0.983843
0.980279
0.982542
0.973059
0.982396
0.981997
0.994933
0.990264
0.987745
0.981085
0.989609
0.984437
0.986003
0.981459
0.989094
0.984186
0.990045
0.982665
0.983604
0.976611
0.975569
0.985170
0.992561
0.984905
0.990212
0.986710
0.980124
0.985295
0.987713
0.971029
0.991193
0.984552
0.992396
0.980172
0.989122
0.977385
0.980767
0.984362
0.991501
0.990124
0.990397
0.982117
0.990968
0.992203
0.990067
0.985277
0.988717
0.986240
0.988837
0.988249
0.983828
0.971798
0.992314
0.990645
0.997201
0.995643
0.997456
0.993813
0.995076
0.995794
0.995474
0.992694
0.997779
0.996410
0.998184
0.996830
0.997686
0.997335
0.996848
0.998177
0.998972
0.998504
0.999436
0.997408
0.998216
0.998442
0.998393
0.998254
0.999409
0.998852
0.999445
0.999034
0.998968
0.997417
0.998525
0.998851
0.999659
0.999391
0.999555
0.998618
0.999213
0.998815
0.999281
0.998532
0.999479
0.998976
0.999299
0.998615
0.998344
0.996709
0.997321
0.998041
0.999621
0.998730
0.999430
0.998450
0.999108
0.999129
0.998494
0.997980
0.999096
0.997557
0.998909
0.998006
0.997697
0.994897
0.997648
0.997939
0.999101
0.997821
0.998912
0.996714
0.998019
0.997901
0.997843
0.996456
0.998593
0.997405
0.998528
0.998342
0.997857
0.995404
0.997082
0.997671
0.998653
0.997639
0.997864
0.995022
0.996329
0.996484
0.996001
0.994744
0.996881
0.993837
0.996921
0.994768
0.994741
0.992407
0.990903
0.993352
0.996860
0.997030
0.996841
0.992128
0.990741
0.994067
0.994206
0.985645
0.993287
0.991897
0.991833
0.989908
0.986533
0.977654
0.980093
0.986722
0.988095
0.985949
0.988651
0.977754
0.978897
0.987113
0.976206
0.953932
0.982728
0.976499
0.981502
0.974089
0.974056
0.953895
0.972607
0.977977
0.986783
0.984707
0.982703
0.971538
0.980651
0.986035
0.977026
0.973470
0.973823
0.972028
0.978380
0.975550
0.962579
0.958250
0.957274
0.968625
0.973038
0.973169
0.961184
0.955421
0.954973
0.959042
0.936655
0.923862
0.940344
0.940748
0.950335
0.925079
0.922408
0.923684
0.895842
0.927988
0.932808
0.915755
0.917347
0.841750
0.858761
0.909770
0.858884
0.850195
0.837962
0.819357
0.862072
0.859080
0.811825
0.826744
0.816594
0.844471
0.878667
0.886942
0.879058
0.799217
0.829637
0.892259
0.806881
0.780612
0.843275
0.827386
0.799922
0.805572
0.869276
0.842899
0.748211
0.804832
0.797993
0.704238
0.766357
0.848828
0.817913
0.889483
0.742681
0.811998
0.797113
0.772054
0.702050
0.651194
0.303086
