0.534756
0.322012
0.158843
0.230214
0.194716
0.148326
0.060453
0.052583
0.216381
0.144908
0.159538
0.055353
0.180193
0.134931
0.100889
0.146130
0.210854
0.161573
0.062340
0.114430
0.087987
0.147649
0.045873
0.138728
0.168337
0.118530
0.138080
0.121341
0.040897
0.050757
0.100872
0.093052
0.153864
0.100880
0.018847
0.003204
0.097544
0.079063
0.085412
0.114524
0.110729
0.035122
0.071541
0.057837
0.013803
0.102990
0.097997
0.077534
0.181095
0.079535
0.077201
0.070197
0.051667
0.061241
0.147122
0.123228
0.158074
0.089656
0.035138
0.099898
0.075749
0.010542
0.059104
0.092861
0.152744
0.128158
-0.017758
0.064874
0.137005
0.093074
0.139258
0.105231
0.126566
0.077584
0.092656
0.053156
-0.024000
-0.017287
0.064252
0.140919
0.034784
0.093737
0.051018
0.052468
0.070101
0.064266
0.047812
0.152705
0.080710
0.087808
0.089546
0.110871
0.094640
0.090193
-0.019478
0.098783
0.060371
0.166230
0.116268
0.074625
0.076789
0.053672
0.046573
0.150052
0.130130
0.037717
0.067667
0.112076
0.098392
0.032046
0.049730
0.100736
0.065686
0.140141
0.035444
0.126214
0.156312
0.114316
0.138404
0.187909
0.104088
0.125652
0.099646
0.099806
0.118641
0.080582
0.166560
0.195401
0.120676
0.198861
0.078139
0.142289
0.205825
0.168451
0.068538
0.216766
0.213846
0.100198
0.169313
0.152718
0.148279
0.103648
0.160399
0.230492
0.205784
0.209416
0.228728
0.203412
0.208819
0.228908
0.114974
0.235545
0.209265
0.185295
0.237997
0.258663
0.192379
0.212178
0.247588
0.285586
0.329935
0.321973
0.297715
0.289561
0.297446
0.419333
0.346590
0.339664
0.359184
0.367209
0.354690
0.356191
0.227471
0.279786
0.267910
0.418101
0.504812
0.472172
0.344171
0.434125
0.381870
0.454918
0.452045
0.435343
0.465147
0.344637
0.414355
0.451452
0.416086
0.409748
0.529327
0.547662
0.519987
0.528082
0.555514
0.540030
0.496756
0.520424
0.492480
0.528032
0.539779
0.528730
0.461624
0.514277
0.518866
0.513691
0.546274
0.513109
0.532499
0.511412
0.547857
0.606814
0.605871
0.571958
0.526424
0.456508
0.675658
0.516781
0.399284
0.516610
0.522236
0.489327
0.472917
0.570532
0.574972
0.476455
0.533372
0.516347
0.542484
0.612105
0.568265
0.514640
0.648307
0.591081
0.585426
0.601488
0.617423
0.526597
0.570679
0.605831
0.492702
0.613083
0.621131
0.632854
0.548181
0.547077
0.561497
0.560935
0.612028
0.616799
0.619513
0.600960
0.613318
0.589355
0.639948
0.634078
0.615366
0.634413
0.660001
0.631049
0.714918
0.637545
0.600654
0.656740
0.706581
0.685509
0.626203
0.618372
0.655477
0.589983
0.614602
0.696262
0.725786
0.667637
0.719815
0.706554
0.674272
0.608544
0.600623
0.659244
0.688221
0.656472
0.621419
0.660775
0.692628
0.689214
0.661217
0.685107
0.692180
0.631455
0.665697
0.647298
0.585903
0.618700
0.683113
0.650970
0.666452
0.622135
0.566584
0.657585
0.614166
0.621170
0.622896
0.656832
0.588832
0.533471
0.580847
0.614579
0.618328
0.618299
0.581859
0.572445
0.604596
0.592320
0.541237
0.634594
0.622856
0.604883
0.597784
0.661616
0.603277
0.567233
0.564989
0.611628
0.596332
0.628443
0.502399
0.524047
0.631710
0.550788
0.569382
0.570326
0.544826
0.562737
0.543533
0.580417
0.603168
0.544762
0.560527
0.593165
0.585339
0.601741
0.521162
0.515980
0.654773
0.532192
0.491058
0.514413
0.594952
0.568074
0.545779
0.556713
0.595565
0.475502
0.541987
0.542701
0.543239
0.515221
0.493779
0.521520
0.601746
0.492058
0.464054
0.494563
0.540453
0.568145
0.517984
0.593757
0.507122
0.529351
0.545163
0.551155
0.561040
0.574143
0.495530
0.481243
0.619864
0.501138
0.452926
0.430088
0.472137
0.485549
0.468173
0.522688
0.493107
0.526238
0.459806
0.436472
0.532486
0.510182
0.493273
0.461307
0.570194
0.544933
0.294258
0.486475
0.488972
0.453745
0.432473
0.558409
0.504126
0.417010
0.488849
0.444732
0.370211
0.413965
0.458433
0.410229
0.451096
0.392025
0.400625
0.434107
0.406537
0.389590
0.373277
0.352742
0.390458
0.428052
0.402264
0.435605
0.366191
0.352196
0.296125
0.428317
0.386168
0.390465
0.385406
0.395661
0.355305
0.355053
0.284275
0.326762
0.366331
0.291104
0.252381
0.335626
0.276116
0.305092
0.420155
0.258203
0.246652
0.299177
0.190555
0.323401
0.173981
0.227447
0.262235
0.339266
0.253759
0.308237
0.287422
0.273379
0.228744
0.273359
0.307459
0.219604
0.205520
0.228147
0.177086
0.188917
0.151237
0.200441
0.176954
0.225879
0.277720
0.190128
0.161065
0.176757
0.192149
0.246783
0.213421
0.186073
0.131010
0.144065
0.216523
0.145320
0.110660
0.187963
0.152705
0.240590
0.224712
0.225384
0.157335
0.184447
0.078851
0.196517
0.157202
0.135568
0.208230
0.172017
0.151312
0.128241
0.173747
0.115203
0.113360
0.108783
0.133522
0.145927
0.115678
0.126371
0.186320
0.168998
0.139265
0.119557
0.124320
0.099164
0.081040
0.064909
0.143242
0.090000
0.053761
0.135004
0.170553
0.192882
0.093669
-0.019647
0.155778
0.221512
0.148623
0.160949
0.184410
0.083541
0.097437
0.127644
0.181346
0.043548
0.121341
0.161957
0.193414
0.131174
0.136445
0.111035
0.071769
0.182661
0.127068
0.199859
0.151389
0.217390
0.110672
0.208921
0.177736
0.129020
0.108338
0.166988
0.110530
0.172403
0.159008
0.083429
0.093427
0.155625
0.117716
0.204601
0.143895
0.179019
0.190227
0.097990
0.105423
0.137373
0.144742
0.126678
0.130326
0.144828
0.095054
0.091263
0.159470
0.211467
0.167446
0.167535
0.151227
0.181331
0.177659
0.172854
0.182320
0.122597
0.216671
0.271991
0.229643
0.261618
0.138422
0.201782
0.199576
0.272407
0.273259
0.197300
0.307009
0.277623
0.263957
0.258143
0.268504
0.235212
0.250772
0.383113
0.389969
0.359097
0.406738
0.340388
0.353279
0.369007
0.273159
0.328079
0.311895
0.313077
0.291044
0.284582
0.376299
0.292157
0.307437
0.348400
0.314970
0.270539
0.335530
0.203727
0.250946
0.274112
0.250898
0.280060
0.306275
0.270909
0.179572
0.212783
0.279007
0.234814
0.185602
0.243386
0.159448
0.333055
0.281222
0.190909
0.220122
0.244931
0.121174
0.257635
0.265842
0.248527
0.188052
0.179708
0.244055
0.184431
0.214226
0.205509
0.215871
0.233676
0.214626
0.200774
0.125041
0.262296
0.290070
0.235624
0.162032
0.108894
0.158839
0.250366
0.175720
0.155485
0.254660
0.257596
0.179161
0.324750
0.285719
0.391779
0.275803
0.326842
0.304933
0.281031
0.350818
0.223336
0.225229
0.228956
0.251088
0.268180
0.277851
0.254991
0.386850
0.223965
0.370337
0.333264
0.384746
0.364923
0.313975
0.287983
0.402611
0.344721
0.281801
0.195223
0.358859
0.284036
0.285828
0.464883
0.480120
0.469209
0.427496
0.392085
0.476931
0.432213
0.384129
0.423172
0.462839
0.309529
0.339628
0.275786
0.318497
0.353142
0.331312
0.433307
0.351960
0.312377
0.319002
0.328118
0.243392
0.391763
0.333551
0.340779
0.417868
0.300739
0.227889
0.278838
0.321149
0.216194
0.325821
0.349133
0.267636
0.342367
0.272856
0.278989
0.228643
0.264539
0.237682
0.296022
0.311246
0.329697
0.246011
0.243884
0.136762
0.244057
0.109656
0.192047
0.135203
0.183448
0.222636
0.197642
0.119675
0.188631
0.175526
0.222754
0.134056
0.171769
0.153006
0.137845
0.210164
0.163166
0.130344
0.216464
0.299795
0.351937
0.317402
0.328770
0.314264
0.293499
0.314220
0.285197
0.400094
0.200522
0.309211
0.387761
0.265267
0.351663
0.371172
0.420590
0.397451
0.358173
0.356282
0.314950
0.352407
0.370348
0.364032
0.406992
0.358619
0.344028
0.395015
0.399754
0.394910
0.383537
0.322541
0.416371
0.384169
0.354341
0.410002
0.370952
0.369568
0.372185
0.212305
0.359529
0.441110
0.273531
0.412460
0.283471
0.243230
0.308553
0.295941
0.265352
0.321579
0.264846
0.212982
0.280866
0.150571
0.204016
0.200396
0.160722
0.261105
0.077266
0.160563
0.173412
0.152052
0.155493
0.088062
0.178847
0.131797
0.157177
0.163977
0.114381
0.188777
0.124981
0.168759
0.160426
0.161206
0.080947
0.083461
0.127538
0.134232
0.115326
0.135187
0.165217
0.217559
0.073493
0.028442
0.069620
0.144223
0.138262
0.164793
0.169975
0.102987
0.073110
0.061904
0.089605
0.147386
0.074040
0.101462
0.099263
0.205498
0.160263
0.067914
0.051124
0.097886
0.167166
0.097185
0.152449
0.096204
0.115731
0.039659
0.078065
0.054180
0.072043
0.036336
0.107731
0.050995
0.268365
0.146421
0.059960
0.189828
0.146283
0.200124
0.096437
0.165349
0.168333
0.158992
0.142457
0.223445
0.197923
0.193117
0.254540
0.320336
0.203187
0.146455
0.189516
0.132184
0.264775
0.180247
0.194026
0.225853
0.196605
0.213727
0.223075
0.215605
0.206278
0.179617
0.279025
0.214371
0.282543
0.253438
0.191717
0.170388
0.171184
0.193064
0.152327
0.231418
0.161570
0.132185
0.239828
0.281856
0.150948
0.163563
0.185568
0.110651
0.257314
0.210953
0.181243
0.212710
0.226788
0.199616
0.264857
0.318029
0.263292
0.282818
0.253247
0.289694
0.297755
0.258542
0.294311
0.296809
0.370991
0.407606
0.430841
0.336025
0.397643
0.453688
0.367100
0.428844
0.405931
0.374639
0.418132
0.324936
0.366370
0.451583
0.530325
0.431086
0.494118
0.460051
0.550949
0.454155
0.518934
0.456188
0.405849
0.540724
0.494644
0.431662
0.488842
0.399524
0.474025
0.455849
0.547893
0.462476
0.597535
0.565415
0.620133
0.622521
0.565200
0.517705
0.615377
0.576927
0.554124
0.616967
0.491162
0.548117
0.620968
0.610344
0.641360
0.595454
0.610942
0.664670
0.655678
0.601246
0.644931
0.630484
0.639000
0.694912
0.681363
0.584513
0.656671
0.644296
0.594478
0.570137
0.679869
0.612216
0.603989
0.665759
0.649087
0.661712
0.663529
0.662305
0.532390
0.655448
0.641196
0.602937
0.661119
0.634794
0.619240
0.673291
0.743352
0.688620
0.640339
0.660814
0.716905
0.712492
0.721373
0.768750
0.785708
0.877418
0.710300
0.780311
0.748008
0.771495
0.683296
0.663579
0.278260
