0.506264
0.209097
0.017596
0.071060
-0.074327
0.006573
0.061945
0.078137
0.079799
0.017992
0.099027
0.018540
0.089437
0.027568
0.037297
0.061050
0.034108
0.105380
0.032755
0.008258
0.049647
0.080018
0.116259
0.129071
0.031367
-0.004337
0.020296
0.107224
0.135964
0.027647
0.057653
0.085643
0.126062
0.095731
0.036741
0.068909
0.136370
0.125737
0.075900
0.081626
0.120674
0.113630
0.126439
0.105537
0.156693
0.158879
0.033130
0.166653
0.182790
0.125262
0.110917
0.180012
0.093770
0.179859
0.147612
0.159136
0.204723
0.125499
0.145598
0.135341
0.157598
0.127112
0.109038
0.173354
0.100782
0.200031
0.139974
0.160768
0.185435
0.097006
0.157271
0.120003
0.150165
0.119752
0.096664
0.102724
0.227945
0.135998
0.169972
0.149154
0.212834
0.150416
0.118357
0.111379
0.119544
0.167730
0.218386
0.179079
0.196513
0.152094
0.100116
0.160262
0.160795
0.104278
0.121329
0.173280
0.190996
0.223148
0.206457
0.230012
0.219232
0.224994
0.219527
0.195122
0.324320
0.199334
0.156454
0.236196
0.181325
0.225116
0.280579
0.275713
0.308275
0.285730
0.284126
0.237610
0.267553
0.295171
0.174884
0.190823
0.383149
0.202852
0.167125
0.285379
0.242681
0.267835
0.211516
0.326464
0.332771
0.299255
0.262598
0.226085
0.240866
0.280873
0.225491
0.293066
0.370103
0.209938
0.239195
0.259111
0.190301
0.161308
0.172164
0.247724
0.229334
0.211164
0.170331
0.180568
0.160696
0.177246
0.165936
0.236958
0.222585
0.205104
0.222541
0.132624
0.043791
0.119245
0.206693
0.194795
0.162460
0.219118
0.102376
0.210749
0.168540
0.125575
0.181411
0.129899
0.200800
0.086486
0.117343
0.098872
0.187696
0.207406
0.140416
0.161462
0.273032
0.140406
0.140222
0.177599
0.157522
0.267707
0.198977
0.169065
0.296919
0.225489
0.138756
0.168734
0.099182
0.080871
0.128670
0.241653
0.154836
0.293647
0.194146
0.216993
0.189388
0.173937
0.142277
0.237290
0.223841
0.195490
0.207839
0.157913
0.230467
0.161526
0.141734
0.217312
0.280765
0.231723
0.251834
0.187413
0.351289
0.261233
0.224910
0.161656
0.296322
0.257432
0.298143
0.194026
0.142550
0.239946
0.164425
0.327221
0.238108
0.230155
0.276634
0.212397
0.191730
0.295722
0.204626
0.202980
0.235098
0.207388
0.205024
0.196518
0.206189
0.155858
0.190263
0.163537
0.142250
0.244557
0.183709
0.146400
0.220798
0.216910
0.194215
0.299551
0.297385
0.168394
0.255252
0.264772
0.288411
0.264273
0.228699
0.352833
0.283952
0.308906
0.274956
0.364141
0.332499
0.347048
0.279636
0.314466
0.270712
0.299822
0.271290
0.343642
0.306061
0.308110
0.341311
0.411103
0.431433
0.409349
0.404428
0.333435
0.377717
0.423159
0.322906
0.470600
0.377836
0.399979
0.464924
0.402930
0.389924
0.361899
0.388194
0.354372
0.355705
0.430971
0.339596
0.428961
0.454972
0.470756
0.483998
0.447597
0.458368
0.381381
0.427006
0.428135
0.462418
0.453530
0.501828
0.630198
0.469273
0.624498
0.581909
0.645751
0.528517
0.557707
0.529081
0.533755
0.626315
0.577848
0.557821
0.497742
0.535150
0.563334
0.589731
0.605126
0.624034
0.568036
0.542370
0.572278
0.636901
0.613743
0.566875
0.537787
0.595321
0.525295
0.553200
0.584791
0.573442
0.523620
0.525965
0.574640
0.510999
0.520879
0.491656
0.562158
0.557814
0.544506
0.551542
0.560856
0.473474
0.491006
0.500533
0.477883
0.470231
0.514668
0.504016
0.585092
0.500681
0.613291
0.611753
0.514708
0.558557
0.496475
0.454854
0.549823
0.631548
0.545990
0.623164
0.492538
0.516102
0.477726
0.487661
0.534694
0.524733
0.542843
0.548593
0.570817
0.604013
0.531267
0.504213
0.539483
0.539086
0.479886
0.513676
0.476926
0.516941
0.521916
0.464503
0.538711
0.522082
0.533513
0.538550
0.513090
0.473212
0.548147
0.486778
0.478679
0.543430
0.476307
0.439401
0.541471
0.538413
0.451296
0.458245
0.462768
0.469127
0.392329
0.355043
0.419099
0.455727
0.551361
0.493901
0.535093
0.520328
0.411103
0.439395
0.390216
0.342878
0.428954
0.433647
0.521428
0.453557
0.503747
0.474281
0.480589
0.459726
0.463296
0.470982
0.427113
0.430628
0.500852
0.315962
0.470922
0.475348
0.447573
0.388091
0.492199
0.420758
0.431756
0.442125
0.468531
0.466220
0.446150
0.329972
0.470898
0.529041
0.443796
0.517210
0.471698
0.436051
0.475979
0.445415
0.538668
0.487418
0.474029
0.476861
0.397838
0.480104
0.519022
0.444908
0.503368
0.573550
0.434780
0.491819
0.464751
0.533510
0.503097
0.441016
0.468989
0.471448
0.486717
0.484094
0.482107
0.460485
0.482537
0.451746
0.482369
0.554574
0.508260
0.417579
0.471525
0.497695
0.515937
0.432769
0.544894
0.604581
0.539097
0.550256
0.524803
0.522932
0.582856
0.515903
0.536848
0.589368
0.622654
0.579799
0.542093
0.520247
0.555284
0.590966
0.578238
0.563208
0.523783
0.601619
0.644057
0.612277
0.605884
0.519027
0.607082
0.601134
0.588063
0.585924
0.579690
0.569338
0.625167
0.584534
0.671192
0.593217
0.591785
0.619901
0.604127
0.562270
0.605477
0.520830
0.613215
0.594124
0.586163
0.602493
0.656418
0.560064
0.616251
0.586554
0.663754
0.619627
0.709019
0.661216
0.711523
0.700802
0.730003
0.668389
0.765864
0.788145
0.686384
0.694489
0.735575
0.713483
0.727360
0.720405
0.736998
0.738944
0.711575
0.715004
0.694055
0.758498
0.707420
0.614906
0.665131
0.719527
0.682609
0.612291
0.696378
0.710587
0.696742
0.721926
0.723251
0.707727
0.669401
0.647446
0.649700
0.629886
0.618102
0.631120
0.700836
0.681583
0.627723
0.604505
0.648184
0.564474
0.621807
0.694610
0.570702
0.406625
0.581990
0.566123
0.612508
0.593665
0.576573
0.526590
0.573666
0.649434
0.539097
0.506902
0.609063
0.596179
0.625187
0.627204
0.675552
0.657383
0.624209
0.668527
0.674876
0.626062
0.669136
0.598109
0.609201
0.727432
0.617189
0.531520
0.686504
0.663280
0.643773
0.656028
0.673905
0.653398
0.652623
0.609741
0.637204
0.585367
0.612206
0.542484
0.568855
0.559048
0.517005
0.619695
0.552165
0.525880
0.539849
0.529288
0.545951
0.430005
0.539775
0.540709
0.517752
0.503320
0.474160
0.287737
0.434918
0.508704
0.492944
0.509436
0.379375
0.406881
0.465860
0.425835
0.476604
0.434585
0.430116
0.427490
0.400390
0.486326
0.466820
0.482181
0.397598
0.479555
0.449461
0.345833
0.443984
0.384962
0.341040
0.375524
0.428624
0.464335
0.459102
0.489617
0.420726
0.442444
0.523114
0.399775
0.505998
0.561074
0.410445
0.313287
0.431414
0.404767
0.392319
0.418630
0.480768
0.455373
0.446583
0.371404
0.401343
0.408640
0.358406
0.314945
0.410062
0.410203
0.228299
0.283210
0.324179
0.351909
0.328598
0.378704
0.342403
0.412986
0.392356
0.347507
0.404009
0.351968
0.334589
0.482246
0.386756
0.451904
0.353923
0.321876
0.323983
0.431821
0.381340
0.420469
0.518272
0.440057
0.413515
0.404297
0.394162
0.380648
0.400740
0.245489
0.388326
0.384552
0.282490
0.405243
0.312781
0.382173
0.357821
0.422710
0.440661
0.302266
0.396770
0.384173
0.346978
0.360688
0.384908
0.377575
0.374755
0.389697
0.361268
0.357716
0.327205
0.248192
0.307398
0.261426
0.351374
0.358056
0.240554
0.207198
0.225782
0.190288
0.198705
0.214903
0.290408
0.266046
0.206185
0.300727
0.221486
0.237638
0.266770
0.291426
0.219964
0.340855
0.164950
0.127000
0.274992
0.279626
0.335553
0.156548
0.261331
0.424648
0.267881
0.267187
0.339063
0.275389
0.188282
0.216076
0.249924
0.258207
0.313765
0.311256
0.236654
0.412064
0.347085
0.332106
0.366983
0.357956
0.391317
0.324610
0.414412
0.322310
0.343128
0.385793
0.492081
0.444555
0.424154
0.459809
0.430444
0.360630
0.467158
0.409302
0.432098
0.540716
0.469417
0.374520
0.421274
0.408953
0.403528
0.396997
0.467517
0.492015
0.506178
0.427386
0.401504
0.367768
0.404739
0.408687
0.485330
0.369535
0.442490
0.445371
0.454154
0.412671
0.395124
0.468675
0.449074
0.430649
0.423368
0.365356
0.419626
0.381900
0.461827
0.498665
0.452343
0.522855
0.356484
0.418461
0.510414
0.447478
0.440977
0.418032
0.542243
0.427734
0.393501
0.398147
0.412166
0.402017
0.381971
0.334171
0.432295
0.465221
0.364799
0.388049
0.395915
0.331883
0.459297
0.436634
0.427478
0.403225
0.372683
0.369213
0.389188
0.401719
0.366385
0.372211
0.323433
0.535083
0.391211
0.288639
0.401325
0.389080
0.333448
0.334054
0.421515
0.357747
0.464345
0.404602
0.382943
0.370460
0.366281
0.256577
0.404956
0.451130
0.324599
0.440977
0.280743
0.250956
0.330676
0.370044
0.298689
0.367378
0.246347
0.298221
0.348373
0.270116
0.320181
0.367975
0.287587
0.313169
0.289842
0.218977
0.271594
0.376101
0.235103
0.288149
0.306973
0.215528
0.320384
0.270307
0.321670
0.298012
0.288619
0.286471
0.290518
0.299885
0.265515
0.409597
0.311955
0.202653
0.292890
0.368760
0.314366
0.328020
0.311732
0.227156
0.258027
0.218746
0.286360
0.230540
0.270594
0.376940
0.286600
0.217237
0.242539
0.267040
0.271718
0.232594
0.293451
0.331468
0.225851
0.301742
0.268049
0.288659
0.392228
0.297778
0.329750
0.365418
0.261051
0.242760
0.236731
0.298543
0.207403
0.236084
0.347924
0.305430
0.366070
0.301243
0.323833
0.318769
0.450169
0.410411
0.378971
0.378083
0.356274
0.275887
0.417070
0.405056
0.343432
0.397529
0.478881
0.551652
0.496295
0.490523
0.579191
0.579417
0.606493
0.470584
0.591108
0.652998
0.526665
0.467626
0.575211
0.518082
0.470899
0.511847
0.572422
0.641138
0.525430
0.551409
0.628176
0.547380
0.602180
0.603000
0.456761
0.644435
0.568302
0.526390
0.563860
0.564318
0.567731
0.502636
0.684684
0.628008
0.584036
0.583898
0.553092
0.579893
0.596781
0.507859
0.568242
0.587019
0.537561
0.602463
0.581861
0.485656
0.551013
0.517857
0.579962
0.485347
0.416239
0.466733
0.411232
0.443750
0.461029
0.594839
0.528556
0.532764
0.443445
0.520391
0.525209
0.497947
0.460997
0.407698
0.250550
