0.561967
0.255169
0.028750
0.128460
0.072868
0.152981
0.036711
0.034763
0.199642
0.195863
0.201718
0.092897
0.145066
0.122644
0.137085
0.128530
0.046116
0.232926
0.164648
0.125718
0.122280
0.174419
0.220071
0.174469
0.213091
0.139670
0.067718
0.200976
0.200253
0.197291
0.172543
0.307491
0.257678
0.349932
0.267917
0.285958
0.281594
0.351262
0.352391
0.254377
0.403700
0.319391
0.341887
0.335240
0.300687
0.321674
0.374990
0.536279
0.485547
0.530895
0.443196
0.420967
0.461735
0.463378
0.451075
0.443916
0.525021
0.414233
0.357944
0.445850
0.447168
0.430802
0.449820
0.423982
0.428615
0.449471
0.417734
0.399671
0.480907
0.466183
0.453350
0.477203
0.579636
0.480007
0.458754
0.538092
0.545684
0.461957
0.511436
0.547750
0.508461
0.568280
0.498526
0.440202
0.533363
0.507234
0.547688
0.573435
0.569443
0.553340
0.388733
0.587927
0.564019
0.493643
0.518318
0.575201
0.426040
0.401437
0.501987
0.538236
0.478487
0.473747
0.559731
0.478897
0.407433
0.410447
0.493254
0.460093
0.469223
0.450732
0.508256
0.498741
0.411500
0.489566
0.474996
0.453522
0.443029
0.442218
0.382770
0.504788
0.518127
0.463425
0.553246
0.434380
0.380950
0.379551
0.543075
0.506207
0.398436
0.499377
0.451536
0.435754
0.489691
0.521504
0.569597
0.500183
0.526128
0.493031
0.590829
0.500941
0.437328
0.562860
0.512846
0.458307
0.522667
0.501149
0.421886
0.442343
0.488541
0.502331
0.496246
0.511516
0.592603
0.470358
0.505606
0.487481
0.485931
0.573115
0.550756
0.628078
0.595646
0.505122
0.474253
0.436406
0.392646
0.497847
0.487024
0.437742
0.469389
0.440099
0.466077
0.460576
0.495741
0.392052
0.452724
0.398610
0.315852
0.417267
0.363987
0.380835
0.356399
0.439403
0.463055
0.379954
0.438325
0.335172
0.328833
0.383967
0.383913
0.391927
0.385812
0.361276
0.417842
0.284924
0.367398
0.431956
0.378122
0.321898
0.331228
0.291783
0.361377
0.312405
0.277642
0.301830
0.333328
0.310776
0.350314
0.408629
0.460051
0.322384
0.316752
0.335639
0.253611
0.319276
0.290922
0.302823
0.255389
0.184807
0.212093
0.246822
0.211527
0.229685
0.271171
0.188112
0.310302
0.156654
0.110797
0.128273
0.123719
0.270067
0.108286
0.087891
0.290313
0.139460
0.131018
0.119446
0.055360
0.021835
0.077014
0.189967
0.066118
0.126443
0.081372
0.090745
0.038520
0.137210
0.110174
0.101229
0.155899
0.048727
-0.004234
0.092717
0.074795
0.042542
0.000394
0.109640
0.083615
0.072928
0.035537
0.078438
0.098414
0.081268
0.085481
0.114447
0.035312
0.008689
-0.018380
0.031224
0.151912
0.040895
0.073795
0.120677
0.185372
0.077312
0.045351
0.053437
0.037177
0.096999
0.073219
0.156595
0.146502
-0.002881
0.035806
0.083552
0.041389
0.068567
0.091845
0.067905
0.055712
0.106273
0.050210
0.059618
0.049973
0.113535
0.141610
0.094372
0.042933
0.095124
0.008002
0.028751
0.049597
0.007845
0.114761
0.066499
0.113505
0.082661
-0.020179
0.072469
0.078600
0.057113
0.081374
0.086041
0.116105
0.087778
-0.001606
0.036540
0.033883
0.019804
0.049325
0.029103
0.134461
0.066774
-0.042724
0.068430
0.074748
-0.012285
0.041507
0.053758
0.146380
0.020810
0.047576
-0.013622
-0.008458
0.022367
0.028102
0.086399
-0.012112
0.093773
0.029056
0.044672
0.057892
0.023989
0.016796
0.120490
0.035423
0.010851
0.033568
-0.023877
0.000694
-0.006220
0.058095
0.022185
0.146237
0.056763
-0.053335
0.000754
-0.003346
0.079606
0.019657
0.105963
0.113937
0.021392
0.015112
0.059496
0.072400
-0.020777
0.006908
0.055163
0.095447
0.065026
-0.006755
0.040448
0.049636
0.117963
0.130365
0.089764
0.051564
0.046132
0.003719
0.039336
0.062752
-0.004074
0.034403
0.100681
0.035054
0.128183
0.043126
0.037363
0.041372
0.062923
0.043703
0.132839
0.064542
0.022657
0.051175
-0.023284
0.076784
0.076757
0.062401
0.133697
0.101195
0.110952
0.045444
0.017786
0.072630
0.086735
0.112228
0.103782
0.070064
0.080194
0.045468
0.025960
0.075854
0.069783
0.051655
0.110942
-0.006729
0.048067
0.041279
0.047016
0.051941
0.114893
0.014327
0.139811
0.079224
0.066210
0.063700
0.096790
0.050916
0.029774
-0.024914
0.049457
0.095380
0.121922
0.038038
0.084765
0.107118
0.136877
0.121971
0.090882
0.115462
0.089994
0.072780
0.136021
0.137307
0.109602
0.176896
0.255748
0.174564
0.261494
0.202692
0.124887
0.164011
0.167066
0.163828
0.279725
0.189385
0.199966
0.286553
0.191438
0.182821
0.151750
0.255382
0.264070
0.223233
0.282775
0.134775
0.238128
0.200832
0.232445
0.182761
0.232037
0.112643
0.190426
0.185170
0.183248
0.195223
0.141246
0.187172
0.182550
0.140515
0.188018
0.197635
0.201081
0.132971
0.194612
0.249066
0.200235
0.131839
0.062094
0.215366
0.214661
0.130388
0.158696
0.155517
0.255049
0.213433
0.224385
0.216105
0.219228
0.173670
0.326636
0.281306
0.239066
0.317165
0.222524
0.210984
0.292203
0.220883
0.199450
0.234214
0.365128
0.210214
0.372759
0.313995
0.309591
0.248478
0.303348
0.275212
0.259440
0.282355
0.280131
0.291983
0.253592
0.294068
0.204483
0.279982
0.293850
0.349030
0.333365
0.270751
0.210110
0.338847
0.348898
0.236123
0.319126
0.365563
0.279604
0.372975
0.161394
0.216786
0.263648
0.374033
0.298989
0.342798
0.313748
0.255863
0.251921
0.289066
0.301799
0.199361
0.242296
0.399221
0.332269
0.265415
0.236859
0.271328
0.286366
0.266440
0.331814
0.272600
0.247251
0.225362
0.288643
0.226283
0.260021
0.232908
0.294554
0.333635
0.193360
0.194839
0.194398
0.178080
0.271036
0.265624
0.192460
0.265250
0.265684
0.181640
0.205632
0.262679
0.276986
0.281833
0.314848
0.311192
0.192162
0.177094
0.263087
0.120603
0.196234
0.247838
0.345050
0.282859
0.315808
0.305617
0.279707
0.279848
0.344238
0.231981
0.306173
0.381694
0.149049
0.142321
0.227908
0.212577
0.201404
0.274109
0.294356
0.278878
0.268709
0.255607
0.191661
0.296020
0.289097
0.137122
0.240483
0.314455
0.203252
0.229124
0.236798
0.157746
0.147542
0.201980
0.186113
0.230529
0.304043
0.207165
0.217456
0.340611
0.312258
0.188097
0.248950
0.410555
0.254441
0.256521
0.256696
0.326036
0.229184
0.327605
0.377899
0.357211
0.282991
0.289443
0.249114
0.226982
0.271348
0.230180
0.286700
0.327751
0.319788
0.334423
0.240287
0.230886
0.288416
0.321490
0.284778
0.212726
0.264038
0.223067
0.249157
0.173021
0.167796
0.166806
0.186809
0.197822
0.213573
0.171857
0.181062
0.161655
0.161830
0.073150
0.063185
0.253111
0.212803
0.094100
0.114977
0.225024
0.209095
0.105440
0.169966
0.259294
0.249114
0.170847
0.099843
0.093926
0.150371
0.194636
0.234728
0.338342
0.218470
0.069499
0.178577
0.151753
0.274192
0.113464
0.161212
0.203773
0.216176
0.192286
0.212100
0.157440
0.189860
0.179809
0.274893
0.259096
0.230383
0.201221
0.205785
0.105351
0.175068
0.183120
0.172028
0.142784
0.163718
0.089755
0.170762
0.087694
0.102257
0.112429
0.192189
0.091750
0.109792
0.042078
0.073478
0.091430
0.163669
0.078842
0.135948
0.147871
0.039204
0.056848
0.090360
0.114539
-0.019840
0.016494
0.078037
0.035180
0.093268
0.021188
0.094279
0.109412
0.096427
0.051301
0.115020
0.007244
0.067687
0.025294
0.063919
0.126598
0.003377
0.063464
0.141883
0.083601
0.047725
0.021515
0.088435
0.103369
0.079588
0.054116
0.130044
0.093824
0.060838
0.026212
0.125893
0.034273
0.095019
-0.031803
0.156788
0.092388
0.161556
0.164991
0.129103
0.027342
0.142724
0.058391
0.082605
0.138769
0.124198
0.101827
0.069033
0.118900
0.077647
0.091540
0.138842
0.145725
0.135413
0.099485
0.076618
0.101171
0.087395
0.114763
0.161177
0.077449
0.057401
0.036689
0.106383
0.083817
0.048900
0.034126
0.109923
0.023336
0.132486
0.056243
0.029689
0.097118
0.058874
-0.019213
0.098771
0.120988
0.047636
0.094238
0.052018
-0.024602
0.053601
0.045514
0.065792
0.024090
0.087958
0.036660
0.002562
0.017027
-0.000152
0.038818
0.098830
0.047338
0.013552
0.034855
-0.010176
-0.009992
0.046246
0.021366
0.041631
0.073337
0.036047
-0.021897
0.056801
0.018738
0.036110
-0.006239
0.075592
0.020923
0.006405
0.066544
0.004709
-0.055047
-0.021332
-0.013826
0.095567
-0.008448
0.059825
-0.008360
0.032487
-0.039343
0.026565
0.054121
0.126929
-0.045320
0.026065
0.004238
-0.045145
0.021151
-0.023053
0.012064
0.079582
-0.003886
0.010199
-0.000164
0.022351
0.049455
-0.012905
0.028532
0.128288
-0.017166
0.011089
0.019736
-0.050889
-0.027915
0.014801
-0.005487
0.054791
0.014028
0.030304
-0.044340
-0.002195
0.017844
0.006174
-0.006808
0.076938
0.031941
0.010863
0.005788
0.020910
-0.008166
-0.002033
0.000179
0.051242
0.031759
0.046710
-0.013494
0.025226
0.010409
0.054076
0.026048
0.118423
0.021940
-0.001227
-0.018585
-0.015850
0.046737
0.046080
0.000107
0.057825
0.044372
0.048997
0.087699
0.061019
-0.014548
0.027128
0.031701
0.123361
0.031160
0.028423
0.043241
0.010260
0.014990
0.007032
0.076552
0.081902
0.062922
0.047993
0.009112
0.039387
0.055289
-0.018588
-0.005323
0.119728
0.029353
0.058986
0.096160
0.068785
0.010311
0.034374
0.034357
0.059783
0.141935
0.091145
0.036601
0.043703
0.052790
0.140168
0.056512
0.072604
0.112621
0.069833
0.068972
0.036318
0.128831
0.070253
0.021821
0.086460
0.160680
0.085423
0.030521
0.070671
0.092566
0.135438
0.052656
0.102935
0.134938
0.043719
0.066846
0.115280
0.080447
0.015221
0.114787
0.103317
0.175027
0.067948
0.032083
0.102672
0.084365
0.123105
0.040610
0.185396
0.091066
0.039925
0.089755
0.097444
0.090697
0.077123
0.069532
0.163111
0.130957
0.108495
0.080034
0.098456
0.104470
0.129451
0.149446
0.166413
0.125363
0.055221
0.156732
0.124891
0.124143
0.066495
0.087373
0.147181
0.155120
0.196257
0.108670
0.127185
0.086886
0.173860
0.183090
0.163111
0.320627
0.067353
0.112197
0.217898
0.140249
0.243218
0.240880
0.256708
