0.525112
0.330091
0.162003
0.304134
0.206962
0.241408
0.113086
0.174265
0.182230
0.149618
0.172851
0.123497
0.170988
0.133400
0.102313
0.167560
0.238336
0.172426
0.089801
0.124248
0.112237
0.260243
0.117054
0.128361
0.206097
0.157004
0.192129
0.225456
0.065936
0.240826
0.214495
0.215123
0.275648
0.291430
0.204320
0.136664
0.208973
0.250014
0.293672
0.268142
0.275044
0.156881
0.141878
0.234859
0.241090
0.218771
0.236268
0.235032
0.158732
0.209893
0.159392
0.215080
0.168790
0.274821
0.200804
0.246633
0.228929
0.168788
0.247026
0.178035
0.274477
0.222370
0.246728
0.296925
0.141324
0.176067
0.173146
0.251798
0.206197
0.241934
0.197541
0.256655
0.198797
0.187444
0.133760
0.100693
0.213200
0.117129
0.122968
0.123652
0.165517
0.257153
0.098973
0.174599
0.199685
0.213172
0.107105
0.191765
0.250623
0.091603
0.198956
0.242421
0.116739
0.210566
0.220650
0.360493
0.284537
0.296724
0.239206
0.194857
0.198162
0.220537
0.228732
0.243117
0.275717
0.178563
0.260745
0.237650
0.225201
0.184426
0.248345
0.260606
0.148052
0.302690
0.176433
0.210000
0.181623
0.262414
0.154803
0.184491
0.268953
0.176477
0.198319
0.199055
0.123119
0.120493
0.144588
0.160982
0.139281
0.169415
0.075337
0.081726
0.080665
0.163795
0.003270
0.114109
0.179292
0.077942
-0.006507
0.057979
0.099243
0.082399
0.075173
0.076425
0.167962
0.123765
0.035088
0.087779
0.047261
0.042023
0.040487
0.131643
0.164349
-0.012216
0.174490
0.091812
0.029546
0.052335
0.027049
0.102651
0.111106
-0.019815
0.011019
0.055224
0.037642
0.073050
0.011814
0.104426
0.149578
0.034324
-0.089250
0.078174
0.111738
0.016852
0.010347
0.080700
0.093032
0.126458
0.058692
0.013160
0.070716
0.066824
0.020906
0.135650
0.063569
0.020119
-0.005842
0.030308
0.126247
0.006444
0.049852
0.048549
0.065119
0.077583
-0.027839
-0.014482
0.100439
0.049784
-0.016385
0.093312
0.115127
0.125744
0.070899
-0.001324
0.000281
0.002369
0.039251
0.035874
0.113281
0.081081
-0.036669
0.037410
0.036915
0.044837
0.077148
0.119776
0.074541
0.029235
0.036623
0.020287
0.065394
-0.021319
0.000593
0.069929
-0.026283
0.102041
0.075425
0.045494
-0.031128
-0.006641
0.059429
0.077978
-0.002649
0.048883
-0.012275
0.042306
0.031934
-0.020206
0.062253
0.086780
0.009552
0.027371
0.017601
0.025809
0.032555
0.047991
-0.060947
0.106844
0.047933
0.016125
-0.000452
0.090891
0.037474
0.013741
-0.001640
0.096699
0.017303
0.097615
0.025489
0.026763
0.017918
0.097035
0.045651
0.156330
0.058641
0.067588
0.065068
0.080285
0.087586
0.022012
0.092423
0.125698
0.031404
0.121712
0.055697
0.065230
0.139607
0.088584
0.080085
0.147207
0.182694
0.069695
0.106660
0.167791
0.084504
0.115616
0.130683
0.165105
0.236683
0.169894
0.140755
0.084940
0.151736
0.173608
0.118843
0.210311
0.146075
0.120503
0.110193
0.193499
0.118111
0.108557
0.210689
0.192096
0.146174
0.207696
0.138437
0.112352
0.179965
0.220139
0.153997
0.247177
0.244132
0.082062
0.211763
0.226468
0.221563
0.191544
0.268695
0.228437
0.245733
0.239419
0.238584
0.291498
0.338729
0.379439
0.246550
0.251452
0.423600
0.311702
0.208104
0.235044
0.271530
0.279825
0.308554
0.353044
0.260984
0.245583
0.261353
0.349266
0.344288
0.356474
0.271331
0.316349
0.330555
0.210648
0.308043
0.246359
0.269675
0.316911
0.332289
0.375282
0.305499
0.369327
0.272320
0.289137
0.251646
0.296809
0.263363
0.289444
0.283533
0.315858
0.332162
0.241386
0.235812
0.344076
0.279025
0.187869
0.363407
0.319321
0.297309
0.341511
0.324038
0.419907
0.234373
0.330765
0.482800
0.298265
0.245535
0.287583
0.286765
0.235321
0.200154
0.315915
0.352148
0.306618
0.248716
0.266781
0.335442
0.360315
0.372038
0.208515
0.298612
0.271130
0.309919
0.264067
0.283047
0.277412
0.307775
0.346851
0.349609
0.365739
0.278929
0.286595
0.206978
0.243356
0.206370
0.358517
0.245398
0.223926
0.331343
0.255341
0.197317
0.177069
0.217898
0.239433
0.148399
0.210963
0.118485
0.181405
0.114501
0.168287
0.256369
0.189684
0.216020
0.194726
0.118246
0.222873
0.201238
0.145256
0.207785
0.182131
0.125497
0.134342
0.154329
0.087389
0.113891
0.217291
0.146872
0.184762
0.173261
0.143405
0.038328
0.194975
0.160513
0.038191
0.108258
0.148521
0.238436
0.147887
0.109825
0.153734
0.179015
0.177195
0.255137
0.131712
0.198381
0.182155
0.173311
0.202948
0.153707
0.150101
0.116061
0.210601
0.179163
0.167434
0.214977
0.121944
0.181295
0.179792
0.148450
0.164804
0.222048
0.183233
0.166548
0.101857
0.088691
0.099255
0.154153
0.197662
0.150693
0.142161
0.114099
0.164182
0.090348
0.197017
0.178857
0.114677
0.204890
0.118220
0.190229
0.124857
0.099040
0.107988
0.177052
0.213618
0.079055
0.189719
0.150764
0.129921
0.137873
0.220891
0.183381
0.102166
0.125683
0.174680
0.195820
0.129522
0.142132
0.098007
0.140060
0.223418
0.137128
0.210745
0.212060
0.144272
0.098895
0.210876
0.116782
0.148970
0.266951
0.148500
0.114320
0.200671
0.100242
0.094894
0.116295
0.199949
0.117294
0.167040
0.158134
0.129502
0.128549
0.165148
0.097510
0.195199
0.124151
0.084147
0.067005
0.107832
0.153536
0.058186
0.093400
0.085141
0.138957
0.125667
0.146762
0.130100
0.127771
0.161467
0.307074
0.187756
0.159846
0.150603
0.158295
0.195745
0.227605
0.192235
0.217129
0.273534
0.318114
0.267832
0.253693
0.187889
0.245312
0.342044
0.251779
0.198432
0.352762
0.226189
0.210431
0.177523
0.222408
0.180654
0.177215
0.308695
0.234319
0.293942
0.230797
0.210867
0.232447
0.285241
0.230292
0.218187
0.260685
0.219318
0.260579
0.192111
0.145448
0.188143
0.177154
0.273856
0.224716
0.255461
0.237331
0.224907
0.253878
0.239806
0.130131
0.238505
0.225781
0.162597
0.137325
0.169495
0.173594
0.142562
0.187352
0.191064
0.208952
0.226726
0.131987
0.145461
0.248854
0.191173
0.137997
0.153565
0.346100
0.181691
0.228689
0.204547
0.243984
0.111701
0.138883
0.272970
0.243174
0.332950
0.175931
0.087419
0.252065
0.261271
0.180262
0.263097
0.159450
0.182838
0.151442
0.121717
0.130727
0.170336
0.155170
0.116044
0.210454
0.140496
0.113142
0.120614
0.202459
0.214971
0.299615
0.154609
0.296769
0.239442
0.149100
0.195239
0.138066
0.203741
0.159080
0.194523
0.294012
0.245618
0.172539
0.311821
0.277500
0.332573
0.333662
0.332719
0.358930
0.236940
0.312450
0.268669
0.185417
0.216784
0.311585
0.343636
0.266454
0.291085
0.273567
0.321757
0.294477
0.342140
0.334696
0.342326
0.335470
0.299622
0.221879
0.283313
0.321002
0.205296
0.209342
0.348048
0.246839
0.292796
0.320952
0.228230
0.446832
0.308572
0.295224
0.261480
0.229139
0.308376
0.261307
0.190341
0.261517
0.212170
0.221694
0.262206
0.330040
0.299184
0.258986
0.151849
0.344563
0.421821
0.340559
0.363947
0.455126
0.325520
0.303146
0.376832
0.374306
0.281963
0.385104
0.486115
0.371564
0.514332
0.511844
0.432670
0.409271
0.443752
0.385856
0.436028
0.517741
0.487907
0.518055
0.441824
0.467559
0.511390
0.469985
0.554788
0.536379
0.515822
0.602588
0.577155
0.545652
0.526500
0.509812
0.523437
0.477879
0.554599
0.550729
0.599478
0.521523
0.566902
0.568311
0.581931
0.647458
0.611505
0.576366
0.582746
0.531776
0.631126
0.583825
0.634333
0.622760
0.633294
0.579519
0.614496
0.642736
0.638357
0.642552
0.592033
0.543028
0.620788
0.603329
0.629191
0.620495
0.653768
0.622270
0.651283
0.751679
0.642041
0.612047
0.679487
0.668915
0.655068
0.688170
0.645106
0.655653
0.670546
0.611524
0.672326
0.674606
0.709671
0.665783
0.689555
0.805842
0.727145
0.560492
0.652950
0.649069
0.642257
0.687460
0.723844
0.630871
0.698900
0.727075
0.764132
0.687622
0.701116
0.587290
0.652238
0.778470
0.728884
0.718323
0.693924
0.725734
0.716143
0.670373
0.741286
0.757286
0.697654
0.707107
0.737312
0.720003
0.679520
0.609102
0.678552
0.699230
0.641445
0.594204
0.707517
0.647652
0.636750
0.659735
0.720816
0.624218
0.622611
0.685913
0.665031
0.654350
0.587322
0.546642
0.603458
0.567672
0.521305
0.620851
0.520624
0.560472
0.606080
0.584480
0.542929
0.590125
0.587207
0.541190
0.561408
0.634335
0.617146
0.648689
0.583966
0.691559
0.634024
0.476902
0.575300
0.622674
0.547677
0.606560
0.600618
0.663623
0.572157
0.564405
0.608855
0.676732
0.650297
0.670242
0.634083
0.608402
0.581249
0.598541
0.582216
0.515039
0.626715
0.651868
0.671259
0.641970
0.589973
0.617917
0.610016
0.543748
0.641750
0.594545
0.554197
0.618095
0.590405
0.519731
0.518667
0.532807
0.608701
0.604309
0.544186
0.517130
0.476681
0.507635
0.483328
0.509007
0.572195
0.411606
0.552357
0.595469
0.489993
0.411826
0.489153
0.466729
0.519178
0.563158
0.591222
0.555448
0.543353
0.524724
0.539509
0.529734
0.540049
0.462904
0.542093
0.532343
0.531902
0.629129
0.469295
0.494410
0.461143
0.516537
0.459295
0.427165
0.442281
0.365437
0.432466
0.426378
0.360475
0.385570
0.332061
0.397881
0.290935
0.354264
0.303507
0.349337
0.351432
0.329095
0.373384
0.323033
0.253407
0.222899
0.278310
0.189073
0.234808
0.340210
0.223641
0.235112
0.120948
0.220559
0.232869
0.129544
0.164132
0.213920
0.238114
0.186813
0.198066
0.152454
0.237200
0.161567
0.176955
0.056776
0.226239
0.209883
0.132725
0.111316
0.189985
0.158275
0.117106
0.155328
0.099780
0.293577
0.199703
0.144479
0.140905
0.166712
0.249151
0.230806
0.146752
0.235430
0.147179
0.100519
0.199176
0.160118
0.148213
0.125986
0.123398
0.220874
0.219208
0.162311
0.232097
0.168680
0.259354
0.280094
0.209508
0.153522
0.177923
0.164959
0.148763
0.168295
0.225005
0.174141
0.225305
0.353691
0.245181
0.132574
0.184741
0.161926
0.248814
0.250396
0.074893
0.393753
0.138878
0.117848
0.313431
0.229944
0.279531
0.265693
0.250589
