0.528535
0.360863
0.139501
0.254703
0.153974
0.209911
0.095260
0.129170
0.273823
0.100026
0.116469
0.149698
0.155080
0.095568
0.194452
0.167996
0.126817
0.196447
0.075264
0.104391
0.115071
0.209935
0.134667
0.188694
0.140923
0.154128
0.200621
0.111715
0.120397
0.147137
0.209605
0.226384
0.203034
0.183807
0.122640
0.189145
0.113089
0.209019
0.105279
0.177112
0.186513
0.084347
0.149816
0.102935
0.108614
0.052590
0.108694
0.107149
0.134442
0.117929
0.042324
0.085256
0.083800
0.063307
0.153675
0.138184
0.123155
0.122394
0.065225
0.066321
0.030139
0.059404
0.064446
0.093076
0.091227
0.029686
-0.002433
0.019782
0.026567
0.072891
0.028634
0.173212
0.017749
0.008834
0.065411
0.045113
-0.007408
0.025796
0.037470
0.102216
0.045923
0.094530
0.028486
0.054256
0.080396
0.060427
0.003897
0.162516
0.055238
0.028194
0.024596
0.036036
-0.025777
-0.034572
0.122888
0.091152
0.044968
0.131535
-0.021551
0.021445
0.012993
0.087036
0.075917
0.112674
0.051500
0.019801
0.012614
0.056150
0.028025
-0.040105
0.082395
0.075567
0.042549
0.143491
-0.002351
0.044972
0.018901
0.105258
0.073545
0.113112
0.013906
0.069110
0.009499
0.041869
0.039227
0.019509
0.086746
0.089363
0.024007
0.137980
0.011474
0.080315
0.072498
0.033114
-0.051907
0.093005
0.056538
0.064547
0.037229
0.049398
-0.005080
0.000333
-0.026045
0.058135
0.052066
0.092046
0.025453
0.064173
-0.010739
0.000576
0.054163
0.075565
0.028756
0.018951
0.055459
0.031312
0.060037
0.009317
0.065568
0.050295
0.051039
0.058858
-0.009049
0.063322
0.086342
0.046260
0.081485
0.156797
0.004006
0.042094
0.088077
0.035827
0.020019
0.036488
0.053018
0.069726
0.121787
0.121891
0.009339
0.052779
0.127047
0.087719
0.070370
0.163156
0.125110
0.051597
0.032661
0.064775
0.157149
0.102117
0.046511
0.183332
0.131813
0.236893
0.071739
0.101202
0.213345
0.136215
0.156662
0.185657
0.183025
0.157132
0.220659
0.152155
0.110965
0.180512
0.144889
0.186309
0.224806
0.110137
0.057751
0.128854
0.096983
0.159114
0.151344
0.167509
0.221418
0.178076
0.179104
0.213728
0.117533
0.126223
0.167295
0.159264
0.152650
0.202030
0.142664
0.098979
0.112614
0.061357
0.036678
0.139234
0.048417
0.162460
0.070744
0.100666
0.078781
0.050340
0.137329
0.117885
0.032933
0.121401
0.075945
0.007874
-0.001823
0.085975
0.026162
0.087505
0.082293
0.097863
0.073730
0.073211
0.049863
0.042028
0.007201
0.061120
0.058822
0.097593
0.052108
0.034151
0.066541
0.065705
0.086094
0.099713
0.106211
0.040237
0.114750
0.069902
0.106218
0.048499
0.063229
0.168414
0.064733
0.148334
0.100180
0.104771
0.098065
0.172785
0.042593
0.137384
0.184087
0.072864
0.065983
0.114594
0.118282
0.027416
0.127092
0.106365
0.098034
0.094710
0.068321
0.039379
0.081363
0.100739
-0.019427
0.103669
0.115845
0.012205
0.023782
0.079405
0.052884
0.006290
0.035590
0.098127
0.093532
0.099906
0.023237
0.018345
0.022216
0.086583
-0.004949
0.118231
0.078272
-0.021293
0.046631
0.025532
0.007187
0.030320
0.041636
0.080606
0.082219
0.090710
0.011739
0.018934
-0.009488
0.059692
0.006909
0.165688
0.057769
0.021468
0.016419
0.030912
0.057133
-0.021691
0.101070
0.068321
0.088288
0.079063
-0.012972
0.054611
-0.053713
0.068907
0.052763
0.084085
0.137204
0.029954
-0.030778
0.128147
0.044706
-0.039671
0.070990
0.058478
-0.012380
0.039988
0.020278
0.061316
0.036626
0.003553
-0.041966
0.068799
0.076965
0.054775
0.020718
0.004410
-0.005948
0.023383
0.017043
0.065985
0.083185
0.060339
-0.012958
0.038959
0.017638
0.033513
0.060446
0.049431
0.063758
0.101639
0.023460
0.030809
0.042966
-0.018147
-0.001876
0.068764
0.020729
0.101321
0.022366
0.004684
0.042144
0.024330
0.038318
0.106861
0.042638
0.021758
-0.018462
0.027578
0.074135
-0.035242
0.023119
0.060391
0.035126
0.115876
-0.053839
0.044878
0.025892
0.028921
-0.000595
0.080967
0.014674
0.063424
0.064924
0.044651
-0.018906
-0.022162
0.009945
0.062487
0.008350
0.054364
-0.010383
0.093309
-0.004083
0.001040
0.035862
0.074805
0.071426
-0.000205
-0.047916
-0.045939
0.046698
0.045378
0.041142
0.082356
0.047545
0.033832
-0.069647
0.010185
0.008322
0.059065
0.094910
0.140294
0.007910
0.013622
-0.019959
0.061780
0.087768
-0.013068
0.024079
0.052825
0.078766
0.028162
-0.013893
0.062260
0.027911
-0.040856
0.019691
0.071565
-0.000660
0.035832
0.065701
0.049065
-0.097351
0.044552
0.039499
0.087316
-0.017967
0.061731
-0.005673
-0.002967
0.010105
-0.009318
0.000944
0.164618
-0.045327
0.020028
-0.011977
0.004018
0.075876
-0.033079
0.028368
0.033237
0.038867
0.068211
0.053503
-0.010127
-0.022339
0.125065
0.044794
0.111090
0.065714
0.011889
-0.009114
0.035420
0.068903
-0.026941
0.051223
0.058652
0.016912
0.053406
0.005612
0.048972
0.067650
0.010589
-0.000835
0.110957
0.044140
0.086924
0.064910
0.005127
0.040870
0.024174
0.078651
0.094888
0.175449
0.057067
-0.000803
0.032006
0.095974
0.088352
0.061015
0.099327
0.089881
0.077268
0.024633
0.064280
0.089702
0.026954
0.029430
0.086951
0.078488
0.077087
0.099037
0.077638
0.022110
0.091714
-0.003464
0.131219
0.084876
-0.001855
0.034340
0.049205
0.119217
0.100703
0.052862
0.047195
0.141416
0.070294
0.058664
0.085491
0.025462
0.002211
0.115807
0.112291
0.073735
0.021323
0.024385
0.084221
0.039798
0.031472
0.113403
0.126945
0.122493
0.165538
0.104370
0.020386
0.063194
0.143182
0.060767
0.078155
0.172824
0.133747
0.054941
0.055415
0.082766
0.107218
0.035733
0.143147
0.089395
0.180730
0.106584
0.050622
0.176661
0.112477
0.003499
0.160119
0.161747
0.041899
0.187056
0.084357
0.093544
0.065462
0.178971
0.148181
0.076881
0.135992
0.070107
0.169472
0.096420
0.090472
0.111943
0.111483
0.203495
0.050470
0.142303
0.093137
0.063279
0.060397
0.073820
0.127455
0.114401
0.119736
0.035828
0.124372
0.170727
0.167037
0.140115
0.134488
0.164809
0.099616
0.067245
0.053583
0.115142
0.114427
0.079214
0.143016
0.108249
0.154050
0.124095
0.144644
0.190536
0.253329
0.193647
0.211543
0.288381
0.186325
0.148288
0.198584
0.115289
0.161838
0.248814
0.295725
0.196112
0.251834
0.243968
0.271287
0.133135
0.277589
0.252064
0.186977
0.306767
0.202607
0.241973
0.274868
0.263474
0.204386
0.279418
0.251562
0.252187
0.139068
0.108378
0.263433
0.154861
0.179456
0.265605
0.229888
0.244690
0.178667
0.160460
0.232517
0.121842
0.143914
0.222470
0.167189
0.144738
0.168314
0.078614
0.140182
0.115516
0.213746
0.142403
0.167730
0.190737
0.066304
0.088563
0.120283
0.117351
0.093989
0.187464
0.164324
0.082829
0.111677
0.078836
0.127120
0.080914
0.168752
0.082234
0.103262
0.138505
0.146552
0.172859
0.173172
0.035159
0.075138
0.026784
0.105459
0.129144
0.282222
0.172600
0.157288
0.254454
0.194933
0.259304
0.141607
0.266166
0.163894
0.235585
0.281668
0.259372
0.147271
0.279651
0.272773
0.368564
0.297049
0.230214
0.290773
0.289564
0.404595
0.290216
0.257958
0.461295
0.377922
0.386701
0.338998
0.401579
0.353872
0.376338
0.527531
0.443563
0.471027
0.412908
0.358658
0.357132
0.457714
0.403351
0.375415
0.432756
0.281906
0.412789
0.374436
0.259134
0.250354
0.333297
0.293195
0.255286
0.324349
0.299824
0.222647
0.299731
0.208241
0.166769
0.217630
0.176791
0.183625
0.243857
0.212002
0.235553
0.198183
0.245559
0.237410
0.207725
0.278448
0.217199
0.294029
0.213217
0.282045
0.136794
0.246561
0.262840
0.218729
0.263927
0.210989
0.175898
0.208934
0.208479
0.243791
0.225458
0.396049
0.246423
0.260264
0.369318
0.374628
0.275432
0.293017
0.404936
0.283096
0.366770
0.284890
0.205412
0.296084
0.266818
0.312315
0.365138
0.289584
0.283343
0.330486
0.319633
0.387225
0.358473
0.239144
0.363610
0.221547
0.272174
0.262017
0.317890
0.227213
0.276510
0.372080
0.340222
0.295874
0.279003
0.313527
0.323515
0.464182
0.387196
0.399387
0.433809
0.290397
0.271000
0.348431
0.343096
0.306049
0.359696
0.447577
0.349769
0.370017
0.393906
0.402969
0.409075
0.344394
0.321189
0.391065
0.364161
0.344411
0.371922
0.356955
0.322226
0.315622
0.446792
0.443727
0.420927
0.402616
0.399218
0.354639
0.368755
0.334775
0.305947
0.449309
0.386068
0.341052
0.346641
0.256530
0.277872
0.357764
0.361869
0.386758
0.345649
0.295201
0.326925
0.371280
0.296272
0.424077
0.415678
0.344275
0.394445
0.347955
0.324438
0.414549
0.321010
0.312129
0.388309
0.423211
0.416063
0.413567
0.389509
0.420498
0.313243
0.390769
0.420888
0.449444
0.496722
0.383530
0.418865
0.406196
0.301339
0.363267
0.410495
0.456067
0.408602
0.381503
0.411909
0.412722
0.343677
0.425397
0.369273
0.382465
0.409126
0.372488
0.339597
0.428381
0.385952
0.296647
0.345493
0.407695
0.296623
0.377785
0.250409
0.365211
0.255653
0.332131
0.373565
0.297944
0.258926
0.282495
0.270888
0.243355
0.349361
0.227032
0.291355
0.284833
0.307899
0.270828
0.272705
0.241709
0.367979
0.236355
0.283531
0.278809
0.381596
0.166865
0.274477
0.183433
0.105169
0.212932
0.254785
0.185213
0.194958
0.213971
0.080469
0.188119
0.138130
0.182669
0.200097
0.168741
0.187503
0.174770
0.019895
0.111299
0.082344
0.088111
0.145468
0.164035
0.092556
0.138198
0.032615
0.115319
0.069487
0.102559
0.129560
0.125623
0.164012
0.057436
0.088101
0.063476
0.118959
0.079142
-0.001521
0.117119
0.142322
0.120317
0.056701
0.062425
0.082694
0.066464
0.065555
0.097956
0.102426
0.046426
0.019204
0.045436
0.083671
0.015754
0.031270
0.119837
0.036851
0.075716
0.002712
0.056642
0.083754
-0.002819
0.022997
0.161697
0.031960
-0.036634
-0.033585
0.038264
0.090040
-0.010347
0.058040
0.090279
0.005266
0.120904
0.060761
0.030535
0.021354
0.068166
0.056252
-0.008132
0.090990
-0.053070
-0.080289
0.128053
-0.032361
0.127221
0.153233
0.245028
