0.628545
0.604134
0.542131
0.727656
0.702813
0.727244
0.633084
0.651864
0.747456
0.629455
0.589134
0.649463
0.603251
0.676482
0.698097
0.724628
0.669614
0.658948
0.696514
0.651728
0.648110
0.621796
0.612199
0.571925
0.711152
0.626743
0.558275
0.653604
0.555890
0.569643
0.557954
0.590822
0.515590
0.606986
0.611547
0.606063
0.639313
0.610122
0.561854
0.572199
0.610682
0.525025
0.530505
0.540399
0.535399
0.571124
0.515965
0.613578
0.503789
0.549874
0.536205
0.620103
0.542972
0.534604
0.498775
0.545553
0.552372
0.507557
0.496974
0.527186
0.527991
0.574926
0.547391
0.529333
0.620777
0.415245
0.442530
0.495907
0.487334
0.601122
0.453810
0.413196
0.505525
0.450990
0.447157
0.364011
0.388591
0.338673
0.354732
0.409921
0.333668
0.391406
0.351517
0.354093
0.309808
0.388345
0.269637
0.296518
0.344238
0.294861
0.351257
0.290345
0.326555
0.327570
0.358015
0.329851
0.386424
0.418124
0.306250
0.377391
0.367954
0.416124
0.399161
0.370090
0.474910
0.423670
0.211605
0.408766
0.366470
0.355360
0.342200
0.520972
0.434995
0.482059
0.481043
0.419154
0.463876
0.475270
0.431463
0.367917
0.388184
0.518050
0.503039
0.432440
0.410376
0.441545
0.448218
0.405803
0.411798
0.386902
0.336992
0.332628
0.356160
0.432904
0.346532
0.364048
0.470542
0.343419
0.440050
0.430703
0.409954
0.345309
0.448964
0.460468
0.338183
0.385994
0.364587
0.345868
0.367750
0.303339
0.222294
0.298747
0.323190
0.316320
0.382616
0.276406
0.239048
0.399308
0.324867
0.242556
0.262744
0.226369
0.216798
0.194502
0.265429
0.264174
0.168785
0.247387
0.317947
0.235097
0.226200
0.234520
0.301077
0.284590
0.188627
0.313488
0.370762
0.290648
0.235813
0.240621
0.319006
0.335088
0.180354
0.200736
0.413024
0.379619
0.440075
0.319926
0.337925
0.417598
0.310736
0.385424
0.413319
0.357061
0.336180
0.407426
0.336627
0.386181
0.251557
0.345632
0.329011
0.264675
0.193639
0.354090
0.270019
0.245923
0.207595
0.293756
0.203519
0.279041
0.329284
0.341645
0.378286
0.304022
0.297225
0.323000
0.387369
0.223439
0.186821
0.306667
0.312248
0.214926
0.221664
0.304969
0.302751
0.297993
0.305884
0.307906
0.262509
0.318949
0.261208
0.293007
0.367810
0.275225
0.244694
0.270831
0.236327
0.303823
0.203422
0.305781
0.394956
0.332093
0.274003
0.294665
0.317314
0.336611
0.289261
0.325423
0.382279
0.334606
0.277622
0.210642
0.351920
0.189248
0.244065
0.298238
0.338714
0.282464
0.205095
0.316252
0.318807
0.287486
0.282200
0.235134
0.380117
0.237414
0.191077
0.214425
0.229719
0.235584
0.244257
0.322451
0.278903
0.210455
0.168375
0.140244
0.231889
0.222099
0.162044
0.182835
0.229237
0.155387
0.160700
0.182041
0.146905
0.074319
0.176697
0.126499
0.098798
0.186187
0.132642
0.192150
0.117080
0.202726
0.129810
0.152924
0.141193
0.112921
0.157765
0.053759
0.068432
0.089942
0.125046
0.141838
0.028444
0.121431
0.180054
0.139675
0.079395
0.093704
0.122622
0.118725
0.111558
0.041728
0.086722
0.151868
0.169831
0.140193
0.180570
0.224548
0.221779
0.148383
0.137528
0.126669
0.149651
0.139674
0.053554
0.178125
0.193871
0.106752
0.095173
0.195710
0.088387
0.145969
0.082880
0.119086
0.172387
0.120233
0.017645
0.072618
0.049377
0.036320
0.068875
0.118539
0.105931
0.079040
0.155376
0.107281
0.106695
0.096867
0.115205
0.126069
0.099358
0.123762
0.101134
0.075707
0.084557
0.023177
0.088847
0.171891
0.039392
0.124329
0.163009
0.141594
0.105303
0.105968
0.048614
0.107420
0.172147
0.078797
0.082556
0.082322
0.129015
0.203910
0.094676
0.144400
0.231648
0.157543
0.115195
0.251323
0.190630
0.159161
0.169854
0.278165
0.274227
0.270671
0.141928
0.215980
0.212806
0.208306
0.248375
0.200641
0.235400
0.251379
0.190947
0.214197
0.231421
0.226462
0.274470
0.260816
0.265327
0.345722
0.224187
0.240294
0.285199
0.285530
0.207772
0.304982
0.327358
0.269080
0.325898
0.247884
0.279806
0.232429
0.249776
0.265610
0.362416
0.242039
0.244148
0.247837
0.233889
0.373494
0.196765
0.285521
0.431252
0.314431
0.240991
0.268982
0.217604
0.153212
0.213192
0.311906
0.220418
0.361300
0.305062
0.289673
0.322668
0.324698
0.312119
0.302941
0.265686
0.234496
0.292594
0.277895
0.321867
0.234316
0.331216
0.308429
0.326472
0.233678
0.257046
0.349443
0.254563
0.302566
0.207210
0.317872
0.381854
0.238537
0.361656
0.375031
0.314171
0.344438
0.314634
0.395409
0.293781
0.252363
0.266387
0.290758
0.278222
0.221030
0.412443
0.293675
0.183462
0.269332
0.305412
0.202895
0.261732
0.232944
0.230481
0.261506
0.179507
0.208496
0.201212
0.195080
0.274891
0.207991
0.191346
0.277109
0.245509
0.232636
0.287568
0.203854
0.154019
0.279923
0.312916
0.253292
0.341364
0.225561
0.226659
0.281040
0.271344
0.321741
0.225407
0.250158
0.363887
0.219461
0.268914
0.234340
0.316641
0.213973
0.194562
0.370828
0.268404
0.248524
0.294840
0.248301
0.310850
0.311652
0.333506
0.283654
0.258560
0.211127
0.263359
0.238549
0.251413
0.231483
0.224366
0.264984
0.231829
0.238598
0.177646
0.210611
0.300176
0.306349
0.264348
0.244101
0.304310
0.292654
0.270644
0.187387
0.259475
0.252770
0.209942
0.258421
0.254581
0.217860
0.186516
0.253489
0.188936
0.281721
0.210561
0.284250
0.250949
0.156279
0.200228
0.246012
0.158677
0.214114
0.337733
0.258306
0.339376
0.270405
0.238529
0.262630
0.251520
0.387833
0.267850
0.297534
0.236188
0.270502
0.267286
0.345908
0.335698
0.253106
0.237634
0.461857
0.328978
0.389538
0.350979
0.323337
0.317048
0.396806
0.214459
0.296140
0.388493
0.306476
0.230634
0.272899
0.307365
0.170314
0.174987
0.242727
0.216056
0.245221
0.198406
0.159995
0.174769
0.255032
0.213180
0.345361
0.234990
0.167157
0.184547
0.190261
0.252774
0.213430
0.207473
0.229404
0.194935
0.191942
0.186438
0.200700
0.195708
0.300676
0.204375
0.156170
0.321358
0.182497
0.086252
0.152539
0.215442
0.195653
0.133676
0.249658
0.189778
0.313385
0.253573
0.348789
0.248276
0.271236
0.270799
0.280584
0.245936
0.310157
0.290122
0.314449
0.221041
0.275986
0.279122
0.389482
0.315450
0.370189
0.357372
0.361193
0.277305
0.365393
0.276885
0.357162
0.385267
0.322309
0.349432
0.371873
0.367638
0.311720
0.390887
0.436217
0.356923
0.379432
0.383464
0.436504
0.397801
0.388447
0.394483
0.439656
0.515427
0.401686
0.434045
0.365211
0.436486
0.333600
0.309843
0.410010
0.400572
0.456133
0.430190
0.411173
0.493365
0.511268
0.518901
0.394116
0.492181
0.458101
0.432060
0.410155
0.306199
0.372829
0.339616
0.561922
0.402134
0.456236
0.454120
0.515163
0.481574
0.500867
0.459475
0.492111
0.564525
0.444119
0.515278
0.564664
0.473775
0.476071
0.432415
0.546155
0.556866
0.483767
0.439027
0.400576
0.365654
0.430674
0.524645
0.492692
0.514428
0.421731
0.300083
0.517463
0.455862
0.396635
0.499043
0.430609
0.473496
0.555774
0.500511
0.474478
0.508973
0.510011
0.529411
0.504362
0.518655
0.499434
0.535984
0.501347
0.544972
0.520721
0.551975
0.526325
0.484529
0.483657
0.487453
0.527759
0.472290
0.491379
0.481819
0.457015
0.545862
0.500651
0.554273
0.561930
0.574857
0.552818
0.543218
0.603784
0.506818
0.611036
0.579684
0.623537
0.571414
0.589792
0.502208
0.638982
0.698430
0.563736
0.500842
0.582155
0.586402
0.614451
0.628942
0.637905
0.563720
0.650808
0.681541
0.630195
0.651249
0.600446
0.555010
0.565329
0.672802
0.655450
0.665399
0.623068
0.529022
0.642677
0.656709
0.678191
0.654243
0.636646
0.684787
0.688587
0.697219
0.679992
0.651102
0.692304
0.716945
0.708533
0.725101
0.727418
0.728101
0.776333
0.796326
0.809284
0.719159
0.806527
0.790053
0.866623
0.811071
0.851447
0.798155
0.799183
0.887161
0.846754
0.793786
0.845850
0.837572
0.869763
0.841189
0.855058
0.790404
0.851734
0.850651
0.891368
0.835594
0.851788
0.822516
0.833150
0.861659
0.849415
0.815949
0.884624
0.866698
0.842595
0.855832
0.854015
0.813480
0.815197
0.850894
0.862356
0.876539
0.877927
0.817720
0.846236
0.867374
0.832435
0.781023
0.852543
0.833868
0.824095
0.832521
0.826825
0.745230
0.869858
0.881861
0.920510
0.890938
0.886534
0.808568
0.862499
0.884717
0.819232
0.810795
0.872511
0.895673
0.879596
0.861251
0.838996
0.836073
0.813264
0.830358
0.870762
0.842872
0.868595
0.838653
0.833244
0.856601
0.818337
0.757068
0.772654
0.768500
0.810381
0.801466
0.835137
0.811438
0.797961
0.766869
0.748872
0.828835
0.838012
0.777992
0.773916
0.812015
0.725028
0.756944
0.797361
0.763347
0.777498
0.759428
0.778875
0.726373
0.705382
0.735143
0.694616
0.679943
0.720298
0.630828
0.691970
0.725116
0.683277
0.676626
0.727403
0.702729
0.643724
0.646031
0.671117
0.592523
0.579987
0.612191
0.668672
0.529706
0.569243
0.505546
0.524241
0.599797
0.507966
0.515652
0.528552
0.429441
0.517547
0.516337
0.487644
0.425497
0.474607
0.459725
0.468898
0.409458
0.430751
0.451868
0.411273
0.422788
0.385428
0.389148
0.339095
0.292377
0.281946
0.360803
0.306268
0.248955
0.274108
0.160682
0.159740
0.159400
0.282345
0.163777
0.224574
0.262011
0.108736
0.249637
0.150994
0.055819
0.093153
0.186120
0.191878
0.142265
0.162897
0.090126
0.090321
0.123551
0.160500
0.100833
0.125656
0.089419
0.104595
0.166819
0.114911
-0.007766
0.001166
0.166265
0.148464
0.067905
0.122669
0.055881
0.061335
0.059784
0.063166
0.083566
0.084947
0.003267
0.063767
0.050517
0.061190
0.028940
-0.015626
0.008767
0.069662
0.049544
0.052538
-0.020029
0.019968
0.061391
0.029509
-0.078940
0.135423
0.026420
0.024559
-0.028517
0.009991
-0.003212
0.028562
0.030408
0.070252
-0.010655
0.088288
0.005598
0.048069
0.028115
-0.065202
-0.004719
-0.056327
0.050583
-0.053892
-0.057714
0.087453
-0.085398
0.079216
0.110225
0.240083
