0.501763
0.247215
0.110407
0.162217
-0.017802
0.082655
0.056823
0.017708
0.098238
0.076709
0.092242
-0.002789
0.087906
0.009728
0.120782
0.072820
0.114297
0.153198
-0.004995
0.082385
0.083209
0.054421
0.071901
0.137470
0.038135
0.019237
0.114724
0.105787
0.094092
0.075725
0.077940
0.088266
0.198832
0.136015
0.120319
0.072682
0.174977
0.164546
0.101577
0.152815
0.269016
0.208751
0.176932
0.183919
0.137653
0.066741
0.165793
0.171336
0.198495
0.260046
0.156323
0.155714
0.280875
0.205227
0.270474
0.190290
0.182753
0.183083
0.168042
0.206218
0.240161
0.167011
0.193852
0.277374
0.232817
0.288826
0.240733
0.230315
0.169356
0.134039
0.212716
0.124645
0.269705
0.139120
0.233285
0.186158
0.157749
0.164580
0.155616
0.169044
0.232543
0.216658
0.167840
0.077254
0.253557
0.216482
0.108267
0.248497
0.240909
0.189674
0.189818
0.164706
0.067111
0.164399
0.117731
0.188438
0.193391
0.229740
0.187073
0.182524
0.215507
0.238249
0.256357
0.201580
0.336396
0.216695
0.118135
0.170124
0.285294
0.178796
0.224919
0.226309
0.393685
0.303889
0.247657
0.266146
0.399356
0.432501
0.347291
0.357670
0.497854
0.402207
0.242521
0.354081
0.331287
0.241673
0.338101
0.432609
0.348903
0.480167
0.436473
0.494787
0.497703
0.547351
0.474401
0.398902
0.641525
0.451517
0.429222
0.356129
0.333551
0.369341
0.387771
0.492834
0.528145
0.435105
0.425756
0.394919
0.394414
0.506907
0.447342
0.411059
0.403341
0.367603
0.349135
0.348734
0.358540
0.287692
0.312351
0.402175
0.401574
0.353313
0.345339
0.438301
0.412070
0.372450
0.278078
0.291819
0.387103
0.315625
0.274582
0.233651
0.166202
0.227886
0.243013
0.243509
0.279511
0.292584
0.185378
0.277948
0.269918
0.268190
0.218289
0.221948
0.299959
0.237878
0.263216
0.177492
0.217307
0.171474
0.156747
0.265442
0.298350
0.241216
0.274794
0.195176
0.248960
0.273930
0.299168
0.247287
0.257310
0.213518
0.225684
0.214584
0.273115
0.255768
0.192863
0.250805
0.206853
0.251641
0.199091
0.135732
0.219351
0.253381
0.186457
0.142874
0.295125
0.223934
0.215660
0.198048
0.270922
0.187303
0.217232
0.266015
0.339983
0.245611
0.161048
0.292763
0.268059
0.233924
0.140606
0.253828
0.284931
0.178824
0.185526
0.200625
0.217241
0.176725
0.135264
0.232325
0.181950
0.217043
0.187902
0.226313
0.145732
0.158235
0.207276
0.174343
0.140922
0.105512
0.174634
0.180534
0.162593
0.155314
0.230962
0.194955
0.180949
0.206803
0.115635
0.069589
0.116854
0.301121
0.146379
0.221990
0.256192
0.249431
0.134033
0.199927
0.162824
0.145164
0.212891
0.193354
0.104881
0.236669
0.133324
0.132168
0.184301
0.187867
0.161512
0.183928
0.167505
0.148839
0.160393
0.153747
0.244662
0.131670
0.187372
0.216586
0.261243
0.152769
0.103923
0.209448
0.200062
0.194219
0.100761
0.233717
0.294336
0.243186
0.220854
0.260197
0.297778
0.172886
0.138136
0.299482
0.258899
0.308547
0.244925
0.219427
0.322011
0.241554
0.239713
0.280114
0.276559
0.260973
0.183950
0.243240
0.240522
0.253298
0.262321
0.233058
0.247596
0.292666
0.182444
0.250163
0.260236
0.295475
0.185497
0.219489
0.474903
0.318936
0.208166
0.434951
0.370966
0.331923
0.367423
0.494654
0.391482
0.381134
0.335066
0.331352
0.383515
0.527725
0.337642
0.436163
0.471254
0.389393
0.302451
0.340471
0.335147
0.338607
0.374325
0.383265
0.392252
0.476650
0.431542
0.435786
0.498772
0.417992
0.522759
0.380632
0.487061
0.445952
0.406879
0.421443
0.477042
0.498674
0.554180
0.529390
0.512971
0.541916
0.590474
0.615118
0.532429
0.594667
0.552134
0.502371
0.591389
0.482045
0.464161
0.541445
0.529138
0.496914
0.517301
0.632790
0.593798
0.580706
0.571272
0.576954
0.488094
0.641692
0.550976
0.573851
0.586493
0.532706
0.520546
0.529404
0.568070
0.493047
0.577643
0.585710
0.539282
0.550565
0.618151
0.598465
0.671054
0.548903
0.600116
0.615768
0.743000
0.643599
0.502572
0.620998
0.639101
0.616395
0.590613
0.641903
0.620699
0.548266
0.576427
0.648928
0.625797
0.597660
0.539474
0.537681
0.621318
0.550013
0.656720
0.546687
0.550525
0.587914
0.549788
0.597322
0.621596
0.612063
0.660863
0.591483
0.635154
0.572533
0.592384
0.575059
0.719173
0.600314
0.541177
0.582886
0.594564
0.577503
0.569858
0.580901
0.572338
0.534564
0.615992
0.654449
0.567243
0.599361
0.663405
0.616067
0.585469
0.572946
0.476021
0.596704
0.539914
0.634112
0.604021
0.663784
0.608627
0.597870
0.622173
0.564730
0.525275
0.557894
0.494204
0.530664
0.499888
0.480163
0.537195
0.460253
0.533186
0.457844
0.492225
0.430605
0.479990
0.375051
0.383563
0.388753
0.420528
0.459286
0.488447
0.353593
0.528815
0.408668
0.307207
0.387792
0.340521
0.395608
0.405815
0.501180
0.412550
0.462254
0.434163
0.427605
0.408659
0.401586
0.288444
0.384646
0.412363
0.358330
0.501427
0.377509
0.383319
0.398922
0.452697
0.437627
0.556869
0.462265
0.445111
0.401470
0.403493
0.471551
0.389036
0.522123
0.588453
0.405280
0.352070
0.486424
0.379910
0.357032
0.510089
0.455208
0.477250
0.487196
0.450555
0.419600
0.512013
0.493360
0.479510
0.473626
0.424245
0.372316
0.478073
0.435450
0.322256
0.490031
0.462620
0.491410
0.502466
0.477185
0.459118
0.498014
0.431249
0.451636
0.385602
0.453754
0.585412
0.543178
0.414751
0.392300
0.492425
0.410320
0.421758
0.556191
0.474296
0.390630
0.504922
0.533750
0.547080
0.459156
0.486514
0.474682
0.451411
0.499412
0.487711
0.336864
0.445305
0.406849
0.472410
0.457477
0.529323
0.405686
0.428749
0.446709
0.404122
0.476128
0.403904
0.470040
0.546492
0.502405
0.512820
0.501011
0.515523
0.482983
0.481945
0.477280
0.589027
0.529033
0.510107
0.464455
0.545856
0.591247
0.461166
0.493799
0.610853
0.560024
0.465698
0.546722
0.550100
0.567052
0.576049
0.643603
0.588989
0.542735
0.564260
0.611682
0.575906
0.530968
0.504331
0.517237
0.693309
0.576153
0.557175
0.607975
0.552591
0.573057
0.640636
0.653708
0.519862
0.603661
0.587796
0.601858
0.612527
0.590950
0.523562
0.562317
0.658020
0.525869
0.538786
0.581096
0.588940
0.506687
0.605258
0.596354
0.475603
0.588407
0.624007
0.539561
0.575644
0.507809
0.480550
0.472754
0.529744
0.505513
0.458692
0.449072
0.540711
0.496058
0.558467
0.595340
0.537803
0.520718
0.585508
0.565883
0.595013
0.580908
0.587806
0.558110
0.656759
0.551541
0.498553
0.633664
0.571558
0.573287
0.496827
0.620875
0.571893
0.622769
0.623947
0.651754
0.645850
0.659690
0.580468
0.570396
0.692327
0.647586
0.655817
0.651222
0.566010
0.651122
0.662597
0.691425
0.701044
0.604353
0.638960
0.675510
0.715271
0.653374
0.491691
0.683668
0.687355
0.615543
0.608207
0.613939
0.658847
0.595451
0.656554
0.674266
0.510685
0.566419
0.594281
0.631207
0.606464
0.620342
0.568409
0.551058
0.596920
0.463058
0.500811
0.506750
0.503554
0.484073
0.504931
0.637068
0.488353
0.504485
0.530600
0.557691
0.523805
0.479483
0.499262
0.414163
0.391731
0.383657
0.425963
0.338793
0.361622
0.359638
0.426036
0.350698
0.362911
0.360960
0.331952
0.382293
0.361190
0.335647
0.274103
0.399093
0.386624
0.425371
0.407311
0.317324
0.250777
0.400953
0.365012
0.466839
0.414815
0.327593
0.322683
0.427297
0.286789
0.351642
0.392923
0.372017
0.395266
0.280548
0.317663
0.375296
0.363088
0.319080
0.317436
0.288304
0.390056
0.321422
0.263570
0.326794
0.272732
0.382584
0.381934
0.323056
0.360038
0.260935
0.216907
0.351448
0.335730
0.358739
0.284002
0.357851
0.409373
0.447220
0.451455
0.569581
0.465841
0.548401
0.490757
0.442688
0.642869
0.568851
0.545297
0.474318
0.474051
0.492757
0.534003
0.605021
0.607728
0.594251
0.463431
0.587091
0.602988
0.532477
0.514032
0.586340
0.621284
0.580468
0.559102
0.477707
0.406407
0.558277
0.528262
0.556431
0.560750
0.449115
0.447832
0.556705
0.474965
0.488898
0.590599
0.411271
0.512643
0.496920
0.468782
0.501548
0.457775
0.481054
0.449924
0.522187
0.452089
0.479038
0.377670
0.490985
0.406789
0.438956
0.372714
0.401651
0.428658
0.415350
0.418153
0.384896
0.389561
0.375339
0.323357
0.365470
0.356784
0.379410
0.356087
0.310886
0.333567
0.398760
0.482802
0.369886
0.463324
0.421333
0.441940
0.300751
0.241380
0.413838
0.396985
0.371323
0.416320
0.427493
0.321032
0.322441
0.297598
0.336018
0.404125
0.400846
0.372557
0.329622
0.374449
0.299120
0.335572
0.321839
0.315692
0.429140
0.287192
0.447510
0.397483
0.453449
0.429998
0.390662
0.434109
0.311283
0.430884
0.320552
0.276480
0.300568
0.345473
0.361976
0.309435
0.435183
0.574872
0.325851
0.308238
0.322039
0.309459
0.400527
0.354181
0.255729
0.307046
0.254662
0.267397
0.249723
0.205927
0.201550
0.193684
0.313642
0.241119
0.289840
0.283401
0.214234
0.257547
0.249568
0.230098
0.207706
0.200513
0.217470
0.285310
0.204383
0.196761
0.163718
0.158238
0.113429
0.344609
0.276291
0.283155
0.291838
0.290693
0.337643
0.397715
0.277430
0.377644
0.272693
0.228014
0.299457
0.325923
0.329492
0.370514
0.501965
0.464747
0.383467
0.430917
0.397723
0.365892
0.391244
0.454915
0.365508
0.386543
0.423639
0.351773
0.401489
0.326878
0.381392
0.336874
0.351740
0.358224
0.392711
0.449768
0.375576
0.382131
0.407594
0.322816
0.371086
0.494624
0.375284
0.414820
0.397677
0.411996
0.406973
0.376498
0.433206
0.352393
0.370530
0.412383
0.368721
0.405699
0.415151
0.380604
0.412690
0.507124
0.381639
0.404283
0.354286
0.390857
0.418398
0.427499
0.414676
0.360691
0.356266
0.324966
0.344459
0.382411
0.405354
0.289633
0.235073
0.395719
0.313900
0.377283
0.263985
0.298627
0.283246
0.368689
0.378925
0.327683
0.282711
0.343751
0.234712
0.215018
0.343408
0.314093
0.267735
0.493242
0.188716
0.254975
0.369850
0.262583
0.325232
0.309090
0.244171
