0.560466
0.352009
0.231190
0.339258
0.256483
0.260766
0.192299
0.172037
0.394189
0.295212
0.204834
0.305953
0.257540
0.298486
0.271854
0.323461
0.324302
0.249372
0.291492
0.219415
0.207847
0.283408
0.259074
0.307433
0.264269
0.306668
0.166119
0.270066
0.202875
0.148671
0.227863
0.187431
0.105915
0.180426
0.098048
0.118601
0.173113
0.177788
0.180836
0.119934
0.200996
0.163855
0.082172
0.185080
0.210819
0.123961
0.065535
0.156541
0.311945
0.156358
0.145118
0.149912
0.146819
0.177660
0.102111
0.187652
0.138782
0.129919
0.109931
0.209151
0.161267
0.199607
0.213425
0.261020
0.143055
0.319875
0.279609
0.239912
0.160894
0.327264
0.206099
0.332984
0.286877
0.188345
0.367399
0.277297
0.317256
0.284530
0.308702
0.360954
0.376737
0.228369
0.146537
0.215841
0.152348
0.241124
0.205773
0.185961
0.302437
0.259677
0.243601
0.302753
0.264804
0.209584
0.211152
0.259980
0.213648
0.286257
0.225502
0.227054
0.267491
0.244405
0.250868
0.274374
0.243875
0.144750
0.243794
0.265728
0.263587
0.193409
0.298704
0.329151
0.191443
0.226475
0.193801
0.278617
0.228323
0.303783
0.302859
0.282704
0.291379
0.265388
0.214435
0.208198
0.275746
0.167024
0.277459
0.272443
0.243063
0.337603
0.241646
0.323490
0.350930
0.336754
0.277556
0.235105
0.311153
0.256206
0.267952
0.278339
0.213656
0.243858
0.303617
0.279550
0.374488
0.326730
0.259767
0.293577
0.158045
0.228779
0.241550
0.281939
0.206861
0.206167
0.129785
0.233956
0.135651
0.138037
0.174779
0.211961
0.186415
0.136025
0.171700
0.170233
0.225959
0.267846
0.128656
0.209685
0.240216
0.167244
0.175449
0.180229
0.228608
0.159851
0.124726
0.135631
0.248971
0.236973
0.167127
0.219942
0.196828
0.218028
0.214118
0.183717
0.401094
0.241877
0.317037
0.314606
0.251333
0.253415
0.281561
0.313216
0.235948
0.311408
0.205661
0.372883
0.310997
0.329093
0.253279
0.309606
0.368506
0.329161
0.237609
0.279413
0.356777
0.314090
0.296577
0.374757
0.374372
0.345412
0.345029
0.437637
0.393516
0.420908
0.509770
0.390385
0.532157
0.374556
0.306530
0.462586
0.419263
0.499338
0.466949
0.550944
0.482190
0.539699
0.527379
0.558912
0.517215
0.633496
0.557951
0.454801
0.620248
0.564496
0.574738
0.575151
0.545383
0.531255
0.584143
0.619863
0.551894
0.652912
0.611788
0.719002
0.657168
0.664803
0.555975
0.590956
0.744092
0.679007
0.635437
0.633623
0.684996
0.607264
0.678118
0.696678
0.654807
0.675602
0.727446
0.748991
0.700662
0.697796
0.685765
0.651443
0.766021
0.681057
0.676727
0.672917
0.667846
0.746753
0.731427
0.782424
0.707631
0.705271
0.751643
0.733008
0.775935
0.763060
0.693907
0.687752
0.839606
0.765550
0.684284
0.753739
0.786999
0.812901
0.766522
0.753568
0.697905
0.666942
0.735626
0.802598
0.737610
0.809065
0.655722
0.772980
0.837398
0.752977
0.750647
0.780317
0.768694
0.777545
0.723811
0.786908
0.723399
0.703129
0.730194
0.807819
0.739333
0.727094
0.728312
0.718640
0.798938
0.749827
0.706060
0.737773
0.774162
0.762195
0.771881
0.789889
0.761124
0.722085
0.731700
0.704074
0.676654
0.720423
0.700163
0.733927
0.748013
0.677858
0.748852
0.719432
0.661274
0.706564
0.651706
0.696939
0.659448
0.620263
0.666987
0.624549
0.618400
0.681895
0.612092
0.634170
0.732581
0.584431
0.635597
0.578749
0.461143
0.558998
0.589821
0.561295
0.590824
0.586818
0.521046
0.543334
0.555949
0.414256
0.479591
0.512400
0.510811
0.394385
0.547772
0.546935
0.465243
0.524035
0.515829
0.519770
0.528232
0.346444
0.445192
0.376576
0.462023
0.502362
0.320297
0.386071
0.436494
0.371163
0.370186
0.288714
0.354533
0.322000
0.241707
0.257855
0.209353
0.343301
0.224085
0.219819
0.227975
0.220402
0.206632
0.215102
0.174574
0.197650
0.250550
0.140376
0.071248
0.129201
0.137991
0.198542
0.188530
0.146868
0.050705
0.124867
0.129459
0.109800
0.070241
0.149707
0.168718
0.109272
0.133086
0.067634
0.080547
0.048716
0.135470
0.171382
0.179497
0.169092
0.126749
0.072962
0.171450
0.191858
0.285232
0.228994
0.154348
0.215947
0.152375
0.204616
0.114908
0.126602
0.143525
0.155031
0.202248
0.217151
0.105918
0.150397
0.203634
0.160784
0.080820
0.165577
0.107038
0.062825
0.072322
0.162475
0.185275
0.102497
0.133697
0.203399
0.182816
0.064443
0.128585
0.077250
0.079224
0.121562
0.095854
0.158219
0.106724
0.099901
0.097570
0.087641
0.152356
0.085132
0.064988
0.143973
0.113727
0.192788
0.141610
0.136872
0.085098
0.162216
0.170197
0.081081
0.117846
0.083022
0.094458
0.113055
0.105630
0.020844
0.143360
0.135501
0.032719
0.155771
0.136735
0.091113
0.100884
0.176145
0.161579
0.225975
0.129170
0.085481
0.106117
0.137482
0.191955
0.166340
0.139291
0.190645
0.172932
0.152959
0.142595
0.206685
0.200012
0.183656
0.150782
0.227875
0.162821
0.155038
0.177884
0.113848
0.123458
0.146639
0.227777
0.224138
0.116848
0.215961
0.152674
0.152677
0.186493
0.166555
0.225790
0.163022
0.132604
0.170557
0.151850
0.166235
0.198248
0.122937
0.139172
0.161504
0.205627
0.163597
0.127561
0.131089
0.227200
0.179271
0.179090
0.245153
0.251537
0.203937
0.146897
0.249854
0.100545
0.076176
0.125538
0.251704
0.230747
0.282198
0.282197
0.220883
0.198179
0.209667
0.306727
0.243767
0.258728
0.217947
0.320331
0.268238
0.195372
0.258538
0.290563
0.348671
0.330286
0.312624
0.236007
0.227676
0.273018
0.312966
0.316005
0.353853
0.430860
0.305900
0.210924
0.272853
0.257555
0.266498
0.255814
0.339399
0.265193
0.314376
0.251119
0.292272
0.170863
0.249078
0.108855
0.196166
0.230539
0.225390
0.170002
0.183064
0.134476
0.198927
0.212663
0.236306
0.167923
0.263485
0.249111
0.251716
0.266066
0.196744
0.210974
0.233866
0.251121
0.146507
0.189716
0.177204
0.232733
0.163190
0.195863
0.243242
0.289824
0.267634
0.296180
0.302307
0.375951
0.274727
0.287568
0.274845
0.331276
0.191483
0.110342
0.296418
0.273153
0.322401
0.280693
0.395696
0.318818
0.350306
0.374467
0.380062
0.361139
0.334969
0.307720
0.392001
0.452032
0.356470
0.316941
0.370338
0.436847
0.404934
0.324329
0.384300
0.464651
0.426994
0.405070
0.411081
0.456122
0.516048
0.540026
0.462325
0.522865
0.470383
0.392539
0.460512
0.431185
0.434100
0.465309
0.517156
0.490735
0.592708
0.511160
0.581749
0.543416
0.480911
0.449397
0.504682
0.658981
0.453899
0.431429
0.544220
0.530728
0.565430
0.543551
0.566859
0.540479
0.651019
0.681725
0.747365
0.732909
0.680973
0.677139
0.691629
0.732036
0.647185
0.678751
0.676822
0.661466
0.710123
0.715369
0.757733
0.766536
0.653005
0.706214
0.751839
0.701781
0.754485
0.663039
0.701708
0.762312
0.724379
0.621068
0.667923
0.663326
0.666395
0.634955
0.658697
0.664906
0.632477
0.677548
0.605541
0.595125
0.573730
0.633476
0.579155
0.596207
0.545113
0.534126
0.569295
0.567472
0.510447
0.555939
0.498825
0.515193
0.633332
0.539682
0.508439
0.632389
0.597509
0.576064
0.564608
0.632248
0.508074
0.467698
0.593165
0.622775
0.613211
0.598867
0.671289
0.675744
0.679108
0.667493
0.705027
0.706685
0.652359
0.572157
0.682474
0.718694
0.655704
0.599881
0.608320
0.676430
0.679907
0.656916
0.697916
0.698129
0.681657
0.715092
0.767744
0.737006
0.740734
0.640108
0.712356
0.779860
0.707478
0.675120
0.736893
0.722869
0.787216
0.759057
0.789352
0.807379
0.757080
0.766874
0.742915
0.746146
0.745236
0.701424
0.719803
0.783534
0.738064
0.733558
0.746378
0.717770
0.745726
0.740141
0.733071
0.726346
0.694075
0.690966
0.685443
0.651384
0.705283
0.657603
0.644876
0.629876
0.648883
0.612419
0.602014
0.643564
0.617686
0.636556
0.614334
0.582755
0.585660
0.610815
0.595407
0.567180
0.537926
0.551996
0.510435
0.681629
0.581674
0.500049
0.579445
0.526767
0.604592
0.512704
0.610981
0.550411
0.601732
0.620081
0.605194
0.598813
0.616130
0.624196
0.641470
0.676654
0.610500
0.540690
0.591385
0.591979
0.695839
0.690677
0.728170
0.636276
0.660627
0.725794
0.761999
0.768694
0.698057
0.724250
0.684129
0.759110
0.732083
0.632379
0.677021
0.700416
0.699823
0.758729
0.740788
0.699208
0.754904
0.743323
0.756949
0.768232
0.702844
0.670609
0.732905
0.805965
0.698147
0.709495
0.705043
0.711436
0.738998
0.689378
0.690432
0.666940
0.671449
0.682375
0.709464
0.723339
0.679724
0.628869
0.658669
0.741852
0.683136
0.566191
0.673092
0.721557
0.661507
0.638372
0.721621
0.622685
0.622083
0.671052
0.687405
0.648167
0.648292
0.665502
0.667797
0.665896
0.712064
0.700297
0.697293
0.702205
0.718820
0.663643
0.723419
0.699667
0.682932
0.677453
0.631478
0.678224
0.703178
0.696379
0.714362
0.734442
0.635742
0.706140
0.701776
0.636088
0.688576
0.656079
0.655854
0.660301
0.601611
0.615793
0.660900
0.607183
0.625872
0.597534
0.568927
0.677602
0.564997
0.494968
0.521511
0.521334
0.521336
0.545309
0.543352
0.466066
0.480934
0.519457
0.565163
0.495525
0.468955
0.535948
0.485038
0.450015
0.453870
0.484354
0.442380
0.387374
0.396320
0.456773
0.496554
0.464704
0.419793
0.420200
0.423504
0.394165
0.477388
0.387524
0.416785
0.483439
0.447348
0.444673
0.518872
0.489369
0.450350
0.402358
0.527527
0.495999
0.435603
0.478773
0.392384
0.429873
0.430318
0.274168
0.422815
0.459210
0.379889
0.444570
0.415520
0.409409
0.365691
0.416746
0.333341
0.470592
0.332170
0.355228
0.350448
0.454550
0.429464
0.368079
0.372661
0.403593
0.422201
0.360077
0.365087
0.353709
0.398144
0.387538
0.435329
0.495579
0.503171
0.392477
0.397881
0.424753
0.414337
0.411063
0.471416
0.479473
0.379764
0.410075
0.400008
0.413049
0.448917
0.538000
0.507407
0.507818
0.411005
0.468932
0.479974
0.392634
0.479414
0.530625
0.501463
0.667630
0.470086
0.527445
0.585546
0.553635
0.489687
0.406182
0.276149
