0.531520
0.371181
0.201960
0.297717
0.203644
0.226907
0.149922
0.176631
0.234744
0.118940
0.172417
0.146900
0.228547
0.169138
0.196316
0.220678
0.238177
0.168601
0.125684
0.203779
0.152314
0.193628
0.091496
0.217910
0.192499
0.197053
0.204120
0.167575
0.206015
0.150812
0.160679
0.206778
0.110362
0.185771
0.203096
0.136912
0.161120
0.159827
0.119440
0.134486
0.143302
0.079925
0.112957
0.029298
0.164716
0.101425
0.075592
0.205785
0.162595
0.213369
0.168363
0.120476
0.191441
0.219991
0.113963
0.200301
0.194434
0.065720
0.063115
0.157650
0.190210
0.145374
0.148664
0.177976
0.161212
0.261308
0.226725
0.130129
0.269610
0.272974
0.132664
0.244869
0.267877
0.213029
0.235763
0.181342
0.241817
0.163078
0.237616
0.288261
0.258464
0.316951
0.221086
0.264450
0.288660
0.322768
0.244891
0.373438
0.315312
0.365494
0.382585
0.254142
0.269313
0.274828
0.326084
0.354346
0.290952
0.346453
0.354670
0.326251
0.321317
0.231130
0.376037
0.312752
0.271801
0.310653
0.285111
0.241341
0.340414
0.276891
0.214411
0.260320
0.285093
0.316815
0.316582
0.237201
0.291904
0.348521
0.306548
0.252063
0.334267
0.256834
0.328997
0.262655
0.178523
0.231645
0.226417
0.368937
0.281420
0.337108
0.383833
0.370073
0.336751
0.364926
0.313257
0.318597
0.422142
0.220771
0.352161
0.314708
0.303269
0.253997
0.472098
0.353000
0.350702
0.398427
0.342155
0.377294
0.385475
0.407829
0.368991
0.418011
0.416202
0.398823
0.384294
0.326167
0.241010
0.309198
0.281642
0.432227
0.378822
0.401490
0.401232
0.439414
0.371593
0.384448
0.378349
0.311918
0.323630
0.316751
0.286903
0.356061
0.343940
0.329775
0.315374
0.429304
0.355255
0.378860
0.291876
0.330465
0.391818
0.391430
0.287672
0.384786
0.508443
0.325812
0.328433
0.339243
0.337972
0.238686
0.303655
0.404641
0.256673
0.398632
0.339196
0.323161
0.249183
0.378868
0.371902
0.392564
0.463027
0.373856
0.235333
0.353274
0.335101
0.287509
0.319749
0.341913
0.310310
0.363264
0.362983
0.427244
0.343245
0.373601
0.358309
0.287896
0.359639
0.220877
0.224286
0.286108
0.269086
0.253034
0.347598
0.384396
0.343106
0.406175
0.363218
0.361802
0.345972
0.353375
0.403056
0.367987
0.328525
0.377823
0.340994
0.412149
0.416090
0.415742
0.408415
0.422941
0.452266
0.396051
0.389242
0.449802
0.421222
0.352803
0.423083
0.366308
0.434186
0.438602
0.327605
0.410038
0.384278
0.351995
0.323494
0.381711
0.482855
0.344424
0.244428
0.370913
0.254647
0.341250
0.298766
0.249445
0.417544
0.215248
0.162350
0.220912
0.220733
0.240928
0.245575
0.278125
0.349961
0.211333
0.268264
0.171732
0.253715
0.310684
0.218537
0.189956
0.271635
0.216794
0.163779
0.134813
0.159159
0.105565
0.196456
0.223484
0.192573
0.201051
0.128831
0.174218
0.156868
0.163357
0.187354
0.175736
0.143840
0.143975
0.095922
0.159675
0.074698
0.114249
0.114278
0.147483
0.143980
0.167169
0.060172
0.123457
0.108833
0.089659
0.187745
0.152139
0.087808
0.109407
0.093944
0.064306
0.101576
0.148420
0.162237
0.099503
0.127465
0.082926
0.067627
0.139615
0.172714
0.105308
0.084795
0.148791
0.204592
0.142370
0.092265
0.107297
-0.032470
0.107151
0.091176
0.168584
0.110394
0.204635
0.107646
0.061327
0.158455
0.150293
0.145171
0.196210
0.166650
0.152782
0.199959
0.146297
0.140564
0.115914
0.124775
0.159807
0.129689
0.258726
0.178394
0.233154
0.211708
0.211282
0.228807
0.139559
0.219922
0.208063
0.148020
0.106388
0.207749
0.165267
0.167993
0.210955
0.283711
0.231675
0.230292
0.200633
0.218336
0.222191
0.249813
0.221186
0.200999
0.261539
0.168958
0.173890
0.175082
0.162178
0.199645
0.177195
0.251683
0.274263
0.157105
0.157042
0.169018
0.236029
-0.000825
0.148903
0.257329
0.167341
0.106593
0.107822
0.155673
0.136143
0.130824
0.172588
0.034792
0.166603
0.127757
0.145157
0.105317
0.105329
0.107118
0.159817
0.129429
0.118775
0.052819
0.183945
0.148677
0.136769
0.111698
0.163647
0.207710
0.175416
0.151513
0.195358
0.167838
0.179080
0.203856
0.223710
0.121375
0.205275
0.133446
0.157068
0.180222
0.105333
0.181828
0.234190
0.340700
0.264698
0.167473
0.210871
0.165483
0.223461
0.309539
0.290544
0.203112
0.263109
0.188029
0.207635
0.244160
0.194520
0.210449
0.212313
0.327323
0.147748
0.120081
0.106998
0.141511
0.200847
0.139531
0.149529
0.199950
0.116766
0.186720
0.086303
0.040731
0.136860
0.092210
0.148536
0.076329
0.156434
0.211803
0.112252
0.096116
0.123283
0.128118
0.130210
0.142263
0.091370
0.074989
0.070669
0.049984
0.176550
0.106143
0.125783
0.148089
0.177491
0.061652
0.101705
0.063656
0.170514
0.114006
0.165900
0.131749
0.137368
0.109381
0.010498
0.050931
0.108677
0.046081
0.146269
0.080110
0.199698
0.146688
0.139935
0.177967
0.154501
0.159003
0.206636
0.177734
0.119598
0.205931
0.108045
0.137366
0.175407
0.136005
0.217708
0.249966
0.146861
0.069589
0.129241
0.229431
0.250662
0.243766
0.168202
0.227231
0.129261
0.153937
0.126241
0.138110
0.136343
0.149310
0.222327
0.232910
0.214281
0.147553
0.199600
0.195101
0.256656
0.191965
0.250594
0.229859
0.196519
0.191506
0.199662
0.139660
0.177667
0.143182
0.261049
0.253677
0.188988
0.166235
0.139973
0.151520
0.269332
0.197165
0.136193
0.241669
0.157812
0.200071
0.197550
0.151335
0.130221
0.190720
0.290715
0.278662
0.357105
0.356428
0.328387
0.257593
0.353613
0.376050
0.270745
0.338425
0.404293
0.271189
0.289923
0.325834
0.316763
0.327735
0.418983
0.509821
0.363201
0.483141
0.419318
0.437427
0.469996
0.467860
0.397855
0.470216
0.515911
0.485836
0.466510
0.514363
0.507571
0.557333
0.655371
0.632233
0.664986
0.659554
0.701432
0.683680
0.681772
0.641759
0.657294
0.682132
0.601239
0.594732
0.680483
0.645132
0.662879
0.716043
0.681444
0.656664
0.663973
0.673540
0.676996
0.700131
0.652819
0.628257
0.706649
0.685143
0.625436
0.667848
0.636709
0.664812
0.726308
0.727738
0.693314
0.654690
0.599321
0.629721
0.560883
0.537063
0.565723
0.600241
0.585695
0.605691
0.606133
0.655629
0.598652
0.609589
0.570388
0.576974
0.583977
0.501939
0.628346
0.602183
0.544722
0.623252
0.642676
0.608772
0.637631
0.620184
0.573776
0.604749
0.633643
0.615330
0.609363
0.590562
0.674576
0.619497
0.686972
0.719276
0.712914
0.661667
0.717449
0.690199
0.690783
0.731213
0.622216
0.605850
0.621145
0.651176
0.688407
0.677660
0.743596
0.682826
0.630496
0.673375
0.717214
0.672600
0.689768
0.644116
0.665540
0.664528
0.645158
0.620851
0.628407
0.607892
0.554652
0.570442
0.587126
0.508876
0.587770
0.606747
0.610941
0.585318
0.580093
0.582045
0.541984
0.559460
0.472275
0.424759
0.492125
0.547047
0.485558
0.498502
0.492279
0.488199
0.484426
0.459979
0.376516
0.419123
0.382654
0.447072
0.425267
0.423682
0.388151
0.454875
0.469497
0.499356
0.480423
0.506352
0.653250
0.583166
0.530681
0.559619
0.533208
0.460797
0.488958
0.472716
0.525643
0.447695
0.516049
0.614430
0.537820
0.477422
0.606135
0.482361
0.499320
0.477734
0.512654
0.534078
0.557990
0.513207
0.484429
0.516792
0.525844
0.597885
0.500833
0.535906
0.535472
0.390776
0.505626
0.460764
0.539964
0.517395
0.527903
0.541270
0.368778
0.486493
0.431313
0.388813
0.481317
0.524286
0.455281
0.410276
0.438115
0.452248
0.470883
0.464958
0.463568
0.453655
0.461244
0.466517
0.463142
0.504632
0.458013
0.472797
0.432613
0.449134
0.436388
0.437618
0.445419
0.473431
0.431076
0.432070
0.422731
0.402634
0.442704
0.425401
0.440343
0.409284
0.477433
0.462571
0.473631
0.389459
0.367937
0.373856
0.339298
0.430873
0.334438
0.406209
0.519414
0.440139
0.511295
0.558001
0.503173
0.424823
0.509391
0.429457
0.466732
0.555434
0.400253
0.379541
0.498377
0.511740
0.430379
0.453493
0.528135
0.423225
0.503289
0.472885
0.529336
0.548121
0.536777
0.489092
0.505636
0.640813
0.509288
0.378563
0.435480
0.490705
0.514300
0.536707
0.565348
0.615576
0.623889
0.527054
0.584728
0.500343
0.531227
0.561972
0.544699
0.586140
0.549714
0.416903
0.492168
0.573283
0.531967
0.550766
0.602911
0.510516
0.540035
0.579498
0.569448
0.509517
0.485688
0.474624
0.537971
0.591562
0.443095
0.467941
0.545712
0.576197
0.563485
0.503203
0.455495
0.442045
0.520131
0.513362
0.543916
0.518489
0.476076
0.400155
0.566679
0.482277
0.375507
0.534482
0.506286
0.563945
0.529305
0.545263
0.581234
0.614795
0.469575
0.513473
0.465802
0.388090
0.513211
0.421361
0.512766
0.558068
0.485256
0.439592
0.543462
0.473790
0.438321
0.424746
0.456674
0.521379
0.379063
0.428532
0.416508
0.357202
0.478476
0.349201
0.452773
0.605602
0.459435
0.401239
0.480690
0.473609
0.429581
0.484580
0.485873
0.395045
0.492453
0.420664
0.390762
0.390354
0.412685
0.462665
0.436347
0.447281
0.378016
0.371984
0.448729
0.397320
0.462372
0.460260
0.499255
0.473283
0.450373
0.504987
0.485327
0.416673
0.563482
0.536781
0.461171
0.519346
0.414546
0.431063
0.425150
0.480888
0.440518
0.465360
0.516888
0.553322
0.495072
0.501518
0.578673
0.441500
0.517928
0.541848
0.424297
0.513547
0.490746
0.373724
0.499410
0.499812
0.461740
0.412928
0.541506
0.492772
0.418717
0.481536
0.458798
0.344364
0.462261
0.415326
0.369978
0.430839
0.318989
0.377847
0.318482
0.241467
0.242066
0.263946
0.340248
0.265401
0.315399
0.251287
0.245895
0.229116
0.335100
0.275912
0.246981
0.333104
0.170902
0.141554
0.194652
0.211346
0.132540
0.212211
0.196549
0.198480
0.283341
0.252789
0.199805
0.272606
0.315933
0.249436
0.224544
0.235634
0.241691
0.137337
0.317237
0.313129
0.284930
0.348486
0.404072
0.340141
0.338701
0.413815
0.390938
0.309599
0.490401
0.511753
0.423107
0.684401
0.375344
0.470814
0.571832
0.481899
0.488000
0.456445
0.272228
