0.548372
0.369148
0.120306
0.308031
0.201628
0.301749
0.180559
0.143843
0.329187
0.183507
0.231227
0.137984
0.131047
0.166768
0.268946
0.252543
0.246442
0.267862
0.197039
0.146724
0.249741
0.238403
0.194716
0.178054
0.315132
0.215962
0.159249
0.213413
0.215320
0.176436
0.193836
0.223337
0.245035
0.300385
0.250604
0.250125
0.336035
0.295254
0.316893
0.181075
0.246900
0.267481
0.167474
0.266008
0.189191
0.263587
0.287090
0.246890
0.254641
0.262127
0.222933
0.236260
0.175959
0.292141
0.282659
0.180318
0.265907
0.225868
0.256128
0.224503
0.292001
0.239598
0.230761
0.218684
0.270734
0.189825
0.049469
0.192524
0.196027
0.168663
0.192117
0.266607
0.207851
0.193768
0.228927
0.193032
0.258594
0.149995
0.281732
0.241846
0.219081
0.223726
0.193598
0.216714
0.135108
0.173446
0.116315
0.201064
0.244540
0.188546
0.166077
0.186175
0.096243
0.129252
0.131522
0.226091
0.075952
0.249760
0.140746
0.245412
0.139363
0.161438
0.210655
0.220411
0.205101
0.246004
0.176885
0.198873
0.205788
0.185818
0.176258
0.268682
0.231422
0.220577
0.163002
0.210574
0.226361
0.244516
0.163505
0.118623
0.333954
0.192619
0.191129
0.262322
0.271135
0.201943
0.222303
0.354426
0.222032
0.263584
0.303923
0.265228
0.208155
0.274573
0.152723
0.269267
0.273510
0.247842
0.238419
0.254525
0.257179
0.173997
0.269224
0.131692
0.220714
0.278747
0.264167
0.272226
0.307008
0.247945
0.224548
0.316154
0.417743
0.329855
0.292010
0.322667
0.311639
0.281130
0.297754
0.440717
0.398875
0.385814
0.421555
0.387545
0.327294
0.366468
0.373347
0.341394
0.458423
0.295918
0.389588
0.357528
0.318256
0.328021
0.291036
0.460251
0.401942
0.275655
0.335646
0.273610
0.370777
0.368162
0.353609
0.304249
0.313834
0.258251
0.215997
0.220653
0.267474
0.307989
0.341348
0.397087
0.268253
0.366445
0.279862
0.314187
0.227915
0.362690
0.337865
0.353328
0.374493
0.306763
0.315984
0.304676
0.324021
0.203201
0.256405
0.265759
0.261593
0.346445
0.246971
0.254844
0.278528
0.353043
0.298636
0.304981
0.382663
0.273472
0.344921
0.232506
0.238439
0.330829
0.314755
0.320552
0.265449
0.360863
0.298685
0.373648
0.259924
0.278045
0.290106
0.279486
0.255409
0.347968
0.327420
0.415031
0.352930
0.288236
0.282336
0.372112
0.366447
0.346073
0.343419
0.232130
0.297399
0.298351
0.283177
0.329690
0.267467
0.310548
0.329119
0.284913
0.218864
0.239246
0.190332
0.247276
0.291228
0.325260
0.217065
0.280067
0.259488
0.340429
0.261105
0.216677
0.256317
0.209012
0.170404
0.162410
0.282909
0.201398
0.294007
0.258843
0.291999
0.281123
0.157814
0.237632
0.223359
0.246894
0.250673
0.205718
0.253974
0.181231
0.224512
0.182060
0.260592
0.232819
0.290824
0.275651
0.279355
0.229766
0.255808
0.218599
0.268084
0.310649
0.331895
0.347465
0.346628
0.359458
0.257952
0.327335
0.245791
0.266149
0.241142
0.330415
0.315415
0.314554
0.323676
0.375488
0.389497
0.432585
0.362481
0.395618
0.357324
0.315009
0.492330
0.249310
0.250140
0.312608
0.286781
0.350899
0.336044
0.397687
0.317479
0.286602
0.371575
0.359455
0.395732
0.292766
0.381405
0.314926
0.209504
0.304903
0.287954
0.276485
0.251733
0.322956
0.355372
0.265126
0.278843
0.339135
0.387006
0.314946
0.339125
0.284358
0.326696
0.302929
0.259319
0.312470
0.268403
0.292105
0.318414
0.466766
0.379776
0.350803
0.372981
0.324842
0.253152
0.310826
0.341465
0.358322
0.291265
0.351948
0.359828
0.354754
0.370444
0.342863
0.373368
0.376801
0.402509
0.439997
0.373016
0.386235
0.425361
0.509826
0.419970
0.458729
0.573883
0.348484
0.344616
0.408590
0.326502
0.410421
0.502264
0.525204
0.522142
0.456128
0.399137
0.498315
0.456796
0.516503
0.431029
0.442213
0.508562
0.474009
0.511093
0.461035
0.442145
0.405246
0.469727
0.546589
0.533949
0.541675
0.507788
0.538513
0.450527
0.520459
0.465597
0.494241
0.517607
0.461183
0.567274
0.484611
0.501587
0.519404
0.487411
0.488979
0.612704
0.485196
0.418478
0.463800
0.533945
0.591317
0.585351
0.566196
0.644957
0.626239
0.425212
0.572047
0.604170
0.575820
0.587169
0.668127
0.571091
0.586218
0.606810
0.631549
0.646262
0.672745
0.585090
0.658065
0.638378
0.617751
0.568063
0.614651
0.625992
0.594022
0.629602
0.642349
0.605741
0.630478
0.568809
0.634718
0.660011
0.636078
0.598977
0.622099
0.651640
0.556137
0.487731
0.628474
0.589828
0.603104
0.620559
0.631507
0.607917
0.550564
0.557636
0.632439
0.566117
0.633772
0.526618
0.554537
0.673347
0.553506
0.625490
0.520541
0.492733
0.505500
0.534256
0.568993
0.490820
0.583401
0.546606
0.561964
0.569075
0.579952
0.535928
0.596528
0.570266
0.504114
0.531819
0.525857
0.547493
0.616193
0.542491
0.589812
0.593559
0.528821
0.559080
0.564194
0.477081
0.522069
0.501552
0.476566
0.550239
0.441576
0.543926
0.472713
0.487298
0.545419
0.520705
0.446132
0.395780
0.417819
0.397110
0.504335
0.524882
0.484256
0.467403
0.446896
0.532691
0.453467
0.477680
0.392624
0.485068
0.412217
0.416969
0.455662
0.385177
0.397124
0.427072
0.399153
0.420377
0.475326
0.523492
0.423620
0.426395
0.474211
0.469069
0.484434
0.484020
0.419083
0.435099
0.551408
0.559971
0.528507
0.552533
0.514826
0.543833
0.569637
0.519860
0.531559
0.516973
0.575157
0.603435
0.622141
0.585017
0.585418
0.644602
0.656126
0.655777
0.638451
0.600662
0.614466
0.587201
0.622731
0.478282
0.531719
0.566478
0.555443
0.491381
0.535803
0.442078
0.548236
0.505565
0.552141
0.452838
0.483666
0.445647
0.374129
0.354100
0.405698
0.285747
0.315099
0.488051
0.348221
0.332068
0.328358
0.324274
0.321885
0.363740
0.288739
0.177686
0.222514
0.163885
0.256209
0.136008
0.175164
0.206303
0.295365
0.169868
0.175218
0.164860
0.251587
0.248148
0.102314
0.173234
0.207115
0.186996
0.322312
0.300195
0.240138
0.256587
0.265632
0.304001
0.293971
0.221243
0.169505
0.164827
0.209821
0.260542
0.167545
0.195109
0.305016
0.278753
0.413232
0.347231
0.358867
0.404194
0.335264
0.392143
0.345341
0.315976
0.325976
0.329371
0.367581
0.311008
0.471410
0.384629
0.456588
0.568878
0.462019
0.423896
0.503684
0.490082
0.511705
0.499705
0.513252
0.578332
0.480502
0.545786
0.515980
0.481484
0.481581
0.488163
0.544490
0.555125
0.485243
0.479490
0.469512
0.423607
0.453043
0.516157
0.466535
0.567506
0.484379
0.434353
0.484367
0.509625
0.466951
0.479140
0.486508
0.459898
0.455826
0.494962
0.552869
0.537651
0.451120
0.471701
0.531858
0.572970
0.513233
0.549603
0.538991
0.532634
0.579017
0.484165
0.637029
0.486606
0.526060
0.613916
0.597995
0.540865
0.609465
0.595210
0.553041
0.606811
0.506385
0.538947
0.524430
0.499711
0.483863
0.514878
0.539355
0.549420
0.609662
0.617958
0.609370
0.644054
0.649746
0.581872
0.555298
0.673943
0.586130
0.511121
0.576410
0.509775
0.465589
0.560652
0.602264
0.572342
0.589116
0.574205
0.525618
0.515541
0.517992
0.485865
0.489166
0.428547
0.502418
0.532735
0.546829
0.563777
0.507889
0.533693
0.562676
0.522231
0.611626
0.636999
0.598507
0.612439
0.526410
0.528844
0.598122
0.675540
0.572642
0.513615
0.629198
0.619653
0.551861
0.624369
0.521060
0.534231
0.571191
0.554642
0.589221
0.624806
0.550633
0.430885
0.566593
0.660400
0.601814
0.622919
0.594305
0.633394
0.653969
0.629068
0.655706
0.678782
0.623938
0.610949
0.662834
0.617373
0.571867
0.606759
0.640048
0.611240
0.561830
0.589958
0.627534
0.576748
0.598662
0.610162
0.520693
0.497834
0.491945
0.476047
0.537231
0.487460
0.529566
0.482415
0.540323
0.430119
0.530334
0.520261
0.500901
0.554044
0.575956
0.559818
0.627722
0.613868
0.524783
0.513534
0.522618
0.477839
0.530839
0.522307
0.618158
0.632452
0.535549
0.567398
0.626198
0.597263
0.650721
0.579965
0.659322
0.610925
0.688427
0.681981
0.734993
0.717265
0.661396
0.582121
0.707333
0.797505
0.723202
0.731184
0.698498
0.716685
0.762920
0.747131
0.726705
0.749955
0.721691
0.784785
0.735875
0.777356
0.772457
0.683705
0.746410
0.770756
0.720457
0.716267
0.761636
0.756854
0.739797
0.715310
0.767973
0.747668
0.782278
0.767048
0.800920
0.772282
0.735184
0.704459
0.747796
0.769373
0.779366
0.753917
0.716045
0.764462
0.750431
0.761459
0.751353
0.741247
0.774065
0.792199
0.825132
0.772338
0.741806
0.700458
0.789080
0.794625
0.770261
0.648032
0.694535
0.748907
0.746957
0.763507
0.776262
0.756850
0.735029
0.756232
0.746319
0.727610
0.786736
0.747056
0.783656
0.807230
0.756614
0.706256
0.746582
0.771513
0.778478
0.802906
0.829978
0.765986
0.778838
0.810093
0.777019
0.785733
0.780583
0.771662
0.722308
0.794139
0.729893
0.719300
0.725666
0.723604
0.745048
0.749977
0.743830
0.734609
0.756073
0.704152
0.722501
0.743653
0.764642
0.760538
0.742592
0.840575
0.767023
0.714523
0.709346
0.682405
0.763368
0.763463
0.771208
0.732512
0.765942
0.792268
0.792136
0.841726
0.826868
0.772758
0.762481
0.844144
0.796365
0.758932
0.774867
0.779124
0.809853
0.809913
0.785417
0.755504
0.756806
0.749451
0.794760
0.789445
0.769455
0.736500
0.760127
0.784544
0.768098
0.814826
0.815230
0.730338
0.807882
0.772939
0.825976
0.750170
0.722994
0.794232
0.792720
0.726127
0.789755
0.689604
0.703786
0.830528
0.697954
0.707369
0.722217
0.714047
0.698829
0.710490
0.654151
0.606631
0.662628
0.618189
0.694973
0.682494
0.685906
0.535200
0.551667
0.742096
0.652176
0.491599
0.618005
0.598478
0.586693
0.588967
0.623579
0.551376
0.497073
0.550487
0.588732
0.609667
0.566541
0.469173
0.527381
0.574814
0.524223
0.524970
0.398745
0.414187
0.501571
0.416222
0.553120
0.486805
0.364526
0.447846
0.506525
0.305239
0.384245
0.452768
0.284240
0.546297
0.199507
0.359843
0.374152
0.292491
0.395424
0.357252
0.237005
