0.622430
0.608401
0.490053
0.688529
0.621830
0.683348
0.485255
0.567693
0.662401
0.549922
0.648588
0.606718
0.627354
0.647826
0.648069
0.704170
0.650795
0.687801
0.733148
0.738757
0.760215
0.725536
0.640859
0.747975
0.828314
0.738002
0.712959
0.792512
0.744488
0.780745
0.723610
0.798249
0.700197
0.754806
0.761051
0.778921
0.729389
0.780301
0.678491
0.746744
0.788472
0.722914
0.738311
0.689442
0.674859
0.716511
0.746869
0.732445
0.701899
0.720038
0.758384
0.765527
0.752604
0.775270
0.721948
0.731382
0.823235
0.732888
0.659599
0.744289
0.757811
0.737244
0.802819
0.792844
0.745715
0.796289
0.776304
0.859315
0.838597
0.826795
0.773791
0.829803
0.811240
0.831412
0.781513
0.830107
0.820650
0.856018
0.815223
0.854878
0.800178
0.843400
0.871013
0.882680
0.818580
0.873207
0.814542
0.861169
0.881735
0.876540
0.873011
0.854936
0.824753
0.871753
0.839227
0.828135
0.761663
0.831865
0.819150
0.893191
0.879095
0.884908
0.854160
0.859155
0.888349
0.881921
0.868306
0.912974
0.890838
0.917032
0.925001
0.927092
0.901681
0.920976
0.921987
0.930120
0.922313
0.911911
0.907383
0.928649
0.927996
0.924581
0.915681
0.925659
0.920830
0.934752
0.926199
0.917271
0.901021
0.926324
0.942238
0.960477
0.942048
0.945519
0.934165
0.949187
0.956401
0.948600
0.948413
0.964911
0.956490
0.965542
0.946889
0.959246
0.960610
0.947873
0.958635
0.974518
0.969382
0.977768
0.959994
0.965119
0.976754
0.970124
0.959615
0.972512
0.967021
0.970629
0.967127
0.973723
0.935799
0.959462
0.970600
0.984785
0.973795
0.981883
0.971178
0.968581
0.981822
0.965784
0.939305
0.970035
0.964901
0.972379
0.953874
0.977668
0.951987
0.971010
0.975823
0.987533
0.978163
0.982113
0.965955
0.979869
0.977469
0.978434
0.973496
0.972463
0.963081
0.975065
0.969413
0.979498
0.966319
0.971337
0.976268
0.982791
0.981490
0.984103
0.970911
0.975971
0.967119
0.963083
0.954702
0.979094
0.965288
0.980694
0.963535
0.960202
0.958826
0.945054
0.944076
0.947284
0.946081
0.941867
0.921283
0.936707
0.937479
0.922269
0.912949
0.931499
0.890392
0.909934
0.884080
0.881486
0.856144
0.851009
0.876185
0.900321
0.889903
0.889579
0.846681
0.863511
0.862972
0.802457
0.798996
0.852446
0.794767
0.794443
0.815486
0.811168
0.781386
0.746262
0.839924
0.848987
0.838838
0.822361
0.784089
0.722284
0.774216
0.786461
0.644737
0.655266
0.783746
0.791764
0.747590
0.797905
0.725693
0.788047
0.778554
0.786511
0.764118
0.720663
0.694613
0.711342
0.775985
0.650012
0.695540
0.724576
0.760567
0.759919
0.765320
0.778052
0.803546
0.676149
0.721022
0.749400
0.728246
0.688389
0.663394
0.699217
0.700625
0.666821
0.667273
0.567872
0.587104
0.707512
0.588723
0.605799
0.620795
0.564911
0.573938
0.572262
0.483543
0.514714
0.573894
0.397468
0.462376
0.300775
0.514068
0.404790
0.368844
0.416719
0.275207
0.304810
0.288292
0.462754
0.454015
0.450533
0.405830
0.399627
0.251142
0.341029
0.478335
0.472785
0.418818
0.423680
0.360688
0.349498
0.387108
0.384370
0.392821
0.327251
0.347713
0.270347
0.326789
0.417928
0.384817
0.374546
0.370839
0.340191
0.368907
0.407188
0.428450
0.359639
0.437555
0.474774
0.484828
0.470022
0.422738
0.430949
0.515331
0.400595
0.297906
0.433042
0.479461
0.349536
0.369361
0.249762
0.362174
0.218264
0.252256
0.290027
0.253893
0.271349
0.284609
0.248254
0.336053
0.286112
0.420321
0.341567
0.321996
0.312128
0.314887
0.293170
0.262406
0.281922
0.327117
0.355697
0.194664
0.317858
0.239992
0.300620
0.288226
0.253301
0.291985
0.252453
0.299030
0.253971
0.179208
0.359027
0.174460
0.195970
0.266254
0.346023
0.323705
0.345796
0.301967
0.250044
0.302440
0.312787
0.160399
0.309851
0.324412
0.205619
0.197973
0.275002
0.304448
0.190817
0.254858
0.346422
0.289164
0.378828
0.400197
0.346838
0.337574
0.321950
0.409323
0.353475
0.355031
0.363954
0.341378
0.417249
0.467034
0.399645
0.419124
0.487511
0.448137
0.453125
0.357895
0.354398
0.465601
0.371426
0.373485
0.491829
0.426266
0.431306
0.366789
0.446978
0.373862
0.303655
0.315592
0.485834
0.327632
0.420498
0.480113
0.366509
0.322625
0.414414
0.382984
0.378555
0.464311
0.315650
0.378734
0.424087
0.332329
0.304827
0.371188
0.389115
0.351172
0.349143
0.336313
0.359300
0.388824
0.363780
0.187815
0.333443
0.399688
0.294942
0.327116
0.331381
0.350140
0.274825
0.366606
0.388349
0.303583
0.457644
0.300342
0.363014
0.349560
0.428337
0.376943
0.355387
0.431342
0.285963
0.257659
0.328749
0.308687
0.306123
0.355906
0.405142
0.349327
0.434478
0.337234
0.429598
0.443410
0.378845
0.347383
0.441547
0.428041
0.405549
0.465092
0.385070
0.368939
0.345990
0.433210
0.457143
0.356319
0.476629
0.506296
0.460989
0.521107
0.487506
0.553985
0.436725
0.450715
0.398488
0.505671
0.435209
0.535064
0.540032
0.516764
0.598026
0.509604
0.592136
0.578199
0.655956
0.603212
0.599413
0.588777
0.517482
0.654103
0.610132
0.498974
0.546049
0.580936
0.571250
0.568363
0.602721
0.682492
0.533491
0.581755
0.644960
0.619242
0.639350
0.558990
0.574230
0.626343
0.519868
0.540807
0.576695
0.601919
0.607984
0.595048
0.604987
0.575461
0.618785
0.598216
0.586750
0.575882
0.649713
0.643599
0.591055
0.711090
0.659873
0.603276
0.635264
0.650424
0.662129
0.701292
0.730998
0.671346
0.752607
0.734326
0.747612
0.728247
0.741493
0.706753
0.750357
0.786078
0.740338
0.708589
0.752412
0.702942
0.703780
0.675407
0.768144
0.708410
0.688180
0.719319
0.714197
0.638884
0.663433
0.590523
0.624961
0.676556
0.635610
0.698524
0.563612
0.623707
0.620886
0.564526
0.610727
0.557867
0.622394
0.598594
0.591960
0.682688
0.670521
0.547938
0.642680
0.670466
0.615769
0.595810
0.590557
0.559950
0.565416
0.608761
0.603390
0.453316
0.658771
0.647442
0.669249
0.700581
0.733662
0.646062
0.683659
0.748334
0.721556
0.626190
0.629799
0.698919
0.673433
0.686902
0.757110
0.728403
0.744457
0.759843
0.800490
0.789542
0.770220
0.721182
0.713062
0.870033
0.737926
0.739917
0.811953
0.769703
0.786691
0.770585
0.835590
0.755420
0.775086
0.817888
0.804919
0.709599
0.737507
0.745163
0.761876
0.799640
0.694189
0.766451
0.735026
0.762663
0.731912
0.732337
0.682575
0.653388
0.689094
0.664975
0.676409
0.711690
0.682059
0.688904
0.675456
0.664820
0.698307
0.695144
0.730803
0.663586
0.704618
0.653544
0.721467
0.734766
0.727717
0.702900
0.755188
0.722568
0.761487
0.717555
0.731769
0.753077
0.665746
0.716327
0.678095
0.701664
0.700737
0.729002
0.772324
0.665368
0.698179
0.720066
0.732978
0.691668
0.696218
0.679092
0.639860
0.658393
0.637891
0.641319
0.672358
0.598527
0.633264
0.659965
0.625024
0.631897
0.688182
0.570341
0.542246
0.615355
0.542544
0.569897
0.590765
0.651950
0.560118
0.513068
0.605828
0.621668
0.571953
0.585499
0.569596
0.586190
0.674744
0.645909
0.645539
0.588321
0.612167
0.534310
0.616086
0.721265
0.654190
0.607052
0.571883
0.585852
0.626653
0.557487
0.679895
0.645969
0.706912
0.736018
0.699544
0.733732
0.729112
0.758838
0.738119
0.748446
0.732964
0.655064
0.645697
0.700569
0.659714
0.733715
0.760074
0.649747
0.709914
0.702807
0.712504
0.696922
0.672843
0.647452
0.712193
0.616665
0.575786
0.581880
0.603811
0.598859
0.595312
0.636971
0.672508
0.627142
0.582157
0.611207
0.628705
0.596964
0.598477
0.511914
0.541520
0.546285
0.573497
0.568214
0.457172
0.548091
0.579323
0.551560
0.546450
0.554996
0.580477
0.531841
0.578101
0.631724
0.599154
0.567254
0.605444
0.657696
0.561996
0.522276
0.535825
0.534365
0.550615
0.526263
0.619951
0.665962
0.541912
0.577366
0.509705
0.607727
0.601503
0.450425
0.508440
0.593839
0.573685
0.565202
0.513827
0.483323
0.546739
0.549000
0.639027
0.622787
0.621666
0.629794
0.651951
0.622495
0.599338
0.615743
0.651987
0.642346
0.610993
0.634247
0.602406
0.637221
0.610497
0.631944
0.647220
0.623554
0.681246
0.674155
0.715163
0.701900
0.704549
0.637461
0.757330
0.809768
0.765218
0.717322
0.707627
0.732723
0.772177
0.771699
0.804246
0.785874
0.807741
0.841813
0.860418
0.801014
0.831470
0.812912
0.825707
0.833707
0.826992
0.761169
0.798427
0.778561
0.827638
0.834773
0.844644
0.771248
0.808392
0.881200
0.922739
0.871637
0.912757
0.862973
0.853887
0.890582
0.889310
0.834785
0.899503
0.861941
0.901431
0.888089
0.915023
0.891431
0.912272
0.933822
0.937787
0.921056
0.938753
0.915223
0.933228
0.916623
0.912514
0.869370
0.938356
0.923611
0.939724
0.910249
0.938327
0.891892
0.921165
0.952564
0.965307
0.943848
0.956645
0.947389
0.945050
0.965617
0.952694
0.925712
0.937235
0.906494
0.956586
0.927013
0.949524
0.937169
0.943006
0.956297
0.956984
0.971836
0.961267
0.928243
0.942635
0.938502
0.951816
0.944877
0.958546
0.946371
0.947315
0.932630
0.936132
0.910126
0.937729
0.932349
0.946409
0.948717
0.944877
0.912095
0.931275
0.940393
0.907102
0.928253
0.923391
0.913671
0.914475
0.912927
0.915767
0.870152
0.898087
0.918952
0.929156
0.908709
0.922123
0.889443
0.909893
0.938924
0.929344
0.885011
0.930971
0.910201
0.927190
0.918643
0.911587
0.901039
0.873075
0.882100
0.899072
0.880524
0.903151
0.839390
0.849077
0.904341
0.871172
0.817304
0.839086
0.820828
0.821708
0.801769
0.787768
0.767368
0.645535
0.725706
0.698688
0.756115
0.674097
0.672592
0.619613
0.613002
0.617266
0.534749
0.589670
0.603118
0.518193
0.581979
0.489600
0.424436
0.430281
0.448546
0.421415
0.516320
0.454832
0.344090
0.408835
0.469630
0.409768
0.346277
0.342139
0.337851
0.307870
0.320867
0.286175
0.306320
0.223972
0.236731
0.230673
0.232210
0.311334
0.248346
0.160422
0.375940
0.141643
0.181390
0.267703
0.269576
0.282931
0.251187
0.233430
