0.555145
0.439203
0.301209
0.381552
0.299336
0.260733
0.243016
0.105565
0.339032
0.243743
0.173923
0.131059
0.190475
0.154225
0.185588
0.181511
0.165209
0.194658
0.146565
0.078650
0.098193
0.122302
0.085516
0.112466
0.111019
0.078510
0.093458
0.142548
0.106880
0.047757
0.039809
0.124934
0.045678
0.056967
0.045121
0.019806
0.090471
0.082221
0.069494
0.127729
0.082692
0.083932
0.025206
0.025983
0.069835
0.041987
0.121150
0.073551
0.114952
0.050521
0.012991
0.051854
0.066252
0.027490
0.091373
0.058686
0.086965
0.080709
0.060729
0.049577
0.080093
0.070659
0.041577
0.100239
0.116476
0.074641
0.038211
0.034584
0.005473
0.083014
-0.027589
0.107114
0.176395
0.087408
0.044865
0.067882
0.073279
0.001597
0.081599
0.077296
0.143228
0.078259
0.007332
0.034673
0.034471
0.089523
0.079787
0.109841
0.046298
0.038979
0.042287
0.042746
-0.025256
0.018717
0.062131
0.056968
0.022548
0.019715
0.004672
0.021655
0.032651
-0.016948
0.030653
0.097959
0.056923
-0.022010
-0.018845
0.011327
-0.023468
0.058014
0.028871
0.075833
-0.051783
0.072667
-0.000462
0.003507
0.040823
0.002685
0.006934
0.135154
-0.006882
-0.001044
0.036979
0.036460
-0.014843
-0.030772
0.020003
0.092404
0.023904
0.034648
-0.000984
0.006340
0.026770
0.065284
-0.000613
0.080109
0.082378
0.052346
0.049867
0.040517
0.032059
-0.027715
-0.007778
0.111415
0.058059
0.074446
-0.045168
0.026249
0.102548
0.063681
-0.012750
0.112492
0.073434
0.012362
0.025335
-0.026084
0.034332
-0.018431
0.017485
0.061429
0.047729
0.053497
-0.020535
0.016749
0.076471
0.062439
-0.080040
0.105505
0.085508
0.001543
0.004908
0.022934
-0.034308
0.047262
-0.006516
0.091920
0.016873
0.016683
0.009640
0.046511
0.000573
0.029410
0.014418
0.087635
0.094927
0.029206
-0.008199
0.000517
0.044895
0.004919
0.060127
0.079950
0.027145
0.140544
0.013835
0.068058
0.079887
0.029303
0.097668
0.089875
0.039354
0.019470
0.084948
0.026284
0.096930
0.043554
0.086150
0.101667
0.002470
0.125766
0.075516
0.044183
0.066438
0.164578
0.155547
0.087523
0.095659
0.003020
0.138596
0.085109
0.134007
0.089564
0.122914
0.165818
0.228044
0.075730
0.068702
0.112137
0.086987
0.222543
0.195003
0.139847
0.310650
0.115740
0.096034
0.166084
0.143193
0.060695
0.100647
0.178219
0.095298
0.180960
0.204526
0.216308
0.169449
0.242624
0.179687
0.180822
0.210512
0.167488
0.210679
0.220397
0.222929
0.203619
0.222977
0.337026
0.245768
0.257921
0.264737
0.211966
0.284526
0.264742
0.284885
0.239674
0.333326
0.328407
0.343988
0.331368
0.203417
0.202474
0.326704
0.264027
0.313946
0.324282
0.292196
0.309916
0.320634
0.280553
0.321260
0.351333
0.397355
0.363205
0.305016
0.323832
0.289334
0.354998
0.307689
0.317687
0.332643
0.329107
0.178029
0.241732
0.323797
0.337004
0.369908
0.381828
0.332228
0.319180
0.321464
0.479438
0.404453
0.377523
0.419219
0.511260
0.436145
0.395460
0.406854
0.364766
0.373651
0.516714
0.451686
0.377713
0.517419
0.506313
0.382546
0.503703
0.476629
0.435114
0.425974
0.501384
0.503001
0.417143
0.492426
0.430044
0.488022
0.506367
0.420739
0.537240
0.439302
0.466735
0.410734
0.489301
0.523929
0.445351
0.496252
0.512790
0.466590
0.443479
0.449118
0.402984
0.378086
0.464290
0.405263
0.420368
0.478031
0.382596
0.351315
0.503159
0.436035
0.434043
0.377273
0.429432
0.448753
0.420706
0.391805
0.376089
0.419419
0.456605
0.421666
0.448064
0.460515
0.394190
0.379466
0.350735
0.492901
0.421636
0.450890
0.387514
0.460489
0.429410
0.384544
0.375638
0.508673
0.543338
0.449718
0.512977
0.551432
0.473481
0.571071
0.383867
0.482105
0.422862
0.437921
0.508656
0.478273
0.473036
0.430886
0.451048
0.456335
0.516070
0.428561
0.449950
0.478086
0.425007
0.432895
0.423128
0.401392
0.433059
0.432375
0.466565
0.364328
0.429783
0.493268
0.362633
0.501113
0.381061
0.506249
0.415170
0.520811
0.421924
0.373809
0.483196
0.509138
0.448097
0.447763
0.477468
0.453726
0.450202
0.447246
0.449049
0.410861
0.497313
0.541833
0.476497
0.511051
0.501392
0.517716
0.447321
0.419632
0.391166
0.414293
0.487517
0.540732
0.553283
0.572727
0.595499
0.598248
0.586338
0.452874
0.510962
0.667335
0.555313
0.534031
0.618743
0.591234
0.624542
0.617337
0.679642
0.629223
0.623366
0.633333
0.709799
0.593127
0.645527
0.622805
0.618134
0.655652
0.662119
0.657290
0.661219
0.581135
0.646918
0.565370
0.655823
0.576446
0.666944
0.682135
0.625550
0.645484
0.610546
0.526927
0.635561
0.651149
0.464417
0.513477
0.559885
0.555479
0.574689
0.575361
0.539032
0.434996
0.540750
0.500558
0.599389
0.526715
0.557468
0.473363
0.443758
0.576687
0.470002
0.434464
0.488431
0.521046
0.420816
0.405537
0.554550
0.430487
0.516409
0.516567
0.430444
0.465287
0.471280
0.582880
0.504990
0.484262
0.436827
0.504323
0.450627
0.432237
0.506584
0.518233
0.469260
0.616819
0.519457
0.360216
0.420090
0.380044
0.533221
0.525987
0.535416
0.583199
0.402175
0.336130
0.379333
0.364430
0.375022
0.379676
0.392139
0.419456
0.421967
0.410718
0.377801
0.429713
0.449448
0.528344
0.407335
0.391206
0.362771
0.333391
0.416380
0.385837
0.382253
0.411800
0.527671
0.495882
0.471008
0.459987
0.468532
0.348418
0.380652
0.457961
0.532771
0.464732
0.400287
0.490928
0.421594
0.403499
0.414921
0.430189
0.427379
0.330667
0.387099
0.462596
0.439151
0.367899
0.403411
0.416079
0.386087
0.335128
0.335815
0.332940
0.300107
0.282648
0.322431
0.344379
0.344352
0.430018
0.343957
0.263136
0.349377
0.360026
0.363531
0.379447
0.359440
0.518584
0.340667
0.306346
0.405260
0.338557
0.401866
0.375140
0.493703
0.426747
0.499466
0.487096
0.546568
0.500594
0.525017
0.443029
0.473456
0.497161
0.462474
0.556923
0.537024
0.523777
0.542977
0.548119
0.619533
0.500605
0.628698
0.614239
0.578311
0.506034
0.525656
0.485087
0.535687
0.641650
0.592096
0.664156
0.576311
0.549559
0.595837
0.592668
0.618702
0.573851
0.604320
0.599581
0.636043
0.614843
0.606332
0.552555
0.588982
0.693995
0.583180
0.553737
0.544982
0.499075
0.564092
0.534892
0.592577
0.577289
0.548976
0.564929
0.494721
0.597027
0.551785
0.557558
0.483395
0.542865
0.520009
0.437666
0.504305
0.441729
0.447235
0.458610
0.532033
0.487901
0.525719
0.552409
0.545944
0.512035
0.578237
0.528206
0.518153
0.561179
0.456369
0.435367
0.480500
0.486041
0.454134
0.457053
0.506042
0.485764
0.448743
0.409012
0.465106
0.483012
0.479631
0.397104
0.351097
0.493779
0.462085
0.417616
0.449064
0.465943
0.472413
0.505699
0.499445
0.590253
0.562178
0.529042
0.504436
0.540879
0.595790
0.478968
0.590059
0.677409
0.545498
0.468681
0.517657
0.580027
0.609135
0.603564
0.650640
0.610472
0.540664
0.647943
0.672617
0.633260
0.662862
0.707425
0.600213
0.631998
0.587885
0.492153
0.606277
0.626583
0.624174
0.659838
0.684200
0.660366
0.629101
0.685587
0.735446
0.695582
0.679043
0.575544
0.637961
0.677866
0.642004
0.656726
0.621949
0.573999
0.628832
0.627495
0.660490
0.637090
0.581756
0.603543
0.655113
0.587300
0.671736
0.640241
0.596377
0.705356
0.643648
0.594717
0.664578
0.640735
0.673673
0.668017
0.754443
0.697687
0.679295
0.733337
0.773664
0.693384
0.658711
0.679221
0.711274
0.761279
0.749828
0.702132
0.782195
0.755915
0.732547
0.738629
0.733398
0.738660
0.688707
0.750099
0.732840
0.678454
0.744155
0.725390
0.754674
0.786180
0.733129
0.696345
0.779157
0.781559
0.759110
0.747488
0.803723
0.704826
0.730824
0.765047
0.773292
0.752118
0.699599
0.696332
0.726064
0.708101
0.728379
0.706535
0.697506
0.709944
0.720041
0.723368
0.636986
0.577056
0.623440
0.585442
0.595113
0.620149
0.586286
0.619173
0.665947
0.679495
0.608080
0.627271
0.509845
0.538424
0.517697
0.598574
0.477459
0.543151
0.561242
0.524731
0.472737
0.513412
0.497882
0.463077
0.447847
0.534680
0.434874
0.394388
0.403557
0.457890
0.375740
0.356926
0.455397
0.391346
0.373601
0.320635
0.340825
0.332418
0.359045
0.334107
0.313793
0.404401
0.179752
0.357152
0.312269
0.292591
0.264181
0.319295
0.433793
0.350180
0.363113
0.311601
0.238066
0.239599
0.334708
0.238960
0.281813
0.266087
0.224420
0.194657
0.148481
0.223603
0.230166
0.202464
0.142085
0.242143
0.166865
0.099015
0.098294
0.092097
0.110747
0.194654
0.075018
0.150695
0.100416
0.069982
0.128265
0.091758
0.048513
0.138972
0.139225
0.073502
0.072537
0.047770
0.071163
0.013633
0.075662
0.060307
0.096827
0.007216
0.078063
0.098342
0.035126
0.029261
0.018214
0.067210
0.055310
0.040591
0.110480
0.032096
-0.028602
0.092763
0.124431
0.000658
0.087399
0.094329
0.023686
-0.005861
0.033444
0.023615
0.046969
0.037868
0.098583
0.062127
0.036920
0.052124
0.059004
0.007827
0.065933
0.020988
0.087091
0.137226
0.093101
0.031840
0.079766
0.074636
0.079505
0.017486
0.088664
0.133616
0.117091
0.086028
0.092797
0.037994
0.051430
0.143810
0.090872
0.029737
0.102403
0.083463
0.090732
0.024573
0.045956
0.051819
0.097006
0.089042
0.067894
0.002714
0.039895
0.070385
0.010480
0.001767
0.082621
0.063031
0.018966
0.008372
0.051831
-0.023768
0.004180
0.053014
0.083613
-0.049843
0.037413
0.006124
0.032081
0.031123
0.026150
0.008562
0.129432
-0.032450
0.055245
0.051880
-0.006433
-0.047850
-0.022180
0.090373
0.056413
0.000721
0.072202
0.012878
0.014830
-0.019360
0.033077
-0.003742
0.128933
0.039223
0.001095
-0.001282
-0.015191
0.049981
0.003382
0.052065
0.115079
0.032416
0.030491
0.008748
-0.006179
0.027298
0.111248
0.038397
0.121641
0.092944
0.016259
0.064339
0.028121
0.044827
0.031747
0.047550
0.153712
0.109323
0.195277
0.146734
0.096086
0.131568
0.028400
0.133326
0.109117
0.136269
0.026540
-0.036577
0.148455
0.089781
0.176930
0.165745
0.237186
