0.640352
0.621858
0.493098
0.688690
0.646509
0.676582
0.578768
0.564489
0.717254
0.620317
0.634752
0.471701
0.500438
0.506585
0.588477
0.585881
0.527897
0.542837
0.487031
0.543347
0.424758
0.513700
0.423427
0.367833
0.403928
0.346676
0.322069
0.396136
0.385507
0.302817
0.351264
0.378493
0.262337
0.433933
0.370351
0.449113
0.384700
0.401697
0.412038
0.463737
0.297002
0.472619
0.441862
0.333212
0.319257
0.431991
0.389733
0.511555
0.438629
0.408099
0.391175
0.378055
0.434715
0.456843
0.336470
0.387832
0.330765
0.350166
0.415663
0.321211
0.400452
0.381202
0.274627
0.322326
0.277608
0.368800
0.294917
0.307917
0.323337
0.306790
0.315915
0.309018
0.302793
0.255497
0.263724
0.319107
0.397892
0.365944
0.377124
0.444430
0.324692
0.436840
0.384505
0.356339
0.292866
0.385230
0.302030
0.393587
0.416165
0.355976
0.390056
0.339298
0.264782
0.368039
0.354932
0.370965
0.324086
0.441543
0.373548
0.241508
0.434726
0.493734
0.428167
0.405179
0.503043
0.363425
0.403946
0.397784
0.496423
0.418348
0.394617
0.521566
0.462905
0.416041
0.425387
0.429741
0.344822
0.432533
0.448422
0.382061
0.397199
0.378825
0.335974
0.428116
0.417839
0.334981
0.318853
0.413994
0.373346
0.379368
0.423907
0.364885
0.321888
0.415689
0.391846
0.396821
0.521660
0.435122
0.286856
0.412055
0.394075
0.394927
0.379564
0.362140
0.404954
0.400535
0.380751
0.437889
0.458750
0.526192
0.413988
0.481918
0.580701
0.490139
0.465859
0.422619
0.415714
0.438376
0.483286
0.544131
0.529546
0.574712
0.517850
0.551023
0.574113
0.636824
0.569696
0.501201
0.733106
0.552442
0.453529
0.529560
0.428274
0.561355
0.551460
0.636573
0.577303
0.609625
0.561985
0.600848
0.547357
0.581978
0.484371
0.559240
0.591776
0.519007
0.557515
0.537972
0.522951
0.548287
0.569322
0.603757
0.575770
0.592823
0.618191
0.621842
0.579309
0.629504
0.658581
0.564368
0.675275
0.585948
0.494280
0.571894
0.559198
0.555385
0.595873
0.598838
0.645115
0.676382
0.622119
0.653411
0.606691
0.602515
0.625123
0.624293
0.730937
0.608267
0.569185
0.569406
0.544796
0.544234
0.595483
0.620744
0.567356
0.674106
0.670682
0.630648
0.670298
0.638495
0.627659
0.594324
0.649921
0.597063
0.645432
0.593657
0.559200
0.608490
0.634047
0.663507
0.626054
0.629822
0.661639
0.676940
0.656500
0.613776
0.634412
0.701414
0.677863
0.683765
0.635265
0.641928
0.583031
0.684761
0.617969
0.660056
0.645012
0.639383
0.627829
0.658160
0.536008
0.625699
0.658946
0.554977
0.604893
0.612264
0.487431
0.562693
0.579355
0.565923
0.566247
0.634341
0.635038
0.579779
0.589585
0.573104
0.552416
0.592507
0.548589
0.562808
0.656233
0.543106
0.531017
0.494710
0.509633
0.514352
0.483818
0.566140
0.501146
0.484647
0.508357
0.537702
0.539959
0.540508
0.528006
0.500590
0.524098
0.448790
0.420441
0.479968
0.492036
0.499488
0.519016
0.571093
0.519857
0.435642
0.476155
0.478366
0.395641
0.448912
0.470473
0.435305
0.460514
0.383154
0.476906
0.446821
0.469465
0.355952
0.376446
0.420777
0.305895
0.380932
0.397809
0.305852
0.334677
0.317719
0.350696
0.364632
0.405227
0.282435
0.330035
0.270260
0.343062
0.361812
0.400918
0.351011
0.369875
0.345156
0.391103
0.347556
0.469420
0.391728
0.351882
0.439695
0.423324
0.386906
0.378704
0.391137
0.455810
0.445611
0.404236
0.497656
0.499695
0.469685
0.470203
0.381841
0.459620
0.452138
0.438109
0.450427
0.558410
0.428398
0.504583
0.418545
0.403294
0.489912
0.469511
0.524718
0.475017
0.495173
0.484411
0.483641
0.497710
0.570054
0.469383
0.507708
0.584506
0.460237
0.378609
0.493292
0.410734
0.432969
0.399231
0.485180
0.520630
0.408562
0.445695
0.460853
0.424528
0.437399
0.472988
0.410560
0.486781
0.329412
0.407027
0.450910
0.330981
0.403312
0.372764
0.554802
0.510888
0.471673
0.481392
0.484949
0.361607
0.419580
0.362198
0.397786
0.411379
0.347277
0.374860
0.396791
0.389698
0.312215
0.394397
0.417841
0.362276
0.317360
0.241857
0.216499
0.237248
0.283800
0.347026
0.325396
0.257387
0.299733
0.288053
0.235687
0.254768
0.144714
0.241421
0.302958
0.234599
0.345730
0.274893
0.212820
0.289810
0.264385
0.165331
0.322725
0.341090
0.243355
0.242302
0.160142
0.162266
0.175133
0.141008
0.309690
0.211968
0.305889
0.282165
0.256847
0.342274
0.367951
0.354291
0.379581
0.378542
0.265124
0.195815
0.322845
0.359895
0.257520
0.301298
0.397056
0.382026
0.283067
0.265798
0.308937
0.258045
0.400653
0.271005
0.258932
0.395877
0.343193
0.408837
0.341120
0.254374
0.294639
0.371875
0.405451
0.236913
0.392263
0.348991
0.359441
0.312148
0.345395
0.317103
0.384819
0.371596
0.327657
0.365366
0.339189
0.329527
0.309340
0.350240
0.246717
0.300532
0.350944
0.328516
0.291492
0.308897
0.373975
0.309076
0.281742
0.361163
0.269416
0.220284
0.324658
0.353610
0.230596
0.321202
0.343856
0.264250
0.404781
0.304915
0.337747
0.368461
0.428163
0.480893
0.379479
0.505218
0.332793
0.262314
0.388405
0.352136
0.297376
0.339052
0.448271
0.314680
0.389185
0.410186
0.486541
0.398849
0.476528
0.397733
0.411901
0.428478
0.415897
0.345819
0.392137
0.418659
0.354628
0.449114
0.466441
0.505682
0.389289
0.331007
0.367253
0.450853
0.497881
0.415060
0.366056
0.510045
0.455974
0.391633
0.384601
0.415582
0.404136
0.361622
0.424630
0.342040
0.434930
0.333957
0.372051
0.412418
0.360337
0.349600
0.384506
0.418570
0.278943
0.313461
0.302286
0.239464
0.258263
0.272656
0.256752
0.320979
0.273755
0.248166
0.217920
0.231819
0.318995
0.282968
0.182169
0.361290
0.260905
0.138563
0.204051
0.186378
0.227870
0.193044
0.247479
0.257098
0.319448
0.184986
0.190303
0.276120
0.345020
0.247392
0.223040
0.297163
0.257321
0.203666
0.131372
0.217599
0.215827
0.207846
0.287293
0.261975
0.312574
0.320795
0.276908
0.247663
0.323194
0.325784
0.284498
0.257186
0.289180
0.246849
0.291365
0.308013
0.315184
0.350089
0.390679
0.418157
0.365005
0.365939
0.335780
0.357140
0.372529
0.367774
0.409054
0.306279
0.351951
0.341100
0.413812
0.356296
0.314824
0.401302
0.425758
0.487968
0.322836
0.265638
0.286914
0.401662
0.497815
0.371058
0.282683
0.368464
0.280823
0.262799
0.296368
0.359584
0.255932
0.263149
0.367723
0.361489
0.228032
0.239457
0.227828
0.271543
0.305578
0.264468
0.250677
0.326647
0.223191
0.238776
0.233631
0.175615
0.201094
0.298746
0.289574
0.234025
0.283135
0.270340
0.317209
0.256068
0.271969
0.220528
0.269328
0.352638
0.281416
0.284667
0.240066
0.208956
0.188898
0.229895
0.261514
0.302142
0.184497
0.164710
0.184343
0.110535
0.242058
0.241335
0.187540
0.271027
0.167992
0.164046
0.155720
0.251938
0.144782
0.242284
0.243822
0.204355
0.268743
0.174356
0.182436
0.209952
0.230843
0.201191
0.194482
0.271514
0.190570
0.170718
0.176224
0.174159
0.128056
0.125381
0.249806
0.154420
0.172529
0.124979
0.178055
0.104371
0.104071
0.165484
0.185180
0.159198
0.105658
0.171436
0.142118
0.093438
0.099341
0.155001
0.243847
0.234460
0.280607
0.257190
0.132248
0.177858
0.196349
0.237667
0.231000
0.261580
0.237629
0.198079
0.200574
0.202489
0.168149
0.141788
0.207321
0.232418
0.175003
0.168977
0.145135
0.170494
0.199159
0.190991
0.204482
0.150889
0.143898
0.106536
0.155180
0.172627
0.095178
0.136982
0.198865
0.221140
0.222045
0.229175
0.213054
0.187499
0.211803
0.135750
0.195935
0.269308
0.163302
0.113756
0.157985
0.150432
0.180594
0.115863
0.086396
0.228495
0.141602
0.137703
0.114144
0.136421
0.214518
0.179933
0.178741
0.150727
0.190588
0.050217
0.106296
0.072807
0.085322
0.096387
0.192500
0.240306
0.158047
0.073899
0.121307
0.106993
0.207022
0.132680
0.165036
0.136869
0.090981
0.089395
0.127810
0.089897
0.043301
0.108900
0.071546
0.173024
0.180073
0.084268
0.092066
0.106147
0.135922
0.045515
0.111584
0.108686
0.085286
0.111874
0.098133
0.164566
0.081418
0.058945
0.135142
0.076315
0.084579
0.119058
0.067511
0.097198
0.089249
0.142191
0.166601
0.076885
0.072562
0.073744
0.074216
0.141290
0.061297
0.062193
0.118902
0.183452
0.077324
0.032905
0.156250
0.027400
0.158260
0.206515
0.133869
0.130197
0.195153
0.080936
0.111598
0.072985
0.086528
0.129801
0.145484
0.133143
0.139029
0.091237
0.124774
0.152418
0.223775
0.127348
0.082796
0.206655
0.090304
0.128153
0.080868
0.154515
0.154199
0.032846
0.147453
0.204492
0.242960
0.183866
0.198082
0.027888
0.180999
0.229792
0.208548
0.132738
0.125563
0.113044
0.135935
0.165410
0.146736
0.163560
0.145573
0.223942
0.210012
0.147988
0.177316
0.213651
0.220390
0.206594
0.167369
0.213263
0.204165
0.196635
0.195908
0.122329
0.206339
0.238046
0.277076
0.245171
0.205679
0.170751
0.105279
0.115876
0.219677
0.128767
0.171005
0.245559
0.179180
0.055750
0.186311
0.095201
0.064040
0.122707
0.197451
0.105236
0.167694
0.119088
0.136189
0.131595
0.134168
0.122881
0.124913
0.098381
0.062281
0.047123
0.100247
0.156292
0.032985
0.099216
0.151177
0.135879
0.095200
0.071723
0.084696
0.100697
0.141754
0.019383
0.184862
0.163376
0.020422
0.117291
0.120555
0.113065
0.105622
0.112664
0.169383
0.179866
0.184747
0.163353
0.138083
0.169795
0.138932
0.102070
0.182402
0.205685
0.120257
0.112687
0.136807
0.095032
0.119697
0.126034
0.144034
0.154590
0.148511
0.094758
0.129638
0.116969
0.144266
0.185038
0.157384
0.139378
0.072809
0.145528
0.089911
0.069415
0.080879
0.027332
0.110010
0.168178
0.099698
0.077774
0.103736
0.068003
0.137995
0.119025
0.083667
0.035805
0.052937
0.013476
0.038958
0.084910
0.025847
-0.014692
0.084101
0.005587
0.109522
0.054911
0.019349
0.075707
0.068891
0.020628
-0.064268
0.305642
0.012231
-0.077867
0.198664
-0.010116
0.129517
0.143537
0.261000
