0.514897
0.361794
0.130719
0.304981
0.241070
0.235469
0.069412
0.085820
0.271719
0.204765
0.227700
0.147832
0.226242
0.212394
0.190722
0.265387
0.254293
0.227173
0.183266
0.213488
0.249475
0.340726
0.137327
0.190156
0.369842
0.344760
0.325786
0.238378
0.223085
0.192542
0.310035
0.292560
0.271268
0.408433
0.264683
0.387159
0.386173
0.297175
0.374775
0.325575
0.372148
0.412010
0.352571
0.293689
0.281839
0.361635
0.349474
0.336724
0.334944
0.323735
0.243682
0.473516
0.347960
0.340394
0.357333
0.367283
0.391919
0.311421
0.443014
0.324693
0.302946
0.400167
0.339983
0.385905
0.484296
0.337070
0.285810
0.348274
0.241376
0.331927
0.273762
0.278226
0.351082
0.339473
0.284440
0.348118
0.332240
0.310605
0.309238
0.289035
0.326108
0.302088
0.275242
0.285703
0.352004
0.379746
0.266273
0.374714
0.378682
0.283187
0.427560
0.312107
0.241437
0.357894
0.302140
0.377192
0.290225
0.439727
0.348603
0.425059
0.319724
0.326530
0.344243
0.331508
0.442740
0.269201
0.302685
0.290449
0.387537
0.470366
0.435942
0.460410
0.476895
0.433075
0.486733
0.496575
0.484957
0.403311
0.382841
0.386156
0.466095
0.406563
0.439258
0.488362
0.413833
0.386967
0.428515
0.420504
0.457430
0.433673
0.441109
0.419191
0.430746
0.436317
0.501380
0.395111
0.535711
0.455192
0.366584
0.547260
0.461845
0.420474
0.457346
0.542685
0.479570
0.567530
0.531887
0.546694
0.474499
0.509427
0.511246
0.556367
0.578687
0.541527
0.504906
0.543850
0.484474
0.520199
0.569636
0.565984
0.524120
0.555799
0.637109
0.657839
0.643630
0.730952
0.638962
0.716144
0.767398
0.689792
0.662077
0.722183
0.658604
0.665951
0.729882
0.787515
0.721971
0.733063
0.717226
0.777809
0.755250
0.726057
0.680364
0.724848
0.830377
0.703460
0.699795
0.739242
0.685607
0.668554
0.638966
0.677454
0.653849
0.736072
0.737447
0.780663
0.772516
0.780255
0.747039
0.765486
0.781782
0.747757
0.674126
0.682608
0.636067
0.712140
0.673958
0.780795
0.731156
0.695226
0.720853
0.779518
0.710425
0.751963
0.648599
0.645785
0.737932
0.646884
0.674890
0.683573
0.690467
0.725209
0.709190
0.781707
0.653244
0.775724
0.756057
0.745145
0.717117
0.714515
0.719941
0.701914
0.787385
0.711895
0.708582
0.714603
0.707813
0.743556
0.725887
0.758577
0.638840
0.751899
0.734261
0.775460
0.808614
0.749136
0.682719
0.726067
0.742430
0.672813
0.739548
0.655170
0.620979
0.718891
0.722216
0.775518
0.747869
0.721935
0.739314
0.758782
0.703070
0.722351
0.684502
0.610410
0.743795
0.636599
0.627461
0.576999
0.621099
0.672407
0.607686
0.651284
0.651616
0.604328
0.627745
0.565309
0.593205
0.589274
0.435709
0.521887
0.574378
0.446883
0.509210
0.451140
0.414815
0.419911
0.461254
0.436269
0.360963
0.403963
0.391503
0.413785
0.387584
0.453900
0.290101
0.455184
0.458485
0.435034
0.459769
0.440160
0.381391
0.372694
0.463869
0.514026
0.397628
0.379068
0.391311
0.453603
0.406779
0.425819
0.496329
0.444655
0.347738
0.388167
0.389972
0.376842
0.455998
0.360721
0.418934
0.435644
0.416462
0.384745
0.426062
0.424052
0.306656
0.464170
0.405191
0.415250
0.384643
0.350678
0.300929
0.322919
0.318895
0.290428
0.308160
0.316405
0.336416
0.386787
0.330286
0.322888
0.327027
0.308142
0.337466
0.377241
0.284483
0.359427
0.430998
0.334597
0.383092
0.325697
0.325840
0.468290
0.404868
0.434728
0.404908
0.397424
0.310430
0.417441
0.475107
0.424101
0.354699
0.376945
0.305134
0.377721
0.318048
0.414330
0.360394
0.360576
0.522836
0.352543
0.279485
0.440102
0.411458
0.363059
0.334858
0.349520
0.322125
0.314530
0.347923
0.283053
0.353433
0.333204
0.289226
0.273681
0.322456
0.360915
0.279462
0.408527
0.400817
0.282246
0.362928
0.354118
0.423162
0.351335
0.344225
0.342439
0.309520
0.339966
0.341709
0.346642
0.499305
0.417694
0.367097
0.439459
0.358324
0.358791
0.307542
0.332180
0.397072
0.337583
0.290931
0.372587
0.393278
0.313303
0.376107
0.418758
0.402774
0.364655
0.286410
0.363241
0.288855
0.280730
0.359701
0.387385
0.346105
0.333400
0.384585
0.270497
0.364793
0.398216
0.348174
0.409411
0.334833
0.349408
0.339515
0.344647
0.351613
0.495754
0.296911
0.412761
0.552136
0.450260
0.397957
0.351137
0.431563
0.418249
0.418438
0.501555
0.559792
0.526464
0.492439
0.513876
0.565649
0.475804
0.328729
0.397780
0.622130
0.524060
0.481296
0.490265
0.457757
0.461352
0.521004
0.511147
0.564614
0.519424
0.533833
0.549390
0.574199
0.547806
0.538732
0.536837
0.645739
0.515955
0.592565
0.584333
0.541568
0.534690
0.607314
0.676514
0.527421
0.665208
0.667522
0.682421
0.641739
0.628335
0.637100
0.624915
0.654178
0.615697
0.608363
0.612264
0.614663
0.644563
0.669994
0.722165
0.689886
0.653160
0.696332
0.683936
0.713280
0.659670
0.676431
0.639354
0.702734
0.645290
0.521027
0.632617
0.628258
0.655200
0.607165
0.652156
0.565215
0.578536
0.626766
0.663711
0.680926
0.576321
0.550419
0.618157
0.649369
0.612100
0.617423
0.538339
0.537369
0.593831
0.571803
0.596183
0.616077
0.594554
0.626641
0.605984
0.558623
0.593527
0.542950
0.533719
0.645015
0.652620
0.597282
0.604415
0.551204
0.680989
0.593323
0.660049
0.689287
0.639187
0.703847
0.691499
0.607809
0.584235
0.669286
0.596890
0.758703
0.687207
0.658449
0.693020
0.658410
0.701199
0.668681
0.676527
0.636945
0.688743
0.725145
0.729452
0.674285
0.652262
0.553405
0.675728
0.648173
0.688738
0.718373
0.702276
0.701060
0.708982
0.699298
0.767213
0.687170
0.749411
0.773791
0.762708
0.769397
0.789054
0.718895
0.725240
0.792766
0.722603
0.755320
0.757677
0.677365
0.746452
0.670473
0.748637
0.692436
0.767159
0.759650
0.846830
0.777659
0.808522
0.750331
0.742277
0.810060
0.757948
0.687007
0.741710
0.739396
0.801568
0.799468
0.800100
0.752324
0.798634
0.780556
0.776774
0.748581
0.790365
0.745158
0.708543
0.820874
0.755823
0.670542
0.785731
0.786871
0.743199
0.743721
0.781503
0.743065
0.769930
0.783194
0.835038
0.783522
0.775857
0.754291
0.788353
0.809089
0.799677
0.683713
0.741935
0.736075
0.744128
0.761567
0.762891
0.764710
0.747016
0.743863
0.751884
0.792241
0.792661
0.661438
0.743765
0.798012
0.715184
0.736474
0.763922
0.739740
0.743892
0.751527
0.761034
0.742530
0.696284
0.735622
0.786015
0.709523
0.752810
0.695360
0.711191
0.782741
0.755962
0.679054
0.730756
0.665463
0.703820
0.680243
0.725702
0.716720
0.698082
0.728262
0.674198
0.611544
0.672031
0.613751
0.646198
0.675029
0.693943
0.618190
0.677629
0.649574
0.684628
0.652212
0.709853
0.661119
0.651286
0.670528
0.737750
0.699870
0.696442
0.623507
0.708060
0.694660
0.615458
0.658815
0.623665
0.609000
0.638346
0.662279
0.616974
0.599550
0.539733
0.618155
0.675815
0.630933
0.618298
0.635423
0.533797
0.587749
0.644190
0.565358
0.549332
0.590679
0.582797
0.562374
0.577626
0.591310
0.540399
0.544537
0.596472
0.558783
0.588023
0.556459
0.646300
0.625806
0.531499
0.599978
0.602184
0.636296
0.604312
0.634392
0.606500
0.620059
0.525627
0.507491
0.522696
0.489893
0.541679
0.449077
0.508736
0.576157
0.488069
0.544070
0.520471
0.565423
0.561001
0.499462
0.531817
0.363313
0.501622
0.543279
0.530313
0.423482
0.468510
0.533052
0.512119
0.539631
0.495428
0.421740
0.538561
0.420787
0.395747
0.498091
0.506763
0.448894
0.498071
0.507186
0.435471
0.443533
0.431545
0.441795
0.459642
0.496649
0.419928
0.295690
0.395481
0.437120
0.424213
0.369147
0.497990
0.403798
0.460769
0.425510
0.375299
0.360686
0.463846
0.245541
0.455279
0.400469
0.423008
0.338862
0.325030
0.314134
0.300005
0.225949
0.283838
0.344466
0.365763
0.285420
0.320007
0.300607
0.294550
0.389410
0.312435
0.360720
0.321300
0.470307
0.348755
0.323359
0.406062
0.307905
0.394512
0.413990
0.325121
0.376625
0.438125
0.375712
0.373424
0.442930
0.453983
0.357733
0.408646
0.445105
0.402940
0.332417
0.330356
0.449197
0.451123
0.303625
0.357740
0.335314
0.354144
0.297723
0.296522
0.341728
0.237353
0.154521
0.238458
0.235297
0.184000
0.148835
0.154768
0.185604
0.165712
0.157615
0.159368
0.073550
0.166962
0.142297
0.157831
0.176172
0.111314
0.104003
0.112135
0.043755
0.042547
0.056477
0.106745
0.146139
0.065159
0.057953
0.124180
0.087548
0.096519
0.153670
0.083097
0.104394
0.102738
0.172244
0.059044
0.074163
0.078243
0.112690
0.125184
0.061958
0.196258
0.230226
0.167137
0.134144
0.069306
0.146091
0.243898
0.153558
0.244104
0.254047
0.074698
0.176017
0.083190
0.164105
0.171867
0.218619
0.285875
0.249623
0.220855
0.251698
0.243219
0.197376
0.280214
0.178567
0.217598
0.220012
0.301618
0.225508
0.244331
0.283765
0.183066
0.255076
0.211484
0.319543
0.284376
0.172724
0.245622
0.157709
0.256463
0.246619
0.322044
0.317519
0.318013
0.208482
0.245274
0.231428
0.334523
0.219313
0.310596
0.323110
0.332620
0.228996
0.321567
0.281478
0.241069
0.321571
0.378439
0.303338
0.164140
0.162559
0.276734
0.335262
0.298131
0.364407
0.335372
0.379142
0.322646
0.291689
0.280695
0.408307
0.320532
0.317367
0.276444
0.281047
0.253636
0.412239
0.342699
0.314053
0.274339
0.271847
0.425813
0.374866
0.399733
0.417255
0.444475
0.354650
0.399641
0.303299
0.385771
0.528320
0.377614
0.488964
0.493308
0.486261
0.474330
0.481147
0.524924
0.437704
0.642207
0.637311
0.600633
0.677129
0.691458
0.632223
0.714380
0.748166
0.708329
0.580056
0.698655
0.723471
0.739651
0.703285
0.779848
0.759268
0.748327
0.808448
0.803222
0.782041
0.823444
0.687440
0.743448
0.792173
0.752883
0.760370
0.702349
0.753861
0.736146
0.767069
0.767893
0.737774
0.734337
0.720051
0.737640
0.720957
0.735713
0.792907
0.751072
0.883595
0.703534
0.760579
0.754781
0.747530
0.666293
0.636840
0.298090
