0.556640
0.269628
0.061397
0.196498
0.156871
0.164929
0.059944
0.102420
0.085479
0.099016
0.227961
0.053528
0.177150
0.112880
0.193411
0.131500
0.190654
0.076655
0.097080
0.108517
0.057607
0.157638
0.125451
0.126861
0.244672
0.138999
0.109891
0.107011
0.144336
0.095640
0.094734
0.186795
0.133100
0.179507
0.070407
0.107406
0.203128
0.235624
0.060993
0.162420
0.220797
0.175964
0.198927
0.093938
0.183014
0.124856
0.097414
0.136767
0.170789
0.201343
0.063382
0.167005
0.179377
0.221123
0.139265
0.189563
0.226935
0.181259
0.274397
0.196529
0.179911
0.179538
0.134669
0.306838
0.198653
0.240265
0.132747
0.217356
0.296018
0.314597
0.297930
0.310248
0.321754
0.256803
0.263895
0.262570
0.236140
0.217935
0.290137
0.335600
0.310669
0.282311
0.256823
0.331547
0.340153
0.298646
0.275073
0.402630
0.339651
0.254852
0.232285
0.329859
0.297227
0.320562
0.312235
0.392674
0.377626
0.331912
0.330290
0.358584
0.346148
0.424733
0.333653
0.322223
0.418316
0.305977
0.373092
0.313759
0.422501
0.302901
0.336275
0.382714
0.325437
0.434242
0.419244
0.437716
0.467720
0.383591
0.473708
0.409182
0.463071
0.408344
0.357116
0.336717
0.345504
0.348337
0.379459
0.532705
0.374731
0.369530
0.460012
0.411202
0.315899
0.500655
0.416850
0.361454
0.418510
0.294764
0.316402
0.397060
0.401530
0.295870
0.334073
0.374151
0.358813
0.465767
0.405727
0.423343
0.349572
0.412904
0.394227
0.301143
0.391943
0.298854
0.429605
0.322501
0.296047
0.332173
0.286764
0.362820
0.366466
0.355501
0.365218
0.430689
0.412203
0.395916
0.359043
0.336235
0.525506
0.379371
0.333290
0.380092
0.394745
0.395424
0.430318
0.455052
0.517606
0.426254
0.427306
0.499304
0.488073
0.505174
0.351128
0.463431
0.551759
0.426031
0.424049
0.474590
0.465347
0.463147
0.480819
0.589448
0.530010
0.488945
0.497318
0.473170
0.358624
0.480035
0.408868
0.441017
0.467952
0.460533
0.502192
0.491136
0.387371
0.367222
0.349368
0.382221
0.343999
0.380837
0.388537
0.382077
0.340281
0.426265
0.366451
0.406611
0.431042
0.331670
0.310001
0.333074
0.355507
0.369599
0.352573
0.397103
0.409402
0.374989
0.347932
0.344401
0.358861
0.324482
0.365628
0.440780
0.372135
0.386463
0.361300
0.407071
0.404336
0.404423
0.332317
0.389264
0.299301
0.374024
0.283710
0.329895
0.309271
0.324509
0.344735
0.252674
0.315866
0.237671
0.261496
0.190353
0.261823
0.131383
0.268689
0.240561
0.258330
0.236504
0.134556
0.203461
0.154168
0.208589
0.062168
0.136069
0.139638
0.091697
0.136707
0.143820
0.057490
0.081796
0.048160
0.088335
0.082334
0.111740
0.060703
0.060813
0.092967
0.058470
0.026353
0.083900
0.108921
0.080992
0.036185
0.022758
0.024819
0.043967
0.049868
0.093112
0.011975
0.118007
0.054650
0.015787
0.109761
0.036655
-0.080935
0.128037
0.052258
0.063464
0.049824
-0.012744
0.031937
0.016796
0.047342
0.107496
0.037105
0.092673
0.052550
0.045620
0.092419
0.085825
0.076022
0.144266
0.033134
0.061275
0.045895
0.047103
0.074489
0.049750
0.024254
0.075844
0.075044
0.034195
-0.013325
0.020113
0.030249
0.100196
0.067593
0.118529
0.124662
0.082279
0.065697
0.050914
-0.007503
0.076882
0.004118
0.071325
0.102481
0.098767
-0.012323
0.040787
0.042116
0.093846
0.041989
0.141584
0.062064
-0.004723
0.035739
0.064632
0.077869
-0.015415
0.069661
0.150239
0.080032
0.024774
0.046280
0.039406
0.049565
0.120367
0.034317
0.104596
0.141878
0.017379
0.058709
0.082739
0.149687
-0.002753
0.107626
0.145100
0.057083
0.066141
0.076822
0.113667
0.096344
0.207273
0.196131
0.123403
0.083149
0.127413
0.074534
0.107011
0.102498
0.077572
0.104327
0.161247
0.125289
0.202167
0.125348
0.181202
0.115471
0.159218
0.183643
0.270335
0.155535
0.085724
0.146385
0.180741
0.155626
0.090395
0.141419
0.245630
0.295695
0.141827
0.130432
0.171980
0.131044
0.200321
0.199064
0.155442
0.154849
0.174748
0.160411
0.220266
0.202726
0.152827
0.152122
0.205870
0.251717
0.180478
0.112590
0.146323
0.136910
0.162909
0.059587
0.265446
0.089068
0.135029
0.135316
0.108517
0.117974
0.084765
0.168744
0.060677
0.145581
0.084840
-0.029666
0.073000
0.116263
0.100366
0.033692
0.098782
0.076079
0.103583
0.053697
0.072074
0.082002
0.044918
0.061413
0.108409
0.059354
0.126252
0.047460
0.053279
0.053348
0.102793
0.116654
0.108892
0.027481
0.044321
0.075446
0.074352
0.111271
0.117775
0.115066
0.134000
0.105576
0.131348
0.105258
0.051992
0.141120
0.132897
0.078064
0.096074
0.190910
0.139287
0.059878
0.088880
0.230425
0.109539
0.089912
0.144498
0.159275
0.088706
0.110090
0.128214
0.142252
0.152411
0.210830
0.181058
0.150041
0.104376
0.216494
0.100491
0.055034
0.117417
0.096046
0.159672
0.263618
0.168401
0.115949
0.219369
0.266773
0.277630
0.149507
0.149505
0.376121
0.183334
0.097641
0.210894
0.293207
0.158977
0.196995
0.291763
0.352665
0.243833
0.157412
0.248707
0.125560
0.233262
0.206642
0.166872
0.234459
0.256059
0.112517
0.221153
0.256267
0.184436
0.239275
0.252154
0.245836
0.250304
0.242337
0.210704
0.176141
0.256004
0.171579
0.236204
0.201959
0.114024
0.215446
0.171184
0.155978
0.135239
0.139966
0.130184
0.165185
0.117190
0.051241
0.078531
0.072938
0.162168
0.069285
0.128224
0.195515
0.096070
0.077389
0.087907
0.181892
0.091107
0.078175
0.134699
0.112016
0.095470
0.035318
0.129933
0.089442
0.178661
0.091874
0.121665
0.152442
0.056004
0.099964
0.066887
0.099643
0.115988
0.024072
0.149814
0.153398
0.055274
0.068511
0.097843
0.087581
0.131811
0.057296
0.137971
0.177402
0.044692
0.011301
0.126477
0.059803
0.044988
0.122810
0.154844
0.072759
0.159631
0.097193
0.087489
0.132903
0.143716
0.253672
0.158875
0.112419
0.057651
0.062248
0.126729
0.085216
0.069375
0.093787
0.159158
0.098646
0.126386
0.111896
0.087928
0.068839
0.183502
0.138189
0.135237
0.215542
0.191874
0.183424
0.168206
0.112651
0.139171
0.093770
0.243153
0.245193
0.236128
0.101697
0.151127
0.217653
0.256133
0.121513
0.272580
0.244590
0.160145
0.171038
0.191114
0.216981
0.197947
0.182879
0.186205
0.223498
0.223469
0.234998
0.107462
0.209222
0.294343
0.274552
0.226492
0.254320
0.238438
0.238009
0.235346
0.286890
0.221465
0.247741
0.309630
0.312346
0.193370
0.170090
0.233625
0.206025
0.224915
0.248767
0.241375
0.172560
0.236881
0.252344
0.208905
0.164195
0.176448
0.177370
0.202080
0.272249
0.192759
0.152517
0.224562
0.181797
0.214113
0.056035
0.254060
0.285781
0.178723
0.164528
0.118720
0.224731
0.121141
0.107367
0.139696
0.205220
0.128134
0.101011
0.071828
0.164147
0.112082
0.143755
0.200353
0.078580
0.134112
0.109281
0.122990
0.122801
0.110466
0.149126
0.178599
0.061574
0.233646
0.136843
0.180755
0.050478
0.122072
0.067343
0.104939
0.217935
0.114933
0.096625
0.141684
0.042970
0.107612
0.138563
0.171549
0.091500
0.152196
0.099169
0.133133
0.137550
0.215494
0.135436
0.130866
0.184862
0.143392
0.086179
0.127359
0.151487
0.196557
0.103441
0.151300
0.282499
0.212365
0.176123
0.190804
0.058162
0.144852
0.245504
0.157430
0.211040
0.066045
0.181762
0.159967
0.084853
0.137135
0.142995
0.117693
0.164520
0.088488
0.068935
0.092811
0.095613
0.106419
-0.014797
0.149356
0.126620
0.103470
0.058206
0.095555
0.040427
0.017095
0.046467
0.017058
0.149713
0.136079
0.082404
0.073966
0.069666
0.060309
-0.015135
0.083603
0.132590
0.060894
0.103768
0.039197
0.045021
0.045386
0.005310
0.153829
0.079573
0.121067
0.082897
0.075704
0.106869
0.090108
0.053905
0.114517
0.140261
0.130377
-0.066114
0.007086
0.152104
0.075403
0.092867
0.145470
0.036487
0.176385
0.098201
0.132823
0.131419
0.074922
0.099446
0.158077
0.100450
0.097471
0.138606
0.105618
0.158613
0.089615
0.131886
0.184770
0.188218
0.163526
0.166531
0.136861
0.165661
0.239390
0.144978
0.225213
0.159284
0.170227
0.197210
0.188394
0.175394
0.120486
0.179520
0.246131
0.295486
0.256200
0.188832
0.263363
0.245269
0.269555
0.239836
0.301288
0.375703
0.300423
0.178388
0.249759
0.216423
0.251680
0.315429
0.304140
0.269037
0.316461
0.357014
0.410665
0.291012
0.269797
0.342674
0.292019
0.339943
0.242687
0.252430
0.263278
0.337643
0.268591
0.283193
0.374698
0.329383
0.450498
0.332215
0.324163
0.318275
0.316387
0.320007
0.235792
0.398790
0.256300
0.331206
0.286168
0.242043
0.235976
0.232179
0.341724
0.322956
0.386904
0.279016
0.250997
0.336010
0.406529
0.449921
0.407542
0.372128
0.298932
0.282289
0.354580
0.318233
0.304759
0.355702
0.410449
0.404508
0.398653
0.423703
0.373880
0.331297
0.389349
0.386179
0.410477
0.431343
0.362123
0.333897
0.388854
0.429273
0.490782
0.480108
0.503549
0.396293
0.435053
0.419038
0.474133
0.431206
0.542422
0.446208
0.448116
0.524404
0.428342
0.429259
0.511981
0.411810
0.386934
0.442872
0.472808
0.330820
0.543263
0.538347
0.579845
0.526295
0.482141
0.465994
0.545857
0.534745
0.531563
0.545022
0.473237
0.578684
0.567983
0.582630
0.603712
0.600975
0.604849
0.638100
0.674053
0.633673
0.663479
0.534733
0.622894
0.661610
0.584760
0.568562
0.614078
0.659264
0.618486
0.668960
0.662972
0.592332
0.610632
0.645611
0.622497
0.648395
0.618469
0.580651
0.682717
0.616963
0.635068
0.644952
0.578427
0.558186
0.621870
0.631691
0.669957
0.671528
0.612596
0.596023
0.579956
0.505428
0.599336
0.627576
0.631450
0.601141
0.549467
0.620227
0.604755
0.560567
0.654846
0.636670
0.611649
0.636703
0.601826
0.625904
0.658359
0.640625
0.654317
0.627951
0.633418
0.721962
0.667070
0.627771
0.678402
0.671865
0.662820
0.629700
0.623870
0.706823
0.518300
0.552009
0.640997
0.555512
0.633990
0.640543
0.625156
0.805413
0.624701
0.634543
0.674805
0.650512
0.549398
0.500974
0.275841
