0.509779
0.228851
0.032376
0.122496
0.055127
0.076152
0.030414
0.062681
0.184201
0.155832
0.089444
0.099156
0.126982
0.073340
0.128431
0.168314
0.116378
0.142153
0.064542
0.073938
0.164819
0.091145
-0.054541
0.120324
0.130326
0.070659
0.089041
0.069210
0.023325
0.088638
0.072149
0.104446
0.089403
0.101436
0.047341
0.056924
0.076209
0.133969
0.030658
0.165134
0.067123
0.034965
0.024749
0.037667
0.064542
0.050632
0.045930
0.053548
0.151101
0.070437
0.007646
0.050635
-0.002243
0.158737
0.121915
0.138523
0.091737
0.089779
0.075848
0.098647
0.025190
0.062105
0.016742
0.141483
0.103866
0.143874
0.055897
0.071358
0.022578
0.119681
0.053300
0.170832
0.147633
0.082259
0.113391
0.092018
0.067600
0.009843
0.029915
0.113210
0.046946
0.093824
0.024386
0.037572
0.118882
0.045097
0.086728
0.118735
0.049338
-0.000404
0.031666
0.029640
0.065772
0.085417
0.068864
0.121272
0.098330
0.081803
0.007420
0.008511
0.039982
0.097443
0.026959
0.126612
0.083375
0.014999
0.004268
0.062682
0.124757
0.014046
-0.000840
0.122642
-0.014794
0.096229
0.052380
0.093854
0.094270
0.033959
0.082590
0.134002
0.082882
0.100835
0.014013
0.026725
0.098674
0.042126
0.023902
0.103324
0.146249
0.094191
0.001802
0.047600
0.117802
0.097634
0.091669
0.167551
0.127497
0.127223
0.095549
0.162546
0.165743
0.145149
0.150246
0.179488
0.234062
0.260502
0.183530
0.159657
0.178412
0.186604
0.056721
0.220928
0.182123
0.140212
0.157727
0.169920
0.198597
0.124566
0.144229
0.203094
0.099900
0.166615
0.111585
0.157872
0.158561
0.227168
0.110351
0.175601
0.258579
0.172779
0.167348
0.182918
0.146918
0.139214
0.106668
0.185129
0.239055
0.180857
0.122394
0.170051
0.155518
0.221249
0.111001
0.223396
0.202945
0.144110
0.178531
0.203331
0.206606
0.222616
0.158424
0.226129
0.292544
0.315489
0.255142
0.287913
0.381170
0.420312
0.265791
0.328851
0.509817
0.307728
0.233612
0.333664
0.365861
0.353409
0.418628
0.502543
0.455459
0.427056
0.364364
0.396728
0.385141
0.393224
0.419588
0.358751
0.414421
0.377323
0.379289
0.342938
0.350221
0.318978
0.275457
0.478089
0.370398
0.272433
0.301970
0.352238
0.178517
0.322155
0.422793
0.354207
0.376799
0.264497
0.306492
0.275744
0.263568
0.319836
0.373689
0.260038
0.224694
0.341164
0.317555
0.386181
0.292560
0.371729
0.299572
0.324641
0.316715
0.367639
0.341247
0.320680
0.380418
0.317084
0.315708
0.407572
0.388515
0.460231
0.367043
0.370204
0.358654
0.385470
0.384573
0.286151
0.406216
0.333752
0.317686
0.323468
0.381444
0.294455
0.311503
0.345305
0.424269
0.345896
0.375698
0.348709
0.390658
0.381130
0.302472
0.346401
0.531856
0.319906
0.293602
0.380077
0.249450
0.295832
0.346832
0.324717
0.260236
0.314787
0.214514
0.224308
0.309772
0.224072
0.162172
0.274950
0.328028
0.133673
0.280379
0.277870
0.170164
0.094000
0.157180
0.194639
0.165278
0.176136
0.206413
0.179594
0.231273
0.235508
0.220475
0.175660
0.214386
0.138616
0.168738
0.147244
0.102413
0.101290
0.240238
0.225816
0.138271
0.166507
0.167984
0.153293
0.166357
0.128437
0.120465
0.223073
0.108645
0.118519
0.110831
0.141615
0.118590
0.089372
0.159516
0.157973
0.128721
0.114184
0.093141
0.091962
0.144128
0.080309
0.152763
0.038136
0.215990
0.154981
0.101478
0.125792
0.039050
0.061303
0.075926
0.137247
0.164937
0.196904
0.043562
0.058325
0.093143
0.091452
0.066829
0.159608
0.158650
0.053964
0.094319
0.151334
0.170784
0.113752
0.177146
0.193655
0.121771
0.134321
0.090958
0.074152
0.072014
0.168176
0.182191
0.201964
0.186940
0.134808
0.089367
0.107181
0.036068
0.095509
0.108612
0.130458
0.091363
0.159661
0.079960
0.108289
0.093610
0.098268
0.090603
0.064774
0.141443
0.070539
0.054644
0.032118
0.036438
0.044794
0.067239
0.155619
-0.006377
0.080558
0.057896
0.039734
0.057502
0.070622
0.063180
0.099410
0.067283
0.020444
0.039310
0.040010
0.062346
0.033877
0.051367
0.060446
0.118609
0.082189
0.027945
0.038150
0.023692
0.070491
0.076859
0.082604
0.055402
0.029843
0.039192
0.044411
0.063076
0.035992
0.049896
0.071165
0.061895
0.059786
0.015125
0.047772
0.029185
0.122509
-0.015836
0.113019
0.061490
0.026306
0.024912
0.004311
0.086274
0.060821
0.100363
0.051577
0.117347
0.049543
0.007610
0.056600
0.050377
0.027632
0.075882
0.068803
0.036194
0.098312
0.063969
0.054511
-0.019872
0.016499
0.028363
0.069221
0.043584
0.045199
0.016549
0.059278
0.012323
0.014883
0.062438
0.105244
0.022441
0.020219
0.043394
0.043766
-0.020634
-0.003622
0.039799
0.091195
-0.001013
0.068856
0.021436
0.035472
0.026495
0.118252
-0.074677
0.106636
0.097672
0.056321
0.059416
0.004034
0.074304
0.015625
0.040307
0.079259
0.077735
0.055548
0.057592
0.035377
-0.015454
0.029583
0.063888
0.125920
0.029511
0.075715
0.119198
-0.008697
0.075961
0.026564
0.025421
0.101010
0.081061
-0.001343
0.021737
0.020932
0.021290
0.115507
0.108576
0.088326
0.053806
0.020598
0.040750
-0.019027
0.042910
0.022985
0.069011
0.061918
0.045302
0.029736
-0.053033
-0.001880
0.033091
0.107936
-0.012607
0.118266
0.136293
0.026727
0.042646
0.040370
0.072179
0.043994
0.032708
0.109505
0.065415
0.052174
0.016493
0.065123
0.015476
-0.028630
-0.003331
0.161504
0.037795
-0.026700
0.044047
0.072602
0.025175
0.032307
0.048224
0.078147
0.060775
0.103335
0.027421
0.048288
0.043376
0.134214
0.063300
0.093178
0.062551
0.047119
0.092752
0.040132
0.082326
0.030696
0.104998
0.135353
0.138429
0.098978
0.016867
0.090430
0.107327
0.080573
0.086851
0.133352
0.073113
0.103459
0.061439
0.150859
0.155403
0.077212
0.093733
0.199535
0.120723
0.154913
0.131440
0.129769
0.254354
0.200150
0.227891
0.232855
0.127400
0.111344
0.148340
0.109130
0.122658
0.183464
0.165722
0.252843
0.162539
0.183581
0.130894
0.141672
0.099832
0.131019
0.139543
0.148702
0.148200
0.081359
0.193144
0.161435
0.076152
0.106198
0.130863
0.134976
0.129172
0.100445
0.089455
0.072608
0.051663
0.103373
0.108509
0.196997
0.150835
0.049796
0.039082
0.076297
0.140572
0.051019
0.121471
0.076766
0.091522
0.147375
0.018884
0.089776
0.098258
0.147449
0.095570
0.142391
0.188481
0.130149
0.110145
0.111273
0.019708
0.029671
0.159125
0.180897
0.197951
0.244468
0.154466
0.166130
0.141480
0.257307
0.273302
0.233991
0.220167
0.273266
0.170111
0.249670
0.220379
0.119898
0.198851
0.273806
0.252410
0.228704
0.219329
0.190803
0.243575
0.322208
0.339618
0.178793
0.228199
0.248429
0.243957
0.179240
0.216634
0.169719
0.229058
0.234941
0.186387
0.341502
0.234744
0.263254
0.209037
0.278781
0.282794
0.221459
0.275859
0.161382
0.290329
0.251676
0.201503
0.244401
0.302509
0.325278
0.329689
0.290481
0.223260
0.174827
0.268964
0.324159
0.290212
0.251547
0.358173
0.241735
0.259748
0.187978
0.247510
0.180745
0.164368
0.245325
0.262949
0.315312
0.277276
0.228295
0.324460
0.297058
0.169943
0.230963
0.346392
0.288424
0.228022
0.154750
0.329066
0.279745
0.162348
0.243312
0.271557
0.237019
0.182509
0.180643
0.215987
0.203976
0.304205
0.182809
0.299153
0.159494
0.160562
0.226221
0.182292
0.174459
0.177805
0.246415
0.234982
0.196480
0.189998
0.120305
0.175039
0.175400
0.171553
0.164528
0.153366
0.178125
0.104908
0.206069
0.103329
0.129742
0.144208
0.175937
0.192700
0.177834
0.131408
0.095306
0.098268
0.211069
0.177101
0.115301
0.174736
0.208729
0.174909
0.248987
0.182936
0.089891
0.261947
0.210902
0.138046
0.200880
0.165426
0.186274
0.264362
0.208324
0.110312
0.175219
0.176907
0.158306
0.247263
0.180294
0.231336
0.145863
0.213690
0.272392
0.221709
0.205812
0.156044
0.255371
0.204508
0.257932
0.216644
0.199876
0.290550
0.152438
0.174406
0.128605
0.210993
0.135903
0.174131
0.227357
0.262337
0.252080
0.291644
0.219612
0.291617
0.307220
0.321002
0.254477
0.288072
0.223170
0.150907
0.174061
0.241895
0.164263
0.146085
0.312489
0.243070
0.331830
0.323711
0.274876
0.329338
0.300758
0.351260
0.278429
0.365640
0.207370
0.287083
0.310177
0.320699
0.265140
0.348483
0.425954
0.399547
0.459863
0.419036
0.458047
0.319511
0.394566
0.414586
0.375262
0.459600
0.353859
0.331594
0.405881
0.391454
0.359328
0.371497
0.349455
0.384428
0.399344
0.363749
0.292887
0.348607
0.377053
0.491470
0.381159
0.375631
0.293545
0.286378
0.343727
0.255973
0.328383
0.336902
0.371003
0.347329
0.244323
0.251839
0.348913
0.319535
0.382596
0.282143
0.343134
0.344369
0.270197
0.269702
0.200491
0.277688
0.275737
0.391408
0.280002
0.315799
0.361773
0.296705
0.252646
0.386304
0.366640
0.266473
0.358466
0.406754
0.267246
0.244399
0.322404
0.303397
0.253762
0.388856
0.385234
0.282748
0.313138
0.282240
0.347190
0.325260
0.320559
0.327410
0.293632
0.268060
0.290206
0.290384
0.271680
0.281663
0.190509
0.386554
0.385064
0.241650
0.296418
0.299742
0.269489
0.253230
0.280403
0.308852
0.213982
0.135578
0.202833
0.249931
0.210068
0.163288
0.178342
0.275570
0.213897
0.108550
0.219834
0.091803
0.173696
0.181321
0.131552
0.106252
0.183741
0.115374
0.084671
0.158325
0.127442
0.062806
0.119476
0.154136
0.139958
0.171439
0.114999
0.049042
0.046430
0.146224
0.205181
0.100475
0.185490
0.095174
0.124014
0.111383
0.123291
0.127099
0.067552
0.042773
0.193490
0.160019
0.146204
0.124771
0.112210
0.102577
0.107042
0.003366
0.139644
0.113271
0.070993
0.049084
0.034127
0.045165
0.048732
0.010085
0.128570
0.042858
0.078294
-0.018033
-0.007037
0.045833
0.111721
0.012934
0.112388
0.012118
0.042655
0.017268
0.054260
0.120389
-0.022019
-0.014391
0.111915
0.078012
0.101495
0.015443
0.023829
0.068158
0.020653
0.102247
-0.034227
0.143558
-0.028274
-0.018970
0.216007
0.001099
0.174666
0.234419
0.244710
