0.568803
0.450677
0.361021
0.536650
0.446409
0.437328
0.267995
0.230559
0.473660
0.398327
0.436001
0.316484
0.382885
0.443219
0.448260
0.506015
0.462005
0.387241
0.424058
0.461507
0.342854
0.397008
0.421098
0.437544
0.456563
0.401924
0.437661
0.395711
0.412036
0.412268
0.373107
0.375980
0.328223
0.312015
0.365438
0.383365
0.361448
0.394606
0.434398
0.438138
0.392412
0.367071
0.371107
0.359214
0.294576
0.298527
0.337002
0.380115
0.440472
0.413828
0.420428
0.414053
0.450123
0.395920
0.391789
0.339085
0.474097
0.376986
0.388886
0.361472
0.297377
0.343327
0.344292
0.471876
0.493357
0.478444
0.432055
0.374595
0.373993
0.491513
0.431423
0.444801
0.464820
0.520864
0.551993
0.430559
0.344976
0.413462
0.410574
0.470772
0.400764
0.511374
0.491266
0.440756
0.498162
0.482531
0.444779
0.504542
0.567697
0.532269
0.484464
0.440676
0.408340
0.464390
0.526754
0.532742
0.570302
0.551735
0.542272
0.471196
0.542753
0.509214
0.435930
0.522067
0.597287
0.512095
0.491029
0.501101
0.476655
0.451385
0.413350
0.568787
0.401474
0.474092
0.494594
0.463815
0.406043
0.399188
0.379648
0.410440
0.335615
0.352537
0.373743
0.301075
0.417119
0.339654
0.423432
0.356344
0.355781
0.327920
0.216022
0.308174
0.268763
0.272622
0.315395
0.261840
0.293178
0.251742
0.242565
0.234528
0.326914
0.200597
0.199191
0.178961
0.385465
0.215894
0.192612
0.222609
0.184064
0.336181
0.245067
0.240835
0.370491
0.350077
0.255671
0.278439
0.323204
0.242859
0.181727
0.341555
0.360051
0.256089
0.330359
0.278267
0.277715
0.341982
0.326495
0.334148
0.263859
0.320024
0.421364
0.391409
0.334852
0.359106
0.381587
0.357301
0.366032
0.326141
0.332416
0.288772
0.364068
0.363261
0.254786
0.315656
0.483677
0.373129
0.425003
0.328719
0.338470
0.346332
0.358864
0.374642
0.349104
0.359054
0.348457
0.312543
0.321563
0.248604
0.186448
0.300039
0.406692
0.282100
0.400307
0.349940
0.283391
0.264752
0.223423
0.316705
0.262691
0.261348
0.233829
0.235671
0.152830
0.315784
0.158259
0.183555
0.252347
0.163900
0.242017
0.182291
0.069941
0.110438
0.139430
0.122073
0.191891
0.189330
0.101680
0.055916
0.112070
0.170124
0.156700
0.211646
0.137369
0.117045
0.045379
0.136363
0.105587
0.070041
0.121510
0.174886
0.153855
0.193246
0.127699
0.087177
0.141763
0.099518
0.098850
0.054158
0.206856
0.085207
0.071921
0.051562
0.002673
0.065283
0.026983
0.120366
0.055257
0.091812
0.047583
0.090726
0.114559
0.014045
0.059061
0.114285
0.089318
0.056700
0.053728
0.024024
0.036986
0.040288
-0.000031
0.090825
0.147946
0.029311
-0.063597
0.019712
0.154471
0.055071
-0.008683
0.131731
0.119293
-0.033846
0.051226
0.095206
0.047089
0.089835
0.045137
0.093457
0.097945
0.103224
0.073709
0.051644
0.065403
0.122359
0.142572
0.105155
0.075428
0.080315
0.094728
0.050273
0.034106
0.037869
0.059054
0.087636
0.078894
0.083013
0.031078
0.071884
0.022259
0.039898
0.091311
0.146476
0.076137
0.054570
0.079511
0.077377
0.066339
0.114409
0.140934
0.044583
0.229570
0.183966
0.025056
0.138595
0.074455
0.164313
0.139278
0.231511
0.122972
0.052608
0.117774
0.059500
0.166921
0.098591
0.183267
0.118558
0.138877
0.177242
0.051045
0.100102
0.147283
0.149455
0.124007
0.149933
0.143419
0.084293
0.070415
0.144169
0.166783
0.109761
0.143434
0.209507
0.094453
0.210349
0.120012
0.126056
0.153984
0.121260
0.233691
0.221355
0.100309
0.106096
0.204514
0.203996
0.036558
0.168184
0.178215
0.182257
0.171889
0.257473
0.185486
0.225670
0.261577
0.309451
0.196310
0.237090
0.363046
0.228610
0.230761
0.233250
0.209358
0.162412
0.102985
0.371733
0.309092
0.332109
0.227991
0.277047
0.251319
0.345694
0.295028
0.241625
0.207661
0.205763
0.285255
0.184580
0.208019
0.235356
0.202810
0.244163
0.287833
0.286613
0.199193
0.167376
0.183557
0.193763
0.263460
0.313996
0.249229
0.222680
0.301970
0.242997
0.183184
0.181969
0.246958
0.195325
0.227654
0.233033
0.123305
0.300988
0.274066
0.241577
0.259534
0.318240
0.210584
0.260557
0.347876
0.370882
0.323580
0.352399
0.261717
0.398731
0.427883
0.445799
0.474191
0.371812
0.459343
0.458643
0.369059
0.424133
0.517531
0.425390
0.360890
0.384908
0.493315
0.430630
0.346791
0.391441
0.267030
0.515097
0.374243
0.460999
0.499698
0.539401
0.460984
0.495741
0.508490
0.510580
0.512976
0.511167
0.438392
0.469737
0.443585
0.586321
0.553878
0.593731
0.647081
0.612366
0.690013
0.645235
0.632277
0.641181
0.673033
0.569526
0.597441
0.634549
0.616453
0.643362
0.644378
0.726873
0.612460
0.702645
0.744517
0.769288
0.750711
0.637864
0.666132
0.704988
0.750378
0.666674
0.627441
0.673257
0.724604
0.678060
0.662965
0.691074
0.687573
0.746324
0.732552
0.689757
0.715479
0.700088
0.697755
0.721813
0.780461
0.688222
0.739488
0.718956
0.618281
0.687540
0.721169
0.759011
0.730137
0.716319
0.727288
0.732271
0.760024
0.701770
0.685732
0.678813
0.795547
0.707832
0.634735
0.735147
0.718488
0.741282
0.703222
0.716639
0.653485
0.640705
0.669262
0.745711
0.701602
0.638062
0.685331
0.681936
0.690003
0.701434
0.653185
0.669853
0.705286
0.679657
0.685139
0.636661
0.737229
0.653391
0.668978
0.674253
0.714467
0.677519
0.707183
0.685313
0.725276
0.650233
0.504508
0.633131
0.615329
0.672973
0.649614
0.694153
0.713075
0.695800
0.665214
0.697535
0.724198
0.675912
0.685022
0.701484
0.730133
0.686819
0.640590
0.643963
0.621962
0.676554
0.673542
0.746468
0.692009
0.713741
0.694922
0.739296
0.688545
0.727128
0.659111
0.671370
0.685706
0.695109
0.648037
0.656989
0.722546
0.706085
0.655407
0.705751
0.683450
0.621236
0.686409
0.673985
0.709553
0.706861
0.643336
0.661450
0.736959
0.730182
0.646976
0.723628
0.748398
0.720662
0.710373
0.669825
0.684060
0.606385
0.665315
0.652199
0.657103
0.602939
0.588273
0.580181
0.729515
0.702586
0.654181
0.631148
0.632610
0.640987
0.596814
0.651127
0.650880
0.674520
0.701936
0.663898
0.701752
0.622441
0.650719
0.672609
0.720766
0.670210
0.572433
0.661021
0.658171
0.605523
0.623440
0.605205
0.610022
0.571075
0.701496
0.624596
0.618203
0.689453
0.577690
0.680050
0.692344
0.626745
0.535389
0.683075
0.649692
0.676943
0.723708
0.785876
0.737235
0.710297
0.694116
0.757944
0.733567
0.687435
0.671386
0.676098
0.688869
0.635996
0.636242
0.623853
0.652787
0.688494
0.661134
0.635471
0.663423
0.596976
0.595184
0.658987
0.586276
0.661737
0.589625
0.611076
0.657978
0.618634
0.560994
0.592464
0.587111
0.626992
0.606763
0.617137
0.599932
0.538571
0.524845
0.606305
0.628011
0.680458
0.492309
0.538441
0.646613
0.544692
0.550128
0.565505
0.446454
0.520209
0.529071
0.664549
0.555546
0.601151
0.597796
0.550721
0.565714
0.520730
0.507904
0.519306
0.600315
0.490713
0.389006
0.478554
0.520878
0.465139
0.517916
0.493910
0.446928
0.458889
0.456668
0.466951
0.491671
0.443350
0.438306
0.487141
0.591636
0.466288
0.431362
0.449564
0.442264
0.433430
0.465853
0.467209
0.541499
0.511069
0.499208
0.500646
0.514986
0.506820
0.559148
0.505190
0.518323
0.500195
0.442185
0.504362
0.553641
0.560326
0.617922
0.637249
0.578576
0.591464
0.624791
0.663788
0.590507
0.646026
0.563338
0.583678
0.681803
0.580444
0.556580
0.518749
0.518086
0.511105
0.539224
0.571807
0.513872
0.625556
0.569016
0.572919
0.488595
0.505772
0.491758
0.459151
0.545380
0.478341
0.505478
0.434978
0.461765
0.415391
0.423275
0.434629
0.388287
0.401331
0.391391
0.303095
0.277518
0.338119
0.288897
0.308135
0.333106
0.293726
0.345783
0.356489
0.247280
0.309712
0.304006
0.331183
0.147285
0.313166
0.221385
0.282551
0.197429
0.317798
0.167685
0.194412
0.331248
0.189997
0.192193
0.142739
0.214419
0.179673
0.140030
0.202073
0.191842
0.259354
0.235798
0.156703
0.153633
0.234331
0.177068
0.144549
0.132020
0.119890
0.229578
0.168379
0.143200
0.044839
0.136964
0.146463
0.111136
0.116764
0.032831
0.089263
0.083285
0.121283
0.064588
0.084673
0.149880
0.095966
0.097582
0.080374
0.042099
0.071124
0.109922
0.110048
0.138139
0.069847
0.000395
0.065789
0.042632
0.074451
0.027281
0.142954
0.135114
0.030144
0.064617
0.060917
0.021270
0.028391
0.068224
0.080893
0.043917
0.019649
0.026337
0.002539
0.003190
0.036330
-0.019145
0.072281
0.064653
0.031061
0.032878
0.032177
0.019811
-0.019375
-0.045822
0.060133
0.110851
0.031070
-0.094461
0.001685
0.015188
0.036785
-0.040794
0.056439
0.079499
0.035549
-0.038373
-0.053902
-0.001570
0.018845
-0.005540
0.080281
0.015145
0.061817
-0.045345
0.048691
-0.029634
0.052336
0.032249
0.056978
0.037002
0.016210
0.011664
-0.047666
-0.060846
0.029406
0.007784
0.101871
0.018298
0.032520
0.034656
0.057662
-0.027835
0.083719
0.019825
0.094202
0.050659
0.033044
0.007438
-0.024391
-0.005909
-0.046096
0.060957
0.077248
-0.015391
0.113917
-0.007889
0.010147
0.019070
0.035464
0.043895
0.092334
-0.000987
0.005738
-0.032132
-0.008087
0.057250
-0.040663
0.095811
0.055950
0.051138
0.023122
-0.024985
0.019809
0.018133
0.046018
0.021216
0.133738
0.027848
0.018390
-0.002768
-0.015786
-0.013004
-0.062600
-0.002257
0.078423
0.008816
0.097450
0.040372
0.011480
-0.005177
0.047774
-0.018677
0.086990
0.069718
-0.003419
0.037895
-0.027453
-0.004174
-0.008941
0.046732
0.037599
-0.007548
0.043098
-0.058595
0.005960
0.020529
-0.039903
-0.012827
0.083602
0.018948
-0.015735
-0.024861
-0.063358
-0.029924
-0.032979
0.019640
0.063038
-0.078496
0.038794
-0.047083
0.013158
0.028452
-0.039315
0.010691
0.092243
-0.030373
-0.011034
-0.056315
-0.080133
-0.004514
-0.044902
0.009642
0.016112
-0.008382
0.023127
0.002012
-0.040054
-0.049688
-0.010944
-0.028942
-0.095676
0.019695
-0.039763
-0.149758
0.076938
-0.120341
-0.014802
0.043664
0.234109
