0.508481
0.291768
0.009610
0.158906
0.088886
0.171937
0.064343
0.103044
0.100974
0.057613
0.165549
0.074192
0.171237
0.103427
0.129275
0.138787
0.213049
0.100159
0.029680
0.083454
0.136840
0.161655
0.144040
0.100444
0.210722
0.122545
0.169457
0.097587
0.002318
0.134978
0.201487
0.158639
0.135886
0.232809
0.143796
0.207123
0.253838
0.182226
0.161486
0.238520
0.084384
0.172388
0.207669
0.161330
0.249792
0.190411
0.196775
0.234159
0.308801
0.272821
0.162991
0.172378
0.279416
0.252262
0.258410
0.302100
0.300536
0.274234
0.270413
0.143362
0.283215
0.264630
0.238382
0.251755
0.346137
0.256309
0.169097
0.206633
0.251904
0.292170
0.252809
0.327921
0.368523
0.236633
0.289076
0.259276
0.297987
0.200871
0.264553
0.251588
0.313652
0.242185
0.258469
0.223462
0.286485
0.261669
0.212226
0.329135
0.425412
0.315476
0.226485
0.275352
0.348930
0.312444
0.267881
0.385556
0.399610
0.422942
0.366348
0.378450
0.253954
0.379403
0.476101
0.334131
0.326813
0.259816
0.329469
0.338433
0.417155
0.340477
0.294725
0.289292
0.437604
0.388548
0.336252
0.419161
0.428218
0.404593
0.411189
0.379090
0.444801
0.411001
0.423174
0.377068
0.299608
0.270615
0.409749
0.517312
0.478176
0.479399
0.503464
0.480663
0.381038
0.583930
0.467023
0.488859
0.580905
0.492297
0.468908
0.564564
0.594502
0.514446
0.568452
0.607581
0.511519
0.586692
0.558959
0.609291
0.597453
0.588069
0.572025
0.595182
0.710072
0.662501
0.610760
0.648907
0.655989
0.705753
0.658854
0.708789
0.673424
0.618019
0.673968
0.698044
0.682379
0.692829
0.675627
0.633118
0.705263
0.634143
0.672485
0.659061
0.657233
0.688203
0.709048
0.678032
0.649450
0.690440
0.694587
0.735199
0.755759
0.695014
0.658637
0.669218
0.719368
0.721543
0.704081
0.615297
0.621470
0.639567
0.690057
0.658286
0.727741
0.649584
0.648055
0.649663
0.661206
0.639401
0.658623
0.629193
0.657494
0.622070
0.497453
0.642529
0.620679
0.646120
0.616284
0.611948
0.580089
0.545968
0.559170
0.656777
0.537055
0.555644
0.537768
0.540430
0.552715
0.472836
0.575214
0.499918
0.552012
0.541729
0.603174
0.579986
0.562776
0.600226
0.563268
0.620445
0.554805
0.483424
0.622910
0.596528
0.641637
0.596361
0.468504
0.573625
0.587500
0.643646
0.607707
0.624744
0.554765
0.600932
0.598351
0.677511
0.623084
0.655538
0.612256
0.564934
0.691512
0.558024
0.506741
0.613473
0.584565
0.573352
0.575720
0.672157
0.591987
0.622394
0.610669
0.656844
0.578820
0.592031
0.560572
0.547415
0.683603
0.522703
0.559978
0.606888
0.582025
0.598322
0.588238
0.626282
0.607245
0.523611
0.529547
0.604770
0.530754
0.576387
0.612172
0.561938
0.620503
0.533116
0.461311
0.470687
0.511120
0.499666
0.500820
0.582142
0.510777
0.469990
0.522383
0.561127
0.534563
0.487923
0.464731
0.442947
0.526210
0.449492
0.463795
0.487603
0.449901
0.426442
0.468445
0.488676
0.436820
0.521348
0.512283
0.546134
0.512733
0.476625
0.558585
0.488306
0.458402
0.401885
0.424952
0.490739
0.492824
0.450132
0.543792
0.608773
0.491966
0.551924
0.608147
0.674063
0.547180
0.505807
0.530100
0.606823
0.578991
0.588402
0.581799
0.516573
0.546460
0.578383
0.602433
0.631793
0.611881
0.611584
0.667761
0.695488
0.604068
0.483559
0.555905
0.638538
0.570211
0.538596
0.647960
0.562617
0.573129
0.606649
0.552288
0.563509
0.520389
0.470439
0.511828
0.504651
0.445897
0.502942
0.489003
0.490827
0.579877
0.448139
0.441130
0.446751
0.375286
0.365341
0.481905
0.496465
0.519004
0.483607
0.429431
0.438315
0.514472
0.512636
0.440131
0.458493
0.502307
0.448785
0.408047
0.480100
0.483639
0.462806
0.469683
0.488808
0.582843
0.478034
0.464033
0.550560
0.549386
0.496356
0.511621
0.526555
0.505875
0.425559
0.513117
0.463844
0.516711
0.541722
0.613686
0.641568
0.568499
0.554684
0.559473
0.633261
0.636976
0.589143
0.569471
0.635258
0.632450
0.698603
0.585166
0.559475
0.564025
0.656750
0.656859
0.713255
0.662761
0.650906
0.685493
0.648668
0.651318
0.669585
0.735504
0.710315
0.719209
0.758119
0.633248
0.664142
0.642374
0.677441
0.715272
0.719834
0.680593
0.722876
0.725391
0.757280
0.755725
0.675154
0.661095
0.683228
0.723327
0.671290
0.667310
0.686038
0.699117
0.708744
0.654180
0.704896
0.670681
0.673723
0.710857
0.683380
0.671385
0.709199
0.700462
0.721933
0.672790
0.705323
0.717064
0.721862
0.713234
0.701809
0.640041
0.704895
0.719596
0.685551
0.685320
0.716218
0.723269
0.742045
0.626265
0.565935
0.715392
0.649104
0.487694
0.663686
0.574011
0.571708
0.581338
0.649101
0.540694
0.609977
0.659401
0.742733
0.705095
0.710396
0.729682
0.686847
0.736083
0.656432
0.602778
0.693526
0.681426
0.753640
0.698731
0.762261
0.767624
0.727750
0.792308
0.852240
0.811365
0.823860
0.778074
0.717774
0.843068
0.780270
0.706062
0.779688
0.732908
0.769313
0.792903
0.804164
0.754689
0.802812
0.822145
0.802301
0.740555
0.761718
0.715893
0.733441
0.777087
0.734398
0.651861
0.677530
0.720362
0.613605
0.679342
0.673281
0.617008
0.624931
0.673954
0.671865
0.726307
0.724238
0.709793
0.690654
0.741329
0.734478
0.670873
0.688666
0.657205
0.656351
0.679338
0.746895
0.726659
0.679749
0.724296
0.719119
0.672856
0.723131
0.677781
0.655462
0.693720
0.586619
0.678301
0.683703
0.642968
0.636763
0.653547
0.640462
0.522301
0.684965
0.674571
0.684233
0.703966
0.691814
0.632243
0.612472
0.778597
0.680443
0.575529
0.679590
0.671455
0.638621
0.627090
0.707534
0.632222
0.705129
0.726471
0.712168
0.711592
0.700233
0.725338
0.693236
0.804645
0.671038
0.547649
0.667832
0.685583
0.649894
0.730628
0.758488
0.672073
0.686777
0.698798
0.723799
0.733823
0.663795
0.644462
0.623714
0.678782
0.592534
0.610307
0.629344
0.643353
0.627932
0.630490
0.631371
0.625774
0.565526
0.603983
0.611234
0.557940
0.577549
0.632722
0.597029
0.613476
0.571950
0.608548
0.613108
0.552054
0.557224
0.580141
0.680758
0.513669
0.656974
0.680079
0.655134
0.622457
0.614320
0.553586
0.596528
0.668499
0.540316
0.588752
0.576073
0.552345
0.575105
0.577656
0.599274
0.659560
0.534677
0.561588
0.582266
0.622394
0.682317
0.633971
0.681830
0.647854
0.585591
0.553094
0.628912
0.626230
0.620282
0.645991
0.654064
0.646889
0.590345
0.566605
0.583884
0.614119
0.634104
0.603119
0.588364
0.605134
0.564852
0.587910
0.593860
0.532231
0.653905
0.580889
0.641882
0.568709
0.570990
0.507524
0.564043
0.543835
0.531162
0.423039
0.572927
0.547015
0.492489
0.491504
0.495927
0.437048
0.473635
0.428071
0.366295
0.364647
0.360291
0.357739
0.287587
0.373996
0.380810
0.296871
0.358589
0.451262
0.257805
0.307793
0.336317
0.387382
0.292965
0.342174
0.386883
0.477112
0.390877
0.438557
0.508981
0.438146
0.433967
0.528774
0.430479
0.471600
0.407096
0.140322
0.464000
0.464685
0.368718
0.405245
0.485854
0.449483
0.538019
0.522575
0.464255
0.479190
0.519929
0.520624
0.461215
0.619020
0.452610
0.383140
0.426997
0.460418
0.411474
0.450445
0.473536
0.464921
0.521228
0.490699
0.467196
0.467278
0.486746
0.463566
0.432617
0.536720
0.461782
0.458937
0.482152
0.480389
0.424266
0.436611
0.523744
0.469608
0.506039
0.553733
0.552379
0.517705
0.437136
0.372439
0.450926
0.533507
0.478616
0.425164
0.454713
0.511817
0.498165
0.423377
0.482741
0.410067
0.540761
0.465492
0.552367
0.589368
0.382789
0.391273
0.406482
0.581280
0.414678
0.394334
0.404426
0.458732
0.420848
0.407285
0.457956
0.519577
0.524353
0.482051
0.407833
0.534935
0.475196
0.487846
0.610581
0.623453
0.566148
0.445024
0.488887
0.591366
0.540960
0.571047
0.639572
0.537022
0.618818
0.620860
0.632682
0.537143
0.620771
0.591003
0.533843
0.625512
0.623763
0.612468
0.656105
0.651731
0.664456
0.631773
0.712652
0.616892
0.607292
0.683914
0.670052
0.644962
0.614333
0.652522
0.663825
0.691914
0.639698
0.640403
0.642470
0.612577
0.632229
0.578057
0.613286
0.614515
0.562940
0.647644
0.576950
0.582237
0.613834
0.545027
0.605351
0.660661
0.574443
0.633226
0.626643
0.602094
0.598381
0.653337
0.630944
0.664213
0.547576
0.588403
0.655821
0.581914
0.586805
0.552090
0.641975
0.663200
0.576069
0.638696
0.635808
0.656141
0.591383
0.539400
0.547983
0.572859
0.607242
0.619527
0.650458
0.593123
0.613074
0.588602
0.465200
0.638744
0.593997
0.543636
0.476129
0.463080
0.510438
0.506392
0.585617
0.523929
0.517515
0.532398
0.465631
0.529676
0.486692
0.413416
0.567183
0.583688
0.497057
0.575806
0.579733
0.510360
0.583264
0.516817
0.557016
0.551438
0.521684
0.501717
0.434374
0.481799
0.514340
0.506146
0.503376
0.564110
0.504167
0.533293
0.559855
0.506606
0.473377
0.478504
0.492602
0.414565
0.383195
0.380360
0.415244
0.400392
0.356344
0.447877
0.402736
0.430630
0.336711
0.387195
0.387894
0.296121
0.347411
0.354269
0.429196
0.298321
0.341174
0.346790
0.342782
0.313938
0.406969
0.351185
0.338967
0.312200
0.295018
0.222077
0.233441
0.211027
0.222457
0.226172
0.191554
0.210569
0.169160
0.176381
0.184575
0.210422
0.209710
0.196787
0.173944
0.195275
0.072662
0.080943
0.146936
0.127201
0.166152
0.136923
0.185816
0.323855
0.134890
0.070718
0.169984
0.164407
0.211222
0.123325
0.095623
0.275004
0.072556
0.142858
0.171755
0.161333
0.084794
0.101388
0.181059
0.104474
0.157033
0.123811
0.096537
0.136976
0.169474
0.194041
0.118268
0.170231
0.129438
0.101754
0.114858
0.126268
0.080912
0.131943
0.137623
0.184630
0.180540
0.127289
0.198511
0.294002
0.271149
0.166073
0.210224
0.311277
0.265042
0.193134
0.199844
0.229182
0.183971
0.260226
0.337871
0.315713
0.314809
0.280975
0.298832
0.296283
0.382089
0.372156
0.296083
0.562361
0.312235
0.271130
0.456459
0.357889
0.341450
0.316253
0.261305
