0.695529
0.765994
0.710217
0.874560
0.843308
0.849939
0.793468
0.835275
0.887528
0.843180
0.839245
0.851513
0.840594
0.912105
0.910934
0.937333
0.906670
0.888952
0.911025
0.918322
0.891100
0.914086
0.880691
0.898091
0.905839
0.875125
0.884326
0.863985
0.853779
0.865868
0.882077
0.813221
0.769621
0.813477
0.824451
0.846605
0.852870
0.904707
0.820659
0.862681
0.884761
0.816236
0.809900
0.822032
0.780985
0.849749
0.844327
0.853493
0.788286
0.859726
0.892197
0.933227
0.898549
0.912434
0.857150
0.898344
0.888748
0.882529
0.868208
0.889160
0.882154
0.886514
0.889271
0.903750
0.910751
0.893797
0.895207
0.913037
0.904914
0.928774
0.888591
0.884256
0.886806
0.876992
0.875088
0.899088
0.895833
0.890794
0.894709
0.869185
0.852048
0.834945
0.849322
0.900475
0.875876
0.869979
0.773269
0.857924
0.876961
0.853305
0.776668
0.832163
0.826479
0.779952
0.791801
0.751167
0.670541
0.749923
0.748880
0.770461
0.791618
0.701789
0.773880
0.693132
0.778253
0.788111
0.669914
0.716967
0.741931
0.693003
0.726969
0.740939
0.658871
0.778655
0.805315
0.713123
0.757538
0.733305
0.676991
0.781268
0.817642
0.736629
0.708624
0.727350
0.757276
0.717991
0.775402
0.753619
0.745332
0.664338
0.771472
0.781454
0.741565
0.719375
0.690134
0.666874
0.737347
0.756620
0.655203
0.662844
0.704013
0.711240
0.678481
0.626085
0.717408
0.653066
0.699018
0.695629
0.684298
0.664096
0.617362
0.585968
0.701102
0.592815
0.597189
0.684930
0.677469
0.645315
0.634374
0.686558
0.654187
0.663330
0.692263
0.631745
0.640066
0.614781
0.556153
0.639281
0.673606
0.603480
0.671621
0.572944
0.618784
0.582495
0.598831
0.655868
0.548172
0.467993
0.487464
0.544150
0.451090
0.521301
0.470953
0.550710
0.424529
0.498253
0.446218
0.439469
0.535749
0.520803
0.515275
0.571458
0.515750
0.514685
0.556971
0.471245
0.386865
0.488209
0.468050
0.401171
0.506773
0.511054
0.556972
0.431725
0.414113
0.466696
0.449253
0.462708
0.502346
0.595936
0.591071
0.550670
0.540323
0.540612
0.559231
0.633289
0.606321
0.550674
0.596145
0.597721
0.575532
0.525015
0.611904
0.633622
0.569881
0.630950
0.653920
0.648596
0.650238
0.641768
0.601238
0.566210
0.623899
0.666050
0.681109
0.639551
0.635341
0.689629
0.668020
0.725712
0.760605
0.717093
0.734664
0.727682
0.792902
0.705773
0.703545
0.722535
0.786225
0.738110
0.707960
0.741057
0.774284
0.691596
0.694673
0.726670
0.773350
0.686261
0.772565
0.782645
0.757038
0.720248
0.686712
0.720765
0.716524
0.735575
0.726697
0.738622
0.764576
0.796296
0.773899
0.716291
0.780210
0.779497
0.729698
0.782445
0.688385
0.690560
0.679543
0.750334
0.766708
0.771242
0.699703
0.760051
0.754766
0.781429
0.761033
0.745485
0.769406
0.722659
0.748740
0.840544
0.802298
0.741649
0.747818
0.773598
0.828699
0.799736
0.700424
0.763638
0.806798
0.784234
0.732851
0.766792
0.768877
0.733221
0.834010
0.831401
0.867744
0.889096
0.831995
0.880813
0.887240
0.890413
0.844718
0.849944
0.824987
0.862152
0.856100
0.876533
0.858716
0.884622
0.900049
0.888069
0.901237
0.895808
0.873410
0.857461
0.894849
0.858796
0.795720
0.888594
0.905781
0.892812
0.849059
0.858088
0.801213
0.821945
0.830977
0.852544
0.886796
0.890812
0.811740
0.847438
0.871685
0.857477
0.806915
0.798989
0.768466
0.720562
0.788068
0.824789
0.742651
0.735650
0.791462
0.836741
0.733821
0.779383
0.748169
0.739330
0.772147
0.739436
0.688438
0.735573
0.733014
0.709431
0.748387
0.746322
0.634185
0.768924
0.750577
0.785524
0.792832
0.799650
0.762272
0.757807
0.779046
0.719887
0.689061
0.759819
0.757076
0.732006
0.754645
0.819017
0.726882
0.760746
0.796421
0.822344
0.745187
0.771872
0.750301
0.796346
0.751097
0.764606
0.768880
0.763422
0.783729
0.782029
0.786398
0.818124
0.705113
0.801318
0.755798
0.764608
0.799251
0.785523
0.665483
0.737214
0.799646
0.688927
0.700122
0.725634
0.738257
0.731429
0.694906
0.712503
0.651369
0.698341
0.745415
0.624763
0.673521
0.624415
0.619283
0.671524
0.716615
0.606700
0.526607
0.646239
0.662496
0.651052
0.659486
0.685044
0.660746
0.618914
0.627217
0.647096
0.634513
0.656612
0.668057
0.658079
0.645095
0.689978
0.583365
0.656246
0.634494
0.630397
0.639792
0.686982
0.685839
0.674435
0.692684
0.656504
0.645316
0.639863
0.692961
0.718984
0.616325
0.645694
0.562159
0.668370
0.616011
0.683082
0.687195
0.713684
0.642742
0.652078
0.669483
0.718999
0.661624
0.602078
0.579485
0.595446
0.648771
0.649330
0.655181
0.680106
0.666629
0.653836
0.606514
0.640353
0.701056
0.668158
0.677588
0.611882
0.642225
0.669342
0.552100
0.637224
0.702391
0.660919
0.731995
0.718685
0.689279
0.708610
0.731232
0.725871
0.725322
0.666198
0.729824
0.660703
0.657573
0.744528
0.702253
0.725006
0.825522
0.789836
0.623693
0.767975
0.746342
0.746722
0.728984
0.781537
0.674047
0.713619
0.748572
0.791310
0.759048
0.762657
0.764534
0.773519
0.781606
0.735887
0.742252
0.720270
0.730759
0.712714
0.739051
0.731935
0.697139
0.766347
0.742643
0.759602
0.746836
0.748803
0.685187
0.708604
0.738758
0.735570
0.622514
0.674453
0.717301
0.723074
0.701385
0.730639
0.688501
0.688039
0.696208
0.680933
0.732308
0.642564
0.625308
0.698002
0.690796
0.634702
0.728412
0.680923
0.738656
0.721265
0.716012
0.688181
0.663828
0.620061
0.614969
0.691241
0.640155
0.608803
0.562942
0.617385
0.670679
0.627559
0.605976
0.576011
0.514888
0.605956
0.590937
0.527057
0.556517
0.443409
0.405031
0.560268
0.509039
0.472105
0.502931
0.460858
0.513572
0.518864
0.387206
0.470628
0.507614
0.485825
0.476897
0.536622
0.595934
0.604180
0.544991
0.596160
0.589049
0.609899
0.529720
0.580448
0.647255
0.575491
0.505459
0.608312
0.684691
0.636766
0.669886
0.679046
0.647779
0.656264
0.693128
0.685820
0.717672
0.691455
0.612850
0.674303
0.732232
0.682793
0.642911
0.644830
0.613132
0.665743
0.682087
0.661218
0.656825
0.603731
0.602756
0.603175
0.675516
0.657732
0.594097
0.596584
0.711080
0.646039
0.589652
0.707776
0.697966
0.658484
0.660121
0.724440
0.599773
0.702913
0.653108
0.665320
0.642083
0.611176
0.599416
0.656388
0.678295
0.648414
0.660937
0.590604
0.563581
0.552538
0.568476
0.666805
0.557425
0.670124
0.677241
0.645201
0.626610
0.663613
0.570816
0.634557
0.692985
0.661595
0.628186
0.575834
0.636818
0.608710
0.627780
0.693519
0.610420
0.589189
0.595191
0.640672
0.609737
0.642411
0.635966
0.563605
0.713968
0.653288
0.603976
0.556435
0.668865
0.598567
0.603758
0.686877
0.579597
0.663871
0.652658
0.636767
0.638114
0.613481
0.488682
0.550605
0.620952
0.563892
0.536503
0.531343
0.560596
0.520928
0.503868
0.456280
0.478729
0.522842
0.521129
0.603503
0.575441
0.622883
0.523467
0.547927
0.646392
0.563162
0.505667
0.490553
0.533617
0.533875
0.612912
0.654102
0.635242
0.627081
0.660017
0.645434
0.673773
0.664790
0.694258
0.628201
0.621917
0.635585
0.597899
0.615749
0.636201
0.649103
0.661105
0.713673
0.681575
0.625387
0.688233
0.756559
0.717743
0.657941
0.628280
0.697028
0.709035
0.649514
0.684785
0.639520
0.642180
0.669228
0.643351
0.644083
0.564966
0.667957
0.626708
0.603931
0.639941
0.678732
0.635039
0.661147
0.655251
0.572836
0.599769
0.584634
0.630191
0.627888
0.625647
0.734303
0.715338
0.651628
0.679145
0.679083
0.726885
0.663641
0.677101
0.683829
0.690632
0.721866
0.652433
0.625612
0.667368
0.722547
0.736718
0.689750
0.779473
0.734709
0.765534
0.840654
0.793928
0.806378
0.715521
0.789446
0.777842
0.698497
0.686654
0.726825
0.765979
0.739871
0.813115
0.841983
0.767397
0.806725
0.807749
0.774559
0.841170
0.803571
0.702370
0.794415
0.809877
0.764855
0.835473
0.807819
0.737774
0.814521
0.816296
0.844832
0.803829
0.856568
0.844325
0.854941
0.873526
0.821240
0.853194
0.840672
0.867861
0.884307
0.820058
0.857580
0.827716
0.846157
0.820396
0.840449
0.828406
0.896342
0.850198
0.891129
0.868682
0.849821
0.843883
0.874399
0.877272
0.880101
0.877413
0.916419
0.905636
0.928992
0.889316
0.919922
0.900048
0.916828
0.919678
0.941850
0.889684
0.917510
0.885261
0.906043
0.941211
0.907154
0.895851
0.927198
0.923215
0.924783
0.900110
0.918160
0.873208
0.912320
0.944317
0.946871
0.937893
0.948857
0.927683
0.943685
0.933928
0.930604
0.918993
0.937481
0.930601
0.923859
0.890257
0.909552
0.906540
0.913520
0.941268
0.960730
0.968367
0.955968
0.951801
0.956229
0.960466
0.968088
0.947483
0.982634
0.969475
0.969179
0.963991
0.975745
0.965451
0.966858
0.978960
0.989404
0.984676
0.988460
0.982933
0.987857
0.983563
0.978469
0.977400
0.982071
0.980385
0.986868
0.985089
0.982349
0.969319
0.981210
0.986200
0.991950
0.991369
0.993164
0.981596
0.990283
0.985787
0.982097
0.979591
0.988925
0.985563
0.987400
0.990240
0.982868
0.956016
0.977902
0.986264
0.992156
0.987227
0.992621
0.978876
0.981665
0.988473
0.985974
0.973149
0.984232
0.983060
0.986300
0.981360
0.986897
0.976258
0.986394
0.990804
0.994984
0.989674
0.994298
0.980879
0.992922
0.991538
0.991868
0.986139
0.994831
0.989178
0.993256
0.988771
0.989542
0.982642
0.989783
0.994086
0.996203
0.993642
0.996463
0.992221
0.993614
0.995722
0.993844
0.987606
0.995124
0.991753
0.995353
0.993754
0.994370
0.988377
0.992311
0.994305
0.996638
0.996402
0.997052
0.993446
0.993377
0.995205
0.994797
0.989121
0.996294
0.993935
0.996138
0.992527
0.989354
0.986697
0.989199
0.991261
0.995645
0.993339
0.993742
0.985101
0.986028
0.989804
0.990554
0.982822
0.990645
0.988701
0.990853
0.986855
0.986702
0.978724
0.940506
0.932820
0.975666
0.955963
0.967691
0.982011
0.983352
0.979653
0.946094
0.976491
0.959052
0.959234
0.901641
0.887889
0.300160
