0.596294
0.633289
0.501283
0.669973
0.599572
0.576128
0.575388
0.578720
0.610269
0.510922
0.570853
0.453532
0.459839
0.529346
0.539366
0.560668
0.529621
0.622450
0.522452
0.614595
0.650136
0.741132
0.674641
0.665660
0.748375
0.635460
0.579530
0.648496
0.651969
0.658501
0.691000
0.735550
0.690307
0.675998
0.702287
0.676647
0.647546
0.669692
0.682020
0.690573
0.746372
0.642329
0.640098
0.701381
0.626676
0.724497
0.621225
0.695459
0.706476
0.644657
0.653620
0.716090
0.635479
0.695758
0.632599
0.644938
0.697119
0.659886
0.459686
0.607895
0.588060
0.560030
0.560269
0.576912
0.616208
0.468807
0.528156
0.502881
0.578704
0.545794
0.494699
0.472413
0.432565
0.442648
0.476821
0.405719
0.491261
0.441785
0.440509
0.458280
0.506572
0.370470
0.451069
0.453007
0.351941
0.429817
0.386508
0.427834
0.423751
0.402091
0.472965
0.421375
0.352116
0.293908
0.418532
0.384809
0.320532
0.418587
0.294814
0.362153
0.334753
0.291731
0.450995
0.356511
0.310733
0.370058
0.396429
0.324801
0.342266
0.233617
0.376652
0.382636
0.321528
0.466916
0.402426
0.362108
0.420272
0.396598
0.236464
0.386201
0.422487
0.439348
0.519593
0.394556
0.362639
0.379297
0.395940
0.437288
0.374693
0.361186
0.370381
0.330905
0.396609
0.317541
0.267980
0.323611
0.464879
0.385684
0.319966
0.329743
0.310372
0.296617
0.309364
0.387406
0.277794
0.337444
0.308992
0.349390
0.306961
0.316075
0.359930
0.356387
0.430504
0.233855
0.243124
0.342549
0.356580
0.224019
0.342306
0.336069
0.264242
0.289407
0.219401
0.210959
0.200352
0.220690
0.254896
0.174515
0.292065
0.165316
0.235358
0.220266
0.280186
0.180320
0.216174
0.301634
0.280938
0.234239
0.163923
0.214459
0.117072
0.224067
0.183678
0.205660
0.118093
0.213695
0.129128
0.184540
0.163270
0.148871
0.147849
0.152078
0.107067
0.215206
0.114547
0.062766
0.114611
0.153802
0.111499
0.170977
0.172291
0.112284
0.090580
0.107634
0.131855
0.103642
0.145242
0.172080
0.155826
0.218381
0.129683
0.114338
0.235004
0.150649
0.145080
0.130525
0.184541
0.113147
0.141504
0.074731
0.063472
0.087734
0.107173
0.085018
0.105589
0.129971
0.047688
0.102003
0.100013
0.123358
0.159832
0.119685
0.084688
0.071871
0.030794
0.069374
0.147731
0.065259
0.054978
0.066590
0.155293
0.110406
0.066696
0.106905
0.041354
0.124032
0.217814
0.132774
0.090847
0.119926
0.054784
0.079727
0.076383
0.043153
0.073210
0.098068
0.038570
0.073625
0.075144
0.112720
0.071292
0.114709
0.054683
0.099619
0.108380
0.047962
0.043987
0.046014
0.071758
-0.025623
0.134766
0.120452
0.097398
0.070453
0.012520
0.054471
0.014666
0.035663
0.009443
0.111432
0.068899
-0.019193
0.003608
0.062152
0.015146
0.003502
0.046732
0.060062
0.024681
0.060555
0.031852
0.055899
0.013669
0.042510
0.053483
0.120316
0.014214
0.008305
0.091207
0.003376
0.017029
0.018420
0.025673
0.110141
0.028303
0.103124
0.037553
0.098231
-0.005897
0.057108
0.059915
0.099393
0.105780
0.045194
0.122713
0.117311
0.107562
0.111611
0.054593
0.068185
0.133653
0.206129
0.102671
0.204551
0.204522
0.231134
0.130002
0.156540
0.241839
0.155807
0.207904
0.147697
0.229929
0.157419
0.155373
0.240417
0.319208
0.316587
0.248293
0.300129
0.297445
0.385897
0.305259
0.350014
0.392903
0.320092
0.311040
0.351851
0.327032
0.292467
0.339871
0.398493
0.385093
0.346870
0.368165
0.445079
0.435579
0.446346
0.423801
0.359735
0.574390
0.374452
0.250978
0.393039
0.361380
0.274977
0.327505
0.454098
0.358876
0.443091
0.407346
0.426022
0.449672
0.430089
0.430609
0.302600
0.408005
0.353389
0.252789
0.396057
0.355547
0.280673
0.381292
0.408902
0.251182
0.388233
0.302872
0.329558
0.389714
0.337988
0.282837
0.342852
0.297739
0.284511
0.339150
0.275328
0.271249
0.264666
0.337014
0.353661
0.339671
0.384117
0.332017
0.241270
0.338193
0.345018
0.306587
0.432535
0.410482
0.295589
0.282554
0.295534
0.296539
0.214119
0.194774
0.189249
0.240871
0.312973
0.243732
0.410162
0.352044
0.297782
0.210333
0.199388
0.432270
0.265924
0.188413
0.285945
0.240944
0.245969
0.242088
0.348980
0.408035
0.274662
0.258829
0.382778
0.281841
0.343705
0.362837
0.246816
0.368449
0.208958
0.227695
0.225566
0.228827
0.163730
0.219869
0.323294
0.211193
0.307932
0.172464
0.232938
0.237933
0.281521
0.340566
0.300023
0.309029
0.274902
0.319096
0.277207
0.371200
0.305265
0.289511
0.330652
0.480558
0.308378
0.328986
0.289320
0.323689
0.364071
0.343692
0.396462
0.495529
0.344325
0.435766
0.476229
0.388809
0.424233
0.445391
0.555822
0.570657
0.526678
0.557747
0.472389
0.517312
0.594024
0.489004
0.588562
0.571582
0.504765
0.537873
0.554997
0.535583
0.564687
0.604639
0.535104
0.417523
0.608953
0.560166
0.516241
0.563885
0.541566
0.532406
0.527425
0.660311
0.586169
0.619708
0.550959
0.564252
0.546692
0.553391
0.618664
0.511206
0.593661
0.616280
0.720156
0.654126
0.681478
0.642484
0.683413
0.687642
0.684349
0.669198
0.594853
0.610847
0.661101
0.677225
0.729044
0.712203
0.617539
0.661090
0.691985
0.627217
0.715570
0.688165
0.586817
0.696790
0.622816
0.468082
0.649439
0.665421
0.625571
0.598006
0.651225
0.612233
0.559605
0.594003
0.558911
0.654117
0.545066
0.430580
0.562145
0.535246
0.549888
0.551770
0.503415
0.583143
0.580317
0.549522
0.548650
0.594363
0.486903
0.559478
0.537547
0.485022
0.539790
0.520781
0.509145
0.597489
0.506189
0.502552
0.518707
0.426033
0.533687
0.498356
0.545375
0.531939
0.501180
0.453768
0.403038
0.443411
0.540990
0.482698
0.510734
0.497839
0.448504
0.460272
0.425161
0.503318
0.443604
0.450600
0.490171
0.493004
0.416818
0.476892
0.489238
0.431520
0.465744
0.425387
0.466920
0.520932
0.545812
0.418093
0.423377
0.494538
0.447121
0.410967
0.554591
0.556052
0.420855
0.440003
0.425396
0.457655
0.359125
0.330122
0.520941
0.430803
0.415362
0.440092
0.491731
0.442614
0.354167
0.323051
0.366852
0.354861
0.337387
0.396202
0.323484
0.358430
0.291407
0.390896
0.290289
0.368973
0.334151
0.334560
0.314197
0.304380
0.315118
0.205515
0.334640
0.318301
0.405190
0.332705
0.356443
0.446053
0.423869
0.359770
0.404420
0.504431
0.253140
0.223422
0.293696
0.385998
0.407375
0.467227
0.478862
0.437129
0.454539
0.403023
0.395218
0.453847
0.434152
0.272489
0.362943
0.384223
0.331943
0.307622
0.373156
0.349910
0.234706
0.336464
0.407030
0.400382
0.318419
0.317245
0.336151
0.306601
0.337226
0.297324
0.216991
0.428732
0.277240
0.244456
0.232214
0.227056
0.249890
0.140136
0.229279
0.260665
0.270123
0.253653
0.319557
0.286178
0.290231
0.223650
0.294013
0.269273
0.272050
0.342130
0.259390
0.221112
0.233876
0.315313
0.341758
0.424389
0.250591
0.190336
0.254906
0.231613
0.292505
0.212475
0.285054
0.257438
0.230070
0.240422
0.222956
0.311105
0.193367
0.218532
0.212220
0.211840
0.311795
0.252065
0.266768
0.205964
0.283629
0.274096
0.240699
0.303988
0.218256
0.109972
0.260851
0.173364
0.145031
0.190445
0.251827
0.113385
0.261477
0.165791
0.208304
0.151311
0.249957
0.201453
0.140255
0.276402
0.144984
0.276564
0.175791
0.134294
0.265274
0.201707
0.264536
0.143275
0.173370
0.152121
0.145802
0.138556
0.216376
0.112861
0.206868
0.156061
0.089306
0.043728
0.139471
0.231731
0.043703
0.145315
0.104771
0.075620
0.122850
0.059639
0.117416
0.128257
0.161650
0.088070
0.151931
0.081812
0.019908
0.091390
0.076683
0.040550
0.015501
0.047724
0.117966
0.148382
0.252396
0.067082
0.096832
0.217565
0.157020
0.244827
0.161239
0.075979
0.094179
0.118547
0.215560
0.131174
0.117032
0.137780
0.135271
0.213477
0.246255
0.246478
0.232543
0.248151
0.215248
0.233845
0.232959
0.185809
0.182080
0.190971
0.162803
0.214672
0.227929
0.165934
0.211012
0.262627
0.220173
0.144158
0.196220
0.266972
0.177220
0.224644
0.244657
0.277846
0.255654
0.269180
0.230336
0.271378
0.168042
0.241502
0.242727
0.172057
0.231133
0.161569
0.130056
0.141360
0.194064
0.228175
0.159230
0.205941
0.190111
0.192105
0.199245
0.145746
0.144497
0.161367
0.212893
0.289110
0.275022
0.240135
0.272732
0.229516
0.309432
0.288001
0.305629
0.332317
0.331939
0.243627
0.300079
0.261298
0.272549
0.261980
0.344348
0.441517
0.399187
0.338527
0.389007
0.426549
0.501560
0.343657
0.433415
0.497475
0.419113
0.508041
0.519484
0.493301
0.513888
0.542890
0.571219
0.614403
0.525274
0.524706
0.496779
0.520530
0.478215
0.534040
0.606567
0.580763
0.536423
0.556856
0.603824
0.577465
0.612836
0.598920
0.612933
0.464776
0.593924
0.622377
0.605461
0.522407
0.524833
0.464831
0.566260
0.620967
0.637549
0.660281
0.504334
0.509987
0.547669
0.493114
0.557297
0.424085
0.486479
0.549049
0.538413
0.516223
0.453383
0.485190
0.522894
0.551782
0.508223
0.511956
0.482977
0.562975
0.494067
0.505346
0.532140
0.547623
0.568613
0.605797
0.655612
0.708928
0.671733
0.614446
0.657594
0.743237
0.696301
0.608987
0.662418
0.655186
0.669571
0.688491
0.771163
0.736972
0.761679
0.803248
0.814370
0.799096
0.853484
0.767491
0.799546
0.834448
0.812813
0.732135
0.819928
0.779392
0.786938
0.802856
0.797290
0.782295
0.785807
0.824665
0.841608
0.840139
0.854533
0.816332
0.830083
0.868516
0.838199
0.773359
0.760587
0.738736
0.819840
0.818534
0.846021
0.755182
0.799950
0.829941
0.861590
0.834964
0.771367
0.706851
0.744063
0.785248
0.732757
0.743387
0.728364
0.740784
0.731068
0.674509
0.683646
0.646421
0.688468
0.726288
0.756648
0.710425
0.730587
0.680586
0.679469
0.739222
0.681699
0.662292
0.719897
0.672862
0.676023
0.714166
0.800170
0.736866
0.671641
0.698385
0.718676
0.676072
0.747504
0.785698
0.780057
0.852741
0.713416
0.777267
0.770321
0.732261
0.678690
0.630657
0.254851
