0.516820
0.273577
0.023612
0.156930
0.070365
0.141612
0.081524
0.124505
0.151129
0.082497
0.142230
0.073524
0.157890
0.120053
0.175218
0.138467
0.156757
0.147027
0.071315
0.118014
0.075404
0.066018
0.093220
0.102100
0.116182
0.049019
0.115496
0.084583
0.017746
0.100524
0.054788
0.090921
0.040502
0.126681
0.103346
0.098940
0.066237
0.038371
0.036582
0.184938
-0.004659
0.058680
0.118507
0.121120
0.081438
0.066793
0.047832
0.052546
0.124493
0.085986
0.072697
0.046231
0.030669
0.115796
0.109181
0.135894
0.058475
0.126201
0.117456
0.015308
0.050885
0.077052
0.044793
0.129353
0.131822
0.168174
0.134937
0.153125
0.104804
0.137186
0.175515
0.229733
0.147040
0.108431
0.061826
0.131440
0.196880
0.085820
0.158095
0.168365
0.211088
0.170686
0.068319
0.171745
0.164642
0.249469
0.127110
0.213562
0.148707
0.112140
0.057132
0.086179
0.135190
0.129511
0.140892
0.193028
0.163522
0.145636
0.139779
0.173530
0.138015
0.263661
0.109957
0.144484
0.235422
0.119565
0.193626
0.099554
0.216630
0.167419
0.113481
0.172015
0.177930
0.247596
0.178629
0.199269
0.274901
0.229427
0.201996
0.180476
0.231459
0.176729
0.309906
0.214556
0.267415
0.170707
0.238428
0.286005
0.292953
0.388789
0.388240
0.315565
0.366931
0.429187
0.398222
0.398838
0.477337
0.457905
0.480193
0.419623
0.491243
0.465925
0.512208
0.521800
0.576359
0.550977
0.540536
0.495726
0.572404
0.607406
0.520711
0.560908
0.613534
0.643473
0.638999
0.596464
0.675390
0.598063
0.633345
0.623173
0.648853
0.699588
0.680869
0.688807
0.741984
0.710645
0.674516
0.638370
0.749500
0.662421
0.658308
0.669334
0.676508
0.672334
0.689920
0.741599
0.708129
0.674884
0.673262
0.730585
0.751510
0.729955
0.651207
0.664715
0.733561
0.733480
0.688471
0.612365
0.646258
0.689155
0.613525
0.687709
0.661351
0.619783
0.701916
0.696289
0.691923
0.723899
0.662469
0.682659
0.780474
0.726335
0.700049
0.741859
0.693152
0.693185
0.702896
0.725777
0.679187
0.676461
0.750758
0.732353
0.669322
0.701171
0.658311
0.653849
0.715811
0.644206
0.633644
0.626585
0.665390
0.597636
0.641602
0.610497
0.536920
0.593255
0.629864
0.613546
0.629810
0.592908
0.581384
0.549707
0.622470
0.567090
0.581302
0.528660
0.494699
0.507868
0.547642
0.546351
0.537898
0.458593
0.504951
0.478269
0.450159
0.515933
0.471731
0.452431
0.538323
0.459970
0.515685
0.455736
0.474355
0.470119
0.484166
0.540126
0.496757
0.525267
0.468400
0.436505
0.440307
0.505420
0.482156
0.410310
0.478993
0.411361
0.448235
0.408538
0.383166
0.336324
0.377110
0.377297
0.272985
0.420005
0.305298
0.282018
0.349217
0.406784
0.480652
0.380457
0.401873
0.306233
0.323634
0.387743
0.368099
0.321559
0.443876
0.470212
0.461822
0.418950
0.421407
0.468180
0.398343
0.398614
0.433215
0.410759
0.349283
0.394826
0.390808
0.365682
0.443734
0.393975
0.312282
0.413962
0.345839
0.447978
0.524569
0.441851
0.475661
0.355350
0.384635
0.477644
0.419508
0.340169
0.360046
0.347404
0.291267
0.364328
0.359837
0.404458
0.355193
0.354195
0.365232
0.345438
0.352823
0.388896
0.469605
0.344336
0.374145
0.402270
0.326973
0.311145
0.331450
0.401396
0.365973
0.396327
0.419639
0.279041
0.265818
0.397914
0.278568
0.318696
0.321503
0.306437
0.393442
0.327961
0.276516
0.325102
0.259429
0.284747
0.312628
0.274795
0.283019
0.330124
0.236167
0.297298
0.212475
0.335843
0.331668
0.311853
0.341871
0.252166
0.395551
0.323914
0.352825
0.324404
0.416517
0.479267
0.299174
0.449579
0.358984
0.358526
0.339645
0.396571
0.363833
0.401331
0.395801
0.361769
0.392690
0.431923
0.390929
0.362383
0.446755
0.443038
0.427236
0.464151
0.414826
0.490216
0.464019
0.456697
0.451951
0.373009
0.532734
0.421195
0.419133
0.436778
0.429535
0.416118
0.426669
0.435313
0.351389
0.413250
0.395709
0.447180
0.418667
0.475585
0.474323
0.401453
0.434829
0.343985
0.453828
0.483175
0.386133
0.426961
0.419576
0.516241
0.499357
0.507304
0.489102
0.470418
0.506775
0.597782
0.464264
0.490368
0.586910
0.470847
0.417892
0.468864
0.444926
0.430529
0.461107
0.566941
0.491597
0.495951
0.486696
0.501759
0.438700
0.449924
0.489751
0.461640
0.473515
0.403698
0.334749
0.446488
0.445262
0.377832
0.463689
0.460080
0.340731
0.550966
0.511143
0.433258
0.480149
0.434665
0.445501
0.421755
0.481446
0.404362
0.378025
0.441714
0.445690
0.451256
0.490142
0.486150
0.483838
0.405755
0.394463
0.406148
0.432488
0.501113
0.507900
0.499279
0.506297
0.546209
0.493498
0.488229
0.408563
0.483401
0.454681
0.571496
0.586027
0.435923
0.458714
0.518870
0.428374
0.437248
0.300704
0.402259
0.497507
0.402092
0.406885
0.395249
0.335837
0.350492
0.336307
0.301636
0.353305
0.306746
0.266540
0.333822
0.303167
0.290968
0.249236
0.211800
0.437864
0.244481
0.212787
0.291678
0.271163
0.262507
0.266925
0.359825
0.307235
0.309810
0.248208
0.286202
0.264444
0.361656
0.253878
0.192772
0.281015
0.210673
0.310533
0.224593
0.319433
0.220570
0.181607
0.332983
0.161924
0.308861
0.292748
0.317551
0.322102
0.269078
0.218121
0.222568
0.273746
0.312733
0.299347
0.256605
0.246855
0.215255
0.327266
0.211623
0.370920
0.292742
0.136382
0.226707
0.216369
0.348049
0.290099
0.271532
0.442294
0.255141
0.408230
0.404501
0.397502
0.373723
0.357199
0.461309
0.394299
0.417567
0.389694
0.463608
0.409035
0.459223
0.418052
0.460971
0.438438
0.391964
0.427642
0.379326
0.435084
0.502569
0.451011
0.511746
0.439496
0.388867
0.390438
0.382049
0.342318
0.358511
0.368685
0.382291
0.288607
0.314412
0.391129
0.407683
0.456016
0.333648
0.425003
0.386213
0.266121
0.329157
0.265885
0.297828
0.273446
0.324992
0.309987
0.343359
0.334400
0.279699
0.298970
0.244714
0.338512
0.264677
0.269618
0.284747
0.308538
0.291888
0.265204
0.235872
0.246594
0.330674
0.268058
0.282041
0.352987
0.269935
0.255100
0.246359
0.285561
0.316972
0.221803
0.411655
0.271930
0.512718
0.431253
0.407969
0.428991
0.283065
0.283745
0.352302
0.409429
0.359580
0.444131
0.338277
0.310032
0.381757
0.322191
0.464625
0.369339
0.406027
0.457128
0.402860
0.407903
0.394766
0.403605
0.429247
0.409347
0.388536
0.525558
0.342265
0.399829
0.449207
0.411006
0.443400
0.456334
0.390650
0.315809
0.397094
0.337130
0.393174
0.446366
0.397032
0.418148
0.393670
0.311996
0.361418
0.360532
0.314382
0.291349
0.406152
0.378726
0.371737
0.334863
0.356900
0.318765
0.408223
0.371017
0.332960
0.396856
0.362089
0.274377
0.316089
0.393546
0.290623
0.325936
0.430488
0.319093
0.326870
0.424381
0.387784
0.444980
0.402583
0.372436
0.367173
0.390844
0.277483
0.210693
0.319752
0.290139
0.214117
0.212326
0.312118
0.318171
0.419785
0.368506
0.425557
0.414403
0.414933
0.526720
0.312233
0.531155
0.390937
0.225893
0.400728
0.412399
0.349304
0.460187
0.486534
0.518699
0.461077
0.486375
0.506690
0.433111
0.498437
0.509621
0.345570
0.498201
0.504627
0.446611
0.445898
0.473322
0.451710
0.505118
0.524320
0.479212
0.485418
0.573709
0.533863
0.550160
0.491595
0.616789
0.516456
0.593698
0.559467
0.488756
0.575039
0.582083
0.541782
0.579569
0.558222
0.542923
0.596853
0.565061
0.583614
0.603191
0.627613
0.610999
0.662264
0.681103
0.637541
0.630330
0.598433
0.593551
0.595100
0.604492
0.674460
0.640490
0.633719
0.666616
0.734083
0.696280
0.626392
0.663112
0.676991
0.706094
0.659298
0.683765
0.708185
0.696280
0.763039
0.733907
0.764276
0.696525
0.716826
0.752843
0.765051
0.745201
0.791995
0.707026
0.773414
0.772042
0.740102
0.747666
0.719088
0.761538
0.765680
0.779980
0.789392
0.679432
0.765634
0.781936
0.782577
0.806947
0.798461
0.638534
0.759370
0.832684
0.766239
0.711912
0.807773
0.765797
0.763643
0.749819
0.815021
0.772738
0.785292
0.775610
0.801879
0.759075
0.810981
0.740272
0.771330
0.834299
0.776431
0.751340
0.794748
0.762650
0.749317
0.801606
0.765963
0.748296
0.777942
0.797798
0.819781
0.805958
0.832338
0.777117
0.807922
0.815216
0.767395
0.674643
0.779936
0.751670
0.773744
0.735890
0.773382
0.794003
0.790360
0.792052
0.822582
0.768289
0.790112
0.751834
0.746251
0.802936
0.776712
0.755769
0.826838
0.801625
0.795082
0.799061
0.815546
0.768807
0.823477
0.855905
0.848270
0.846825
0.858287
0.828596
0.846627
0.898158
0.851166
0.800373
0.822943
0.824185
0.803466
0.825472
0.831009
0.798598
0.835397
0.841651
0.866798
0.847819
0.860977
0.810394
0.843220
0.851500
0.836824
0.813289
0.848204
0.830157
0.856161
0.829278
0.849774
0.828229
0.843029
0.871286
0.903190
0.846686
0.870713
0.859831
0.869145
0.923719
0.859701
0.804364
0.875841
0.841119
0.871486
0.851061
0.842874
0.834979
0.824670
0.862133
0.874480
0.854748
0.855351
0.848711
0.817492
0.880546
0.851367
0.802851
0.833754
0.820328
0.834831
0.830996
0.821032
0.799179
0.870508
0.842870
0.831000
0.894846
0.878877
0.781910
0.819302
0.894284
0.810174
0.799069
0.836898
0.846816
0.857842
0.823630
0.819034
0.803251
0.751608
0.800904
0.855274
0.826322
0.860954
0.781686
0.795587
0.876986
0.790894
0.763552
0.816468
0.842065
0.845553
0.812366
0.809357
0.827778
0.806191
0.772478
0.850880
0.809762
0.843224
0.786267
0.784572
0.873086
0.774288
0.709382
0.755217
0.741645
0.723513
0.737507
0.679202
0.661216
0.701558
0.687873
0.744228
0.696603
0.748487
0.731050
0.688543
0.762175
0.692150
0.588723
0.660722
0.604883
0.616459
0.614815
0.704578
0.675722
0.547188
0.693811
0.658778
0.634386
0.616520
0.599026
0.528154
0.624694
0.564642
0.513578
0.567329
0.524592
0.521544
0.494380
0.535179
0.543764
0.374104
0.441673
0.471156
0.355395
0.460574
0.481473
0.404790
0.591801
0.319993
0.380097
0.536181
0.409846
0.443659
0.397920
0.260674
