0.595860
0.582240
0.490380
0.611931
0.656892
0.629959
0.463719
0.509649
0.657503
0.494839
0.516689
0.487397
0.528732
0.585610
0.624971
0.612257
0.536367
0.509144
0.535247
0.534604
0.564544
0.567951
0.500950
0.510747
0.582967
0.549724
0.583509
0.488997
0.446961
0.540412
0.561249
0.541695
0.487475
0.522669
0.528990
0.549921
0.551125
0.541912
0.502960
0.473973
0.575827
0.540968
0.448064
0.423180
0.515337
0.499785
0.524761
0.535806
0.526145
0.479939
0.478304
0.576304
0.572181
0.560240
0.512054
0.455508
0.641937
0.514621
0.472437
0.539456
0.549128
0.559823
0.591506
0.600369
0.564155
0.541748
0.553657
0.600872
0.518437
0.587404
0.516665
0.478824
0.618582
0.507866
0.460084
0.509224
0.537572
0.414503
0.456759
0.448752
0.473533
0.556210
0.493088
0.377046
0.416710
0.489451
0.412021
0.494588
0.528942
0.414631
0.339687
0.393276
0.564007
0.403415
0.427277
0.515470
0.351852
0.517981
0.492662
0.516514
0.459886
0.406798
0.513637
0.421853
0.443581
0.452350
0.492730
0.403214
0.436681
0.503337
0.457153
0.527716
0.501559
0.493445
0.483789
0.478610
0.420181
0.457768
0.463318
0.468070
0.524376
0.477052
0.349178
0.409205
0.455100
0.365732
0.408884
0.364263
0.421472
0.401708
0.352357
0.306023
0.353169
0.345611
0.379953
0.377513
0.366093
0.337284
0.248963
0.359697
0.226590
0.308659
0.297672
0.281056
0.243281
0.235459
0.204896
0.351607
0.278827
0.324291
0.310789
0.279973
0.268815
0.316230
0.297963
0.293182
0.326867
0.232400
0.284632
0.436166
0.365745
0.419863
0.548039
0.425598
0.395872
0.372242
0.522787
0.484546
0.485981
0.509030
0.556544
0.509796
0.549844
0.520971
0.584901
0.592406
0.538046
0.555891
0.558214
0.557072
0.503269
0.505559
0.497781
0.562526
0.595125
0.580257
0.581447
0.550675
0.442504
0.514064
0.457808
0.547717
0.497733
0.533606
0.570342
0.604162
0.572094
0.537606
0.581144
0.561461
0.598533
0.488007
0.493700
0.501996
0.524527
0.521545
0.480619
0.539525
0.433474
0.514775
0.507188
0.592556
0.574553
0.631185
0.519331
0.513903
0.618208
0.477457
0.549987
0.456909
0.486890
0.436661
0.593950
0.624802
0.589652
0.631229
0.610740
0.641841
0.646421
0.654211
0.659247
0.573275
0.671379
0.631619
0.508082
0.601548
0.604153
0.678157
0.647252
0.695368
0.689943
0.704422
0.709649
0.686292
0.749385
0.708189
0.656533
0.740582
0.701480
0.709664
0.672800
0.704081
0.665484
0.716303
0.682598
0.731739
0.721606
0.673909
0.722480
0.783951
0.741356
0.747434
0.700212
0.710562
0.793584
0.732330
0.722762
0.802687
0.764638
0.781782
0.811151
0.816304
0.732227
0.815118
0.778608
0.849071
0.809313
0.811605
0.761103
0.801584
0.852460
0.827143
0.805603
0.786121
0.774235
0.813580
0.801515
0.809680
0.810981
0.804367
0.844156
0.885742
0.876930
0.846840
0.757030
0.856983
0.831096
0.842815
0.828838
0.820315
0.834205
0.843215
0.860804
0.842216
0.827996
0.826701
0.869734
0.878780
0.882777
0.895006
0.851454
0.866057
0.895844
0.841406
0.859218
0.861794
0.850211
0.867877
0.873722
0.894849
0.849676
0.888592
0.870482
0.838809
0.832579
0.842742
0.819140
0.806172
0.890979
0.815596
0.762762
0.863907
0.830583
0.783486
0.779801
0.813416
0.727961
0.778421
0.746412
0.700808
0.780428
0.748391
0.679661
0.676654
0.763605
0.676255
0.687708
0.675332
0.635496
0.657306
0.633047
0.675238
0.635859
0.663234
0.676381
0.745629
0.716596
0.679387
0.619771
0.646857
0.741865
0.595746
0.515445
0.593904
0.633056
0.559000
0.598212
0.689949
0.620521
0.651082
0.680265
0.704242
0.651090
0.711544
0.650080
0.608871
0.754634
0.631897
0.657859
0.655146
0.614126
0.679499
0.740250
0.765210
0.757048
0.726743
0.731579
0.776128
0.717916
0.725230
0.740849
0.685705
0.758165
0.664243
0.753356
0.717526
0.707292
0.726487
0.678085
0.667184
0.700248
0.707816
0.740090
0.782275
0.729634
0.732714
0.656934
0.698600
0.749240
0.693569
0.645690
0.660940
0.744103
0.675317
0.700274
0.698385
0.676496
0.653939
0.702330
0.713404
0.653298
0.641897
0.629301
0.619682
0.692549
0.679008
0.680807
0.609828
0.603173
0.591377
0.671417
0.610420
0.636268
0.588388
0.621923
0.677716
0.632250
0.665276
0.617924
0.634154
0.692124
0.653640
0.651865
0.641316
0.645836
0.586182
0.634273
0.604903
0.661243
0.686958
0.702013
0.728298
0.713912
0.755777
0.721892
0.742200
0.765669
0.713084
0.704081
0.713857
0.737118
0.701649
0.764447
0.828333
0.794357
0.806852
0.851852
0.852985
0.852419
0.877584
0.849440
0.868396
0.911267
0.879815
0.794129
0.892886
0.870279
0.883030
0.879487
0.881270
0.856192
0.828080
0.874589
0.919142
0.925590
0.923124
0.866661
0.876946
0.890224
0.890513
0.899039
0.903467
0.895684
0.915927
0.893903
0.934533
0.870048
0.885312
0.903372
0.929593
0.871820
0.903881
0.876136
0.900434
0.918097
0.899688
0.897871
0.890696
0.865729
0.888778
0.887217
0.826754
0.842857
0.866898
0.886596
0.923188
0.896482
0.889847
0.875345
0.889897
0.887227
0.906867
0.821930
0.894804
0.892865
0.893169
0.879041
0.887290
0.872846
0.858116
0.886973
0.923983
0.906353
0.866103
0.856292
0.861919
0.885806
0.861896
0.841702
0.862983
0.851090
0.836212
0.859933
0.877654
0.796761
0.819599
0.846895
0.814214
0.843597
0.828173
0.784217
0.789257
0.804105
0.748872
0.784683
0.760748
0.730687
0.762489
0.759173
0.722965
0.682088
0.674714
0.675892
0.700234
0.732373
0.702719
0.643368
0.622884
0.743496
0.721049
0.596598
0.650688
0.630301
0.599275
0.597295
0.614310
0.705461
0.584789
0.592488
0.552832
0.679660
0.669507
0.672675
0.642228
0.639908
0.571532
0.509819
0.513009
0.496617
0.582906
0.571016
0.629494
0.477073
0.573267
0.653503
0.629562
0.574947
0.605755
0.504461
0.591708
0.638261
0.643686
0.533578
0.601937
0.560231
0.617830
0.543390
0.663026
0.661798
0.669040
0.660883
0.697950
0.739687
0.633101
0.677279
0.656633
0.657796
0.675860
0.663747
0.667671
0.685022
0.669269
0.708939
0.722919
0.756050
0.635025
0.630732
0.681750
0.656792
0.708591
0.693801
0.665207
0.661278
0.616285
0.630155
0.682051
0.594533
0.582955
0.603455
0.633048
0.564461
0.631962
0.653022
0.592332
0.625650
0.598728
0.557424
0.609732
0.607409
0.621857
0.599489
0.552765
0.594121
0.614048
0.583364
0.618357
0.535193
0.608889
0.588630
0.568231
0.590690
0.618924
0.556261
0.580217
0.694399
0.620494
0.591999
0.663703
0.654734
0.615817
0.615863
0.737447
0.656719
0.653547
0.691696
0.729886
0.666558
0.701368
0.625429
0.738917
0.691741
0.717214
0.738131
0.697687
0.674591
0.734530
0.724690
0.738305
0.723412
0.739488
0.681504
0.719515
0.733026
0.748669
0.705205
0.702631
0.789361
0.729876
0.692732
0.661353
0.673764
0.731905
0.710546
0.728847
0.791433
0.629564
0.735476
0.788474
0.786733
0.787001
0.765284
0.713409
0.781111
0.675996
0.619475
0.703559
0.666889
0.684680
0.716812
0.783499
0.686562
0.710882
0.770147
0.783313
0.763250
0.715161
0.701322
0.702735
0.739251
0.674003
0.738085
0.696366
0.653408
0.714165
0.745019
0.696404
0.657215
0.707929
0.715789
0.721963
0.707563
0.743189
0.713276
0.705757
0.766669
0.731762
0.669664
0.753865
0.698285
0.759231
0.732785
0.769876
0.676995
0.761174
0.782144
0.801558
0.802759
0.830238
0.758681
0.699318
0.793213
0.770031
0.662657
0.752791
0.806825
0.761591
0.811956
0.840322
0.787572
0.732135
0.788090
0.801130
0.737733
0.752409
0.772603
0.803878
0.772393
0.769302
0.767736
0.826669
0.777312
0.757836
0.777307
0.722573
0.669471
0.710047
0.732428
0.802294
0.759170
0.729576
0.738344
0.713889
0.769898
0.735939
0.692925
0.721275
0.679141
0.727637
0.711599
0.738734
0.719357
0.575312
0.602411
0.636897
0.686335
0.746706
0.735281
0.623743
0.697848
0.633035
0.628590
0.681076
0.644430
0.646735
0.654763
0.711075
0.698156
0.649308
0.650081
0.677170
0.680796
0.652972
0.619483
0.673379
0.617388
0.640072
0.629280
0.576211
0.553891
0.601582
0.607586
0.562819
0.602448
0.574553
0.539795
0.524089
0.458613
0.504761
0.406033
0.437379
0.542827
0.508310
0.495911
0.483478
0.576592
0.529266
0.521941
0.547054
0.526016
0.439101
0.437234
0.417335
0.369774
0.440325
0.443110
0.425279
0.473112
0.452193
0.492392
0.391099
0.368965
0.393043
0.328918
0.399790
0.388944
0.333903
0.360150
0.322420
0.287732
0.284591
0.282078
0.320500
0.308160
0.243992
0.293877
0.326661
0.153761
0.251616
0.217767
0.243585
0.187448
0.233314
0.177014
0.214514
0.152698
0.225463
0.268435
0.194157
0.137241
0.096807
0.133552
0.123134
0.156684
0.108394
0.195206
0.188764
0.256547
0.126045
0.101750
0.109886
0.071089
0.150304
0.200831
0.134704
0.139666
0.139738
0.074220
0.098130
0.074425
0.093576
0.057270
0.077588
0.163118
0.136908
0.066572
0.074723
0.163579
0.135740
0.163728
0.139157
0.072084
0.060786
0.130741
0.142429
0.089129
0.009451
0.148180
0.134738
0.217306
0.110858
0.089870
0.063295
0.178524
0.175486
0.174749
0.167515
0.238798
0.218895
0.199559
0.158436
0.110496
0.161561
0.154134
0.195180
0.253245
0.220667
0.202048
0.139243
0.063698
0.177910
0.124813
0.185040
0.197843
0.131002
0.138231
0.126297
0.216815
0.157167
0.180667
0.186095
0.139125
0.183901
0.162859
0.222909
0.174154
0.154292
0.216089
0.164283
0.204935
0.208881
0.293607
0.251430
0.190568
0.212765
0.218148
0.317166
0.174372
0.258740
0.251443
0.219968
0.227079
0.318496
0.262361
0.259580
0.295114
0.231668
0.327372
0.207997
0.159435
0.136719
0.247470
0.308438
0.220046
0.306347
0.248613
0.178627
0.210075
0.243093
0.256555
0.236145
0.351779
0.265673
0.219521
0.204857
0.235805
0.236286
0.232910
0.338830
0.200254
0.239812
0.269166
0.316513
0.302858
0.322399
0.239059
0.267016
0.568148
0.260823
0.338617
0.531166
0.360797
0.387746
0.375242
0.257507
