0.558937
0.343117
0.218719
0.332326
0.280768
0.216308
0.192193
0.186025
0.259510
0.101799
0.147190
0.077579
0.178220
0.129446
0.211739
0.148691
0.142208
0.139458
0.051973
0.141092
0.217053
0.182718
0.162983
0.140371
0.237258
0.172856
0.087722
0.128265
0.172998
0.099799
0.127773
0.226359
0.184592
0.192495
0.156632
0.122780
0.229915
0.297875
0.076667
0.191079
0.218620
0.169968
0.197578
0.240202
0.201968
0.176467
0.115108
0.278924
0.179727
0.374526
0.370580
0.308892
0.347197
0.324760
0.321012
0.304148
0.324678
0.241565
0.374382
0.298436
0.322532
0.270828
0.270251
0.422337
0.433250
0.398667
0.275303
0.283420
0.290483
0.443873
0.295098
0.381445
0.459043
0.357808
0.467296
0.342684
0.288879
0.292063
0.274771
0.357345
0.286502
0.387723
0.435261
0.382279
0.380193
0.361772
0.458345
0.333939
0.401997
0.353496
0.297977
0.346470
0.401799
0.329242
0.380677
0.437858
0.350494
0.378205
0.332501
0.406122
0.417589
0.432454
0.448012
0.444636
0.440986
0.441185
0.492471
0.462218
0.452575
0.451025
0.468329
0.556002
0.435694
0.487510
0.436196
0.407854
0.435083
0.528510
0.522479
0.456545
0.594131
0.536897
0.533964
0.469309
0.418434
0.448478
0.462971
0.493966
0.442022
0.445612
0.436047
0.452714
0.566751
0.521956
0.478863
0.381750
0.602142
0.432091
0.385456
0.452423
0.433128
0.325544
0.439490
0.492500
0.359897
0.527112
0.453311
0.417318
0.440868
0.516533
0.471279
0.439342
0.476310
0.335540
0.340118
0.390071
0.414267
0.390659
0.466554
0.480263
0.378968
0.557154
0.459136
0.479605
0.496693
0.519942
0.487140
0.471372
0.492013
0.429914
0.464576
0.417648
0.437014
0.398261
0.501412
0.570994
0.455990
0.517618
0.470386
0.525723
0.496115
0.490138
0.441484
0.561458
0.550546
0.546869
0.513438
0.546635
0.579331
0.580298
0.545887
0.656229
0.573787
0.522579
0.574077
0.564157
0.612414
0.628439
0.636235
0.585612
0.651446
0.612488
0.509751
0.628140
0.597269
0.646771
0.640640
0.661800
0.667719
0.568535
0.633918
0.610297
0.643595
0.576360
0.591350
0.600440
0.612222
0.488823
0.578679
0.566645
0.564137
0.549806
0.578829
0.530282
0.514715
0.524536
0.542248
0.562986
0.556195
0.533019
0.494813
0.486135
0.624601
0.435315
0.423667
0.425796
0.445569
0.462579
0.535570
0.489783
0.422449
0.410121
0.405594
0.428617
0.342706
0.373934
0.374706
0.256536
0.333968
0.335326
0.370270
0.360542
0.317746
0.293893
0.252518
0.372158
0.328140
0.331164
0.264943
0.254317
0.302738
0.401325
0.268805
0.391881
0.413922
0.324085
0.308657
0.290430
0.223893
0.247034
0.284417
0.245875
0.278885
0.267033
0.212725
0.160056
0.228402
0.283907
0.264702
0.195563
0.271203
0.179871
0.175101
0.229308
0.167881
0.206392
0.202847
0.244735
0.188610
0.242822
0.122484
0.145594
0.119508
0.194099
0.087493
0.151871
0.164534
0.068577
0.168645
0.043767
0.078669
0.080699
0.094548
0.129377
0.088415
0.075354
0.039106
0.052286
0.077384
0.105689
0.088709
0.116866
0.053359
0.004662
0.034947
0.020002
0.097900
0.003824
0.084412
0.107141
0.057759
0.049962
0.024808
0.060240
0.033199
0.099842
0.073208
0.062288
0.101040
0.115222
0.020923
0.108858
0.019234
-0.061455
0.008094
0.102238
0.151785
0.065307
0.074621
0.047434
0.104030
0.217501
0.057806
0.098826
0.095942
0.075670
0.078103
0.005260
0.107040
0.045655
0.084694
0.100575
0.013453
0.103774
0.089719
0.080555
0.002420
0.054844
0.087211
0.093045
0.052142
0.037278
0.066049
0.104740
-0.022689
0.010950
0.012476
0.123215
0.003857
0.146012
0.016939
0.116686
0.013633
0.052032
0.084571
0.135987
-0.035961
-0.044556
0.124844
0.053058
-0.008876
0.064156
0.071547
0.076642
0.046967
0.059143
0.033047
-0.002798
0.036645
0.072445
0.018944
0.106760
0.095802
0.077759
0.052771
0.105746
0.043043
-0.039072
0.117976
0.091098
0.008119
0.111016
0.031654
0.060699
0.105072
0.036216
0.021302
0.098788
0.088969
0.095018
0.039833
0.067009
0.087335
0.042239
0.068407
0.076847
0.066611
0.075177
0.035073
0.105003
0.190063
0.091662
-0.017872
0.147560
0.063719
0.065047
0.074408
0.043339
0.118956
-0.005161
0.068587
0.111797
0.051707
0.139280
0.101574
0.125740
0.128012
0.082247
0.061932
0.147364
0.119666
0.054026
0.121572
0.051335
0.088688
0.103636
0.122544
0.145847
0.162804
0.061126
0.062409
0.155423
0.026637
0.083494
0.152646
0.088377
0.142111
0.087845
-0.041598
0.129820
0.080641
0.072378
0.077963
0.046662
0.190193
0.141707
0.087129
0.105240
0.051372
0.144794
0.106608
0.131753
0.088393
0.037421
0.030762
0.090800
0.102193
0.100070
0.083435
0.092203
0.158723
0.058782
-0.000665
0.050144
0.087985
0.173502
0.085752
0.122117
0.132385
0.068704
0.010574
0.081111
0.143725
0.037489
0.067187
0.191518
0.086296
0.160840
0.113336
0.144731
0.086319
0.157849
0.093260
0.139292
0.157271
0.145442
0.166252
0.095494
0.158159
0.100283
0.085856
0.055658
0.171613
0.074919
0.122370
0.094346
0.138589
0.111867
0.170101
0.143679
0.160219
0.131441
0.017940
0.174463
0.147987
0.061050
0.111781
0.150507
0.235983
0.228254
0.068679
0.160406
0.154762
0.164987
0.157694
0.178237
0.118482
0.159293
0.186805
0.172341
0.123130
0.164879
0.136944
0.199083
0.188582
0.174242
0.132284
0.164731
0.045952
0.193569
0.150014
0.245304
0.202350
0.095128
0.175335
0.183096
0.239569
0.121269
0.196142
0.308297
0.196460
0.212303
0.288418
0.224378
0.158006
0.268959
0.297659
0.317266
0.311562
0.238513
0.214115
0.204498
0.302088
0.251331
0.224129
0.247431
0.372213
0.236427
0.243363
0.245184
0.253766
0.306891
0.151561
0.255322
0.258746
0.163928
0.214504
0.202763
0.165530
0.164727
0.160298
0.245458
0.316824
0.297355
0.273706
0.249527
0.305956
0.376607
0.324492
0.281065
0.322183
0.386652
0.316340
0.356690
0.244553
0.290841
0.299084
0.510350
0.444069
0.334874
0.391223
0.413392
0.356546
0.456857
0.305923
0.322479
0.358642
0.349956
0.339019
0.366752
0.377738
0.323471
0.274053
0.342080
0.355112
0.350853
0.400412
0.304165
0.313268
0.359596
0.398082
0.287945
0.385873
0.335656
0.290337
0.334501
0.379406
0.208334
0.255924
0.220431
0.320607
0.359577
0.275318
0.380051
0.350842
0.371536
0.264702
0.392497
0.462106
0.341071
0.468914
0.409874
0.371609
0.477867
0.460476
0.481229
0.480358
0.524686
0.445590
0.430418
0.548716
0.483752
0.520448
0.540456
0.617766
0.570114
0.539630
0.497238
0.451728
0.516146
0.458143
0.626171
0.687426
0.611333
0.621511
0.682835
0.568903
0.638378
0.668240
0.662675
0.528936
0.595874
0.530413
0.548184
0.533176
0.608157
0.619694
0.627845
0.609770
0.627178
0.626800
0.598694
0.637983
0.582651
0.515935
0.585639
0.624709
0.543771
0.675121
0.561603
0.607624
0.525261
0.573595
0.522989
0.595838
0.640142
0.576483
0.615942
0.585610
0.615131
0.555833
0.549319
0.698574
0.618487
0.561938
0.613492
0.608849
0.576573
0.594406
0.593860
0.572906
0.621454
0.613586
0.543197
0.611136
0.563991
0.525561
0.543963
0.610515
0.532140
0.509609
0.535914
0.564684
0.573615
0.574474
0.621372
0.562708
0.570849
0.507081
0.542297
0.485605
0.562021
0.525384
0.528376
0.568061
0.545253
0.495291
0.487128
0.545504
0.596432
0.556853
0.496757
0.491495
0.568313
0.528605
0.511708
0.546950
0.517907
0.559037
0.561470
0.549006
0.521307
0.508769
0.481639
0.586647
0.515584
0.542177
0.546885
0.599813
0.503577
0.570335
0.586291
0.527107
0.428251
0.405169
0.436415
0.578679
0.454044
0.487043
0.438146
0.495726
0.463956
0.436219
0.465624
0.458151
0.522045
0.445284
0.434027
0.409967
0.336678
0.450136
0.422977
0.387569
0.425469
0.368352
0.397409
0.320433
0.395096
0.414621
0.358498
0.499235
0.465780
0.397828
0.456555
0.530420
0.543064
0.424482
0.464166
0.630380
0.560814
0.534231
0.504184
0.520607
0.579137
0.554555
0.596609
0.605826
0.580995
0.602392
0.598110
0.591843
0.617361
0.628123
0.639250
0.629469
0.636903
0.556286
0.614258
0.634939
0.590432
0.604158
0.698770
0.585320
0.642753
0.670727
0.708365
0.668869
0.655149
0.627024
0.605743
0.666899
0.578523
0.623757
0.602736
0.638392
0.674244
0.670597
0.666330
0.681447
0.677724
0.650256
0.701757
0.667489
0.647371
0.625992
0.638478
0.688491
0.628735
0.683549
0.665392
0.641135
0.644510
0.592428
0.703529
0.569120
0.703099
0.718631
0.752821
0.685452
0.761823
0.719182
0.747699
0.790299
0.670950
0.694653
0.714110
0.696880
0.731151
0.679029
0.766075
0.716477
0.735846
0.762189
0.798309
0.793509
0.814674
0.783028
0.788844
0.762510
0.749069
0.722101
0.809043
0.797908
0.797175
0.805936
0.789469
0.806619
0.791946
0.782449
0.845263
0.825974
0.827349
0.786258
0.785579
0.820760
0.755300
0.710318
0.786537
0.749109
0.777688
0.747487
0.824631
0.730400
0.732280
0.767466
0.804176
0.788585
0.770890
0.725553
0.714871
0.733098
0.703815
0.635219
0.788857
0.769395
0.765941
0.721933
0.742933
0.656785
0.615519
0.683647
0.655060
0.590696
0.694224
0.633430
0.564230
0.653264
0.601597
0.528564
0.631573
0.625402
0.590540
0.558639
0.591339
0.611808
0.530126
0.605523
0.596506
0.561098
0.561477
0.558626
0.572416
0.652995
0.586817
0.527399
0.553404
0.521276
0.575343
0.561566
0.576157
0.585232
0.576059
0.561075
0.623462
0.613146
0.621864
0.590828
0.586975
0.674901
0.679407
0.653069
0.607003
0.603220
0.644898
0.647735
0.650635
0.675316
0.612278
0.552577
0.667124
0.657021
0.661451
0.600093
0.668759
0.693554
0.669017
0.688456
0.662042
0.627222
0.602702
0.646446
0.586989
0.714414
0.542431
0.607720
0.686818
0.712568
0.710568
0.639836
0.625408
0.687337
0.636860
0.538807
0.628381
0.614728
0.587326
0.652578
0.676673
0.646759
0.559753
0.590822
0.647957
0.520412
0.650497
0.692524
0.609283
0.720932
0.519273
0.606027
0.672865
0.633847
0.519999
0.515586
0.267744
