0.540751
0.429949
0.251482
0.353191
0.359636
0.325914
0.193337
0.171465
0.313586
0.243972
0.323437
0.272035
0.329074
0.240348
0.327587
0.369170
0.245522
0.283759
0.209855
0.199722
0.254021
0.251480
0.212650
0.226573
0.271657
0.187736
0.267751
0.173518
0.237316
0.253945
0.259411
0.247308
0.178182
0.281875
0.234838
0.242775
0.195998
0.220275
0.237263
0.179647
0.275207
0.182569
0.048083
0.231233
0.281448
0.249082
0.203079
0.391521
0.278554
0.311052
0.314611
0.332178
0.267178
0.278554
0.290650
0.319375
0.379498
0.278412
0.337409
0.233660
0.229584
0.221539
0.323676
0.353230
0.300638
0.251305
0.290442
0.321515
0.175447
0.280300
0.246925
0.213969
0.305249
0.187907
0.089594
0.250115
0.341309
0.198044
0.198469
0.222020
0.279442
0.224771
0.167838
0.199054
0.214502
0.231361
0.111484
0.213541
0.153319
0.202946
0.156597
0.230068
0.134153
0.138187
0.154119
0.170229
0.171713
0.139848
0.132386
0.188647
0.102716
0.130094
0.067659
0.177726
0.169383
0.089168
0.096084
0.112913
0.170479
0.116605
0.043799
0.144360
0.219964
0.105931
0.134484
0.160380
0.128161
0.226844
0.247786
0.196564
0.243392
0.196389
0.186410
0.172990
0.187395
0.206458
0.310351
0.308569
0.352155
0.338939
0.184386
0.230243
0.281904
0.372117
0.300928
0.350814
0.340437
0.297558
0.282698
0.292382
0.215088
0.198145
0.254350
0.350731
0.278052
0.359405
0.330604
0.330908
0.318605
0.354671
0.317613
0.337440
0.338078
0.392678
0.313326
0.294060
0.350327
0.347241
0.385039
0.437581
0.365363
0.425417
0.435274
0.506406
0.399555
0.428415
0.410472
0.468132
0.550481
0.495175
0.480321
0.538262
0.509126
0.515209
0.515204
0.638203
0.520720
0.542660
0.595017
0.597729
0.568486
0.607568
0.627731
0.591313
0.621992
0.536961
0.559287
0.621024
0.617475
0.615683
0.636037
0.703662
0.585136
0.702241
0.705800
0.747905
0.709655
0.674420
0.696285
0.702306
0.744660
0.707145
0.705465
0.677285
0.640213
0.756666
0.745443
0.780993
0.748454
0.697383
0.761692
0.755367
0.729682
0.789356
0.697327
0.720410
0.745288
0.724193
0.762640
0.745001
0.777348
0.783336
0.771976
0.812500
0.787241
0.819088
0.835497
0.835850
0.829647
0.865513
0.763080
0.793135
0.889374
0.850934
0.799713
0.815978
0.826415
0.816464
0.855159
0.831983
0.784279
0.854921
0.868851
0.866785
0.866026
0.872184
0.827639
0.841553
0.842795
0.868503
0.864145
0.887047
0.843792
0.887323
0.858180
0.885136
0.876791
0.873482
0.894046
0.922661
0.915623
0.924568
0.879390
0.905607
0.926780
0.897654
0.845678
0.904154
0.900614
0.913247
0.913592
0.915517
0.884548
0.883625
0.908825
0.912789
0.918289
0.918770
0.888077
0.891391
0.886445
0.905064
0.861424
0.883756
0.865342
0.875834
0.882532
0.890624
0.858413
0.876214
0.848542
0.921165
0.880535
0.897328
0.876691
0.878226
0.883171
0.839967
0.805789
0.868143
0.830450
0.849961
0.844005
0.804815
0.812439
0.844879
0.853678
0.883035
0.863153
0.888918
0.829010
0.856989
0.882798
0.849673
0.832193
0.836468
0.818116
0.860596
0.851962
0.855483
0.837218
0.852215
0.881746
0.900857
0.875421
0.896267
0.839864
0.842608
0.876725
0.822943
0.796060
0.856381
0.844056
0.813050
0.840199
0.833896
0.762946
0.800436
0.809162
0.841583
0.791797
0.742429
0.782643
0.778474
0.715596
0.685127
0.736301
0.712648
0.718368
0.759072
0.732942
0.721145
0.694966
0.591232
0.618165
0.673451
0.574033
0.614953
0.565610
0.580960
0.642778
0.625356
0.565647
0.589010
0.583398
0.586790
0.455080
0.540075
0.556055
0.589805
0.507955
0.409383
0.600426
0.572167
0.599825
0.600968
0.572567
0.523374
0.544251
0.543855
0.545342
0.638888
0.603221
0.639554
0.660981
0.599797
0.656004
0.603692
0.601520
0.575729
0.579409
0.627112
0.714327
0.693932
0.632055
0.632567
0.591959
0.644635
0.658756
0.707982
0.656797
0.631061
0.647119
0.680121
0.632672
0.671427
0.691476
0.633833
0.653190
0.630920
0.608895
0.585475
0.646117
0.628179
0.620683
0.625877
0.600976
0.554925
0.582533
0.615468
0.589417
0.690775
0.597713
0.639553
0.622901
0.574065
0.474197
0.625321
0.587119
0.532018
0.629273
0.658320
0.635263
0.516404
0.555054
0.612127
0.543661
0.631020
0.524112
0.551967
0.667689
0.559514
0.467171
0.623272
0.598365
0.600307
0.628635
0.640350
0.627136
0.611588
0.628562
0.634216
0.644196
0.617632
0.571762
0.652171
0.708383
0.599531
0.544169
0.579109
0.618740
0.578401
0.625088
0.609617
0.579385
0.626623
0.632726
0.674114
0.666282
0.674314
0.683058
0.639868
0.718689
0.670536
0.628910
0.661622
0.625727
0.735114
0.677637
0.735277
0.701992
0.718622
0.794231
0.842993
0.835841
0.819655
0.749549
0.760216
0.825567
0.793161
0.762218
0.736701
0.727809
0.781630
0.750210
0.858520
0.818897
0.774472
0.833925
0.832170
0.793672
0.822928
0.775959
0.736869
0.846773
0.778553
0.779982
0.786352
0.786400
0.831738
0.825057
0.830293
0.800943
0.768327
0.778871
0.812923
0.760589
0.753022
0.753073
0.773526
0.820887
0.768248
0.768720
0.779412
0.741819
0.809507
0.763861
0.776798
0.720968
0.668234
0.704929
0.700773
0.710910
0.657883
0.616660
0.644760
0.741583
0.639332
0.584704
0.650419
0.642222
0.639280
0.626872
0.650375
0.583402
0.636267
0.649112
0.632683
0.624866
0.617677
0.568502
0.659358
0.676427
0.597237
0.597485
0.605755
0.535490
0.615771
0.643312
0.614650
0.492551
0.657501
0.634456
0.590887
0.677363
0.700266
0.605199
0.588338
0.727255
0.582222
0.555070
0.609390
0.636105
0.626697
0.660438
0.770652
0.706597
0.660442
0.751255
0.701993
0.687479
0.722625
0.628523
0.719300
0.680541
0.651911
0.746691
0.641822
0.566611
0.673699
0.646124
0.675266
0.562703
0.660770
0.671157
0.670773
0.621259
0.649677
0.471580
0.616017
0.693709
0.557309
0.568420
0.619938
0.683959
0.585233
0.646788
0.589480
0.587422
0.602719
0.567953
0.641901
0.686995
0.712070
0.625289
0.630818
0.737049
0.591865
0.567195
0.663684
0.612797
0.655073
0.665967
0.716424
0.667529
0.654593
0.687889
0.746136
0.694979
0.682023
0.639324
0.646468
0.645284
0.658186
0.690834
0.627649
0.686199
0.617426
0.664922
0.671936
0.597641
0.617748
0.608808
0.622742
0.575357
0.624924
0.555808
0.545303
0.637852
0.582664
0.596374
0.555809
0.475627
0.543163
0.508573
0.477323
0.379846
0.525759
0.474175
0.446568
0.516915
0.467493
0.449931
0.416672
0.560419
0.394117
0.343619
0.479300
0.373200
0.354543
0.411347
0.459739
0.388735
0.425772
0.427022
0.429203
0.460333
0.396107
0.295836
0.373541
0.305776
0.234713
0.280207
0.311472
0.338956
0.311667
0.285809
0.386725
0.343115
0.421714
0.317167
0.328743
0.365710
0.377091
0.379430
0.423888
0.403909
0.299225
0.317602
0.241352
0.289680
0.281768
0.313598
0.281723
0.280711
0.224268
0.290306
0.251393
0.298472
0.347165
0.364884
0.376574
0.330521
0.254475
0.280576
0.273425
0.215598
0.272014
0.295982
0.349402
0.306542
0.322877
0.296437
0.301215
0.237197
0.261567
0.286571
0.278854
0.273209
0.143770
0.321683
0.279044
0.258077
0.245648
0.327144
0.260537
0.296415
0.279714
0.340490
0.269944
0.307561
0.238602
0.226971
0.274104
0.187454
0.278303
0.178745
0.243903
0.164682
0.153732
0.210493
0.260512
0.170938
0.195632
0.164543
0.264677
0.118966
0.222289
0.255256
0.186990
0.235552
0.189481
0.176955
0.171011
0.191752
0.208582
0.149051
0.224627
0.219013
0.302084
0.191216
0.197663
0.248483
0.275932
0.271764
0.199816
0.203948
0.191635
0.148296
0.231572
0.248406
0.185252
0.269121
0.309785
0.216693
0.218459
0.226309
0.175671
0.144945
0.220321
0.195661
0.096437
0.348271
0.313155
0.186025
0.211698
0.330607
0.184353
0.195332
0.291537
0.249381
0.321502
0.238767
0.243644
0.264632
0.310566
0.283484
0.262825
0.424183
0.256877
0.227473
0.332656
0.338995
0.221067
0.264226
0.330765
0.339788
0.322347
0.217697
0.290492
0.304091
0.275603
0.224911
0.236569
0.195428
0.288374
0.263700
0.239934
0.158456
0.259619
0.299944
0.352464
0.271760
0.293155
0.256885
0.293969
0.286494
0.289632
0.292444
0.390388
0.278811
0.266235
0.250132
0.290571
0.223589
0.241830
0.223643
0.259512
0.331810
0.307280
0.343172
0.297965
0.291393
0.351195
0.415660
0.294118
0.345437
0.294475
0.305876
0.299554
0.302641
0.245630
0.278925
0.358064
0.356770
0.214104
0.165790
0.187001
0.315659
0.331483
0.283582
0.198670
0.266727
0.221677
0.339245
0.220127
0.125875
0.234296
0.249165
0.332679
0.314190
0.248940
0.280601
0.146672
0.234188
0.316542
0.275120
0.246537
0.315684
0.246692
0.258417
0.292556
0.302522
0.326580
0.232613
0.278833
0.390880
0.326626
0.233558
0.265005
0.315972
0.347639
0.329852
0.368253
0.422875
0.395512
0.331244
0.331133
0.283421
0.304256
0.370710
0.335232
0.396751
0.390462
0.351403
0.413082
0.320111
0.363814
0.363672
0.364167
0.528030
0.446421
0.469845
0.366399
0.306001
0.366921
0.455023
0.424439
0.483398
0.384074
0.261587
0.400744
0.432477
0.437418
0.391695
0.450689
0.492331
0.435538
0.409900
0.382881
0.285280
0.430165
0.466524
0.491423
0.533741
0.463171
0.357636
0.540734
0.463135
0.494582
0.358818
0.401705
0.483897
0.325248
0.325839
0.434559
0.430660
0.392644
0.437171
0.481800
0.434423
0.478023
0.526603
0.427782
0.420464
0.441711
0.387897
0.428194
0.463648
0.396601
0.416405
0.417015
0.408908
0.361565
0.332405
0.396300
0.421848
0.355124
0.416390
0.453582
0.461432
0.446115
0.444140
0.414761
0.465780
0.332104
0.301841
0.348589
0.402706
0.384201
0.347376
0.543501
0.409871
0.403732
0.417941
0.449938
0.438763
0.503579
0.443164
0.308903
0.437272
0.362021
0.343642
0.339373
0.289005
0.303115
0.354845
0.436866
0.389990
0.338473
0.335412
0.307078
0.351471
0.360167
0.449790
0.418730
0.587285
0.386955
0.398415
0.538278
0.528948
0.463581
0.477963
0.276646
