0.613461
0.596838
0.371159
0.555348
0.553632
0.514935
0.504250
0.414828
0.620360
0.445273
0.491949
0.341997
0.346248
0.433578
0.481177
0.509803
0.486239
0.438914
0.470880
0.517375
0.475076
0.489219
0.451726
0.470436
0.621157
0.455486
0.561810
0.576357
0.570397
0.650064
0.652829
0.674285
0.695799
0.599881
0.561089
0.584706
0.570569
0.651277
0.540035
0.588797
0.692121
0.582064
0.610670
0.598046
0.537210
0.546076
0.562598
0.582004
0.502606
0.572873
0.583239
0.626896
0.564341
0.564557
0.569170
0.612574
0.585121
0.561592
0.595620
0.508084
0.487913
0.541025
0.536220
0.563848
0.569469
0.396257
0.406993
0.487393
0.551113
0.557123
0.275889
0.377798
0.547918
0.458194
0.537986
0.466072
0.378750
0.422564
0.341247
0.499343
0.423712
0.485652
0.493689
0.508651
0.458592
0.445143
0.500843
0.474076
0.524867
0.352975
0.283416
0.404128
0.436554
0.403644
0.395017
0.420225
0.369381
0.363951
0.406568
0.382489
0.447810
0.403644
0.367746
0.443556
0.473921
0.336899
0.336320
0.422873
0.459169
0.459192
0.409274
0.530413
0.421877
0.461322
0.380329
0.430216
0.389209
0.398531
0.397526
0.459223
0.397001
0.398023
0.449839
0.404651
0.411835
0.331223
0.381591
0.404306
0.325888
0.352414
0.374518
0.370297
0.348874
0.406781
0.303003
0.354794
0.351485
0.347593
0.311012
0.332961
0.309763
0.282630
0.250052
0.373922
0.327208
0.375174
0.303551
0.265800
0.365137
0.341127
0.194673
0.270679
0.314186
0.280227
0.360269
0.261721
0.256113
0.224042
0.186680
0.336130
0.196976
0.248240
0.211698
0.157476
0.190256
0.187228
0.103631
0.188069
0.268242
0.109367
0.159755
0.211205
0.096506
0.126507
0.188685
0.208142
0.095824
0.243281
0.182819
0.125438
0.086952
0.104600
0.089696
0.183855
0.173060
0.112115
0.190151
0.078379
0.098816
0.169180
0.141976
0.215796
0.129356
0.204472
0.152164
0.186148
0.216317
0.127504
0.143601
0.142658
0.238032
0.176238
0.141685
0.199287
0.166209
0.128472
0.180965
0.253746
0.210060
0.223813
0.210868
0.208795
0.200846
0.255279
0.286563
0.175704
0.314080
0.192692
0.171091
0.246304
0.240367
0.235894
0.192140
0.266072
0.351032
0.239948
0.305604
0.199299
0.184205
0.257099
0.140427
0.221306
0.318185
0.169253
0.273307
0.208197
0.235176
0.207568
0.247273
0.282357
0.215345
0.305273
0.213123
0.201034
0.226615
0.297195
0.278909
0.195234
0.378908
0.172560
0.288378
0.179259
0.313445
0.182950
0.210342
0.280807
0.285430
0.321695
0.275427
0.264337
0.287046
0.366547
0.327805
0.308074
0.378164
0.321968
0.294713
0.362804
0.387500
0.290207
0.331138
0.411466
0.409621
0.474664
0.400256
0.385053
0.457763
0.417637
0.472829
0.437035
0.598234
0.486170
0.496702
0.516504
0.447004
0.517737
0.499792
0.526684
0.509568
0.598705
0.621635
0.649620
0.626390
0.553711
0.503144
0.634393
0.552565
0.561256
0.690157
0.571078
0.609717
0.586528
0.599644
0.672549
0.598161
0.621642
0.705340
0.607008
0.662482
0.649499
0.570706
0.640814
0.723140
0.640661
0.638112
0.672695
0.667114
0.715458
0.685615
0.694401
0.624111
0.665999
0.731113
0.647028
0.657558
0.678114
0.575233
0.656534
0.745158
0.624375
0.674222
0.673388
0.609654
0.655453
0.579555
0.633376
0.535464
0.636317
0.625748
0.721309
0.606243
0.640227
0.624395
0.666771
0.633399
0.616950
0.605360
0.550845
0.576826
0.569668
0.569405
0.553327
0.561097
0.506842
0.571189
0.610932
0.521201
0.437907
0.581417
0.476948
0.434322
0.517377
0.489711
0.490009
0.527707
0.473130
0.466327
0.523296
0.459099
0.486541
0.409837
0.471438
0.590124
0.522452
0.470355
0.536322
0.559253
0.424674
0.461636
0.513574
0.529492
0.457353
0.484268
0.589946
0.536674
0.511980
0.532637
0.539212
0.557032
0.547617
0.587377
0.543294
0.487102
0.377701
0.457509
0.507185
0.453666
0.484075
0.559403
0.570359
0.614841
0.514912
0.517629
0.561461
0.578944
0.520559
0.492464
0.577188
0.597598
0.550116
0.516607
0.586658
0.589958
0.642295
0.590645
0.663880
0.494020
0.608171
0.619632
0.609748
0.598783
0.579098
0.527011
0.592456
0.680263
0.605966
0.645485
0.594327
0.590506
0.594682
0.617837
0.652432
0.612300
0.638465
0.642706
0.567958
0.587532
0.558903
0.546056
0.514193
0.575157
0.456364
0.532116
0.538845
0.504655
0.443486
0.477184
0.533238
0.524755
0.529978
0.578807
0.577328
0.575609
0.503726
0.558697
0.572733
0.549084
0.579416
0.543761
0.558043
0.541527
0.533438
0.540347
0.589618
0.617195
0.506731
0.558480
0.527002
0.515012
0.452333
0.530883
0.529551
0.502764
0.500795
0.527734
0.456185
0.541084
0.517493
0.475867
0.575751
0.442843
0.465132
0.535761
0.507945
0.422735
0.496080
0.484853
0.419026
0.564194
0.403279
0.475822
0.466008
0.487495
0.452854
0.469305
0.453159
0.399047
0.409152
0.382419
0.404942
0.436855
0.559738
0.407240
0.392522
0.504822
0.422743
0.400666
0.435863
0.448789
0.405816
0.393878
0.522424
0.472165
0.439787
0.369993
0.432769
0.359657
0.381812
0.379227
0.423567
0.519009
0.336759
0.333368
0.368480
0.322880
0.304757
0.369507
0.362988
0.294860
0.420558
0.336158
0.340782
0.379317
0.326976
0.277620
0.303849
0.348657
0.275934
0.251586
0.212876
0.324633
0.313991
0.280962
0.242330
0.304885
0.196620
0.168936
0.192756
0.157681
0.236882
0.195602
0.196534
0.291945
0.090942
0.103732
0.189111
0.251944
0.153652
0.174083
0.281289
0.164870
0.242565
0.101782
0.176511
0.147270
0.171841
0.123980
0.211084
0.132174
0.106515
0.063081
0.102907
0.121113
0.174723
0.064619
0.110354
0.070487
0.103186
0.069120
0.103550
0.075368
0.098479
0.098175
0.130008
0.063642
0.085439
0.143685
0.115895
0.051709
0.088984
0.120461
0.109976
0.072295
0.157277
0.078802
0.131182
0.172214
0.078753
0.058024
0.180120
0.080683
0.129463
0.091355
0.164105
0.116695
0.184350
0.069866
0.165153
0.155248
0.133150
0.110975
0.149460
0.128613
0.139123
0.135227
0.165398
0.205800
0.127054
0.171038
0.207180
0.170665
0.075545
0.062428
0.229509
0.125485
0.352890
0.187656
0.104126
0.131874
0.201214
0.171854
0.257278
0.227648
0.100345
0.082353
0.143957
0.193131
0.130898
0.152790
0.124294
0.165573
0.178313
0.077540
0.171348
0.245466
0.189714
0.116149
0.160555
0.253646
0.151959
0.155026
0.161782
0.109658
0.208564
0.116374
0.184927
0.277615
0.183505
0.131958
0.136826
0.114283
0.199984
0.188083
0.164252
0.181543
0.134064
0.218721
0.129015
0.065110
0.102065
0.198486
0.126429
0.086143
0.175726
0.130257
0.102080
0.094663
0.123841
0.172905
0.111224
0.117964
0.066791
0.029137
0.037973
0.091155
0.086225
0.124511
0.074207
0.162784
0.046600
0.005297
0.054479
0.169618
0.084889
0.022488
0.091507
0.157577
0.137967
0.017423
0.088781
0.070028
0.044007
0.022631
0.061088
0.145898
0.162942
0.069624
0.109957
0.113128
0.094364
0.090210
0.136524
0.108316
0.076410
0.117933
0.130432
0.036849
0.073423
0.107385
0.136755
0.118090
0.193630
0.078877
0.079190
0.150822
0.160338
0.115459
0.157531
0.200438
0.215181
0.255691
0.211555
0.213216
0.162338
0.214510
0.214897
0.251267
0.217208
0.216996
0.226158
0.256436
0.250386
0.187075
0.260031
0.309931
0.249106
0.275184
0.207204
0.284315
0.198502
0.303700
0.251498
0.189514
0.285524
0.253242
0.224966
0.312346
0.326030
0.299906
0.248701
0.249287
0.304511
0.172341
0.213440
0.267079
0.227490
0.207951
0.220565
0.172892
0.271058
0.308631
0.270101
0.230716
0.183273
0.156772
0.290260
0.294390
0.186741
0.164948
0.277090
0.193175
0.159455
0.170452
0.271086
0.276866
0.333188
0.259500
0.214239
0.345824
0.390791
0.402592
0.315861
0.440688
0.329400
0.272287
0.318559
0.329286
0.348300
0.420622
0.468812
0.494023
0.498063
0.482037
0.628875
0.538184
0.629902
0.530345
0.564424
0.682324
0.633696
0.623130
0.609841
0.530576
0.558748
0.605698
0.714849
0.646416
0.619025
0.670829
0.703887
0.634645
0.666891
0.691551
0.708950
0.631563
0.655847
0.689517
0.693267
0.658858
0.653538
0.675447
0.654748
0.570029
0.653519
0.631675
0.674601
0.643448
0.562304
0.507422
0.600869
0.618915
0.549856
0.574247
0.528616
0.540768
0.535379
0.580715
0.478526
0.444247
0.506603
0.458467
0.543222
0.561064
0.511079
0.502953
0.514329
0.554080
0.494684
0.503116
0.403013
0.402008
0.483443
0.571331
0.557276
0.583792
0.489995
0.474701
0.553963
0.539092
0.539264
0.620792
0.531539
0.510776
0.543861
0.468820
0.516421
0.455396
0.449544
0.462219
0.487871
0.487909
0.513972
0.534869
0.542854
0.626925
0.610281
0.511454
0.562923
0.541986
0.582318
0.517426
0.540383
0.563971
0.589933
0.581797
0.614495
0.607076
0.623170
0.604554
0.674094
0.591813
0.619503
0.630391
0.596844
0.726984
0.631582
0.637819
0.668405
0.667636
0.684409
0.636442
0.728207
0.625319
0.647298
0.703210
0.643558
0.713332
0.681053
0.604164
0.717917
0.730474
0.660110
0.616959
0.650064
0.642900
0.547996
0.580079
0.553491
0.417511
0.606960
0.617059
0.643500
0.688936
0.596768
0.608115
0.609033
0.663969
0.626301
0.584890
0.534912
0.521872
0.595412
0.623022
0.659856
0.670112
0.624624
0.663198
0.712386
0.634396
0.700854
0.670439
0.683230
0.766684
0.682157
0.617292
0.730376
0.702362
0.719666
0.716970
0.759258
0.723153
0.689004
0.693828
0.663708
0.689198
0.658297
0.581497
0.649328
0.717778
0.656469
0.675107
0.669224
0.683349
0.638777
0.694374
0.635914
0.639546
0.665432
0.683341
0.621588
0.622683
0.639168
0.577641
0.600071
0.664922
0.675658
0.625845
0.600781
0.590760
0.635176
0.593913
0.588670
0.730077
0.608175
0.617229
0.711585
0.684283
0.711430
0.718789
0.651651
0.687978
0.637261
0.604502
0.654970
0.661955
0.666897
0.630396
0.702565
0.748717
0.552673
0.553686
0.601017
0.607718
0.675164
0.714773
0.672038
0.781934
0.618388
0.622426
0.641039
0.676842
0.567481
0.503627
0.279749
