0.556322
0.321921
0.074274
0.190101
0.175427
0.189159
0.132707
0.002819
0.265941
0.116089
0.065699
0.065082
0.168405
0.054170
0.117471
0.157096
0.085536
0.139086
0.089270
0.145071
0.142195
0.106277
0.100248
0.116966
0.139522
0.036855
0.088062
0.128974
0.061573
0.098927
0.153934
0.158714
0.246162
0.155515
0.082327
0.103174
0.046327
0.132432
0.154030
0.110996
0.126998
0.155018
0.154027
0.135128
0.067049
0.131876
0.080753
0.202221
0.100666
0.185716
0.144791
0.099394
0.025848
0.141293
0.148025
0.127176
0.094032
0.115451
0.145830
0.070655
0.078068
0.088917
0.057572
0.100671
0.093320
0.088057
0.003282
0.038942
0.139889
0.064201
-0.006224
0.113388
0.086237
0.045363
0.050019
0.053021
0.066005
0.019501
0.036006
0.120310
0.072045
0.060281
0.003915
0.038895
0.049041
0.028644
0.076427
0.145648
-0.021562
0.029937
0.027967
0.063224
0.006311
0.031095
0.049767
0.074911
0.082985
0.080706
-0.030928
-0.001876
0.052025
0.066569
0.040673
0.138046
0.098179
0.072739
0.047872
0.079956
-0.022196
0.037551
0.033479
0.031407
0.078708
0.073399
-0.009442
-0.004073
0.032111
0.081387
0.011729
0.109551
0.144170
0.008086
0.064820
0.079897
0.024237
0.002719
0.001535
0.127742
0.031787
0.080666
0.028639
0.011455
0.035280
0.162923
0.051942
0.114947
0.035414
0.041598
0.032229
0.041927
0.079097
-0.012606
0.009923
0.095608
0.025402
0.065555
-0.011396
0.009419
0.031446
0.025383
0.020923
0.072874
0.080029
0.065416
0.022210
0.040542
0.016928
0.037892
-0.046227
0.102806
0.038390
0.077575
0.036749
0.039993
0.060937
0.074456
0.109519
0.122796
0.018173
0.030359
-0.001570
0.007921
0.061399
-0.041194
0.076039
0.101262
0.033509
0.072999
0.035878
0.025026
0.068214
0.081498
0.024232
0.118301
0.072516
0.077716
0.071716
0.025160
0.106958
0.055734
0.084351
0.118876
0.133282
0.133522
-0.023246
0.132136
0.153150
0.174210
0.138663
0.180671
0.095263
0.055136
0.022335
0.100855
0.128137
0.064949
0.121624
0.102249
0.086691
0.170898
0.097801
0.120970
0.163357
0.125156
0.165224
0.142388
0.163220
0.099332
0.131265
0.149658
0.179272
0.145366
0.198682
0.226783
0.236067
0.111017
0.107794
0.085598
0.179257
0.318316
0.184204
0.262338
0.266565
0.149717
0.273007
0.227503
0.165464
0.154723
0.155281
0.254640
0.193007
0.195150
0.199841
0.216928
0.176076
0.241971
0.225531
0.239258
0.252966
0.227615
0.207253
0.154780
0.227654
0.122880
0.250731
0.188983
0.360237
0.155835
0.153946
0.166924
0.361556
0.340780
0.227465
0.346200
0.365959
0.267518
0.177226
0.262577
0.238180
0.254900
0.265859
0.351781
0.337646
0.417788
0.331307
0.344833
0.305545
0.332782
0.369993
0.368849
0.419046
0.239583
0.286265
0.337730
0.320985
0.238043
0.339511
0.330789
0.364951
0.270274
0.231539
0.263807
0.221790
0.348846
0.237629
0.239509
0.295606
0.201039
0.347361
0.189509
0.219866
0.197737
0.277742
0.256408
0.324275
0.250284
0.204764
0.217729
0.185879
0.168295
0.215663
0.207438
0.222196
0.099414
0.111594
0.150747
0.192872
0.088221
0.090577
0.159838
0.140053
0.116410
0.092912
0.106742
0.105613
0.170007
0.127263
0.156314
0.218377
0.147697
0.048243
0.092607
0.109875
0.068851
0.085130
0.180683
0.137423
0.212402
0.173130
0.140464
0.162749
0.131714
0.117637
0.134316
0.242992
0.090891
0.106206
0.188210
0.148306
0.118084
0.130833
0.198181
0.180367
0.158616
0.141089
0.146113
0.133622
0.215304
0.202360
0.222897
0.195114
0.178745
0.163854
0.206996
0.170312
0.137486
0.149489
0.197568
0.202348
0.258162
0.125280
0.126191
0.188681
0.223248
0.146851
0.219465
0.246531
0.119996
0.128499
0.270055
0.221337
0.149553
0.186983
0.252671
0.245700
0.236175
0.183820
0.242074
0.207377
0.251969
0.225198
0.211168
0.148657
0.130834
0.108224
0.157681
0.177858
0.195761
0.111000
0.165808
0.188103
0.116451
0.057235
0.198828
0.194161
0.223997
0.119158
0.196736
0.172246
0.170728
0.098071
0.104715
0.115446
0.172886
0.163587
0.188257
0.233937
0.182473
0.158577
0.164471
0.089255
0.210729
0.174838
0.184230
0.208418
0.200425
0.178751
0.150549
0.209581
0.087771
0.172661
0.240610
0.221515
0.270368
0.180717
0.104163
0.120608
0.147031
0.127511
0.142076
0.143594
0.110180
0.144259
0.164690
0.121181
0.071823
0.097733
0.130340
0.209178
0.139548
0.106894
0.096981
0.075604
0.102008
0.095701
0.116584
0.130874
0.104530
0.045679
0.127055
0.052068
0.071829
0.080814
0.082708
0.164965
0.116779
0.013257
0.043554
0.105873
0.058283
0.092312
0.099726
0.078732
0.074305
0.022163
0.036393
0.015560
0.064507
0.005822
0.054407
0.020824
0.069798
0.049233
0.033646
0.014216
0.044247
-0.021972
0.111791
0.054271
0.035047
-0.038862
-0.027430
0.009902
0.034359
-0.005814
0.063369
0.044893
0.038961
-0.045211
0.029966
-0.006010
0.014979
-0.006187
0.091673
0.074185
0.004522
0.004880
0.063397
-0.094423
-0.005095
0.034976
0.071925
-0.002736
0.076793
-0.015648
-0.011926
0.014970
0.028309
0.045240
0.104335
-0.001497
0.072305
-0.008552
-0.000394
-0.019820
-0.045638
0.068499
0.030353
0.047614
0.014180
-0.073534
-0.009336
0.029971
0.043086
0.043037
0.097689
0.050594
0.040745
-0.016867
-0.015980
-0.022484
-0.023246
0.034971
0.046106
0.007208
0.019722
-0.056640
0.011672
0.035875
0.011931
-0.038614
0.121855
0.036713
-0.053584
0.008473
-0.012975
-0.014351
-0.025721
0.044321
0.045043
-0.042281
0.045086
-0.058442
0.014475
0.024341
0.031160
-0.001129
0.074890
0.025679
-0.027240
-0.021681
-0.028407
0.006236
0.049762
0.015927
0.073221
0.032588
-0.001388
-0.006365
-0.014730
0.039408
0.058484
0.005760
0.128755
-0.000494
0.035998
0.019561
-0.022800
-0.007072
-0.076424
0.097495
0.052580
0.022092
0.089023
0.009385
0.032642
0.038079
0.014490
0.026694
0.149268
0.026837
0.042456
0.060331
0.008854
0.062727
0.028905
0.011248
0.093227
0.106816
0.076562
0.028121
0.061254
0.035141
0.046498
0.051510
0.096064
0.016120
0.028921
-0.010721
0.021464
0.044598
-0.006747
0.063458
0.079799
0.041471
0.107079
-0.020201
0.029854
0.028492
0.019618
0.047222
0.135465
0.001945
0.027639
0.014533
-0.005456
0.110337
0.016476
0.078080
0.053863
0.067437
0.086459
0.097797
0.036444
0.053480
0.114529
0.149567
0.110035
0.117368
0.094273
0.071099
0.125853
0.058750
0.087309
0.098867
0.150338
0.211990
0.037314
0.000535
0.080032
0.091748
0.221770
0.104780
0.186660
0.158673
0.101155
0.203250
0.138640
0.146207
0.085380
0.144000
0.209067
0.143812
0.217577
0.211379
0.166996
0.179134
0.170971
0.135355
0.186863
0.175456
0.155699
0.223920
0.132720
0.106433
0.108020
0.189292
0.176025
0.206764
0.170098
0.118287
0.087181
0.146003
0.185559
0.296927
0.175321
0.199911
0.177403
0.109402
0.178874
0.137146
0.114248
0.147430
0.149458
0.230961
0.230322
0.156365
0.223388
0.125147
0.276097
0.162478
0.218192
0.225971
0.077126
0.074387
0.230057
0.201546
0.140212
0.136163
0.268932
0.205965
0.255893
0.297707
0.274976
0.182827
0.207756
0.204322
0.225884
0.205441
0.217472
0.194729
0.274205
0.325584
0.301058
0.257002
0.242589
0.253981
0.243199
0.215970
0.261822
0.282503
0.323764
0.263038
0.293825
0.296222
0.273409
0.338618
0.261172
0.257616
0.182700
0.207033
0.258843
0.306026
0.357883
0.307625
0.296014
0.371578
0.351539
0.192298
0.260403
0.353078
0.332314
0.269666
0.295521
0.223388
0.221857
0.218794
0.347129
0.312329
0.307992
0.360299
0.373652
0.387572
0.386938
0.348072
0.290735
0.442984
0.340772
0.297492
0.311293
0.343038
0.335053
0.312973
0.389912
0.446182
0.418632
0.422455
0.372466
0.437248
0.387389
0.438970
0.382129
0.516323
0.485869
0.408737
0.436722
0.432242
0.464640
0.458043
0.552964
0.480127
0.469095
0.461603
0.531477
0.458755
0.548096
0.514903
0.446143
0.606484
0.563491
0.424096
0.488262
0.448093
0.526095
0.456580
0.521993
0.547347
0.523528
0.482635
0.494399
0.487475
0.465225
0.439323
0.457567
0.545703
0.398998
0.472828
0.449707
0.478015
0.426317
0.428947
0.447662
0.433816
0.432239
0.458861
0.386929
0.484626
0.394917
0.394988
0.413688
0.437087
0.298567
0.362944
0.313115
0.368869
0.333108
0.379323
0.412640
0.385314
0.380853
0.303584
0.357903
0.395066
0.303785
0.360155
0.365343
0.348640
0.348026
0.417237
0.306450
0.335059
0.284236
0.333238
0.327182
0.390467
0.390904
0.299089
0.221647
0.372775
0.343285
0.208402
0.359213
0.378422
0.264332
0.313054
0.234609
0.281945
0.221989
0.313818
0.296073
0.237027
0.303973
0.287254
0.194051
0.240418
0.314335
0.256948
0.305779
0.261245
0.250090
0.360971
0.277912
0.281095
0.252142
0.266844
0.349823
0.348145
0.425293
0.359086
0.393004
0.445449
0.458983
0.434602
0.393100
0.487131
0.372203
0.299748
0.437660
0.380903
0.350152
0.330409
0.465683
0.388320
0.379900
0.443326
0.465435
0.485723
0.452832
0.455956
0.375593
0.456448
0.361608
0.273076
0.421625
0.372489
0.339005
0.442268
0.450994
0.413298
0.440192
0.378175
0.424901
0.487572
0.458228
0.409702
0.492331
0.504095
0.399745
0.499720
0.470843
0.337612
0.425265
0.438598
0.526552
0.523304
0.422459
0.422619
0.414514
0.401224
0.439141
0.297866
0.468351
0.453127
0.388388
0.506510
0.351533
0.406181
0.406478
0.419224
0.381902
0.369049
0.294963
0.272939
0.338126
0.274339
0.319280
0.277677
0.347196
0.388981
0.217534
0.268740
0.175045
0.305488
0.224065
0.187904
0.169802
0.181115
0.205275
0.091839
0.166956
0.149526
0.199321
0.174186
0.139496
0.254446
0.134053
0.085428
0.165864
0.066087
0.080462
0.087607
0.140354
0.204392
0.147547
0.082427
0.186881
0.163021
0.158808
0.166879
0.099072
0.266646
0.087656
0.025540
0.163121
0.142932
0.103183
0.049957
0.160226
0.127338
0.194015
0.243515
0.175342
0.154546
0.234132
0.229559
0.140347
0.417324
0.130187
0.122687
0.271943
0.218763
0.286256
0.287289
0.269527
