0.535226
0.425000
0.255663
0.326174
0.307319
0.321760
0.274649
0.286546
0.394136
0.304313
0.362724
0.155002
0.267468
0.280149
0.257548
0.256131
0.177920
0.309340
0.170133
0.195981
0.212383
0.311496
0.229560
0.269034
0.305357
0.163004
0.276927
0.229203
0.233529
0.264206
0.251705
0.398983
0.355576
0.339435
0.333838
0.320143
0.283090
0.327534
0.224019
0.291861
0.239944
0.238302
0.301908
0.320018
0.256257
0.268358
0.260357
0.230357
0.194468
0.257321
0.274266
0.171185
0.270935
0.316460
0.280753
0.288424
0.267977
0.263687
0.256090
0.274733
0.259590
0.197892
0.216610
0.364642
0.420026
0.399103
0.401402
0.379451
0.353795
0.430427
0.447656
0.375904
0.537815
0.422282
0.400212
0.397087
0.351535
0.365810
0.373401
0.426875
0.398099
0.444513
0.392537
0.485596
0.522131
0.487150
0.538181
0.453037
0.520659
0.414115
0.298776
0.396499
0.457028
0.416819
0.485525
0.536882
0.549503
0.399831
0.555736
0.466641
0.476363
0.495994
0.492579
0.454547
0.434916
0.422440
0.450725
0.445138
0.434206
0.450125
0.431964
0.454667
0.440253
0.450714
0.435229
0.408200
0.385502
0.404539
0.459015
0.445866
0.439025
0.343202
0.342953
0.404283
0.240618
0.329482
0.314103
0.416098
0.285987
0.397064
0.355224
0.337937
0.351615
0.390683
0.429726
0.372257
0.343465
0.359420
0.379809
0.349625
0.348353
0.334833
0.367007
0.491845
0.326787
0.328290
0.350026
0.300077
0.333175
0.370812
0.348275
0.393098
0.306824
0.255202
0.338838
0.357798
0.397788
0.359289
0.333418
0.411808
0.354315
0.364114
0.285325
0.330856
0.348087
0.293836
0.198179
0.357814
0.343341
0.247924
0.299238
0.313564
0.297994
0.271874
0.230184
0.288701
0.305826
0.228720
0.241484
0.223494
0.229770
0.258636
0.257184
0.218269
0.303509
0.171712
0.179562
0.233958
0.191889
0.176834
0.203543
0.283045
0.165860
0.236906
0.193623
0.142802
0.197911
0.215015
0.223957
0.316679
0.213199
0.158500
0.162504
0.247426
0.177659
0.129837
0.198067
0.253661
0.291726
0.159801
0.164099
0.235164
0.118831
0.231530
0.258442
0.191678
0.180622
0.102412
0.149421
0.204291
0.154198
0.187254
0.189761
0.204183
0.242098
0.181290
0.150885
0.214121
0.155190
0.286593
0.116221
0.193796
0.268969
0.218497
0.210398
0.134231
0.136881
0.171086
0.145017
0.260003
0.198503
0.186814
0.208448
0.163289
0.132743
0.193502
0.194943
0.186117
0.276755
0.149876
0.156833
0.157169
0.162172
0.127841
0.228282
0.241831
0.171856
0.162152
0.200887
0.114920
0.201134
0.297166
0.153544
0.198579
0.270926
0.226896
0.199141
0.124094
0.063717
0.132891
0.090983
0.123276
0.189642
0.154561
0.135141
0.134301
0.126216
0.187005
0.088196
0.105339
0.161680
0.131137
0.049525
0.078748
0.075946
0.102438
0.036824
0.108583
0.110994
0.108591
0.037825
0.034404
0.165861
0.092991
0.061297
0.099720
0.104967
0.050415
0.079294
0.094095
0.033387
0.020418
0.048106
0.126764
0.114254
0.100825
0.048605
0.043950
0.077926
0.087782
0.031829
0.139643
0.100741
0.081729
0.049855
0.055186
0.027779
0.020134
0.108280
0.110929
0.064807
0.115581
0.035686
0.087953
0.089116
0.095209
0.100782
0.120200
0.118283
0.089208
0.152284
0.121268
0.024075
0.060545
0.077661
0.120102
0.157523
0.174135
0.103708
0.138440
0.176078
0.135751
0.099632
0.167908
0.086923
0.136057
0.124224
0.081218
0.090437
0.102722
0.091759
0.094282
0.232585
0.242693
0.115858
0.207418
0.140177
0.219430
0.247482
0.158088
0.247804
0.119848
0.115381
0.070427
0.198873
0.178600
0.176844
0.234554
0.214661
0.198829
0.103224
0.269173
0.166575
0.160029
0.146962
0.192391
0.091567
0.122173
0.165251
0.164442
0.187291
0.096154
0.105923
0.161706
0.143024
0.220757
0.205035
0.202002
0.180825
0.163237
0.143847
0.124509
0.170789
0.144010
0.127777
0.176501
0.090081
0.142427
0.149542
0.110550
0.181904
0.266548
0.185580
0.158376
0.228030
0.039316
0.151494
0.207602
0.110438
0.179986
0.161466
0.253818
0.169474
0.164135
0.238989
0.270689
0.324881
0.279345
0.300282
0.287192
0.370477
0.371056
0.287586
0.232551
0.433428
0.338977
0.322118
0.271854
0.295954
0.291227
0.302009
0.475121
0.405703
0.469666
0.442470
0.391397
0.383567
0.424992
0.394837
0.458737
0.385662
0.448711
0.489964
0.414129
0.453255
0.429980
0.445312
0.505321
0.474066
0.415438
0.430441
0.458400
0.377774
0.446084
0.424943
0.481168
0.472325
0.444488
0.450877
0.423226
0.423077
0.392438
0.456630
0.466184
0.456762
0.411106
0.359243
0.424555
0.345481
0.475093
0.483715
0.467593
0.524917
0.385062
0.253391
0.473902
0.417433
0.367361
0.417199
0.443235
0.377840
0.499274
0.480106
0.502280
0.494388
0.538414
0.441130
0.485672
0.496345
0.460068
0.495414
0.471110
0.470295
0.517275
0.540223
0.628564
0.550085
0.567825
0.544254
0.584232
0.521815
0.506762
0.434521
0.532317
0.514632
0.460394
0.483905
0.509908
0.468683
0.465714
0.443087
0.470385
0.451906
0.544567
0.564896
0.516609
0.527796
0.503910
0.544624
0.499250
0.521178
0.445236
0.376825
0.458464
0.473016
0.419018
0.496778
0.574139
0.556013
0.478241
0.456108
0.463103
0.452240
0.445363
0.445766
0.436592
0.419549
0.293916
0.453802
0.467266
0.328673
0.423542
0.312714
0.480689
0.327707
0.417519
0.431971
0.391866
0.268318
0.310422
0.348978
0.380690
0.363569
0.285404
0.341367
0.339950
0.183896
0.213960
0.154120
0.281348
0.186817
0.247750
0.234922
0.282162
0.257201
0.250789
0.325502
0.297362
0.320256
0.304736
0.189082
0.286269
0.279714
0.195493
0.283004
0.366222
0.248441
0.336941
0.310111
0.311570
0.247674
0.298033
0.266922
0.250663
0.317315
0.218872
0.229098
0.251199
0.211066
0.155785
0.234906
0.363307
0.246637
0.291044
0.273549
0.258438
0.258999
0.371772
0.285804
0.216546
0.335054
0.310761
0.304918
0.255903
0.227868
0.177156
0.249592
0.344189
0.330990
0.232479
0.219535
0.260300
0.205562
0.267627
0.316890
0.261531
0.231162
0.259539
0.159259
0.320798
0.239811
0.232822
0.189076
0.287822
0.284361
0.203976
0.144112
0.197259
0.166603
0.143799
0.143179
0.212243
0.100598
0.078813
0.096811
0.150803
0.148434
0.091030
0.118288
0.154516
0.106344
0.108431
0.062314
0.138481
0.154676
0.116477
0.084911
0.215633
0.064998
0.098351
0.126300
0.125554
0.076812
0.139119
0.143254
0.149920
0.163568
0.127529
0.124550
0.116902
0.176333
0.208991
0.229340
0.232077
0.234066
0.182793
0.137101
0.168683
0.253049
0.258201
0.294579
0.359784
0.375907
0.285879
0.205206
0.258264
0.227292
0.248282
0.348840
0.338379
0.180802
0.208106
0.214985
0.227168
0.230217
0.218418
0.255995
0.188010
0.260981
0.175291
0.123907
0.190513
0.176559
0.222133
0.190183
0.181568
0.288877
0.194518
0.142478
0.213024
0.176417
0.042508
0.168055
0.205254
0.143580
0.144922
0.155802
0.201911
0.152962
0.179609
0.191909
0.152667
0.189449
0.155584
0.066684
0.179051
0.132081
0.121380
0.051189
0.173938
0.098358
0.218690
0.141456
0.167947
0.212039
0.297048
0.175945
0.148003
0.292278
0.158862
0.142369
0.028149
0.197055
0.134129
0.167590
0.137832
0.256278
0.185681
0.118078
0.154000
0.183429
0.253997
0.241070
0.123926
0.259761
0.168900
0.146853
0.115525
0.201864
0.141619
0.268294
0.245304
0.208406
0.159477
0.089641
0.137744
0.105058
0.200257
0.230577
0.094863
0.206998
0.107920
0.144112
0.162403
0.143539
0.074847
0.163538
0.191717
0.186161
0.133939
0.071534
0.134876
0.094113
0.240579
0.153169
0.142600
0.156750
0.119218
0.074442
0.161508
0.126833
0.118666
0.096579
0.144353
0.154259
0.077918
0.090523
0.074670
0.007813
0.130705
0.178972
0.137488
0.022144
0.064053
0.114839
0.106790
0.023430
0.047313
0.080354
0.090006
0.111543
0.108447
-0.015784
0.072447
0.055675
0.102721
0.143481
0.054617
0.072241
0.049534
0.029254
0.006448
0.097751
0.035220
-0.006075
0.057857
0.090236
0.058157
-0.019368
0.053763
0.036417
0.016047
-0.005681
0.107938
0.059284
0.056274
0.049794
0.016931
0.027407
0.055154
0.012706
0.090910
0.060653
0.094872
0.025999
0.099309
-0.008234
0.079353
0.082463
0.078537
0.099606
-0.028577
0.018977
0.000146
0.017172
-0.006062
0.059138
0.061238
0.036942
0.088586
0.029096
0.010503
-0.006621
0.027292
-0.008568
0.111293
0.054519
-0.039381
0.000781
0.050707
0.031595
-0.019154
0.061504
0.019163
0.081677
0.040774
-0.083845
0.034028
0.041273
0.040906
-0.038174
0.074535
0.088491
0.024908
-0.014903
0.038277
-0.003211
-0.020161
-0.006057
0.086031
0.015123
-0.020866
0.020241
0.020884
0.039735
0.044406
-0.040211
0.134125
0.060516
0.040955
-0.043080
0.012245
0.084416
-0.008236
0.055626
0.074634
-0.008959
0.039317
-0.032352
0.028349
-0.013870
-0.012204
0.016952
0.117689
0.009621
0.054484
-0.050109
0.009597
0.060798
0.037923
-0.035372
0.117547
-0.008038
0.058025
-0.022069
0.029919
0.032070
0.032654
0.006603
0.150355
0.009484
-0.023701
0.012300
-0.002250
0.064814
0.026817
-0.005647
0.080978
0.068723
0.011100
-0.031017
0.014163
0.041892
0.054623
0.034239
0.122329
0.060621
0.025491
-0.005276
-0.031812
0.085301
-0.038163
0.021227
0.090093
-0.029294
0.074028
0.062421
0.053725
0.013027
0.010618
0.033866
0.090766
0.055267
-0.027365
0.034601
0.000944
0.041783
0.054820
0.024062
0.083816
0.059503
0.062863
-0.033933
0.017598
0.027419
0.007749
0.059114
0.124909
0.083804
0.003306
-0.049293
0.020403
0.006898
0.009490
0.049081
0.096137
-0.008852
0.060002
0.043026
0.004480
0.032630
0.031128
0.062013
0.132758
0.058005
0.049758
0.134647
-0.014604
0.004498
-0.007826
0.086359
0.071744
0.112133
0.037767
0.073823
0.055958
0.015948
0.120624
0.038241
0.135052
0.125643
0.099800
0.014824
0.143074
0.089370
0.021451
0.147767
0.112217
0.195737
0.154631
0.128776
0.192943
0.074233
0.136291
0.188740
0.085094
0.329327
0.035883
0.127019
0.327332
0.117552
0.237533
0.237995
0.255996
