0.530015
0.408794
0.218334
0.380583
0.295206
0.396336
0.286969
0.274365
0.283638
0.342127
0.385263
0.202407
0.244898
0.301007
0.381665
0.362411
0.277975
0.294174
0.246747
0.342661
0.284065
0.257576
0.313881
0.172570
0.294878
0.286370
0.273896
0.243094
0.183033
0.252580
0.223712
0.232167
0.228772
0.226990
0.243138
0.241984
0.167027
0.262096
0.238476
0.244746
0.243869
0.212938
0.241169
0.188470
0.184000
0.271300
0.265460
0.197031
0.223421
0.253300
0.177769
0.214629
0.209506
0.236067
0.276543
0.219303
0.239440
0.243220
0.159824
0.157232
0.152969
0.263322
0.146067
0.211283
0.251382
0.177967
0.151144
0.208652
0.118221
0.174870
0.169380
0.152737
0.128291
0.193725
0.102985
0.112877
0.139483
0.114452
0.107198
0.122707
0.088501
0.122791
0.156086
0.173392
0.143020
0.134179
0.128078
0.137377
0.212393
0.070420
0.106448
0.132432
0.173134
0.064133
0.125700
0.181457
0.181287
0.176202
0.150921
0.207653
0.218140
0.193064
0.146182
0.140023
0.232171
0.148304
0.077526
0.174727
0.054654
0.078617
0.112258
0.227118
0.139042
0.227629
0.197951
0.244509
0.175993
0.204728
0.226396
0.112207
0.161623
0.143957
0.188473
0.045929
-0.000553
0.142432
0.003269
0.167286
0.124580
0.112956
0.116218
0.105376
0.027453
0.132910
0.106932
0.166589
0.122458
0.019623
0.059883
0.098428
0.165869
0.034691
0.165482
0.130557
0.100057
0.178253
0.057708
0.121396
0.140026
0.188149
0.063635
0.107727
0.110893
0.174122
0.154890
0.136351
0.064385
0.159645
0.061889
0.184750
0.143139
0.150533
0.026442
0.150666
0.165913
0.080030
0.079617
0.134806
0.128749
0.113639
0.090505
0.075001
0.106164
0.045628
0.099375
0.091411
0.176911
0.031516
0.057437
0.078248
0.109370
0.167851
0.043559
0.171982
0.181406
0.067319
0.041169
0.066341
0.165690
0.043903
0.093992
0.154402
0.107858
0.085920
-0.020908
0.036866
0.090658
0.189245
0.167580
0.175864
0.185685
0.073010
0.129899
0.097836
0.046070
0.036320
0.080585
0.109936
0.116295
0.079870
0.011329
0.050277
0.090518
0.111165
0.061041
0.128606
0.084745
0.062001
0.042361
0.077727
0.125971
0.054840
0.015693
0.127738
0.029383
0.098119
0.051392
0.083668
0.053676
0.031822
-0.028705
0.197200
-0.009152
0.009692
0.029004
0.066772
0.051310
0.074561
0.038950
0.056782
0.085749
0.087555
0.025545
0.055444
0.030639
0.024666
0.049450
0.113499
0.076806
0.021500
0.011356
0.038668
-0.002380
0.054314
0.066775
0.073954
0.092003
0.127655
0.005921
0.045972
0.084572
0.055354
0.088066
0.147751
0.054876
0.097355
0.107933
0.040663
0.052063
0.061476
0.074674
0.043552
0.094004
0.119591
0.009622
0.054687
0.154433
0.072911
0.024200
0.112214
0.105788
0.010790
0.110951
0.113726
0.109053
0.054253
0.140198
0.106834
0.087244
0.113719
0.079392
0.035967
0.104399
0.057088
0.049276
0.172826
0.132267
0.101736
0.094524
0.102783
0.059805
0.085969
0.120234
0.105368
0.082614
0.114653
0.109445
0.127686
0.046671
0.125014
0.147667
0.103634
0.139364
0.040922
0.034710
0.091451
0.056355
0.101735
0.054398
0.100256
0.168557
0.173067
0.106302
0.096475
0.195683
0.189551
0.211636
0.105196
0.206835
0.226240
0.146445
0.156125
0.176967
0.133785
0.208607
0.323464
0.301759
0.306404
0.280747
0.182349
0.188560
0.256803
0.188805
0.286906
0.287305
0.259601
0.290382
0.322968
0.269721
0.174552
0.307860
0.310466
0.148730
0.312301
0.195003
0.284702
0.272827
0.362642
0.288637
0.324817
0.311425
0.277341
0.381240
0.244674
0.278757
0.276265
0.333377
0.383571
0.456438
0.459432
0.338058
0.445003
0.453194
0.489858
0.303554
0.365215
0.513403
0.333686
0.240195
0.392635
0.388142
0.395602
0.375421
0.392384
0.431275
0.428200
0.350971
0.441021
0.386756
0.389931
0.382579
0.365714
0.503654
0.369491
0.406613
0.368225
0.365250
0.355042
0.387283
0.359439
0.420740
0.447911
0.435236
0.524144
0.487588
0.499484
0.476355
0.441053
0.545725
0.488042
0.417639
0.446737
0.460089
0.406844
0.472307
0.550910
0.532913
0.482380
0.466961
0.520956
0.424123
0.449962
0.451294
0.423752
0.501429
0.378127
0.346242
0.394198
0.415704
0.338030
0.365650
0.511867
0.381922
0.406359
0.404312
0.448550
0.445135
0.481311
0.438410
0.532669
0.429398
0.391657
0.411414
0.330875
0.455794
0.359293
0.426145
0.371767
0.467924
0.540379
0.434107
0.608755
0.562969
0.610881
0.531945
0.597273
0.695474
0.547450
0.525232
0.559279
0.584122
0.627458
0.609564
0.719325
0.659235
0.617781
0.688313
0.639374
0.695931
0.628045
0.658693
0.627624
0.715756
0.609429
0.615531
0.623926
0.579234
0.599658
0.598766
0.582791
0.519600
0.599205
0.620441
0.582127
0.530501
0.488656
0.488107
0.569179
0.558399
0.577219
0.605590
0.444883
0.488899
0.535838
0.568805
0.539716
0.573273
0.502670
0.507025
0.536705
0.431954
0.475998
0.509625
0.540711
0.485745
0.435197
0.441156
0.508569
0.456043
0.497310
0.526031
0.498163
0.562463
0.413360
0.438043
0.439228
0.513204
0.495400
0.433575
0.425769
0.486152
0.457478
0.491988
0.381587
0.450370
0.415458
0.386092
0.453673
0.397686
0.388757
0.373939
0.448299
0.374994
0.374513
0.443822
0.325292
0.307190
0.316807
0.435015
0.291079
0.280917
0.293822
0.315262
0.228109
0.295912
0.386346
0.379640
0.332694
0.378084
0.353063
0.329774
0.444597
0.425526
0.311606
0.421138
0.381386
0.348527
0.372348
0.511740
0.544469
0.453743
0.482454
0.517177
0.546423
0.581180
0.586781
0.479244
0.482593
0.626787
0.683318
0.589623
0.575150
0.625056
0.507023
0.611135
0.709992
0.647877
0.746292
0.727059
0.707786
0.762487
0.761676
0.652571
0.756481
0.777055
0.763109
0.779219
0.775688
0.764380
0.750162
0.795303
0.805287
0.771742
0.741251
0.774818
0.770782
0.789138
0.766989
0.752043
0.711845
0.757600
0.798373
0.757464
0.787505
0.742455
0.746910
0.746949
0.779498
0.685525
0.714947
0.699095
0.720326
0.673452
0.676078
0.626048
0.711844
0.720219
0.636332
0.755868
0.681092
0.648881
0.690641
0.676984
0.646340
0.587609
0.557368
0.628202
0.711566
0.688978
0.686858
0.675770
0.676259
0.699106
0.695938
0.693869
0.697708
0.668058
0.710726
0.617208
0.689774
0.704790
0.664585
0.706448
0.728084
0.679031
0.718265
0.676050
0.684264
0.699317
0.649752
0.631103
0.698808
0.665940
0.659237
0.666751
0.753483
0.706160
0.702448
0.721664
0.738918
0.724742
0.709698
0.642656
0.654630
0.773891
0.674376
0.666377
0.686341
0.705230
0.674036
0.638340
0.712079
0.690058
0.608695
0.672048
0.706969
0.708588
0.706851
0.659572
0.649945
0.673085
0.683232
0.655291
0.679866
0.664738
0.678183
0.686741
0.743625
0.612817
0.680622
0.729070
0.767380
0.683407
0.717090
0.667664
0.620091
0.688061
0.646449
0.675734
0.731211
0.688666
0.676843
0.639876
0.725460
0.662534
0.660865
0.730326
0.761183
0.695678
0.733325
0.701864
0.701286
0.761719
0.731596
0.695683
0.737116
0.736124
0.718350
0.687983
0.767246
0.779837
0.751696
0.785534
0.799286
0.793103
0.767079
0.764769
0.735205
0.777591
0.788673
0.669199
0.808633
0.758094
0.747899
0.721329
0.679901
0.705084
0.716538
0.730121
0.730054
0.753371
0.751798
0.702103
0.713443
0.784609
0.724249
0.686110
0.708507
0.676090
0.741952
0.712878
0.733634
0.693176
0.753572
0.757966
0.762419
0.737602
0.724160
0.605317
0.685458
0.776817
0.677501
0.704706
0.729574
0.760561
0.731842
0.746698
0.742341
0.623102
0.702870
0.721410
0.681782
0.705452
0.788581
0.629413
0.665597
0.712449
0.676065
0.716799
0.651008
0.711765
0.697034
0.716064
0.738787
0.629004
0.724665
0.744041
0.775037
0.745509
0.765714
0.684334
0.719607
0.803787
0.758886
0.739862
0.764299
0.766088
0.802669
0.767977
0.780944
0.699575
0.726622
0.728006
0.854569
0.774068
0.743473
0.673256
0.702003
0.764973
0.697787
0.648785
0.684099
0.687358
0.773751
0.674466
0.632256
0.662961
0.670828
0.632072
0.691088
0.670118
0.622808
0.569841
0.643848
0.674397
0.599698
0.586093
0.579255
0.527723
0.567744
0.600308
0.563141
0.597202
0.560938
0.579719
0.540195
0.493490
0.512486
0.587783
0.562273
0.532039
0.576666
0.477702
0.510303
0.534483
0.473919
0.490230
0.481625
0.537821
0.565131
0.567200
0.591532
0.581701
0.591669
0.541198
0.592904
0.606278
0.490244
0.517859
0.512179
0.561375
0.570340
0.583753
0.500456
0.622674
0.579869
0.503148
0.613932
0.604639
0.574178
0.589619
0.612436
0.678547
0.541902
0.541171
0.566557
0.554520
0.625021
0.633319
0.685411
0.654915
0.603098
0.632215
0.582942
0.558768
0.615624
0.605474
0.579310
0.673396
0.610934
0.583694
0.624985
0.616534
0.534349
0.591921
0.611064
0.543346
0.552841
0.562654
0.504224
0.515813
0.496637
0.408046
0.521774
0.609452
0.490223
0.450388
0.465590
0.519956
0.421479
0.467447
0.479273
0.378566
0.487187
0.451709
0.440566
0.404852
0.411975
0.354187
0.334708
0.438941
0.329607
0.473130
0.361591
0.309090
0.322416
0.424322
0.343857
0.243095
0.345937
0.334504
0.365058
0.360914
0.343502
0.311748
0.298938
0.414004
0.232332
0.340880
0.310806
0.331198
0.255149
0.385928
0.340078
0.327456
0.293965
0.173015
0.202032
0.222275
0.325901
0.250041
0.270646
0.275928
0.233657
0.212046
0.198830
0.177520
0.163579
0.188683
0.206854
0.124305
0.204731
0.139227
0.092478
0.190230
0.156199
0.114930
0.198424
0.198552
0.081818
0.197560
0.120252
0.105908
0.163066
0.127386
0.212644
0.093210
0.216390
0.152602
0.201636
0.197754
0.186517
0.180905
0.198894
0.109944
0.135807
0.095610
0.110868
0.090246
0.070495
0.081189
0.186530
0.140468
0.181372
0.076062
0.069546
0.188613
0.116514
0.127658
0.164275
0.111830
0.105890
0.085726
0.081669
0.062150
0.024462
0.103077
0.150308
0.087687
0.142630
0.073325
0.107742
0.099575
0.022161
0.103179
-0.023426
0.155427
-0.007236
-0.012401
0.181124
0.025333
0.172601
0.207367
0.223900
