0.613095
0.705491
0.668299
0.826041
0.796203
0.836441
0.756719
0.771050
0.856329
0.763108
0.755472
0.707998
0.723776
0.786646
0.827840
0.852915
0.748424
0.752899
0.776598
0.762751
0.712933
0.757702
0.725557
0.653907
0.688815
0.690572
0.672678
0.663643
0.666528
0.649381
0.632543
0.613879
0.592609
0.601738
0.615774
0.577848
0.575709
0.579653
0.551410
0.564415
0.653305
0.500015
0.457801
0.530347
0.443103
0.522674
0.532074
0.544278
0.465040
0.491543
0.446459
0.497989
0.471138
0.521988
0.503281
0.455286
0.557433
0.524416
0.473117
0.489800
0.425244
0.473969
0.448023
0.544902
0.395273
0.478756
0.466769
0.453136
0.371839
0.417778
0.384008
0.400608
0.477339
0.405868
0.418096
0.404595
0.436174
0.361663
0.383937
0.280480
0.345274
0.272258
0.263978
0.274880
0.223395
0.266053
0.262706
0.364979
0.369849
0.187026
0.193466
0.184890
0.233149
0.155526
0.212856
0.246475
0.148860
0.251783
0.181256
0.211650
0.177125
0.178754
0.272152
0.207107
0.096308
0.125073
0.138725
0.164443
0.099959
0.115869
0.129707
0.147045
0.190588
0.159667
0.075696
0.166888
0.048038
0.131429
0.159167
0.148669
0.051136
0.122602
0.166761
0.120289
0.138481
0.171453
0.151029
0.126754
0.164588
0.169621
0.172474
0.129466
0.173418
0.164197
0.059904
0.202594
0.237256
0.115291
0.142851
0.141516
0.170699
0.086533
0.119352
0.153342
0.131446
0.231707
0.241114
0.163912
0.137885
0.175520
0.178784
0.211389
0.229401
0.186299
0.176530
0.253070
0.228341
0.209390
0.266419
0.322934
0.323000
0.323449
0.353033
0.249610
0.284021
0.310394
0.237431
0.268805
0.339802
0.264975
0.340329
0.285301
0.300261
0.202486
0.265105
0.282478
0.290630
0.310674
0.347366
0.230709
0.367511
0.323474
0.352143
0.315420
0.339086
0.283919
0.319647
0.263337
0.290211
0.269856
0.358695
0.279896
0.357152
0.253886
0.159414
0.207396
0.181620
0.304007
0.323353
0.281982
0.342267
0.224073
0.211331
0.214813
0.223936
0.173941
0.232084
0.303820
0.215017
0.222103
0.227334
0.160990
0.199426
0.196264
0.172102
0.209563
0.285545
0.157883
0.186175
0.121940
0.062417
0.147188
0.120245
0.157524
0.095587
0.178889
0.071153
0.146480
0.087458
0.126314
0.060078
0.189108
0.235982
0.094595
0.059956
0.148551
0.146649
0.071904
0.095047
0.150188
0.115303
0.170345
0.137270
0.159985
0.241633
0.199532
0.225339
0.184648
0.138122
0.212671
0.129135
0.110967
0.198955
0.158761
0.190656
0.225300
0.265606
0.207711
0.218942
0.210520
0.246701
0.287890
0.206013
0.216893
0.272105
0.249232
0.195387
0.111398
0.177326
0.177742
0.149693
0.187843
0.182662
0.192512
0.174858
0.199950
0.167713
0.141754
0.149300
0.202520
0.148540
0.095619
0.142754
0.113606
0.137722
0.103881
0.183848
0.194488
0.080439
0.192699
0.160955
0.186156
0.208424
0.209310
0.202924
0.246263
0.222939
0.212189
0.159424
0.175365
0.173791
0.090122
0.142410
0.242572
0.211686
0.225543
0.192746
0.291959
0.239276
0.290070
0.238453
0.228147
0.207660
0.171428
0.278874
0.279063
0.234934
0.223618
0.314681
0.333847
0.368172
0.282147
0.246482
0.243122
0.248619
0.315220
0.219665
0.235903
0.385229
0.179140
0.206916
0.248930
0.288686
0.212511
0.242552
0.257762
0.246589
0.262414
0.244251
0.234320
0.205460
0.257191
0.225592
0.212822
0.250976
0.189328
0.169234
0.196846
0.183101
0.205657
0.246452
0.197496
0.210677
0.266739
0.169932
0.198392
0.238354
0.286459
0.222490
0.201756
0.281731
0.233514
0.173591
0.195514
0.109929
0.113324
0.211181
0.215134
0.212145
0.131296
0.073198
0.143563
0.071832
0.137915
0.107846
0.196243
0.162298
0.024925
0.173152
0.123191
0.039912
0.085853
0.120028
0.114483
0.050372
0.059303
0.026274
0.060586
-0.005502
0.067916
0.037466
0.127210
0.056490
0.014251
0.057365
-0.005215
0.017422
0.066621
0.037122
0.045003
0.052504
0.047737
0.021614
0.001874
0.014915
-0.021509
0.051293
0.098651
0.069283
-0.036644
0.039250
-0.035222
-0.039411
0.032438
0.049005
0.090207
0.022087
0.038737
-0.038187
-0.020381
0.033600
0.037778
0.001810
0.145559
0.020637
0.003038
0.010138
-0.013859
-0.011404
0.031305
0.018183
0.026701
0.023732
0.077064
-0.031924
0.012241
0.059936
0.059911
0.019508
0.077277
0.089074
-0.009160
-0.001688
0.004714
0.035458
0.043952
0.088488
0.088344
0.008781
0.062163
0.001392
0.027431
0.052454
0.035216
-0.009247
0.111566
0.042984
-0.044521
-0.001362
0.001770
0.080311
0.003394
0.076827
0.043117
0.048314
0.037177
-0.028406
0.019653
0.013587
0.031462
-0.020876
0.115294
0.059254
0.005688
-0.000145
0.007992
0.016503
-0.002530
0.039031
0.087982
-0.011088
0.007872
0.009524
0.047243
0.019033
0.053676
0.044533
0.062303
0.068680
0.042427
0.005017
0.060886
0.031478
-0.039741
-0.001331
0.088975
0.007981
0.052662
-0.021342
0.007614
0.036417
0.017026
0.052480
0.121844
-0.020956
-0.027796
-0.046037
-0.023189
0.065401
-0.027912
0.025220
0.059463
-0.046279
0.003758
0.000393
0.016576
0.018231
0.024727
0.043130
0.145314
-0.043414
0.011077
0.020439
-0.040397
-0.016976
0.031972
0.004549
0.019352
0.019224
0.041626
0.007652
0.026265
-0.033722
0.018281
0.027946
0.081303
0.048143
0.045232
0.022383
-0.020392
-0.033513
-0.044634
0.073122
0.013666
-0.009244
0.030193
0.016600
0.024780
0.019981
0.034939
-0.011838
0.077908
0.053822
0.078817
0.042165
0.029035
0.021383
0.031546
0.040224
0.071087
0.035379
0.048397
0.032063
0.060778
0.018403
0.060534
0.115590
0.110586
0.041709
0.099915
0.084906
0.032221
0.126539
0.021283
0.091005
0.124265
0.098352
0.120319
0.073407
0.108972
0.028338
0.080177
0.012064
0.150787
0.103087
0.043199
0.050382
0.098988
0.060182
0.098178
0.092691
0.122025
0.022884
0.089798
0.076589
0.037324
0.144131
0.049581
-0.032904
0.133047
0.087531
0.035838
0.032770
0.056273
0.053994
0.061157
0.051387
0.051340
0.149495
0.137823
0.014203
0.028230
0.005140
0.063538
0.075422
0.119825
0.093918
0.071480
0.002969
0.070175
-0.003032
-0.022297
0.069544
0.076371
0.002907
0.108961
0.118891
0.050162
0.039136
0.074151
-0.015254
0.123962
0.088547
0.084810
0.033177
0.034778
0.037018
0.017035
0.077429
0.050458
0.197439
0.123226
0.039048
0.093890
0.081317
0.181048
0.035541
0.156817
0.045400
0.073092
0.029074
0.080519
0.160064
0.120513
0.063770
0.156420
0.185412
0.225654
0.040421
0.086892
0.185083
0.099222
0.140748
0.209749
0.022486
0.051473
0.113111
0.048357
0.152089
0.071867
0.121177
0.113655
0.134040
0.075159
0.071221
0.077747
0.032767
0.105081
0.142055
0.115513
0.139086
0.127018
0.076454
0.102683
0.114409
0.093568
0.055529
0.159332
0.091157
0.121397
0.081904
0.149352
0.082681
0.130637
0.030387
0.147533
0.104723
0.055174
0.042207
0.076962
0.134071
0.119622
0.143748
0.120679
0.110750
0.066919
0.044535
0.115350
0.127030
0.098463
0.096807
0.144442
0.151285
0.060109
0.015599
0.170056
0.150683
0.024396
0.120394
0.167273
0.070740
0.216774
0.102804
0.115597
0.175267
0.161986
0.162102
0.098119
0.153594
0.138550
0.098163
0.131353
0.151335
0.075344
0.102528
0.160730
0.117289
0.107282
0.106171
0.083164
0.069082
0.200657
0.144801
0.099921
0.253141
0.048096
0.077034
0.126482
0.155242
0.126626
0.089222
0.170871
0.167920
0.090192
0.154849
0.123272
0.080971
0.239199
0.135527
0.127328
0.203099
0.149208
0.120039
0.120863
0.100020
0.151705
0.186492
0.119420
0.157312
0.111348
0.041322
0.138029
0.108211
0.084444
0.097550
0.174096
0.083294
0.035354
0.126493
0.092211
0.044728
0.002980
0.105305
0.088948
0.046395
0.158301
0.054802
0.073587
0.098031
0.079936
0.078643
0.156834
0.110388
-0.008606
-0.033258
0.060174
0.097016
0.074604
0.120678
0.101477
-0.000643
0.097479
0.086521
0.056723
0.111398
0.064584
0.132370
0.151464
0.147750
0.033864
0.015097
0.081059
0.098271
0.086221
0.031140
0.140551
0.156798
0.179602
0.175072
0.111508
0.128773
0.157308
0.147156
0.198747
0.142099
0.119703
0.238086
0.241855
0.115198
0.168106
0.147245
0.221720
0.231644
0.176163
0.172606
0.148586
0.213256
0.253450
0.162629
0.298199
0.253655
0.243366
0.180693
0.288639
0.281666
0.171605
0.219960
0.290506
0.194465
0.263091
0.274432
0.160411
0.191334
0.269403
0.164311
0.202742
0.264282
0.228845
0.198951
0.146036
0.180230
0.205031
0.223931
0.163454
0.267393
0.227104
0.122517
0.183626
0.131342
0.224636
0.129181
0.189153
0.261328
0.162036
0.097008
0.210829
0.144025
0.146952
0.121616
0.243847
0.145079
0.192164
0.205163
0.145068
0.161473
0.257507
0.219903
0.198637
0.277849
0.111342
0.135384
0.136251
0.118836
0.105265
0.139746
0.249213
0.218649
0.212215
0.179218
0.245356
0.189143
0.251597
0.177796
0.155401
0.153366
0.154552
0.124707
0.113883
0.150728
0.132083
0.128320
0.190831
0.179726
0.154364
0.074075
0.149989
0.158649
0.127703
0.165849
0.116577
0.131197
-0.005035
0.070198
0.086744
0.032245
0.102036
0.066778
0.140602
0.128551
0.137560
0.070490
0.095126
0.116526
0.094459
0.035346
0.173690
0.013786
0.010584
0.101340
0.030956
-0.017741
0.069030
0.057437
0.094594
-0.010479
0.079201
-0.021771
-0.018859
0.098337
0.068197
-0.094455
0.111824
0.036812
0.053671
-0.007042
0.047190
0.055747
0.032546
-0.053674
0.093287
0.052907
0.013031
0.048286
0.058054
-0.044798
0.000649
-0.056918
0.137110
0.004235
0.025527
0.056298
0.026170
-0.053634
0.020211
0.075904
0.039302
0.042157
0.036506
-0.006129
-0.003629
0.085391
0.003799
-0.008485
0.137987
-0.017828
0.010840
-0.032031
-0.021369
0.040470
-0.001207
0.033663
0.065793
0.001401
0.030548
-0.073412
0.009867
0.046169
0.009204
-0.053319
0.080359
0.083898
0.002372
-0.050340
-0.037239
-0.038006
-0.002719
0.046569
0.073757
-0.055791
0.065312
0.070761
-0.004689
0.007944
0.004410
-0.037155
-0.106556
0.162474
-0.033663
-0.082723
0.064895
-0.113112
0.063622
0.071024
0.238945
