0.549084
0.489130
0.426953
0.575436
0.583613
0.603058
0.369281
0.527780
0.613857
0.446541
0.524334
0.432596
0.474673
0.543783
0.522775
0.597672
0.609020
0.621363
0.610788
0.616583
0.623273
0.631674
0.570621
0.658202
0.703447
0.599264
0.702306
0.598495
0.585732
0.627031
0.677491
0.634375
0.590675
0.748711
0.737024
0.766441
0.736613
0.721594
0.708591
0.764486
0.763456
0.778089
0.734454
0.752602
0.709149
0.786944
0.784435
0.824719
0.806021
0.781329
0.793274
0.853029
0.824375
0.847316
0.783283
0.759484
0.804247
0.768188
0.795647
0.825503
0.819361
0.799547
0.810422
0.876119
0.817012
0.785570
0.847391
0.824732
0.846477
0.839243
0.782298
0.813755
0.888784
0.863667
0.765412
0.824002
0.782512
0.777299
0.785880
0.823340
0.735962
0.870014
0.848212
0.877563
0.855061
0.821086
0.830639
0.830726
0.877786
0.820387
0.806898
0.866211
0.839712
0.859838
0.833706
0.881718
0.798332
0.835247
0.875720
0.920986
0.888927
0.846618
0.820936
0.846877
0.854442
0.856683
0.781418
0.807740
0.837560
0.863450
0.861238
0.885578
0.831261
0.858928
0.869833
0.910523
0.896855
0.888538
0.832816
0.867146
0.870633
0.856415
0.855212
0.846667
0.853109
0.873724
0.837733
0.838307
0.873762
0.801314
0.826316
0.834022
0.829716
0.817841
0.793332
0.784893
0.820248
0.833869
0.772405
0.829767
0.823496
0.863615
0.861495
0.861141
0.848851
0.857523
0.882865
0.915524
0.871519
0.886992
0.870723
0.876243
0.892699
0.896393
0.870187
0.876749
0.890441
0.911332
0.878640
0.863704
0.882524
0.852911
0.880000
0.869771
0.867764
0.878825
0.862499
0.895797
0.827997
0.865013
0.844387
0.854270
0.835230
0.840168
0.813966
0.843728
0.819824
0.840568
0.863650
0.813603
0.847693
0.830281
0.826775
0.829579
0.849831
0.826041
0.773600
0.822483
0.766198
0.817528
0.771196
0.764774
0.748212
0.817360
0.802024
0.835892
0.826069
0.821543
0.802415
0.806523
0.859029
0.752555
0.736277
0.763829
0.735926
0.808819
0.844645
0.851097
0.833074
0.850905
0.863532
0.890740
0.869616
0.884568
0.844909
0.881632
0.884308
0.885391
0.848939
0.859238
0.843260
0.842656
0.848157
0.892672
0.900109
0.897168
0.891123
0.929859
0.907476
0.892610
0.893081
0.882152
0.918511
0.869131
0.849703
0.908802
0.876950
0.916157
0.863480
0.926952
0.838492
0.873325
0.892674
0.899777
0.886678
0.870582
0.835723
0.853381
0.864667
0.828424
0.843358
0.810417
0.790153
0.838301
0.837840
0.787397
0.662578
0.833267
0.839392
0.824346
0.850845
0.795296
0.779420
0.788221
0.798352
0.736580
0.719816
0.780177
0.811486
0.775070
0.795529
0.807010
0.650252
0.684626
0.772268
0.754382
0.736629
0.708567
0.697930
0.696859
0.692998
0.657869
0.766719
0.721557
0.647318
0.718393
0.697340
0.736038
0.745569
0.753912
0.687068
0.639839
0.675864
0.703487
0.680854
0.673912
0.704196
0.652837
0.634132
0.663670
0.658671
0.642974
0.613549
0.579141
0.516346
0.612167
0.590261
0.646643
0.602503
0.539706
0.471367
0.559891
0.702079
0.594185
0.607074
0.668776
0.607910
0.563086
0.605058
0.662320
0.577192
0.645140
0.662214
0.713506
0.694515
0.667853
0.608692
0.681542
0.696216
0.645110
0.607951
0.599489
0.570118
0.603274
0.613992
0.711411
0.613316
0.627723
0.647854
0.679734
0.580283
0.537688
0.567688
0.478317
0.632164
0.566765
0.537552
0.538143
0.561933
0.522403
0.551264
0.533464
0.534684
0.512496
0.537089
0.523451
0.555489
0.573234
0.537285
0.613628
0.535811
0.491769
0.562408
0.454840
0.422824
0.478151
0.452953
0.531261
0.596366
0.482084
0.539111
0.587835
0.436151
0.495708
0.485669
0.487072
0.561931
0.499909
0.582624
0.539374
0.466431
0.520899
0.501413
0.583297
0.594609
0.601879
0.602245
0.530332
0.575159
0.633780
0.647936
0.605799
0.684985
0.556366
0.508686
0.635220
0.581378
0.629741
0.632334
0.673803
0.638709
0.607096
0.646015
0.669119
0.613847
0.688061
0.634859
0.618287
0.674306
0.660301
0.678591
0.644990
0.638429
0.615509
0.647521
0.682582
0.617603
0.706664
0.758706
0.725340
0.750673
0.763560
0.648554
0.744321
0.730206
0.691155
0.754085
0.747941
0.727721
0.704966
0.777116
0.770669
0.703717
0.693927
0.725916
0.769516
0.773749
0.795970
0.722993
0.731301
0.750395
0.708491
0.639545
0.718281
0.714221
0.712626
0.731001
0.693289
0.645861
0.680091
0.675672
0.625666
0.675547
0.645926
0.593810
0.604595
0.618779
0.598103
0.583365
0.553194
0.572185
0.520613
0.614136
0.626489
0.554746
0.663974
0.667101
0.749499
0.738061
0.652209
0.608587
0.678344
0.748038
0.740239
0.699472
0.723044
0.779829
0.757513
0.783181
0.811125
0.768494
0.816117
0.821518
0.869600
0.867396
0.796682
0.781612
0.847649
0.809120
0.825920
0.821454
0.834114
0.807230
0.860335
0.839338
0.848141
0.876879
0.844784
0.867430
0.884162
0.875050
0.864909
0.822537
0.855133
0.854703
0.880070
0.832942
0.860722
0.854370
0.887248
0.854347
0.853341
0.805535
0.804332
0.839677
0.835708
0.802367
0.771645
0.773355
0.788601
0.788412
0.783143
0.805366
0.761761
0.698201
0.781918
0.741754
0.742254
0.697347
0.732714
0.799195
0.739878
0.736601
0.681309
0.692583
0.660514
0.739551
0.635410
0.729807
0.679729
0.702199
0.724493
0.684815
0.685575
0.587198
0.621766
0.659482
0.710303
0.680040
0.625192
0.636950
0.623283
0.702477
0.686896
0.661028
0.594775
0.572166
0.662545
0.694742
0.709024
0.653814
0.710727
0.714875
0.751127
0.687814
0.710191
0.670735
0.654369
0.725416
0.699851
0.663460
0.702174
0.663026
0.665272
0.652383
0.741336
0.701821
0.722385
0.772846
0.792769
0.753727
0.738249
0.687618
0.747116
0.844376
0.708199
0.635717
0.706442
0.716310
0.696480
0.675806
0.755437
0.729817
0.697633
0.756160
0.757363
0.760063
0.743366
0.686841
0.697097
0.745815
0.666267
0.595064
0.660139
0.564161
0.604419
0.600297
0.689758
0.657059
0.639556
0.679610
0.714285
0.663986
0.683895
0.641773
0.551186
0.769257
0.636171
0.465080
0.636983
0.682497
0.627883
0.617622
0.723794
0.645550
0.729190
0.690347
0.779448
0.757846
0.752965
0.764197
0.671039
0.759340
0.633317
0.577164
0.671068
0.699287
0.642828
0.712519
0.745188
0.749685
0.746672
0.747248
0.765034
0.748026
0.716993
0.688924
0.703532
0.779627
0.721846
0.741315
0.702459
0.712377
0.761739
0.713083
0.766839
0.756975
0.747896
0.752353
0.750469
0.706882
0.695373
0.622405
0.715553
0.775515
0.770062
0.756798
0.660391
0.690231
0.679394
0.693938
0.682295
0.676768
0.658333
0.668169
0.611773
0.591194
0.652379
0.753179
0.594966
0.673080
0.633306
0.600294
0.610996
0.570932
0.573236
0.578924
0.613181
0.514977
0.591505
0.567769
0.662769
0.603173
0.605027
0.591464
0.504648
0.625076
0.584495
0.601918
0.595994
0.602729
0.642743
0.494784
0.647804
0.701305
0.636432
0.685785
0.640817
0.693125
0.689247
0.642175
0.667413
0.707193
0.671458
0.670054
0.643123
0.652610
0.664620
0.686699
0.736657
0.727521
0.689026
0.716267
0.714432
0.732251
0.691886
0.592099
0.680000
0.739670
0.677879
0.639848
0.639957
0.674114
0.606332
0.641514
0.731385
0.581904
0.693335
0.680013
0.711427
0.645658
0.688468
0.646426
0.578473
0.739842
0.624415
0.393924
0.685724
0.642880
0.565755
0.563479
0.664219
0.610499
0.599020
0.609125
0.602166
0.576879
0.542068
0.617722
0.541196
0.473202
0.505536
0.537104
0.480228
0.409510
0.534200
0.593922
0.531180
0.552695
0.534539
0.486893
0.469058
0.536228
0.535768
0.540049
0.479269
0.530993
0.441514
0.356230
0.420779
0.476149
0.404278
0.473453
0.486168
0.384996
0.502631
0.509310
0.553656
0.627932
0.439422
0.446797
0.511511
0.551966
0.524073
0.516687
0.461850
0.536969
0.504326
0.547885
0.552618
0.597926
0.498842
0.557715
0.572266
0.553447
0.610730
0.537004
0.606127
0.625496
0.558341
0.591195
0.526578
0.541663
0.562355
0.546096
0.642587
0.596120
0.621352
0.619815
0.639163
0.583740
0.546954
0.573085
0.547052
0.634908
0.602111
0.477769
0.621789
0.568917
0.586677
0.548222
0.619164
0.585560
0.547908
0.534045
0.575407
0.546953
0.515699
0.528017
0.424362
0.469938
0.473052
0.429595
0.498566
0.528239
0.472290
0.484991
0.496205
0.471575
0.500903
0.514190
0.579151
0.509256
0.517408
0.506864
0.525631
0.519147
0.469553
0.415268
0.499735
0.491134
0.502017
0.466185
0.453113
0.526665
0.417241
0.429142
0.448778
0.497503
0.535228
0.435197
0.373024
0.507075
0.358494
0.294613
0.404468
0.348601
0.430458
0.402554
0.520433
0.483988
0.452001
0.423566
0.464899
0.455023
0.512608
0.390396
0.471451
0.483476
0.376975
0.321262
0.447519
0.353933
0.305306
0.379719
0.424984
0.385412
0.473165
0.337015
0.331816
0.458815
0.386610
0.345580
0.391441
0.401886
0.390957
0.419513
0.442360
0.416940
0.421822
0.403922
0.465112
0.438409
0.491682
0.370261
0.451447
0.432407
0.409614
0.383271
0.336623
0.489847
0.359974
0.365569
0.366863
0.260929
0.415806
0.320898
0.417685
0.458083
0.410444
0.370213
0.403325
0.317227
0.349455
0.397054
0.276497
0.519303
0.370250
0.237739
0.308147
0.200160
0.316718
0.297321
0.284563
0.274124
0.363287
0.350899
0.379496
0.360199
0.397553
0.437334
0.367825
0.394043
0.369338
0.312947
0.333921
0.328705
0.293309
0.385020
0.481395
0.508313
0.466445
0.431238
0.504613
0.531345
0.465545
0.457200
0.431731
0.584808
0.593190
0.410103
0.593842
0.459689
0.525189
0.587369
0.680095
0.630289
0.641102
0.659163
0.685989
0.678915
0.640407
0.573292
0.662297
0.649232
0.607620
0.679329
0.634718
0.663828
0.602471
0.711110
0.684319
0.642172
0.708743
0.715844
0.664365
0.690975
0.687145
0.654718
0.651392
0.725694
0.704747
0.616182
0.672888
0.693877
0.713967
0.701980
0.764304
0.719077
0.527466
0.613074
0.606116
0.545558
0.597174
0.701342
0.605417
0.718872
0.609496
0.598017
0.670356
0.641647
0.589740
0.582759
0.275538
