0.591402
0.651691
0.484325
0.686792
0.662802
0.619920
0.611676
0.562043
0.692731
0.537535
0.514787
0.539687
0.504539
0.546942
0.608902
0.622105
0.591849
0.538447
0.500883
0.497168
0.540885
0.534545
0.501227
0.511971
0.572149
0.495814
0.587038
0.464311
0.447596
0.546873
0.502912
0.532627
0.506870
0.428101
0.428612
0.404253
0.266898
0.413172
0.259607
0.319549
0.342621
0.310219
0.287375
0.272094
0.290466
0.203518
0.191115
0.213902
0.182905
0.122480
0.092436
0.088727
0.228952
0.143113
0.085275
0.099062
0.152463
0.130509
0.106363
0.099125
0.146627
0.129564
0.064102
0.143955
0.128756
0.116098
0.079039
0.028407
0.130563
0.140201
0.141976
0.088251
0.083308
0.087124
0.041464
0.058359
0.137390
0.067319
0.032438
0.145754
0.081804
0.114338
0.094136
0.106560
0.134990
0.076449
0.034933
0.174492
0.080306
0.034751
0.078636
0.041700
0.096907
0.064463
0.019891
0.109526
0.117159
0.100029
0.084164
0.031777
0.039532
0.105030
0.017109
0.177346
0.070524
0.076530
-0.014621
0.105551
0.011630
0.053738
0.029344
0.094425
0.070736
0.094561
0.007187
0.041777
0.072397
0.105455
0.148138
0.116502
0.019326
0.064127
0.084421
0.065363
0.116121
0.056205
-0.003142
0.103492
0.109821
0.061133
0.115940
0.107797
-0.006909
0.009008
0.055758
0.095454
0.088929
0.067559
0.089353
0.053079
0.009166
-0.002087
0.063109
0.093040
-0.004013
0.043906
-0.002929
0.011723
0.050836
0.055556
-0.006056
0.093599
0.028793
0.031749
0.002673
0.003759
-0.012208
-0.025029
0.051609
0.050323
0.011483
0.047402
0.012884
0.010850
0.017584
-0.008486
0.029479
0.080369
0.035787
0.055308
0.101925
0.056039
-0.014091
-0.002674
0.059821
0.074443
0.021846
0.101425
-0.010636
-0.019852
0.066385
0.100001
-0.045757
0.080984
0.077301
-0.010475
-0.013884
0.022733
0.082317
0.024211
0.121218
0.068123
0.009378
0.080631
0.023086
0.033984
0.044063
0.010383
-0.031405
0.104723
0.016905
0.077889
0.047537
0.045035
0.013224
0.030744
0.068394
0.094260
0.055077
0.060616
-0.045948
0.025494
0.033019
0.023694
0.044693
0.074337
0.039081
0.068057
0.024551
-0.004118
0.061877
0.029759
0.033860
0.037202
0.078141
0.061790
-0.010281
0.038892
0.045302
0.082340
-0.077442
0.074331
0.102959
0.036868
-0.000343
0.058389
0.078720
0.000878
0.050498
0.090709
0.022052
0.068876
0.014807
0.004094
0.009210
0.065618
-0.021560
0.142155
0.035013
0.007850
0.048217
0.051322
0.027229
0.032422
0.062980
0.098832
0.060867
0.127915
0.044843
0.009633
0.038543
0.054431
-0.017872
0.154231
0.155582
0.054793
0.104252
0.045512
-0.031617
0.018937
0.150122
0.086821
0.091599
0.122244
0.038575
0.067950
0.094098
0.128005
0.123886
0.077391
0.097914
0.061060
-0.006281
0.091745
0.070661
-0.007543
0.063920
0.074147
0.055735
0.075314
0.062809
0.072847
0.031539
0.086465
0.086819
0.098955
0.057155
0.076406
0.072971
0.059171
-0.034580
0.077752
0.003042
0.043294
0.126429
0.111475
-0.033984
0.017182
0.142796
0.068605
0.050948
0.090100
0.105628
0.040907
0.001309
0.052988
0.064969
0.009392
0.038907
0.094842
0.100432
0.098358
0.036045
0.072862
0.089647
0.110658
0.065630
0.132370
0.109754
0.040105
0.064283
0.082781
0.048697
-0.006949
0.110366
0.098442
0.187829
0.166917
0.041702
0.059117
0.070478
0.106279
0.123004
0.160927
0.061737
0.077604
0.064624
0.146884
0.136333
0.050889
0.037218
0.157716
0.145655
0.178955
0.093712
0.108325
0.255267
0.218924
0.090642
0.096103
0.257744
0.157250
0.121457
0.003129
0.066748
0.117096
0.079564
0.141830
0.216600
0.155348
0.024643
0.042284
0.090093
0.122938
0.161537
0.193597
0.119212
0.036978
0.094519
0.134924
0.094620
0.038347
0.084084
0.134106
0.258199
0.194605
0.064057
0.057816
0.065265
0.172490
0.047306
0.153015
0.109735
0.017983
0.030591
0.057824
0.157888
0.121693
0.094654
0.139892
0.050736
0.080921
-0.006977
0.037630
0.093447
0.043468
0.119209
0.081198
0.076397
0.072917
0.005054
0.067095
-0.038374
0.080669
0.091465
0.077898
0.123559
0.085921
0.059568
0.044566
0.074202
0.100495
0.055895
0.116887
0.082489
0.039514
0.046566
0.081905
0.092029
0.071802
0.098345
0.153435
0.137783
0.106985
0.073196
0.069381
0.057768
0.112152
0.133062
0.131122
0.102827
0.089941
0.137550
0.143270
0.056401
0.067874
0.080797
0.100074
0.132336
0.226592
0.053967
0.145217
0.241712
0.124958
-0.014320
0.171093
0.144624
0.022435
0.091488
0.124534
0.133239
0.118421
0.126189
0.150135
0.142754
0.117341
0.025593
0.051334
0.073352
0.147723
0.077913
0.152812
0.147287
0.048402
-0.009062
0.071275
0.116418
0.105881
0.013801
0.173042
0.032732
0.040500
0.059128
0.125276
0.069571
0.073496
0.099771
0.126178
0.136605
0.040486
0.025464
0.025969
0.050023
0.049418
0.116338
0.104573
0.057719
0.105616
-0.018679
0.075321
0.020803
0.029219
0.068186
0.107789
0.140343
0.028827
0.048971
0.111415
0.076226
0.063374
0.078223
0.153771
0.107297
0.143613
-0.006667
0.081076
0.083331
0.123769
0.096988
0.147310
0.148446
0.038414
0.046312
0.115272
0.142942
0.109703
0.060529
0.194153
0.074278
0.167767
0.116481
0.026136
0.077255
0.119071
0.084893
0.111873
0.118651
0.085428
0.159687
0.107644
0.077207
0.146038
0.098208
0.151815
0.083577
0.146776
0.121545
0.039803
0.197370
0.076941
0.122860
0.151766
0.098674
0.126559
0.032186
0.045234
0.128083
0.040916
0.144539
0.155248
0.156170
0.121807
0.036170
0.053592
0.049124
0.140961
0.068353
0.142094
0.088211
0.067820
0.123997
0.112375
0.177165
0.056137
0.093709
0.203379
0.157175
0.146653
0.135619
0.101536
0.168207
0.200045
0.135152
0.169703
0.184607
0.178064
0.151486
0.181386
0.203937
0.203367
0.091012
0.180491
0.204658
0.205143
0.118370
0.198747
0.157265
0.234848
0.206296
0.161482
0.304760
0.133584
0.126918
0.204169
0.191285
0.226488
0.089339
0.250356
0.257808
0.165885
0.103870
0.232280
0.209441
0.341755
0.177891
0.190938
0.223542
0.226537
0.095417
0.192363
0.147907
0.096331
0.190404
0.219628
0.196155
0.272785
0.191266
0.237494
0.242063
0.204607
0.131656
0.272516
0.314304
0.223922
0.265501
0.329548
0.272263
0.321032
0.260361
0.366520
0.259357
0.332350
0.346269
0.422221
0.341845
0.354693
0.312146
0.392358
0.332055
0.362269
0.340406
0.317221
0.331158
0.355792
0.300665
0.429702
0.448416
0.339224
0.363458
0.279862
0.229098
0.405083
0.357536
0.371657
0.397051
0.326387
0.271633
0.266524
0.242911
0.273240
0.296096
0.236534
0.259165
0.344226
0.235331
0.274745
0.208254
0.217883
0.230043
0.282786
0.248570
0.299223
0.335962
0.219809
0.188359
0.204114
0.340217
0.306450
0.282673
0.298109
0.268465
0.275032
0.297392
0.376423
0.466649
0.400614
0.415085
0.346289
0.299584
0.422125
0.485062
0.380935
0.457422
0.520640
0.494334
0.467682
0.428530
0.476301
0.481778
0.476728
0.400726
0.476689
0.559356
0.362196
0.539693
0.471987
0.418960
0.438673
0.465961
0.503797
0.464699
0.438422
0.407241
0.469335
0.464252
0.488295
0.388170
0.374397
0.499430
0.461134
0.420608
0.348367
0.377253
0.363153
0.385816
0.444532
0.321329
0.307974
0.347287
0.264723
0.246960
0.448226
0.313158
0.287872
0.536001
0.338327
0.320778
0.377900
0.272865
0.205862
0.289317
0.367252
0.294250
0.420073
0.390215
0.362543
0.368972
0.327627
0.343048
0.300291
0.441484
0.392610
0.374237
0.338026
0.236215
0.289915
0.349818
0.348166
0.424748
0.392166
0.392298
0.436104
0.355732
0.404527
0.402737
0.361474
0.470930
0.397137
0.314566
0.426910
0.433334
0.422669
0.386280
0.503358
0.568403
0.432561
0.424217
0.514778
0.426611
0.416424
0.495801
0.414417
0.508564
0.442725
0.407265
0.553422
0.498074
0.457220
0.464711
0.515169
0.380052
0.390821
0.381885
0.481155
0.302134
0.364044
0.457832
0.390854
0.334950
0.265439
0.380014
0.370241
0.236015
0.260455
0.223977
0.290065
0.296792
0.231187
0.209270
0.242197
0.130707
0.242591
0.111263
0.249430
0.273419
0.116624
0.152710
0.183483
0.090894
0.170293
0.124776
0.189255
0.133580
0.137099
0.159295
0.105796
0.143138
0.186187
0.089531
0.121438
0.183129
0.061443
0.060025
0.077939
0.081732
0.035601
0.068395
0.184717
0.109472
0.069592
0.001062
0.116413
0.022624
0.088994
0.094768
0.121013
0.059135
0.008713
0.045099
0.022544
0.035995
0.012535
0.035185
0.074764
0.024886
0.044125
-0.000690
0.016977
0.029399
0.046889
-0.028514
0.097401
0.059135
-0.008484
0.035379
-0.044887
-0.021751
-0.003495
0.105749
0.103133
-0.044793
0.048026
0.022279
0.001076
0.010378
0.001513
-0.005273
0.080045
0.115919
0.008845
-0.084128
-0.061328
0.053062
-0.010331
0.080549
0.094926
-0.016571
-0.008409
-0.009472
0.020443
-0.040075
-0.028808
0.030959
0.089441
0.008951
-0.000059
0.008208
0.001866
0.031202
0.051592
-0.017836
0.065013
-0.010497
0.012851
-0.042067
-0.010614
0.008785
0.002770
0.035484
0.111571
0.001112
-0.020819
-0.012342
-0.040291
-0.012024
-0.012399
0.022874
0.048885
-0.012205
0.038609
-0.036996
0.002041
0.019997
0.021118
-0.000081
0.065703
0.019106
0.053071
-0.026769
-0.042791
-0.033934
0.002272
-0.012185
0.040870
0.033451
0.075419
-0.069535
-0.003752
-0.018321
-0.000792
-0.058365
0.111967
-0.018258
0.000120
0.017797
-0.010972
0.008910
-0.041795
-0.033702
0.042803
-0.028117
0.033125
-0.041451
0.039843
0.028296
0.007905
-0.071067
0.078462
-0.008432
0.009402
0.005756
-0.080462
-0.077495
-0.016323
0.037930
0.052431
-0.048055
0.044895
-0.059567
-0.011369
-0.066258
-0.018330
-0.053667
0.071121
0.014484
-0.022749
-0.074078
0.008400
-0.013826
0.021190
-0.060293
0.048949
0.004887
0.071472
-0.052976
0.009977
-0.022717
0.001155
0.011172
0.103816
0.004863
-0.000389
-0.046225
-0.025279
0.025612
-0.036849
0.020645
0.080739
-0.035651
0.059368
0.062742
-0.002424
0.031350
-0.009506
-0.026234
-0.098972
0.138017
-0.020240
-0.154002
0.061102
-0.082342
0.035742
0.076247
0.236411
