0.588893
0.534507
0.360902
0.549442
0.490100
0.528199
0.451542
0.418028
0.542549
0.378944
0.477897
0.409820
0.415489
0.429436
0.486280
0.447249
0.458520
0.413785
0.370008
0.458603
0.418434
0.480903
0.489385
0.460281
0.508850
0.497522
0.435945
0.582998
0.566652
0.513754
0.617790
0.617252
0.485813
0.577716
0.574324
0.545908
0.432123
0.498236
0.474488
0.529828
0.559289
0.515643
0.570999
0.489678
0.476323
0.522868
0.536069
0.556435
0.536608
0.518716
0.508572
0.495915
0.411017
0.437669
0.407936
0.414473
0.553788
0.487400
0.486958
0.496648
0.384819
0.413327
0.311751
0.355540
0.411166
0.397996
0.424304
0.387469
0.432520
0.429107
0.460458
0.388120
0.414734
0.445296
0.372011
0.445443
0.410656
0.448050
0.444893
0.537188
0.519965
0.562254
0.525106
0.531542
0.552689
0.508539
0.508320
0.515864
0.605335
0.602342
0.574128
0.490310
0.511229
0.537023
0.576177
0.603034
0.509604
0.620052
0.580419
0.687470
0.634511
0.530690
0.604405
0.624967
0.554753
0.612435
0.579243
0.520369
0.547613
0.590424
0.644850
0.667187
0.531552
0.617953
0.605893
0.610289
0.616905
0.634928
0.551160
0.577388
0.670785
0.547307
0.497055
0.589920
0.595011
0.555767
0.591193
0.653242
0.541047
0.640356
0.630221
0.570349
0.685674
0.582633
0.533080
0.597242
0.630720
0.643908
0.590274
0.502575
0.474472
0.521622
0.568121
0.610697
0.554114
0.645897
0.589487
0.612201
0.566924
0.619399
0.602399
0.658585
0.651382
0.660556
0.598290
0.598085
0.648071
0.595911
0.676080
0.714641
0.665784
0.594668
0.676491
0.679587
0.681283
0.703276
0.664594
0.713523
0.707949
0.625797
0.629518
0.712036
0.661348
0.704182
0.691293
0.787134
0.697069
0.700804
0.749959
0.758587
0.704724
0.714137
0.745079
0.680712
0.786204
0.726368
0.671175
0.686669
0.691887
0.696721
0.696661
0.726851
0.617274
0.746260
0.711649
0.734672
0.720794
0.723537
0.732682
0.695994
0.708634
0.726419
0.786324
0.696476
0.708677
0.731987
0.705632
0.754699
0.679129
0.733461
0.750729
0.778450
0.709060
0.777483
0.708018
0.758040
0.801094
0.759059
0.741121
0.747109
0.732327
0.722612
0.730413
0.735855
0.740355
0.799868
0.820246
0.867613
0.846240
0.846795
0.809059
0.775416
0.883687
0.852580
0.695250
0.852863
0.822967
0.862853
0.838544
0.882489
0.868973
0.823929
0.891643
0.866124
0.854300
0.872703
0.791923
0.749905
0.865846
0.824874
0.813935
0.808160
0.765686
0.797522
0.788159
0.821718
0.767413
0.755086
0.828455
0.829148
0.754637
0.790609
0.711953
0.751873
0.804480
0.787434
0.749637
0.755579
0.788952
0.773644
0.770995
0.773317
0.712148
0.608682
0.676229
0.677126
0.586832
0.688761
0.648547
0.679798
0.661856
0.645145
0.700186
0.583641
0.616577
0.632041
0.637918
0.455951
0.543288
0.462058
0.479896
0.515569
0.468488
0.487220
0.568213
0.514250
0.546978
0.468021
0.402694
0.587121
0.548765
0.462137
0.472341
0.499804
0.427895
0.483308
0.441602
0.460219
0.512157
0.565997
0.490350
0.503467
0.539070
0.533179
0.479467
0.448127
0.530541
0.499597
0.526489
0.577388
0.574858
0.527313
0.554064
0.556575
0.572016
0.500904
0.402365
0.498506
0.464891
0.385770
0.322495
0.373584
0.415570
0.335786
0.337939
0.350383
0.283800
0.301957
0.246516
0.283466
0.383498
0.301416
0.318652
0.214842
0.232129
0.308620
0.213028
0.219171
0.268859
0.257860
0.227451
0.294151
0.280563
0.199008
0.158507
0.212096
0.181478
0.252554
0.153530
0.207441
0.164139
0.237289
0.196891
0.197710
0.180384
0.209561
0.130159
0.227945
0.268586
0.150893
0.158850
0.206270
0.184467
0.223799
0.188598
0.203363
0.252250
0.131792
0.137802
0.194552
0.149483
0.171323
0.181453
0.187918
0.286778
0.206409
0.157669
0.246644
0.196210
0.270590
0.226005
0.255899
0.274757
0.174547
0.229138
0.265467
0.146793
0.132177
0.203063
0.253020
0.253304
0.386090
0.276022
0.238389
0.224154
0.389056
0.412258
0.253109
0.346385
0.222639
0.257313
0.349460
0.271332
0.219283
0.277572
0.322577
0.387240
0.357433
0.238809
0.314468
0.356406
0.379667
0.466394
0.308271
0.354755
0.343414
0.189107
0.338608
0.359201
0.310679
0.283271
0.327620
0.421390
0.249971
0.216906
0.387621
0.328471
0.405642
0.381863
0.299866
0.389027
0.261044
0.257676
0.318599
0.410191
0.276835
0.360307
0.361148
0.277816
0.316830
0.216504
0.293021
0.292638
0.297177
0.289089
0.307728
0.234777
0.257612
0.271012
0.236892
0.326225
0.211776
0.301921
0.320785
0.287304
0.382689
0.397362
0.397483
0.392389
0.347802
0.365708
0.407421
0.473702
0.341984
0.401553
0.466643
0.468837
0.388154
0.526617
0.523580
0.437780
0.581961
0.560562
0.639754
0.588380
0.644525
0.568149
0.602095
0.606448
0.578686
0.632960
0.619253
0.606500
0.657206
0.624284
0.749901
0.641487
0.742469
0.741187
0.714973
0.672592
0.692536
0.645444
0.684318
0.776997
0.725294
0.729036
0.677084
0.709075
0.690535
0.707480
0.696315
0.643574
0.663556
0.696187
0.766548
0.710938
0.728731
0.666218
0.691720
0.774216
0.731415
0.727542
0.773495
0.743267
0.773063
0.755931
0.819039
0.781768
0.666958
0.747247
0.731772
0.717624
0.717131
0.747952
0.684868
0.737270
0.756265
0.630270
0.714012
0.709392
0.702688
0.695760
0.681049
0.599999
0.610764
0.676786
0.652599
0.635679
0.607346
0.648675
0.629042
0.659473
0.561380
0.634687
0.644940
0.564268
0.687677
0.598716
0.589092
0.657737
0.553418
0.530232
0.603455
0.586671
0.603315
0.619607
0.562813
0.608918
0.541468
0.445734
0.586052
0.516471
0.600839
0.536979
0.592235
0.558155
0.549903
0.478758
0.459196
0.411343
0.401920
0.365799
0.357233
0.455102
0.393034
0.395448
0.297678
0.345085
0.342156
0.407648
0.367672
0.310151
0.291129
0.310160
0.309078
0.207544
0.285614
0.203443
0.290011
0.370479
0.233535
0.227083
0.279619
0.302658
0.120558
0.152475
0.171438
0.164030
0.310726
0.240381
0.205630
0.215206
0.191941
0.225698
0.214255
0.205855
0.146052
0.212110
0.181686
0.223534
0.132844
0.157385
0.194603
0.123699
0.203151
0.143186
0.147702
0.179330
0.241866
0.135534
0.197855
0.266517
0.242078
0.169034
0.253191
0.152333
0.144222
0.194168
0.286108
0.273176
0.303106
0.247840
0.206876
0.234549
0.201594
0.221775
0.245042
0.270367
0.256791
0.248855
0.259246
0.186888
0.233552
0.232172
0.325065
0.179827
0.260074
0.234407
0.234670
0.167529
0.304493
0.216694
0.205941
0.289996
0.196123
0.227129
0.194771
0.248642
0.181727
0.238898
0.233608
0.323386
0.249760
0.200286
0.231706
0.189814
0.237588
0.189483
0.263048
0.194638
0.209935
0.238645
0.205154
0.178870
0.152303
0.232234
0.208994
0.210286
0.236401
0.127350
0.173478
0.102609
0.243144
0.181348
0.139532
0.230892
0.245107
0.207518
0.133685
0.075320
0.111562
0.109747
0.136974
0.128372
0.179614
0.134248
0.128704
0.155391
0.209241
0.182667
0.085145
0.213299
0.116073
0.092256
0.134269
0.108251
0.016897
0.144184
0.117013
0.124256
0.114134
0.024794
0.023279
0.159735
0.025751
0.009541
0.166253
0.117892
0.064998
0.023946
0.042670
0.040868
0.022465
0.039372
0.121598
0.070947
0.172458
0.016389
0.055237
0.098660
0.037218
0.104013
0.138304
0.109674
0.022867
0.061689
0.111831
0.004133
0.006293
0.097048
0.123910
-0.009503
0.103952
0.013647
0.047808
0.058680
0.078239
-0.014690
0.125168
0.061650
0.033884
0.086945
0.019048
0.057354
0.025472
0.095312
0.134048
0.071368
0.090774
0.021865
0.067616
0.079536
0.053985
0.101494
0.170450
0.000931
0.013079
0.021710
0.042242
0.074253
0.042276
0.051628
0.038083
0.068921
0.128763
0.062612
0.038241
0.091568
0.074652
0.102922
0.117526
0.082057
0.088639
0.019262
0.078379
0.002391
0.020806
0.065151
0.108243
0.079326
0.166779
0.068859
0.100273
0.097473
0.146923
-0.012901
0.073380
0.222112
0.059401
0.044661
0.127450
0.072937
0.101658
0.019727
0.105545
0.122138
0.217413
0.039381
0.074468
0.043802
0.128792
0.073866
0.120279
0.136748
0.069258
0.072418
0.110704
0.077882
0.044303
0.131939
0.140058
0.086681
0.070648
0.035471
0.052526
0.004896
0.150951
0.096940
0.124732
0.094254
0.080703
0.097084
0.111616
0.124139
0.075908
0.194200
0.163426
0.207222
0.173708
0.054306
0.173816
0.235077
0.184514
0.141229
0.238605
0.245735
0.259373
0.229381
0.246161
0.290125
0.231025
0.229317
0.281410
0.393865
0.264575
0.245909
0.265932
0.239541
0.271168
0.228048
0.275646
0.282268
0.262277
0.257136
0.263095
0.334887
0.189174
0.191107
0.295389
0.281777
0.254602
0.283322
0.246842
0.206293
0.218324
0.295473
0.316694
0.283523
0.161447
0.162644
0.320389
0.218392
0.163783
0.262085
0.196766
0.158348
0.260306
0.196954
0.206314
0.256585
0.216471
0.194467
0.318001
0.289422
0.226040
0.219885
0.185739
0.130825
0.209140
0.327637
0.375768
0.339645
0.299331
0.216622
0.249274
0.227647
0.330320
0.330210
0.194746
0.220118
0.222323
0.199406
0.098450
0.172383
0.182306
0.139728
0.144520
0.178609
0.128747
0.175947
0.087810
0.157415
0.186415
0.123811
0.160257
0.233058
0.127153
0.055478
0.151047
0.077864
0.126693
0.088273
0.115620
0.192255
0.148650
0.080857
0.111739
0.173758
0.163991
0.103535
0.162172
0.179906
0.170236
0.102737
0.124302
0.161397
0.072619
0.048931
0.222230
0.213625
0.150116
0.165117
0.129276
0.223307
0.219334
0.100538
0.199637
0.264947
0.161612
0.089259
0.170282
0.100360
0.092645
0.193181
0.226108
0.119866
0.155839
0.087069
0.146888
0.123285
0.134212
0.111717
0.121776
0.061837
0.099654
0.122663
0.083721
0.083711
0.002666
0.065121
0.100006
0.022802
0.159197
0.062862
0.020980
0.088706
0.070171
0.059849
0.155732
0.051224
0.097917
0.088954
0.034738
-0.003482
0.029483
0.047472
0.069111
0.138610
0.111323
0.108655
0.097699
0.091905
0.166135
0.215029
0.130112
0.227775
0.001998
0.051145
0.213119
0.098287
0.301639
0.253244
0.268421
