0.572905
0.328788
0.206325
0.288851
0.277803
0.337362
0.103143
0.158684
0.331010
0.149660
0.216945
0.171115
0.234874
0.241114
0.205525
0.210373
0.310497
0.253801
0.166970
0.202356
0.212200
0.258520
0.134132
0.171986
0.301922
0.270980
0.210611
0.185635
0.208499
0.184666
0.139295
0.212242
0.186315
0.277928
0.209170
0.244308
0.212128
0.220607
0.187760
0.289838
0.278958
0.263320
0.362195
0.320480
0.229726
0.201709
0.276285
0.339238
0.276458
0.288707
0.347165
0.365522
0.271818
0.368267
0.365950
0.316501
0.266671
0.333620
0.320233
0.276330
0.306861
0.240395
0.200634
0.357444
0.339313
0.257301
0.291515
0.254309
0.262234
0.218008
0.324150
0.228102
0.256925
0.222221
0.113610
0.239569
0.232505
0.123581
0.185250
0.263514
0.111095
0.312688
0.308064
0.249830
0.222504
0.270433
0.306773
0.218938
0.343939
0.201503
0.260854
0.206874
0.205314
0.238181
0.257672
0.371034
0.215939
0.325554
0.339440
0.399319
0.381790
0.377729
0.355687
0.331697
0.363104
0.365836
0.259594
0.320644
0.328694
0.321995
0.288737
0.386118
0.464310
0.491704
0.395491
0.412482
0.482915
0.469201
0.455841
0.529935
0.476175
0.424526
0.403002
0.475729
0.404460
0.380399
0.394099
0.517933
0.491827
0.424477
0.503684
0.437840
0.483327
0.457573
0.382030
0.448584
0.439077
0.422455
0.410396
0.441390
0.439849
0.398849
0.433734
0.568584
0.485466
0.477433
0.452472
0.429231
0.406707
0.474955
0.453885
0.456234
0.513671
0.371105
0.375414
0.432221
0.335467
0.416690
0.405474
0.443926
0.328071
0.407316
0.342654
0.372749
0.323257
0.432340
0.343179
0.299933
0.373010
0.269044
0.360834
0.292040
0.323215
0.249119
0.235592
0.368759
0.309933
0.370531
0.337841
0.302692
0.384603
0.394887
0.340534
0.347835
0.464208
0.409366
0.343203
0.358748
0.334318
0.383346
0.391995
0.429132
0.445872
0.426245
0.396506
0.500191
0.540260
0.493238
0.523977
0.511095
0.569657
0.441376
0.335335
0.477020
0.403795
0.449394
0.445916
0.531326
0.501091
0.562109
0.613357
0.650825
0.627426
0.630488
0.638518
0.647435
0.650659
0.702728
0.651958
0.645580
0.614060
0.612341
0.669336
0.727367
0.737623
0.760332
0.735091
0.750858
0.776923
0.749235
0.770306
0.753313
0.763478
0.765547
0.671842
0.772393
0.721102
0.753206
0.755325
0.757594
0.747037
0.739079
0.772253
0.781283
0.784917
0.817509
0.766738
0.765479
0.823284
0.814367
0.714473
0.801909
0.827465
0.784482
0.779972
0.770397
0.757288
0.754637
0.794170
0.843638
0.811766
0.798043
0.699563
0.761633
0.809687
0.802091
0.779525
0.767353
0.766973
0.767308
0.771057
0.819243
0.761317
0.731583
0.826649
0.802312
0.781607
0.754042
0.716049
0.737971
0.757686
0.764243
0.813139
0.763557
0.769796
0.797462
0.802622
0.726576
0.747861
0.784074
0.753324
0.809225
0.768747
0.754747
0.772472
0.722948
0.791961
0.773882
0.754981
0.801800
0.767423
0.788367
0.790080
0.790225
0.770978
0.766811
0.768945
0.828008
0.762752
0.736175
0.716779
0.766681
0.726233
0.677196
0.659225
0.720953
0.664727
0.736922
0.686905
0.654601
0.634874
0.600446
0.584139
0.565509
0.659782
0.656163
0.587304
0.616424
0.690747
0.592762
0.569597
0.530118
0.505211
0.566388
0.544760
0.535913
0.541554
0.563115
0.551535
0.613021
0.632477
0.543148
0.522128
0.464763
0.655294
0.536788
0.538070
0.476282
0.525078
0.559842
0.533908
0.580310
0.569426
0.568836
0.592623
0.597381
0.408934
0.529283
0.603170
0.478504
0.523504
0.563895
0.600238
0.521485
0.484178
0.483911
0.475858
0.532719
0.525337
0.505054
0.526295
0.465922
0.509805
0.517356
0.511277
0.546157
0.624460
0.500824
0.465925
0.504430
0.472526
0.514317
0.493110
0.427310
0.528994
0.430158
0.450078
0.469582
0.544853
0.501123
0.445468
0.450685
0.617270
0.485294
0.364934
0.445649
0.391436
0.373566
0.341563
0.469100
0.465865
0.482381
0.550704
0.531351
0.587779
0.599774
0.495416
0.577445
0.680232
0.477570
0.475425
0.601764
0.584396
0.569572
0.605278
0.651081
0.636363
0.587153
0.600382
0.573356
0.620811
0.669843
0.538112
0.683948
0.640566
0.586447
0.585688
0.670257
0.612169
0.655608
0.564227
0.698549
0.616185
0.612493
0.645112
0.661217
0.572106
0.557678
0.600559
0.554920
0.547027
0.548222
0.544015
0.616710
0.564007
0.560699
0.544814
0.453883
0.396758
0.475579
0.445077
0.489962
0.524181
0.564648
0.437847
0.537182
0.568604
0.509542
0.567138
0.463713
0.484122
0.523722
0.525822
0.634478
0.569705
0.571517
0.549191
0.639214
0.610861
0.555620
0.588074
0.541168
0.646479
0.576010
0.509412
0.530290
0.586282
0.546170
0.564432
0.653127
0.617394
0.531908
0.541636
0.420774
0.474613
0.530024
0.549464
0.586046
0.436946
0.454856
0.490814
0.520708
0.475446
0.419740
0.518778
0.469407
0.400227
0.469498
0.409378
0.508303
0.545503
0.509361
0.406796
0.419408
0.485487
0.495625
0.434725
0.488820
0.550034
0.540398
0.513378
0.578674
0.468581
0.511625
0.445048
0.610415
0.538006
0.607455
0.544103
0.548630
0.527990
0.517195
0.576540
0.495040
0.523591
0.570743
0.560258
0.650797
0.569657
0.654881
0.654150
0.625298
0.549757
0.504393
0.511642
0.529594
0.592834
0.521044
0.570434
0.537464
0.475742
0.466282
0.494277
0.483425
0.373324
0.430980
0.436491
0.348209
0.511231
0.434417
0.405368
0.451361
0.473212
0.330047
0.347045
0.306372
0.384967
0.393315
0.393356
0.465846
0.392791
0.433010
0.383442
0.468072
0.410861
0.433248
0.461793
0.373674
0.396389
0.329898
0.324791
0.361282
0.345672
0.297469
0.347692
0.503639
0.401869
0.326103
0.364127
0.302779
0.368088
0.353789
0.396010
0.335910
0.329546
0.363309
0.253325
0.322107
0.330770
0.243661
0.254555
0.318181
0.338875
0.314925
0.307665
0.207119
0.276031
0.384260
0.222239
0.347101
0.291697
0.346191
0.176669
0.325396
0.275592
0.141196
0.188253
0.262924
0.259317
0.258666
0.241703
0.161294
0.243753
0.319223
0.170906
0.170447
0.368708
0.163986
0.135827
0.154860
0.198010
0.196019
0.212840
0.263609
0.069193
0.305409
0.243711
0.319517
0.207787
0.256068
0.311866
0.199927
0.142915
0.202509
0.143862
0.233079
0.216846
0.107053
0.204451
0.227020
0.252610
0.317904
0.206641
0.295472
0.347185
0.310607
0.232771
0.308879
0.275562
0.208745
0.339309
0.267940
0.252611
0.342959
0.299934
0.386063
0.432726
0.459896
0.386738
0.358612
0.354254
0.484068
0.510959
0.435142
0.544994
0.513185
0.461060
0.476324
0.486449
0.442529
0.456277
0.502812
0.549269
0.438837
0.368800
0.433139
0.400570
0.443990
0.477400
0.417431
0.483329
0.425265
0.420779
0.448114
0.383492
0.332122
0.383934
0.406932
0.318576
0.445884
0.415111
0.424081
0.345074
0.409427
0.405923
0.362470
0.426978
0.312096
0.262325
0.319528
0.283609
0.230751
0.320251
0.309114
0.397085
0.326192
0.316191
0.292643
0.346182
0.377136
0.181638
0.341463
0.462491
0.283706
0.271562
0.286520
0.287676
0.222230
0.367462
0.353288
0.304125
0.416297
0.278333
0.312942
0.340710
0.375627
0.276964
0.326308
0.300852
0.291095
0.261076
0.199973
0.209045
0.268121
0.277099
0.264067
0.232280
0.448095
0.352372
0.266834
0.257310
0.337916
0.287858
0.216148
0.401429
0.309489
0.240159
0.267318
0.338301
0.285859
0.269405
0.361825
0.343714
0.415444
0.363465
0.314692
0.339241
0.309170
0.357440
0.351316
0.394593
0.407685
0.400071
0.318914
0.335277
0.359973
0.389162
0.405956
0.435268
0.346569
0.359725
0.318242
0.342446
0.394033
0.353977
0.412643
0.357935
0.322820
0.388844
0.410512
0.404562
0.344791
0.282873
0.400670
0.295142
0.467149
0.365022
0.266628
0.388003
0.408545
0.355195
0.428298
0.486492
0.338795
0.410175
0.306046
0.285060
0.302513
0.311637
0.350453
0.320307
0.388947
0.283402
0.345869
0.414496
0.496036
0.435243
0.463949
0.513170
0.524655
0.358090
0.455059
0.348733
0.440804
0.384638
0.546136
0.386692
0.552152
0.495384
0.490009
0.529583
0.626387
0.572758
0.511194
0.657047
0.474354
0.497862
0.545785
0.571925
0.501416
0.625145
0.673745
0.643437
0.538990
0.561745
0.538920
0.572496
0.521193
0.483613
0.437646
0.550754
0.476875
0.499698
0.442006
0.489079
0.454266
0.447283
0.512999
0.400640
0.508607
0.497236
0.494261
0.476435
0.423210
0.413048
0.417985
0.540376
0.448158
0.443659
0.423325
0.363884
0.395166
0.356018
0.395020
0.429744
0.465686
0.379917
0.494017
0.416908
0.513828
0.421947
0.462819
0.546751
0.409060
0.367370
0.439159
0.389983
0.472847
0.414088
0.570127
0.515656
0.501093
0.517556
0.583824
0.541244
0.562659
0.401788
0.505463
0.589022
0.514114
0.529826
0.545727
0.567838
0.464660
0.541147
0.608555
0.466336
0.595814
0.589270
0.542226
0.514626
0.494933
0.426329
0.511289
0.571031
0.423383
0.510787
0.444114
0.439635
0.447531
0.458049
0.510944
0.506035
0.552879
0.547989
0.440968
0.536104
0.446759
0.459191
0.458450
0.492697
0.366364
0.267924
0.404255
0.411720
0.340924
0.356583
0.389106
0.369256
0.318467
0.302781
0.292954
0.258493
0.333837
0.209392
0.224528
0.401545
0.232938
0.141676
0.190729
0.170926
0.192724
0.239494
0.290273
0.268838
0.334605
0.308683
0.297778
0.246596
0.199170
0.289705
0.266581
0.270039
0.186807
0.191420
0.234476
0.310044
0.165014
0.304445
0.267288
0.257104
0.201991
0.244626
0.243223
0.299876
0.328870
0.255485
0.295618
0.363524
0.257220
0.194301
0.230235
0.246678
0.245611
0.212920
0.413403
0.346204
0.403723
0.366624
0.344384
0.396915
0.370378
0.314611
0.365684
0.448800
0.293337
0.411691
0.256366
0.316464
0.254422
0.356824
0.331854
0.333062
0.378956
0.347276
0.325364
0.375439
0.344798
0.203293
0.305446
0.377312
0.347716
0.374846
0.394429
0.207199
0.299745
0.268416
0.438294
0.331679
0.233340
0.312821
0.311970
0.237644
0.361332
0.411363
0.264921
0.428477
0.264363
0.306706
0.421796
0.312000
0.380428
0.358623
0.263084
