0.612545
0.622294
0.570393
0.725451
0.650333
0.682992
0.643319
0.628392
0.689538
0.593825
0.551566
0.564478
0.579541
0.622057
0.599736
0.679792
0.605102
0.595254
0.628145
0.513924
0.552799
0.600827
0.526951
0.557489
0.618310
0.557997
0.551498
0.512018
0.489895
0.427803
0.523484
0.462954
0.468881
0.524486
0.456317
0.417050
0.568851
0.531229
0.469440
0.519851
0.541830
0.495361
0.490475
0.415948
0.349781
0.423396
0.460767
0.529143
0.522228
0.455627
0.473770
0.449742
0.446786
0.400957
0.481052
0.476467
0.445801
0.462753
0.418941
0.456363
0.523963
0.461547
0.490853
0.498561
0.483858
0.509942
0.482068
0.557269
0.489424
0.538160
0.359723
0.514075
0.556952
0.554884
0.552435
0.552632
0.506353
0.433095
0.506686
0.470278
0.607406
0.549157
0.563316
0.553602
0.556395
0.584059
0.534510
0.553712
0.607687
0.578288
0.573753
0.543454
0.467037
0.530298
0.551521
0.571202
0.533913
0.562644
0.545556
0.594822
0.575833
0.598008
0.620675
0.610516
0.558045
0.595839
0.607309
0.521678
0.533621
0.529100
0.621826
0.596899
0.568461
0.594666
0.603608
0.595346
0.536247
0.570403
0.495550
0.552167
0.616651
0.592107
0.553264
0.604024
0.526991
0.533699
0.587412
0.590797
0.490673
0.572065
0.541772
0.511942
0.569189
0.447558
0.434178
0.496694
0.565018
0.484246
0.447897
0.448741
0.454115
0.455939
0.444492
0.399201
0.462148
0.444684
0.383258
0.501665
0.445930
0.456406
0.502930
0.463144
0.523612
0.400715
0.442304
0.447155
0.463088
0.460214
0.406501
0.521560
0.506588
0.519298
0.478732
0.530227
0.535645
0.488935
0.503443
0.552275
0.667059
0.544382
0.470192
0.559333
0.550586
0.506415
0.558705
0.610701
0.493381
0.497927
0.537031
0.552890
0.542292
0.487090
0.489196
0.575566
0.542997
0.511815
0.475960
0.497722
0.476684
0.474991
0.480957
0.505352
0.483696
0.512878
0.535489
0.479930
0.421610
0.515378
0.476823
0.417993
0.469844
0.367969
0.381115
0.451569
0.461847
0.438601
0.511306
0.490859
0.342933
0.339816
0.378964
0.382654
0.322011
0.355660
0.243339
0.305428
0.370847
0.255402
0.320801
0.286426
0.313974
0.307334
0.325572
0.298594
0.449048
0.318756
0.277637
0.349555
0.371747
0.376666
0.351623
0.338404
0.434494
0.300150
0.283840
0.326014
0.266735
0.248157
0.292364
0.344897
0.327195
0.244881
0.329522
0.295682
0.336675
0.341963
0.398583
0.222200
0.294751
0.265396
0.238023
0.182749
0.223268
0.256779
0.303527
0.364498
0.305661
0.299770
0.256522
0.204307
0.211224
0.292186
0.242851
0.267188
0.267754
0.136839
0.212138
0.196411
0.210055
0.195464
0.298388
0.207774
0.139473
0.204621
0.124862
0.185820
0.137324
0.242482
0.105209
0.237594
0.151604
0.154556
0.149120
0.169572
0.164528
0.142264
0.178316
0.240824
0.252810
0.186682
0.071723
0.175051
0.146738
0.213042
0.113626
0.111124
0.313103
0.172647
0.105889
0.227186
0.139827
0.087325
0.068434
0.143940
0.268096
0.105570
0.080049
0.117538
0.199577
0.142212
0.125680
0.136333
0.162420
0.167033
0.083717
0.157702
0.091043
0.054326
0.037289
0.137075
0.131820
0.122615
0.084448
0.045019
0.095337
0.214784
0.120972
0.151312
0.212579
0.134108
-0.001593
0.177383
0.118639
0.125009
0.119083
0.214197
0.173467
0.124252
0.112904
0.132122
0.078356
0.199576
0.103912
0.109173
0.163534
0.067003
0.175758
0.108182
0.003551
0.090067
0.041403
0.129789
0.058624
0.152274
0.075977
0.069727
0.125608
0.161254
0.012409
0.137235
0.096247
0.000427
0.019334
0.024826
0.099556
0.039445
0.063075
0.089044
0.054127
0.086644
0.046626
0.055396
0.083853
0.045301
0.054122
0.129862
0.041469
0.049860
0.037662
0.087568
0.022358
0.056270
0.046185
0.087667
0.089583
0.114292
0.010623
0.082015
0.097037
0.113174
-0.001958
0.126785
0.189015
0.139205
0.049351
0.053954
0.068377
0.033997
0.015590
0.071912
0.153748
0.177648
0.068632
0.037038
0.087392
0.038589
0.201912
0.154256
0.026283
0.023450
0.040270
0.136188
0.080432
0.071004
0.138338
0.125485
0.166143
0.051933
0.053501
0.086008
0.045186
0.074957
0.120503
0.159017
0.072517
0.084563
0.121461
0.098628
-0.016620
0.075582
0.050217
0.100355
0.038785
0.142231
0.124809
0.000702
0.078941
0.081349
0.029394
0.132513
0.088415
0.033830
0.036784
0.038917
0.010887
0.064723
0.069306
0.070873
0.069260
0.072784
0.012088
0.009605
0.063536
0.129844
0.070546
0.051082
0.190860
0.096592
-0.005263
0.090258
0.039772
0.021771
0.108299
0.097170
0.073009
0.194020
0.101568
0.101578
0.104914
0.164946
0.146137
0.134472
0.137195
0.088080
0.094242
0.123221
0.190343
0.099284
0.215408
0.158609
0.078902
0.165301
0.155423
0.160060
0.113615
0.115022
0.034945
0.145934
0.135766
0.092491
0.116686
0.163041
0.156160
0.131492
0.148910
0.220298
0.087160
0.129037
0.118023
0.062088
0.167441
0.193232
0.160173
0.130988
0.113764
0.097371
0.036064
0.086399
0.149027
0.087807
0.145831
0.166980
0.123513
0.199925
0.107047
0.136798
0.144110
0.174477
0.209752
0.216455
0.206169
0.160914
0.213826
0.148819
0.150607
0.209927
0.218105
0.172870
0.310474
0.148996
0.096821
0.226416
0.170712
0.277269
0.182346
0.222733
0.188829
0.151667
0.153656
0.173181
0.156968
0.158952
0.218045
0.215609
0.156330
0.153231
0.098145
0.210699
0.030722
0.146480
0.108346
0.140009
0.208944
0.061056
0.173365
0.118578
0.063215
0.061887
0.137347
0.140237
0.092731
0.159934
0.104519
0.123687
0.100410
0.184310
0.205599
0.133093
0.162572
0.063268
0.072039
0.091234
0.173916
0.088520
0.121004
0.220172
0.281675
0.172044
0.165617
0.164150
0.193801
0.221335
0.165820
0.187758
0.293133
0.162263
0.260118
0.224207
0.187399
0.192454
0.345125
0.337295
0.317249
0.308863
0.246944
0.291893
0.304062
0.375651
0.343892
0.348532
0.385720
0.257269
0.327894
0.309403
0.276693
0.231242
0.322420
0.411021
0.271146
0.417038
0.365636
0.330534
0.308008
0.415072
0.347772
0.236774
0.419684
0.331627
0.259395
0.308884
0.395950
0.267612
0.317886
0.287847
0.261111
0.196178
0.166818
0.250952
0.303689
0.273562
0.150499
0.278242
0.333455
0.194333
0.146768
0.224842
0.267858
0.131701
0.321353
0.256239
0.168841
0.312459
0.178374
0.166611
0.214501
0.247690
0.192055
0.200662
0.187473
0.276309
0.257843
0.116693
0.078298
0.122123
0.185955
0.201106
0.119587
0.243200
0.185321
0.135152
0.140212
0.161276
0.066771
0.136538
0.183506
0.076330
0.129109
0.117310
0.091002
0.136148
0.106917
0.149864
0.101246
0.263095
0.176327
0.134527
0.205042
0.234493
0.157288
0.143804
0.171821
0.072576
0.165729
0.139762
0.148610
0.149137
0.197133
0.203747
0.271840
0.190134
0.124276
0.174626
0.154391
0.226846
0.089022
0.172559
0.253112
0.152417
0.056382
0.204452
0.198144
0.169000
0.128488
0.203929
0.156093
0.142075
0.140322
0.197775
0.137027
0.192423
0.258585
0.145056
0.146744
0.142778
0.159564
0.098340
0.139457
0.132847
0.166625
0.165780
0.164123
0.171627
0.066947
0.053669
0.102009
0.196024
0.106484
0.148580
0.150716
0.135004
0.071204
0.143264
0.085052
0.046044
0.078341
0.178976
0.097315
0.120105
0.059687
0.066815
0.056017
0.094670
0.087587
0.220084
0.053829
0.004592
0.009175
0.076802
0.067145
0.074469
0.101811
0.104667
0.076663
0.091702
0.050192
0.009475
0.078399
0.180706
0.124304
0.109047
0.034819
0.055545
0.070507
0.060336
0.052983
0.073345
0.119916
0.130921
0.058071
0.154664
0.075035
0.086009
0.071136
0.140844
0.146339
0.106975
0.036815
0.084053
0.039165
0.110368
0.159261
0.046940
0.128334
0.156580
0.124770
0.135831
0.046932
0.116201
0.092188
0.101197
0.096886
0.184956
0.045083
0.095045
0.096538
0.118920
0.085531
0.046216
0.110890
0.140811
0.182516
0.086418
0.063014
0.077748
0.067180
0.101080
0.091714
0.161653
0.083024
0.018166
0.047292
0.081593
0.100721
0.079265
0.076719
0.126915
0.093937
0.107008
0.086613
0.103736
0.097789
0.102992
0.054782
0.143995
0.057861
0.064182
0.072602
0.054041
0.131602
0.083171
0.085759
0.104579
0.135343
0.158261
0.048751
0.133124
0.105023
0.186022
0.209584
0.099764
0.232494
0.136382
0.028414
0.149228
0.182786
0.118226
0.027378
0.198839
0.184789
0.214937
0.148230
0.176905
0.186244
0.243806
0.289031
0.200963
0.309676
0.244447
0.069904
0.219495
0.253491
0.224132
0.223697
0.265985
0.307201
0.276989
0.192179
0.342292
0.305505
0.293373
0.321234
0.200418
0.242642
0.242639
0.179225
0.242667
0.224063
0.222023
0.225469
0.269447
0.268046
0.287561
0.257872
0.211927
0.196099
0.248251
0.254349
0.246526
0.139202
0.155643
0.098984
0.215824
0.206232
0.180432
0.090850
0.173203
0.222862
0.189494
0.167850
0.088110
0.220302
0.179808
0.131588
0.163748
0.188580
0.109634
0.143711
0.167325
0.046642
0.092986
0.166911
0.138795
0.066078
0.209128
0.117122
0.159661
0.173915
0.202525
0.205303
0.208524
0.120066
0.139835
0.085247
0.064429
0.192593
0.157139
0.139496
0.203893
0.182915
0.181113
0.143402
0.161798
0.154101
0.143757
0.126594
0.172713
0.173639
0.089820
0.124718
0.072791
0.148102
0.092076
0.145497
0.180120
0.214730
0.150680
0.097584
0.116145
0.122575
0.158619
0.043848
0.137525
0.243220
0.044046
0.070275
0.156136
0.101440
0.034920
0.102244
0.114653
0.080360
0.200206
0.074293
0.078409
0.082511
0.102300
0.134223
0.123102
0.077172
0.088796
0.056987
0.137092
0.116740
0.108874
0.116971
0.182238
0.122109
0.180377
0.082759
0.125397
0.148061
0.170906
0.053892
0.143288
0.088897
0.112662
0.102541
0.007679
0.061807
0.062368
0.062103
0.136766
0.122803
0.135972
0.121747
0.071167
0.079090
0.139255
0.068241
0.104267
0.140265
0.035085
0.101676
0.011832
0.047013
0.012126
0.055434
0.064970
0.035780
0.111354
0.089144
0.026995
0.100604
0.012712
0.050790
-0.010820
0.102426
-0.013557
-0.081156
0.138193
-0.038493
0.100012
0.137466
0.250774
