0.557251
0.337422
0.139534
0.238288
0.259929
0.344815
0.100154
0.166389
0.312533
0.138558
0.207997
0.167304
0.247249
0.178576
0.244113
0.241911
0.186123
0.322302
0.235956
0.258545
0.322412
0.337391
0.256454
0.323789
0.285960
0.272830
0.252679
0.339571
0.325536
0.329717
0.331682
0.515240
0.334797
0.387056
0.412827
0.488894
0.388965
0.414366
0.425403
0.432222
0.389380
0.415481
0.381842
0.466532
0.402145
0.395145
0.395370
0.377678
0.481649
0.495352
0.461067
0.523606
0.381150
0.527620
0.424686
0.391031
0.564088
0.448240
0.367904
0.470324
0.420636
0.399587
0.480194
0.529003
0.492964
0.526440
0.549160
0.485311
0.596185
0.617717
0.647116
0.641366
0.636902
0.621643
0.434595
0.560426
0.594896
0.548358
0.559440
0.667535
0.585825
0.624651
0.634243
0.666517
0.636055
0.698197
0.627531
0.511246
0.723668
0.608292
0.543649
0.625477
0.680333
0.635827
0.627041
0.731813
0.615837
0.717681
0.732367
0.701838
0.740853
0.737007
0.657553
0.712221
0.739500
0.724631
0.743427
0.735451
0.791986
0.758285
0.764750
0.761079
0.756144
0.767044
0.825176
0.852112
0.837372
0.832933
0.790499
0.802970
0.835395
0.821125
0.773667
0.794098
0.793339
0.846431
0.804133
0.841330
0.870521
0.833395
0.845684
0.821566
0.861880
0.853877
0.814854
0.848378
0.846946
0.801557
0.799488
0.844452
0.836833
0.835176
0.820924
0.845913
0.793899
0.789819
0.834751
0.812334
0.813889
0.795615
0.743659
0.817697
0.840066
0.811090
0.760762
0.795614
0.820188
0.804709
0.795932
0.743634
0.705393
0.755715
0.794400
0.825206
0.783099
0.818324
0.772817
0.749227
0.806135
0.778315
0.738558
0.742544
0.760668
0.797752
0.777144
0.830345
0.759720
0.867617
0.870423
0.900797
0.891790
0.864733
0.842803
0.847571
0.904647
0.877073
0.828315
0.904430
0.876974
0.908803
0.889127
0.902767
0.883762
0.887853
0.877124
0.940075
0.916062
0.917974
0.885470
0.895831
0.928317
0.912120
0.873415
0.908831
0.890844
0.915117
0.912751
0.942967
0.876608
0.919061
0.937159
0.955387
0.937764
0.941721
0.914591
0.918216
0.941289
0.918996
0.857374
0.938254
0.925925
0.911512
0.916407
0.919402
0.894775
0.912907
0.924520
0.954062
0.939001
0.934365
0.897640
0.915781
0.930038
0.927633
0.885074
0.930689
0.932513
0.917539
0.921539
0.916820
0.897972
0.927021
0.928491
0.953093
0.952680
0.963542
0.917318
0.955257
0.958197
0.933935
0.918154
0.950695
0.945325
0.947036
0.933600
0.939128
0.898601
0.944123
0.948749
0.962766
0.960155
0.973944
0.928835
0.957268
0.963929
0.942720
0.931962
0.964462
0.959687
0.953076
0.953699
0.970761
0.940485
0.967093
0.971444
0.974131
0.969853
0.982628
0.959321
0.969469
0.980752
0.964672
0.949163
0.956384
0.951089
0.974108
0.943866
0.949220
0.917802
0.939018
0.956380
0.970345
0.945817
0.960369
0.928363
0.945989
0.951139
0.918461
0.905645
0.927368
0.915855
0.951367
0.925235
0.932291
0.910535
0.919162
0.939919
0.955319
0.924178
0.938346
0.899719
0.912320
0.917579
0.927182
0.901007
0.924321
0.924171
0.920245
0.907154
0.924652
0.874024
0.874777
0.903968
0.931762
0.894195
0.882593
0.817354
0.860140
0.855458
0.850593
0.857324
0.843714
0.813778
0.806918
0.853398
0.813684
0.791545
0.798097
0.762459
0.765500
0.799977
0.700917
0.724360
0.698227
0.792381
0.698172
0.721973
0.657749
0.691235
0.725073
0.697410
0.671837
0.670054
0.659577
0.686531
0.741766
0.717832
0.708945
0.707482
0.707567
0.702473
0.681934
0.657823
0.715128
0.735706
0.784535
0.755771
0.806095
0.797286
0.752573
0.789883
0.781625
0.759944
0.817955
0.798398
0.753116
0.814938
0.821910
0.778917
0.833924
0.829836
0.831107
0.794513
0.852056
0.800111
0.854798
0.861913
0.837425
0.884284
0.843982
0.813445
0.866515
0.874199
0.848719
0.807437
0.861188
0.870872
0.849080
0.830636
0.840377
0.840733
0.786121
0.803038
0.869286
0.813833
0.844741
0.801312
0.816326
0.832545
0.817246
0.758353
0.788698
0.790918
0.799389
0.828183
0.837161
0.797627
0.747522
0.721204
0.768109
0.727283
0.801218
0.689335
0.739091
0.763266
0.722778
0.728579
0.733463
0.731086
0.688817
0.646231
0.594448
0.588352
0.614935
0.621520
0.608195
0.655226
0.588006
0.599773
0.609156
0.614756
0.594744
0.569665
0.553468
0.593063
0.529743
0.562202
0.629760
0.490454
0.492128
0.502658
0.529717
0.551443
0.569274
0.581089
0.501052
0.555102
0.517475
0.548160
0.518418
0.543640
0.614038
0.607881
0.612844
0.598219
0.513297
0.550600
0.631254
0.557432
0.581188
0.602889
0.550827
0.564432
0.580557
0.563601
0.537792
0.604824
0.630527
0.613338
0.645811
0.631327
0.558614
0.599975
0.569211
0.545050
0.559607
0.568805
0.585514
0.540072
0.534958
0.559100
0.612879
0.592571
0.618243
0.615897
0.573334
0.535421
0.621218
0.562270
0.574872
0.616509
0.602182
0.539721
0.537592
0.609014
0.577796
0.608338
0.515205
0.479065
0.536880
0.603554
0.552861
0.448014
0.523066
0.474393
0.565022
0.466979
0.513922
0.438506
0.388669
0.520878
0.415341
0.428953
0.462284
0.440136
0.458742
0.458989
0.488560
0.516976
0.448187
0.435249
0.441079
0.422932
0.479920
0.430035
0.502595
0.490533
0.490454
0.402578
0.420180
0.399999
0.385935
0.472051
0.377561
0.443676
0.504766
0.507558
0.545829
0.539230
0.571952
0.473875
0.498229
0.505704
0.482528
0.532099
0.473188
0.497705
0.508618
0.485587
0.570205
0.630780
0.630717
0.567667
0.567278
0.615283
0.626671
0.593799
0.599206
0.634856
0.623218
0.578777
0.613720
0.585132
0.609624
0.509936
0.693311
0.635517
0.687253
0.677710
0.695616
0.656018
0.706513
0.732837
0.684669
0.689605
0.677776
0.621634
0.682212
0.687178
0.638809
0.684743
0.711846
0.688660
0.612793
0.647894
0.669636
0.620193
0.625112
0.453103
0.648283
0.672998
0.643153
0.603134
0.662584
0.677177
0.644757
0.617282
0.577743
0.610319
0.599822
0.616308
0.633727
0.686342
0.670474
0.652103
0.681418
0.654595
0.630404
0.547533
0.581223
0.646668
0.598625
0.608386
0.602951
0.654398
0.661723
0.693330
0.726611
0.683354
0.675732
0.669003
0.686180
0.708460
0.670393
0.635219
0.732531
0.727944
0.736308
0.750338
0.783078
0.755740
0.736897
0.688331
0.754426
0.794354
0.693411
0.673555
0.747011
0.758830
0.653703
0.775392
0.707219
0.763567
0.802620
0.790410
0.779646
0.762383
0.748218
0.717414
0.761551
0.737290
0.727343
0.709602
0.739578
0.775993
0.712180
0.665054
0.692817
0.671827
0.717070
0.678708
0.624191
0.672920
0.669226
0.657458
0.672751
0.669814
0.691705
0.561278
0.600698
0.728598
0.605765
0.488241
0.603138
0.621377
0.599631
0.622458
0.640126
0.673937
0.593917
0.568146
0.612610
0.587892
0.610999
0.591636
0.600632
0.629917
0.549058
0.554891
0.524031
0.465796
0.521446
0.578373
0.603608
0.594268
0.535699
0.577785
0.503775
0.541198
0.543224
0.485022
0.548299
0.585378
0.529183
0.500554
0.535476
0.488334
0.451498
0.476161
0.483830
0.407775
0.498119
0.448701
0.398206
0.360403
0.431450
0.358610
0.408889
0.439137
0.434589
0.383895
0.432231
0.414488
0.396256
0.430772
0.434763
0.429099
0.457193
0.463518
0.482440
0.390248
0.418500
0.364363
0.434303
0.528673
0.483395
0.365798
0.463128
0.435772
0.376761
0.466496
0.406487
0.507466
0.438475
0.427954
0.481601
0.465899
0.370562
0.422718
0.438825
0.433790
0.395959
0.387333
0.361210
0.330261
0.389560
0.360306
0.431034
0.447312
0.378659
0.345914
0.437553
0.352590
0.308660
0.312802
0.369227
0.361376
0.236555
0.344966
0.324362
0.297792
0.320800
0.305083
0.377025
0.336581
0.310860
0.233857
0.258796
0.382122
0.347022
0.281567
0.307458
0.421856
0.322926
0.322046
0.243563
0.309483
0.369459
0.296786
0.329130
0.446538
0.264666
0.286132
0.279669
0.301415
0.256243
0.221918
0.257446
0.344397
0.356781
0.246064
0.262371
0.234428
0.262329
0.288751
0.239794
0.241266
0.290963
0.191753
0.227492
0.220467
0.273797
0.274572
0.335072
0.270759
0.200288
0.210360
0.216383
0.202895
0.198137
0.225413
0.178439
0.233203
0.290988
0.202694
0.195848
0.165455
0.198553
0.283920
0.259068
0.228177
0.173827
0.254257
0.149755
0.178324
0.260914
0.280257
0.305964
0.220001
0.366586
0.297251
0.277879
0.286389
0.280957
0.241129
0.382776
0.263971
0.333925
0.256779
0.322031
0.350430
0.191747
0.307374
0.329854
0.253736
0.417178
0.300179
0.338305
0.361630
0.346294
0.338024
0.361700
0.392244
0.403978
0.478981
0.417897
0.348990
0.324542
0.445243
0.516584
0.384199
0.461369
0.439321
0.438348
0.458426
0.472499
0.332288
0.451404
0.551545
0.484700
0.516177
0.501157
0.566174
0.519239
0.549728
0.522658
0.493090
0.519723
0.442495
0.486720
0.441801
0.453848
0.448349
0.533696
0.605954
0.588513
0.561251
0.427226
0.418187
0.473494
0.471555
0.441992
0.472252
0.342237
0.419061
0.346325
0.298670
0.381950
0.365669
0.400735
0.424738
0.380642
0.353982
0.371091
0.351771
0.266022
0.371396
0.291000
0.253169
0.290382
0.292949
0.281801
0.271036
0.283969
0.284296
0.301274
0.321729
0.301931
0.192319
0.281290
0.205681
0.278140
0.310909
0.308501
0.343344
0.407772
0.341404
0.303237
0.354374
0.377215
0.435805
0.346115
0.413953
0.318382
0.224477
0.302241
0.369365
0.357388
0.420951
0.481851
0.521233
0.362660
0.398156
0.356318
0.384334
0.381983
0.259958
0.348777
0.404878
0.312446
0.234715
0.294213
0.358184
0.318935
0.281925
0.298982
0.405431
0.241040
0.288139
0.259929
0.264503
0.287869
0.316456
0.246738
0.304485
0.220542
0.244534
0.299376
0.278786
0.175962
0.307633
0.301063
0.135961
0.329115
0.302611
0.352598
0.348749
0.334101
0.327463
0.343379
0.278417
0.251258
0.345703
0.305489
0.283696
0.346462
0.433605
0.498745
0.483458
0.361512
0.488778
0.461894
0.348294
0.485371
0.592660
0.454023
0.642023
0.364384
0.378262
0.489893
0.476513
0.460644
0.392717
0.240560
