0.527307
0.281157
0.140405
0.183511
0.098753
0.130125
0.075419
0.110126
0.192782
0.123841
0.107057
0.109550
0.205912
0.090933
0.107222
0.102322
0.079507
0.130128
0.053364
0.090516
0.045695
0.150761
0.083429
0.107988
0.133881
0.115976
0.132769
0.069623
0.115783
0.061571
0.046953
0.089438
0.183206
0.100747
-0.022014
0.082069
0.077653
0.043795
-0.005639
0.167433
0.085719
0.055625
0.061596
0.066940
0.034844
0.034418
0.050153
0.101046
0.068934
0.093493
0.071881
0.052622
-0.000472
0.056074
0.039143
0.117321
0.044319
0.077568
0.062546
0.056306
0.067336
0.070673
0.033612
0.027636
0.086983
0.051907
0.003130
0.045146
0.007982
0.018615
0.059637
0.079997
0.017450
0.106719
0.009198
0.051629
0.000846
0.007292
0.026001
0.047449
0.005217
0.069592
0.029259
-0.009337
0.060395
0.012224
0.059111
0.102100
0.117506
0.013345
-0.023632
0.057358
0.000038
-0.027816
0.092602
0.043292
0.070089
0.037366
-0.027053
-0.000643
0.047148
0.027164
0.028939
0.106480
0.020873
0.032163
0.020545
0.054598
0.048369
-0.030082
0.020202
0.038611
-0.007897
0.053704
0.018126
0.013573
0.043909
0.022567
0.054594
0.112084
0.051878
-0.007512
0.041599
-0.017618
0.042246
-0.020076
-0.016911
0.055067
0.042467
0.023469
0.018333
0.038845
0.023242
0.056698
0.109333
0.201979
0.000840
0.012985
0.037548
-0.007225
0.105199
-0.010698
0.083097
0.097914
0.019169
0.102780
0.070131
0.039283
0.066146
0.080421
0.050183
0.112217
0.089110
0.011858
-0.004134
0.115115
0.102823
0.042392
0.064501
0.104871
0.062922
0.031718
0.050718
0.030398
0.031004
0.033212
0.047211
0.163354
0.028714
0.064539
0.069662
0.045796
0.059575
-0.002432
0.081858
0.083359
0.051235
0.090183
0.024752
0.055990
0.077121
0.022789
0.069646
0.146948
0.061785
0.063103
0.064564
0.057967
0.066960
0.031527
0.082927
0.060630
0.100580
0.069022
0.012846
0.087130
0.078734
0.165614
0.178533
0.178218
0.171852
0.086729
0.099919
0.130013
0.093090
0.017695
0.154182
0.212382
0.207765
0.234709
0.148747
0.176125
0.245932
0.132411
0.159444
0.263702
0.110864
0.144089
0.146889
0.173096
0.149202
0.111932
0.181797
0.187936
0.160852
0.163176
0.051208
0.115304
0.089383
0.185318
0.126939
0.208083
0.149072
0.136965
0.154065
0.113439
0.110500
0.070186
0.160123
0.179287
0.150889
0.171496
0.137890
0.058105
0.112400
0.162003
0.082387
0.228863
0.146904
0.123477
0.125948
0.162758
0.149588
0.174861
0.138459
0.113147
0.247014
0.181704
0.156865
0.074052
0.249010
0.234170
0.200372
0.202014
0.295950
0.241626
0.185876
0.285674
0.150019
0.157962
0.224633
0.249965
0.228514
0.298997
0.198220
0.291833
0.229398
0.286864
0.196239
0.210773
0.245722
0.251804
0.195563
0.236443
0.265358
0.204753
0.166960
0.297237
0.287256
0.367445
0.216614
0.268837
0.334613
0.264933
0.249423
0.288089
0.398413
0.227313
0.230782
0.227221
0.276318
0.273457
0.266804
0.238408
0.386901
0.230292
0.142026
0.215397
0.258666
0.352695
0.271814
0.226421
0.392322
0.295029
0.202524
0.304013
0.250630
0.208869
0.235731
0.306388
0.321320
0.264884
0.186353
0.267700
0.248087
0.333104
0.274798
0.187927
0.270809
0.180387
0.239361
0.237056
0.207736
0.149230
0.225438
0.261508
0.286064
0.170130
0.203408
0.219513
0.160893
0.269040
0.160939
0.202318
0.279545
0.153188
0.202751
0.201136
0.150571
0.165194
0.133909
0.186603
0.167844
0.239369
0.196763
0.180466
0.249264
0.294672
0.138002
0.253824
0.278751
0.204082
0.220300
0.183493
0.189082
0.164726
0.147340
0.301169
0.222661
0.265522
0.226303
0.233552
0.198460
0.264284
0.209613
0.205808
0.232724
0.151313
0.087386
0.154334
0.216132
0.167717
0.182772
0.170162
0.264077
0.210788
0.204581
0.158690
0.126776
0.242916
0.241118
0.190718
0.263238
0.151077
0.058887
0.205888
0.166863
0.068100
0.085106
0.151887
0.127688
0.168280
0.137649
0.125788
0.147592
0.200106
0.156034
0.098579
0.295956
0.146146
0.089127
0.154683
0.007296
0.094736
0.081414
0.092096
0.183348
0.105189
0.101081
0.099843
0.102344
0.081101
0.117834
0.095695
0.090764
0.071529
-0.029991
0.129579
0.125787
0.031994
0.025164
0.091161
0.043657
0.094587
0.030123
0.044164
0.079596
0.053636
-0.047990
0.102281
0.172523
0.028785
0.024081
0.110365
-0.045803
0.024053
0.090140
0.064932
0.035902
0.115695
0.008347
0.047186
0.019941
-0.000379
0.018211
0.059025
0.101722
0.054151
-0.060490
-0.003617
0.065318
0.016608
0.067138
0.088453
0.030045
0.024600
-0.058158
0.006928
0.043715
-0.039296
-0.033485
0.131001
0.029824
0.020555
0.029420
0.011630
-0.011531
0.026783
-0.002792
0.044259
0.027432
0.063781
-0.024289
0.006214
0.020122
0.053881
0.013633
0.084122
0.005813
0.035622
-0.040644
-0.008906
0.043112
0.010699
0.017502
0.051978
0.011360
0.078571
-0.042150
0.033263
-0.010047
-0.033633
0.035205
0.085563
0.028353
-0.062767
-0.046344
-0.004426
0.069992
-0.046671
0.029297
0.068356
-0.012332
0.057979
0.073361
0.015807
0.005521
0.003807
0.067445
0.115744
0.029471
0.079984
0.004482
-0.002162
0.008894
0.033704
0.029255
0.064309
0.060739
0.074596
0.038487
0.048743
0.021638
0.057768
0.106515
0.121625
0.031903
0.031141
-0.002616
0.080287
0.112319
0.032913
0.073451
0.089234
0.070394
0.194857
0.077690
0.145056
0.140536
0.149223
0.121254
0.143461
0.069325
0.089663
0.067856
0.068005
0.102874
0.085961
0.095774
0.158917
0.128111
0.145098
0.071729
0.115801
0.009984
0.115452
0.077115
0.154855
0.053470
0.040410
0.065824
0.105546
0.094851
0.046288
0.106922
0.107494
0.051409
0.070639
0.101090
0.072594
0.047641
0.040857
0.043247
0.167901
0.065855
-0.010337
0.011441
0.077957
0.074614
-0.027837
0.110775
0.076586
0.085799
0.081556
0.020612
0.066372
0.067608
0.057074
0.157830
0.117239
0.080983
0.082433
0.067672
0.103534
0.113786
0.050603
0.118719
0.156479
0.164689
0.118900
0.019740
0.107859
0.088736
0.119392
0.022770
0.144673
0.098024
0.061413
0.038292
0.047354
-0.010932
0.060368
0.065497
0.146622
-0.004006
0.089453
0.069266
0.028734
0.056030
0.041132
0.011759
0.091863
0.080432
0.009936
0.037153
0.091774
-0.037588
0.017012
0.032412
0.049248
0.037461
0.061908
0.048959
0.063103
0.047419
-0.045166
0.002819
0.110564
-0.025990
0.011724
0.005170
0.074998
0.025130
0.046612
-0.022795
0.076037
0.037963
0.069206
0.005775
0.020943
0.030147
-0.004609
0.001887
0.140393
0.014870
0.038978
0.010271
0.057242
0.018666
0.011116
0.035552
0.096504
0.030859
0.025088
0.050130
-0.002068
-0.026385
0.011735
0.022181
0.125413
-0.006295
0.067376
0.006176
-0.020088
0.067282
0.002000
0.050209
0.046028
-0.003896
0.005528
-0.013156
0.057726
-0.053720
0.016100
0.008112
0.106148
0.069950
-0.024982
-0.015786
-0.024669
0.010217
-0.026790
0.008520
0.033544
0.010706
0.072983
-0.044157
-0.038329
0.030916
0.038212
-0.064727
0.111201
0.029964
0.000248
-0.024938
0.024003
0.027898
0.009941
-0.033978
0.020671
0.053830
0.061539
0.015124
0.012750
-0.015175
0.032221
-0.030933
0.083776
0.047758
0.010846
-0.036690
-0.039866
-0.014464
0.045230
0.020989
0.028434
0.012282
0.045268
0.016118
-0.014585
-0.071643
0.022961
0.019964
0.107377
0.015059
0.043413
-0.025749
0.004887
0.003779
-0.031885
-0.015771
-0.001610
0.028721
0.043352
-0.051234
0.018784
0.030978
-0.021584
-0.033086
0.133202
0.002604
0.001012
0.034178
-0.016557
0.069926
0.004545
-0.005177
0.057684
0.112919
-0.015156
-0.002140
0.002292
-0.061924
0.025790
-0.006900
0.124882
0.063334
-0.027688
0.020595
-0.020316
0.022960
0.000095
0.067376
0.014057
0.020930
0.049710
-0.025735
0.041677
0.091764
-0.015546
0.027222
0.094310
0.026943
-0.034680
0.007498
0.045017
0.089419
-0.001250
0.013091
0.052970
0.056299
0.007496
0.030893
0.042440
0.011081
0.029634
0.032580
0.101867
0.108528
0.016514
-0.066278
0.029689
0.045135
0.013869
0.012633
0.039525
0.077609
-0.040068
-0.034963
0.031657
0.014214
0.014271
-0.017554
0.073701
0.109731
0.030296
-0.051165
0.068893
-0.014608
0.036653
-0.007900
0.092032
0.038887
0.074845
0.002764
0.017308
0.072512
0.019660
0.063972
0.105294
-0.033102
0.038461
0.040694
0.045959
-0.022572
0.069558
-0.035246
0.044085
0.049546
0.099065
-0.004791
0.090399
0.010548
0.054457
0.029536
0.122627
0.036746
0.064565
0.091442
0.073885
0.046289
0.017731
0.051585
0.076610
0.098270
0.143818
0.031065
0.087657
0.092772
0.141755
0.015918
0.173696
0.086521
0.093942
0.153700
0.165323
0.138096
0.045232
0.077251
0.216821
0.130003
0.135638
0.098351
0.204497
0.189349
0.215755
0.182123
0.123565
0.252231
0.189405
0.140147
0.134467
0.157002
0.131598
0.227713
0.188964
0.213212
0.206037
0.170505
0.169377
0.146941
0.206728
0.188461
0.211762
0.238515
0.111456
0.275788
0.165187
0.151311
0.115439
0.187429
0.254766
0.244024
0.217952
0.212734
0.266423
0.284402
0.283850
0.321971
0.236398
0.359894
0.222234
0.136222
0.349827
0.342134
0.217416
0.300806
0.391528
0.354335
0.362128
0.383966
0.264127
0.339096
0.451394
0.435394
0.379899
0.448983
0.421170
0.396469
0.430114
0.377322
0.375599
0.388362
0.465772
0.511730
0.435720
0.419353
0.394604
0.423561
0.420232
0.341303
0.420084
0.516791
0.390534
0.378600
0.326558
0.399604
0.405666
0.450249
0.428194
0.469478
0.388518
0.294986
0.365075
0.300658
0.425676
0.296595
0.373616
0.438125
0.344427
0.375088
0.343734
0.283889
0.337247
0.276877
0.399298
0.339564
0.412158
0.403491
0.360496
0.405999
0.350741
0.414383
0.358007
0.491658
0.296449
0.415854
0.341665
0.325643
0.348167
0.384131
0.389576
0.286671
0.434198
0.335584
0.290777
0.402736
0.344885
0.338001
0.368376
0.410067
0.303492
0.395893
0.365479
0.307716
0.316151
0.414691
0.449442
0.407498
0.381354
0.424553
0.438108
0.286227
0.397007
0.523981
0.387300
0.627347
0.338319
0.336264
0.507724
0.460691
0.374067
0.331405
0.233908
