0.623409
0.547672
0.451242
0.581721
0.543843
0.591650
0.441248
0.427357
0.571928
0.446491
0.466749
0.350207
0.407498
0.553107
0.584356
0.616322
0.513996
0.449428
0.485076
0.444724
0.356100
0.454835
0.411758
0.340165
0.454445
0.371918
0.347765
0.384375
0.261779
0.334607
0.260332
0.310995
0.319245
0.371513
0.280584
0.300629
0.318839
0.351974
0.271409
0.336126
0.431329
0.312513
0.203393
0.323889
0.297758
0.261383
0.308200
0.454266
0.329377
0.417270
0.295021
0.312754
0.277242
0.334113
0.246381
0.320774
0.250832
0.292530
0.353512
0.399071
0.339607
0.361481
0.303466
0.334785
0.317778
0.395862
0.322621
0.320162
0.276849
0.360030
0.278830
0.360202
0.419746
0.359811
0.304412
0.309240
0.327550
0.326246
0.326930
0.274641
0.412209
0.293874
0.268575
0.288827
0.237674
0.265828
0.348607
0.366600
0.312408
0.222229
0.397206
0.315153
0.289609
0.391940
0.325266
0.400725
0.361599
0.414820
0.364676
0.438905
0.423880
0.503982
0.482819
0.407084
0.578722
0.483299
0.376056
0.483337
0.451236
0.457617
0.447491
0.612047
0.471091
0.467297
0.504260
0.461118
0.515213
0.477376
0.395741
0.460067
0.456738
0.411501
0.508523
0.354954
0.401667
0.418224
0.471293
0.406187
0.382347
0.379907
0.398010
0.418337
0.364495
0.343627
0.337533
0.333699
0.353489
0.297755
0.323129
0.228363
0.211135
0.220801
0.296418
0.247568
0.249652
0.401061
0.250118
0.325920
0.374306
0.323324
0.317183
0.301374
0.342949
0.337384
0.225756
0.265779
0.292080
0.291746
0.301253
0.380650
0.420913
0.433965
0.349038
0.343693
0.448966
0.396709
0.379083
0.330269
0.465852
0.368262
0.356026
0.451608
0.405451
0.380787
0.443992
0.484838
0.417540
0.391783
0.429888
0.517256
0.507531
0.471757
0.435698
0.447911
0.539015
0.465454
0.428817
0.420802
0.419890
0.482059
0.513561
0.484747
0.480941
0.403392
0.517173
0.485993
0.501954
0.462289
0.457324
0.427423
0.457416
0.415827
0.494111
0.441518
0.470382
0.473655
0.553260
0.542925
0.517588
0.510740
0.479728
0.502027
0.382522
0.500653
0.446808
0.454682
0.491528
0.474138
0.571436
0.462288
0.484612
0.413353
0.410240
0.500675
0.371255
0.357988
0.426065
0.407143
0.344290
0.463576
0.442871
0.369001
0.443365
0.369272
0.273342
0.330290
0.300942
0.295108
0.312408
0.372301
0.324812
0.435705
0.333375
0.341093
0.424646
0.327194
0.415083
0.294577
0.348358
0.386351
0.382089
0.272977
0.312592
0.294855
0.312725
0.384576
0.422410
0.390312
0.452115
0.389266
0.400344
0.438713
0.436696
0.418363
0.484068
0.453690
0.416235
0.356070
0.416084
0.364950
0.437635
0.408038
0.491999
0.461942
0.467801
0.480865
0.509327
0.558664
0.535889
0.500236
0.621590
0.545759
0.454138
0.499941
0.522021
0.549028
0.462557
0.565218
0.599032
0.515307
0.437998
0.535164
0.566549
0.501734
0.607998
0.625858
0.581881
0.658554
0.598417
0.553751
0.460732
0.538397
0.599289
0.610058
0.589303
0.655448
0.646792
0.653333
0.655736
0.650087
0.583608
0.678123
0.658879
0.635197
0.513553
0.627707
0.614453
0.678419
0.675681
0.695430
0.725698
0.673209
0.704673
0.724321
0.756598
0.726928
0.660688
0.647641
0.813038
0.771680
0.692296
0.734580
0.780872
0.757757
0.756684
0.819450
0.762365
0.767742
0.777019
0.762596
0.733020
0.764251
0.736413
0.743519
0.830186
0.774290
0.685859
0.771039
0.765258
0.738898
0.718920
0.665904
0.676187
0.598988
0.660316
0.630667
0.656909
0.634189
0.645296
0.674556
0.697575
0.664931
0.616271
0.673331
0.572068
0.598845
0.591543
0.639965
0.623290
0.596688
0.589162
0.474733
0.623056
0.609310
0.578042
0.647747
0.646194
0.524826
0.625142
0.569510
0.506922
0.595939
0.614047
0.597081
0.582990
0.615049
0.560719
0.657126
0.586858
0.582387
0.542430
0.621925
0.760015
0.595402
0.552662
0.680778
0.635921
0.585548
0.608329
0.708498
0.625987
0.704912
0.707236
0.680473
0.708677
0.728844
0.681479
0.673175
0.705780
0.616572
0.569151
0.659794
0.607193
0.672077
0.611184
0.715400
0.650615
0.709932
0.739677
0.687479
0.716479
0.680228
0.680475
0.703591
0.701427
0.620780
0.577649
0.659928
0.602813
0.650436
0.632298
0.710682
0.656999
0.650583
0.639269
0.648218
0.608404
0.670190
0.599101
0.550469
0.678261
0.595371
0.524567
0.593929
0.581826
0.566957
0.561376
0.627951
0.586749
0.636199
0.612819
0.587418
0.626166
0.572258
0.597102
0.583205
0.619932
0.555504
0.557161
0.489645
0.546467
0.570421
0.582465
0.583591
0.500864
0.542650
0.568036
0.618342
0.570761
0.559753
0.560314
0.567068
0.618589
0.609327
0.625424
0.553145
0.586818
0.487252
0.531094
0.625375
0.504250
0.610978
0.652430
0.627788
0.678382
0.663832
0.695327
0.620532
0.671830
0.605842
0.606804
0.659286
0.665376
0.652202
0.677648
0.711284
0.642321
0.629621
0.636527
0.656313
0.628350
0.646266
0.657697
0.626419
0.711357
0.621926
0.547973
0.637469
0.587553
0.600539
0.639449
0.644344
0.629627
0.622070
0.599233
0.625416
0.538660
0.581372
0.651739
0.538820
0.639944
0.567273
0.528888
0.599058
0.633253
0.604600
0.584602
0.614502
0.550035
0.566906
0.535585
0.530847
0.543389
0.525038
0.518789
0.448284
0.575416
0.486961
0.470851
0.502581
0.503903
0.472905
0.492201
0.511020
0.489914
0.448655
0.457722
0.353157
0.458440
0.375926
0.333301
0.416471
0.519184
0.414545
0.411221
0.312893
0.324483
0.336143
0.362547
0.343614
0.245110
0.386426
0.336924
0.403574
0.383654
0.369679
0.305563
0.361117
0.406127
0.363098
0.369248
0.281076
0.291926
0.441342
0.405287
0.499528
0.446946
0.392067
0.431546
0.404504
0.316920
0.419378
0.359378
0.301573
0.367066
0.328728
0.317617
0.357219
0.332248
0.366931
0.344057
0.432336
0.370343
0.376701
0.355268
0.275937
0.389333
0.288611
0.294968
0.352288
0.248742
0.217693
0.204691
0.301596
0.338062
0.335025
0.297652
0.231285
0.364552
0.217542
0.139910
0.252947
0.201595
0.353642
0.178353
0.321609
0.363039
0.196222
0.202064
0.224516
0.252767
0.177162
0.280381
0.271413
0.238985
0.275599
0.278521
0.276901
0.299928
0.330786
0.251944
0.340029
0.313398
0.308699
0.230070
0.275894
0.273499
0.248405
0.223666
0.342046
0.259351
0.360609
0.298003
0.236283
0.237413
0.436918
0.260119
0.283558
0.351158
0.338684
0.268338
0.213591
0.191823
0.156522
0.219716
0.341711
0.278981
0.284344
0.253647
0.120350
0.189315
0.292090
0.143580
0.257362
0.248481
0.172545
0.093612
0.190484
0.240144
0.172925
0.198412
0.147373
0.196973
0.204999
0.132890
0.244957
0.229607
0.112738
0.055166
0.179814
0.174472
0.201723
0.250218
0.180017
0.234680
0.196872
0.164036
0.192753
0.244101
0.147250
0.106793
0.169243
0.191221
0.145902
0.128691
0.196176
0.226325
0.160670
0.181839
0.180568
0.254799
0.176897
0.150365
0.220342
0.184448
0.219901
0.188061
0.201805
0.283886
0.168610
0.148537
0.273875
0.288640
0.177594
0.157750
0.268157
0.180057
0.139152
0.289507
0.203276
0.165581
0.258798
0.265582
0.336455
0.237025
0.298969
0.288775
0.266685
0.310044
0.275546
0.217630
0.279478
0.299474
0.262556
0.212100
0.370613
0.367420
0.267628
0.352628
0.311625
0.333111
0.303265
0.262075
0.285328
0.369991
0.317109
0.321440
0.339219
0.372972
0.252912
0.378058
0.336878
0.336485
0.378532
0.307260
0.262532
0.336685
0.385706
0.340059
0.374546
0.392929
0.349437
0.319247
0.320728
0.317155
0.326047
0.297565
0.290265
0.377195
0.354336
0.316840
0.338061
0.345952
0.410586
0.371268
0.387180
0.364654
0.373536
0.353951
0.353328
0.400315
0.417526
0.410792
0.508208
0.615777
0.368073
0.406152
0.476865
0.414944
0.509062
0.380866
0.391647
0.464206
0.428408
0.411777
0.435247
0.405660
0.349807
0.408309
0.425691
0.292668
0.400056
0.351060
0.462784
0.446109
0.458023
0.353125
0.391211
0.413660
0.274157
0.352442
0.352059
0.318102
0.289833
0.370698
0.462634
0.398895
0.465828
0.430716
0.389317
0.332182
0.502222
0.434232
0.452386
0.450474
0.365317
0.431258
0.495109
0.434744
0.440676
0.501272
0.540664
0.423260
0.504547
0.462246
0.487007
0.412203
0.437530
0.406365
0.462953
0.416687
0.346835
0.425810
0.412996
0.382692
0.446113
0.430373
0.395069
0.409079
0.449836
0.446766
0.505714
0.528654
0.463929
0.483911
0.397652
0.475733
0.487354
0.402893
0.470377
0.480432
0.486485
0.497970
0.595816
0.511691
0.450577
0.477054
0.453309
0.374411
0.442067
0.394992
0.463420
0.454796
0.362064
0.421290
0.431507
0.393703
0.344584
0.434108
0.483631
0.373827
0.399517
0.450461
0.356994
0.414662
0.354035
0.391768
0.330079
0.340082
0.377301
0.390679
0.335211
0.315737
0.279411
0.296591
0.263876
0.233595
0.375428
0.246880
0.328401
0.368880
0.353360
0.376801
0.354758
0.380335
0.329632
0.293853
0.270524
0.320969
0.299554
0.281844
0.414038
0.409626
0.382916
0.405140
0.326490
0.428109
0.360841
0.333749
0.383864
0.344889
0.316123
0.370770
0.387034
0.222930
0.318469
0.339508
0.409370
0.310615
0.376104
0.299342
0.423373
0.343994
0.380114
0.372321
0.429239
0.408627
0.371681
0.349202
0.297906
0.253316
0.286431
0.410535
0.448541
0.400727
0.433050
0.412674
0.390221
0.389073
0.364437
0.373410
0.409902
0.390348
0.329202
0.408077
0.297969
0.408938
0.279835
0.378311
0.381359
0.379900
0.370827
0.329372
0.367702
0.357836
0.417730
0.285312
0.383206
0.464866
0.355203
0.340629
0.287557
0.235043
0.322785
0.375596
0.363913
0.288126
0.321407
0.249509
0.282971
0.234890
0.343566
0.223733
0.265002
0.258726
0.245095
0.255729
0.206508
0.210185
0.171054
0.213380
0.280493
0.261736
0.342604
0.249159
0.238188
0.393836
0.297729
0.221984
0.186869
0.248725
0.248011
0.210641
0.185753
0.157542
0.213594
0.209465
0.286241
0.316027
0.218133
0.187721
0.211146
0.196477
0.220253
0.312072
0.267834
0.359431
0.184022
0.173233
0.335016
0.278801
0.348544
0.359409
0.276736
