0.568073
0.456836
0.447130
0.523146
0.454197
0.465642
0.424725
0.392740
0.568713
0.451894
0.457774
0.457125
0.476321
0.444734
0.530834
0.573659
0.518222
0.586472
0.578862
0.520208
0.557267
0.472333
0.569603
0.537132
0.637639
0.554970
0.431279
0.597323
0.600290
0.543991
0.554145
0.597251
0.506986
0.556215
0.564129
0.493261
0.554249
0.546497
0.399625
0.482083
0.648217
0.599565
0.615838
0.563673
0.526280
0.512402
0.486821
0.500515
0.491836
0.426457
0.419450
0.450265
0.436795
0.492661
0.382608
0.435522
0.516805
0.493216
0.450445
0.383804
0.442875
0.375716
0.305132
0.356593
0.362485
0.407487
0.410074
0.412914
0.438763
0.424793
0.388108
0.447623
0.515643
0.451296
0.454021
0.472024
0.413573
0.554132
0.530151
0.541753
0.533799
0.481584
0.493574
0.539574
0.463210
0.470694
0.476766
0.466983
0.471309
0.402760
0.412566
0.470178
0.429005
0.391382
0.379615
0.400183
0.389663
0.453936
0.428038
0.456064
0.590402
0.509901
0.465841
0.504761
0.567818
0.430028
0.497603
0.432766
0.430676
0.433856
0.524544
0.520772
0.602402
0.525938
0.452856
0.551719
0.572657
0.583383
0.632044
0.539055
0.598610
0.576420
0.542482
0.546021
0.552154
0.599889
0.614160
0.625566
0.633303
0.597122
0.653003
0.608795
0.600692
0.664082
0.606376
0.593912
0.577453
0.628162
0.602472
0.595021
0.495001
0.557730
0.582464
0.627531
0.549270
0.638935
0.622614
0.596894
0.619174
0.609965
0.487809
0.610781
0.616153
0.513617
0.599558
0.571688
0.533673
0.509831
0.576445
0.599214
0.526870
0.574838
0.622672
0.581102
0.640151
0.619941
0.517035
0.495500
0.634175
0.553142
0.513488
0.526831
0.544465
0.560652
0.529101
0.651042
0.585826
0.524904
0.584089
0.623408
0.610222
0.566103
0.559629
0.553574
0.686460
0.615080
0.506822
0.536404
0.571634
0.583605
0.586602
0.633366
0.564967
0.629642
0.590486
0.608069
0.594386
0.562652
0.553276
0.608461
0.652382
0.582308
0.630345
0.531546
0.556474
0.601800
0.609534
0.627126
0.609424
0.665474
0.631872
0.608241
0.610322
0.644822
0.612956
0.621342
0.721973
0.613644
0.638296
0.669062
0.685742
0.689577
0.720955
0.719520
0.705791
0.723617
0.674240
0.723866
0.705139
0.657076
0.621470
0.703161
0.697530
0.731548
0.707452
0.689668
0.695046
0.709715
0.691701
0.626014
0.717342
0.503765
0.575706
0.605362
0.524525
0.639229
0.553413
0.588448
0.657710
0.586803
0.624469
0.588134
0.554234
0.556402
0.582695
0.570741
0.515090
0.489486
0.538566
0.484432
0.439142
0.448328
0.435938
0.449836
0.391629
0.448505
0.380130
0.417563
0.412337
0.424085
0.449076
0.403301
0.387005
0.418698
0.404163
0.376005
0.277852
0.406805
0.337312
0.287087
0.419542
0.287513
0.305197
0.370006
0.323891
0.263523
0.399806
0.395620
0.241089
0.320160
0.287780
0.267094
0.250473
0.357923
0.294487
0.311903
0.289629
0.285152
0.252434
0.199233
0.252419
0.233629
0.218565
0.271743
0.254997
0.292756
0.169842
0.246373
0.247365
0.260687
0.165706
0.241723
0.330647
0.231355
0.192677
0.369957
0.267060
0.211458
0.182288
0.294836
0.176636
0.249327
0.256328
0.240651
0.262239
0.232879
0.307791
0.214008
0.211036
0.230746
0.272133
0.164209
0.157573
0.187606
0.097821
0.188365
0.179669
0.210714
0.209090
0.106899
0.160877
0.215847
0.191054
0.206423
0.183411
0.128612
0.197385
0.133136
0.152019
0.072783
0.214476
0.160060
0.109512
0.108164
0.077812
0.077512
0.148034
0.203089
0.092953
0.111542
0.225071
0.067332
0.170103
0.035756
0.027461
0.037879
0.120540
0.143206
0.112469
0.041157
-0.003123
0.094503
0.062096
0.109132
-0.014668
0.123589
0.075324
0.096222
0.037110
0.067830
0.106024
0.022825
0.097849
0.117750
0.066733
0.122025
0.053929
0.078649
0.054326
0.161377
0.055631
0.179025
0.124949
0.046264
-0.014455
0.080453
0.173840
-0.055734
0.060628
0.113598
0.148431
0.227961
0.099966
0.107915
0.211331
0.153880
0.094102
0.191386
0.197139
0.134845
0.058113
0.092625
0.085602
0.177320
0.104564
0.134900
0.321947
0.147612
0.074443
0.089343
0.185046
0.193841
0.190777
0.235949
0.157892
0.172273
0.111991
0.148512
0.161358
0.113429
0.171805
0.176803
0.145489
0.199344
0.162616
0.187453
0.115534
0.198385
0.237668
0.117398
0.172218
0.171580
0.151648
0.207363
0.101812
0.124600
0.097241
0.217742
0.221215
0.187573
0.215892
0.183647
0.206380
0.245753
0.202734
0.246954
0.304763
0.202465
0.255428
0.183823
0.144100
0.259822
0.283654
0.333098
0.251944
0.241667
0.261643
0.214417
0.240020
0.292093
0.197998
0.246888
0.207896
0.194027
0.185752
0.205250
0.271022
0.231480
0.214897
0.195047
0.242231
0.165148
0.183803
0.139777
0.127931
0.201762
0.227245
0.207675
0.215764
0.151991
0.180274
0.123320
0.194641
0.108063
0.138987
0.232793
0.085637
0.245891
0.150284
0.171585
0.232284
0.202678
0.229159
0.194548
0.162129
0.123070
0.219762
0.126223
0.113059
0.138005
0.167989
0.254000
0.252251
0.255834
0.158682
0.172514
0.225460
0.276064
0.226930
0.232344
0.257188
0.254746
0.286688
0.247730
0.191277
0.216166
0.305061
0.306354
0.201626
0.277866
0.311301
0.320507
0.299295
0.220237
0.292197
0.312117
0.322046
0.289400
0.321832
0.283808
0.293132
0.298977
0.340897
0.275411
0.387783
0.433711
0.217756
0.341285
0.315417
0.330729
0.232704
0.282466
0.458702
0.299374
0.268919
0.317026
0.339961
0.346123
0.404758
0.457379
0.451502
0.439983
0.390710
0.364714
0.274623
0.429066
0.466223
0.460767
0.435121
0.461954
0.467274
0.443413
0.390819
0.436808
0.403461
0.466477
0.415805
0.483307
0.432783
0.466884
0.482876
0.476010
0.484344
0.404308
0.451614
0.589140
0.468139
0.458468
0.402758
0.425273
0.495884
0.502337
0.507399
0.526454
0.524469
0.553453
0.504640
0.522012
0.564474
0.539190
0.611500
0.544318
0.495459
0.527149
0.524249
0.571689
0.543449
0.650355
0.482174
0.575751
0.576407
0.653375
0.633230
0.669387
0.576471
0.620706
0.638845
0.587761
0.603394
0.598217
0.600497
0.660097
0.669267
0.745572
0.634681
0.656386
0.682780
0.687153
0.700673
0.688458
0.485947
0.610612
0.726411
0.603968
0.645687
0.587976
0.630977
0.632624
0.664188
0.686652
0.568548
0.649520
0.586711
0.635908
0.536820
0.510221
0.631051
0.579071
0.562046
0.495738
0.575450
0.559601
0.542076
0.621947
0.528838
0.537638
0.471759
0.541482
0.475209
0.436366
0.466429
0.461987
0.415606
0.451773
0.480585
0.350567
0.376722
0.385167
0.447583
0.413560
0.418052
0.431026
0.377362
0.387813
0.440863
0.468169
0.419320
0.436550
0.454279
0.339454
0.413434
0.350948
0.429928
0.395267
0.361252
0.383425
0.422541
0.404292
0.478712
0.414813
0.434305
0.397754
0.455537
0.418651
0.403096
0.432399
0.521348
0.372217
0.267259
0.437014
0.389376
0.369916
0.442154
0.514712
0.318135
0.530266
0.366293
0.476202
0.264270
0.366122
0.356388
0.297141
0.413166
0.300804
0.388706
0.371604
0.315917
0.301480
0.334278
0.383360
0.363436
0.244901
0.207663
0.123665
0.203289
0.284086
0.180392
0.276343
0.210080
0.241957
0.227023
0.224035
0.202084
0.217439
0.203538
0.217299
0.198501
0.240283
0.147303
0.216606
0.202126
0.288846
0.189351
0.198236
0.237726
0.238211
0.341648
0.189352
0.155548
0.263320
0.306525
0.308646
0.298701
0.279900
0.169904
0.253427
0.308705
0.246291
0.188996
0.273721
0.287992
0.262580
0.302444
0.283412
0.224470
0.301290
0.272642
0.333621
0.258989
0.276002
0.246185
0.306378
0.211373
0.230311
0.252306
0.273391
0.306053
0.225058
0.243926
0.218228
0.209638
0.149774
0.243173
0.220594
0.202452
0.303643
0.239389
0.206302
0.192264
0.250125
0.264535
0.237834
0.229473
0.227759
0.277935
0.264321
0.186723
0.289306
0.295599
0.462806
0.329039
0.326011
0.390255
0.386268
0.404232
0.337650
0.259291
0.463360
0.506205
0.481205
0.453992
0.432443
0.462343
0.509646
0.448555
0.525737
0.533129
0.542851
0.509267
0.518499
0.491471
0.508307
0.534125
0.525837
0.647550
0.534840
0.509036
0.508073
0.527480
0.604577
0.632319
0.683165
0.623544
0.565438
0.589176
0.635112
0.606261
0.575619
0.593620
0.609723
0.647696
0.603719
0.536702
0.578026
0.636006
0.658141
0.604662
0.633510
0.555120
0.584478
0.609843
0.668221
0.682012
0.634959
0.617518
0.574797
0.718326
0.610221
0.511248
0.652867
0.651136
0.639609
0.659324
0.726441
0.674011
0.625214
0.616148
0.646747
0.644181
0.679353
0.530725
0.678227
0.724878
0.624653
0.677458
0.680820
0.688777
0.660746
0.671212
0.744068
0.636822
0.649318
0.722705
0.644273
0.667864
0.677218
0.593728
0.684708
0.718382
0.615495
0.576334
0.725237
0.676780
0.663304
0.619503
0.674691
0.663976
0.668681
0.660245
0.694955
0.601512
0.669589
0.676942
0.704409
0.738334
0.620152
0.609428
0.715542
0.674458
0.727274
0.674811
0.754523
0.681206
0.727225
0.762011
0.745551
0.733242
0.705230
0.672773
0.635000
0.699407
0.613598
0.715280
0.617640
0.622233
0.660734
0.603570
0.643391
0.643894
0.620385
0.612028
0.546300
0.634256
0.527532
0.596382
0.638408
0.614766
0.584484
0.648112
0.575385
0.622998
0.633099
0.571403
0.602135
0.579729
0.631144
0.523305
0.559028
0.564706
0.578901
0.474373
0.564621
0.556387
0.428749
0.543252
0.495815
0.519297
0.503329
0.524428
0.466474
0.489302
0.405038
0.340278
0.362841
0.437580
0.420625
0.306567
0.398617
0.450127
0.340016
0.332422
0.293710
0.327613
0.333810
0.450140
0.367924
0.384049
0.342219
0.254846
0.339086
0.255479
0.343256
0.187727
0.243693
0.301934
0.227639
0.149182
0.134087
0.231889
0.139425
0.160773
0.165615
0.167748
0.311807
0.207915
0.197032
0.231516
0.246025
0.282379
0.245403
0.205050
0.161375
0.178775
0.247149
0.317639
0.198350
0.165881
0.248022
0.288302
0.225494
0.315370
0.230367
0.190712
0.363220
0.357770
0.244652
0.525052
0.226319
0.252910
0.362331
0.369307
0.331871
0.305808
0.265134
