0.543573
0.351232
0.124493
0.308978
0.289507
0.226535
0.081784
0.071931
0.346963
0.151256
0.150145
0.185567
0.190353
0.179632
0.256043
0.288648
0.112233
0.178348
0.090416
0.127005
0.070394
0.120430
0.070452
0.143428
0.094042
0.114979
0.022007
0.061257
0.119788
0.074097
0.074149
0.091768
0.071804
0.072106
0.017290
0.047932
0.025084
0.049936
0.049017
0.117486
0.099803
-0.015467
-0.020273
0.030268
0.048385
0.063103
0.041940
0.082754
0.081142
0.051780
0.004643
0.086585
0.001991
0.015167
0.013460
0.154880
0.020393
-0.017728
0.006112
0.047483
0.039613
0.070565
0.011116
0.033546
0.038891
0.089826
0.026491
0.054807
0.058348
0.003621
-0.001918
0.068352
0.131785
0.034616
-0.017173
0.055935
0.071014
0.046978
0.038728
0.093258
0.122861
0.053712
0.041490
0.073989
-0.047982
0.135836
0.070589
0.119523
0.119732
0.114740
0.054944
0.143474
0.083708
0.071208
0.061320
0.135883
0.107310
0.177818
0.092837
0.115925
0.114819
0.229057
0.097073
0.155660
0.246171
0.184854
0.096323
0.110352
0.152785
0.092311
0.117395
0.119004
0.185564
0.150012
0.063162
0.099208
0.206817
0.189839
0.151143
0.171156
0.099629
0.178669
0.207151
0.129356
0.188599
0.088253
0.221205
0.194609
0.228068
0.228315
0.234432
0.198364
0.216557
0.187338
0.169070
0.252233
0.228351
0.138734
0.150026
0.266839
0.194302
0.196635
0.173692
0.244694
0.281182
0.221942
0.232616
0.105065
0.203403
0.264729
0.218640
0.295785
0.228293
0.282957
0.178796
0.162590
0.116399
0.142349
0.206552
0.190202
0.195738
0.182894
0.108230
0.107181
0.102878
0.176189
0.140314
0.139078
0.138271
0.085838
0.114193
0.069865
0.081074
0.089142
0.071762
0.093719
0.051966
0.136991
0.060657
0.073456
0.080610
0.099416
-0.030561
0.147944
0.188528
0.047129
0.060349
0.045007
0.028885
0.124567
0.102736
0.120778
0.123161
0.144226
0.049255
0.099157
0.100078
0.086350
0.020886
0.121302
0.139492
-0.030087
0.046273
0.085117
0.119917
0.055277
0.049190
0.116559
0.094386
0.168385
0.132778
0.058330
0.078525
0.116383
0.089748
0.110175
0.096483
0.085374
0.100330
0.104704
0.078218
0.052801
0.044107
0.098199
0.142085
0.098649
0.018075
0.104589
0.081159
0.126444
0.001331
0.114811
0.185174
0.017356
0.104069
0.113000
0.124102
0.031692
0.071786
0.103248
0.136345
0.139582
0.067902
0.048845
0.062056
0.140707
0.096928
0.121981
0.156016
0.048182
0.132795
0.070205
0.101970
0.059144
0.085477
0.103679
0.044806
0.068149
0.058795
0.081014
0.036795
0.042479
0.069946
0.142663
-0.003554
0.012828
0.045715
0.013181
-0.042511
0.060106
0.069258
0.073909
0.042414
0.138226
0.000936
-0.002547
0.061764
0.039054
0.006259
0.077019
0.080719
-0.006258
0.044001
-0.019427
0.160270
0.023818
-0.014413
0.090586
0.011255
0.087055
0.032470
0.000488
0.106325
0.117841
0.066814
0.172295
0.061508
0.054945
0.101595
0.001465
0.054460
0.039535
0.111319
0.103096
0.084348
0.107953
0.022196
0.092753
0.104668
0.043395
0.156596
0.108559
0.058276
0.051516
0.029194
0.033157
0.099347
0.056396
0.078203
0.084820
0.100147
0.090499
0.003941
0.068985
0.087243
0.139461
0.080250
0.077360
0.124372
0.019389
0.031363
0.106176
0.091265
-0.008910
0.015672
0.101120
0.091521
0.101047
0.018883
0.043843
0.082080
0.073443
0.102768
0.114869
0.077411
0.054383
0.023708
0.128492
0.077652
-0.008331
0.068047
0.116760
0.048645
0.164622
0.111569
0.029077
0.061972
0.058210
0.089677
0.170553
0.067410
0.046031
0.110834
0.148531
0.031658
0.105506
0.048889
0.123320
0.135566
0.113968
0.013510
0.080006
0.048736
0.057178
0.054786
0.182058
0.091987
0.007237
0.031458
0.073015
0.065517
0.053958
0.131558
0.079655
0.080688
0.090455
0.000797
0.068115
0.021287
0.051081
0.072006
0.101353
0.111950
0.056829
-0.026718
0.024328
0.054159
0.074481
0.047705
0.063246
0.050414
0.076544
0.094600
0.010807
0.006742
0.082443
0.088326
0.084913
0.076482
0.022242
0.019085
0.004698
0.043122
0.090836
0.024373
0.053454
0.074513
0.060075
0.041142
0.036338
0.044850
0.045672
0.028103
0.180083
0.031716
0.012952
0.142451
0.014503
-0.004550
0.051606
0.052224
0.094975
0.095869
0.066397
0.024723
0.053511
0.017098
0.045792
0.044401
0.087504
0.126925
0.035083
0.044170
0.024625
0.077433
0.030354
0.088879
0.095746
0.028612
0.120783
0.050619
0.041909
0.060955
0.069581
0.056503
0.137047
0.120442
0.010663
0.057472
0.034650
0.055810
0.030900
0.106210
0.131132
0.115341
0.045253
-0.047192
0.057037
0.048259
0.032690
0.085758
0.104764
0.080872
0.075624
-0.042594
0.021366
0.045807
-0.013954
0.040680
0.100376
-0.020756
0.084484
-0.001101
-0.013153
0.041413
0.051821
0.060627
0.151393
0.030911
0.006531
-0.032540
-0.002274
-0.009869
0.035232
0.010178
0.045560
0.061822
0.042814
-0.074308
0.022535
-0.007497
0.019135
-0.002687
0.135222
0.006591
0.082001
-0.023682
0.018625
0.037198
0.003734
0.054285
0.101707
0.046265
0.121007
0.025539
0.057253
0.032888
0.027772
0.057461
0.111878
0.016132
0.000619
0.056338
0.005348
0.007257
0.104415
0.049543
0.040047
0.035744
0.092958
0.047827
0.044911
0.109346
0.063544
0.116647
0.085777
0.084813
0.021779
0.137439
0.054597
0.063875
0.123468
0.163773
0.117561
0.274886
0.157164
0.059228
0.064790
0.084372
0.173487
0.099068
0.161163
0.177266
0.137767
0.092455
0.159405
0.190143
0.111403
0.126750
0.151817
0.154108
0.156257
0.089450
0.158645
0.063297
0.190744
0.077125
0.099789
0.154708
0.158879
0.058935
0.074778
0.070990
0.066391
0.058289
0.089578
0.047078
0.105223
0.010335
0.021644
0.077303
0.045797
0.047883
0.168296
0.059785
0.027032
-0.015330
0.080102
0.026552
0.059275
-0.004736
0.087972
0.051139
0.081922
0.089003
0.012074
0.014130
0.050279
0.060636
0.124277
0.085137
0.049035
0.034422
0.033651
0.046954
0.041153
0.114681
0.079679
0.152454
0.186561
0.047785
0.119805
0.124971
0.162662
0.197301
0.125465
0.113223
0.059750
0.128765
0.131138
0.122630
0.128328
0.174892
0.134316
0.198877
0.135033
0.086065
0.179259
0.159275
0.170413
0.156701
0.218847
0.242867
0.253677
0.186074
0.176729
0.167471
0.169469
0.110692
0.170297
0.284475
0.204880
0.252298
0.232109
0.214488
0.239004
0.024481
0.159783
0.223286
0.157322
0.171199
0.141439
0.144909
0.143034
0.111397
0.226745
0.145377
0.197532
0.086796
0.103315
0.106782
0.176009
0.064875
0.161212
0.201689
0.140410
0.096094
0.149061
0.134511
0.037087
0.131297
0.148529
0.103474
0.122293
0.099090
0.157928
0.127076
0.255567
0.142199
0.150744
0.200206
0.110942
0.138404
0.195007
0.183309
0.168669
0.071467
0.208622
0.209368
0.271544
0.183349
0.261613
0.167848
0.213666
0.228321
0.224632
0.197894
0.139328
0.196093
0.190819
0.163596
0.200625
0.165929
0.248061
0.188480
0.212505
0.207781
0.227402
0.210247
0.171299
0.191003
0.279094
0.202460
0.138971
0.161233
0.270931
0.236925
0.143479
0.191226
0.198917
0.097510
0.226567
0.252409
0.184980
0.132036
0.198390
0.122885
0.226126
0.164367
0.149036
0.191453
0.170414
0.181770
0.158334
0.176275
0.229996
0.097919
0.128960
0.114557
0.215039
0.137867
0.166352
0.174636
0.172514
0.123981
0.151078
0.101916
0.087721
0.039548
0.123698
0.106398
0.157563
0.071847
0.094951
0.056000
0.113786
0.051395
0.128298
0.062806
0.112463
0.137690
0.096782
0.130508
0.171360
0.037419
0.032092
0.061810
0.119198
0.167241
0.151840
0.108261
0.123585
0.133579
0.131217
0.097722
0.194468
0.055096
0.106345
0.107409
0.107557
0.151173
0.088169
0.142173
0.200897
0.191156
0.126280
0.059378
0.117486
0.124356
0.156931
0.169278
0.191606
0.126594
0.158576
0.156555
0.129916
0.200076
0.088314
0.062787
0.156789
0.164702
0.108722
0.036707
0.078775
0.113220
0.131432
0.070069
0.127871
0.180841
0.181991
0.051542
0.119495
0.016860
0.063076
0.081135
0.103549
0.017823
0.128957
0.039960
0.078634
0.103727
-0.026304
0.032666
0.162867
0.032165
0.028882
0.062133
0.051510
0.032818
0.036495
0.081338
0.047015
0.074104
0.137084
0.030260
0.062611
0.026403
0.059388
0.051292
0.104944
0.052550
0.110612
0.054420
0.052530
0.023582
0.046963
0.034198
0.166278
0.050165
0.137383
0.028133
0.097372
0.094822
0.076098
0.102917
0.070554
0.055061
0.106779
0.151430
0.047419
0.043781
0.017455
0.128065
0.097822
0.174422
0.199523
0.101067
0.020284
0.115447
0.224533
0.129088
0.161816
0.217443
0.127762
0.038048
0.088157
0.146163
0.191687
0.112005
0.138817
0.185378
0.094296
0.094464
0.070559
0.133349
0.156677
0.124813
0.118235
0.120282
0.063300
0.087089
0.066046
0.089628
0.042403
0.078996
0.144520
0.080836
0.132327
0.111240
0.059324
0.044399
0.195655
0.122125
0.098378
0.105936
0.064967
0.120888
0.027569
0.020801
0.022706
0.014103
0.025214
0.160476
0.089408
0.032589
0.116347
0.091732
0.091833
0.136509
0.055941
0.109443
0.058399
0.047163
0.049981
0.078947
0.053717
0.105554
0.122014
0.228726
0.137201
0.059045
0.123175
0.067170
0.131417
0.066616
0.123523
0.130884
0.128590
0.140582
0.164642
0.102718
0.041441
0.097515
0.169212
0.092004
0.167682
0.163768
0.137855
0.110001
0.218773
0.191252
0.131263
0.220048
0.091814
0.102831
0.190076
0.139138
0.141304
0.176282
0.219738
0.185493
0.273243
0.230411
0.258027
0.250456
0.306720
0.249098
0.166168
0.386718
0.250553
0.254511
0.294630
0.270699
0.223118
0.253869
0.322520
0.273110
0.336166
0.395976
0.366785
0.392657
0.344371
0.416160
0.379273
0.332390
0.341411
0.330730
0.382383
0.402911
0.354826
0.406770
0.531334
0.417048
0.403972
0.396767
0.427013
0.330802
0.455360
0.411313
0.317064
0.433887
0.371379
0.395551
0.336860
0.203744
0.235074
0.391876
0.394954
0.214456
0.248534
0.213966
0.304967
0.199763
0.273723
0.317547
0.215392
0.380948
0.239275
0.210712
0.363399
0.230433
0.294025
0.309019
0.232094
