0.558675
0.420033
0.233486
0.415583
0.267060
0.301955
0.258944
0.207909
0.314003
0.252808
0.354327
0.305366
0.343261
0.298060
0.329650
0.380324
0.349152
0.287145
0.269772
0.304959
0.325190
0.352628
0.280660
0.240027
0.417436
0.337568
0.347354
0.282322
0.278951
0.364774
0.350808
0.371821
0.335193
0.355024
0.313293
0.307455
0.282360
0.302648
0.359253
0.340908
0.273391
0.264188
0.285715
0.283449
0.423083
0.304057
0.332290
0.421719
0.308267
0.346266
0.341530
0.283518
0.225507
0.333912
0.194097
0.296467
0.294276
0.282770
0.244548
0.314015
0.277259
0.248479
0.195446
0.279997
0.198817
0.285990
0.206995
0.265723
0.287353
0.248002
0.165723
0.283710
0.243236
0.188841
0.162696
0.205980
0.282144
0.190121
0.152442
0.241168
0.248905
0.166198
0.148318
0.153472
0.125421
0.193259
0.147387
0.168415
0.219336
0.180134
0.106922
0.207148
0.245457
0.119277
0.173825
0.221712
0.101781
0.232069
0.145035
0.107196
0.117295
0.205668
0.079232
0.204628
0.263030
0.235618
0.151971
0.166676
0.143559
0.180884
0.142208
0.180044
0.254218
0.196395
0.088554
0.125800
0.153127
0.241014
0.181859
0.190021
0.207113
0.115822
0.173753
0.038027
0.146101
0.071755
0.136780
0.162775
0.155236
0.133223
0.080674
0.146250
0.135711
0.145553
0.036856
0.077722
0.150408
0.138507
0.181523
0.118572
0.017142
0.044533
0.057530
0.218292
0.151145
0.102763
0.071871
0.147479
0.100980
0.110891
0.087172
0.103743
0.107342
0.116971
0.041316
0.058901
0.059633
0.022328
0.087952
0.102449
0.030596
0.128463
0.028258
0.097534
0.153848
0.081906
0.069986
0.037571
0.139304
0.103821
0.047876
0.064571
0.078446
-0.020547
0.113936
0.106776
0.077611
0.103899
-0.002425
0.127836
0.082487
0.120071
0.172745
0.143009
0.119095
0.149025
0.113981
0.125984
0.099173
0.109313
0.086104
0.224994
0.150440
0.291136
0.169264
0.242499
0.135646
0.222571
0.073730
0.173672
0.268406
0.153215
0.211891
0.155853
0.156223
0.171016
0.117923
0.152848
0.147173
0.172638
0.152117
0.205134
0.225951
0.234512
0.213138
0.165779
0.282679
0.232338
0.210902
0.190860
0.272894
0.235970
0.194432
0.350815
0.356560
0.384386
0.351515
0.353715
0.261283
0.371882
0.351539
0.356507
0.375466
0.295509
0.248798
0.336977
0.274286
0.272928
0.300926
0.332034
0.271945
0.337620
0.288778
0.343261
0.315775
0.267067
0.339631
0.297386
0.398270
0.320005
0.286052
0.331155
0.334543
0.319426
0.301747
0.376928
0.400387
0.402099
0.430790
0.445577
0.498830
0.461616
0.508692
0.458294
0.462185
0.456145
0.389795
0.427006
0.473745
0.447372
0.531694
0.605881
0.555519
0.630946
0.622699
0.614691
0.585187
0.565839
0.578025
0.589067
0.655069
0.581406
0.485389
0.532327
0.606579
0.633322
0.615342
0.624615
0.526506
0.633021
0.599543
0.655389
0.684083
0.606611
0.713428
0.633586
0.617094
0.600227
0.655043
0.607880
0.624425
0.707483
0.691986
0.704767
0.666795
0.718208
0.716056
0.708041
0.781127
0.741734
0.649486
0.713058
0.740040
0.694716
0.707341
0.632385
0.648472
0.718670
0.716549
0.739726
0.740645
0.716592
0.677585
0.743712
0.783717
0.761056
0.730762
0.721227
0.786923
0.747746
0.662602
0.731123
0.737370
0.686023
0.703013
0.785719
0.734847
0.719592
0.759143
0.776008
0.768022
0.737105
0.721158
0.729252
0.776689
0.697678
0.693844
0.708424
0.723701
0.716305
0.731877
0.687632
0.646180
0.617218
0.642532
0.565636
0.585538
0.619197
0.537037
0.583252
0.634388
0.575810
0.592137
0.647082
0.578952
0.579792
0.563958
0.562942
0.549454
0.624241
0.523946
0.581424
0.582000
0.647632
0.595680
0.662269
0.615814
0.543191
0.599309
0.554504
0.536877
0.555794
0.565142
0.493352
0.497882
0.632542
0.539479
0.556577
0.512916
0.554512
0.560917
0.603889
0.632149
0.595276
0.589138
0.515696
0.547161
0.571737
0.605234
0.676083
0.641345
0.605241
0.645443
0.591414
0.502808
0.609892
0.623879
0.669201
0.684692
0.612973
0.578958
0.533633
0.467704
0.530071
0.519124
0.507240
0.497380
0.607695
0.522831
0.518316
0.560970
0.564817
0.548937
0.534335
0.584533
0.534059
0.488420
0.537724
0.591544
0.544336
0.556571
0.604828
0.638980
0.559306
0.555321
0.551197
0.539865
0.557528
0.509837
0.569883
0.613779
0.561867
0.506254
0.588949
0.569378
0.492632
0.577092
0.559890
0.583254
0.551202
0.485794
0.519056
0.573334
0.538555
0.530393
0.527011
0.617348
0.446054
0.514257
0.427810
0.492139
0.516791
0.534841
0.455921
0.492417
0.413531
0.423411
0.473425
0.368360
0.494430
0.317412
0.332162
0.572286
0.452213
0.435279
0.364107
0.479428
0.392255
0.455867
0.563240
0.476625
0.543007
0.469767
0.476039
0.440400
0.449885
0.395768
0.522230
0.498355
0.456987
0.446759
0.451024
0.425710
0.373499
0.296433
0.369236
0.331921
0.360564
0.424863
0.366435
0.402858
0.373714
0.423260
0.329612
0.355253
0.249592
0.232534
0.286338
0.292292
0.298180
0.289211
0.372675
0.316014
0.308170
0.220940
0.266857
0.254182
0.363040
0.337825
0.296840
0.402702
0.304509
0.332777
0.244143
0.301372
0.247117
0.256747
0.367386
0.354606
0.338929
0.356383
0.328850
0.320704
0.359901
0.367289
0.433945
0.359611
0.305354
0.295303
0.362295
0.393509
0.285502
0.272976
0.270628
0.420974
0.308201
0.263501
0.235052
0.341945
0.402446
0.364809
0.434602
0.337958
0.342740
0.382188
0.320559
0.305806
0.329126
0.364853
0.399261
0.386845
0.382681
0.314450
0.271495
0.328599
0.418333
0.255423
0.305544
0.407655
0.323730
0.250955
0.358786
0.322606
0.225049
0.233197
0.315186
0.314361
0.335998
0.315525
0.201818
0.257686
0.299217
0.358825
0.294280
0.297838
0.241124
0.278742
0.300007
0.136426
0.164726
0.255816
0.345119
0.259799
0.267127
0.279123
0.244307
0.258072
0.269655
0.282338
0.271249
0.281523
0.232431
0.283838
0.328558
0.322456
0.210773
0.199612
0.264822
0.230200
0.337080
0.290290
0.269421
0.213305
0.290146
0.245483
0.409977
0.397345
0.246887
0.276114
0.308858
0.291682
0.290808
0.314918
0.302197
0.228100
0.427960
0.420040
0.463007
0.458117
0.412600
0.445444
0.468277
0.538703
0.438367
0.396689
0.423005
0.459656
0.489963
0.530116
0.522205
0.536256
0.527696
0.533738
0.456657
0.540219
0.536801
0.458244
0.471435
0.578855
0.503962
0.362494
0.503674
0.439259
0.383420
0.373636
0.477975
0.413635
0.457965
0.454072
0.483664
0.430579
0.480153
0.426382
0.413964
0.522065
0.503123
0.412962
0.451182
0.418293
0.351366
0.471038
0.375234
0.306481
0.413812
0.315977
0.453354
0.416105
0.374295
0.288215
0.378358
0.434762
0.349508
0.390759
0.373540
0.312845
0.369806
0.424117
0.420891
0.449393
0.455020
0.455708
0.377054
0.417181
0.381212
0.389324
0.472544
0.456557
0.344726
0.433639
0.333520
0.415722
0.446800
0.408558
0.437655
0.455849
0.366175
0.384875
0.299177
0.314427
0.399622
0.402442
0.410817
0.392084
0.325646
0.415245
0.289973
0.326167
0.373280
0.464300
0.427800
0.347494
0.432407
0.365597
0.375231
0.355623
0.431364
0.452585
0.497407
0.523424
0.492167
0.445021
0.417028
0.396283
0.393187
0.437612
0.469290
0.448581
0.462338
0.400087
0.369481
0.373061
0.364245
0.286489
0.397648
0.465357
0.411986
0.445116
0.387391
0.336148
0.442251
0.389303
0.381964
0.461385
0.349188
0.386325
0.342607
0.358655
0.354189
0.410702
0.394644
0.353718
0.396210
0.390003
0.293269
0.343746
0.298978
0.417207
0.356028
0.410500
0.325025
0.311082
0.305814
0.322961
0.364132
0.321113
0.404447
0.341701
0.303785
0.312519
0.446509
0.354666
0.365165
0.412538
0.490100
0.511267
0.436643
0.446930
0.412441
0.403517
0.442579
0.400110
0.430165
0.452349
0.428128
0.378160
0.369270
0.399787
0.427611
0.461956
0.437789
0.375349
0.483931
0.418485
0.376764
0.348793
0.265704
0.254149
0.389071
0.273799
0.381990
0.422685
0.260664
0.300904
0.365015
0.333618
0.381989
0.301634
0.278581
0.225038
0.239616
0.159387
0.296225
0.164378
0.323783
0.271866
0.268162
0.271166
0.278584
0.227452
0.250182
0.294052
0.233660
0.158226
0.240565
0.187411
0.166152
0.237184
0.227947
0.162876
0.179209
0.261696
0.171487
0.207819
0.163110
0.172072
0.185841
0.225525
0.193494
0.198221
0.232712
0.160116
0.107986
0.161528
0.185206
0.130932
0.170105
0.154466
0.109742
0.129037
0.138885
0.086706
0.094600
0.103277
0.153295
0.098024
0.217982
0.165700
0.242984
0.242792
0.265500
0.134050
0.155357
0.231132
0.144468
0.205067
0.142880
0.209253
0.112777
0.148290
0.310514
0.237587
0.299555
0.262184
0.304766
0.309553
0.321696
0.264678
0.336030
0.273279
0.248630
0.260700
0.285392
0.299035
0.270933
0.276791
0.416058
0.310350
0.371121
0.334441
0.241034
0.376763
0.328725
0.288630
0.351350
0.356869
0.285808
0.411056
0.277256
0.283129
0.285607
0.319196
0.324771
0.309689
0.351624
0.322136
0.310741
0.314693
0.336181
0.344627
0.310459
0.343655
0.367755
0.436752
0.226684
0.277272
0.300859
0.282047
0.298311
0.401866
0.381428
0.325943
0.419491
0.443444
0.461110
0.417345
0.356971
0.449864
0.367528
0.344073
0.315983
0.388128
0.425373
0.451328
0.496140
0.505043
0.517939
0.509437
0.603289
0.547214
0.610704
0.545730
0.531384
0.621063
0.560788
0.500637
0.599557
0.582781
0.609551
0.611435
0.703395
0.669391
0.707547
0.717590
0.723442
0.811578
0.757966
0.686880
0.721934
0.833306
0.727253
0.693835
0.759465
0.720552
0.766983
0.738611
0.817308
0.811776
0.715716
0.781083
0.769894
0.754376
0.748784
0.730983
0.706701
0.797245
0.751043
0.688878
0.788207
0.794369
0.774761
0.794474
0.805298
0.774359
0.734867
0.742094
0.730184
0.727711
0.782039
0.610687
0.745824
0.752509
0.731977
0.725233
0.713274
0.656808
0.717989
0.727058
0.734341
0.646582
0.622072
0.635639
0.683884
0.649790
0.707813
0.784961
0.756649
0.827275
0.702127
0.709606
0.697549
0.728150
0.653232
0.664930
0.257931
