0.586683
0.320921
0.204189
0.276112
0.232878
0.244805
0.111007
0.165025
0.248663
0.189910
0.160699
0.142041
0.172375
0.156926
0.101029
0.179775
0.151914
0.197188
0.159480
0.158301
0.172635
0.156925
0.216767
0.125176
0.215842
0.218369
0.226772
0.207984
0.154836
0.189904
0.191951
0.230901
0.324583
0.275793
0.212529
0.220086
0.252365
0.251234
0.172474
0.279595
0.304034
0.355020
0.309901
0.344339
0.308205
0.244654
0.266581
0.353163
0.345378
0.359193
0.309306
0.299169
0.245511
0.323937
0.328961
0.356193
0.372234
0.313451
0.346134
0.327889
0.304213
0.270667
0.323672
0.300724
0.344138
0.313517
0.274868
0.295295
0.303101
0.328958
0.184856
0.281446
0.352793
0.270078
0.331697
0.243369
0.280636
0.209496
0.205197
0.269808
0.285804
0.345692
0.239070
0.271633
0.298324
0.211499
0.340541
0.310799
0.276841
0.276653
0.305059
0.307328
0.351259
0.290137
0.289399
0.412174
0.328914
0.327275
0.316062
0.272855
0.208634
0.297987
0.299260
0.336907
0.345366
0.278703
0.373809
0.289508
0.320188
0.306410
0.299780
0.313860
0.304470
0.329965
0.248418
0.239935
0.309707
0.277902
0.360583
0.273908
0.328559
0.278914
0.233590
0.246179
0.182201
0.208206
0.209417
0.287928
0.204070
0.213671
0.127812
0.178632
0.185714
0.206292
0.216483
0.268766
0.131941
0.160972
0.196558
0.109902
0.154028
0.106345
0.217499
0.104389
0.195562
0.220569
0.031447
0.066986
0.146564
0.128926
0.066096
0.182173
0.102345
0.046058
0.136511
0.072735
0.163757
0.104708
0.120526
0.132074
0.146376
0.057689
0.005105
0.071567
0.077644
0.133445
0.171680
0.127292
0.126452
0.035193
0.025773
0.103664
0.125918
0.028370
0.092965
0.140015
0.144789
0.125716
0.063242
0.066303
0.050412
0.115144
0.161255
0.176966
0.077628
0.074419
0.117442
0.027367
0.080938
0.117050
0.122966
0.133474
0.177833
0.193906
0.124017
0.103710
0.107921
0.149379
0.149750
0.166752
0.124671
0.120652
0.222928
0.135405
0.076084
0.162170
0.183575
0.121302
0.277214
0.155463
0.096792
0.153405
0.051856
0.123154
0.127246
0.069812
0.220926
0.101137
0.163607
0.176275
0.075743
0.102046
0.145558
0.138798
0.135403
0.165440
0.076058
0.100928
0.117377
0.141138
0.073494
0.138055
0.123840
0.217082
0.154109
0.139457
0.119692
0.074003
0.146331
0.139223
0.103622
0.139977
0.092357
0.088169
0.060339
0.135236
0.082306
0.143243
0.158911
0.174967
0.083049
0.134074
0.116775
0.073871
0.057947
0.211829
0.102893
0.185605
0.179964
0.071816
0.087280
0.182166
0.127378
0.132192
0.205711
0.155369
0.043128
0.180136
0.166232
0.096909
0.049554
0.148530
0.104918
0.165886
0.193102
0.135262
0.087993
0.188889
0.155239
0.160945
0.162173
0.157587
0.167637
0.153708
0.148620
0.124470
0.174293
0.130865
0.189380
0.206622
0.135087
0.122203
0.192715
0.195767
0.241980
0.200541
0.242693
0.156022
0.159635
0.198716
0.165211
0.075857
0.238475
0.257945
0.216338
0.264480
0.220125
0.251787
0.295633
0.320917
0.244586
0.309527
0.292904
0.220525
0.266573
0.229506
0.254426
0.190575
0.235126
0.295406
0.271248
0.299050
0.239969
0.300626
0.239029
0.298941
0.227096
0.322459
0.280282
0.243215
0.320198
0.226988
0.239588
0.256777
0.259922
0.320771
0.341337
0.325823
0.329438
0.317417
0.309157
0.276293
0.270818
0.290901
0.393781
0.229888
0.162846
0.252912
0.213733
0.220887
0.175455
0.225509
0.197971
0.185383
0.196677
0.199136
0.232069
0.187682
0.130919
0.226147
0.135891
0.135237
0.179255
0.155766
0.141757
0.102967
0.162289
0.257487
0.146551
0.250077
0.129066
0.089864
0.111874
0.185425
0.140166
0.198950
0.189089
0.152858
0.134546
0.113737
0.208959
0.085361
0.242451
0.128611
0.150398
0.102721
0.092292
0.120231
0.097400
0.004766
0.123163
0.173323
0.019120
0.059567
0.126249
0.088222
0.073639
0.054857
0.052659
0.168285
0.031499
0.140871
0.073933
0.045931
0.122247
0.159175
0.081827
0.114842
0.110115
0.087531
0.110278
0.042427
-0.002258
0.032977
0.054702
0.043845
0.131533
0.164465
0.026217
0.128663
0.033778
0.152859
0.111515
0.097349
0.127446
0.056420
0.038396
0.111494
0.118012
0.033133
0.011726
0.122031
0.154464
0.085496
0.078959
0.108488
0.110134
0.141906
0.152876
0.068051
0.211019
0.039757
0.092083
0.116530
0.065769
0.148581
0.070260
0.161668
0.120071
0.109075
0.043262
0.056077
0.074582
0.141216
0.048140
0.067112
0.124346
0.125964
-0.005538
0.050085
0.131955
0.053231
0.021061
0.052541
0.052022
0.133368
0.025362
0.018563
-0.041171
0.063158
-0.011341
0.084011
0.132262
0.009168
-0.007922
0.054789
0.018849
0.042991
0.038879
0.047098
0.064566
0.060708
0.036096
0.010737
0.047670
0.123338
0.070035
0.094557
0.051600
0.036616
0.000404
-0.025148
0.086567
-0.047842
0.066667
0.023066
0.126386
0.019235
0.017602
0.052215
0.018080
0.084007
-0.040041
0.110399
0.063425
0.064098
0.064287
0.062899
0.022759
-0.001314
-0.012476
0.049905
0.130588
0.081537
-0.015069
0.000573
0.052864
0.101537
0.059759
0.147524
0.064311
0.019635
0.110612
-0.003142
0.022132
0.045776
0.067746
0.100414
0.105560
0.126237
0.054017
0.077258
0.055992
0.016115
0.088713
0.081915
0.141807
0.111382
0.022929
0.151792
0.006629
0.080584
0.043195
0.086987
0.102420
0.083491
0.055940
0.060265
-0.018467
0.009818
0.082799
0.135406
0.021460
0.034190
0.128352
0.152877
0.054395
0.019979
-0.034964
0.125025
0.037092
0.032074
0.013191
-0.006737
0.059994
0.064063
0.053553
0.095956
0.111677
0.059404
-0.033308
0.061857
0.043282
-0.005861
0.085611
0.069466
0.016788
0.111365
0.062809
0.027285
0.094153
0.038762
0.088251
0.066088
0.081641
0.058591
0.065300
0.083165
0.085241
0.017412
0.023227
0.143745
0.063946
0.111778
0.062599
0.053072
0.049165
0.089974
0.044904
0.071067
0.194997
0.063623
0.038292
0.039427
0.049077
0.023486
0.063673
0.080391
0.013046
0.067400
0.034381
0.063480
0.065976
0.011415
0.079049
0.142003
0.023182
0.000893
0.040585
-0.006928
0.031914
-0.000798
0.075145
0.070859
0.031580
0.097314
0.004491
0.003555
0.026804
0.051873
0.068615
0.100522
0.023162
0.009259
0.032314
0.009931
0.064085
0.002427
0.056794
0.119843
0.015258
0.037878
0.032047
0.049826
0.022683
0.054135
0.096865
0.116567
0.021558
0.049881
-0.006491
0.066841
0.080762
0.001801
0.025422
0.076144
0.016600
0.047880
0.028166
0.026802
-0.013203
0.107780
0.033362
0.113119
0.101228
0.021199
0.077661
0.029531
0.064592
0.019702
0.053451
0.119222
0.009270
0.026206
0.038696
0.063777
0.029920
0.083497
0.085930
0.090661
0.013868
0.048527
0.011096
0.037638
0.112865
0.012177
0.067057
0.086049
0.012601
0.061892
0.074527
-0.002225
0.079291
0.056789
0.118996
0.107371
0.094161
0.055046
0.047829
0.079316
0.061458
0.005888
0.010116
0.095436
0.073234
0.095744
0.018106
0.012333
0.056870
0.079309
0.051969
0.068613
0.155744
0.053124
0.027732
0.026544
0.060901
0.022154
0.091718
0.050575
0.042507
0.050436
-0.017565
0.039281
0.050818
0.043795
0.033767
0.051713
0.118279
0.061455
0.023635
0.026244
0.013183
0.026215
0.037554
0.085821
0.016466
0.092487
0.059126
0.000202
0.018759
0.110911
0.076945
0.134432
0.052140
0.054371
0.035766
0.062853
0.078694
0.036142
0.020014
0.080002
0.162564
0.074676
-0.009531
0.030672
0.030824
0.021989
0.059916
0.089481
0.084269
0.046186
0.073783
0.055063
0.017204
0.090646
0.116892
0.120364
0.054598
0.082933
0.050910
0.026231
0.080568
0.131124
0.028297
0.087620
0.120399
0.098362
0.025975
0.093230
0.028993
0.022086
0.098882
0.073621
0.137882
0.130416
0.086474
0.034937
0.114423
0.138120
0.078569
0.071781
0.153161
0.138121
0.147289
0.028686
0.105594
0.110519
0.136916
0.209638
0.114044
0.112030
0.100075
0.083476
0.106629
0.151838
0.035765
0.056766
0.137656
0.119391
0.023559
0.022086
0.177730
0.056434
0.048314
0.151301
0.046787
0.111661
0.062249
0.006100
0.056990
0.135604
0.036970
0.096328
0.132799
0.008361
0.015498
0.046024
0.100975
0.051121
0.082817
0.118109
0.067302
0.068202
0.028610
0.016607
0.031429
0.127235
0.135825
0.127818
0.072082
0.077141
0.075395
0.051542
0.037657
-0.008008
0.091408
0.118388
0.043507
0.182718
0.042830
0.065242
0.052874
0.068750
0.023854
0.138348
0.109051
0.012248
0.103333
0.002420
-0.002775
-0.008889
0.095349
0.062728
0.071997
0.090522
0.010850
0.024823
0.014441
0.110196
0.088440
0.098950
0.127364
0.113319
-0.005607
0.056283
0.100979
0.000038
0.060478
0.104170
0.070284
0.097067
0.037315
0.096713
0.053093
0.108489
0.103310
0.116151
0.131545
0.108165
0.057254
0.018725
0.018990
0.068468
0.095065
0.102977
0.112793
0.170956
0.102358
0.125919
0.096831
0.114561
0.178870
0.157238
0.185354
0.183984
0.110136
0.182568
0.214535
0.073718
0.206918
0.294774
0.171952
0.193217
0.168589
0.210705
0.252726
0.239234
0.117291
0.227522
0.257301
0.291140
0.348720
0.257116
0.264808
0.239162
0.291188
0.343371
0.409994
0.388943
0.380153
0.329326
0.400334
0.363073
0.266995
0.373062
0.395011
0.327145
0.352310
0.294203
0.367625
0.357600
0.340019
0.399385
0.316621
0.463895
0.480292
0.454453
0.478082
0.474692
0.399565
0.476892
0.527163
0.509767
0.513521
0.436935
0.472813
0.503288
0.509168
0.527558
0.597171
0.560009
0.591580
0.571461
0.577059
0.635139
0.543008
0.641747
0.606916
0.560810
0.601337
0.663714
0.625249
0.708513
0.726861
0.722720
0.704940
0.755582
0.770048
0.782085
0.711945
0.803566
0.682212
0.749202
0.778259
0.753810
0.771118
0.760113
0.803935
0.781916
0.771835
0.784092
0.779754
0.821721
0.843544
0.893514
0.886312
0.879476
0.852953
0.888399
0.923645
0.899390
0.846382
0.920610
0.911505
0.902303
0.922953
0.957101
0.936755
0.892243
0.909451
0.948741
0.895466
0.929092
0.949352
0.931703
0.963901
0.897122
0.921384
0.918864
0.914963
0.830195
0.819531
0.294351
