0.527211
0.332530
0.168056
0.352998
0.205046
0.241657
0.267661
0.212221
0.245897
0.239814
0.309727
0.254148
0.292584
0.244415
0.208351
0.278866
0.265009
0.261908
0.300034
0.285324
0.254645
0.357797
0.349813
0.321196
0.375321
0.277989
0.352558
0.308537
0.337003
0.245984
0.412335
0.388342
0.298902
0.387567
0.391842
0.307713
0.339871
0.382193
0.359689
0.352584
0.518214
0.383635
0.366054
0.393955
0.384898
0.370722
0.343309
0.406035
0.502000
0.285478
0.376231
0.476019
0.318195
0.357841
0.335733
0.267856
0.308364
0.304227
0.286254
0.254344
0.190271
0.252334
0.274645
0.247824
0.247263
0.216767
0.230348
0.232899
0.203483
0.240308
0.230233
0.160512
0.166579
0.208520
0.221378
0.153386
0.116489
0.161742
0.137157
0.136280
0.198054
0.194230
0.180199
0.276485
0.145478
0.123849
0.110076
0.185980
0.159365
0.225286
0.265124
0.240542
0.151957
0.194031
0.159419
0.230862
0.268976
0.277197
0.188261
0.215669
0.141301
0.210391
0.211532
0.199263
0.205716
0.230555
0.265538
0.170387
0.163775
0.171911
0.258617
0.240121
0.241172
0.346961
0.264330
0.156938
0.292302
0.220692
0.272415
0.201219
0.281387
0.303485
0.255240
0.164332
0.258467
0.160630
0.130097
0.193431
0.166354
0.230295
0.242184
0.131518
0.184565
0.193593
0.144524
0.175336
0.178367
0.071458
0.144412
0.176008
0.134679
0.067918
0.113858
0.195233
0.105295
0.184846
0.157370
0.205204
0.157105
0.211512
0.134359
0.205757
0.132661
0.110612
0.115493
0.128374
0.170857
0.192889
0.167066
0.168544
0.385409
0.230778
0.168636
0.158294
0.174486
0.251355
0.258310
0.315493
0.320400
0.230321
0.281704
0.228500
0.255482
0.287090
0.287200
0.385133
0.341351
0.346762
0.345233
0.364673
0.419074
0.315600
0.318364
0.432600
0.382359
0.351033
0.441487
0.337653
0.252730
0.269143
0.362407
0.429238
0.377146
0.431027
0.365525
0.413090
0.491369
0.512317
0.436104
0.420026
0.513477
0.508828
0.456685
0.437124
0.418203
0.404568
0.433802
0.426598
0.561761
0.390743
0.417189
0.448733
0.418140
0.528595
0.445313
0.419175
0.574325
0.517605
0.481143
0.584086
0.487193
0.449257
0.470478
0.524944
0.470471
0.567961
0.529115
0.568225
0.542263
0.580819
0.486482
0.571311
0.632562
0.557310
0.471406
0.588188
0.516562
0.459681
0.463117
0.513443
0.533287
0.503151
0.495813
0.573425
0.591201
0.630761
0.546012
0.541593
0.663395
0.539274
0.467305
0.563954
0.540152
0.527065
0.611426
0.675843
0.606050
0.601546
0.625416
0.670759
0.623025
0.641498
0.531763
0.644217
0.696520
0.587656
0.692010
0.616050
0.593901
0.601173
0.615056
0.678004
0.577033
0.638127
0.578264
0.577543
0.578913
0.599912
0.577270
0.491524
0.617875
0.481398
0.471367
0.494829
0.512323
0.450774
0.450624
0.458226
0.439088
0.421509
0.438753
0.525630
0.438834
0.432575
0.503891
0.424395
0.482038
0.398420
0.426287
0.443672
0.418129
0.366466
0.403163
0.475560
0.410395
0.403801
0.398046
0.393864
0.348136
0.438516
0.373805
0.373564
0.462326
0.352233
0.352444
0.380749
0.359020
0.304170
0.285831
0.403938
0.443901
0.351299
0.298393
0.265770
0.426839
0.397355
0.215193
0.284569
0.303427
0.243446
0.346087
0.206685
0.176353
0.185109
0.189699
0.204190
0.268967
0.232372
0.183917
0.242582
0.143037
0.256588
0.217506
0.194174
0.207395
0.197978
0.122435
0.158017
0.220013
0.177160
0.190665
0.254109
0.243199
0.204339
0.180598
0.137580
0.115389
0.257894
0.145812
0.178165
0.174143
0.107201
0.222654
0.164117
0.134454
0.080673
0.140325
0.222170
0.212967
0.194235
0.202128
0.112323
0.090439
0.222521
0.165505
0.197984
0.190214
0.095661
0.029147
0.210417
0.197727
0.155811
0.098315
0.202593
0.110345
0.205084
0.175143
0.119148
0.140398
0.211876
0.150912
0.202715
0.095551
0.136574
0.128595
0.226273
0.232919
0.141523
0.210054
0.225520
0.205904
0.298689
0.207863
0.307739
0.284770
0.384100
0.260097
0.235593
0.367317
0.255890
0.248808
0.220802
0.174255
0.185692
0.232493
0.346716
0.361924
0.359458
0.191751
0.310320
0.270056
0.337844
0.239886
0.298400
0.336296
0.299153
0.188679
0.285741
0.174116
0.207214
0.231193
0.289014
0.356686
0.239210
0.203473
0.292815
0.258484
0.284058
0.249366
0.232677
0.275419
0.246746
0.216114
0.217644
0.194356
0.136718
0.089273
0.204263
0.070270
0.215062
0.135885
0.200200
0.253666
0.153909
0.068388
0.170997
0.117768
0.077909
0.138423
0.110154
0.189437
0.141946
0.113968
0.122422
0.233337
0.140966
0.115588
0.097439
0.102643
0.150615
0.185705
0.314662
0.293035
0.163052
0.139717
0.262929
0.120544
0.037055
0.112283
0.225253
0.219391
0.286035
0.230880
0.226940
0.217934
0.199144
0.228699
0.256891
0.221355
0.219250
0.270029
0.214597
0.150011
0.230833
0.220874
0.271575
0.271972
0.256372
0.235660
0.227722
0.208501
0.215257
0.159942
0.176421
0.301274
0.178081
0.302992
0.210755
0.208180
0.247344
0.218012
0.268418
0.276060
0.188406
0.187461
0.179322
0.076645
0.233740
0.203792
0.170787
0.186959
0.179453
0.160408
0.157214
0.114788
0.095520
0.169078
0.170472
0.156820
0.136523
0.049956
0.107584
0.111127
0.118531
0.124521
0.115253
0.212310
0.121374
0.050311
0.218550
0.118383
0.177265
0.054801
0.171209
0.179920
0.190680
0.058640
0.126826
0.078083
0.198225
0.140219
0.119301
0.168498
0.053380
0.091688
0.063006
0.158834
0.036860
0.128271
0.164393
0.178859
0.158107
0.087276
0.068038
0.062001
0.086766
0.144448
0.097868
0.129382
0.073482
0.149474
0.126810
0.113665
0.028830
0.115942
0.132424
0.049605
0.086104
0.040839
0.059551
0.159010
0.122485
-0.017964
0.150607
0.005486
0.115645
0.079800
0.047455
0.011745
0.094725
0.095290
0.125403
0.001325
0.175638
0.092868
0.102522
0.146396
0.116316
0.183647
0.178763
0.138714
0.087454
0.091512
0.167831
0.185146
0.098479
0.109211
0.174367
0.258102
0.264080
0.239352
0.230839
0.236632
0.153029
0.156716
0.275856
0.174879
0.171645
0.278230
0.157228
0.153353
0.207656
0.130309
0.180296
0.383776
0.220062
0.124655
0.181651
0.241664
0.234441
0.245179
0.217024
0.081940
0.257320
0.168030
0.176023
0.157931
0.122339
0.136495
0.151925
0.120209
0.167300
0.112852
0.140149
0.222014
0.118737
0.090689
0.153685
0.169652
0.162790
0.162209
0.172703
0.131156
0.202296
0.139172
0.244284
0.225756
0.246319
0.215186
0.253277
0.215250
0.299344
0.231076
0.273093
0.248043
0.237202
0.257622
0.217850
0.229561
0.223122
0.346613
0.319566
0.229981
0.229220
0.157665
0.117740
0.274499
0.268636
0.228983
0.233554
0.239215
0.257273
0.258733
0.163233
0.206999
0.199616
0.206021
0.256316
0.228661
0.214916
0.101228
0.175398
0.133222
0.239263
0.277308
0.096393
0.161285
0.073381
0.200435
0.169185
0.179914
0.107780
0.131000
0.170259
0.072010
0.169965
0.109142
0.134558
0.115652
0.213179
0.163787
0.089628
0.067210
0.079316
0.204678
0.079333
0.049208
0.090087
0.076724
0.130520
0.119440
0.177295
0.017294
0.099230
0.070372
0.163393
0.113998
0.100066
0.100162
0.112945
0.063072
0.148311
0.133647
0.095498
0.074769
0.172754
0.055912
0.265387
0.069009
0.101889
0.134043
0.155250
0.110200
0.182538
0.164213
0.119641
0.123658
0.130845
0.187732
0.138630
0.221488
0.201527
0.125352
0.261893
0.055310
0.196303
0.176338
0.179820
0.112295
0.185506
0.170303
0.105417
0.160906
0.150258
0.112470
0.068271
0.099331
0.134750
0.191293
0.216931
0.140148
0.195470
0.264725
0.191724
0.124487
0.217716
0.204277
0.152431
0.166373
0.098148
0.206049
0.197133
0.127318
0.269633
0.298235
0.318209
0.213515
0.216235
0.299654
0.240831
0.298697
0.346272
0.279165
0.259918
0.282088
0.251115
0.223186
0.301626
0.282451
0.293564
0.302182
0.415632
0.388026
0.334179
0.401936
0.276154
0.237310
0.354617
0.434838
0.359445
0.319719
0.381112
0.406737
0.352035
0.362174
0.414509
0.386760
0.365739
0.373610
0.420125
0.358118
0.333111
0.245164
0.315481
0.417125
0.373926
0.448572
0.398255
0.378566
0.340765
0.382400
0.421800
0.353742
0.385200
0.394724
0.294961
0.316440
0.393592
0.360618
0.400544
0.448938
0.376506
0.428258
0.433097
0.339501
0.384724
0.323514
0.345412
0.281892
0.365568
0.360242
0.420852
0.398177
0.432797
0.425478
0.429281
0.462434
0.410166
0.398465
0.445980
0.449731
0.436762
0.461004
0.553273
0.585593
0.487306
0.511777
0.440641
0.334546
0.473766
0.387029
0.458627
0.451784
0.403020
0.549011
0.418629
0.458310
0.446047
0.415333
0.459563
0.457381
0.462794
0.452428
0.481280
0.487315
0.452657
0.492248
0.444427
0.560226
0.447152
0.425500
0.456944
0.472759
0.453073
0.403252
0.416546
0.495528
0.525643
0.425455
0.440197
0.564129
0.557201
0.537376
0.497384
0.544222
0.479785
0.395866
0.455797
0.396008
0.551068
0.534844
0.642414
0.634744
0.526396
0.571430
0.576834
0.559864
0.621306
0.526819
0.577563
0.657702
0.523955
0.539026
0.546889
0.599998
0.546630
0.545542
0.592211
0.521489
0.521530
0.502797
0.578893
0.546455
0.598347
0.414041
0.509557
0.606326
0.501120
0.583177
0.547078
0.566235
0.483800
0.545205
0.521682
0.506751
0.447921
0.454743
0.491188
0.423006
0.457181
0.452537
0.419822
0.421031
0.340480
0.421564
0.362142
0.388754
0.354585
0.369629
0.318645
0.289661
0.423365
0.389049
0.437811
0.379049
0.381821
0.360406
0.355891
0.491950
0.320102
0.253977
0.410937
0.323365
0.390958
0.317465
0.412277
0.472011
0.400870
0.436313
0.345283
0.389106
0.512759
0.446916
0.420714
0.489242
0.402145
0.322344
0.421808
0.373501
0.391340
0.408727
0.488821
0.372455
0.421452
0.449821
0.494169
0.447802
0.496596
0.477231
0.425208
0.538724
0.457060
0.389418
0.461836
0.429912
0.453383
0.458677
0.505571
0.544496
0.322108
0.334672
0.495064
0.376887
0.495666
0.519222
0.455134
0.674814
0.401909
0.470589
0.558179
0.518855
0.502586
0.428798
0.273025
