0.520986
0.210941
0.067126
0.105050
0.004214
0.091338
-0.031377
0.077702
0.079849
0.076554
0.087711
0.001370
0.112757
0.076893
0.116947
0.103609
0.029822
0.126339
0.031681
0.050771
0.037669
0.109513
0.061747
0.132604
0.089568
0.077673
0.020399
0.055062
0.055641
0.052642
0.071434
0.122602
0.103779
0.104860
0.040885
0.037884
0.098142
0.069461
0.183782
0.147678
-0.012716
0.060093
0.072709
0.033200
0.162555
0.093606
0.069870
0.066296
0.161939
0.068074
0.055712
0.077655
0.061656
0.150148
0.093660
0.130825
0.117269
0.091778
0.135181
0.087585
-0.052490
0.070843
0.102337
0.044745
0.148513
0.098073
-0.022091
0.085470
0.077557
0.085599
-0.019634
0.179018
0.095562
0.067016
0.143593
0.025542
0.066708
0.055362
0.088522
0.123549
0.079950
0.115540
0.096232
0.051048
0.035653
0.173307
0.169280
0.096527
0.111504
0.062830
0.106535
0.090890
0.091698
0.033633
0.114221
0.093169
0.173841
0.110440
0.052815
0.136832
0.134079
0.192014
0.150907
0.115728
0.186948
0.086686
0.143653
0.142050
0.230636
0.155858
0.186326
0.274948
0.195598
0.295213
0.277139
0.258959
0.240913
0.243844
0.249011
0.287340
0.365372
0.313699
0.291179
0.339726
0.267980
0.257236
0.184561
0.353612
0.283366
0.381594
0.300278
0.315416
0.313404
0.370172
0.416933
0.409659
0.306090
0.272810
0.311686
0.306971
0.336253
0.265107
0.312037
0.379607
0.336972
0.277157
0.267148
0.248363
0.284411
0.158793
0.234545
0.328982
0.275125
0.208144
0.331476
0.255194
0.284346
0.240875
0.298359
0.345289
0.350412
0.261055
0.190075
0.249125
0.230755
0.311081
0.311507
0.279464
0.315706
0.230413
0.178967
0.240061
0.312466
0.222882
0.203101
0.267685
0.217646
0.309526
0.171361
0.247834
0.281132
0.281821
0.296125
0.284575
0.414008
0.291398
0.306717
0.273655
0.199752
0.252893
0.253751
0.339443
0.284136
0.377918
0.346106
0.315724
0.342619
0.358597
0.329340
0.358957
0.360864
0.352224
0.363347
0.282836
0.284319
0.315937
0.323662
0.427854
0.463465
0.312873
0.317024
0.360944
0.287613
0.346334
0.287879
0.220076
0.252061
0.222989
0.209838
0.208881
0.153578
0.184974
0.183092
0.212663
0.241957
0.229837
0.201415
0.189550
0.257977
0.268386
0.389348
0.256264
0.368614
0.237487
0.139984
0.184117
0.208891
0.218285
0.268142
0.291141
0.250750
0.376333
0.330596
0.377255
0.428968
0.393861
0.320312
0.367399
0.369879
0.361398
0.398864
0.377126
0.392153
0.407083
0.383635
0.487795
0.558111
0.436065
0.435895
0.526831
0.485790
0.451969
0.504500
0.471373
0.441232
0.416266
0.414829
0.518258
0.452373
0.420171
0.398390
0.518419
0.471001
0.361914
0.414346
0.405064
0.397092
0.423680
0.355363
0.379573
0.301997
0.357970
0.428802
0.344068
0.254210
0.347610
0.304076
0.282405
0.312243
0.317920
0.243300
0.267113
0.248956
0.262854
0.281500
0.362085
0.293964
0.201046
0.192366
0.302216
0.192679
0.238629
0.285451
0.233982
0.173327
0.164983
0.114710
0.176099
0.089685
0.188208
0.174995
0.217963
0.175030
0.127779
0.171931
0.229913
0.223421
0.180561
0.164241
0.267572
0.236575
0.209403
0.247063
0.287662
0.315804
0.234631
0.254689
0.229777
0.142197
0.177529
0.124604
0.178683
0.197904
0.206673
0.204286
0.223499
0.218735
0.167183
0.154169
0.141716
0.226992
0.172933
0.118867
0.264757
0.175698
0.177453
0.278828
0.200521
0.226138
0.221827
0.258130
0.322904
0.269802
0.272988
0.176301
0.199924
0.182640
0.246955
0.219120
0.276905
0.235789
0.240063
0.183148
0.202460
0.231829
0.157846
0.233294
0.132347
0.192179
0.208698
0.085711
0.167324
0.183925
0.177096
0.077570
0.186948
0.231995
0.175583
0.153056
0.139576
0.108816
0.152124
0.152074
0.208867
0.188435
0.194995
0.174189
0.153058
0.171380
0.265781
0.231908
0.269444
0.320835
0.200319
0.220188
0.335701
0.246552
0.186201
0.268967
0.253734
0.125589
0.339021
0.305898
0.291615
0.301276
0.301095
0.352053
0.365554
0.379845
0.251387
0.199533
0.396791
0.345559
0.378925
0.312124
0.476375
0.436681
0.402566
0.352265
0.421072
0.319794
0.465797
0.437121
0.401840
0.326627
0.416688
0.303523
0.419633
0.387346
0.319002
0.351595
0.430743
0.385820
0.384420
0.329529
0.349516
0.344464
0.400519
0.291226
0.385997
0.483975
0.346399
0.380086
0.286537
0.353628
0.337074
0.322891
0.283707
0.315422
0.220021
0.288958
0.390624
0.330199
0.376794
0.404919
0.296457
0.360304
0.306266
0.363104
0.394442
0.417037
0.288549
0.395940
0.394099
0.376786
0.392603
0.404000
0.436582
0.434561
0.461750
0.429019
0.451320
0.465383
0.321639
0.335779
0.424506
0.438782
0.383069
0.381242
0.492886
0.398047
0.501912
0.451903
0.434555
0.380269
0.422551
0.374720
0.386792
0.414960
0.405530
0.374562
0.395440
0.382828
0.402870
0.392461
0.407026
0.359290
0.418266
0.384046
0.281593
0.427646
0.400325
0.317726
0.387166
0.449907
0.379691
0.374209
0.375039
0.334971
0.380411
0.398799
0.397467
0.367771
0.406375
0.465941
0.395313
0.376763
0.402506
0.298988
0.376720
0.456476
0.358443
0.444954
0.363856
0.350270
0.347991
0.444112
0.426966
0.428878
0.419941
0.343020
0.371816
0.365421
0.440609
0.420091
0.462221
0.511307
0.510815
0.451044
0.469009
0.421562
0.372075
0.356390
0.497776
0.436791
0.479805
0.491576
0.462520
0.499826
0.419057
0.411474
0.349371
0.526407
0.400089
0.356588
0.478352
0.428646
0.415459
0.446489
0.454889
0.515005
0.533780
0.503588
0.493585
0.359854
0.557139
0.507936
0.408100
0.548323
0.498241
0.415481
0.454117
0.424717
0.419604
0.460713
0.398194
0.471735
0.519533
0.411310
0.503467
0.551528
0.481009
0.496970
0.502161
0.500008
0.512314
0.481826
0.487275
0.540285
0.506601
0.505297
0.562835
0.548212
0.519714
0.567703
0.624963
0.562150
0.549020
0.589955
0.515522
0.556744
0.522919
0.507985
0.505333
0.521726
0.513308
0.515398
0.571913
0.525957
0.499192
0.509438
0.490624
0.467336
0.523851
0.483037
0.438008
0.493041
0.427829
0.491879
0.422275
0.461762
0.417422
0.461052
0.506872
0.408849
0.403365
0.451375
0.415211
0.345763
0.438477
0.338067
0.405826
0.429556
0.394590
0.500236
0.376204
0.340227
0.293353
0.365354
0.364239
0.376488
0.391420
0.305108
0.314114
0.405106
0.349157
0.368327
0.319547
0.345932
0.262566
0.236334
0.365345
0.333826
0.261280
0.300551
0.290624
0.375820
0.376185
0.260751
0.274829
0.292248
0.334876
0.292080
0.324861
0.327685
0.253422
0.206980
0.318085
0.289924
0.279319
0.303687
0.329661
0.322039
0.290866
0.277174
0.237631
0.251287
0.349671
0.351858
0.202314
0.359382
0.276987
0.219329
0.328324
0.303704
0.212166
0.310726
0.304903
0.252082
0.261721
0.263425
0.310155
0.272569
0.377289
0.288257
0.301608
0.337779
0.268440
0.238626
0.243274
0.339317
0.296757
0.309184
0.420123
0.393653
0.342191
0.299972
0.380200
0.320532
0.353356
0.353733
0.324277
0.323313
0.309415
0.279249
0.340021
0.342385
0.294371
0.274912
0.373790
0.365647
0.342928
0.335065
0.348437
0.327423
0.324257
0.165258
0.282179
0.442089
0.388120
0.425300
0.295501
0.274686
0.269827
0.347927
0.281328
0.250755
0.360705
0.309187
0.245879
0.242045
0.257073
0.253763
0.266939
0.275560
0.141100
0.145407
0.294019
0.294977
0.204650
0.192383
0.309075
0.267073
0.213164
0.249507
0.301726
0.191256
0.298089
0.240661
0.242648
0.315277
0.188810
0.167915
0.288384
0.242237
0.190883
0.213541
0.302167
0.112187
0.277061
0.244742
0.229448
0.142199
0.230390
0.202097
0.290577
0.270976
0.157201
0.194455
0.157262
0.194594
0.129935
0.228529
0.171236
0.155027
0.266320
0.189946
0.113655
0.156986
0.228403
0.189275
0.226248
0.241288
0.096552
0.073773
0.220187
0.191892
0.064995
0.139360
0.226876
0.210330
0.239116
0.176064
0.106626
0.209606
0.292138
0.266100
0.154098
0.218863
0.160156
0.167493
0.163879
0.212217
0.119149
0.150881
0.227058
0.190735
0.203242
0.172251
0.169817
0.226421
0.218832
0.168664
0.224014
0.247986
0.200447
0.231828
0.201120
0.306181
0.180433
0.203621
0.183487
0.256737
0.217616
0.109063
0.194289
0.183764
0.252018
0.253215
0.329618
0.240443
0.249513
0.198376
0.200804
0.268909
0.256576
0.222400
0.353494
0.276106
0.326950
0.295199
0.281740
0.332404
0.373237
0.214556
0.289848
0.332461
0.225296
0.210277
0.369921
0.453108
0.315090
0.269612
0.338546
0.362652
0.430394
0.338021
0.399852
0.374867
0.414074
0.394757
0.377722
0.486845
0.353352
0.408546
0.454468
0.400550
0.421359
0.421817
0.518284
0.491529
0.397183
0.422479
0.346430
0.389464
0.419827
0.273722
0.412849
0.549984
0.310755
0.259924
0.374830
0.315066
0.245455
0.228423
0.239501
0.264166
0.249749
0.192466
0.209346
0.176564
0.221244
0.215653
0.198485
0.235964
0.186097
0.169563
0.207394
0.131373
0.124317
0.184917
0.173395
0.167055
0.204771
0.110484
0.132008
0.106531
0.214973
0.146950
0.108920
0.201411
0.074826
-0.069227
0.111533
0.187643
0.094110
0.069081
0.129175
0.129815
0.114778
0.069013
0.043064
0.016371
0.113157
0.088328
0.110805
0.166355
0.023236
-0.024812
0.075935
0.034556
0.056183
0.039653
0.070608
0.079012
0.109900
0.045095
0.006263
0.092715
0.082806
0.010575
0.144259
0.052478
0.026688
-0.010595
0.048866
0.092441
0.016188
0.027252
0.086931
0.111233
0.098919
-0.020947
0.041327
0.011531
0.043639
-0.065708
0.104139
0.085174
-0.021212
-0.000811
-0.021439
0.059767
0.033463
0.041993
0.072067
0.080838
-0.016981
-0.001917
0.009843
-0.040641
-0.008903
0.098630
0.101171
0.045477
-0.012138
-0.025756
-0.020076
-0.025669
-0.018795
0.056773
0.046142
-0.018561
0.013716
-0.003549
-0.006755
0.031597
-0.004264
-0.010780
0.117775
-0.029306
0.036740
-0.007368
-0.007980
-0.012585
-0.067429
0.011029
0.061473
0.007571
0.063591
0.015048
0.033430
0.009849
0.027540
0.010077
-0.037282
0.088943
-0.037087
-0.078740
0.154375
-0.035394
0.136421
0.122948
0.256018
