0.603633
0.627522
0.496416
0.669507
0.646768
0.668597
0.611998
0.629387
0.670215
0.609666
0.685154
0.586443
0.596311
0.698360
0.647313
0.685737
0.680611
0.585706
0.598795
0.622956
0.599817
0.597346
0.615828
0.539015
0.557174
0.529516
0.526339
0.504564
0.438169
0.485574
0.468834
0.449626
0.297794
0.388355
0.337190
0.385161
0.398785
0.406825
0.343315
0.391238
0.458220
0.381413
0.382600
0.325390
0.355782
0.315854
0.399267
0.380359
0.463996
0.489560
0.482987
0.458113
0.476394
0.477464
0.529008
0.485380
0.518404
0.507948
0.479113
0.473715
0.496052
0.528735
0.531711
0.609649
0.554659
0.551684
0.595264
0.634690
0.546194
0.587383
0.584208
0.615638
0.558247
0.603142
0.554535
0.583585
0.567257
0.574863
0.603342
0.640964
0.599632
0.536597
0.583115
0.565898
0.437271
0.506181
0.562689
0.585700
0.540462
0.578706
0.490420
0.564004
0.547301
0.453263
0.493303
0.422060
0.501277
0.504496
0.428243
0.519185
0.569209
0.625912
0.621045
0.488697
0.687029
0.555097
0.511511
0.539757
0.486993
0.544808
0.531379
0.621714
0.585973
0.652973
0.615212
0.639758
0.664703
0.685077
0.643293
0.693959
0.768712
0.699721
0.528588
0.679708
0.685563
0.642109
0.676811
0.757413
0.665156
0.723847
0.695152
0.699480
0.604756
0.662486
0.595576
0.630559
0.720458
0.621960
0.681760
0.610859
0.540367
0.602158
0.614395
0.595446
0.546797
0.557799
0.534082
0.632495
0.599436
0.617129
0.633469
0.607634
0.663574
0.626606
0.573977
0.586190
0.575167
0.626453
0.642026
0.643503
0.686600
0.651565
0.635220
0.728454
0.720409
0.754851
0.694643
0.713855
0.790186
0.693441
0.617900
0.695779
0.705390
0.710577
0.738750
0.798653
0.764336
0.769314
0.813622
0.853347
0.846219
0.806116
0.774870
0.809104
0.795842
0.803838
0.782616
0.826200
0.801157
0.802067
0.791932
0.825046
0.781439
0.865817
0.866049
0.901414
0.905725
0.902498
0.879380
0.906033
0.916713
0.884000
0.832864
0.908265
0.913202
0.917638
0.906817
0.909657
0.903530
0.909352
0.935320
0.961670
0.948809
0.953637
0.915051
0.929269
0.934496
0.938573
0.923154
0.928285
0.925319
0.950498
0.917264
0.945464
0.947617
0.896216
0.923056
0.954132
0.939700
0.923275
0.918325
0.934338
0.936702
0.935993
0.904666
0.923429
0.918148
0.910740
0.904702
0.896612
0.862758
0.865037
0.888599
0.923049
0.894254
0.913619
0.864579
0.874513
0.898705
0.886868
0.863597
0.857098
0.870505
0.863362
0.864846
0.845068
0.801668
0.829514
0.858883
0.860620
0.851390
0.848374
0.807645
0.816920
0.857971
0.792898
0.783549
0.851427
0.824279
0.829324
0.842898
0.825589
0.804778
0.767800
0.815444
0.846613
0.816522
0.823048
0.743101
0.819098
0.821230
0.840000
0.838332
0.794850
0.796495
0.761291
0.795835
0.802012
0.768842
0.750705
0.753388
0.807249
0.748785
0.777415
0.744272
0.678984
0.802265
0.720840
0.716500
0.761175
0.768639
0.733743
0.717444
0.716029
0.687037
0.689351
0.721612
0.690937
0.697516
0.647116
0.643597
0.631265
0.694305
0.614753
0.635765
0.623541
0.641596
0.633147
0.627288
0.590146
0.623588
0.578041
0.511948
0.570735
0.557575
0.477548
0.620338
0.540519
0.535585
0.552316
0.466841
0.561483
0.558613
0.509708
0.575300
0.625734
0.551728
0.533088
0.560503
0.444001
0.600799
0.461331
0.345849
0.477913
0.480496
0.463244
0.513307
0.498926
0.497595
0.552136
0.532824
0.600344
0.556109
0.442727
0.531897
0.468674
0.499554
0.486113
0.448854
0.476876
0.492709
0.448058
0.567614
0.466715
0.472583
0.433820
0.388591
0.436978
0.317540
0.417708
0.407503
0.339503
0.269843
0.268158
0.345788
0.304929
0.217280
0.288325
0.289000
0.328216
0.266930
0.304644
0.306846
0.278390
0.246714
0.315907
0.335207
0.279100
0.322751
0.312962
0.304130
0.317299
0.333201
0.302496
0.290225
0.353659
0.273852
0.328192
0.291724
0.466256
0.363094
0.477911
0.406565
0.339749
0.404418
0.469799
0.375811
0.435505
0.573539
0.388322
0.392160
0.423100
0.314763
0.333226
0.449355
0.439502
0.395700
0.472143
0.337258
0.425841
0.402135
0.383905
0.417700
0.429497
0.381373
0.364206
0.431692
0.393995
0.381729
0.352163
0.439002
0.450981
0.330471
0.349818
0.307056
0.358741
0.406110
0.358684
0.262551
0.324089
0.375404
0.351943
0.385066
0.320661
0.253993
0.335016
0.321569
0.333597
0.306211
0.441132
0.297504
0.347193
0.401653
0.344899
0.345610
0.353659
0.462935
0.375129
0.422359
0.422387
0.446227
0.340087
0.444848
0.464816
0.343359
0.488615
0.392687
0.360150
0.358238
0.457695
0.490206
0.468349
0.496781
0.401669
0.325799
0.382321
0.420864
0.406671
0.390698
0.520671
0.486799
0.432621
0.545976
0.532061
0.567587
0.540590
0.480636
0.522754
0.593518
0.478601
0.419758
0.455038
0.449399
0.382019
0.444065
0.414234
0.412869
0.489581
0.467459
0.478226
0.527863
0.489558
0.418739
0.430043
0.592779
0.435289
0.365585
0.494780
0.555363
0.412253
0.462278
0.585770
0.642239
0.537815
0.566236
0.609311
0.547426
0.583428
0.612209
0.515937
0.638689
0.583846
0.522568
0.552596
0.560771
0.533318
0.598808
0.572608
0.527355
0.475107
0.414102
0.499722
0.373917
0.456074
0.412562
0.444485
0.465086
0.328891
0.496824
0.481692
0.361036
0.441403
0.314599
0.388419
0.317229
0.433911
0.380185
0.346116
0.280627
0.359367
0.354796
0.397498
0.247053
0.230142
0.359416
0.303366
0.256321
0.248497
0.364846
0.329707
0.268708
0.417552
0.281503
0.385709
0.388985
0.516853
0.375707
0.441135
0.551148
0.355694
0.414797
0.433336
0.417724
0.326182
0.434988
0.600631
0.530772
0.459854
0.460891
0.434952
0.498709
0.486367
0.473522
0.402189
0.462643
0.399586
0.361038
0.428291
0.400470
0.353903
0.377271
0.423508
0.398532
0.378108
0.410176
0.307410
0.412939
0.404789
0.548746
0.386327
0.468501
0.376422
0.360361
0.362269
0.324429
0.279311
0.296954
0.408395
0.364959
0.405040
0.343637
0.356650
0.315215
0.398098
0.500140
0.315399
0.333423
0.381248
0.387774
0.355256
0.377397
0.386619
0.376926
0.416860
0.451456
0.421339
0.391280
0.430819
0.350674
0.337157
0.468263
0.375417
0.291969
0.439720
0.490265
0.419971
0.354742
0.368514
0.430151
0.449212
0.387154
0.495426
0.441017
0.403980
0.382495
0.371044
0.380538
0.412623
0.437470
0.411187
0.373188
0.307792
0.380208
0.334255
0.391349
0.342514
0.385000
0.301595
0.294869
0.332527
0.294632
0.247585
0.355005
0.338762
0.345956
0.353040
0.250751
0.320802
0.257978
0.304083
0.252275
0.305890
0.291238
0.285620
0.216661
0.227900
0.331923
0.328529
0.162835
0.262607
0.351771
0.227950
0.184438
0.228507
0.213815
0.175050
0.280601
0.185481
0.206260
0.243389
0.136091
0.193628
0.147874
0.255284
0.150512
0.147988
0.162724
0.184037
0.224433
0.149560
0.150987
0.173913
0.073282
0.156158
0.175238
0.130290
0.035061
0.202657
0.132903
0.091474
0.083232
0.140112
0.095471
0.105915
0.164909
0.103829
0.052536
0.109380
0.135833
0.121935
0.066337
0.167554
0.054866
0.091146
0.055429
0.146679
0.180693
0.131952
0.115280
0.144539
0.088275
0.123064
0.075128
0.022832
0.086203
0.166471
0.066902
0.256207
0.176119
0.093983
0.103748
0.130848
0.021179
0.101767
0.222724
0.088305
0.140966
0.076686
0.000572
0.069306
0.153818
0.137491
0.046285
0.133843
0.065469
0.046942
0.116240
0.023619
0.032176
0.118197
0.038616
0.056246
0.111606
0.092383
0.181360
0.024469
0.038367
0.223081
0.150122
0.066001
0.061637
0.014204
0.137200
0.152249
0.058460
0.124726
0.057478
0.060335
0.094050
0.121672
0.115273
0.025761
0.056124
0.071939
0.051752
0.131269
0.103021
0.071373
0.075460
0.055796
0.008031
0.038496
0.094952
0.090880
0.092092
0.084318
0.129640
0.082757
0.054454
0.129552
0.040614
0.167556
0.042576
0.111749
0.109296
0.142358
0.037436
0.121828
0.061013
0.062173
0.080623
0.088493
0.151339
0.087523
0.047988
0.130879
0.115558
0.185200
0.123800
0.177680
0.171484
0.182513
0.091664
0.226561
0.217334
0.218808
0.241274
0.127439
0.256990
0.278878
0.209504
0.266741
0.384346
0.217181
0.213178
0.194708
0.243448
0.211538
0.216817
0.239802
0.260055
0.181018
0.194138
0.244025
0.253792
0.237230
0.215841
0.231353
0.260151
0.179764
0.160486
0.191097
0.169904
0.191050
0.163086
0.251381
0.240987
0.193419
0.056542
0.196028
0.198537
0.220535
0.204408
0.212475
0.088106
0.188101
0.191083
0.219472
0.130232
0.128406
0.065888
0.182429
0.091440
0.151847
0.273989
0.099019
0.036786
0.127982
0.076580
0.160630
0.193930
0.121588
0.114739
0.127232
0.126659
0.138347
0.105574
0.202585
0.101830
0.075339
0.045476
0.111408
0.141218
0.113607
0.021323
0.156588
0.159137
0.155332
0.190235
0.134731
0.119163
0.078940
0.129498
0.197268
0.077800
0.076404
0.183220
0.104412
0.028769
0.114754
0.132565
0.174912
0.086926
0.145454
0.104694
0.119234
0.121177
0.116769
0.173024
0.157532
0.129897
0.093830
0.098388
0.105438
0.082270
0.147255
0.168919
0.208919
0.168947
0.149898
0.076956
0.224433
0.089829
0.275171
0.166296
0.163885
0.158494
0.199028
0.181007
0.211312
0.188965
0.066051
0.185776
0.239696
0.203569
0.271138
0.200263
0.169794
0.184448
0.220042
0.161840
0.173793
0.284406
0.120090
0.200269
0.199077
0.224994
0.111851
0.144396
0.264052
0.218841
0.257535
0.242735
0.150816
0.269759
0.297872
0.194955
0.293783
0.336873
0.245016
0.204891
0.243367
0.257251
0.194243
0.098223
0.273867
0.273767
0.331907
0.249625
0.249246
0.196125
0.247873
0.353758
0.248985
0.190176
0.240775
0.299942
0.258887
0.260760
0.205196
0.299564
0.285166
0.336594
0.416663
0.308104
0.204737
0.366924
0.315882
0.099846
0.286820
0.354392
0.207410
0.256758
0.265945
0.226743
0.240052
0.215575
0.216933
0.305307
0.178909
0.157944
0.183342
0.145760
0.248887
0.284599
0.197432
0.428383
0.183001
0.159556
0.317919
0.318678
0.334050
0.280785
0.250466
