0.636335
0.591860
0.439164
0.624092
0.603876
0.624258
0.507749
0.558742
0.647895
0.533054
0.543408
0.410669
0.463470
0.532049
0.568620
0.563036
0.570816
0.551767
0.502469
0.523290
0.550790
0.582679
0.505527
0.540283
0.543738
0.466290
0.418107
0.581943
0.522593
0.560308
0.554239
0.581437
0.538085
0.505783
0.518850
0.513328
0.616994
0.574145
0.457469
0.576978
0.574117
0.464025
0.552205
0.515837
0.583189
0.536854
0.518392
0.542048
0.536265
0.546632
0.563896
0.637517
0.579957
0.590347
0.461238
0.550494
0.605907
0.629597
0.622411
0.578528
0.576924
0.566320
0.614303
0.610385
0.607788
0.611335
0.602746
0.687594
0.692804
0.658618
0.678650
0.680865
0.726540
0.661209
0.596040
0.663153
0.651070
0.686544
0.688042
0.715664
0.689523
0.611131
0.636563
0.716219
0.676378
0.734760
0.672342
0.658100
0.723121
0.731745
0.631101
0.686663
0.695429
0.710575
0.717959
0.742558
0.742774
0.723404
0.743948
0.685087
0.687451
0.680579
0.669847
0.624279
0.698485
0.681748
0.618341
0.642373
0.706337
0.714224
0.558638
0.663469
0.657558
0.513840
0.627872
0.554466
0.692205
0.676774
0.650761
0.640568
0.756844
0.656271
0.523345
0.608172
0.609675
0.578209
0.583624
0.602078
0.597882
0.542171
0.662989
0.623602
0.639514
0.676881
0.642276
0.605783
0.687779
0.597324
0.516939
0.560799
0.668851
0.611477
0.603113
0.685584
0.638634
0.649385
0.699754
0.697432
0.615201
0.682624
0.652462
0.680300
0.727821
0.701862
0.634905
0.649648
0.628942
0.631749
0.599051
0.703746
0.728589
0.621560
0.678972
0.691515
0.692025
0.692913
0.661859
0.567788
0.739086
0.582858
0.580986
0.654240
0.533431
0.673298
0.580587
0.695610
0.599359
0.651875
0.700154
0.711978
0.700130
0.637205
0.584053
0.619507
0.659931
0.596906
0.622943
0.592060
0.618741
0.635230
0.602914
0.698171
0.610794
0.561884
0.566342
0.623250
0.615594
0.599698
0.515405
0.633157
0.627702
0.524130
0.489721
0.563059
0.487382
0.514739
0.458263
0.475672
0.507403
0.408636
0.517594
0.509809
0.423513
0.564137
0.568452
0.458461
0.531286
0.432703
0.330928
0.461618
0.460809
0.387695
0.423753
0.463666
0.465323
0.461335
0.412629
0.497947
0.462056
0.460851
0.413561
0.333435
0.403699
0.413093
0.363517
0.398177
0.458559
0.465843
0.355991
0.511142
0.557067
0.535836
0.555240
0.440685
0.553685
0.435587
0.427149
0.464781
0.526470
0.418878
0.425736
0.378539
0.400309
0.362209
0.413142
0.385440
0.406822
0.440876
0.371085
0.402930
0.381687
0.365976
0.338619
0.413523
0.510329
0.465554
0.476252
0.464839
0.420437
0.372657
0.383418
0.476875
0.492316
0.390671
0.421705
0.426554
0.487422
0.436560
0.356895
0.365523
0.356323
0.322360
0.418519
0.316308
0.404548
0.378971
0.410789
0.371347
0.435506
0.270455
0.270839
0.382955
0.266950
0.361859
0.408423
0.325798
0.399357
0.335977
0.210429
0.244596
0.321095
0.234112
0.259248
0.254933
0.268260
0.309043
0.246172
0.253750
0.298768
0.252769
0.254036
0.248706
0.242873
0.288500
0.239886
0.209354
0.304359
0.279368
0.258205
0.358917
0.288085
0.364089
0.340466
0.403073
0.328571
0.369125
0.348276
0.380012
0.493222
0.320254
0.371557
0.384380
0.427068
0.392352
0.379928
0.411919
0.345972
0.466284
0.459943
0.435674
0.496537
0.511910
0.448247
0.525793
0.550605
0.486301
0.555849
0.425179
0.416681
0.427243
0.473658
0.527943
0.470515
0.537564
0.467665
0.473660
0.556476
0.587420
0.424118
0.499024
0.615470
0.447081
0.510587
0.504262
0.458565
0.441844
0.536814
0.546239
0.543361
0.551184
0.552905
0.563550
0.556560
0.604713
0.568709
0.493557
0.633881
0.556061
0.545629
0.591318
0.596797
0.566563
0.559697
0.681754
0.609148
0.657243
0.662811
0.700405
0.655560
0.716513
0.683040
0.717822
0.690903
0.637562
0.647661
0.659264
0.650605
0.609865
0.662932
0.718428
0.638953
0.737039
0.683165
0.707922
0.610615
0.658381
0.679789
0.610185
0.695075
0.672140
0.638530
0.694645
0.661524
0.686159
0.677042
0.731449
0.712875
0.659258
0.698649
0.579985
0.643476
0.666203
0.635620
0.649669
0.684806
0.646890
0.615933
0.581826
0.505023
0.568863
0.567162
0.570676
0.530230
0.541268
0.526278
0.574983
0.580308
0.491096
0.469719
0.517913
0.473887
0.432975
0.498516
0.467620
0.483338
0.412769
0.416359
0.479820
0.386362
0.435748
0.460039
0.417234
0.435862
0.503630
0.520992
0.432554
0.473811
0.383108
0.364429
0.345693
0.362132
0.374519
0.356162
0.433135
0.527408
0.393160
0.330737
0.510623
0.468457
0.490730
0.390141
0.394039
0.499603
0.388823
0.367147
0.416413
0.343805
0.370840
0.372980
0.430215
0.507817
0.455714
0.399317
0.465979
0.499316
0.528645
0.424274
0.513261
0.464044
0.483284
0.534697
0.423005
0.489246
0.420624
0.482834
0.545758
0.446341
0.541901
0.527931
0.509608
0.506412
0.415057
0.394422
0.416800
0.525412
0.499818
0.523473
0.441791
0.378225
0.407787
0.384511
0.469294
0.396447
0.507943
0.438201
0.434470
0.378812
0.459751
0.427452
0.361824
0.450216
0.384620
0.372405
0.376712
0.372667
0.337226
0.358981
0.416188
0.393250
0.338128
0.320300
0.421047
0.387474
0.380690
0.303366
0.304459
0.389772
0.311722
0.208267
0.245379
0.144810
0.224186
0.211407
0.301033
0.311210
0.281731
0.312642
0.306483
0.241980
0.278755
0.323650
0.220179
0.292615
0.223164
0.192394
0.254444
0.321884
0.212061
0.177588
0.282443
0.281377
0.285379
0.268720
0.251055
0.283103
0.276229
0.247777
0.274984
0.294877
0.245977
0.155694
0.255006
0.207928
0.291850
0.231382
0.314878
0.260599
0.327071
0.302378
0.262688
0.269938
0.298355
0.171636
0.213284
0.331595
0.284915
0.215760
0.269739
0.204579
0.234011
0.247121
0.266644
0.324609
0.276526
0.221156
0.304239
0.232126
0.249164
0.322047
0.276006
0.226480
0.231552
0.276534
0.261096
0.256268
0.189793
0.179477
0.227281
0.263810
0.240806
0.187191
0.224261
0.245011
0.210243
0.393824
0.344248
0.266890
0.292937
0.287843
0.327638
0.211984
0.258661
0.289201
0.353798
0.339489
0.385182
0.244022
0.246646
0.244606
0.261263
0.318853
0.247197
0.281055
0.250305
0.262400
0.274179
0.168200
0.241987
0.168492
0.276911
0.216523
0.329832
0.241699
0.258700
0.285134
0.277815
0.335760
0.306602
0.230200
0.250841
0.355258
0.309314
0.315156
0.308939
0.411496
0.438912
0.356073
0.281913
0.335970
0.261778
0.350192
0.362327
0.329275
0.355468
0.272883
0.326439
0.376163
0.383530
0.353890
0.413599
0.409740
0.420149
0.489780
0.345921
0.289075
0.421942
0.373866
0.384386
0.286556
0.401646
0.430663
0.384427
0.345836
0.378907
0.369334
0.404292
0.377521
0.432027
0.372874
0.381079
0.390154
0.329908
0.382385
0.375620
0.403005
0.357721
0.559336
0.382240
0.312000
0.390194
0.248786
0.260903
0.312215
0.366584
0.306746
0.451374
0.433187
0.485369
0.458797
0.449948
0.372867
0.338300
0.517515
0.410573
0.325393
0.274149
0.349262
0.381372
0.346986
0.534756
0.485630
0.457607
0.490187
0.544158
0.507539
0.444031
0.432611
0.440972
0.457156
0.400789
0.473873
0.405074
0.388052
0.375547
0.370946
0.432801
0.527490
0.431550
0.456683
0.397314
0.437517
0.514064
0.445111
0.469594
0.522648
0.487593
0.576483
0.380980
0.417199
0.357154
0.420464
0.448193
0.460675
0.398852
0.378588
0.303140
0.396525
0.391345
0.325529
0.308644
0.474167
0.369697
0.377553
0.334508
0.225050
0.244725
0.254069
0.312185
0.294973
0.326328
0.199532
0.272287
0.328826
0.257484
0.189645
0.223430
0.309222
0.233754
0.235137
0.164470
0.180416
0.146085
0.184044
0.168578
0.111601
0.199855
0.150095
0.160680
0.178037
0.146737
0.070255
0.176413
0.156266
0.168972
0.135237
0.146290
0.120110
0.160300
0.153349
0.180662
0.163866
0.267540
0.176486
0.196029
0.238972
0.321260
0.306865
0.214209
0.237726
0.236971
0.191840
0.252647
0.247993
0.181277
0.246485
0.331126
0.263466
0.381556
0.316519
0.400922
0.384446
0.368923
0.419434
0.304261
0.389185
0.344617
0.396094
0.346028
0.407185
0.274837
0.351497
0.531873
0.429452
0.507647
0.479851
0.468435
0.375095
0.511678
0.517481
0.470737
0.562090
0.460813
0.444433
0.400730
0.375150
0.384032
0.398296
0.352659
0.255224
0.376201
0.333614
0.378229
0.432749
0.358512
0.324828
0.352977
0.335136
0.287958
0.392989
0.349850
0.350875
0.342053
0.399427
0.471858
0.412689
0.487151
0.377684
0.327176
0.351962
0.375197
0.218337
0.289656
0.396023
0.382465
0.412418
0.277992
0.306003
0.287204
0.348176
0.317993
0.312404
0.266505
0.259573
0.257316
0.193720
0.294014
0.315353
0.261967
0.331076
0.281871
0.273740
0.216146
0.166888
0.179307
0.180934
0.185054
0.253754
0.330713
0.155116
0.247057
0.300405
0.336517
0.286508
0.277211
0.399282
0.378723
0.311539
0.235739
0.224958
0.285350
0.317815
0.382407
0.274933
0.369490
0.332618
0.447453
0.420239
0.482441
0.401824
0.360931
0.540136
0.410986
0.375002
0.437708
0.442990
0.351993
0.437657
0.476250
0.430054
0.490829
0.491212
0.411122
0.412635
0.476447
0.363699
0.365751
0.475088
0.348220
0.431699
0.396289
0.414531
0.307610
0.358833
0.506466
0.296027
0.401425
0.433473
0.355145
0.369974
0.350569
0.310548
0.335166
0.329373
0.320218
0.444431
0.311239
0.257851
0.268173
0.416150
0.352567
0.362163
0.202699
0.289538
0.258832
0.259813
0.311816
0.258101
0.346932
0.303191
0.234012
0.203720
0.261681
0.246705
0.215879
0.228835
0.270519
0.282853
0.275375
0.215629
0.221802
0.112763
0.246213
0.185017
0.164047
0.267225
0.146513
0.097662
0.180958
0.116758
0.169339
0.123153
0.088247
0.099995
0.136127
0.116283
0.086525
0.113661
0.171829
0.162150
0.085612
0.136687
0.073030
0.074149
0.124953
0.126986
0.112123
0.067246
0.076677
0.231294
0.089971
0.080123
0.112416
0.139950
0.209106
0.150389
0.101650
0.399016
0.108005
0.083210
0.293585
0.135889
0.240084
0.283763
0.259806
