-0.009112
-0.007941
-0.001870
0.020750
-0.015778
-0.018387
0.008074
0.003767
0.019493
0.003790
0.015006
0.016123
0.037652
0.032396
0.041039
0.054322
0.071861
0.107679
0.162136
0.205031
0.257613
0.299987
0.357289
0.381217
0.427728
0.499571
0.672660
0.803996
0.887860
0.892106
0.895760
0.890867
0.816902
0.696440
0.528734
0.431390
0.368580
0.317246
0.259316
0.237910
0.213673
0.198333
0.202058
0.145643
0.119081
0.094944
0.050034
0.034656
0.045625
0.050190
0.064812
0.093498
0.098209
0.088588
0.095387
0.090051
0.089668
0.084315
0.092561
0.085882
0.102520
0.125935
0.157845
0.153513
0.138193
0.118030
0.119929
0.123047
0.129972
0.117529
0.109031
0.096456
0.084614
0.068774
0.071583
0.052946
0.057086
0.049250
0.046156
0.052694
0.057803
0.058915
0.065986
0.085965
0.093412
0.084121
0.082492
0.081032
0.094144
0.087310
0.081307
0.065790
0.064595
0.075383
0.111648
0.122864
0.095711
0.072206
0.075780
0.095653
0.094371
0.076101
0.064602
0.045290
0.043487
0.046255
0.059905
0.050322
0.056493
0.092075
0.123509
0.140504
0.134807
0.129870
0.149819
0.165212
0.180202
0.191219
0.212169
0.210171
0.180713
0.149890
0.147692
0.148888
0.177174
0.199439
0.221611
0.241467
0.220579
0.207970
0.224271
0.231464
0.254196
0.250293
0.232145
0.201950
0.194752
0.167099
0.158155
0.157287
0.167160
0.166621
0.180418
0.168704
0.142941
0.128802
0.137438
0.145542
0.149212
0.133861
0.117390
0.104758
0.099590
0.093583
0.093872
0.064824
0.055576
0.042575
0.041687
0.045036
0.045803
0.050374
0.054449
0.064505
0.062745
0.041514
0.032458
0.031698
0.039640
0.033509
0.026012
0.023808
0.030171
0.013986
0.010155
0.024753
0.040674
0.046996
0.058189
0.052908
0.069119
0.080451
0.076651
0.069334
0.101623
0.133705
0.191819
0.263394
0.335548
0.410756
0.444616
0.438354
0.374296
0.297726
0.199715
0.128256
0.091231
0.048465
0.044720
0.046448
0.035972
0.018765
0.032466
0.023452
0.028416
0.022375
0.006103
0.008350
0.008494
0.013103
0.001412
0.001617
-0.000571
0.002705
-0.007192
-0.006362
-0.010107
-0.036105
-0.043982
-0.008105
-0.007403
-0.018244
-0.024555
0.009237
0.012167
-0.009361
-0.023311
-0.016909
-0.017810
0.012090
-0.005353
-0.009334
-0.007332
-0.025566
-0.042722
-0.013740
-0.022113
-0.023350
-0.029240
0.001865
0.003867
-0.013908
-0.022155
-0.010158
-0.004787
-0.010244
-0.019917
-0.009385
-0.004599
-0.022241
-0.030368
-0.008418
-0.002015
-0.014861
-0.019135
0.002045
0.011790
0.001807
0.004032
-0.011043
-0.004712
0.003545
-0.003821
-0.001281
-0.004488
-0.015852
-0.028032
-0.008094
-0.005435
-0.014581
-0.010147
0.008999
0.010013
0.013073
0.014967
0.006923
0.014730
0.008775
-0.001682
-0.003320
0.007602
0.007934
0.001867
0.010244
0.010858
0.007738
0.011819
0.017208
0.019699
0.026264
0.043608
0.046102
0.049926
0.048267
0.041098
0.055710
0.068114
0.064254
0.054365
0.055896
0.045228
0.016758
0.012193
0.031578
0.042357
0.054171
0.053840
0.039538
0.043009
0.045986
0.026661
0.017220
0.020668
0.007699
0.010215
0.020813
0.025371
0.022798
0.014199
0.018003
0.024721
0.026317
0.026212
0.016609
0.013278
0.021138
0.010134
-0.001284
-0.006651
-0.020293
-0.012000
0.005778
0.005278
-0.022271
-0.015848
0.013676
0.030292
0.021891
0.021528
0.013847
0.021071
0.012664
0.006471
0.009064
0.007727
-0.003888
-0.015482
-0.003984
0.012632
0.004103
-0.009555
0.005130
0.018096
0.007967
-0.008658
0.000004
-0.001252
0.005771
-0.006543
-0.013359
-0.020815
-0.048267
-0.054480
-0.016578
-0.026218
-0.006451
-0.013773
0.011046
-0.026204
-0.030277
-0.080618
-0.077831
-0.069124
-0.037316
-0.066029
-0.047539
-0.033630
-0.077512
-0.109796
-0.052246
-0.068719
-0.047873
-0.099190
-0.008488
-0.057940
-0.080306
-0.105733
-0.046016
-0.033285
0.006920
-0.018371
-0.028062
0.009746
-0.023047
-0.040604
-0.006669
-0.006620
-0.051718
-0.039272
0.018573
0.039965
0.033228
0.030932
0.036975
0.048397
0.036078
0.030544
0.033590
0.050354
0.043149
0.036866
0.041102
0.059065
0.065820
0.083152
0.086747
0.103599
0.156577
0.198153
0.233351
0.277424
0.342398
0.401842
0.467787
0.574284
0.679912
0.838839
0.939233
0.971377
0.970913
0.964827
0.957482
0.899476
0.804286
0.609898
0.433973
0.383441
0.328885
0.246336
0.238625
0.249012
0.282547
0.285587
0.263788
0.230052
0.239961
0.206408
0.205186
0.196510
0.181525
0.165903
0.151787
0.153660
0.128742
0.095447
0.084836
0.085556
0.086342
0.084925
0.054041
0.047611
0.032164
0.028422
0.027548
0.035584
0.037022
0.044490
0.039249
0.041450
0.027767
0.021144
0.016749
0.024533
0.013466
0.011994
0.015649
0.034214
0.039311
0.046665
0.062174
0.085513
0.098580
0.090577
0.091311
0.085019
0.066702
0.072218
0.066451
0.040110
0.029976
0.025123
0.034045
0.032548
0.026231
0.016630
0.027662
0.017748
0.030534
0.004816
-0.010194
0.001096
0.036140
-0.011441
-0.021127
-0.012763
-0.043912
-0.066555
-0.017319
-0.044724
0.001300
-0.057455
0.022157
-0.042681
-0.054746
-0.141581
-0.108706
-0.093097
-0.038102
-0.098496
-0.098583
-0.044563
-0.086232
-0.140633
-0.074284
-0.097699
-0.065648
-0.120106
-0.010495
-0.057209
-0.087666
-0.144769
-0.087842
-0.071656
-0.047304
-0.070947
-0.044321
-0.023060
-0.073708
-0.115334
-0.064809
-0.061566
-0.061247
-0.080315
-0.010779
-0.025024
-0.040194
-0.081251
-0.029631
-0.024498
-0.000718
-0.025470
-0.030762
-0.018063
-0.041737
-0.057958
-0.018363
-0.035040
-0.052546
-0.062999
-0.006142
-0.010636
-0.019538
-0.061618
-0.033296
-0.009862
0.012022
-0.026853
-0.034719
-0.009657
-0.043844
-0.066488
-0.030348
-0.026874
-0.035333
-0.048797
0.001840
0.000656
-0.019699
-0.041864
-0.008102
-0.005308
0.005349
-0.023493
-0.014079
0.006089
-0.038771
-0.058177
-0.017085
-0.010734
-0.022646
-0.027713
0.007074
0.003785
-0.017350
-0.025326
-0.008608
-0.005250
0.005858
-0.016515
-0.024348
-0.006109
-0.027724
-0.044974
-0.028342
-0.031986
-0.031618
-0.027639
-0.003579
-0.007308
-0.012620
-0.012127
-0.007462
-0.009794
0.005271
-0.008347
-0.012012
-0.010930
-0.022220
-0.024561
-0.007516
-0.012521
-0.015136
-0.023411
0.000592
0.001664
-0.004991
-0.016453
-0.001652
0.002424
0.008685
-0.005128
0.000843
-0.001678
-0.028551
-0.041408
-0.015341
-0.015417
-0.006142
-0.009989
-0.000196
-0.010348
-0.012826
-0.023520
-0.013239
-0.013256
-0.002594
-0.009348
-0.007157
-0.005640
-0.033825
-0.041718
-0.012716
-0.016082
-0.029322
-0.026622
0.011988
0.015537
-0.011166
-0.012700
-0.002782
-0.001336
0.006345
-0.000354
-0.004004
-0.005993
-0.027237
-0.039327
-0.009108
0.002121
-0.005701
-0.012550
0.005762
0.007994
-0.004990
-0.012485
-0.007148
-0.007777
0.006678
-0.000192
-0.014003
-0.004401
-0.028398
-0.037723
-0.018586
-0.007986
-0.016039
-0.019543
0.002762
0.004463
-0.004018
-0.010856
-0.007898
-0.011543
0.003939
0.003848
-0.002266
-0.010067
-0.030820
-0.025688
0.002872
-0.003475
-0.016817
-0.017464
0.013345
0.015060
0.008526
0.006557
-0.000306
0.000743
0.008869
0.009880
0.003413
0.007967
-0.015652
-0.019388
0.011928
0.007038
-0.011104
-0.009424
0.025199
0.021142
0.001341
-0.015112
-0.012689
-0.010550
0.002351
-0.014325
-0.035377
-0.020157
-0.039158
-0.052152
-0.018394
-0.018462
-0.017860
-0.033550
-0.003558
-0.005463
-0.017531
-0.040717
-0.015473
-0.009292
0.004620
-0.021969
-0.021849
-0.004256
-0.036434
-0.058201
-0.023733
-0.022923
-0.013812
-0.040499
-0.008127
-0.017980
-0.024896
-0.050253
-0.017833
-0.015579
-0.001907
-0.018386
-0.014171
-0.008108
-0.034429
-0.043069
-0.015424
-0.019881
-0.024633
-0.030492
-0.002925
0.000959
-0.011779
-0.015207
-0.010285
-0.012306
-0.001490
-0.010405
-0.010377
-0.004801
-0.025003
-0.032147
-0.006469
-0.006355
-0.024328
-0.019528
0.006268
0.014151
0.004193
-0.010334
-0.003962
-0.003826
0.009546
-0.002526
-0.018860
-0.014280
-0.035356
-0.051381
-0.022277
-0.012131
-0.011571
-0.027263
-0.004321
-0.008890
-0.009468
-0.031648
-0.030466
-0.021225
-0.005708
-0.034392
-0.033774
-0.014795
-0.043271
-0.063964
-0.037458
-0.032717
-0.017827
-0.035820
-0.007516
-0.016604
-0.037865
-0.039259
-0.018712
-0.016420
0.019701
-0.000634
-0.013069
-0.010491
-0.038686
-0.044705
-0.030161
-0.029259
-0.039425
-0.031786
-0.005530
0.002535
-0.006390
-0.006345
0.007744
0.010496
0.009879
0.011820
0.012879
0.017579
0.015655
0.002985
0.007913
0.013097
-0.004589
0.000514
0.028609
0.041464
0.045019
0.063136
0.079031
0.093670
0.101676
0.090278
0.092445
0.097183
0.087291
0.096646
0.093398
0.111841
0.165008
0.208835
0.224132
0.179841
0.149153
0.118280
0.060708
0.043019
0.034020
0.016910
0.006249
-0.000217
-0.012569
-0.005544
0.009945
0.023177
0.019463
0.017478
0.026638
0.035331
0.027512
0.010806
-0.012551
-0.004721
0.013804
-0.005298
-0.023407
-0.020004
-0.042746
-0.056055
-0.024621
-0.022508
-0.033289
-0.054685
0.002453
0.001592
-0.026634
-0.040070
-0.017618
-0.010204
-0.005470
-0.015737
-0.011861
-0.001439
-0.028379
-0.037271
-0.009484
-0.007344
-0.025036
-0.028432
0.002672
0.003882
-0.001184
-0.013320
-0.021175
-0.009730
0.013924
-0.017297
-0.028618
-0.013774
-0.032686
-0.050513
-0.027450
-0.021591
-0.007664
-0.018051
-0.001932
-0.001337
-0.011114
-0.013871
-0.005308
-0.015134
-0.009215
-0.023952
-0.014904
-0.005895
-0.034662
-0.050074
-0.025609
-0.023897
-0.033459
-0.044947
-0.002668
-0.003326
-0.022340
-0.038216
-0.017623
-0.017807
-0.007220
-0.013449
-0.002630
-0.007385
-0.029474
-0.028335
-0.015629
-0.018014
-0.016146
-0.017324
0.005750
0.005020
-0.003543
-0.018379
-0.013314
-0.008677
0.006347
-0.006705
-0.006880
-0.007222
-0.029168
-0.036199
-0.006869
-0.004595
-0.014425
-0.020711
0.005641
-0.003288
-0.011744
-0.026433
-0.035668
-0.023344
0.007003
-0.020033
-0.033759
-0.016366
-0.033068
-0.039311
-0.022045
-0.025930
-0.014084
-0.027130
0.003632
0.003916
-0.013344
-0.022256
-0.021027
-0.019947
0.003241
-0.005227
-0.004669
-0.005214
-0.027013
-0.032344
-0.013753
-0.013842
-0.022211
-0.025626
0.002124
0.009939
0.000108
-0.017023
-0.005887
-0.012869
0.000140
-0.008828
-0.008103
-0.008803
-0.023116
-0.034641
-0.014107
-0.009377
-0.009467
-0.025718
0.003637
-0.009424
-0.025767
-0.029059
-0.016409
-0.021538
0.000985
-0.019967
-0.025678
-0.020379
-0.035780
-0.040769
-0.018437
-0.034444
-0.043400
-0.042521
0.004073
-0.000787
-0.017261
-0.022671
-0.011371
-0.008422
0.015317
-0.002913
-0.024413
-0.007734
-0.032989
-0.038153
-0.009712
-0.001704
-0.023217
-0.020940
0.017183
0.020158
0.002357
-0.017867
0.001258
0.002125
0.005168
-0.009603
-0.004437
-0.005739
-0.029589
-0.044981
-0.012270
-0.003720
-0.007341
-0.025143
-0.007228
-0.007202
-0.021838
-0.040965
-0.020899
-0.016090
-0.012854
-0.025890
-0.017467
-0.013253
-0.040956
-0.049380
-0.020893
-0.022439
-0.018995
-0.023418
0.018410
0.002652
-0.021092
-0.034149
-0.022414
-0.021487
0.007636
-0.010311
-0.016799
-0.009595
-0.032139
-0.044719
-0.014140
-0.012067
-0.029913
-0.027028
-0.003028
-0.001962
-0.011973
-0.014334
0.003891
0.003159
-0.002744
-0.020925
-0.015373
-0.008929
-0.032105
-0.040321
-0.015278
-0.006842
-0.018830
-0.023319
0.003425
0.002937
-0.014439
-0.016872
-0.023521
-0.019207
-0.006988
-0.016857
-0.020293
-0.014266
-0.042327
-0.056174
-0.030252
-0.019017
-0.021510
-0.036870
-0.006959
-0.001773
-0.024364
-0.034344
-0.012547
-0.014661
-0.003344
-0.016903
-0.013200
-0.004644
-0.023499
-0.037109
-0.018895
-0.020317
-0.026284
-0.026081
0.007328
0.012913
0.003668
0.001470
0.006885
0.006950
0.008383
-0.006117
0.000079
0.005895
-0.013969
-0.030665
-0.004486
-0.003403
-0.018450
-0.023227
-0.000731
0.003991
0.001375
0.002001
-0.000984
-0.000878
0.009093
0.004444
0.002988
0.000685
-0.010347
-0.013700
0.002552
-0.001331
-0.016752
-0.018128
0.003229
0.012728
0.004160
-0.000997
0.002901
0.006712
0.002262
-0.008199
-0.006609
-0.001534
-0.023796
-0.031412
-0.002686
0.001226
-0.016624
-0.016990
0.001912
0.009189
-0.009991
-0.016492
-0.015267
-0.007905
-0.009626
-0.024866
-0.015240
-0.002294
-0.030904
-0.046151
-0.023248
-0.016313
-0.027753
-0.032873
0.006263
0.007401
-0.011167
-0.029973
-0.013291
-0.004204
0.003946
-0.017717
-0.011686
-0.003540
-0.024810
-0.036206
-0.010920
-0.003300
-0.023444
-0.023597
0.010947
0.018359
-0.000253
-0.017453
-0.011762
-0.000987
0.013156
-0.006448
-0.011881
-0.010641
-0.035222
-0.043849
-0.009741
-0.009680
-0.015881
-0.028996
0.005509
0.008403
-0.011885
-0.025620
-0.018316
-0.017685
-0.001644
-0.013232
-0.020232
-0.008991
-0.024730
-0.040682
-0.012848
-0.009682
-0.017879
-0.024336
0.004739
0.016837
0.000123
-0.008192
-0.008856
-0.004265
0.010708
0.005823
-0.001803
-0.003398
-0.018020
-0.029825
0.005867
-0.003523
-0.008320
-0.015763
0.003451
-0.005891
-0.004334
-0.007371
-0.012202
-0.004659
0.014963
-0.004965
-0.028688
-0.005340
-0.023096
-0.030049
-0.001724
0.000276
-0.029576
-0.019516
0.017296
0.036310
0.035520
0.036150
0.031901
0.035094
0.023182
0.021686
0.028861
0.040073
0.032489
0.014909
0.018613
0.026031
0.009550
0.002885
0.021103
0.038206
0.035348
0.025471
0.023837
0.020072
0.012696
0.006605
0.013591
0.005270
-0.028295
-0.032220
-0.007149
0.010232
0.013730
-0.015224
0.004721
0.011818
-0.008185
-0.034878
-0.009847
-0.005214
0.013358
-0.011589
-0.026024
-0.013140
-0.041111
-0.040673
-0.007329
-0.011967
-0.028257
-0.034345
0.015403
0.012540
0.003801
-0.011681
-0.027026
-0.014961
0.004977
-0.014327
-0.014492
0.002559
-0.019463
-0.035555
-0.011171
-0.012516
-0.025634
-0.020507
-0.000353
-0.000929
-0.011736
-0.008606
0.000526
0.001282
0.021356
-0.002667
-0.016774
-0.002250
-0.021197
-0.036207
-0.013277
-0.010837
-0.010353
-0.017582
0.010241
0.007103
-0.011722
-0.019189
-0.018599
-0.021361
0.002561
-0.004274
-0.011837
-0.021950
-0.044725
-0.047194
-0.034278
-0.035684
-0.017787
-0.023963
0.006526
-0.009262
-0.016905
-0.033900
-0.022494
-0.025743
-0.017188
-0.038020
-0.028320
-0.018261
-0.041193
-0.054015
-0.024813
-0.032525
-0.023999
-0.043835
-0.003249
-0.012571
-0.026459
-0.046397
-0.034996
-0.036327
0.002681
-0.012288
-0.012992
-0.012714
-0.045942
-0.069981
-0.034421
-0.038054
-0.027256
-0.047376
0.005554
-0.018072
-0.048831
-0.067876
-0.017785
-0.020030
-0.010335
-0.019152
-0.020736
-0.013957
-0.040411
-0.046377
-0.015535
-0.026143
-0.042749
-0.044084
0.008631
0.007469
-0.016444
-0.018970
-0.005666
-0.009320
-0.001919
-0.008699
-0.007662
-0.006080
-0.020270
-0.025864
-0.001053
-0.006637
-0.026085
-0.025461
-0.000711
0.004744
-0.007166
-0.011836
-0.020102
-0.017233
-0.003597
-0.015244
-0.016260
-0.014781
-0.034323
-0.037666
-0.011555
-0.009666
-0.018673
-0.023217
0.006918
0.016177
0.004929
-0.006910
-0.005353
-0.008837
0.007417
-0.006493
-0.017282
-0.009003
-0.023424
-0.042354
-0.010986
-0.004259
-0.009664
-0.014513
0.004036
0.000263
-0.009500
-0.018434
-0.006560
-0.010073
0.010190
-0.003648
-0.021834
-0.011475
-0.029735
-0.038376
-0.015105
-0.015723
-0.020259
-0.028223
0.012914
0.010265
-0.012781
-0.026127
-0.018174
-0.008168
0.009573
-0.020026
-0.025775
-0.005477
-0.033995
-0.043378
-0.013545
-0.014168
-0.018596
-0.022361
0.011613
0.004918
-0.013187
-0.024476
-0.019322
-0.013675
0.006702
-0.007372
-0.006130
-0.006666
-0.029621
-0.036803
-0.008395
-0.012392
-0.014833
-0.021410
0.006316
0.007678
-0.002654
-0.018372
-0.012606
-0.017350
-0.004416
-0.013832
-0.012351
-0.010741
-0.030680
-0.041092
-0.017141
-0.006625
-0.010964
-0.012240
0.010092
0.013126
0.004500
-0.008039
-0.011580
-0.011970
0.012177
-0.001098
-0.004388
-0.011032
-0.030674
-0.039660
-0.020588
-0.026161
-0.020481
-0.024033
0.002163
-0.004619
-0.021892
-0.033438
-0.012856
-0.011891
0.010226
-0.008371
-0.012453
-0.009277
-0.036165
-0.045711
-0.023334
-0.022888
-0.022046
-0.029482
0.001846
-0.001110
-0.000723
-0.023019
-0.011949
-0.010859
0.001832
-0.029884
-0.018017
0.002873
-0.028991
-0.055101
-0.019776
-0.026111
-0.026232
-0.024749
0.004115
-0.010150
-0.027358
-0.033918
-0.002696
-0.014249
0.010218
-0.005677
-0.012568
-0.018320
-0.033505
-0.043004
-0.022447
-0.032015
-0.015759
-0.024824
-0.000517
-0.012464
-0.023569
-0.042988
-0.017564
-0.014044
-0.003918
-0.028838
-0.022544
-0.009683
-0.036645
-0.053706
-0.023122
-0.036950
-0.018960
-0.027234
-0.001856
-0.014323
-0.029708
-0.037208
-0.010663
-0.015852
0.008774
-0.007714
-0.010026
0.004336
-0.009893
-0.019472
0.001331
-0.008695
-0.017591
-0.016943
0.002722
0.006109
0.012375
0.004668
0.008914
0.006320
0.013101
-0.009115
-0.012744
-0.006030
-0.015274
-0.027005
-0.010073
-0.014728
-0.013141
-0.012463
0.012972
0.015038
-0.001913
-0.014446
-0.006532
0.000448
0.007474
-0.013653
-0.012340
-0.005952
-0.025161
-0.032361
-0.009750
-0.005304
-0.006136
-0.008241
0.004052
0.005173
-0.001188
-0.013259
-0.007310
-0.006942
0.004438
-0.011239
-0.013213
-0.009966
-0.022544
-0.024557
-0.014282
-0.015593
-0.023209
-0.022183
0.000406
0.006495
0.000732
-0.007378
0.004317
-0.001232
0.009830
-0.011148
-0.015926
-0.013896
-0.032304
-0.037859
-0.000675
-0.004479
-0.015678
-0.018607
0.009287
0.010941
-0.006485
-0.020661
-0.024327
-0.008621
-0.000137
-0.026547
-0.027483
-0.015762
-0.032581
-0.042674
-0.018073
-0.006720
-0.010650
-0.022180
0.011183
0.016213
0.003451
-0.017607
-0.006173
0.002737
0.013363
-0.011996
-0.006291
-0.006034
-0.023973
-0.045948
-0.016512
-0.008201
-0.010632
-0.023380
-0.010251
-0.008396
-0.018101
-0.031587
-0.008230
-0.004982
-0.000206
-0.017789
-0.013191
-0.003983
-0.028868
-0.043996
-0.021885
-0.025907
-0.027314
-0.028947
0.003102
-0.000117
-0.016337
-0.029712
-0.013504
-0.000925
0.014429
-0.012553
-0.022580
-0.013578
-0.029689
-0.035931
-0.012510
-0.024839
-0.016483
-0.030055
-0.005067
-0.018411
-0.020856
-0.033056
-0.016586
-0.022303
-0.003144
-0.019350
-0.019919
-0.011273
-0.027258
-0.034693
-0.023620
-0.022335
-0.027137
-0.028688
-0.008807
-0.004481
-0.005550
-0.021140
-0.012102
-0.012367
-0.003970
-0.025198
-0.019131
-0.015247
-0.027691
-0.031941
-0.009375
-0.012533
-0.019175
-0.022209
0.000224
0.000546
-0.008932
-0.021875
-0.013047
-0.009817
0.007294
-0.014942
-0.014925
-0.005096
-0.025024
-0.032283
-0.005557
-0.014562
-0.009831
-0.013422
0.008126
-0.007430
-0.015705
-0.025248
-0.010549
-0.004728
0.012872
-0.001885
-0.009224
0.001339
-0.019146
-0.032016
-0.007327
-0.006401
-0.020594
-0.018356
0.009226
0.006870
-0.005010
-0.011666
-0.010823
-0.008149
0.005221
-0.005966
-0.008360
-0.010712
-0.021468
-0.024773
-0.009523
-0.010703
-0.017749
-0.023163
0.002716
0.011638
-0.000512
-0.011199
-0.007576
0.000683
0.011532
-0.012236
-0.016587
-0.007864
-0.025207
-0.040188
-0.010194
0.003920
-0.006814
-0.019909
-0.003035
0.005294
-0.007681
-0.017028
-0.011104
-0.003745
0.009635
-0.007638
-0.007442
-0.012323
-0.038769
-0.056661
-0.019998
-0.015956
-0.010676
-0.024470
-0.002931
-0.002997
-0.022046
-0.039361
-0.007540
-0.011502
0.004239
-0.016310
-0.011790
-0.008171
-0.035154
-0.042211
-0.016676
-0.024466
-0.034009
-0.032047
-0.005763
0.000754
-0.008008
-0.018801
-0.017275
-0.011368
-0.002951
-0.011701
-0.011646
-0.007297
-0.032233
-0.036964
-0.017695
-0.014723
-0.020856
-0.014190
0.005624
0.013194
0.008356
-0.001703
-0.002722
0.001886
0.009626
-0.009011
-0.018852
-0.018568
-0.030362
-0.034663
-0.014859
-0.019835
-0.004487
-0.022769
0.003822
-0.010511
-0.018393
-0.031247
-0.029218
-0.030853
-0.001124
-0.014324
-0.018880
-0.014647
-0.028990
-0.042758
-0.014711
-0.026903
-0.026609
-0.031567
0.006534
-0.003163
-0.009379
-0.033678
-0.017755
-0.023484
0.001797
-0.012745
-0.016836
-0.011173
-0.040159
-0.057859
-0.024899
-0.025239
-0.013936
-0.033965
0.008220
-0.012591
-0.023530
-0.053161
-0.034624
-0.032395
0.001847
-0.024211
-0.032399
-0.016170
-0.047144
-0.069614
-0.032562
-0.044851
-0.037158
-0.062650
-0.003813
-0.022159
-0.042096
-0.070032
-0.033521
-0.027412
-0.000942
-0.039104
-0.032157
-0.010038
-0.046063
-0.072202
-0.029780
-0.036586
-0.052548
-0.055195
-0.000141
-0.011320
-0.030019
-0.046350
-0.021684
-0.015911
0.014025
-0.006399
-0.017732
-0.005508
-0.034442
-0.049078
-0.023118
-0.027168
-0.030777
-0.029499
0.004929
0.004660
-0.009410
-0.025115
-0.002939
-0.002777
0.003270
-0.011943
-0.018181
-0.015373
-0.028360
-0.041662
-0.013122
-0.014790
-0.014963
-0.021429
-0.001957
-0.007614
-0.024056
-0.020467
-0.007437
-0.005017
-0.007196
-0.008214
-0.007046
-0.009354
-0.006155
-0.002206
0.002362
-0.010681
-0.043166
-0.065354
-0.050886
