-0.013380
-0.008387
-0.010021
0.013584
-0.022590
-0.020131
-0.010475
-0.021237
-0.008537
0.000939
0.003309
-0.005716
0.002241
0.008985
0.010666
0.025334
0.038523
0.045872
0.054957
0.056093
0.058183
0.052767
0.041746
0.039635
0.041507
0.031157
0.029181
0.031682
0.035088
0.036174
0.062172
0.099131
0.103970
0.096336
0.083926
0.092445
0.093721
0.070378
0.045548
0.035710
0.038720
0.033166
0.028328
0.032724
0.026922
0.031294
0.049118
0.057920
0.058472
0.077781
0.096667
0.108445
0.089042
0.057930
0.045461
0.044947
0.045685
0.029396
0.029715
0.027699
0.031104
0.021010
0.016575
0.028678
0.035931
0.049028
0.061981
0.067995
0.075503
0.073781
0.070681
0.048890
0.049991
0.040230
0.034074
0.025296
0.033301
0.019058
0.019288
0.025454
0.039894
0.044157
0.052940
0.062844
0.082056
0.093164
0.097990
0.091733
0.079482
0.073235
0.096090
0.110925
0.147168
0.193489
0.225946
0.247226
0.220917
0.195671
0.183380
0.179482
0.186603
0.189155
0.193982
0.188923
0.185585
0.166237
0.154601
0.137944
0.138656
0.132002
0.141411
0.130881
0.129058
0.122566
0.134285
0.137072
0.133989
0.110320
0.096312
0.068438
0.052132
0.037356
0.039191
0.032910
0.041362
0.024310
0.018347
0.024969
0.039191
0.040137
0.048169
0.057258
0.073363
0.068062
0.070124
0.058656
0.057783
0.046795
0.046048
0.035419
0.043931
0.048893
0.061159
0.059554
0.051939
0.054933
0.063671
0.066526
0.057479
0.044769
0.042366
0.039732
0.035228
0.029376
0.028773
0.023295
0.027908
0.015469
0.009341
0.012703
0.022791
0.035588
0.046528
0.043230
0.046665
0.045766
0.052632
0.049043
0.052293
0.043429
0.048532
0.047949
0.052986
0.077891
0.114716
0.115499
0.098268
0.097301
0.109856
0.108414
0.091382
0.067252
0.065984
0.064402
0.063121
0.052156
0.046612
0.041395
0.043068
0.028727
0.019623
0.025480
0.037579
0.042976
0.038923
0.032473
0.031069
0.016575
0.003936
0.006163
0.016505
0.009482
0.011368
0.007017
0.006377
0.008254
0.012186
0.008790
0.006586
0.009176
0.013314
0.015665
0.012037
0.000397
-0.004706
0.000153
-0.000071
-0.003774
-0.005250
0.002580
0.003934
-0.005765
-0.017268
-0.006040
0.007258
0.007514
0.002527
0.008238
0.011689
0.007185
0.005276
0.013452
0.013753
0.006435
0.003420
-0.000488
0.003499
-0.004105
-0.010387
0.003921
0.013978
0.013241
0.012239
0.006475
0.013542
0.013813
-0.002209
0.004804
0.011965
0.004993
-0.003676
-0.000568
0.002474
-0.005733
-0.009399
0.000146
0.010799
0.014610
0.014524
0.014309
0.010544
0.004499
-0.004593
0.002091
0.000328
-0.002589
-0.007035
0.002980
0.001772
-0.005448
-0.008783
0.009436
0.016892
0.015286
0.002265
0.005164
0.002575
0.009740
-0.012962
-0.010874
-0.011899
-0.018129
-0.018573
-0.001729
-0.003326
0.002794
-0.014030
-0.000629
-0.000904
-0.011954
-0.020163
-0.020759
-0.019528
-0.004129
0.009329
0.009317
0.023258
-0.002715
-0.019522
0.000490
-0.008659
-0.028484
-0.018206
0.011732
0.015815
0.001697
-0.005065
0.019274
0.023756
0.011357
0.004891
0.010251
0.006137
-0.014002
-0.018601
0.010600
0.008283
-0.001600
-0.018303
0.009249
0.006378
-0.003560
-0.006686
-0.017347
-0.025146
-0.004038
-0.001752
-0.017128
-0.015528
-0.043745
-0.049753
-0.018807
-0.024253
-0.031547
-0.028901
-0.003341
0.003186
-0.015513
-0.015436
-0.000741
0.009180
0.008830
0.014429
0.014890
0.018192
0.010171
0.009809
0.020846
0.018963
-0.014640
-0.010818
0.026328
0.036137
0.029429
0.035913
0.038231
0.043852
0.045971
0.040543
0.039873
0.045623
0.044089
0.035110
0.027550
0.020633
0.013933
0.024481
0.027207
0.023945
0.030241
0.036285
0.037420
0.024915
0.011463
0.004190
0.012409
0.012035
-0.005807
-0.010055
0.013686
0.019165
0.007517
-0.003809
0.020265
0.020087
-0.002758
0.004314
-0.003057
0.000571
0.023264
0.018698
-0.009118
-0.003875
-0.016025
-0.020048
0.001562
0.004804
-0.013438
-0.011306
0.011034
0.030267
0.037694
0.041559
0.027188
0.041678
0.046164
0.040133
0.039280
0.054100
0.042060
0.030224
0.027170
0.041245
0.041829
0.047583
0.064496
0.080253
0.120528
0.149610
0.173936
0.213194
0.277389
0.340141
0.411801
0.505325
0.604559
0.771411
0.890805
0.941451
0.945860
0.935708
0.925795
0.861102
0.766627
0.570973
0.440493
0.397821
0.327647
0.232439
0.201347
0.210920
0.212482
0.211466
0.142117
0.094635
0.060663
0.028066
0.037084
0.053043
0.066415
0.066193
0.071629
0.069666
0.046502
0.040902
0.036461
0.036798
0.020526
0.020594
0.023188
0.033878
0.013999
0.002269
0.015795
0.032540
0.034556
0.038868
0.030086
0.028860
0.018985
0.024758
0.034320
0.039171
0.023432
0.012011
0.017572
0.026734
0.023942
0.031357
0.042835
0.048096
0.050040
0.054762
0.062459
0.062117
0.041217
0.038591
0.037305
0.039470
0.032222
0.031950
0.020142
0.030511
0.039200
0.044936
0.049682
0.056291
0.060579
0.062175
0.062084
0.078646
0.102015
0.118089
0.116914
0.116196
0.132394
0.159983
0.188341
0.239284
0.262045
0.276853
0.257392
0.213709
0.159769
0.116831
0.067331
0.056531
0.043079
0.029846
0.025867
0.025118
0.021940
0.031192
0.022511
0.023134
0.012012
0.006332
0.008053
0.013641
0.016320
0.015942
0.014650
0.011354
0.004489
0.002949
0.011746
0.016460
0.007053
0.007351
0.013583
0.013188
0.000012
-0.012394
0.001219
0.008969
0.008030
0.009748
0.009454
0.008751
0.004186
-0.010612
-0.000600
0.007512
-0.000763
-0.006281
-0.003471
-0.000568
-0.007944
-0.015203
0.001080
0.011011
0.005050
0.001368
0.005628
0.011864
0.000607
-0.010027
-0.000496
0.008457
-0.005811
-0.009890
-0.001247
0.004977
-0.009110
-0.013673
0.000479
0.015766
0.009121
0.005237
0.000942
0.005412
0.002319
-0.007169
-0.001188
0.005171
-0.008526
-0.017306
-0.004121
-0.000624
-0.015699
-0.013870
0.004852
0.015693
0.006379
0.005667
0.007047
0.007288
0.000331
-0.003822
0.000542
0.004324
-0.001277
-0.003396
0.004646
0.002554
-0.006765
-0.002653
0.006597
0.008462
0.013845
0.016073
0.017037
0.015443
0.012034
0.004865
0.003295
0.004139
0.000678
0.003185
0.001438
0.000853
-0.001509
-0.001735
-0.000009
0.011596
0.016930
0.019157
0.013190
0.012426
0.007243
0.001034
-0.000621
-0.002367
-0.000106
-0.004360
-0.000659
-0.000209
-0.001704
-0.005013
-0.000245
0.005577
0.015638
0.016884
0.010574
0.004230
0.009565
0.003646
0.000884
-0.002183
0.001126
0.000003
0.006998
-0.003391
-0.014376
-0.008297
0.009643
0.013261
0.016958
0.020778
0.014948
0.006399
0.004174
-0.002474
0.002504
0.005124
-0.005189
-0.006699
0.005687
0.007976
-0.012224
-0.014377
0.004369
0.014573
0.007172
-0.000090
-0.000439
0.002621
-0.002254
-0.011517
-0.001069
0.000508
-0.010931
-0.018214
-0.001121
-0.001635
-0.015288
-0.015528
0.000573
0.006982
0.015501
0.015386
-0.000539
-0.002150
0.009459
0.001917
0.002952
0.000726
-0.013416
-0.022978
0.001705
0.012049
-0.001127
-0.005017
0.023589
0.034442
0.025622
0.001432
0.010350
0.014748
-0.002581
-0.014542
0.001965
0.014756
-0.019406
-0.029855
0.014739
-0.004301
-0.019147
-0.022997
0.003832
-0.011010
-0.023223
-0.036390
-0.013258
-0.007745
0.000934
-0.021061
-0.014682
-0.000887
-0.014303
-0.019511
-0.007059
-0.015337
-0.031411
-0.033383
-0.008888
-0.000710
-0.002808
-0.003336
-0.000153
0.004773
0.003240
-0.004834
0.001069
0.007596
0.006252
-0.005415
-0.002601
0.000047
-0.007542
-0.009536
0.006704
0.013927
0.013872
0.012809
0.015954
0.014506
0.005148
0.000413
0.002273
0.008134
-0.000100
-0.007563
0.000563
0.004884
-0.004963
-0.004862
0.010790
0.018821
0.019201
0.020557
0.015137
0.013993
0.007597
-0.004243
-0.000742
0.003258
-0.002701
-0.005523
-0.003195
-0.004601
-0.014378
-0.011904
0.006162
0.013682
0.010788
0.006288
0.000729
0.004551
0.004392
-0.000272
0.007224
0.006914
-0.000026
-0.005019
-0.001446
-0.000120
-0.004950
-0.004533
0.004712
0.010147
0.014676
0.014343
0.004114
0.007458
0.006779
-0.009325
-0.003514
0.001909
-0.012226
-0.018096
-0.005442
0.000505
-0.004429
-0.010015
-0.000814
0.010050
0.011315
-0.001953
-0.005989
-0.002074
0.006044
-0.008582
-0.013797
-0.006391
-0.021693
-0.026124
-0.009770
-0.006026
-0.011368
-0.017671
-0.000980
0.006194
0.001340
-0.002428
0.000582
0.008239
0.013422
0.002776
-0.008350
-0.000231
-0.008034
-0.007642
0.010241
0.010685
-0.011389
-0.005318
0.025056
0.036126
0.032722
0.044722
0.056589
0.058171
0.062397
0.051854
0.043031
0.037146
0.020407
0.012137
0.021627
0.030467
0.004698
-0.000396
0.021684
0.037946
0.034340
0.030059
0.011017
0.019840
0.019752
0.004441
-0.000564
0.013780
-0.003937
-0.016084
-0.002412
0.003661
-0.017009
-0.016545
0.001786
0.013124
0.002837
0.000026
0.007353
0.014292
0.011612
-0.002178
0.001563
0.007322
0.008976
0.005790
0.011521
0.003412
0.006101
0.008804
0.006902
-0.001749
0.010328
0.022945
0.019746
0.014856
0.009368
-0.004282
-0.002501
-0.001560
-0.011262
-0.009373
0.000045
-0.004585
-0.021049
-0.016349
0.009411
0.017904
0.013438
0.011556
0.010816
0.013262
0.007152
-0.007358
-0.000843
0.005350
-0.003889
-0.006344
-0.000001
-0.002401
-0.015558
-0.010219
0.006086
0.012964
0.012666
0.012032
0.007665
0.010695
-0.001445
-0.010626
0.000567
0.008738
-0.003452
-0.010127
-0.004983
0.002365
-0.005212
-0.009668
-0.000181
0.005609
0.007770
0.006203
0.009382
0.003668
-0.006231
-0.009070
0.000334
-0.000630
-0.004782
-0.009233
0.003807
0.004669
-0.006636
-0.011006
0.004754
0.012944
0.013540
0.015048
0.008811
0.013588
0.011583
-0.006923
-0.003126
0.001198
-0.005311
-0.009975
-0.003275
-0.002930
-0.002836
-0.008811
0.000668
0.001666
-0.007019
-0.010967
-0.005114
0.001601
0.007148
-0.012733
-0.007995
0.001156
-0.002456
-0.011315
0.001612
-0.002753
-0.018471
-0.018567
0.008613
0.015468
0.015767
0.015756
0.019847
0.018516
0.015824
0.005858
0.010783
0.012919
0.007957
-0.000866
0.004346
0.006996
0.001397
-0.005218
0.005961
0.010122
0.004183
0.011680
0.008511
0.008954
0.000952
-0.011213
-0.004990
0.004729
-0.008960
-0.014932
0.002815
0.001930
-0.015806
-0.012713
0.010138
0.011941
0.002380
0.007512
0.013538
0.009511
0.004127
0.003448
0.005126
0.007773
-0.002587
-0.005571
0.007762
0.004782
-0.009791
-0.003035
0.014952
0.021671
0.015267
0.012717
0.006617
0.012951
0.010209
0.002892
0.007675
0.012636
0.003769
-0.005362
0.006766
0.011036
0.001715
-0.002184
0.013815
0.019852
0.016068
0.009073
0.005967
0.008750
0.013356
0.002041
0.002771
0.002768
-0.015738
-0.023231
-0.004871
-0.000285
-0.006788
-0.011588
0.003047
0.008185
0.002667
0.000084
-0.012319
-0.005340
0.008698
-0.011597
-0.009695
-0.001531
-0.012729
-0.012637
0.000638
-0.002021
-0.018073
-0.018165
0.010466
0.015716
0.005893
0.003702
0.009383
0.008409
0.007344
-0.001595
-0.002077
0.003031
-0.001708
-0.003655
0.005436
0.000090
-0.015925
-0.016459
0.005891
0.010007
0.003835
0.000634
-0.003945
0.000237
0.001727
-0.013426
-0.005341
0.002617
-0.001035
-0.010741
0.002278
0.000673
-0.010238
-0.010542
0.004627
0.011339
0.011048
0.011248
0.010728
0.010422
0.002698
-0.008685
-0.003104
0.000698
-0.009117
-0.016840
-0.003336
-0.000781
-0.008535
-0.005678
-0.001243
-0.001371
-0.001729
0.003820
0.017058
0.009582
0.003096
-0.002339
-0.001696
-0.004536
-0.008345
-0.013241
0.001654
-0.003804
-0.016262
-0.009990
0.011059
0.018254
0.023063
0.015292
0.007655
0.010075
0.005750
-0.012038
-0.008950
-0.002984
-0.008298
-0.008093
0.005280
-0.004410
-0.017276
-0.009935
-0.000666
0.004421
0.007087
0.008604
-0.000975
0.000816
-0.001369
-0.008765
-0.002347
0.001777
0.000874
-0.004267
-0.001703
0.001179
-0.004452
-0.006031
0.004955
0.008218
0.014796
0.019435
0.009855
0.007069
0.009713
0.006702
0.010798
0.007949
-0.000280
-0.008342
-0.002294
0.005347
0.001820
-0.006775
0.001640
0.009161
0.009480
0.008903
0.005702
0.005493
0.002564
-0.008942
0.000484
0.002361
-0.005113
-0.006603
0.004095
0.003391
-0.009521
-0.007639
0.008352
0.013755
0.013536
0.010468
0.002263
0.006492
0.005424
-0.004791
-0.003512
0.002442
0.003569
-0.007095
-0.000224
-0.000293
-0.011984
-0.013328
0.007432
0.016080
0.013125
0.015431
0.012343
0.011172
0.000950
-0.002035
0.001199
0.003628
-0.006774
-0.008412
-0.005554
0.004079
-0.002847
-0.003833
0.002943
0.012250
0.011341
0.009283
0.004416
0.003256
-0.001199
-0.001449
0.002866
0.007147
-0.003705
-0.014386
0.007874
0.009396
-0.001488
-0.004900
0.009601
0.005016
-0.008220
-0.000008
0.001418
-0.001624
0.003045
-0.003316
-0.005216
-0.003730
-0.008071
-0.014289
-0.004765
-0.004973
-0.004900
-0.006505
0.001293
0.009080
0.029840
0.034296
0.028955
0.025918
0.027322
0.021705
0.020086
0.023942
0.025431
0.015692
0.014070
0.021356
0.012843
0.011708
0.027424
0.034941
0.041379
0.043174
0.043859
0.048167
0.042773
0.038597
0.041331
0.039124
0.029397
0.033591
0.031590
0.031548
0.019802
0.001292
0.013330
0.017980
0.024211
0.023089
0.013542
0.003624
0.003523
-0.003236
-0.003004
0.003328
-0.005155
-0.010821
-0.003612
0.000632
-0.008877
-0.007277
0.014029
0.024535
0.009824
0.005354
0.013284
0.008099
-0.011606
-0.004985
0.004445
0.006379
-0.004437
-0.010714
0.000112
0.001574
-0.008804
-0.007222
0.005746
0.008189
-0.002480
-0.001843
0.003320
0.005792
0.001556
-0.007993
-0.003136
0.004587
0.000524
-0.009452
0.000674
-0.004197
-0.019436
-0.014313
0.005860
0.011789
0.015026
0.016761
0.018759
0.006515
-0.002699
0.002335
0.005134
0.004348
0.000692
-0.005977
0.006015
0.011700
-0.006411
-0.012590
-0.001309
0.015184
0.013169
0.011147
0.002510
0.005410
-0.001459
-0.010131
-0.000730
-0.000147
-0.015283
-0.015588
-0.009054
-0.007801
-0.008524
-0.010240
-0.000142
0.002563
0.002842
-0.004392
-0.000581
-0.000805
0.001345
-0.010142
-0.001274
-0.000595
-0.009247
-0.014210
-0.002180
-0.001581
-0.009189
-0.013514
0.004916
0.013189
0.007604
0.005411
-0.001557
0.000595
0.008889
-0.004044
-0.003389
-0.001242
-0.012727
-0.015517
-0.007602
-0.008030
-0.010733
-0.010051
-0.000456
0.006669
0.007841
0.012530
0.008083
0.004204
0.001761
-0.005761
-0.001063
0.003537
-0.010524
-0.006987
-0.006266
-0.006194
-0.013829
-0.014410
0.001572
0.011150
0.011404
0.008989
-0.000201
0.000375
0.003361
-0.000092
0.001439
-0.001626
-0.011990
-0.014438
-0.003090
-0.001090
-0.012538
-0.016320
0.000859
0.011653
0.009229
0.007632
0.004609
0.008333
0.002191
-0.007310
0.005092
0.011572
0.005577
-0.001798
0.002349
-0.002939
-0.016879
-0.012986
0.004966
0.010996
0.009747
0.011472
0.013831
0.014659
0.007509
0.001762
0.005001
0.011538
0.009291
0.002800
0.001333
0.003100
-0.004664
-0.005799
0.003430
0.011325
0.017270
0.020113
0.017822
0.011250
0.003560
0.002886
0.009656
0.019190
0.006611
0.010501
0.021662
0.011413
0.003288
0.005904
0.011343
0.003747
0.004259
0.012087
0.011896
0.002101
0.004301
-0.002823
-0.006138
-0.006038
-0.007420
-0.009679
-0.004946
-0.006411
-0.015473
-0.014480
0.004161
0.010029
0.007811
0.009849
0.004362
0.003072
0.006969
-0.007151
-0.007244
-0.001303
-0.008800
-0.014452
-0.004846
-0.001865
-0.010690
-0.014919
0.003908
0.010284
0.000118
-0.000049
0.001232
0.005941
0.003970
-0.008789
-0.005282
0.003652
-0.005847
-0.016218
-0.004584
-0.001285
-0.012062
-0.012781
-0.000709
0.002424
0.004798
0.007668
0.003209
0.002712
0.003450
-0.008668
-0.002860
0.000633
-0.005754
-0.008395
-0.001357
0.000632
-0.004050
-0.010041
0.005051
0.008527
0.000139
0.003723
0.006489
0.006809
-0.001414
-0.005268
0.002992
0.006484
-0.000904
-0.005930
0.002894
-0.004729
-0.017127
-0.011595
0.001960
0.004581
0.006282
0.006624
0.010784
0.011292
0.004056
-0.006288
0.004667
0.008693
0.002814
-0.001919
-0.000999
0.004336
0.005166
-0.002887
-0.001030
0.008453
0.013150
0.018127
0.018773
0.015402
-0.000713
-0.010281
0.001560
0.006497
0.002707
-0.005971
0.007233
0.008685
0.000478
-0.002371
0.009327
0.012538
0.023409
0.017730
0.019861
0.019246
0.018018
0.004863
0.004901
0.006374
0.008086
0.002639
0.008871
0.001121
-0.008056
-0.011061
0.000892
0.007706
0.014533
0.008186
0.008122
0.009535
0.010645
0.001871
0.006288
0.009979
-0.000748
-0.009587
0.002910
0.006612
-0.006974
-0.012561
0.009672
0.017971
0.013720
0.010813
0.007598
0.004315
0.008384
-0.002329
-0.000553
-0.001199
-0.006204
-0.012433
0.004318
-0.003556
-0.014012
-0.006131
0.005313
0.006359
0.006789
0.005128
0.005165
0.011743
0.011651
-0.008249
-0.003805
0.005886
-0.001312
-0.009025
-0.001386
-0.006997
-0.004801
-0.001293
0.005453
0.005005
0.008559
0.017757
0.023458
0.019520
0.003875
-0.001336
0.002596
0.004092
0.007254
0.007118
0.003877
0.000095
-0.011266
-0.012378
0.006508
0.016177
0.019047
0.020434
0.016246
0.014801
0.005602
-0.002533
0.001516
0.008067
0.004156
-0.003154
-0.000986
0.005102
-0.004086
-0.005601
0.006899
0.015689
0.015219
0.011502
0.005555
0.008908
0.001944
-0.009763
-0.002019
0.001164
-0.005732
-0.011523
-0.003075
-0.004191
-0.004839
-0.009550
-0.000586
0.001380
0.002698
0.007727
0.001775
-0.000664
0.000210
-0.012271
-0.002579
0.001180
-0.004946
-0.006742
0.002751
-0.002683
-0.010887
-0.011629
-0.002619
0.000176
0.008106
0.003886
0.005969
0.002957
0.003703
-0.005424
-0.004139
-0.002316
-0.011079
-0.016872
-0.007455
-0.007069
-0.014637
-0.016465
-0.001827
0.005004
-0.001085
-0.004287
0.009111
0.006253
0.001122
-0.003205
0.000861
-0.001355
-0.000968
-0.002577
0.008140
0.000404
-0.008373
-0.013167
-0.003308
-0.003613
0.003100
0.006031
0.006460
0.004011
-0.001759
-0.018318
-0.006741
-0.001543
-0.007145
-0.010909
-0.003842
-0.002322
-0.004077
-0.013168
-0.005746
-0.002753
0.000007
-0.003077
0.003576
0.007114
0.006943
-0.011404
-0.003917
-0.000406
-0.006419
-0.014584
-0.006617
-0.008033
-0.005717
-0.009317
0.003251
0.002569
-0.002235
-0.002109
0.010003
0.006258
0.003620
-0.007253
-0.000191
-0.002590
-0.009816
-0.005539
-0.011241
-0.010806
-0.008231
-0.008261
0.002781
0.006879
0.002241
-0.000403
-0.002865
0.003570
0.008636
-0.011210
-0.005176
-0.002305
-0.007112
-0.011261
-0.001044
-0.005636
-0.020459
-0.021068
0.001872
0.005726
-0.004086
-0.001959
0.004927
0.007966
-0.005809
-0.009143
0.009149
0.011432
-0.004126
-0.009237
0.000815
0.002913
-0.001112
-0.004155
0.002327
0.005438
0.004710
0.000819
0.003064
0.011483
0.006108
-0.012596
-0.006610
0.000717
-0.003430
-0.013927
-0.006547
0.000411
-0.008695
-0.017146
-0.005521
0.006866
0.013532
0.010648
0.007473
0.011813
0.009366
-0.005833
0.001808
0.010860
-0.002039
-0.009330
0.000424
0.002109
-0.012587
-0.012092
0.011989
0.018072
0.008324
0.006053
0.005933
0.007102
0.004546
-0.011231
-0.008392
-0.004726
-0.018191
-0.022094
-0.006740
-0.004952
-0.009883
-0.009655
-0.000083
0.002460
-0.007218
-0.008634
-0.005963
-0.006557
-0.001946
-0.011012
-0.008252
-0.003057
-0.016591
-0.027683
-0.010956
-0.004514
-0.015736
-0.016741
0.001764
0.010012
0.002605
-0.003678
-0.003121
0.003830
-0.001468
-0.016028
-0.003061
0.004869
-0.004463
-0.010294
-0.000051
-0.000995
-0.009740
-0.013085
0.000872
0.009487
0.015954
0.012165
0.002187
0.001448
-0.000184
-0.010583
-0.002866
0.000159
-0.004273
-0.007790
0.006148
0.003731
-0.011172
-0.013400
0.002600
0.012309
0.011550
0.002266
-0.000663
0.005617
0.007239
-0.002611
0.005114
0.011123
-0.004320
-0.016043
-0.004394
-0.000539
-0.006960
-0.012492
-0.000029
0.005237
0.006268
0.007406
0.002805
0.004222
-0.003362
-0.013228
-0.001286
0.006555
-0.004194
-0.008135
0.000486
0.003780
-0.006308
-0.008774
0.004129
0.011661
0.009452
0.015040
0.003662
0.002777
0.001680
-0.002709
-0.001311
-0.001769
-0.010804
-0.012219
-0.006178
-0.000724
-0.010782
-0.016739
-0.001326
0.012501
0.011255
0.005902
0.003562
0.009661
0.002010
-0.004545
0.004356
0.010556
0.002062
-0.008537
-0.003637
0.004067
-0.007810
-0.014149
0.002680
0.016462
0.012198
0.008748
0.006394
0.005598
-0.000472
-0.004811
0.005880
0.010255
-0.002628
-0.005307
-0.000310
0.003043
-0.007298
-0.014024
-0.002180
0.006425
0.000511
0.004808
0.005898
0.015966
0.006727
0.000346
0.002581
0.010403
0.021881
0.015066
0.007939
0.008790
-0.006587
-0.037728
-0.057955
