-0.014084
-0.006817
-0.006640
0.021751
-0.017040
-0.011548
0.002395
-0.003960
0.008671
0.000726
0.007957
0.011096
0.018708
0.004941
0.002276
0.011729
0.029734
0.043336
0.058932
0.060993
0.083489
0.111376
0.115538
0.134506
0.192294
0.290946
0.434184
0.578619
0.683208
0.726683
0.734384
0.734660
0.634073
0.505309
0.354121
0.235121
0.185444
0.137100
0.091887
0.086286
0.084011
0.085256
0.092025
0.060897
0.049210
0.033625
0.018981
0.020441
0.033117
0.044149
0.047636
0.054449
0.062115
0.066654
0.061589
0.045128
0.055745
0.067482
0.068146
0.050039
0.062359
0.097030
0.123979
0.145336
0.121358
0.109391
0.095212
0.056612
0.038686
0.033693
0.028864
0.015544
0.008611
0.002242
0.002273
0.002537
0.008735
0.004160
-0.000456
0.000973
0.023437
0.010481
0.013453
0.019618
0.027120
0.007574
0.004649
0.001748
0.019414
0.014922
0.004905
0.005270
0.008554
-0.012288
-0.003972
0.015923
0.029492
0.037389
0.042758
0.055948
0.076297
0.091935
0.094507
0.097584
0.098803
0.125315
0.177479
0.226894
0.302113
0.367341
0.412525
0.441034
0.399349
0.334204
0.302546
0.279336
0.286537
0.285937
0.290223
0.289490
0.279061
0.280859
0.320340
0.331734
0.354252
0.377355
0.380839
0.345327
0.300902
0.249130
0.219728
0.200690
0.192776
0.177097
0.179164
0.169864
0.163652
0.137145
0.129339
0.109112
0.102085
0.102844
0.112970
0.107925
0.103601
0.111822
0.110366
0.101669
0.098858
0.085462
0.073474
0.055925
0.054924
0.039895
0.038370
0.033884
0.041647
0.022680
0.011452
0.017078
0.037228
0.040578
0.043624
0.041962
0.067765
0.064696
0.042528
0.032990
0.048895
0.040494
0.045494
0.035049
0.043459
0.065787
0.088341
0.089398
0.070935
0.063843
0.067519
0.055690
0.050093
0.031995
0.025167
0.027238
0.038373
0.034792
0.037418
0.035735
0.043559
0.063041
0.083433
0.101956
0.100135
0.096551
0.093974
0.075926
0.070573
0.048656
0.047927
0.046101
0.040864
0.034816
0.037534
0.026082
0.024506
0.012768
0.001679
0.008815
0.019523
0.026469
0.027878
0.015093
0.013725
0.012431
0.002970
0.002988
0.002138
-0.008835
-0.007217
-0.000542
0.006613
-0.008697
-0.013268
-0.001404
0.015331
0.006411
0.008926
0.000298
0.004504
0.001541
-0.004473
0.003003
0.002413
-0.012589
-0.017250
-0.006805
-0.005224
-0.017201
-0.016579
0.002148
0.009973
0.006311
0.008343
0.001053
-0.003057
-0.002945
-0.007753
-0.001601
-0.006231
-0.021775
-0.024216
0.002388
0.002068
-0.012688
-0.009578
0.013949
0.016778
0.003414
-0.000172
-0.003243
-0.003829
0.003223
-0.008149
-0.012445
-0.011218
-0.025441
-0.028916
-0.003758
-0.001373
-0.011325
-0.018513
-0.002812
0.010444
0.006421
0.004985
-0.004820
0.006284
0.012620
0.006324
0.002694
0.014136
0.006056
-0.007912
0.003048
0.006125
-0.015564
-0.009850
0.021874
0.038865
0.031010
0.039724
0.048389
0.059700
0.054647
0.053279
0.053217
0.059984
0.059657
0.053117
0.037323
0.041049
0.039325
0.041104
0.044951
0.042310
0.041101
0.051559
0.055685
0.060305
0.050211
0.046849
0.038661
0.042127
0.033505
0.032342
0.033529
0.040139
0.041011
0.054585
0.052062
0.049194
0.046112
0.053331
0.055079
0.054610
0.040245
0.032064
0.026782
0.029723
0.025148
0.027683
0.021965
0.034458
0.034956
0.030786
0.036111
0.046929
0.051929
0.064313
0.077884
0.078260
0.062235
0.057181
0.054149
0.053392
0.037961
0.042450
0.041648
0.050409
0.057282
0.080812
0.088786
0.083460
0.077344
0.076875
0.071968
0.067377
0.043397
0.038000
0.038029
0.041405
0.030660
0.024626
0.027105
0.037755
0.021334
0.013661
0.017464
0.031092
0.030483
0.038061
0.035460
0.032595
0.019261
0.017152
0.016347
0.018809
0.010991
0.003389
0.015949
0.022000
0.003448
-0.001132
0.022676
0.035981
0.035378
0.037219
0.026764
0.033697
0.037635
0.022291
0.027297
0.039736
0.022122
0.004694
0.020773
0.022112
-0.003871
-0.000369
0.018938
0.031539
0.037805
0.050324
0.035656
0.032440
0.025192
0.031088
0.033547
0.044022
0.031779
0.031842
0.033261
0.050992
0.032551
0.046032
0.062338
0.077345
0.114410
0.177828
0.205884
0.253884
0.317387
0.410897
0.483057
0.577671
0.675352
0.840875
0.937029
0.969810
0.969555
0.965684
0.958889
0.911718
0.839534
0.652236
0.490281
0.422210
0.375898
0.280670
0.257201
0.276272
0.301289
0.308822
0.283639
0.233091
0.232985
0.231458
0.208314
0.192321
0.181681
0.199757
0.198009
0.191291
0.170446
0.165233
0.145614
0.140998
0.119871
0.101938
0.062465
0.064605
0.054972
0.045296
0.033877
0.044260
0.051569
0.054707
0.047586
0.048993
0.036717
0.034689
0.033474
0.040296
0.032631
0.040676
0.044663
0.055094
0.078543
0.113836
0.136970
0.132255
0.114289
0.125725
0.139107
0.139328
0.119318
0.092240
0.068043
0.055593
0.042294
0.044794
0.033870
0.035345
0.023006
0.014942
0.027692
0.039649
0.044652
0.049592
0.036433
0.026102
0.020503
0.015554
0.011931
0.012082
0.001416
-0.002888
0.007113
0.018860
0.005539
-0.005872
0.005068
0.019198
0.007231
0.006597
0.009485
0.012548
0.001254
0.002060
-0.000709
0.006987
-0.008639
-0.020814
0.010962
0.014237
-0.004598
-0.010342
0.009282
0.014588
0.004870
-0.003401
-0.002933
-0.003291
0.011164
-0.005025
-0.014787
-0.006941
-0.019910
-0.021713
-0.002797
-0.008772
-0.024856
-0.023022
0.003918
0.012338
0.006937
0.006103
-0.012143
-0.001690
0.012065
0.000639
-0.003083
0.001261
-0.011525
-0.020834
-0.003174
-0.001481
-0.016722
-0.023001
-0.001690
0.009512
0.001864
-0.000492
-0.000517
0.005282
0.007082
-0.004920
-0.002668
0.000553
-0.012512
-0.009706
0.001672
0.000295
-0.012661
-0.009695
0.010640
0.017433
0.008190
0.007616
-0.006242
-0.002240
0.003458
0.001002
0.000294
0.006381
-0.003843
-0.010882
0.000050
0.001060
-0.009912
-0.015146
0.002254
0.010877
0.004929
0.005534
0.000693
-0.000277
-0.001877
-0.008885
0.000897
-0.002443
-0.016149
-0.017219
-0.008971
-0.004783
-0.010898
-0.019059
-0.002910
0.004221
-0.004043
-0.006809
-0.006929
0.002040
-0.002186
-0.013807
-0.001333
0.003495
-0.014523
-0.015888
-0.004499
-0.001641
-0.005583
-0.010216
0.006521
0.004918
-0.001812
-0.002516
0.000194
0.001678
-0.000883
-0.017115
-0.005716
-0.001141
-0.011572
-0.012034
-0.004795
-0.002732
-0.010300
-0.012433
0.004500
0.013082
0.008285
0.006251
0.002820
0.002821
0.001297
-0.003473
0.004163
0.007076
-0.005682
-0.013004
0.005726
0.004181
-0.014829
-0.015697
0.006284
0.010457
0.005516
0.002458
-0.004483
-0.004006
-0.005637
-0.015801
-0.005872
-0.004942
-0.014432
-0.014599
-0.006803
-0.009243
-0.007450
-0.003316
0.011632
0.008142
0.004452
0.002856
-0.013213
-0.009893
0.016044
-0.005752
-0.031740
-0.016080
-0.039972
-0.044833
-0.023155
-0.011909
-0.012627
-0.029903
-0.002221
0.004429
-0.009701
-0.025959
-0.021303
-0.017291
-0.000583
-0.019856
-0.020044
-0.010210
-0.030325
-0.047881
-0.023452
-0.012568
-0.022587
-0.034954
0.002731
0.006916
-0.015326
-0.037181
-0.017403
-0.011562
-0.006204
-0.017007
-0.008925
-0.009903
-0.025581
-0.036394
-0.019224
-0.015917
-0.008066
-0.030651
0.000309
-0.017614
-0.028293
-0.050035
-0.033497
-0.030423
0.003430
-0.029872
-0.038743
-0.022018
-0.045737
-0.049928
-0.015229
-0.026642
-0.035172
-0.042323
0.000659
-0.009497
-0.017418
-0.018131
-0.012842
-0.020733
-0.015421
-0.015222
-0.010655
-0.009725
-0.023159
-0.020279
0.008425
0.003743
-0.025197
-0.017261
0.014094
0.024105
0.010671
0.011029
0.004728
0.000506
-0.009502
-0.005946
-0.001033
0.005798
-0.002916
-0.010476
-0.002515
0.000054
-0.017330
-0.014609
0.008776
0.018745
0.017813
0.009794
0.009682
0.007076
0.001627
0.002782
0.006566
0.003572
-0.007133
-0.011033
-0.003447
0.001944
-0.005046
-0.008134
-0.000951
0.007335
0.008736
0.006123
-0.000273
-0.001392
0.000313
-0.003280
-0.005024
-0.005819
-0.011999
-0.012208
-0.001341
-0.001099
-0.015869
-0.011429
0.011269
0.021115
0.005305
0.000711
0.002123
0.004381
0.007484
0.004009
0.003213
0.002152
-0.016802
-0.022799
0.001629
0.001902
-0.007422
-0.007960
0.008632
0.013640
0.007187
0.006707
-0.015260
-0.011039
0.003793
-0.001977
-0.006267
-0.003569
-0.027654
-0.030559
-0.011381
-0.002228
-0.013300
-0.017033
0.004994
0.014238
-0.001312
0.021280
0.026691
0.028190
0.030194
0.035270
0.032025
0.036138
0.037123
0.031429
0.042323
0.042320
0.072905
0.127978
0.162815
0.157326
0.145486
0.159747
0.165185
0.177313
0.184416
0.178552
0.180635
0.160809
0.131289
0.120998
0.103060
0.106431
0.106664
0.112949
0.118606
0.115575
0.105672
0.101530
0.097408
0.096785
0.086712
0.077360
0.064164
0.061323
0.057513
0.050840
0.046341
0.052964
0.048206
0.048730
0.041065
0.032820
0.032735
0.037143
0.039127
0.022965
0.008022
0.006756
0.016463
0.012696
-0.005447
-0.001727
0.003779
0.015683
0.004673
-0.004237
0.013247
0.024736
0.008591
0.001850
0.001333
0.003319
0.003453
-0.006580
-0.004817
-0.003618
-0.025988
-0.031638
-0.001414
-0.004426
-0.012210
-0.015222
0.005603
0.009923
0.001241
-0.007607
-0.012834
-0.008763
0.010450
-0.002882
-0.012818
-0.009907
-0.023336
-0.020030
-0.006674
-0.010504
-0.015166
-0.021376
-0.004107
0.003727
0.000461
-0.011480
-0.014999
-0.010418
-0.005153
-0.020915
-0.014337
-0.005811
-0.030107
-0.031847
-0.008927
-0.013898
-0.023340
-0.026363
-0.001238
0.004965
-0.004071
-0.013678
-0.016130
-0.006856
0.007935
-0.006043
-0.006576
0.002327
-0.017724
-0.025080
-0.006399
-0.006176
-0.013536
-0.014079
0.008260
0.006710
-0.004377
-0.009546
-0.007597
-0.009399
-0.001513
-0.007265
0.000374
-0.009667
-0.029561
-0.026595
-0.001505
-0.010768
-0.010392
-0.017117
0.015269
0.012859
0.002542
-0.007003
-0.014234
-0.010103
0.011022
-0.015571
-0.022197
-0.009367
-0.032752
-0.036636
-0.012187
-0.008941
-0.024614
-0.024051
0.005679
0.016678
0.003782
0.006982
-0.004443
-0.000285
0.008384
0.002176
0.001238
0.006155
-0.006210
-0.016140
0.005746
0.008668
-0.016519
-0.018385
0.004945
0.022370
0.020415
0.014312
0.006077
0.005699
0.003417
0.001456
0.006393
0.008490
-0.002478
-0.007513
0.002591
0.005347
-0.013016
-0.013232
0.005024
0.016152
0.010588
0.007306
0.001324
-0.000347
-0.003235
-0.000824
0.009773
0.009572
-0.004655
-0.010390
-0.003053
0.005641
-0.000075
-0.007145
0.005993
0.016458
0.013611
0.012003
0.002953
0.004908
0.008369
0.006750
0.003650
0.003205
-0.008758
-0.005916
0.001193
0.004225
-0.007045
-0.008171
0.004961
0.018560
0.009494
0.008858
-0.000373
0.002321
0.000257
-0.003885
-0.003137
-0.006014
-0.018266
-0.020686
-0.001395
0.004901
-0.006379
-0.011580
0.007262
0.014726
0.007930
-0.005220
-0.018817
-0.012256
0.000161
-0.012136
-0.009186
-0.005084
-0.022931
-0.029782
-0.002881
-0.004392
-0.023105
-0.020105
0.019166
0.031637
0.000530
-0.004731
-0.015217
-0.004207
0.010093
-0.005606
-0.008137
0.002470
-0.015381
-0.027161
-0.016424
-0.016281
-0.025885
-0.025814
-0.002859
0.005297
-0.004414
0.002826
0.004036
0.004631
-0.003759
-0.012137
0.000673
0.001232
-0.008641
-0.010242
-0.001888
-0.001354
-0.015624
-0.014161
0.009989
0.021854
0.014824
0.013051
0.007162
0.008412
0.005902
-0.001489
-0.003926
0.001166
-0.010031
-0.011241
0.000595
0.003770
-0.006772
-0.006602
0.007405
0.015551
0.006886
0.001371
-0.001971
0.007371
0.008271
-0.003252
-0.002890
0.006328
-0.012449
-0.012654
0.002650
-0.001410
-0.015436
-0.010116
0.007878
0.016869
0.019979
0.012457
0.006374
0.003632
0.004032
0.000323
0.002498
0.005496
-0.002266
-0.007288
0.004771
0.006515
-0.008162
-0.009321
0.012696
0.022108
0.012709
0.019294
0.005744
0.005315
0.003704
-0.003887
-0.004973
0.001677
-0.012405
-0.018216
0.002423
0.005807
-0.015225
-0.013113
0.009220
0.022160
0.016222
0.009879
-0.001463
0.001666
0.008891
0.002176
-0.000168
-0.000179
-0.013207
-0.016091
-0.002535
-0.006042
-0.016474
-0.011326
0.005776
0.009913
0.005600
-0.000470
0.001323
0.003795
0.014146
0.012130
0.010075
0.006686
-0.011049
-0.015270
0.005586
0.000461
-0.015738
-0.015592
0.007225
0.010576
0.005309
0.002039
-0.003045
0.002849
0.009972
0.002696
-0.002498
0.000020
-0.015956
-0.019004
-0.000541
-0.003080
-0.017417
-0.016935
0.003023
0.010661
0.010983
0.011703
0.001035
0.003015
0.006617
-0.005605
-0.005846
0.005205
-0.012212
-0.020101
0.003359
0.008302
-0.008759
-0.008844
0.011337
0.017111
0.013934
0.002568
-0.012557
-0.006882
-0.002531
-0.014065
-0.011459
-0.008131
-0.021681
-0.019471
-0.005299
-0.007986
-0.015440
-0.012677
0.006000
0.011467
-0.005600
-0.008124
-0.012680
-0.004458
0.002177
-0.003757
-0.006198
-0.002602
-0.033234
-0.038815
-0.016018
-0.011730
-0.014988
-0.018835
-0.001261
0.009754
-0.006673
-0.007305
0.007115
0.008180
0.000896
-0.007793
-0.007038
0.007851
0.000720
-0.006059
0.006326
0.009742
-0.016948
-0.002595
0.035498
0.063106
0.059107
0.061938
0.079515
0.078237
0.058325
0.070825
0.083987
0.085824
0.082556
0.079930
0.067147
0.056815
0.038029
0.026772
0.021392
0.028994
0.046087
0.046931
0.045779
0.044869
0.036648
0.028221
0.039003
0.049677
0.035377
0.032974
0.033010
0.019317
0.005682
0.016744
0.025861
0.018187
0.021011
0.013269
0.020030
0.011568
0.008556
-0.014394
-0.015926
-0.011999
-0.029086
-0.038319
-0.009747
-0.013666
-0.001225
-0.012481
0.002166
-0.010989
-0.029162
-0.037290
-0.009676
-0.010972
0.007911
-0.011541
-0.009594
0.000169
-0.021192
-0.028880
-0.014600
-0.020899
-0.041914
-0.043082
-0.010001
0.007663
0.004548
-0.006976
-0.003285
0.000763
-0.002396
-0.015758
-0.004114
0.001848
-0.009326
-0.009539
0.002049
0.001105
-0.010332
-0.011306
0.007742
0.013197
0.011422
0.010668
-0.002207
-0.006700
0.009804
-0.008047
-0.027091
-0.013591
-0.025178
-0.039060
-0.011243
-0.002856
0.004184
-0.008708
0.011077
0.006659
-0.015500
-0.020048
-0.029052
-0.027517
-0.000527
-0.010156
-0.022163
-0.013787
-0.035638
-0.043779
-0.017150
-0.020889
-0.029619
-0.031462
0.004669
-0.005082
-0.019324
-0.010001
-0.004493
-0.008778
0.008620
0.005774
0.001883
0.000855
-0.010833
-0.017138
0.000723
-0.004610
-0.028551
-0.028433
0.007471
0.019689
0.009417
0.001540
0.001450
0.006631
0.005693
0.000187
0.003261
0.002897
-0.009478
-0.017654
0.002863
0.010948
0.002570
-0.003287
0.008019
0.017147
0.020741
0.015912
0.010558
0.005642
0.005949
0.006589
0.006027
-0.002118
-0.020448
-0.023111
0.004350
0.003489
-0.017214
-0.021598
0.004148
0.012484
0.003273
-0.002800
0.000801
0.002791
0.000542
-0.005514
-0.002541
-0.003354
-0.014839
-0.016549
0.001788
0.003373
-0.013863
-0.010242
0.010259
0.009230
0.000500
-0.002247
-0.005680
-0.003409
-0.000664
-0.014221
-0.011084
-0.007996
-0.024079
-0.029414
-0.003595
-0.012484
-0.020526
-0.016185
0.000034
0.002186
-0.000523
-0.010238
-0.007933
-0.006319
-0.000245
-0.005296
-0.002346
0.000605
-0.023050
-0.025238
-0.006515
-0.008043
-0.016883
-0.014626
0.008458
0.007104
-0.001454
-0.005124
-0.010408
-0.007063
0.015445
-0.005075
-0.006322
-0.003045
-0.020962
-0.027862
-0.005341
-0.008546
-0.020495
-0.018240
0.004292
0.011095
0.011127
-0.000569
-0.006026
-0.006134
0.001102
-0.009923
-0.006634
0.001321
-0.017682
-0.022640
-0.006637
-0.002283
-0.012702
-0.012076
0.009004
0.016436
0.003913
-0.003328
-0.006215
-0.003328
0.010134
-0.008013
-0.008293
-0.005643
-0.030215
-0.035690
-0.012240
-0.025406
-0.018265
-0.016625
0.004748
-0.005628
-0.015672
-0.014419
-0.008564
-0.012501
0.005701
-0.006452
-0.010230
-0.007112
-0.021279
-0.027732
-0.003064
-0.006496
-0.026694
-0.025315
0.004601
0.014904
0.007350
-0.006268
-0.004154
-0.000306
0.001578
-0.009052
-0.002955
-0.002101
-0.021858
-0.026777
0.000856
-0.006218
-0.015900
-0.014157
0.004851
0.005865
0.004798
0.004302
-0.001238
-0.003621
-0.003489
-0.011269
-0.006666
0.000102
-0.011419
-0.015001
-0.006623
-0.006264
-0.023306
-0.020921
0.006313
0.014807
0.009173
0.006552
0.005588
0.008313
0.009288
0.007472
0.006835
0.005458
-0.005391
-0.007065
0.005235
0.005430
-0.007352
-0.006661
0.008972
0.013615
0.006823
0.007011
0.000839
-0.000408
0.002759
-0.003927
-0.001418
-0.002875
-0.015666
-0.013582
-0.003987
0.004585
-0.001599
-0.004650
0.003778
0.016964
0.008361
0.000063
-0.010478
-0.007944
-0.004822
-0.017401
-0.010841
-0.002807
-0.015692
-0.021617
-0.008036
-0.006989
-0.020978
-0.021623
0.002907
0.015584
0.009086
0.010775
0.000478
0.000260
0.001134
-0.003251
0.000173
0.005212
-0.004628
-0.012405
-0.000445
0.004519
-0.009674
-0.014167
0.003429
0.012927
0.006233
0.006851
0.005992
0.009572
0.005406
0.001655
0.006828
0.009657
-0.003921
-0.003025
0.007965
0.009900
-0.006747
-0.008537
0.005884
0.017758
0.015416
0.010635
0.002196
0.006837
0.006957
0.004423
0.005227
0.009942
-0.006620
-0.013638
-0.001708
0.002574
-0.011764
-0.012957
0.008408
0.018178
0.005316
0.009104
0.005830
0.007233
0.002578
-0.000836
-0.001755
0.001765
-0.006313
-0.003794
-0.000050
0.004660
-0.004454
-0.009377
0.002080
0.018148
0.014859
0.010179
0.003558
0.008008
0.000039
-0.004056
0.003561
0.004823
-0.004633
-0.009563
-0.001800
0.001288
-0.006315
-0.006145
-0.001654
0.008564
0.013354
0.010635
0.008389
0.007067
0.000754
-0.007352
-0.003777
-0.000428
-0.009997
-0.016127
-0.002333
0.003412
-0.003727
-0.010666
0.005473
0.012034
0.005650
0.008376
0.001613
-0.000385
-0.002762
-0.012345
-0.001583
-0.000100
-0.013776
-0.014685
-0.000152
-0.001231
-0.008890
-0.009402
0.010431
0.017227
0.013246
0.013454
-0.004396
-0.005111
0.010112
0.008886
0.003017
-0.000373
-0.010793
-0.013852
-0.012843
-0.006739
-0.015678
-0.018463
0.003867
0.016039
0.007557
0.005440
-0.000889
0.004303
0.011685
0.003220
0.001077
0.002684
-0.012052
-0.015090
0.003134
-0.003564
-0.008601
-0.008016
0.006967
0.006202
-0.003994
-0.009809
-0.011198
-0.011606
-0.001840
-0.021053
-0.021298
-0.003750
-0.025012
-0.030793
-0.009149
-0.007012
-0.011824
-0.015072
0.002465
0.004436
-0.002931
-0.010927
-0.006744
-0.005997
-0.001915
-0.016092
-0.006916
-0.002428
-0.023453
-0.024882
-0.013168
-0.014439
-0.026276
-0.026273
-0.001017
0.011313
0.003968
-0.004752
-0.003004
0.002059
0.003439
-0.007000
-0.003966
-0.000881
-0.020989
-0.032286
-0.007907
-0.000765
-0.008076
-0.011504
0.003722
0.008725
0.007177
-0.003698
-0.002604
-0.002797
-0.001916
-0.013883
-0.009901
-0.005664
-0.023017
-0.028621
-0.011281
-0.011062
-0.013440
-0.015608
0.002734
0.005305
-0.000428
-0.006028
-0.006263
-0.004786
0.010868
-0.003374
-0.007817
-0.005114
-0.020384
-0.023896
-0.005003
-0.000951
-0.014302
-0.022222
0.003124
0.019393
0.012629
0.007634
-0.001223
0.004425
0.008652
-0.003743
-0.003098
0.000365
-0.012043
-0.023495
-0.005289
-0.003101
-0.012127
-0.016093
0.003463
0.008074
0.004403
0.000232
-0.003698
0.003525
0.006109
-0.008177
-0.007881
-0.006336
-0.017087
-0.018334
0.004131
0.003834
-0.018550
-0.022066
0.001878
0.008696
0.008493
0.005483
-0.006466
-0.002677
0.005654
0.005128
0.004520
-0.003897
-0.031001
-0.026047
-0.002563
0.004475
-0.007643
-0.008543
0.011654
0.025969
0.018430
0.004116
-0.009326
-0.006250
0.001568
-0.008676
-0.011392
-0.005473
-0.025536
-0.032375
-0.007900
0.003511
-0.012099
-0.011069
0.018655
0.025432
-0.003989
-0.016021
-0.011094
-0.006155
0.006354
-0.007336
-0.011890
-0.009088
-0.022543
-0.031947
-0.011448
-0.012045
-0.017569
-0.026437
-0.002988
0.001295
-0.007495
-0.007838
-0.016379
-0.008768
0.007992
-0.008210
-0.010667
-0.002591
-0.023081
-0.025773
-0.008895
-0.009856
-0.026407
-0.020591
0.003215
0.017689
0.017766
0.006109
-0.001648
0.005640
0.004372
-0.011008
-0.005968
-0.000033
-0.018105
-0.025303
-0.008767
0.000314
-0.006216
-0.011643
0.005843
0.009856
0.002689
-0.010023
-0.010652
-0.001533
0.004580
-0.011243
-0.020000
-0.013229
-0.031975
-0.042206
-0.016298
-0.020307
-0.025532
-0.026134
0.008898
0.005554
-0.016723
-0.026095
-0.009106
0.001121
0.016108
-0.011167
-0.015244
-0.004998
-0.027313
-0.035562
-0.016537
-0.017254
-0.006927
-0.012760
0.011384
0.000050
-0.006917
-0.021946
-0.018172
-0.031689
-0.012964
-0.025352
-0.032743
-0.020238
-0.032027
-0.043764
-0.012480
-0.021809
-0.034357
-0.033389
0.001606
0.003956
-0.011993
-0.011471
-0.010765
-0.009022
-0.004649
-0.007308
-0.006949
0.002512
0.007329
-0.004397
0.000798
0.002494
-0.027474
-0.057900
-0.057943
