-0.010962
-0.005105
-0.009219
0.004676
-0.036328
-0.022254
-0.017722
-0.021769
-0.013041
-0.016167
-0.005135
0.005736
0.001191
-0.005318
-0.007480
-0.003309
-0.002463
-0.002316
0.002874
0.002990
0.009437
0.005245
-0.009693
-0.002864
0.012590
0.014933
0.012042
0.022019
0.019846
0.044243
0.081966
0.109443
0.085763
0.076111
0.082436
0.066061
0.055835
0.048080
0.047518
0.040245
0.038701
0.024879
0.035777
0.031210
0.041087
0.019364
-0.000203
0.010243
0.030158
0.030659
0.039383
0.036116
0.055998
0.060881
0.062222
0.051599
0.065327
0.060665
0.080263
0.094900
0.118678
0.144473
0.191956
0.208918
0.179883
0.141177
0.121430
0.104680
0.106438
0.089031
0.069590
0.060783
0.062001
0.064807
0.066827
0.058681
0.060587
0.078311
0.088231
0.074875
0.060223
0.050807
0.055638
0.049731
0.041160
0.021990
0.024746
0.024158
0.023379
0.014519
0.019336
0.016538
0.020757
0.003249
0.003810
0.008808
0.021878
0.021785
0.027650
0.023974
0.034576
0.034692
0.037699
0.030808
0.033313
0.028013
0.035236
0.043897
0.053355
0.072974
0.113346
0.136724
0.133835
0.119064
0.124354
0.131485
0.154607
0.143298
0.137505
0.121800
0.106521
0.093156
0.099404
0.080716
0.087935
0.105473
0.130321
0.129602
0.122709
0.098938
0.098126
0.095640
0.096359
0.080426
0.081330
0.074882
0.065691
0.049081
0.041941
0.042817
0.049120
0.036636
0.025076
0.017458
0.022650
0.033986
0.035619
0.028722
0.028856
0.022897
0.027223
0.023991
0.021302
0.013551
0.014847
0.022834
0.027646
0.021342
0.018011
0.017677
0.025743
0.029962
0.032239
0.026419
0.034447
0.034016
0.029302
0.022457
0.025400
0.026529
0.027825
0.035533
0.041877
0.052395
0.061871
0.049647
0.040338
0.040638
0.046177
0.037143
0.045248
0.055061
0.052495
0.042874
0.046538
0.053006
0.077451
0.101782
0.127366
0.163521
0.198197
0.215334
0.186539
0.144359
0.123500
0.112400
0.108287
0.091167
0.066357
0.047118
0.038683
0.040503
0.040541
0.032425
0.032437
0.033446
0.019680
0.011730
0.015809
0.024285
0.019854
0.023739
0.017071
0.009001
0.012466
0.020401
0.021693
0.003962
0.004162
0.011036
0.023083
0.010730
-0.001285
0.008328
0.020655
0.014308
0.017598
0.004485
0.007191
0.006774
0.001568
0.000839
0.008604
-0.005138
-0.007208
0.008949
0.009016
-0.010447
-0.007065
0.013948
0.025005
0.026445
0.028639
0.014478
0.011261
0.013548
0.014203
0.009050
0.006928
-0.002448
-0.000455
0.007577
0.010463
-0.003833
-0.004698
0.012140
0.021604
0.017868
0.012008
0.001200
-0.001395
-0.004574
-0.008905
-0.002319
-0.001548
-0.020911
-0.025911
-0.000407
0.005080
-0.010651
-0.016936
0.002385
0.011058
-0.004084
-0.000635
-0.006765
-0.004292
-0.001056
-0.002534
-0.002958
0.001987
-0.002073
-0.009067
0.003366
0.003705
-0.018244
-0.014392
0.013414
0.026207
0.017290
0.024048
0.021245
0.039493
0.043087
0.045232
0.039654
0.053281
0.045963
0.033480
0.025064
0.027572
0.018518
0.017380
0.019670
0.023561
0.029718
0.032769
0.031278
0.027065
0.019700
0.020065
0.011428
0.014742
0.018386
0.029931
0.020564
0.025052
0.037852
0.055389
0.055596
0.048535
0.043884
0.045031
0.043464
0.035958
0.026303
0.027574
0.026125
0.023902
0.019972
0.025155
0.017204
0.018871
0.013741
0.021486
0.021216
0.027659
0.034598
0.048719
0.044942
0.056361
0.067633
0.081225
0.071452
0.067500
0.064716
0.067157
0.054300
0.054490
0.078138
0.105789
0.109046
0.100268
0.100432
0.097187
0.085424
0.084906
0.063175
0.054899
0.043657
0.041544
0.027808
0.027626
0.027033
0.034885
0.024005
0.018017
0.016954
0.030347
0.035160
0.037474
0.037269
0.042596
0.029548
0.027963
0.027302
0.030824
0.017245
0.015636
0.013009
0.021664
0.014744
0.005736
0.005732
0.013697
0.018197
0.025260
0.021407
0.023413
0.013246
0.016491
0.015929
0.022573
0.016993
0.015308
0.016359
0.021815
0.011947
0.010387
0.009077
0.014324
0.021080
0.023713
0.022801
0.026819
0.013818
0.006545
0.010967
0.018208
0.011237
0.015732
0.018448
0.030778
0.017664
0.021141
0.031516
0.050046
0.082632
0.128395
0.152327
0.207260
0.269987
0.344170
0.408522
0.498186
0.577057
0.737209
0.861536
0.925515
0.925954
0.919270
0.906187
0.832147
0.732128
0.540197
0.416602
0.350012
0.306099
0.245003
0.221822
0.202670
0.190924
0.201654
0.135969
0.091869
0.069846
0.043284
0.027073
0.030620
0.040878
0.040390
0.041475
0.052627
0.046624
0.034818
0.028268
0.030560
0.027358
0.025729
0.020082
0.027498
0.024965
0.021857
0.020253
0.029892
0.032463
0.039683
0.040402
0.049190
0.046216
0.051159
0.044229
0.043671
0.036304
0.033347
0.039896
0.046721
0.064061
0.086322
0.091929
0.078990
0.064113
0.069281
0.074161
0.076647
0.054267
0.034636
0.025811
0.029025
0.020473
0.021881
0.019788
0.025046
0.014553
0.011009
0.017225
0.024698
0.026228
0.027845
0.032547
0.035499
0.022046
0.016304
0.018695
0.028211
0.019605
0.015484
0.018594
0.025273
0.014577
0.013228
0.023708
0.034193
0.028850
0.033802
0.035052
0.037461
0.020227
0.015648
0.022521
0.025644
0.010427
0.007145
0.014086
0.020728
0.008627
0.002195
0.010176
0.017242
0.022248
0.023725
0.013485
0.011409
0.000819
0.000276
0.008218
0.012698
-0.001576
-0.000517
0.011967
0.018402
0.000048
-0.002232
0.009541
0.020913
0.018232
0.013933
0.001129
0.002455
0.001912
-0.002393
0.002011
0.004380
-0.010309
-0.018573
-0.003480
-0.000096
-0.011455
-0.014767
0.002108
0.011653
0.007296
0.012551
0.001005
-0.000055
0.004792
0.002235
0.005617
0.004111
-0.003870
-0.005425
0.006599
0.003988
-0.008549
-0.006208
0.011445
0.017875
0.012696
0.016179
0.010243
0.013466
0.008910
0.005293
0.007751
0.014913
0.003075
-0.004090
-0.006464
0.003144
-0.002560
-0.010675
0.002624
0.011776
0.020000
0.019906
0.008882
0.004397
0.001422
-0.001799
0.007389
0.008472
-0.003058
-0.006861
0.000769
0.009029
-0.000283
-0.005081
0.007344
0.017670
0.012944
0.011730
0.003251
0.012872
0.007935
-0.004853
0.001875
0.009667
-0.004455
-0.006454
-0.000407
0.001085
-0.015464
-0.020138
-0.001395
0.009909
0.010024
0.013216
0.007949
0.015685
0.010772
0.010081
0.009578
0.015575
0.005084
-0.001760
0.000553
0.013422
0.004874
-0.004690
0.005974
0.017936
0.018802
0.019091
0.008086
0.008014
0.005597
0.006906
0.010157
0.010927
0.000910
-0.002999
-0.003719
0.003223
-0.002766
-0.008755
-0.000598
0.009774
0.012799
0.008608
0.005620
0.007918
0.000057
-0.000468
0.005947
0.008667
0.002196
-0.001691
0.001151
0.007161
-0.001834
-0.008775
-0.002503
0.006122
0.010308
0.012646
0.004469
0.002110
-0.001175
0.001680
0.012184
0.014312
0.000515
0.000021
0.007045
0.008028
-0.003133
-0.000965
0.015778
0.018712
0.017311
0.014162
0.006320
0.000963
0.003079
-0.002204
-0.008242
-0.011280
-0.022045
-0.020806
-0.001414
-0.006802
-0.010200
-0.011953
-0.003717
-0.000903
0.000247
-0.009386
-0.021890
-0.014772
-0.002177
-0.012710
-0.015959
-0.001919
-0.019061
-0.032183
-0.010961
-0.006090
-0.010778
-0.006668
0.014433
0.015470
-0.002524
-0.002319
0.003382
0.001129
0.000871
-0.006176
-0.002396
-0.003205
-0.010898
-0.010070
0.010514
0.003400
-0.023482
-0.019901
0.009995
0.018944
0.010443
0.009435
0.004672
0.008131
0.000387
-0.004051
0.001296
0.011378
-0.004194
-0.007830
0.003974
0.005193
-0.012983
-0.012986
0.004064
0.015231
0.009619
0.009471
0.011007
0.014355
0.001710
0.002095
0.007254
0.011286
0.003222
-0.002951
-0.001193
0.009166
-0.003422
-0.011940
0.002847
0.016272
0.016996
0.015110
0.009925
0.006920
0.000814
0.007660
0.011570
0.011297
-0.000032
-0.003799
-0.002643
0.010374
0.004722
-0.008420
-0.000499
0.008651
0.013757
0.014787
0.008033
0.008676
0.008768
0.001964
0.011026
0.012967
-0.000237
-0.001041
0.002075
0.006487
-0.003172
-0.005564
0.011377
0.020872
0.018652
0.013623
0.002154
0.002682
0.002611
-0.000863
0.002522
0.006606
-0.002685
-0.008574
0.005031
0.010507
-0.005473
-0.010786
0.000588
0.011487
0.011012
0.009380
0.002331
0.006581
0.003402
-0.004171
0.001122
0.008244
0.000496
-0.004069
0.001769
0.008771
-0.002386
-0.003055
0.013845
0.025707
0.024442
0.032533
0.030163
0.028475
0.016389
0.021493
0.018351
0.023330
0.025068
0.026446
0.031886
0.034844
0.050805
0.080528
0.082188
0.069458
0.064399
0.062936
0.043960
0.047870
0.045116
0.047871
0.034754
0.033663
0.023855
0.028388
0.023660
0.028873
0.021479
0.019500
0.019728
0.030842
0.035769
0.034142
0.033450
0.034344
0.020274
0.021067
0.025756
0.029603
0.014566
0.014035
0.020307
0.025032
0.014729
0.012588
0.019100
0.024229
0.028917
0.031802
0.026461
0.019575
0.013549
0.011676
0.011935
0.012118
-0.004086
-0.000476
0.009928
0.015660
-0.007270
-0.011702
0.011889
0.024396
0.012244
0.012972
0.004686
0.006138
-0.001047
-0.003260
-0.002487
0.004966
-0.005960
-0.012314
0.002369
0.003869
-0.016226
-0.017577
0.006080
0.021055
0.014068
0.008444
-0.002016
0.002744
0.003552
0.002356
0.005058
0.010194
-0.001735
-0.012654
-0.005557
0.000841
-0.009471
-0.015599
-0.003610
0.007521
0.010433
0.007320
-0.000531
0.002501
0.000866
-0.003023
0.007709
0.008486
0.000308
-0.002429
-0.003787
0.000280
-0.006108
-0.011046
0.003353
0.010172
0.009714
0.008689
0.000575
0.001165
-0.000832
-0.003719
0.008400
0.010332
-0.000431
-0.005952
-0.003973
0.001497
-0.006426
-0.009823
0.005222
0.013960
0.012739
0.015596
0.008568
0.008038
0.004979
0.010355
0.012172
0.013464
-0.000965
-0.000021
0.000523
0.007830
-0.000419
-0.004589
0.005482
0.017032
0.017426
0.016049
0.007946
0.010797
0.003021
0.001433
0.007807
0.012612
0.004339
-0.003617
0.004102
0.008174
-0.001021
-0.005938
0.001299
0.007198
0.015867
0.016652
0.005221
0.005459
0.006914
0.004946
0.008119
0.010899
0.002394
0.000155
0.001007
0.006660
-0.000576
-0.006185
0.001379
0.009278
0.014842
0.014773
0.004770
0.005508
0.006053
-0.000966
0.006959
0.012707
-0.001650
-0.005781
-0.004030
0.004265
-0.004979
-0.011355
-0.001053
0.010323
0.012066
0.010897
0.003246
0.002899
0.002434
0.002340
0.003842
0.005619
0.001185
-0.001851
-0.006522
0.005872
-0.002231
-0.013060
-0.001599
0.008431
0.008107
0.009975
0.008351
0.011362
0.007295
0.003965
0.007081
0.010686
0.000221
-0.003589
-0.001351
0.008695
0.003491
-0.005679
0.001886
0.009788
0.009569
0.005338
0.003142
0.004255
-0.002231
-0.006177
0.001729
0.005640
0.000470
-0.004717
-0.003757
0.005052
-0.002900
-0.012752
0.000759
0.010017
0.009993
0.009356
0.003144
0.005426
0.001002
-0.003531
0.007104
0.012074
0.001721
0.001200
0.000414
0.006453
-0.003610
-0.009769
0.006052
0.015918
0.010533
0.009552
0.001386
0.002833
-0.003377
-0.011008
0.002471
0.007868
-0.008408
-0.010274
-0.004271
-0.000009
-0.011967
-0.013119
0.003194
0.011249
0.002339
-0.000119
-0.000063
0.005109
-0.001004
-0.009991
-0.003673
0.004742
-0.008533
-0.007811
0.000108
0.001356
-0.010460
-0.013072
-0.001259
0.013013
0.011053
0.005866
-0.001332
0.003771
-0.004610
-0.004569
0.005059
0.014236
0.005769
-0.002203
0.002303
0.011754
-0.000100
-0.006669
0.003432
0.010854
0.016597
0.016326
0.009708
0.011997
0.006799
0.008492
0.009726
0.013197
0.006218
0.005337
0.001006
0.008342
0.006434
0.000199
-0.002866
0.004664
0.009507
0.011788
0.009755
0.006679
0.003775
0.006769
0.008890
0.009776
-0.003466
-0.005066
0.001340
0.014600
0.001604
-0.007689
0.007450
0.020735
0.012713
0.014971
0.004404
0.012885
0.012634
0.005283
0.005122
0.011883
0.004207
-0.003249
0.002682
0.009044
-0.005553
-0.012723
-0.002047
0.007138
0.011290
0.013250
0.007858
0.006964
0.000807
0.000583
0.003212
0.007874
0.001699
-0.001491
0.004441
0.011978
0.003570
-0.000493
0.007416
0.014536
0.022695
0.024095
0.013522
0.010868
0.006898
0.007146
0.002704
0.010821
0.002134
0.003227
0.004084
0.015185
0.006189
-0.007749
0.005365
0.015092
0.012600
0.017326
0.013196
0.017049
0.010325
0.012203
0.013684
0.018247
0.002881
-0.000187
0.005093
0.017517
0.005968
-0.004509
0.002215
0.008793
0.016343
0.017568
0.010811
0.007626
0.000299
0.004025
0.006542
0.012534
0.004934
0.001447
0.002975
0.013173
0.004117
-0.004444
0.002124
0.011382
0.019984
0.020994
0.012098
0.011558
0.008363
0.004781
0.005138
0.004743
-0.004408
-0.002802
0.005127
0.010629
0.002399
0.003813
0.021135
0.034999
0.036688
0.039666
0.020470
0.016322
0.014271
0.011468
0.005117
0.009751
-0.007545
-0.011764
0.005869
0.004127
-0.020574
-0.013408
0.013584
0.029840
0.024624
0.026439
0.020963
0.026828
0.022385
0.016403
0.014156
0.027090
0.013647
0.010527
0.020927
0.021316
0.001361
0.007587
0.026151
0.040511
0.041547
0.050292
0.048538
0.056202
0.050769
0.043844
0.038705
0.052218
0.041208
0.036278
0.029450
0.032955
0.009823
0.003777
0.017912
0.028234
0.021633
0.018626
0.023466
0.028571
0.015361
0.007737
0.015809
0.024214
0.015464
0.013863
0.022460
0.019716
0.012332
0.013169
0.011123
0.012010
0.020621
0.019724
0.012255
0.004880
-0.000092
-0.008955
-0.001592
-0.001589
-0.009394
-0.011434
0.003855
0.005836
-0.006725
-0.015344
0.000876
0.011432
0.002748
-0.005568
-0.000726
0.002561
0.002816
-0.002690
0.001047
0.003692
-0.006507
-0.009361
0.002099
0.004346
-0.013742
-0.019179
0.004076
0.019359
0.011976
0.007996
0.001122
0.005304
-0.000810
-0.004991
0.004419
0.008244
-0.002564
-0.008475
-0.004768
-0.002999
-0.014190
-0.016498
-0.000756
0.010629
0.011992
0.012725
0.007687
0.009313
0.005478
0.003183
0.006397
0.005849
-0.006239
-0.008880
-0.000439
0.006761
0.001421
-0.004132
0.012047
0.016075
0.005666
0.008806
-0.006415
-0.003793
0.003190
-0.007547
-0.011613
-0.009780
-0.023472
-0.017105
-0.001209
-0.005206
-0.025311
-0.021446
0.010504
0.016785
0.002767
0.008368
0.001916
-0.003038
-0.001989
0.002785
0.006387
0.010155
-0.002725
-0.012698
0.001029
0.003002
-0.011184
-0.015061
0.003459
0.011375
0.011188
0.006937
-0.001305
0.003038
0.005378
-0.005003
-0.002856
0.002658
-0.004243
-0.005905
0.002050
-0.000408
-0.015782
-0.015896
0.001984
0.012081
0.009267
0.004606
0.002702
0.009051
0.004709
0.000257
0.004608
0.008293
0.000817
-0.000027
0.002953
0.005563
-0.005264
-0.009040
0.006685
0.014207
0.010544
0.011416
0.006173
0.007561
0.000166
-0.002656
0.004501
0.010179
-0.001118
-0.005193
-0.004817
0.004720
-0.004236
-0.010038
-0.000256
0.011287
0.011777
0.009805
0.008605
0.012504
0.005591
-0.001208
0.003205
0.009098
0.003093
-0.004037
-0.001164
0.006828
-0.005599
-0.011975
0.004985
0.018554
0.012550
0.015089
0.009011
0.008621
0.001292
0.004378
0.008421
0.007674
-0.003981
-0.007144
0.000672
0.009353
-0.003832
-0.009484
0.010242
0.020038
0.015026
0.010784
0.004860
0.011468
0.006854
0.000693
0.008340
0.012434
-0.003410
-0.010415
-0.006935
0.001169
-0.006436
-0.011480
-0.000220
0.010577
0.010653
0.010997
0.005647
0.010567
0.002692
0.000939
0.006648
0.012267
0.003593
0.000848
-0.001740
0.005929
0.000360
-0.001424
0.006739
0.011951
0.014030
0.017578
0.013953
0.020113
0.013549
0.008593
0.008898
0.014800
0.002889
0.001567
0.002004
0.013614
0.005076
-0.003380
0.003558
0.011044
0.013560
0.013238
0.006481
0.008118
0.001387
0.002168
0.008510
0.007979
0.004065
0.001547
-0.002779
0.005230
0.006131
-0.002518
-0.001349
0.007421
0.016656
0.009975
0.006464
0.004396
0.005969
0.005742
0.004518
0.007996
0.001320
-0.001171
-0.000424
0.009798
0.003550
-0.005954
0.002418
0.011609
0.012845
0.014613
0.005725
0.007599
0.003270
0.002949
0.006570
0.011281
0.002115
0.000176
-0.003372
0.005358
0.001470
-0.007860
0.001132
0.005440
0.009942
0.007305
0.006403
0.009832
0.002250
-0.000548
0.008302
0.009669
0.003213
-0.001811
-0.003926
0.005439
0.000519
-0.004434
0.006073
0.011847
0.018243
0.022921
0.009130
0.007345
0.006630
0.004360
0.005552
0.009580
-0.000314
-0.002719
0.000058
0.009391
-0.000776
-0.006378
0.006557
0.018638
0.008913
0.014322
0.006964
0.010934
0.006966
0.003828
0.005219
0.010978
-0.011425
-0.012103
-0.002322
0.004528
-0.011600
-0.013566
0.005990
0.018566
0.011427
0.008810
0.003728
0.006970
-0.000937
-0.004497
0.003232
0.009033
-0.001537
-0.008007
-0.006161
-0.000295
-0.011344
-0.014375
0.004552
0.013488
0.013192
0.013140
0.007126
0.013356
0.009577
0.007688
0.008085
0.009116
0.002413
0.002421
0.003182
0.009708
0.005389
-0.000729
-0.002695
0.007985
0.017077
0.010955
0.003869
0.004460
0.002347
0.002491
0.006631
0.007726
0.000233
-0.003870
-0.003987
0.004702
-0.002593
-0.007799
0.000480
0.010607
0.014503
0.015671
0.004856
0.004663
0.002701
0.001738
0.008660
0.011096
-0.001092
-0.001438
0.004551
0.009127
-0.003379
-0.006173
0.006966
0.017399
0.012539
0.011111
0.004913
0.003522
-0.002525
-0.001993
0.003170
0.006351
-0.000665
-0.003940
0.000514
-0.001844
-0.011394
-0.010246
0.003955
0.007908
0.010327
0.009640
0.008190
0.013287
0.005997
0.004092
0.009950
0.015615
0.008266
0.001420
0.002226
0.007274
-0.000735
-0.006120
0.004285
0.013946
0.012112
0.007258
0.001665
0.003438
-0.001396
-0.003401
-0.000506
0.004227
-0.004695
-0.009458
-0.001933
0.007348
-0.006007
-0.011206
0.007155
0.018673
0.015479
0.014025
0.003210
0.006994
0.004706
-0.001760
0.002825
0.006903
-0.004654
-0.012020
-0.002861
0.001990
-0.007010
-0.009094
0.002290
0.014967
0.012967
0.013212
0.007422
0.008304
0.002703
0.002441
0.006447
0.009828
0.004364
-0.002104
0.001016
0.006341
-0.005919
-0.005144
0.008253
0.019273
0.021706
0.024299
0.016463
0.017163
0.006310
0.008244
0.013100
0.017108
0.006117
0.003942
0.003739
0.013387
0.005084
-0.002499
0.004951
0.016317
0.018599
0.018993
0.010882
0.005574
-0.001990
0.004355
0.006613
0.008167
0.002068
0.001761
0.003501
0.006969
-0.005653
-0.010588
0.005066
0.011015
0.010961
0.008433
0.001920
0.004068
-0.000690
-0.008020
0.001492
0.007396
-0.000986
-0.008093
0.000016
0.007712
0.000650
-0.007443
0.001430
0.014942
0.016056
0.016778
0.010461
0.009379
0.003013
0.004888
0.007018
0.008940
0.000722
-0.002936
0.004841
0.009519
-0.000751
-0.004952
0.006060
0.014285
0.012933
0.012511
0.005689
0.006792
0.004357
0.003532
0.009201
0.009455
0.002440
0.004145
0.004219
0.007263
-0.002211
-0.006677
0.010602
0.020888
0.016299
0.015901
0.004099
0.003887
0.003213
0.002363
0.004770
0.009576
0.003405
-0.003208
-0.002460
0.002917
-0.005375
-0.013039
-0.001583
0.010832
0.013182
0.015184
0.006920
0.006473
0.001373
0.003619
0.006448
0.007464
0.000174
-0.000943
-0.001969
0.006010
-0.000390
-0.007503
0.002481
0.011959
0.013616
0.015060
0.009022
0.008753
0.004223
0.002016
0.005291
0.009491
0.002731
-0.000797
0.001419
0.011302
-0.000264
-0.010823
-0.000478
0.007440
0.012662
0.014814
0.008391
0.011238
0.006425
0.006715
0.010792
0.014739
0.002370
-0.001938
0.002338
0.016263
0.001495
-0.010897
0.001174
0.016022
0.014246
0.012945
0.007188
0.015088
0.007728
-0.001255
0.004496
0.013972
0.005466
-0.005078
0.006573
0.010790
-0.001669
-0.000549
0.015387
0.021784
0.020126
0.022265
0.015903
0.013879
-0.005142
-0.013006
-0.002613
0.002926
-0.003022
-0.004837
0.005385
0.009902
-0.004328
-0.005549
0.001325
0.009396
0.009127
0.010292
0.003978
0.007603
0.001484
-0.001910
0.003584
0.007195
-0.005396
-0.006226
-0.000150
0.006474
-0.004195
-0.007169
0.007855
0.015446
0.006418
0.003114
0.007251
0.012961
0.002714
-0.002139
0.003225
0.011230
0.003218
-0.006763
0.000899
0.006830
-0.009341
-0.010470
0.004105
0.014177
0.015771
0.015032
0.007798
0.009033
0.002711
-0.000178
0.005118
0.009903
0.000926
-0.004004
0.005072
0.009263
-0.003717
-0.003752
0.009348
0.017335
0.013426
0.011836
0.005943
0.005989
-0.004198
-0.008633
-0.002618
0.007835
-0.004864
-0.018554
-0.004373
0.003277
-0.009671
-0.010606
-0.000699
0.012357
0.010156
0.017447
0.011182
0.010594
-0.004051
-0.000830
0.005162
0.010322
0.024236
0.016632
0.013398
0.011006
-0.010201
-0.042662
-0.058339
