-0.007415
0.029778
-0.014353
-0.053099
-0.088569
-0.003606
-0.083210
-0.152298
-0.083089
-0.087926
-0.118165
-0.070022
-0.106889
-0.060440
-0.084307
-0.045198
-0.107998
-0.101245
-0.168431
-0.127098
-0.109735
-0.070690
-0.116855
-0.097052
-0.031825
-0.065828
-0.104555
-0.039765
-0.068421
-0.100279
-0.093150
0.030396
0.037033
-0.014529
-0.043324
-0.015628
0.006304
0.017237
0.003746
0.006871
0.016101
-0.029600
-0.058356
-0.010896
0.004115
-0.014455
-0.025958
0.018338
0.022584
0.006524
-0.001275
0.010692
0.022594
0.024799
0.010620
0.009441
0.018111
0.004819
-0.009750
0.007984
-0.002518
-0.002780
0.009428
0.020725
0.010081
0.027842
0.042650
0.053673
0.043748
0.041461
0.030113
0.022770
0.028159
0.030445
0.033841
0.026729
0.006266
-0.012332
-0.003686
0.015706
0.022027
0.032670
0.036369
0.030096
0.028366
0.025412
0.022132
0.019843
0.021011
0.009260
0.010675
0.006159
0.023934
0.014706
0.011949
0.026773
0.037891
0.037048
0.037415
0.035510
0.043198
0.037445
0.027050
0.024493
0.026130
0.025753
0.029887
0.029692
0.031189
0.023576
0.019438
0.023605
0.033763
0.041879
0.042560
0.034662
0.036369
0.027347
0.019935
0.023211
0.034166
0.018422
0.009875
0.023591
0.028050
0.006827
0.003441
0.014973
0.029040
0.037192
0.048852
0.049282
0.038061
0.023803
0.026023
0.028474
0.035147
0.034846
0.026593
0.020246
0.017048
0.006559
0.002783
0.010064
0.022191
0.036325
0.039896
0.034134
0.030128
0.013532
0.000476
0.007749
0.022474
0.012059
0.001176
0.009143
0.021515
0.011436
0.009649
0.020442
0.031249
0.038497
0.042791
0.037760
0.026936
0.022161
0.026698
0.017919
0.020592
0.004531
-0.000863
0.018753
0.013832
-0.004555
-0.005258
0.003394
0.005579
0.006566
0.014783
0.018780
0.012934
0.008966
0.007567
0.003908
0.010692
-0.011110
-0.014656
0.008173
0.008629
-0.018969
-0.011725
0.022298
0.035624
0.026111
0.030330
0.029628
0.041800
0.034062
0.015207
0.008518
0.020573
0.018351
0.008276
0.010739
0.018320
0.004074
-0.000699
0.015590
0.032355
0.031580
0.016067
0.021754
0.024401
0.016197
-0.000793
-0.003685
-0.008265
-0.019321
-0.025074
-0.011289
-0.007777
0.003667
-0.004586
-0.001116
-0.008066
-0.007923
-0.015985
-0.003612
-0.003164
0.008536
-0.013792
-0.009159
-0.001414
-0.026341
-0.025729
-0.013264
-0.008270
-0.026827
-0.031094
0.007936
0.017527
0.010268
0.006528
-0.001352
0.000693
0.012876
-0.000198
-0.004377
0.007627
-0.001488
-0.016503
-0.002509
0.012069
0.014797
-0.001504
-0.009458
-0.001719
0.009691
0.001233
0.006136
0.014723
0.017667
-0.009819
-0.003995
0.003783
-0.017561
-0.024272
-0.012060
-0.005256
-0.004055
-0.017763
0.004601
0.005707
-0.005981
-0.013061
0.015026
0.008450
0.008555
0.000085
-0.004226
-0.004457
-0.007656
-0.010021
0.003711
-0.003557
-0.003551
-0.009510
0.006119
0.002147
-0.007943
-0.005923
-0.014004
-0.009578
0.009808
0.005565
-0.005464
0.009520
-0.012824
-0.028460
0.000594
-0.004239
-0.020877
-0.016148
0.016948
0.019288
-0.002365
0.004079
0.024042
0.012479
-0.002641
0.001317
-0.000388
-0.004367
-0.003434
-0.002806
0.006714
0.002030
-0.023249
-0.021834
0.005642
0.024425
0.017108
0.028330
0.028872
0.025925
0.016023
0.020521
0.010909
0.018457
0.012094
-0.003277
0.005586
0.018160
0.006110
0.004679
0.024193
0.037202
0.044397
0.050461
0.060756
0.061343
0.054984
0.061872
0.065829
0.072096
0.065566
0.056996
0.038404
0.038938
0.028882
0.026631
0.044042
0.058411
0.052403
0.051983
0.043205
0.037883
0.018335
0.009855
0.012969
0.016557
-0.003612
-0.002585
0.002218
0.017053
0.017488
0.013198
0.026342
0.032247
0.021024
0.026306
0.020334
0.015150
0.009218
0.010364
0.003454
0.001296
-0.019224
-0.018957
0.004910
0.012345
-0.006450
-0.008446
0.009193
0.029792
0.037485
0.037163
0.017771
0.016310
0.021352
0.023097
0.016908
0.025665
0.015137
-0.000514
0.008783
0.011951
-0.006438
-0.002655
0.016823
0.037921
0.051581
0.055981
0.053400
0.049517
0.027401
0.020647
0.029431
0.036384
0.030928
0.034008
0.034591
0.033368
0.019250
0.025711
0.031299
0.045077
0.077292
0.126223
0.150299
0.189709
0.225148
0.262113
0.300683
0.344142
0.396352
0.497204
0.592262
0.670894
0.682628
0.672648
0.631871
0.549372
0.454497
0.328068
0.243001
0.206124
0.184861
0.136355
0.107201
0.103164
0.100549
0.101205
0.082814
0.072481
0.048917
0.025313
0.021796
0.034106
0.061531
0.068250
0.052273
0.050249
0.040220
0.029559
0.016316
0.025776
0.019167
0.007197
0.017483
0.025666
0.010410
0.013994
0.026534
0.041039
0.049328
0.056626
0.034228
0.029151
0.033877
0.031793
0.024493
0.028501
0.019685
0.007116
0.010483
0.007846
0.006584
0.020702
0.042106
0.046456
0.065612
0.065161
0.042145
0.027178
0.029044
0.032883
0.022569
0.019326
0.023379
0.019975
0.015234
0.009250
0.011698
0.014286
0.011219
0.010602
0.037096
0.047232
0.046086
0.051094
0.055292
0.038933
0.014433
0.021780
0.028348
0.029396
0.027217
0.020541
0.023712
0.033337
0.057799
0.056499
0.067528
0.068031
0.052696
0.039202
0.018014
0.019092
0.035252
0.029324
0.022177
0.022763
0.014389
0.008522
0.002611
-0.004203
0.006675
0.014856
0.029468
0.026401
0.014058
0.013329
0.022548
0.009309
-0.003751
-0.008334
-0.019056
-0.019017
0.001797
0.001917
-0.009771
-0.009651
0.008331
0.012622
0.006435
-0.005896
-0.007700
-0.006841
-0.003110
-0.015207
-0.013861
-0.001961
-0.026028
-0.035067
-0.022753
-0.012431
-0.006763
-0.010908
0.001065
0.008029
-0.009853
-0.018245
-0.003998
-0.005614
0.002059
-0.009385
-0.010838
-0.006528
-0.022045
-0.028255
-0.006718
-0.013083
-0.016971
-0.013530
0.005671
0.001243
-0.013051
-0.013867
-0.006414
-0.003079
0.011067
-0.012849
-0.016139
-0.002911
-0.016132
-0.025390
-0.004306
-0.005953
-0.020157
-0.020485
0.000307
0.008164
0.000329
-0.008069
-0.000763
-0.003630
-0.005293
-0.010354
-0.007027
-0.004400
-0.017813
-0.027197
-0.011523
-0.005859
-0.010833
-0.016298
-0.003502
0.000134
-0.000572
-0.002292
-0.006882
-0.001301
0.011947
-0.013775
-0.013238
-0.003077
-0.016878
-0.020934
-0.003476
-0.011667
-0.013345
-0.008869
0.003575
-0.003366
-0.013095
-0.009835
0.002235
-0.000268
0.003892
-0.005930
0.001244
0.009101
-0.006359
-0.014240
0.005036
-0.002582
-0.009638
-0.011693
0.001854
-0.001341
-0.011053
-0.014475
0.006323
0.003471
0.010305
-0.000579
-0.004248
0.000380
-0.012924
-0.020936
0.002286
-0.005683
-0.019166
-0.022694
0.000446
0.001869
-0.006140
-0.024496
-0.009081
0.001627
0.015684
-0.010810
-0.018805
-0.006303
-0.026958
-0.043998
-0.019753
-0.013804
-0.009860
-0.026421
-0.004412
-0.001441
-0.007514
-0.020603
-0.008745
0.001681
0.009437
-0.009687
-0.002942
0.001379
-0.002234
-0.005683
-0.011603
0.001216
0.038149
0.032211
0.014204
0.013007
0.055286
0.048553
0.010537
0.021205
0.024666
0.007844
0.006570
0.014874
0.018162
0.009540
0.003728
-0.012750
-0.027928
-0.024158
0.008896
0.015821
0.021529
0.030634
0.039227
0.039812
0.036839
0.036657
0.033565
0.033419
0.023583
0.025120
0.016128
0.020043
0.014023
0.004301
0.016711
0.027878
0.036023
0.027751
0.008575
0.006668
0.014288
-0.005421
-0.012760
-0.012482
-0.020397
-0.016460
-0.011006
-0.015389
-0.007375
-0.004927
0.001576
-0.000401
-0.007305
-0.015768
-0.006816
-0.008273
0.001839
-0.012971
-0.011614
-0.006997
-0.024826
-0.027663
-0.001672
-0.004820
-0.011473
-0.029065
0.008845
0.009345
-0.010939
-0.024037
-0.032316
-0.022934
0.013618
-0.016483
-0.030427
-0.011482
-0.041764
-0.054848
-0.028550
-0.019685
-0.027980
-0.040115
-0.008661
-0.007318
-0.018668
-0.036313
-0.020143
-0.015955
-0.004824
-0.035835
-0.026939
-0.010564
-0.039418
-0.059126
-0.031160
-0.030347
-0.019223
-0.031662
-0.007112
-0.014477
-0.029204
-0.049502
-0.013235
-0.006756
0.019640
-0.010152
-0.006633
-0.000388
-0.018655
-0.028894
-0.013894
-0.019044
-0.019638
-0.029244
-0.001141
0.004035
-0.000699
-0.019801
-0.013722
-0.008555
0.013389
-0.004367
-0.010480
-0.004879
-0.028178
-0.045076
-0.017618
-0.013002
0.000578
-0.023053
0.007683
0.003496
-0.017090
-0.034067
-0.034488
-0.024933
0.014741
-0.004842
-0.014844
-0.010058
-0.045795
-0.068822
-0.030760
-0.036530
-0.024873
-0.034422
-0.003392
-0.011900
-0.029921
-0.028840
0.006045
0.000370
0.005368
-0.007691
-0.011653
-0.003260
-0.028197
-0.035276
-0.015937
-0.019482
-0.027706
-0.026725
0.014698
0.019359
0.000991
-0.006382
0.000809
0.013562
0.011847
-0.000031
0.003516
0.017203
-0.004239
-0.027661
-0.003695
0.010522
-0.011715
-0.009448
0.017480
0.027905
0.003524
0.002798
0.013558
0.020520
0.004372
-0.004336
0.004339
0.008471
-0.001001
-0.013164
-0.005721
0.009817
-0.009082
-0.016463
0.009367
0.028135
0.019404
0.011067
0.010861
0.007280
0.006786
0.004789
-0.001914
-0.011114
-0.016911
-0.018406
-0.009454
-0.004959
-0.005956
-0.010866
0.008536
0.006877
-0.001230
-0.018334
-0.013390
-0.008379
0.017576
-0.008187
-0.014034
-0.001470
-0.028857
-0.045082
-0.023735
-0.023525
-0.013562
-0.031522
-0.004630
-0.005067
-0.017739
-0.035468
-0.009090
-0.007764
0.012746
-0.012740
-0.015684
-0.003342
-0.031103
-0.042439
-0.011087
-0.021090
-0.025835
-0.029092
-0.001712
-0.003331
-0.018987
-0.022065
-0.001053
-0.006869
0.004308
-0.009700
-0.015189
-0.006180
-0.022291
-0.023653
-0.006195
-0.013081
-0.027255
-0.018578
0.012778
0.020208
0.008394
0.001238
0.007302
0.009332
0.007759
0.004393
0.006226
0.005183
-0.005196
-0.012292
-0.003167
-0.001033
0.001135
-0.005094
0.004476
0.007381
-0.003091
-0.003544
0.007785
-0.001964
0.001947
-0.001378
-0.004327
-0.005129
-0.027436
-0.027606
-0.011194
-0.009648
-0.026588
-0.020773
0.006215
0.017259
-0.001284
-0.012897
-0.006435
0.000785
0.003761
-0.007164
-0.006565
0.002661
-0.021440
-0.029814
-0.004588
0.003991
-0.003323
-0.015342
0.001796
0.009405
0.002645
-0.004513
-0.003516
-0.006229
0.002328
-0.009005
-0.006967
-0.004881
-0.018300
-0.027779
-0.008972
-0.015228
-0.018523
-0.010149
0.000463
-0.003898
-0.005254
-0.003711
0.016211
0.006776
0.006641
-0.004947
-0.004969
-0.001518
-0.009971
-0.017780
0.003496
-0.011844
-0.019407
-0.010726
0.010382
0.006139
-0.001824
-0.003034
0.002668
-0.002015
0.014455
0.008894
0.001836
0.000308
-0.017900
-0.028349
-0.003548
-0.006537
-0.013151
-0.015421
-0.002242
0.001784
-0.002732
-0.010339
-0.002997
-0.005051
-0.000643
-0.004850
-0.003873
-0.003213
-0.026219
-0.032260
-0.007663
-0.001343
-0.007892
-0.014884
0.002319
0.008804
-0.000473
-0.011435
-0.003344
-0.006141
0.008410
-0.002642
-0.006275
-0.002520
-0.016930
-0.026204
0.003807
-0.003846
-0.014234
-0.023188
0.004776
0.004792
-0.018811
-0.025357
-0.005306
0.001218
0.010982
-0.016132
-0.010344
0.002549
-0.015038
-0.022847
-0.000267
-0.009577
-0.027417
-0.029122
-0.006762
0.002927
0.003619
-0.003725
-0.010255
-0.001251
0.019530
-0.001843
-0.010482
-0.006099
-0.006763
-0.014445
0.001916
-0.003044
-0.009983
-0.012691
-0.000113
-0.001096
0.004349
0.005939
0.009694
0.000336
-0.001235
-0.012312
-0.006301
-0.003224
-0.009308
-0.008180
0.003343
-0.002374
-0.015283
-0.015844
0.001536
0.016748
0.017936
0.008970
0.005345
0.011976
0.017229
0.006884
0.000414
0.008564
-0.003905
-0.013917
0.002558
0.018407
0.035742
0.016605
0.009355
0.010671
0.022039
0.023952
0.024389
0.025974
0.034421
0.014209
-0.008264
0.007426
0.013028
0.000218
0.000293
-0.004476
0.007257
0.011761
0.010831
0.010243
0.032349
0.017469
0.028118
0.020423
0.026413
0.008788
-0.010580
-0.008446
-0.023763
-0.019154
-0.000298
-0.015378
-0.018920
-0.028122
0.003310
-0.004452
-0.013326
-0.027124
-0.011428
-0.010683
0.005760
-0.024479
-0.020914
-0.002994
-0.021517
-0.040351
-0.022039
-0.021451
-0.026034
-0.023432
-0.000614
-0.006176
-0.017986
-0.008722
0.004146
-0.000130
0.010010
-0.000723
0.005929
-0.005117
-0.013021
-0.012800
-0.002944
-0.009582
-0.008827
-0.013159
0.004051
0.001634
0.000748
-0.002471
0.001358
0.000579
0.018738
-0.005038
-0.011449
-0.009004
-0.016943
-0.024123
-0.010176
-0.012116
-0.009785
-0.010406
0.003323
0.001548
-0.003283
-0.011085
-0.001479
0.002791
0.010913
-0.004093
-0.010245
-0.003794
-0.017857
-0.027998
-0.011457
-0.013959
-0.007377
-0.017744
0.005014
-0.004433
-0.010956
-0.024168
-0.006574
-0.014486
0.014467
0.005254
-0.014304
-0.008719
-0.025607
-0.027890
-0.018466
-0.014919
-0.015489
-0.025648
-0.001408
-0.001092
-0.012168
-0.019448
-0.006557
0.003446
0.012531
-0.005508
-0.004310
0.005066
-0.012692
-0.031126
-0.005069
-0.003826
-0.011883
-0.006772
0.000692
-0.002519
-0.000995
0.017641
0.013081
0.003208
0.002685
-0.003417
-0.009183
-0.003720
-0.006597
-0.004163
0.004193
-0.004891
-0.020460
-0.012775
0.009134
0.019654
0.026018
0.023095
0.025729
0.030845
0.026687
0.020105
0.007420
0.011185
0.006291
-0.000821
-0.000427
0.009978
0.007461
0.008869
0.024362
0.040938
0.049002
0.069872
0.074855
0.080134
0.076582
0.060923
0.057620
0.077065
0.067651
0.070275
0.070559
0.066642
0.066383
0.103658
0.125319
0.111487
0.105389
0.109731
0.125516
0.113888
0.080521
0.061662
0.047164
0.045571
0.033925
0.036308
0.033552
0.041808
0.038854
0.038372
0.046333
0.059070
0.060516
0.057277
0.044139
0.031051
0.013030
0.019596
0.021693
0.024089
0.012765
0.009544
0.011057
0.012745
0.020738
0.019315
0.004930
-0.000714
0.011713
0.007015
0.009449
0.006807
0.017625
-0.001201
0.002393
0.007616
-0.010527
-0.026040
-0.004788
-0.014118
-0.009181
-0.010544
0.014150
-0.000084
-0.014021
-0.012231
0.000710
-0.002810
0.019724
0.001605
-0.005317
-0.003654
-0.025500
-0.027096
-0.009012
-0.011528
-0.028674
-0.031390
-0.002406
0.005619
0.002874
-0.002448
-0.002125
-0.005948
0.005840
-0.007533
-0.007519
-0.006673
-0.022197
-0.028701
-0.006893
-0.001667
-0.006197
-0.011505
0.010037
0.006511
-0.000323
-0.000107
-0.003993
-0.013186
0.006700
-0.008309
-0.015976
-0.009225
-0.020410
-0.034123
-0.006904
-0.008655
-0.001907
-0.007989
0.001829
0.006657
-0.000752
-0.005744
0.000700
-0.006132
0.006240
-0.009124
-0.003345
-0.005730
-0.035285
-0.043498
-0.013266
-0.025722
-0.014124
-0.018225
0.012217
-0.000347
-0.015065
-0.037062
-0.009346
-0.010351
0.015022
-0.015722
-0.024396
-0.012300
-0.032421
-0.045516
-0.030815
-0.042247
-0.022210
-0.030378
0.000667
-0.022393
-0.042801
-0.061183
-0.021864
-0.010781
-0.004020
-0.039327
-0.024938
-0.016649
-0.034258
-0.043268
-0.017409
-0.032588
-0.024560
-0.044378
-0.010303
-0.023308
-0.027424
-0.050566
-0.020397
-0.014739
0.002924
-0.035880
-0.037008
-0.011630
-0.038135
-0.052934
-0.019222
-0.032961
-0.033101
-0.041104
-0.007483
-0.015604
-0.028442
-0.036404
0.004843
0.007825
0.023044
-0.000924
-0.017495
0.001665
0.009873
0.013013
0.019470
0.018855
0.067754
0.093526
0.129867
0.078843
0.102535
0.093087
0.035679
0.029532
0.031564
0.025251
0.017488
0.012057
0.012764
0.009284
0.010485
-0.005556
0.002294
-0.005435
0.003412
0.003987
-0.003864
-0.009062
0.023725
0.022403
0.018926
0.005159
-0.005013
-0.001776
-0.016818
-0.023182
-0.013625
-0.023905
-0.002389
-0.005379
0.002448
-0.010248
-0.020738
-0.027443
0.008750
0.000190
0.011174
-0.009142
-0.005992
0.001784
-0.024052
-0.030785
-0.011390
-0.012450
-0.025418
-0.018622
0.001035
0.008075
-0.008361
-0.016968
-0.000646
0.002419
0.014375
0.001936
-0.013254
-0.012003
-0.020951
-0.030658
-0.023948
-0.020946
-0.003899
-0.004806
0.001389
-0.001543
-0.021854
-0.021428
0.009129
0.008131
0.007910
-0.009678
-0.007073
-0.003320
-0.022667
-0.016669
-0.011379
-0.018259
-0.025362
-0.026751
-0.001755
-0.000038
-0.008836
-0.008206
0.007662
0.004507
0.017996
-0.000644
-0.006515
-0.001205
-0.007979
-0.015863
-0.004210
-0.016254
-0.024651
-0.018071
0.003470
0.001730
0.001038
-0.000147
0.004960
0.004123
0.017603
0.003365
-0.001725
-0.001716
-0.006787
-0.018551
0.001756
0.002463
-0.009020
-0.013194
0.008618
0.006629
0.008043
0.000388
0.005341
0.001037
0.008347
-0.003958
-0.000148
-0.003776
-0.026566
-0.038434
-0.010745
-0.004382
-0.002501
-0.007518
0.004631
-0.001114
-0.004331
-0.013835
-0.013486
-0.020854
0.017319
-0.000072
-0.019506
-0.016772
-0.041417
-0.045966
-0.019665
-0.026924
-0.027311
-0.035191
-0.002825
-0.003357
-0.017762
-0.030009
-0.004612
-0.008421
0.009399
-0.006332
-0.008638
-0.004079
-0.026428
-0.031355
-0.004829
-0.011148
-0.029211
-0.030492
0.000449
0.007094
0.005482
-0.004422
-0.006776
-0.006168
0.004686
-0.007609
-0.010782
-0.007432
-0.013994
-0.021740
-0.005324
-0.004380
-0.018532
-0.015798
0.004817
0.006989
-0.001255
-0.016434
-0.009876
-0.003777
0.001143
-0.015894
-0.007633
-0.000678
-0.019163
-0.028962
-0.004045
-0.007136
-0.009317
-0.016937
0.001395
-0.000491
-0.013134
-0.026101
-0.007207
-0.005188
0.010519
-0.004316
-0.010715
-0.007283
-0.019247
-0.026486
-0.008001
-0.021067
-0.015743
-0.009753
-0.001448
-0.014254
-0.009175
-0.013499
-0.001729
0.002171
0.017603
-0.005975
-0.011247
-0.000870
-0.010452
-0.024638
-0.003711
-0.013302
-0.017603
-0.011788
-0.002900
-0.004524
-0.013224
-0.011716
0.001658
0.000066
0.003883
-0.013544
-0.007216
0.002800
-0.012891
-0.022752
-0.001776
-0.011812
-0.014915
-0.005661
0.007774
0.002979
0.001805
0.003404
0.012117
0.007095
0.015757
0.005675
0.003136
0.005460
-0.010956
-0.013758
0.003209
-0.000264
-0.017414
-0.018834
0.004915
0.010257
0.008212
-0.009336
-0.000831
-0.003660
0.009174
-0.000516
-0.009530
-0.013069
-0.029248
-0.042595
-0.019869
-0.022059
0.004542
-0.021928
-0.003344
-0.020982
-0.049304
-0.061201
-0.021764
-0.027218
-0.008422
-0.027560
-0.023353
-0.011989
-0.040314
-0.066573
-0.031965
-0.042040
-0.013462
-0.024396
0.009155
-0.017944
-0.030040
-0.047653
-0.010052
0.000480
0.008245
-0.036738
-0.030485
-0.007986
-0.031108
-0.039926
-0.021518
-0.042191
-0.038640
-0.036929
-0.005435
-0.011041
-0.023995
-0.031237
0.001180
-0.000890
0.017218
0.000162
0.000305
0.016076
0.001281
-0.020748
-0.002402
-0.013980
-0.003856
-0.002315
0.009930
0.000896
0.001014
-0.005235
0.007695
-0.003357
0.019493
-0.003288
-0.011874
-0.010815
-0.031351
-0.038375
-0.024629
-0.029928
-0.028638
-0.039079
0.011661
-0.000041
-0.014066
-0.040682
-0.008447
-0.004810
0.013379
-0.008422
-0.011536
-0.003416
-0.018784
-0.029055
-0.004649
-0.015989
-0.018751
-0.024225
0.005466
0.003433
-0.007377
-0.015063
-0.001923
-0.006373
-0.001397
-0.008807
-0.008419
-0.003144
-0.015251
-0.023589
-0.012332
-0.009742
-0.010770
-0.015558
-0.000237
-0.002803
-0.018794
-0.018086
-0.002487
0.004700
0.012326
-0.005988
-0.009952
0.000924
-0.010544
-0.017999
-0.006242
-0.008422
-0.016493
-0.019144
-0.004293
0.001211
0.009949
0.002579
0.007911
0.011417
0.020423
0.004004
-0.003510
0.009056
0.002771
-0.002739
0.001142
-0.003323
0.002170
0.002459
0.013654
0.010055
0.024142
0.027538
0.029337
0.020185
0.023770
0.009193
0.006380
0.012701
0.006121
0.002574
0.017250
-0.000075
-0.015789
-0.015973
0.011974
0.020916
0.007151
0.000552
0.012008
0.006955
0.019485
0.015135
0.006548
-0.001679
-0.026550
-0.037045
-0.009788
-0.010665
-0.004827
-0.018773
-0.013134
-0.016916
-0.024853
-0.026331
-0.004410
-0.006324
0.004090
-0.013685
-0.007449
0.007151
-0.015872
-0.025236
-0.002245
-0.009635
-0.023711
-0.019658
0.008242
0.010665
-0.002920
-0.002490
0.020187
0.020694
0.012169
0.004305
0.008907
0.005242
0.000908
-0.004597
0.007443
-0.003655
-0.014047
-0.014028
0.007369
0.008357
0.002161
0.000688
0.007851
0.005129
-0.003308
-0.016069
-0.008198
-0.003706
-0.014030
-0.019139
-0.000269
0.003156
0.000384
-0.006467
0.004628
0.002759
-0.004355
-0.001817
-0.007128
-0.003577
0.010508
-0.014984
-0.016919
-0.011462
-0.023065
-0.030455
-0.012139
-0.012763
-0.021595
-0.023427
0.001957
0.009509
0.005452
-0.002840
0.006551
0.007446
-0.000076
-0.016187
-0.007309
0.004618
-0.010710
-0.021101
-0.001219
-0.005594
-0.022664
-0.008921
0.016710
0.023960
0.006388
-0.000550
0.004703
0.009482
0.004463
-0.005871
-0.009188
-0.004266
-0.018735
-0.021346
-0.006126
-0.009304
-0.022875
-0.018259
0.000762
0.010362
0.006886
0.002414
-0.002238
-0.003399
0.008207
0.004833
0.003628
0.004382
-0.009962
-0.022436
0.003838
-0.000355
0.000232
-0.000997
0.005410
0.000208
-0.001639
0.009260
0.005610
0.005695
0.014183
-0.006077
-0.017283
-0.008258
-0.006401
0.000318
0.002423
-0.007687
-0.045671
-0.066243
-0.050217
