-0.007715
-0.001012
0.017808
0.044492
0.032725
0.043118
0.068004
0.059636
0.066258
0.064483
0.096988
0.106244
0.132278
0.167177
0.202446
0.230606
0.224984
0.227195
0.251237
0.273296
0.317772
0.343895
0.392562
0.429169
0.474449
0.530133
0.682059
0.806623
0.884970
0.887184
0.882207
0.868900
0.785323
0.676120
0.522980
0.419949
0.368129
0.316833
0.244316
0.217746
0.201793
0.198430
0.190245
0.137405
0.105935
0.086466
0.065729
0.057058
0.060043
0.071612
0.085878
0.093028
0.097427
0.094946
0.093898
0.081586
0.079118
0.067950
0.071326
0.071047
0.078524
0.101248
0.145710
0.166488
0.154071
0.125878
0.112553
0.104399
0.102106
0.080887
0.057328
0.041995
0.044982
0.037777
0.040297
0.031699
0.037919
0.026010
0.025154
0.022799
0.031756
0.035670
0.048894
0.057700
0.065216
0.058808
0.052087
0.050971
0.066474
0.063101
0.070337
0.071537
0.072763
0.106890
0.152098
0.168585
0.153723
0.137994
0.134543
0.126794
0.137681
0.123973
0.111114
0.084897
0.075730
0.058802
0.071166
0.059813
0.067238
0.081561
0.103741
0.117982
0.111624
0.109220
0.117773
0.126839
0.137112
0.145475
0.159249
0.157478
0.172245
0.180530
0.185126
0.188162
0.209390
0.216009
0.235664
0.221027
0.197130
0.175817
0.186558
0.204320
0.206577
0.183947
0.174869
0.150892
0.141655
0.123344
0.119492
0.084291
0.079180
0.076382
0.087585
0.093638
0.080822
0.088285
0.096318
0.067817
0.052548
0.040782
0.037297
0.029782
0.027126
0.012624
0.019441
0.019831
0.018042
-0.003806
0.006698
0.037329
0.052349
0.049916
0.049048
0.052671
0.052383
0.033693
0.028417
0.027578
0.036474
0.028540
0.022632
0.024795
0.029501
0.006967
0.000782
0.016979
0.027828
0.020458
0.030916
0.034534
0.046661
0.052262
0.051068
0.059363
0.089099
0.133259
0.210519
0.293517
0.367250
0.428366
0.458863
0.459972
0.376713
0.278419
0.191665
0.109788
0.095929
0.087809
0.050968
0.046799
0.043129
0.046802
0.056055
0.036010
0.025076
0.016105
0.002631
0.010066
0.021780
0.031267
0.040789
0.038845
0.024608
0.010105
0.010978
0.017231
0.018407
0.007860
0.009760
0.005842
0.018604
0.007423
-0.003222
0.006844
0.025418
0.017879
0.009804
0.000757
0.004480
0.004533
-0.002116
0.004274
0.006117
-0.007863
-0.012378
0.005689
0.005056
-0.005488
-0.009166
-0.001431
-0.000392
-0.000081
-0.001811
-0.007456
-0.014381
-0.011343
-0.012173
-0.010369
-0.009858
-0.027220
-0.034052
-0.016083
-0.014428
-0.014095
-0.023775
-0.003010
-0.003862
-0.017446
-0.026433
-0.028457
-0.019354
0.006183
-0.017259
-0.031541
-0.010145
-0.034694
-0.050850
-0.023262
-0.026587
-0.015361
-0.039694
-0.000654
-0.008915
-0.017496
-0.032823
-0.029345
-0.020263
0.009392
-0.012389
-0.023801
-0.005252
-0.027197
-0.035845
-0.000917
-0.012961
-0.036673
-0.032539
0.014093
0.023302
0.006845
-0.002160
-0.007736
0.008233
0.023808
0.021217
0.012479
0.022876
0.024842
0.005632
0.019733
0.010925
-0.005291
-0.012668
0.012771
0.006042
-0.004468
-0.026195
-0.012191
-0.000605
0.009845
-0.012968
-0.016227
-0.008712
-0.026563
-0.035009
-0.007152
-0.027318
-0.021507
-0.025616
-0.004015
-0.013249
-0.024113
-0.030028
-0.025726
-0.023215
0.001164
-0.020133
-0.030736
-0.015092
-0.023918
-0.034206
-0.014384
-0.016105
-0.032481
-0.029207
0.007074
0.016413
0.003787
0.007463
0.006462
0.017894
0.033027
0.018906
0.017673
0.031819
0.028919
0.014364
0.033066
0.024844
0.021491
0.048295
0.079332
0.075245
0.076904
0.067829
0.048330
0.038620
0.025335
0.018164
0.016051
0.015453
0.001949
0.005542
0.014370
0.018218
0.004357
-0.006977
0.009668
0.019030
0.009517
0.007913
-0.001042
0.006473
0.022770
0.001811
0.001536
0.004961
-0.000141
-0.016196
0.002615
0.001231
0.007110
0.005988
0.018615
0.009949
0.021765
0.027962
0.008994
0.000695
0.018962
0.017938
0.015568
0.008126
-0.007065
-0.008193
0.008469
0.005358
-0.016189
-0.018199
0.021537
0.029101
0.020537
0.030153
0.017365
0.012090
0.014515
0.013268
0.003711
0.012278
0.002349
-0.001250
0.011214
0.024507
0.006299
0.008611
0.024784
0.050585
0.065670
0.101481
0.124295
0.167746
0.243801
0.330448
0.423447
0.551070
0.651992
0.818790
0.929355
0.970947
0.973588
0.969522
0.964413
0.911955
0.835331
0.647023
0.510229
0.433498
0.384745
0.326561
0.342526
0.325131
0.325969
0.328655
0.281237
0.203690
0.180059
0.152916
0.136165
0.124911
0.128503
0.132202
0.130084
0.131088
0.119535
0.094963
0.064955
0.061071
0.049261
0.049872
0.041260
0.046365
0.033580
0.041201
0.047332
0.055981
0.055260
0.052217
0.046052
0.049548
0.032270
0.022245
0.019018
0.026367
0.019090
0.023584
0.025172
0.035045
0.027182
0.028805
0.038158
0.047820
0.058465
0.059472
0.071279
0.076938
0.068781
0.052980
0.048425
0.051447
0.050286
0.046588
0.029371
0.024782
0.026725
0.032586
0.042521
0.037115
0.045237
0.038823
0.034972
0.014422
0.013856
0.020805
0.010908
-0.005417
-0.022069
-0.019899
0.001010
0.000418
0.003799
-0.005985
0.020169
0.016609
-0.007133
-0.008548
-0.020683
-0.026211
0.007809
-0.003597
-0.018375
-0.017046
-0.035876
-0.042721
-0.008681
-0.014128
-0.029374
-0.030983
0.005720
0.003314
-0.015975
-0.029683
-0.010165
-0.008423
0.008013
-0.008011
-0.015771
-0.004463
-0.027973
-0.046177
-0.005476
-0.013578
-0.015931
-0.022188
0.010197
0.002386
-0.022351
-0.033306
-0.021176
-0.014249
-0.000523
-0.016727
-0.009854
0.001530
-0.029533
-0.049866
-0.019870
-0.033790
-0.033387
-0.028818
0.003960
-0.005709
-0.024246
-0.023833
-0.002471
-0.007520
-0.000479
-0.015686
-0.013142
-0.005228
-0.022100
-0.015962
-0.002312
-0.012455
-0.030853
-0.025666
0.005092
0.012100
0.004560
0.000339
-0.006229
0.000251
0.000202
-0.010124
0.000307
0.008263
-0.003395
-0.012096
-0.003183
0.000162
-0.013046
-0.018255
-0.001690
0.008597
0.001694
-0.000058
0.001060
0.004494
-0.002285
-0.005460
0.001199
0.004828
-0.008501
-0.015002
-0.004417
0.001169
-0.008491
-0.014814
-0.001545
0.007872
0.001743
0.000987
-0.006273
0.000372
0.002921
-0.018139
-0.009030
-0.005930
-0.023417
-0.028257
-0.012097
-0.003292
-0.007422
-0.016486
-0.003197
0.006553
0.003462
-0.007262
-0.007234
-0.008800
-0.006044
-0.021331
-0.011319
-0.006948
-0.023226
-0.025443
-0.007698
-0.008709
-0.016952
-0.018200
-0.001790
-0.002452
-0.008437
-0.018070
-0.016958
-0.014880
-0.003299
-0.017252
-0.013946
-0.004164
-0.021194
-0.023552
-0.006602
-0.014145
-0.024223
-0.022563
0.001631
0.004384
0.002285
-0.002359
-0.007567
-0.006871
0.011643
-0.003807
-0.006624
-0.002949
-0.013465
-0.017817
-0.003378
-0.010346
-0.022666
-0.024546
0.003210
0.005437
-0.000010
-0.004898
-0.001408
0.001852
0.011792
0.002579
-0.001535
-0.000858
-0.017576
-0.029645
-0.002945
0.004778
-0.003522
-0.010840
0.017119
0.019521
0.008889
-0.000883
-0.015320
-0.014693
0.000447
-0.004430
-0.004004
-0.006099
-0.041503
-0.043515
-0.017117
-0.018965
-0.029906
-0.028578
0.004035
0.004798
-0.014599
-0.022794
-0.008068
-0.003508
0.007181
-0.011245
-0.016859
-0.011113
-0.019248
-0.032084
-0.011412
-0.017064
-0.024741
-0.020824
0.008089
0.000075
-0.014660
-0.013902
-0.000670
-0.010598
-0.003840
-0.018635
-0.001563
-0.004289
-0.018587
-0.020948
-0.000657
0.001268
-0.000602
-0.011772
0.006090
0.006501
-0.000869
0.000239
-0.009253
-0.006299
0.002790
-0.007060
-0.011541
-0.009045
-0.020755
-0.020299
0.000406
0.000153
-0.016501
-0.015667
0.003777
0.011749
0.003479
0.001858
-0.002470
0.003242
-0.000597
-0.012317
-0.002823
0.002479
-0.013305
-0.023967
-0.004651
-0.000344
-0.019450
-0.019835
0.002431
0.011660
0.007248
0.005844
-0.005132
-0.001872
0.002403
-0.004720
0.003055
0.001882
-0.006865
-0.012507
0.000147
-0.000006
-0.012604
-0.014751
-0.000222
0.006710
0.006484
-0.001329
-0.000693
-0.002303
-0.002452
-0.019114
-0.009046
-0.003142
-0.022348
-0.021429
-0.010250
-0.008617
-0.014823
-0.017471
-0.002551
0.003011
-0.004590
0.003502
0.007394
0.002783
-0.002275
-0.007421
-0.002985
0.006175
-0.004699
-0.011422
-0.003890
-0.000102
-0.015610
-0.011810
0.006245
0.019819
0.020602
0.019356
0.010743
0.006123
-0.000489
0.000749
0.002140
0.003374
-0.002237
-0.006587
0.001106
0.009014
0.001838
-0.002132
0.009894
0.022582
0.024545
0.031404
0.023636
0.018871
0.017920
0.016252
0.007056
0.006150
0.002324
0.006468
0.010543
0.006709
-0.007095
-0.001626
0.017588
0.023620
0.026313
0.038652
0.035002
0.032917
0.041066
0.040393
0.026636
0.022960
0.019724
0.021127
0.017485
0.017086
0.017073
0.003838
0.002044
0.004087
0.018033
0.026153
0.013692
0.012220
0.012326
-0.010238
-0.010419
-0.005885
-0.021729
-0.027461
-0.006430
-0.000388
0.003544
-0.006404
-0.002314
-0.003823
-0.007470
0.001758
0.006295
0.002128
0.005630
-0.001484
-0.007322
-0.005420
-0.014390
-0.011195
0.001904
0.001201
-0.025992
-0.024939
0.008686
0.024357
0.009499
0.005811
0.000511
0.005191
-0.000352
-0.005038
-0.002777
-0.000682
-0.014930
-0.023331
-0.004690
0.005824
-0.003076
-0.010770
-0.002658
0.003589
-0.003654
-0.002021
-0.003122
-0.001081
-0.006595
-0.018102
-0.008059
0.003077
-0.010432
-0.018694
0.001084
0.003997
-0.008573
-0.012410
0.000420
0.012651
0.013211
0.005518
0.000085
0.005821
0.005025
-0.011051
-0.005068
-0.004960
-0.018303
-0.024461
-0.014656
-0.014478
-0.005011
-0.006360
0.003008
-0.003535
-0.008483
-0.012910
0.000912
-0.003422
0.003439
-0.007629
-0.007109
-0.002533
-0.015452
-0.013812
0.008558
-0.000306
-0.024515
-0.022088
0.004765
0.015714
0.016270
0.010669
0.001893
-0.000962
0.002565
-0.002769
0.001242
-0.000816
-0.015939
-0.024501
-0.002981
-0.005322
-0.014860
-0.013929
0.011071
0.014303
0.009710
0.004236
-0.000105
-0.003549
0.006730
-0.002487
-0.003450
-0.002063
-0.011747
-0.015328
-0.004226
-0.003516
-0.011890
-0.020998
-0.003814
0.006820
0.008412
0.004259
-0.003654
-0.004731
0.005034
-0.002383
0.001888
0.003498
-0.010543
-0.019338
-0.009066
-0.004675
-0.014488
-0.015852
-0.001039
0.007246
0.011221
0.004001
-0.002390
-0.000591
0.004827
-0.005861
0.001107
0.001431
-0.011140
-0.010393
0.006345
0.004080
-0.009050
-0.010210
0.008018
0.013734
0.007618
-0.004732
-0.004860
-0.001662
0.006621
-0.003521
-0.006417
-0.002133
-0.019766
-0.029560
-0.003324
0.003320
-0.011775
-0.021299
0.004122
0.008022
-0.009399
-0.013176
-0.002519
-0.000197
0.009849
-0.004991
-0.003703
-0.000244
-0.015116
-0.024215
-0.008551
-0.013125
-0.016783
-0.015028
0.004920
-0.002387
-0.008957
-0.000492
0.002173
0.000094
0.001636
-0.006599
-0.004364
-0.006024
-0.010697
-0.008746
-0.011418
-0.014181
-0.023216
-0.021706
0.002830
0.008686
0.000980
0.001955
0.004364
0.006259
0.002401
-0.001963
-0.003471
-0.002803
-0.003404
-0.007268
0.006365
0.007024
-0.008423
-0.011017
0.005987
0.015243
0.008675
0.007606
0.011732
0.008625
0.000852
0.001328
0.004398
0.006935
-0.003368
-0.006425
0.000642
0.003768
-0.001609
-0.003423
0.005419
0.011980
0.008414
0.005389
0.000319
0.005872
0.008476
-0.010029
-0.008793
-0.004616
-0.009266
-0.020280
-0.009911
-0.009866
-0.011998
-0.021469
-0.003789
-0.002181
-0.003024
-0.001028
-0.000397
-0.001004
0.002613
-0.008064
-0.005801
-0.006001
-0.018989
-0.024147
-0.004285
-0.001328
-0.010529
-0.011822
0.006502
0.014016
0.012196
0.012832
0.003635
0.001477
0.001138
-0.009067
-0.007722
-0.003327
-0.015086
-0.015623
-0.002956
-0.002075
-0.015770
-0.016384
0.006542
0.017789
0.009465
0.010558
-0.006569
-0.001758
0.004270
-0.005639
0.000991
0.004015
-0.005651
-0.011767
-0.006561
-0.003365
-0.014460
-0.017278
0.001180
0.008867
0.009337
0.007136
0.003223
0.009086
-0.000453
-0.010455
0.002074
0.010293
-0.001145
-0.005697
-0.003282
0.007527
-0.001642
-0.005043
0.005823
0.014393
0.007071
-0.000895
-0.004289
-0.001701
-0.004679
-0.015664
-0.007226
-0.005142
-0.020137
-0.026264
-0.007994
0.001146
-0.010559
-0.017824
0.005527
0.016247
-0.005445
-0.005190
-0.000767
0.004639
0.003934
0.001261
-0.000498
0.000403
-0.013338
-0.018815
0.000227
0.003865
-0.015210
-0.017631
0.005959
0.012169
0.000078
0.001589
-0.004099
-0.004632
-0.005570
-0.011109
-0.008594
-0.004175
-0.014605
-0.017914
-0.000345
0.001494
-0.015995
-0.014326
0.009216
0.013920
0.002059
0.001781
-0.004783
-0.003099
-0.002216
-0.011393
-0.007295
-0.002820
-0.023789
-0.030536
-0.010088
-0.008945
-0.017871
-0.015555
0.008559
0.011442
0.001003
-0.001990
-0.014338
-0.009184
0.002133
-0.004202
-0.006162
-0.006029
-0.017581
-0.019715
-0.004886
-0.010979
-0.022452
-0.017992
0.001557
0.003754
0.006029
0.015535
0.013374
0.022656
0.018519
0.006786
0.010976
0.026557
0.015274
0.000767
0.012336
0.017473
0.005742
0.013170
0.033884
0.044574
0.053705
0.060367
0.070930
0.081837
0.075461
0.072213
0.054210
0.053876
0.044099
0.049236
0.044029
0.057871
0.079784
0.107029
0.117217
0.111130
0.097955
0.110985
0.125346
0.145793
0.146289
0.148316
0.137502
0.121869
0.104846
0.105450
0.090764
0.084814
0.091267
0.119453
0.133473
0.119055
0.096715
0.083376
0.064300
0.060947
0.040068
0.019349
0.013940
0.016315
0.017806
0.027048
0.014927
0.014380
0.018448
0.011167
0.005552
0.015006
0.027786
0.026348
0.022821
0.016576
0.013667
0.011107
0.007719
0.000759
-0.014681
-0.014470
0.003969
0.008457
-0.004078
-0.012147
0.011138
0.023186
0.003025
-0.006688
-0.002954
-0.000762
0.011985
0.001869
-0.001672
-0.003952
-0.023305
-0.033386
-0.010749
-0.007611
-0.025234
-0.026497
-0.004481
0.005868
0.005621
-0.004720
-0.011136
-0.004660
0.003573
-0.020286
-0.014308
-0.001492
-0.019671
-0.029706
-0.005454
-0.009227
-0.021722
-0.023928
0.003909
0.003875
-0.009363
-0.009318
-0.007129
-0.005818
0.004488
-0.020613
-0.016836
-0.011921
-0.027765
-0.031982
-0.010049
-0.001508
-0.008798
-0.013955
0.007295
0.009393
0.001947
-0.004868
-0.003649
-0.004139
0.003688
-0.015869
-0.023887
-0.007084
-0.024839
-0.024952
-0.006354
-0.017248
-0.030486
-0.026421
0.014373
0.017166
-0.003607
-0.017980
-0.010607
-0.007845
0.000962
-0.019345
-0.015690
-0.002500
-0.026153
-0.036914
-0.009940
-0.012971
-0.017980
-0.020197
-0.002432
0.003269
0.000346
-0.015375
-0.010077
-0.008847
-0.001137
-0.024081
-0.019937
-0.010433
-0.022656
-0.027208
-0.014333
-0.025781
-0.030066
-0.028967
-0.007456
-0.007366
-0.002430
-0.010498
-0.010908
-0.012150
-0.001388
-0.013052
-0.003147
-0.003217
-0.015553
-0.018301
-0.007084
-0.011153
-0.017199
-0.017582
0.004128
0.007716
-0.000997
0.000876
0.005661
0.003870
-0.008859
-0.013891
0.003854
0.008313
-0.002472
-0.003340
-0.000974
0.001357
-0.005568
-0.004991
0.007507
0.012548
0.008004
0.011942
0.008397
0.010264
0.006728
0.000810
0.004320
0.009088
-0.005013
-0.010331
0.001439
0.009299
-0.010063
-0.013923
0.008639
0.019975
0.008090
0.006438
0.002739
0.006457
-0.003477
-0.013817
-0.004781
0.002731
-0.006635
-0.014393
-0.003640
0.004015
-0.010253
-0.015209
0.001864
0.010719
0.006295
0.000355
-0.003759
-0.000980
0.002982
-0.005138
0.000528
0.002518
-0.016154
-0.017058
-0.000298
0.003681
-0.007973
-0.011823
0.002038
0.011816
0.007699
0.004130
-0.002337
-0.003232
-0.000137
-0.003995
0.002041
0.002881
-0.018252
-0.021644
-0.007849
-0.003139
-0.011994
-0.014163
0.009192
0.018561
0.005493
-0.006976
-0.008157
-0.000559
0.005265
-0.011928
-0.006466
0.001218
-0.014677
-0.023591
-0.005193
-0.006228
-0.014740
-0.012972
0.005551
0.002511
-0.004619
-0.007446
-0.005948
-0.005650
-0.006011
-0.013809
-0.004696
-0.001069
-0.009992
-0.018897
-0.003380
-0.002562
-0.015275
-0.015721
0.000798
0.010645
0.010480
0.008323
0.005519
0.009818
0.006832
-0.003864
-0.000649
0.000452
-0.003494
-0.003597
-0.000746
-0.001719
-0.007755
-0.010893
-0.001330
0.005322
0.001657
-0.002916
-0.006126
-0.003870
-0.008555
-0.022927
-0.013687
-0.008441
-0.018983
-0.018441
-0.002395
-0.004582
-0.004330
-0.008297
0.001026
-0.001354
-0.003682
-0.014295
-0.018509
-0.024968
-0.010341
-0.020858
-0.012031
-0.011428
-0.031501
-0.033597
-0.009980
-0.014063
-0.024467
-0.025895
0.004070
0.002410
-0.008824
-0.006808
-0.000424
-0.003974
0.000219
-0.002636
0.002314
0.003208
-0.005918
-0.010621
-0.004370
-0.011318
-0.021259
-0.017131
0.004578
0.011262
0.007636
0.014968
0.010113
0.014578
0.008928
-0.001066
0.002602
0.006179
-0.006388
-0.007996
-0.001588
0.002984
-0.008729
-0.008969
0.005453
0.018163
0.019488
0.012700
0.006907
0.015094
0.007208
-0.003540
-0.000898
0.009804
-0.003015
-0.009644
0.000035
0.008528
0.001031
-0.011791
-0.007008
0.001438
0.003908
0.004912
0.006651
0.011022
0.005406
-0.005512
-0.002334
0.003655
-0.009791
-0.010859
-0.001744
0.003966
-0.012368
-0.016563
0.001117
0.016046
0.013384
0.005331
0.000931
0.003728
0.004314
-0.005284
-0.001499
0.000751
-0.005032
-0.009983
-0.002708
-0.000675
-0.005492
-0.012589
0.006657
0.015339
-0.000504
-0.003132
-0.001170
-0.001205
0.002232
0.000061
-0.001166
-0.000750
-0.012284
-0.012292
0.009906
0.004549
-0.016216
-0.015072
0.010386
0.018193
0.005581
-0.006098
-0.008487
-0.007323
-0.001535
-0.010301
-0.013673
-0.004962
-0.021332
-0.031628
-0.007412
-0.009955
-0.021781
-0.019842
0.006413
0.011257
-0.004852
-0.016730
-0.007730
-0.003341
-0.006482
-0.021083
-0.019094
-0.014060
-0.027762
-0.029815
-0.007720
-0.017276
-0.016271
-0.020182
0.002174
-0.009505
-0.018306
-0.015094
-0.007668
-0.011153
-0.004948
-0.013638
-0.010617
-0.005075
-0.022057
-0.028460
-0.006788
0.000091
-0.013362
-0.017022
0.005052
0.016490
0.012534
0.008135
-0.001856
-0.006188
0.002981
-0.005523
-0.007919
-0.006033
-0.023359
-0.034510
-0.010040
-0.001067
-0.018006
-0.024800
-0.002715
0.000086
-0.007562
-0.009391
-0.011326
-0.011010
-0.005813
-0.014554
-0.005101
-0.000927
-0.016097
-0.023814
-0.012970
-0.010166
-0.017560
-0.018505
0.004543
0.010263
0.007262
0.001854
0.002143
0.004757
0.006360
-0.012272
-0.008896
-0.002555
-0.012421
-0.019435
-0.003501
0.001055
-0.014716
-0.019072
0.004314
0.009947
0.009970
0.009956
0.001475
-0.000626
0.002114
0.000704
0.001805
-0.001922
-0.015857
-0.017939
-0.003406
0.002909
-0.011872
-0.018513
-0.003490
0.012017
0.005632
0.003114
-0.006818
-0.000780
-0.002293
-0.012991
0.000793
0.004184
-0.007998
-0.017350
-0.006720
-0.003055
-0.009373
-0.012556
0.003394
0.003265
0.004722
-0.000212
-0.006135
-0.003514
0.011017
-0.002771
-0.009592
-0.009869
-0.017036
-0.013166
-0.000968
-0.005138
-0.007787
-0.011839
-0.001379
0.004102
0.012791
0.002969
-0.000053
0.001089
0.013378
-0.006697
-0.007195
-0.001245
-0.023254
-0.029759
-0.003703
-0.002137
-0.015457
-0.020643
-0.001075
0.004989
0.001502
-0.003209
-0.011735
-0.007217
-0.001910
-0.008765
-0.000777
-0.002667
-0.012544
-0.018069
0.002589
-0.002831
-0.015790
-0.013220
0.005680
0.009485
0.008854
0.007669
-0.000355
-0.003535
-0.003814
-0.009408
-0.005437
-0.001259
-0.016177
-0.016948
-0.010309
-0.008338
-0.013887
-0.016475
0.001384
0.013519
0.008594
0.002979
-0.003048
-0.003985
-0.001896
-0.017752
-0.009029
-0.007699
-0.017950
-0.012696
-0.000232
0.000526
-0.010293
-0.011987
0.004163
0.011068
0.005721
0.000270
-0.010263
-0.001164
0.009498
-0.002602
-0.007816
-0.001398
-0.025353
-0.032769
-0.008328
-0.007125
-0.021316
-0.023430
0.004940
0.008833
-0.008780
-0.011423
-0.005550
-0.011502
0.001750
-0.002478
-0.001384
-0.003438
-0.023292
-0.029130
-0.002943
-0.005628
-0.020559
-0.020969
0.002693
0.015357
0.004751
-0.000641
-0.001889
0.004929
0.004751
-0.004853
-0.000786
0.007889
-0.002210
-0.014816
-0.003725
-0.004214
-0.020537
-0.022787
0.000284
0.012590
0.016910
0.015060
0.007387
0.005389
0.001072
-0.006284
-0.001506
0.000226
-0.005092
-0.004734
0.001468
0.003948
-0.004887
-0.007409
0.009055
0.018279
0.011811
0.007144
-0.005109
0.001215
0.006072
-0.008190
-0.010083
-0.004451
-0.015383
-0.028481
-0.014045
-0.004017
-0.010384
-0.016865
-0.002527
0.000968
0.004129
0.000731
0.004595
-0.001487
0.005250
-0.005967
-0.001925
-0.005294
-0.019273
-0.031453
-0.009711
-0.001446
-0.000716
-0.011066
0.005501
-0.002126
-0.006456
-0.008481
-0.002659
-0.007576
-0.004454
-0.020676
-0.009669
-0.002239
-0.023462
-0.027225
-0.008929
-0.016116
-0.024218
-0.016031
0.006163
0.005451
-0.005254
0.001811
0.006210
0.008872
0.005242
0.001996
0.001204
0.008521
0.023113
0.016291
0.011665
0.004866
-0.019804
-0.049555
-0.059113
