-0.011403
-0.007896
-0.011118
0.001448
-0.030388
-0.014573
-0.024507
-0.028206
-0.008231
-0.027337
-0.022676
-0.007284
0.005481
-0.000922
-0.010559
0.005149
0.025271
0.022774
0.028019
0.014920
0.025185
0.035071
0.023823
0.017593
0.032635
0.038297
0.032254
0.050693
0.039246
0.068402
0.127179
0.161362
0.144205
0.129684
0.123092
0.095655
0.072045
0.046677
0.031893
0.026655
0.025602
0.020716
0.021891
0.019078
0.025748
0.017671
0.007783
0.018108
0.031094
0.036500
0.037520
0.022470
0.014515
0.017494
0.019627
0.013469
0.012984
-0.006695
-0.009322
0.014015
0.015099
-0.000698
-0.006574
0.015111
0.023877
0.007735
0.005506
-0.004674
0.003891
0.010336
0.004524
-0.001853
0.012372
-0.005774
-0.013705
0.012149
0.004534
-0.027356
-0.017351
0.009443
0.023879
0.025696
0.035023
0.026733
0.028330
0.026707
0.028020
0.022495
0.026445
0.020540
0.015494
0.019643
0.023152
0.013777
0.012254
0.013060
0.023376
0.029263
0.039825
0.033054
0.031382
0.014389
0.017794
0.016824
0.021981
0.016479
0.019967
0.022310
0.030435
0.030916
0.036911
0.031424
0.032555
0.035937
0.038247
0.038576
0.042861
0.038461
0.040301
0.023879
0.021163
0.015217
0.011484
0.016835
0.027770
0.020048
0.016893
0.017751
0.029668
0.036349
0.041030
0.041010
0.047671
0.039580
0.047667
0.031628
0.030462
0.015898
0.015619
0.020691
0.029647
0.032003
0.029413
0.025607
0.028438
0.032589
0.039976
0.036369
0.040764
0.038279
0.041408
0.031462
0.029688
0.027967
0.034548
0.039067
0.044047
0.042543
0.059735
0.057517
0.053723
0.047607
0.047319
0.044855
0.050737
0.043406
0.040845
0.040455
0.046438
0.037100
0.040513
0.045047
0.048376
0.034642
0.030285
0.020602
0.027027
0.033368
0.039606
0.033469
0.050792
0.069018
0.075550
0.066412
0.056240
0.034730
0.035511
0.042542
0.047819
0.047875
0.058379
0.057724
0.056804
0.059867
0.055688
0.040457
0.030252
0.019151
0.011624
0.013187
0.019751
0.007221
0.009511
0.012616
0.020990
0.014314
0.000584
0.000690
0.010702
0.010879
0.003306
-0.003631
0.004123
0.007386
-0.014188
-0.010464
-0.004899
-0.012717
-0.016145
0.001454
-0.006670
-0.014623
-0.010785
0.003872
0.001514
-0.006083
0.003910
0.013920
0.013538
0.006512
-0.001589
0.005270
0.009484
0.007648
0.000306
0.000447
-0.001510
-0.009983
-0.014191
0.003712
0.012794
0.012842
0.012534
0.011420
0.012293
0.002988
-0.004416
0.000608
0.006763
0.005692
0.002510
0.007211
0.007971
-0.006448
-0.009114
0.001230
0.012610
0.016413
0.013180
0.005694
0.004048
0.000683
-0.003170
0.009525
0.012590
-0.000355
-0.003700
0.009943
0.009291
0.000593
-0.000198
0.008608
0.007753
0.002008
-0.003734
-0.006753
-0.003490
0.014723
-0.010105
-0.024207
-0.008980
-0.026484
-0.031834
-0.004688
-0.015920
-0.012709
-0.030261
-0.015010
-0.022624
-0.021833
-0.042933
-0.026928
-0.020670
0.003682
-0.006813
-0.004674
0.000592
-0.025704
-0.036307
0.005864
-0.018077
-0.012987
-0.029188
-0.002913
-0.019580
-0.020686
-0.030931
-0.022840
-0.017024
0.002118
-0.024000
-0.014359
-0.002115
-0.029408
-0.038671
-0.013712
-0.019162
-0.022576
-0.028664
-0.002760
-0.000497
-0.005485
-0.005250
-0.005391
-0.002445
0.004277
-0.014945
-0.008733
0.005012
-0.006818
-0.015290
0.002355
-0.000272
-0.023359
-0.015628
0.010396
0.026499
0.036436
0.042818
0.033552
0.034687
0.035112
0.032703
0.034566
0.040323
0.033449
0.032622
0.028471
0.026036
0.010047
0.007324
0.017556
0.025767
0.030884
0.028733
0.026791
0.019614
0.015864
0.014012
0.016145
0.011150
-0.003014
0.001552
0.015472
0.016744
0.014813
0.010467
0.018466
0.011853
0.003321
-0.004811
-0.011660
-0.004371
0.002419
-0.022137
-0.031751
-0.014002
-0.040605
-0.043444
-0.009601
-0.026695
-0.016872
-0.038038
0.004673
-0.010630
-0.042072
-0.052436
-0.026345
-0.020607
-0.006484
-0.021320
-0.012971
0.014734
-0.017844
-0.029703
0.004906
-0.011809
-0.046359
-0.031688
0.002281
0.009410
-0.002418
0.007417
0.003870
0.009820
0.003055
-0.008121
-0.006152
0.010507
0.006152
-0.002268
0.017940
0.018057
-0.004064
0.010958
0.029325
0.040762
0.059786
0.081777
0.094562
0.126288
0.173666
0.243943
0.290700
0.383079
0.484195
0.672587
0.815549
0.892520
0.893293
0.881756
0.858491
0.762849
0.652977
0.465962
0.310592
0.268187
0.233800
0.194053
0.194404
0.202423
0.205548
0.212711
0.179087
0.135116
0.102961
0.076614
0.055327
0.050904
0.057081
0.061037
0.059709
0.060242
0.045316
0.032829
0.025999
0.032096
0.027695
0.038588
0.035538
0.039456
0.061712
0.081002
0.078954
0.067284
0.055263
0.054380
0.048032
0.044916
0.033311
0.045853
0.038668
0.035165
0.030744
0.039776
0.034286
0.034100
0.039138
0.053124
0.048716
0.043436
0.058072
0.062734
0.055529
0.049971
0.043349
0.039657
0.034286
0.035198
0.028783
0.031783
0.026479
0.029772
0.021298
0.008100
0.010408
0.018703
0.020468
0.015499
0.000258
0.005592
0.008873
-0.005267
-0.005086
0.003825
-0.024740
-0.029705
0.000096
0.007017
-0.004080
-0.010236
0.012051
0.009748
-0.005820
-0.016161
-0.017915
-0.014601
-0.001239
-0.016228
-0.025098
-0.017321
-0.034262
-0.041186
-0.010983
-0.020455
-0.019553
-0.024738
-0.000945
-0.001366
-0.008150
-0.022454
-0.016463
-0.011282
0.001006
-0.011587
-0.002961
0.008332
-0.019363
-0.041582
-0.014599
-0.016626
-0.020390
-0.017115
-0.003000
-0.013062
-0.012416
-0.009787
0.006366
0.007644
0.007187
-0.015722
-0.013393
-0.001129
-0.001980
-0.003548
0.000292
-0.011538
-0.024571
-0.019874
0.007465
0.014246
0.016008
0.019672
0.022441
0.020110
0.005508
0.001633
0.004167
0.003086
0.007214
0.005117
0.005932
0.007050
-0.002992
-0.011592
-0.000094
0.012611
0.012850
0.011053
0.006769
0.007186
-0.003524
-0.006528
0.003516
0.010066
0.002275
-0.004289
0.001224
0.006205
-0.000447
-0.008462
0.003611
0.010679
0.014331
0.016237
0.015539
0.006035
0.002174
0.002125
0.007166
0.007249
0.012558
0.008817
0.016404
0.009309
-0.006661
-0.007494
0.008601
0.019393
0.032092
0.031210
0.014907
0.007616
0.012719
0.009073
0.005637
0.004981
-0.001388
-0.005506
0.004239
0.002042
-0.010639
-0.011562
0.004379
0.011947
0.006908
0.004118
-0.002848
0.000309
0.004994
-0.008068
-0.008582
-0.002035
-0.008530
-0.012578
0.001609
-0.002755
-0.019227
-0.014860
0.006077
0.017833
0.009461
0.019442
0.012891
0.006218
-0.003247
-0.000455
0.003508
0.005651
-0.001274
-0.005848
-0.000741
-0.000290
-0.013223
-0.010931
0.001038
0.007496
0.010170
0.014592
0.010137
0.009527
-0.002527
0.001094
0.007377
0.009444
0.001347
0.001362
-0.001755
0.006946
0.006333
-0.000979
-0.002621
0.006022
0.010543
0.010366
0.005499
0.005636
0.001592
-0.002486
0.003925
0.009287
0.000925
-0.000030
0.000863
0.003977
-0.003227
-0.005400
-0.000270
0.006463
0.008856
0.012493
0.005331
0.003540
-0.004638
-0.010045
-0.003333
0.003483
-0.001081
-0.005702
0.002282
0.004521
-0.009191
-0.009755
0.006744
0.019704
0.021785
0.024741
0.021320
0.021912
0.018878
0.012042
0.016301
0.018349
0.001692
0.002478
0.015920
0.011739
0.001853
-0.005351
0.007184
0.003829
-0.002420
0.002007
-0.001473
0.000630
0.000984
-0.011310
-0.014222
-0.002901
-0.012670
-0.016614
-0.003272
-0.008350
-0.026717
-0.023278
0.001085
0.007388
0.002687
0.004169
0.002753
0.002927
-0.004223
-0.007809
0.001451
0.008907
0.003866
-0.003045
0.002990
0.003081
-0.011222
-0.013983
0.001550
0.008255
0.009203
0.005729
0.002738
0.004286
-0.000251
-0.005469
0.006473
0.008861
0.004599
0.001405
0.003999
0.004820
-0.000590
-0.006363
0.001814
0.009748
0.012889
0.013630
0.008916
0.006184
0.007222
0.003649
0.001729
0.000712
-0.002578
-0.001011
0.001952
-0.002630
-0.008035
-0.006425
0.009138
0.011307
0.006184
0.004505
-0.002082
-0.001312
-0.002332
-0.014656
-0.007655
-0.000030
-0.004409
-0.011887
-0.003996
-0.002767
-0.014375
-0.016237
0.001944
0.011673
0.011441
0.007197
0.004367
0.008238
0.013138
0.001641
-0.002499
0.014107
0.013244
0.006808
0.016013
0.010525
0.009678
0.017527
0.025290
0.016371
0.045234
0.042262
0.030804
0.023029
0.016865
0.009921
-0.001413
0.008281
0.004021
-0.000056
0.012045
0.000665
-0.015907
-0.011665
0.015796
0.024815
0.024819
0.019733
0.012132
0.014156
0.025591
0.010638
-0.001617
0.008773
0.004327
-0.004695
0.010319
0.000659
-0.020732
-0.011202
0.014169
0.028731
0.030562
0.032219
0.025917
0.023764
0.028252
0.031489
0.041837
0.043816
0.021799
0.006089
0.017404
0.022067
0.003931
-0.008405
0.006982
0.012733
0.006058
0.010319
0.005908
0.004596
-0.001848
-0.012706
-0.012176
0.000159
-0.010820
-0.019265
0.006974
0.005872
-0.019643
-0.012624
0.010940
0.017633
0.003020
-0.002396
0.001145
0.011466
0.010669
0.001834
0.006265
0.018527
0.003758
-0.005788
0.022159
0.023387
0.019939
0.031336
0.034349
0.031553
0.061353
0.057752
0.028218
0.027499
0.021384
0.013664
0.008351
0.012560
0.016706
0.010675
0.010258
0.001145
-0.012229
-0.009511
0.000486
0.009463
0.015431
0.018951
0.018541
0.014409
0.000137
-0.000967
0.007722
0.016321
0.014448
0.014424
0.012540
0.014302
-0.002737
-0.011336
0.006136
0.017815
0.013158
0.012984
0.014331
0.016219
0.007045
0.007301
0.008822
0.013251
0.008166
0.004375
0.007674
0.008529
0.000521
-0.002048
-0.002924
0.004343
0.011765
0.017117
0.008459
0.011034
0.000969
-0.010070
0.002178
0.009747
0.000785
0.001135
0.006502
0.011078
0.001789
-0.003457
0.004949
0.019083
0.012973
0.015203
0.009945
0.013252
0.007085
0.007320
0.009809
0.015570
0.007402
0.003249
0.009098
0.007814
-0.001621
0.005123
0.014025
0.012746
0.009536
0.011849
0.013857
0.008581
0.000088
-0.002405
0.004936
0.004976
-0.000178
0.003511
0.008541
0.003332
-0.013425
-0.014266
0.003865
0.008797
0.003771
0.006700
0.004623
0.008413
0.005041
-0.001853
0.000840
0.006587
-0.005853
-0.010848
0.008711
0.005066
-0.014209
-0.009819
0.004424
0.012167
0.011298
0.009093
0.006093
0.006193
-0.001318
-0.005758
-0.000400
0.004466
0.002944
-0.000502
0.000273
0.000654
-0.009029
-0.010204
-0.001135
0.007563
0.014447
0.017546
0.011020
0.006101
0.000038
-0.000083
0.009316
0.012786
0.007018
0.006470
0.008203
0.007285
-0.002677
-0.007369
-0.002823
0.003222
0.012700
0.017417
0.019631
0.015475
0.007171
0.003363
0.010131
0.015323
0.012222
0.009377
0.014015
0.011862
-0.005418
-0.005135
0.010539
0.017968
0.023056
0.020534
0.015228
0.009491
0.005859
-0.010149
-0.000315
0.002543
-0.011750
-0.016432
-0.001533
0.003387
-0.003595
-0.011377
-0.003498
0.005986
0.001317
-0.005755
0.004984
0.010701
0.012213
0.000668
0.004558
0.008355
0.003823
-0.006230
0.002490
-0.004190
-0.003465
0.001399
0.002735
-0.004872
-0.005475
0.005205
0.017701
0.010911
0.013488
0.009345
0.006197
-0.004118
-0.005673
-0.005662
0.006452
-0.005454
-0.017683
-0.015183
0.004111
0.006138
0.010358
0.010627
0.011000
0.015523
0.012676
-0.003710
-0.001400
0.012000
0.009854
0.000862
0.007869
0.004233
-0.013186
-0.008669
0.005482
0.014357
0.019704
0.023634
0.019466
0.014807
0.006843
0.000350
-0.000199
0.008389
0.005676
0.002775
0.011326
0.013167
-0.000613
-0.003933
0.006569
0.012099
0.009431
0.007699
0.007230
0.009738
0.003079
-0.008489
0.000854
0.005992
-0.004001
-0.010666
0.006129
0.006393
-0.008531
-0.005379
0.009387
0.018845
0.018386
0.018963
0.014083
0.015793
0.017031
0.012308
0.011911
0.021937
0.024724
0.027975
0.028782
0.013701
0.012599
0.018409
0.013601
0.011379
0.033866
0.037716
0.027665
0.021859
0.008345
0.002394
0.005735
0.010765
0.013274
0.008939
0.017773
0.007666
-0.006127
-0.004728
0.011706
0.011732
0.009531
0.010746
0.009401
0.007956
0.005231
-0.002430
0.003911
0.010008
0.003003
-0.005993
0.002349
0.000945
-0.008338
-0.006522
0.008643
0.012953
0.012629
0.014961
0.007490
0.008725
0.007793
-0.003945
-0.002652
-0.001068
-0.005508
-0.009561
0.001200
-0.000630
-0.010377
-0.009968
0.003347
0.008640
0.004277
0.005712
0.002835
0.003791
0.000188
-0.006670
-0.003364
0.003334
0.004919
-0.004823
0.001834
0.002347
-0.011147
-0.010061
0.007065
0.010300
0.007109
0.008654
-0.000405
-0.002610
-0.002543
-0.008795
-0.001295
0.005400
0.001098
-0.006928
0.007715
0.002845
-0.008439
-0.005269
0.000543
0.000797
-0.000273
0.000885
0.004410
0.006166
0.005952
-0.009441
-0.009628
-0.003871
-0.011535
-0.016231
0.005886
-0.002384
-0.010448
-0.011808
0.007486
0.008366
0.000661
0.001944
0.003680
-0.004354
0.003516
-0.006066
-0.008244
-0.001433
-0.011037
-0.021467
0.005103
-0.000760
-0.014493
-0.012590
0.004698
0.008047
-0.000835
0.005518
0.002499
0.008526
0.020214
0.009328
0.009101
0.020083
0.000482
-0.010058
0.009579
0.010974
-0.008326
-0.014317
0.010547
0.017558
0.013139
0.023112
0.020686
0.024855
0.022360
0.016024
0.020803
0.034495
0.018918
0.012096
0.021886
0.023396
0.008925
0.018926
0.036737
0.045923
0.047378
0.050969
0.052511
0.044226
0.022546
0.017294
0.023829
0.029180
0.015104
0.015691
0.017166
0.022761
0.013147
0.007035
0.012807
0.021221
0.015816
0.013736
0.011633
0.013597
0.005704
-0.000154
0.002323
0.007151
-0.002995
-0.005505
0.006682
0.008942
-0.001022
-0.003433
0.003327
0.004547
0.000820
0.003929
0.010756
0.016238
0.003887
0.000544
0.006853
0.012322
0.009582
0.007711
0.015737
0.005669
-0.001558
0.004646
0.011228
0.009794
0.022610
0.029346
0.020864
0.016543
0.004285
0.003498
0.010594
0.013686
0.015331
0.012632
0.012841
0.011465
-0.000059
-0.005487
0.003889
0.010676
0.013970
0.015342
0.009527
0.006810
0.003426
0.000632
0.005781
0.006483
0.007210
0.007038
0.005624
0.004949
-0.003333
-0.005819
0.007122
0.015434
0.013892
0.009854
0.010572
0.006538
0.003471
0.000668
0.002763
0.001150
-0.005167
-0.003120
0.005653
0.005185
-0.007443
-0.010790
0.001300
0.008707
0.013788
0.013204
0.005466
0.003618
-0.002237
-0.008703
0.000365
0.003931
-0.004601
-0.009181
-0.004939
0.000027
-0.009339
-0.015387
-0.004505
0.007889
0.006708
0.004640
0.004688
0.009473
0.000814
-0.004758
0.005528
0.010519
0.004438
0.000841
0.003944
0.003728
-0.006535
-0.010434
0.001236
0.011194
0.011623
0.007306
0.003038
0.003856
0.000124
-0.001667
0.007869
0.010129
0.003677
0.000059
0.004948
0.006789
-0.000126
-0.007165
0.002954
0.010769
0.014671
0.017708
0.013666
0.007446
0.001438
0.002959
0.005003
0.007841
0.010640
0.010223
0.012664
0.007513
0.000542
0.000281
0.006836
0.012457
0.017915
0.023557
0.022547
0.017506
0.003561
0.004622
0.004848
0.009013
0.013186
0.014857
0.013738
0.009422
-0.009652
-0.006839
0.009776
0.018378
0.022153
0.022893
0.018159
0.015166
0.007649
0.012502
0.010862
0.017937
0.013318
0.006353
0.007116
0.012921
0.005153
0.000512
0.011100
0.021415
0.021160
0.024198
0.019790
0.016818
0.010489
0.009111
0.011807
0.014370
0.012888
0.007721
0.007805
0.009494
0.003141
-0.002235
0.000043
0.005830
0.012388
0.015835
0.005103
0.008517
0.012174
0.004896
0.006198
0.015056
0.006234
0.001804
0.004397
0.003927
-0.001333
-0.000202
0.011413
0.013548
0.015351
0.022175
0.021701
0.009377
-0.006332
-0.005987
0.002410
0.006736
0.000095
-0.002822
-0.000841
0.004239
-0.008942
-0.013692
-0.000676
0.008387
0.012986
0.017796
0.008853
0.012838
0.011682
0.005852
0.006229
0.014196
0.005089
-0.001702
-0.002214
0.006952
0.000825
-0.002289
0.001004
0.013373
0.022343
0.020569
0.010596
0.010367
-0.002664
-0.006683
0.002570
0.007580
0.002464
-0.006245
-0.002431
0.006653
-0.004243
-0.007185
0.001226
0.011331
0.009844
0.008761
0.004764
0.009757
0.000063
0.001247
0.005444
0.012214
0.006795
0.001144
0.004570
0.009065
-0.003115
-0.007893
0.000179
0.008142
0.015553
0.019747
0.015409
0.012499
0.000694
-0.000026
0.004541
0.007773
0.006968
0.003701
0.000740
0.007542
0.002975
-0.001334
0.000795
0.010514
0.014025
0.012980
0.008656
0.009196
-0.000587
-0.004674
0.006243
0.011429
-0.001435
-0.003662
0.005226
0.007447
-0.006817
-0.006587
0.004360
0.011033
0.006380
0.008170
0.005848
0.010146
0.002014
-0.007441
0.002096
0.013963
-0.000340
-0.004372
0.003721
0.001016
-0.010963
-0.010304
0.000774
0.006592
0.003155
0.006106
0.015176
0.019851
0.005505
-0.002591
0.001695
0.017077
0.019023
0.020711
0.025721
0.017847
0.000611
0.001192
0.003052
0.010254
0.016196
0.018927
0.016282
0.012716
0.003730
0.000500
0.005032
0.008946
0.017485
0.016908
0.011317
0.003955
0.003857
0.008795
0.010222
0.012735
0.021704
0.024300
0.023739
0.020500
0.005003
-0.001062
0.008644
0.013841
0.007870
0.007302
0.004245
0.006434
-0.000526
-0.005336
-0.004200
0.003243
0.011155
0.012503
0.009790
0.008250
0.002105
-0.003939
0.006796
0.013092
0.006720
0.000435
0.006024
0.008135
-0.000805
-0.006398
0.000952
0.008294
0.011579
0.015618
0.009994
0.007705
-0.000234
-0.006163
0.004199
0.010292
0.006848
0.003816
0.004313
0.006108
-0.005865
-0.008597
0.005308
0.019521
0.015562
0.017250
0.014632
0.019458
0.013353
0.004832
0.007899
0.019342
0.014102
0.006755
0.015271
0.011566
-0.000230
-0.000831
0.002536
0.007336
0.017547
0.017558
0.012602
0.016256
0.008746
0.001418
0.007407
0.011732
0.007921
0.008077
0.013691
0.012148
-0.002619
-0.005914
0.004725
0.009895
0.013390
0.018548
0.016777
0.006517
-0.007120
-0.006639
0.000720
0.004197
0.000675
-0.001072
0.004695
-0.001208
-0.012982
-0.008677
0.004718
0.012780
0.015497
0.018087
0.015423
0.016727
0.006313
0.002830
0.005445
0.009921
0.010652
0.002639
0.006990
0.003278
-0.001109
0.003468
0.003107
0.004889
0.015826
0.016491
0.018396
0.010550
0.003031
0.003568
0.004711
0.004968
0.005488
0.000961
0.000229
0.004688
-0.005865
-0.012398
0.001149
0.013536
0.016997
0.018415
0.007971
0.009720
0.002970
-0.001143
0.001538
0.007759
0.000908
-0.002968
0.000133
0.002833
-0.010897
-0.011345
0.001038
0.013338
0.008994
0.009411
0.013955
0.017819
0.005320
0.004408
0.009523
0.018268
0.014538
0.011406
0.016558
0.013246
0.001744
0.004235
0.006734
0.012011
0.024203
0.028633
0.022039
0.013725
0.003921
0.001743
0.011694
0.014766
0.007400
0.009964
0.012517
0.007735
-0.000762
-0.005879
0.004421
0.009839
0.011135
0.013869
0.009740
0.010462
0.005252
-0.000482
0.004000
0.008498
0.005709
0.000239
0.003212
0.005193
0.000133
-0.002677
0.001941
0.011104
0.019441
0.020419
0.013797
0.011118
-0.003510
-0.004630
0.008276
0.010704
0.002440
0.004074
0.005504
0.007275
-0.002826
-0.006595
0.005553
0.011302
0.008263
0.008517
0.004331
0.008388
0.002280
0.002721
0.007136
0.012492
-0.000113
-0.005521
0.000601
0.009798
-0.005740
-0.010604
0.006682
0.015039
0.009222
0.010316
0.003764
0.006352
0.003704
0.002124
0.004744
0.009499
0.001749
0.001904
-0.000264
0.003309
-0.002466
-0.005664
0.000486
0.007389
0.012266
0.016384
0.014157
0.012866
-0.001694
-0.004199
0.004041
0.012691
0.004027
0.001599
0.003138
0.009060
-0.005230
-0.009740
0.003245
0.012600
0.019357
0.021444
0.015615
0.020556
0.016280
0.009872
0.010081
0.016549
0.011175
0.007311
0.007698
0.015420
0.008343
0.004735
0.005726
0.012487
0.012614
0.014862
0.008675
0.007731
-0.004114
-0.006274
0.003528
0.007486
0.000224
-0.001500
0.004579
0.008417
0.000518
-0.003053
0.004678
0.012949
0.012797
0.005068
0.006873
0.010592
0.003819
-0.003666
0.005076
0.009907
-0.001700
-0.008256
0.000265
0.005232
-0.004236
-0.007882
0.002662
0.011081
0.009772
0.007204
0.003780
0.001975
-0.000337
-0.005221
0.001738
0.001923
-0.005890
-0.008580
0.009232
0.002052
-0.010902
-0.010083
0.001131
0.005058
0.006662
0.003158
0.003313
0.004594
0.005812
-0.008486
-0.004617
0.004792
-0.002959
-0.009462
0.000520
-0.010531
-0.016336
-0.014807
-0.000239
-0.003721
-0.000239
0.009149
0.013171
0.014371
0.014593
-0.000268
-0.001354
0.004572
0.001766
-0.006185
0.002358
-0.002893
-0.019475
-0.017450
0.006020
0.013552
0.015419
0.018855
0.014105
0.013362
0.007477
0.010989
0.004460
0.001514
0.024538
0.021013
0.011537
0.005133
-0.004356
-0.029800
-0.058555
