-0.014280
-0.007571
-0.014454
0.010102
-0.025485
-0.021503
-0.013207
-0.017504
-0.001302
-0.008796
-0.002437
0.013186
0.005242
0.020677
0.032593
0.012667
-0.005132
0.003909
0.011506
0.004526
-0.005304
0.012131
0.003271
-0.012643
-0.009100
-0.008254
-0.011686
-0.002799
-0.001099
-0.011433
-0.000898
0.043732
0.065230
0.080646
0.070996
0.054756
0.043839
0.029766
0.022797
0.028501
0.026365
0.011377
0.000824
0.021978
0.023517
0.026290
0.020014
0.017614
0.009806
0.018155
0.031764
0.020013
0.010585
0.023250
0.012030
0.006673
0.015268
0.012027
0.001146
0.020791
0.000954
-0.015106
-0.002782
0.014858
0.012199
0.026015
0.034662
0.031660
0.029311
0.037057
0.025087
0.026483
0.037515
0.045254
0.044817
0.051564
0.034049
0.046992
0.079907
0.092874
0.074176
0.088514
0.096596
0.067986
0.066312
0.061573
0.049560
0.038971
0.050566
0.055549
0.071974
0.065673
0.059485
0.070145
0.097686
0.099362
0.082811
0.085403
0.102120
0.089605
0.085476
0.067829
0.055351
0.039026
0.050591
0.046432
0.044749
0.038672
0.042652
0.029318
0.036315
0.046410
0.052460
0.055273
0.063570
0.059224
0.067271
0.068294
0.067070
0.074628
0.073607
0.057664
0.051124
0.049114
0.042539
0.021895
0.008124
0.009977
0.016696
0.017987
0.025960
0.030485
0.036416
0.024965
0.010337
0.005360
0.024870
0.024452
0.019109
0.026190
0.027616
0.014396
0.033868
0.058586
0.062939
0.066072
0.071301
0.069308
0.067428
0.061834
0.050164
0.042685
0.049413
0.043254
0.038301
0.035941
0.036434
0.019981
0.013449
0.023275
0.033045
0.040859
0.036980
0.028505
0.024349
0.025396
0.019263
0.011168
0.011202
0.007142
0.002049
0.014045
0.015867
0.003849
0.000909
0.008427
0.017648
0.027957
0.038012
0.023543
0.031182
0.029619
0.013988
0.005187
0.017452
0.020371
0.026206
0.028540
0.026933
0.040672
0.060473
0.081977
0.076528
0.088134
0.072987
0.038250
0.022113
0.017408
0.001906
0.003041
-0.005713
-0.015894
-0.020785
0.008700
-0.004400
0.004839
-0.012458
0.014095
-0.001802
-0.021709
-0.029113
-0.021000
-0.025415
0.001145
-0.014487
-0.024329
-0.011939
-0.037647
-0.055781
-0.026258
-0.037315
-0.027402
-0.025746
-0.003552
-0.014473
-0.036935
-0.035747
-0.002577
-0.009186
-0.000520
-0.005138
-0.000356
0.002109
-0.014415
-0.016289
0.001833
-0.008376
-0.031103
-0.022893
0.011980
0.018830
0.014037
0.014214
0.012172
0.008089
0.001456
0.002335
0.004733
0.001649
-0.016160
-0.016759
0.003817
0.001291
-0.014238
-0.007181
0.009313
0.012494
0.012365
0.014604
-0.002087
-0.003884
0.009476
0.003231
-0.004119
0.003072
-0.010959
-0.017341
0.004477
0.005317
-0.010670
-0.011209
0.009042
0.024406
0.018186
0.020718
0.010522
0.023891
0.020904
0.008792
0.008144
0.019704
0.009094
-0.001871
0.009534
0.013147
-0.004693
-0.002572
0.012959
0.023586
0.028038
0.033028
0.031722
0.045739
0.059847
0.071211
0.073000
0.081277
0.083227
0.080168
0.076658
0.089667
0.099051
0.110018
0.098293
0.084370
0.073343
0.069426
0.063124
0.058831
0.049391
0.051028
0.039001
0.031971
0.035167
0.047113
0.041360
0.049672
0.075232
0.092381
0.090031
0.080486
0.083131
0.079884
0.065915
0.055430
0.036364
0.025410
0.020941
0.028636
0.021154
0.027151
0.021094
0.028870
0.013879
0.001376
0.007973
0.027137
0.031201
0.037195
0.046041
0.058449
0.056437
0.051958
0.069305
0.087808
0.082591
0.062799
0.052741
0.045331
0.036721
0.035689
0.042923
0.035566
0.043400
0.048640
0.037838
0.023201
0.021417
0.004410
-0.008502
-0.004406
-0.013186
-0.019436
-0.001586
0.011100
0.009509
-0.004249
0.002236
0.005403
-0.005012
-0.001004
-0.005082
0.002462
0.001854
-0.006817
-0.008469
0.000846
-0.007404
-0.015633
-0.002030
-0.003917
-0.015796
-0.013176
0.005618
0.016177
0.027758
0.036550
0.041950
0.046364
0.036832
0.022472
0.020204
0.023847
0.016359
0.017814
0.015770
0.018507
0.006399
-0.001380
0.008653
0.026796
0.040772
0.044541
0.036770
0.038498
0.030821
0.024169
0.024209
0.032702
0.029483
0.033031
0.035832
0.050850
0.044689
0.066667
0.084042
0.098536
0.127910
0.179608
0.211684
0.243727
0.289328
0.356973
0.392958
0.422213
0.454911
0.564565
0.677434
0.754033
0.746898
0.721269
0.683397
0.589379
0.474783
0.339751
0.228766
0.204622
0.169292
0.105813
0.082676
0.091010
0.088438
0.093181
0.068172
0.054066
0.039201
0.027594
0.021914
0.030818
0.042655
0.052222
0.046474
0.046785
0.049438
0.062898
0.052135
0.055265
0.053874
0.047742
0.038772
0.039872
0.049188
0.065946
0.067230
0.061525
0.075551
0.083442
0.058272
0.054776
0.053354
0.044037
0.042317
0.047885
0.042522
0.049966
0.047724
0.045270
0.071090
0.101069
0.112342
0.089138
0.085395
0.076503
0.049744
0.024860
0.026891
0.003632
-0.011514
-0.008767
-0.015023
-0.017725
0.003889
-0.007743
0.012240
-0.004533
0.015905
-0.002532
-0.012724
-0.047888
-0.045955
-0.038624
-0.001535
-0.037788
-0.049994
-0.026447
-0.047559
-0.070534
-0.034460
-0.052270
-0.025259
-0.056076
-0.019196
-0.048164
-0.053100
-0.075293
-0.038303
-0.036279
-0.008632
-0.043640
-0.035736
-0.010861
-0.039645
-0.054210
-0.023231
-0.033327
-0.043082
-0.025042
0.006580
0.007041
0.000081
0.003473
0.019682
0.021782
0.024907
0.009040
-0.001283
0.006673
0.005214
0.002659
0.006668
-0.006606
-0.026177
-0.028791
-0.001042
0.012343
0.009536
0.006925
0.003936
0.009237
0.009112
-0.001583
-0.003147
-0.000478
-0.008630
-0.014867
-0.004678
-0.001254
-0.011148
-0.014639
-0.000813
0.009995
0.007872
0.000909
0.002626
0.000240
0.004037
-0.003087
-0.000546
-0.001941
-0.015340
-0.018136
-0.008444
-0.004412
-0.013176
-0.013018
0.001990
0.011133
0.000856
0.005157
0.004781
0.002725
-0.000489
-0.007056
0.004080
0.006720
-0.008096
-0.013383
-0.004131
0.000622
-0.013696
-0.016735
0.002850
0.017247
0.012709
0.011864
0.005715
0.009804
0.001988
-0.006519
-0.000397
0.001144
-0.008086
-0.009291
-0.003257
-0.000638
-0.012731
-0.015910
0.002228
0.011299
0.002730
0.003918
0.003608
0.008409
0.005252
0.002859
0.002928
0.006946
-0.006491
-0.012829
0.000293
0.004633
-0.006422
-0.009029
0.001393
0.009755
0.001277
-0.000928
0.006231
0.011828
-0.003084
-0.011352
0.000584
0.007722
-0.000255
-0.006746
0.001078
0.004041
-0.010501
-0.009410
0.005799
0.013438
0.005596
0.007246
0.007171
0.005049
-0.001640
-0.002555
0.005357
0.004853
-0.003266
-0.007415
0.000332
0.004744
-0.009383
-0.011931
0.009181
0.018525
0.007456
0.004380
0.005772
0.015105
0.009980
-0.001255
-0.002822
0.006362
0.005374
-0.005946
-0.000797
0.002813
-0.007836
-0.006626
0.001592
0.012821
0.019134
0.017503
0.010641
0.005301
0.003389
-0.004588
0.000050
-0.002444
-0.009799
-0.005514
0.001644
0.003133
-0.001462
-0.005314
0.001115
0.012013
0.009177
0.002868
0.004348
0.002710
0.001529
0.000864
-0.000734
0.003865
-0.008323
-0.015364
0.001989
0.003257
-0.009543
-0.009296
0.001684
0.015430
0.020567
0.016362
0.014917
0.011644
0.002990
0.002274
0.014205
0.012741
-0.008900
-0.013395
0.009467
0.005984
0.009990
-0.006173
0.014817
-0.004352
-0.018702
-0.019015
-0.020224
-0.017196
-0.003233
-0.024327
-0.031634
-0.021314
-0.035831
-0.044456
-0.013202
-0.017496
-0.022100
-0.028639
0.001084
0.000951
-0.016076
-0.013385
-0.007360
-0.008824
-0.000581
-0.010226
-0.010582
-0.007219
-0.024648
-0.027390
-0.003218
-0.002785
-0.030288
-0.025389
0.009532
0.021713
0.006267
0.002949
0.004208
0.006976
0.006199
-0.000460
-0.001319
0.008472
-0.005638
-0.014567
0.001410
-0.000053
-0.017736
-0.019910
0.002560
0.008269
-0.000455
-0.003660
-0.002524
0.002344
0.004720
-0.003030
0.004212
0.004022
-0.003768
-0.006395
-0.000730
-0.001385
-0.013166
-0.014319
0.004039
0.011392
0.007713
0.005345
0.003037
0.005168
0.001821
0.001602
0.005919
0.009044
-0.002137
-0.007124
0.002086
0.011179
-0.008627
-0.010353
0.011623
0.024537
0.017534
0.017157
0.011484
0.007944
0.003959
0.003736
0.009368
0.004612
-0.017840
-0.018119
0.002006
0.013762
0.002452
-0.000973
0.019815
0.027421
0.007893
-0.000084
-0.010142
-0.004804
0.003021
-0.000721
-0.003751
0.001930
-0.015180
-0.022878
-0.000117
-0.002437
-0.009486
-0.014774
0.009179
0.008882
-0.005024
-0.001071
-0.005452
-0.002268
0.009051
0.001079
-0.003659
0.005178
-0.007118
-0.017935
0.003252
-0.002256
-0.027588
-0.020331
0.010868
0.019347
0.021746
0.027627
0.022711
0.027926
0.033598
0.023971
0.026464
0.037213
0.027034
0.017240
0.020484
0.024389
0.008676
0.001711
0.021180
0.024553
0.023901
0.019670
0.014596
0.009218
0.008571
0.005694
0.005023
-0.000483
-0.002891
-0.005440
0.005301
0.002301
-0.000698
-0.004076
0.002764
0.005788
0.018194
0.010774
0.016393
0.009711
0.017265
0.003230
-0.004407
-0.002920
-0.021987
-0.022230
-0.007209
-0.011512
-0.015101
-0.013077
0.008853
0.006846
-0.015891
-0.018754
-0.005952
-0.001885
0.001687
-0.018887
-0.024883
-0.016097
-0.027995
-0.030231
-0.005884
-0.007747
-0.016303
-0.018550
0.003574
0.007769
-0.003352
-0.012970
-0.001443
-0.006133
0.001464
-0.000229
-0.002703
-0.003225
-0.021912
-0.016655
0.006593
0.005673
-0.017856
-0.015798
0.012664
0.019276
0.001769
0.000466
0.001834
0.001158
0.001814
0.003785
0.005242
0.003508
-0.014251
-0.019613
0.009549
0.012932
0.001143
-0.003608
0.012950
0.017964
0.015486
0.005723
-0.008936
-0.007135
0.006084
-0.007801
-0.012383
-0.006034
-0.018228
-0.026460
-0.003703
-0.006360
-0.016307
-0.014522
0.007694
0.003181
-0.019994
-0.012622
-0.003409
-0.005289
-0.005278
-0.011430
0.002002
0.007369
-0.008273
-0.013322
0.001007
-0.000481
-0.021432
-0.024177
0.001852
0.013605
0.005640
0.000451
0.008079
0.014687
0.006134
0.000999
0.005350
0.009337
0.001336
-0.007302
-0.000031
0.002803
-0.010286
-0.012041
0.005708
0.013317
0.013038
0.011716
0.007450
0.007909
0.002604
-0.002506
0.003529
0.005532
0.001028
-0.007049
-0.001966
0.005504
-0.003739
-0.008148
0.000155
0.011139
0.010672
0.012180
0.006983
0.005136
-0.006777
-0.007714
0.002658
0.006897
-0.010265
-0.014296
-0.000276
0.006226
-0.008564
-0.009762
0.008633
0.025019
0.018415
0.025513
0.006900
0.006724
0.008732
0.008566
0.007546
0.013013
0.000117
-0.010828
-0.001807
0.004412
-0.012253
-0.009527
0.012030
0.021375
0.016093
0.013642
0.013125
0.010705
0.005526
0.009242
0.008638
0.003889
-0.011352
-0.007737
0.002900
0.007077
-0.006969
-0.004078
0.017410
0.030971
0.032457
0.028211
0.011334
0.007768
0.003700
-0.000437
0.003071
0.001784
-0.010020
-0.011505
0.004286
0.004157
-0.004202
-0.004111
0.012996
0.015558
0.002030
0.002351
-0.006643
-0.007138
0.002883
-0.000764
-0.004820
-0.001447
-0.015993
-0.018608
-0.004428
-0.000368
-0.007137
-0.008821
0.005832
0.016082
0.011059
0.013535
0.008664
0.005395
0.005122
0.000904
-0.004024
-0.000307
-0.006311
-0.010615
-0.008156
-0.008356
-0.014535
-0.011663
0.006269
0.012822
0.002831
0.000429
0.004064
0.003772
0.000514
-0.012292
-0.010985
-0.005665
-0.011940
-0.009130
0.000291
-0.003517
-0.011955
-0.009286
0.002981
0.009897
0.002193
0.003735
0.002777
0.003146
-0.000603
-0.006356
-0.000935
0.005185
0.000859
-0.002724
0.009825
0.006880
-0.013005
-0.010132
0.004406
0.015443
0.023705
0.022673
0.008297
0.010042
0.008425
0.005255
0.002601
0.002262
-0.010561
-0.008334
-0.000772
0.005302
-0.007660
-0.011958
0.003333
0.017596
0.009936
0.006704
0.006003
0.004960
-0.002787
0.001649
0.002304
-0.000737
-0.011601
-0.015443
-0.002359
0.006115
-0.006012
-0.010447
0.003998
0.017847
0.010646
0.006311
-0.000188
0.006523
0.007293
-0.007928
-0.003247
0.003163
-0.008722
-0.018342
-0.006591
0.001366
-0.010534
-0.015844
0.005333
0.017021
0.012040
0.007008
0.002897
0.007633
0.002400
-0.007647
-0.000719
0.005559
-0.010033
-0.018457
-0.005526
0.001765
-0.008283
-0.010761
0.001963
0.009446
0.008586
0.008171
0.000067
0.005106
0.008051
0.000965
0.002886
-0.003730
-0.009587
-0.010212
-0.007533
-0.006315
-0.007855
-0.013524
-0.000170
0.009894
0.013770
0.021378
0.018759
0.016596
0.014517
0.005676
0.007467
0.008795
0.001482
-0.007792
0.009684
0.012912
-0.002051
-0.008314
0.008912
0.018889
0.013201
0.008123
-0.002654
-0.001539
0.004338
-0.005298
-0.004160
-0.006259
-0.022861
-0.024227
-0.005284
-0.007473
-0.008323
-0.011166
0.005074
0.013657
0.008137
0.011824
0.004820
0.000239
0.000180
-0.002781
-0.001276
-0.001820
-0.014581
-0.015250
0.006468
0.006747
-0.009932
-0.011784
0.007051
0.016648
0.011409
0.012440
0.003628
0.010679
0.015516
0.009648
0.009147
0.015694
0.000292
-0.002831
0.002944
0.006241
-0.009905
0.004442
0.030150
0.044256
0.039312
0.043456
0.041834
0.036039
0.026032
0.022195
0.023862
0.018939
0.011622
0.017065
0.025059
0.015991
0.005959
-0.000696
0.009716
0.017793
0.020079
0.006404
0.005770
0.006777
0.011809
0.014462
0.017244
0.010973
-0.000740
-0.005288
0.024161
0.004332
-0.002175
-0.019093
-0.000279
-0.010215
-0.011657
-0.029424
-0.019033
-0.011119
0.017640
-0.014956
-0.024664
-0.010621
-0.031324
-0.048861
-0.007484
-0.026461
-0.022432
-0.035370
0.002337
-0.019591
-0.030776
-0.055953
-0.037372
-0.034928
-0.004823
-0.032271
-0.039550
-0.018965
-0.040929
-0.043255
-0.029606
-0.040914
-0.045254
-0.033607
0.007876
0.009283
-0.016030
-0.011480
0.000175
-0.006309
0.006064
-0.000901
-0.005879
-0.006694
-0.017121
-0.016713
-0.001138
-0.006468
-0.033714
-0.030922
-0.001095
0.015193
0.009119
0.006748
-0.000234
0.004818
0.001380
-0.005124
-0.000339
0.004730
-0.008024
-0.014981
0.001359
0.002885
-0.009078
-0.011586
0.010646
0.015376
0.007320
0.001510
-0.000332
0.004233
0.008427
-0.005327
-0.009178
-0.002816
-0.016846
-0.027231
-0.001522
0.003903
-0.014053
-0.018593
-0.001791
0.011497
0.011481
0.010036
0.000384
0.001131
0.007466
0.005674
0.003591
0.005245
-0.020422
-0.029074
0.003387
0.004747
-0.010044
-0.004636
0.012477
0.016684
0.011912
0.013795
0.008892
0.001491
0.008651
0.003001
-0.007977
-0.000691
-0.009665
-0.020835
-0.002601
-0.010747
-0.023583
-0.014867
0.006839
0.006897
-0.002376
0.000921
0.016517
0.011159
0.002321
-0.002481
0.003886
0.005767
0.003805
-0.002061
0.006907
0.003259
-0.004015
-0.003004
0.011282
0.014479
0.010555
0.016395
0.011185
0.011133
0.011408
0.004734
0.004447
0.000588
-0.003241
-0.005857
-0.002633
0.005385
-0.006247
-0.009489
0.012145
0.027521
0.021217
0.018238
0.005432
0.010225
0.011633
0.006120
-0.002107
0.002787
-0.003092
-0.012029
-0.002669
0.002167
-0.009695
-0.006263
0.006943
0.010993
0.009558
0.020965
0.006258
0.005903
0.008551
0.005160
0.001597
0.002831
-0.005706
-0.004229
-0.003583
-0.003455
-0.014822
-0.017121
0.005763
0.017594
0.006294
0.007702
0.011313
0.014541
0.011152
0.005310
0.006695
0.005778
-0.002174
0.000722
0.002935
0.001135
-0.014993
-0.015014
0.010506
0.022641
0.017907
0.014227
0.006928
0.004193
0.004123
-0.002210
-0.000252
0.006492
-0.002580
-0.010542
0.008646
0.009178
-0.008402
-0.007135
0.005676
0.014908
0.016816
0.020022
0.003102
-0.002344
-0.000764
-0.002977
-0.004310
-0.003034
-0.013844
-0.023325
-0.008054
-0.000244
-0.007980
-0.009832
0.003652
0.008474
-0.003603
0.000695
0.010278
0.009247
0.007964
-0.000969
-0.005954
-0.006655
-0.016263
-0.018848
-0.003337
-0.003143
-0.015343
-0.012707
0.002377
0.009439
0.013717
0.015989
0.004961
0.005677
0.003698
0.001203
0.003676
0.007029
0.000913
-0.004283
0.001345
0.005314
-0.007042
-0.007886
0.009775
0.022671
0.023565
0.023552
0.012425
0.020645
0.018189
0.009335
0.005642
0.011909
-0.002377
-0.007538
0.010041
0.017899
0.002317
-0.003303
0.008158
0.020182
0.024465
0.021102
0.011801
0.010287
0.010781
0.011367
0.005138
0.003875
-0.007111
-0.006134
0.008378
0.007439
-0.008375
-0.007444
0.005610
0.015624
0.006887
0.008596
0.003517
0.001900
-0.003451
-0.002120
-0.004186
-0.000143
-0.013280
-0.014797
0.006597
0.006785
-0.017958
-0.016057
0.007737
0.016774
0.004414
0.003950
0.003235
0.008352
0.004723
-0.000799
0.001952
0.012078
-0.002761
-0.014110
0.003604
0.005091
-0.009604
-0.006110
0.013257
0.017605
0.010470
0.009267
0.001542
-0.003519
-0.003920
-0.005096
-0.004248
-0.000558
-0.013448
-0.019231
-0.006542
-0.001014
-0.009182
-0.008096
0.013353
0.019698
0.009588
0.011614
0.003759
0.007928
0.015742
0.012227
0.005907
0.013166
-0.004659
-0.009724
0.000900
0.008359
-0.010151
-0.012308
0.008129
0.023899
0.013558
0.013309
0.008729
0.010384
0.008673
0.008787
0.001959
0.003611
-0.002656
-0.007699
-0.002536
0.002539
-0.010784
-0.014381
0.004075
0.016284
0.010027
0.006657
0.006155
0.012185
0.004822
-0.001348
0.000238
0.008177
-0.001050
-0.009431
0.006101
0.011860
-0.003439
-0.007881
0.006360
0.017709
0.011938
0.009932
0.002284
0.006762
0.003651
-0.008628
-0.000013
0.003242
-0.008154
-0.017462
-0.005925
-0.001909
-0.007959
-0.012071
-0.002089
0.007610
0.011792
0.010093
0.009359
0.008965
0.005440
-0.000471
-0.000966
0.001023
-0.001486
-0.005653
-0.000606
0.002268
-0.012683
-0.015608
0.006618
0.018825
0.008249
0.006826
0.008306
0.015262
0.005232
-0.000947
0.004850
0.010543
0.002726
-0.001497
-0.002043
0.006884
-0.004871
-0.009260
0.002855
0.014004
0.010000
0.008696
0.000927
0.005210
-0.003515
-0.004822
0.008400
0.012947
-0.000858
-0.002897
0.006560
0.006642
-0.004833
-0.006848
0.004526
0.010514
0.011182
0.017747
0.003534
0.002652
0.003319
0.000550
0.000241
0.005050
-0.009608
-0.012447
-0.009397
-0.000009
-0.008683
-0.012725
0.008764
0.020774
0.007503
0.006216
0.005413
0.009350
0.002336
0.000342
0.008451
0.008445
-0.001567
-0.008419
0.002855
0.007293
-0.005165
-0.010231
0.007270
0.018254
0.011178
0.006308
-0.001459
0.004576
0.001429
-0.010671
0.000677
0.006903
-0.012649
-0.018757
-0.007037
-0.004761
-0.013191
-0.015336
0.008053
0.015743
0.002735
0.005093
-0.003281
0.003952
0.003133
-0.006331
-0.001984
0.002248
-0.005865
-0.013388
-0.000189
0.005052
-0.006531
-0.008787
0.005006
0.015528
0.013858
0.015932
0.005565
0.005935
0.007945
0.001871
-0.000953
-0.003558
-0.013370
-0.014974
-0.007977
-0.005596
-0.006312
-0.009717
0.000471
0.002369
0.000625
0.002752
-0.008026
-0.009017
-0.001433
-0.013274
-0.010013
-0.004645
-0.013055
-0.019336
-0.003800
-0.004822
-0.012585
-0.009173
0.006870
0.007594
0.003764
0.011323
0.003076
0.002664
0.009816
0.006620
0.006881
0.005477
-0.007998
-0.012499
-0.000367
0.001627
-0.012827
-0.010133
0.013159
0.024873
0.016192
0.018158
0.016421
0.017349
0.007529
0.003754
0.005341
0.009019
-0.001667
-0.008001
0.005928
0.009594
-0.007381
-0.007587
0.012826
0.022900
0.016956
0.020544
0.012225
0.007404
-0.004224
-0.000833
0.000522
0.004423
-0.005129
-0.009914
-0.002518
0.007802
-0.004447
-0.008757
0.002453
0.012222
0.009415
0.012406
0.008880
0.003493
-0.007440
-0.003026
0.000668
0.002242
-0.004129
-0.007481
0.000583
0.008699
-0.006308
-0.011442
0.006835
0.025831
0.022737
0.013889
-0.000215
0.005900
0.008456
-0.003976
-0.004606
-0.001341
-0.021324
-0.027271
-0.012474
0.000695
-0.007561
-0.009924
0.009896
0.021050
0.006683
0.001548
-0.001724
-0.000590
0.002864
-0.004535
-0.005951
-0.005241
-0.013544
-0.017338
0.002666
0.000059
-0.011101
-0.012602
0.007786
0.010934
-0.000731
-0.004279
-0.008628
-0.008131
-0.001867
-0.005262
-0.001322
0.001226
-0.011665
-0.015693
-0.002939
-0.005626
-0.018269
-0.016487
0.003697
0.012207
0.009013
0.010649
0.005163
0.005729
0.004115
0.000743
0.002954
0.009773
0.002919
-0.003074
0.007182
0.010870
-0.006679
-0.007086
0.013343
0.022266
0.014750
0.009430
0.003495
0.004967
0.000275
-0.010874
-0.000602
0.002801
-0.016036
-0.022552
-0.003980
-0.000132
-0.014684
-0.012206
0.005447
0.013479
0.008996
0.006765
0.001991
0.002797
-0.000641
-0.003337
0.004107
0.006949
-0.004926
-0.014909
0.000151
0.006095
-0.004669
-0.009602
0.001807
0.015074
0.011736
0.007260
0.000081
0.002559
0.002610
-0.005442
-0.007265
-0.005185
-0.017348
-0.026248
-0.002423
0.003946
-0.003641
-0.004680
0.006358
0.006962
0.000056
0.008083
-0.006138
-0.005721
-0.006722
-0.009916
-0.003139
0.004341
0.009971
0.003451
0.006316
0.005821
-0.022374
-0.051975
-0.057633
