-0.009437
0.009775
-0.016645
-0.021444
-0.060292
-0.010447
-0.071803
-0.140314
-0.072431
-0.066744
-0.083978
-0.044217
-0.071610
-0.012441
-0.048826
-0.002392
-0.059183
-0.069355
-0.114578
-0.070521
-0.071357
-0.050204
-0.067967
-0.043229
-0.007263
-0.041736
-0.067211
-0.022285
-0.037841
-0.070116
-0.062115
0.011177
0.022142
-0.008140
-0.013893
0.001765
0.006720
0.006034
0.013806
0.005617
0.006990
-0.011217
-0.020497
-0.000501
0.006251
-0.014791
-0.013832
0.008918
0.023113
0.029107
0.041152
0.032228
0.045687
0.050023
0.040299
0.021653
0.035660
0.026306
0.010819
0.019668
0.028786
0.012278
0.016071
0.034611
0.047851
0.048883
0.053915
0.058594
0.057173
0.038723
0.033919
0.020338
0.025493
0.028249
0.034640
0.029717
0.034661
0.028520
0.035711
0.051224
0.068220
0.071713
0.077948
0.077933
0.071905
0.055186
0.054897
0.059676
0.065236
0.050679
0.043632
0.044875
0.046103
0.019671
0.014234
0.024705
0.041463
0.053072
0.062895
0.065957
0.065367
0.057051
0.061231
0.066763
0.067133
0.052680
0.045425
0.046669
0.047015
0.025670
0.021044
0.030231
0.037736
0.035405
0.044667
0.039712
0.034074
0.026404
0.029162
0.027982
0.041443
0.032886
0.037051
0.030049
0.031581
0.018925
0.026690
0.042802
0.049196
0.048891
0.059005
0.060766
0.061204
0.059220
0.066834
0.063909
0.062390
0.050899
0.049512
0.046478
0.048373
0.034964
0.036902
0.044462
0.056135
0.058596
0.059636
0.055040
0.047026
0.020931
0.022275
0.028637
0.036489
0.017365
0.016592
0.021559
0.030531
0.009338
0.004589
0.014295
0.025015
0.028086
0.032600
0.028704
0.044066
0.047194
0.036783
0.036383
0.055720
0.049160
0.041959
0.037232
0.043729
0.053258
0.071888
0.098374
0.091865
0.097786
0.094294
0.075336
0.054847
0.037105
0.038745
0.030718
0.020962
0.016292
0.014514
0.030967
0.031282
0.002134
0.002746
0.024912
0.037285
0.031059
0.036389
0.023909
0.033618
0.032376
0.017113
0.002802
0.013609
0.006571
0.000632
-0.001101
0.007618
-0.004379
-0.003270
0.015406
0.028174
0.024688
0.026037
0.025616
0.019527
0.009975
0.002735
0.008691
0.008690
0.004122
0.002870
0.006832
0.010122
0.007075
-0.001511
0.002717
0.006081
0.007643
0.002799
0.012604
0.010821
0.010030
0.001353
0.008007
0.009834
0.009604
0.007548
0.001409
-0.003350
0.005715
0.000508
0.003165
-0.003710
0.004489
0.019315
0.028175
0.015628
0.014280
0.010298
0.009233
-0.002481
-0.004345
-0.001341
0.003923
-0.001210
-0.013282
-0.015962
0.003463
0.015839
0.017330
0.007721
0.001896
0.011874
0.015164
-0.015085
-0.011558
-0.004860
-0.017541
-0.025396
-0.014698
-0.005633
0.011361
-0.005905
-0.001511
-0.002169
-0.026085
-0.048748
-0.018736
-0.012138
0.030604
-0.023092
-0.052530
-0.021587
-0.042934
-0.063658
-0.033350
-0.039533
-0.020469
-0.060802
0.000341
-0.029694
-0.040591
-0.104057
-0.066428
-0.066003
-0.033054
-0.083371
-0.086337
-0.057785
-0.075868
-0.118933
-0.068155
-0.103513
-0.067015
-0.120935
-0.011366
-0.075272
-0.084342
-0.164083
-0.112222
-0.076291
-0.054682
-0.098484
-0.067671
-0.028522
-0.082441
-0.116440
-0.077114
-0.078759
-0.080812
-0.108845
-0.013042
-0.029766
-0.055469
-0.083682
-0.047042
-0.034638
-0.017448
-0.048969
-0.044413
-0.009016
-0.023883
-0.053253
-0.013566
-0.010765
-0.048242
-0.046027
-0.007577
0.000915
-0.002397
0.006864
0.005119
0.012349
0.028102
0.023711
0.022545
0.027228
0.004212
-0.012990
0.000296
0.011824
-0.006225
0.002927
0.039875
0.054438
0.047036
0.036908
0.040623
0.026848
0.016511
0.011901
0.015409
-0.002848
-0.025501
-0.028803
-0.008507
0.000626
0.016251
-0.009231
-0.003770
-0.011098
-0.029511
-0.038815
-0.025469
-0.027346
-0.005735
-0.014485
-0.024421
-0.007205
-0.030768
-0.043507
-0.008050
-0.004749
-0.032782
-0.025113
0.008979
0.023428
0.018934
0.019181
0.012046
0.018395
0.031266
0.023325
0.017557
0.029432
0.030540
0.017127
0.021296
0.017428
-0.002185
0.001299
0.031487
0.047121
0.060602
0.071986
0.072680
0.065431
0.042006
0.032357
0.014759
0.021668
0.026127
0.022296
0.006977
0.018781
0.021467
0.034478
0.058589
0.081260
0.112068
0.154579
0.204434
0.232998
0.255392
0.276653
0.313167
0.387567
0.471242
0.607893
0.738907
0.827590
0.840761
0.821179
0.800477
0.699134
0.579262
0.404866
0.278307
0.241149
0.201953
0.139142
0.093932
0.092620
0.106349
0.108245
0.072857
0.047270
0.040118
0.036905
0.061264
0.071795
0.095832
0.108705
0.122319
0.122455
0.094904
0.075182
0.065531
0.071308
0.055875
0.046706
0.036004
0.045072
0.020982
0.017172
0.031916
0.036493
0.026688
0.050181
0.064172
0.081865
0.080057
0.058104
0.062854
0.079938
0.068543
0.053597
0.060316
0.071469
0.092249
0.134955
0.187667
0.186304
0.169996
0.165383
0.165825
0.156364
0.127732
0.093014
0.054237
0.042315
0.033724
0.039788
0.029672
0.035428
0.026188
0.018864
0.026694
0.041382
0.047222
0.051412
0.052549
0.062175
0.052070
0.042191
0.041974
0.044174
0.028221
0.020453
0.014123
0.027446
0.021704
0.016103
0.017973
0.038705
0.038121
0.038487
0.037109
0.032246
0.015771
0.020490
0.021390
0.016638
0.012036
0.012364
0.012322
0.015010
0.006155
-0.002286
0.005550
0.014818
0.019963
0.012418
0.011929
0.008484
0.003276
-0.007398
0.000305
-0.001968
-0.011067
-0.011032
0.000476
-0.000031
-0.002177
-0.007146
0.000089
0.006148
0.009110
-0.000892
-0.008919
-0.005866
0.001651
-0.019313
-0.015280
-0.002025
-0.010194
-0.020054
-0.004982
-0.003292
-0.006244
-0.011437
-0.003603
-0.009613
-0.008567
-0.009276
0.001432
0.000174
-0.001824
-0.017847
-0.002005
0.001088
-0.010877
-0.014908
-0.007937
-0.006372
-0.012932
-0.015206
0.006093
0.010437
0.000237
0.004450
0.010656
0.011604
0.007468
0.000688
0.000337
0.007857
0.004044
-0.010804
0.002624
0.004882
-0.007174
-0.009290
0.006257
0.019082
0.018590
0.013577
0.018521
0.021166
0.018341
0.003003
0.006969
0.012681
0.015899
0.009361
0.009799
0.002370
-0.002013
0.004819
0.007902
0.006377
0.024404
0.022530
0.018413
0.015168
0.005588
-0.013204
0.002232
0.004435
-0.003909
-0.005198
-0.004660
-0.002774
0.007874
0.002400
-0.001075
0.000014
0.009869
0.009285
0.005170
0.005632
0.015635
-0.001795
-0.008268
-0.003688
-0.005701
-0.009156
-0.004561
-0.005515
-0.005214
-0.011531
-0.002306
0.003827
0.003872
0.003498
0.002501
0.006732
0.007978
-0.012096
-0.009006
-0.006709
-0.010356
-0.013889
-0.004355
-0.006773
-0.009263
-0.008570
0.005212
0.005603
-0.001781
-0.005544
0.002875
0.008215
-0.000997
-0.013734
-0.007181
0.000589
-0.007533
-0.016677
0.000017
-0.002933
-0.015082
-0.013777
0.007248
0.009621
0.000342
-0.000963
0.007218
0.008828
0.014543
0.000043
-0.005040
0.003460
-0.007375
-0.029154
-0.007795
0.000579
0.003151
-0.009978
-0.010714
-0.015152
-0.006577
-0.017568
-0.014000
-0.005446
0.005996
-0.024671
-0.020374
-0.008660
-0.033419
-0.054059
-0.029508
-0.022056
-0.005459
-0.029759
0.009997
-0.000977
-0.031239
-0.062212
-0.014603
-0.014396
0.004391
-0.026835
-0.037057
-0.014545
-0.041469
-0.063552
-0.040476
-0.035544
-0.032934
-0.054523
-0.009909
-0.021631
-0.038119
-0.075803
-0.036314
-0.032946
-0.012332
-0.038693
-0.023685
-0.016055
-0.047158
-0.063820
-0.035093
-0.040997
-0.030842
-0.037321
-0.005439
-0.019679
-0.035688
-0.041104
-0.016724
-0.018360
0.002155
-0.030347
-0.013984
-0.004292
-0.034825
-0.039823
-0.018747
-0.025549
-0.014860
-0.027371
-0.008056
-0.009431
-0.024209
-0.022485
-0.013503
-0.017025
-0.001812
-0.017263
-0.010734
-0.008927
-0.018097
-0.019984
-0.009827
-0.015539
-0.031640
-0.026561
0.010912
0.011616
0.006053
0.011103
0.011468
0.006012
0.006823
-0.000582
0.000792
0.000707
-0.006962
-0.015165
0.006768
0.006437
-0.008856
-0.015582
-0.000287
0.004315
0.008395
-0.003619
-0.002670
0.004874
0.014837
-0.010763
-0.010830
-0.000868
-0.016932
-0.021553
-0.007476
-0.012103
-0.010917
-0.004910
0.009047
-0.000014
-0.006147
-0.014038
-0.019080
-0.014288
-0.001026
-0.011232
-0.008294
-0.004392
-0.019139
-0.022818
0.001728
-0.009179
-0.019956
-0.019054
-0.007633
-0.003945
-0.000969
-0.002823
0.004627
0.003462
0.017332
0.009501
0.000686
0.005213
-0.002598
-0.016366
-0.001225
0.002663
-0.011752
-0.008534
0.018341
0.034036
0.033883
0.037180
0.028688
0.020402
0.026169
0.037528
0.025896
0.021890
0.011502
0.007272
0.014891
0.017278
0.007038
0.014367
0.017419
0.024612
0.033410
0.034325
0.027227
0.016645
0.016745
0.016910
-0.004787
-0.011290
-0.032559
-0.024928
-0.009214
0.001808
-0.009407
-0.018540
0.015561
0.030770
0.013589
0.011968
0.006771
0.015418
0.027453
0.027421
0.023781
0.031915
0.016549
-0.007568
0.004988
0.015144
-0.005176
-0.005099
0.020311
0.028126
0.012146
0.012686
0.006144
0.012580
0.009030
-0.005289
0.005318
0.010361
0.003854
-0.007405
-0.000984
-0.000906
-0.005700
-0.003955
0.004057
-0.000558
-0.004873
-0.005806
0.007510
0.004056
-0.000992
-0.012698
-0.007583
-0.004354
-0.007082
-0.011001
-0.002670
-0.008248
-0.003283
-0.011913
-0.005549
-0.014078
-0.012515
-0.018974
0.008573
0.009086
0.008434
-0.012792
-0.000308
0.000261
-0.017926
-0.019432
-0.010340
-0.010913
-0.010805
-0.013538
-0.004478
0.006712
0.007225
-0.009750
0.000707
0.006235
0.004941
-0.015173
-0.004468
-0.001618
-0.014401
-0.018890
-0.001147
-0.001965
-0.007853
-0.017005
-0.002290
-0.003995
-0.011466
-0.008097
0.002035
0.007196
0.018405
0.003425
-0.001004
0.001292
-0.009708
-0.017331
0.004450
-0.001512
-0.008261
-0.015780
-0.000485
-0.002413
-0.006127
-0.006570
0.002258
-0.003822
-0.007689
-0.022462
-0.013113
-0.002999
-0.015302
-0.021501
-0.005555
-0.011365
-0.019255
-0.017451
0.002729
0.007280
0.003834
0.004539
0.003509
0.000265
0.008193
-0.004613
-0.003531
-0.007112
-0.016051
-0.022225
0.002002
-0.001978
-0.009112
-0.010097
-0.004640
-0.006993
0.003990
0.006145
0.006828
0.008252
0.010697
0.000076
0.001888
0.006917
0.006815
-0.001287
0.004552
0.001733
0.008204
0.013331
0.007328
0.004751
0.017405
0.027550
0.021429
0.020255
0.014510
0.005953
0.005292
0.007516
0.014154
0.014169
0.009505
0.000089
-0.005363
-0.004120
0.004717
0.007025
0.018690
0.019288
0.020119
0.020519
0.015110
0.002029
0.008252
0.015561
0.009648
0.004003
0.010699
0.008748
-0.003106
-0.008760
0.007027
0.011806
0.008248
0.006735
0.006726
0.007405
0.003166
-0.006837
0.000945
0.009525
0.005187
-0.003225
0.002402
0.002301
-0.006127
-0.010541
-0.003648
0.003853
0.009985
0.011697
0.008844
0.008358
-0.004601
-0.013060
0.001616
0.007224
0.000170
-0.008781
-0.002663
0.000422
-0.004832
-0.013949
-0.000002
0.002140
-0.007231
-0.006079
0.004465
0.004906
0.004172
-0.011325
-0.004071
0.003514
-0.004341
-0.012133
-0.000832
0.000288
-0.016898
-0.022637
-0.002598
0.013012
0.003633
-0.003175
-0.001317
0.007948
0.000640
-0.016368
-0.002012
0.003828
-0.004957
-0.011184
-0.001032
-0.004708
-0.008374
-0.013709
0.003114
-0.004047
-0.007076
0.003504
0.008622
0.001911
-0.000494
-0.012858
-0.001082
0.001605
-0.019219
-0.022598
-0.008815
-0.005744
-0.013121
-0.012294
0.010162
0.009049
-0.001128
-0.003509
0.001910
0.001876
-0.002024
-0.005384
-0.001991
-0.005466
-0.010882
-0.014879
-0.001361
-0.004935
-0.009559
-0.014470
-0.000216
0.000205
0.000102
-0.006382
0.001744
0.009406
0.008060
-0.009816
-0.002969
0.006213
0.003670
-0.005223
-0.007038
-0.004830
-0.009884
-0.014485
0.000651
-0.000912
0.002339
0.003214
0.003097
0.002575
0.000091
-0.015627
-0.002941
0.001108
-0.003278
-0.005058
-0.000692
-0.001199
-0.002729
-0.010790
-0.000556
0.004672
-0.005885
-0.003274
0.001558
0.006828
0.005274
-0.006060
0.002768
0.006801
0.003513
-0.005380
0.002387
0.001274
0.007681
0.005976
0.003576
-0.007587
0.006160
0.014994
0.017769
0.012413
0.014731
-0.001255
0.005047
0.001042
0.000004
-0.006634
-0.002773
-0.005719
-0.007995
-0.015505
0.003662
0.004736
-0.002302
-0.004328
0.007348
0.012733
0.014768
-0.003147
-0.000483
-0.001225
-0.012847
-0.011733
-0.004870
-0.005218
-0.014042
-0.017089
0.000626
0.007876
0.007091
0.000393
0.002984
0.000823
0.003476
-0.008729
-0.004600
-0.000811
-0.014352
-0.022542
0.002428
-0.000267
-0.013998
-0.017150
0.003418
0.008717
0.010710
0.004638
0.011524
0.010112
0.006098
-0.001135
0.002158
0.012497
0.014415
0.007543
0.010290
0.011717
0.024448
0.015016
0.005170
0.001828
0.032916
0.029840
0.021373
0.022639
0.018979
0.002137
-0.003716
0.000093
-0.001534
-0.012000
-0.009019
-0.011432
-0.005598
-0.001041
-0.000888
-0.009215
-0.003865
0.011549
0.014432
-0.000096
0.009781
0.007531
-0.008672
-0.013825
-0.016313
-0.019143
-0.007814
-0.004426
-0.018626
-0.013450
0.007683
0.027462
0.034031
0.021544
0.013086
0.015383
0.028227
0.021260
-0.004148
-0.002602
-0.024865
-0.032123
-0.002289
0.001769
-0.003170
-0.003811
0.009239
0.017929
0.007184
0.001954
0.011870
0.010358
0.000810
0.001789
-0.002495
-0.001710
-0.015574
-0.029540
0.000199
-0.003483
-0.000285
-0.016642
0.012455
0.003177
0.002886
-0.024996
-0.031144
-0.011807
0.003364
-0.025042
-0.034911
-0.008255
-0.030257
-0.044537
-0.009370
-0.015672
-0.031487
-0.026855
0.005832
0.015623
-0.006724
-0.004467
0.003319
0.012251
0.004122
-0.006929
-0.000552
0.011978
0.001580
-0.013793
0.005932
0.002560
-0.009401
-0.007916
0.008040
0.000936
0.011682
0.011345
0.017097
0.021328
0.018442
0.007186
0.011496
0.013302
0.009448
0.006881
0.007312
0.003996
0.014429
0.010300
0.005970
0.007737
0.023975
0.024988
0.019139
0.021076
0.017459
0.001549
0.001250
0.003351
-0.002732
-0.010534
0.004293
-0.000527
-0.001408
-0.004078
0.004437
-0.001372
0.002328
0.006949
0.012108
0.012185
0.018544
-0.004609
-0.008731
-0.003892
-0.007595
-0.011788
-0.001567
-0.002407
-0.010246
-0.020350
-0.005626
0.007325
0.012472
0.015180
0.007726
0.009382
0.004297
-0.013683
0.001822
0.008923
0.003720
-0.006568
-0.000916
-0.004002
-0.003517
-0.003711
-0.000219
-0.003029
-0.003947
-0.001866
0.008195
0.010232
0.003582
-0.003699
0.004108
0.004537
-0.008745
-0.004781
0.008736
0.009151
-0.007989
-0.013292
-0.002178
0.005673
0.000066
-0.006584
0.007210
0.010084
0.003326
-0.013727
0.004697
0.006952
-0.012034
-0.021829
-0.002328
0.002222
-0.006750
-0.011671
0.001836
0.012647
0.007592
0.003529
0.007359
0.007789
0.007740
-0.003927
0.001409
0.002243
-0.009020
-0.011875
-0.001988
-0.010221
-0.013598
-0.010408
-0.002052
-0.002066
0.005657
0.013749
0.011954
0.013871
0.011813
-0.005746
-0.003637
0.006415
0.001410
-0.004650
0.005211
0.001866
-0.018399
-0.017111
0.005461
0.015357
0.015628
0.010811
0.003844
0.004571
0.007097
0.000625
-0.000568
0.001040
-0.009698
-0.017270
0.001939
0.003542
0.006461
-0.004767
0.000162
-0.000083
-0.007039
-0.007205
0.009488
0.009471
0.014041
-0.002065
-0.000731
0.001930
0.000311
-0.004694
-0.000498
-0.006449
-0.011128
-0.009748
0.003430
0.008092
0.013076
0.007819
0.016565
0.010823
0.014003
0.002898
0.002219
-0.004066
-0.008291
-0.008143
0.002701
-0.002536
-0.014186
-0.017471
0.001550
0.007696
-0.001570
-0.006412
-0.002203
-0.003678
-0.001695
-0.006450
0.003074
0.003551
-0.012571
-0.020215
-0.000516
0.000278
-0.018921
-0.017270
0.006545
0.015214
0.003734
-0.000980
0.005394
0.013609
0.008531
-0.008070
-0.002879
0.007882
0.005548
-0.009459
0.000715
-0.002441
-0.006511
-0.009438
0.001265
0.006971
0.008259
0.010962
0.019793
0.016808
0.008385
0.001974
0.008843
0.005437
-0.001245
-0.003680
0.002876
-0.001701
-0.007146
-0.015610
-0.001720
0.004469
0.000324
-0.001933
0.006965
0.009941
0.005671
-0.009497
-0.002395
0.004402
-0.002888
-0.012174
-0.003534
-0.005182
-0.010424
-0.012652
0.003934
0.001827
-0.005432
-0.005198
0.002738
0.006516
0.013395
-0.008357
-0.008659
-0.005787
-0.015517
-0.017823
-0.002840
-0.000744
-0.011690
-0.011854
0.005666
0.009057
0.007480
0.005972
-0.003183
-0.000309
0.005841
-0.009941
-0.000812
0.009519
-0.003033
-0.016027
0.006103
0.001490
-0.004157
-0.000613
0.007378
0.005191
0.010287
0.005361
0.011902
0.009726
0.008484
-0.002263
0.004570
0.005259
-0.002961
-0.007458
-0.005589
-0.002750
-0.010378
-0.017173
-0.007725
-0.002410
0.001829
-0.006391
-0.002613
0.001170
0.003763
-0.012950
-0.004777
-0.000888
-0.019045
-0.024108
-0.011002
-0.005800
-0.009775
-0.018691
-0.007196
0.001468
-0.002369
-0.001875
0.004489
0.004498
-0.001072
-0.008881
-0.001411
0.000090
0.001993
-0.002897
0.002916
-0.005501
-0.012119
-0.007985
0.005311
0.008448
0.015403
0.015272
0.011758
0.007006
0.009976
0.003204
-0.000165
0.001994
0.007128
0.002431
-0.003531
-0.005935
0.000525
0.000144
0.001883
-0.009003
-0.010484
-0.008750
0.010432
-0.000329
-0.007346
-0.006170
0.002811
-0.001338
-0.009781
-0.008610
0.004201
-0.008153
-0.018228
-0.020526
-0.002386
-0.005295
-0.003814
-0.003081
0.000305
0.001052
0.006499
-0.010565
-0.013640
-0.001614
-0.001649
-0.015071
-0.005761
-0.008885
-0.006779
-0.004911
0.001428
-0.005458
0.000451
-0.003532
0.003770
0.010871
0.016643
-0.004723
-0.000428
-0.000354
-0.010727
-0.024228
-0.013990
-0.004737
0.004634
0.002467
-0.005023
-0.009239
0.005818
0.015486
0.015501
0.011529
0.012933
0.007214
-0.001153
-0.003759
-0.004252
-0.000971
0.004995
-0.005491
-0.014902
-0.020994
-0.000991
0.005739
0.006329
0.012231
0.002923
-0.000267
-0.001544
-0.011831
-0.002979
0.001347
-0.004321
-0.011131
0.003093
0.000429
-0.008585
-0.013182
0.010067
0.018603
0.009078
0.008861
0.003102
0.005763
0.007188
-0.003392
-0.002053
-0.000394
-0.000461
-0.010689
-0.001534
-0.003752
-0.013491
-0.009501
0.006735
0.008752
0.002559
-0.004133
0.004744
0.006556
0.008390
-0.003024
-0.004356
-0.004798
-0.011271
-0.013627
0.002582
0.001142
-0.006616
-0.010875
0.000965
-0.002433
-0.009540
-0.010602
0.001221
0.000807
0.001172
-0.015996
-0.012844
-0.004918
-0.010396
-0.021328
-0.003174
-0.006357
-0.006356
-0.000271
0.007831
0.001778
0.004137
0.012079
0.023780
0.014790
0.007848
-0.000986
0.001254
-0.003770
-0.014076
-0.011036
-0.006703
-0.007538
-0.013117
-0.018042
-0.003663
0.001696
0.000903
-0.002642
-0.001337
0.002768
0.003499
-0.011980
-0.004445
-0.000109
-0.009746
-0.007062
-0.006062
-0.005895
-0.010388
-0.013430
0.002112
0.007340
0.003296
-0.003816
0.001175
0.006506
0.004407
-0.012248
-0.006765
-0.000229
-0.006782
-0.017794
0.005297
0.001536
-0.004873
-0.009547
-0.001079
-0.002796
-0.001846
-0.000269
0.006991
0.004448
0.007869
-0.006974
-0.010209
-0.009780
-0.012102
-0.012008
-0.009822
-0.016131
-0.018008
-0.015164
-0.002375
-0.008309
-0.006608
-0.004326
0.005045
0.001675
-0.001329
-0.011385
-0.006786
0.004883
0.000265
-0.011447
-0.002597
-0.005588
-0.024440
-0.022426
-0.002588
0.007009
0.004528
0.005117
-0.000703
-0.000133
0.003202
0.000717
-0.003296
-0.003890
-0.005500
-0.009086
0.002489
0.000800
-0.012149
-0.016635
0.002473
0.011656
0.008571
0.004450
0.008834
0.010831
0.002306
-0.001727
0.006153
0.010253
0.010581
0.005134
0.008488
0.005709
0.004660
0.002095
0.001840
0.001685
0.004057
0.001394
0.007716
0.010615
0.009542
-0.000743
0.005594
0.012843
0.005605
0.007035
0.003239
-0.000456
0.005880
-0.001352
0.000918
0.000332
0.007369
0.014243
0.016809
0.015174
0.004928
-0.011301
0.000191
0.003562
-0.000452
-0.008376
-0.006099
-0.010273
-0.011112
-0.018508
-0.003308
0.003974
0.002950
0.002618
0.009424
0.009836
0.003529
-0.007886
0.002780
0.006008
0.001755
-0.006024
0.002997
0.003415
-0.009317
-0.006299
0.013237
0.016089
0.013729
0.010078
0.013063
0.013201
0.007675
0.001002
0.003778
0.006862
0.005417
-0.003810
-0.000912
0.005440
-0.006749
-0.014042
0.002869
0.017915
0.017403
0.008102
0.006266
0.012473
0.012211
0.000614
0.005010
0.015384
0.007216
-0.007323
0.002159
0.004120
-0.002108
-0.006373
0.001392
0.002939
0.004134
-0.003106
0.006334
0.003579
0.003994
-0.006717
0.000357
-0.004479
-0.012351
-0.015706
-0.003289
-0.011724
-0.001963
-0.009675
-0.001298
-0.017194
-0.021006
-0.021406
-0.002212
-0.010398
-0.002569
-0.019514
-0.017194
-0.006722
-0.020873
-0.027013
-0.004213
-0.008374
-0.025914
-0.019817
0.003942
0.010336
-0.000270
0.007536
0.010300
0.018115
0.016845
0.006774
0.002315
0.012195
0.022333
0.009665
0.006895
0.010072
-0.014641
-0.049633
-0.057265
