-0.006317
-0.004970
-0.014028
0.000891
-0.033760
-0.012904
-0.021388
-0.026530
-0.023281
-0.038274
-0.046984
-0.014793
-0.025649
0.010361
-0.016735
-0.001304
-0.030353
-0.028185
-0.049147
-0.046039
-0.039891
-0.018719
-0.042402
-0.042160
-0.014691
-0.039080
-0.053972
-0.015237
-0.035497
-0.051369
-0.042912
0.014026
0.024621
-0.005082
-0.022380
-0.020443
-0.008494
0.002367
-0.010518
-0.012920
-0.008446
-0.038086
-0.055864
-0.031947
-0.029210
-0.010535
-0.020480
0.008927
-0.005842
-0.022750
-0.044373
-0.034839
-0.025096
0.009287
-0.008351
-0.026641
-0.025201
-0.043486
-0.053833
-0.028075
-0.058359
-0.029549
-0.075410
0.008246
-0.046135
-0.070074
-0.109089
-0.065242
-0.057847
-0.029913
-0.045744
-0.040722
-0.012446
-0.045748
-0.065583
-0.030141
-0.043468
-0.056569
-0.053186
-0.007496
-0.001083
-0.012803
-0.029639
-0.008069
-0.004253
0.007846
-0.000220
-0.004702
-0.001019
-0.021482
-0.022526
0.004209
-0.001266
-0.036858
-0.035860
0.002608
0.016238
0.006353
0.007648
0.002572
0.017334
0.021298
0.011448
0.007458
0.018444
0.002552
-0.006229
0.014510
0.015588
-0.012996
-0.006564
0.027198
0.044183
0.044483
0.054210
0.051231
0.057631
0.054930
0.054046
0.049981
0.056400
0.046361
0.043097
0.037978
0.039030
0.039464
0.064241
0.075262
0.072051
0.067309
0.074991
0.103903
0.105160
0.086840
0.072066
0.051529
0.048573
0.044414
0.043498
0.034786
0.034652
0.027750
0.022106
0.017668
0.021902
0.029899
0.031245
0.022501
0.014181
0.008551
0.002744
0.002751
0.010141
-0.000542
-0.005468
0.002012
0.009334
0.000736
0.000412
0.016259
0.026324
0.015268
0.010917
0.010020
0.010404
0.009562
0.008355
0.006762
0.002029
-0.013901
-0.021098
0.001454
0.005254
0.003328
0.000954
0.011093
0.013085
0.006741
0.000401
0.006723
-0.003426
0.003761
0.003794
-0.012768
-0.016515
-0.026862
-0.044791
-0.013222
0.003055
-0.004656
-0.018283
0.020308
0.020417
0.002072
-0.004417
-0.016791
-0.008016
0.008332
-0.012670
-0.020605
-0.010017
-0.035031
-0.043880
-0.019988
-0.017228
-0.030957
-0.021593
0.010290
0.018348
-0.003767
-0.005933
-0.001677
0.005549
0.017420
0.005323
0.003246
0.009081
0.003457
-0.009292
-0.000184
-0.005746
-0.010202
-0.001797
0.008344
0.010656
0.021660
0.022671
0.034775
0.037719
0.033268
0.022424
0.020280
0.023780
0.012272
0.017205
0.016717
0.016245
0.013272
0.013369
0.015470
0.017222
0.045071
0.046309
0.044697
0.047740
0.042158
0.029280
0.026827
0.050325
0.052181
0.072285
0.094166
0.103043
0.146188
0.186034
0.202426
0.141552
0.150148
0.137184
0.065538
0.052376
0.040071
0.034394
0.021157
0.028795
0.030647
0.031082
0.023746
0.019710
0.007621
0.002618
0.017727
0.028266
0.031207
0.030420
0.030074
0.023456
0.014861
0.012528
0.012298
0.018922
0.017317
0.013315
0.017273
0.015681
0.006222
0.000844
0.007070
0.016539
0.019503
0.028272
0.026321
0.033922
0.033536
0.032733
0.040343
0.046190
0.041828
0.034819
0.031647
0.035191
0.024247
0.016870
0.020433
0.029139
0.039757
0.047915
0.051078
0.062719
0.071088
0.076244
0.066035
0.061335
0.055730
0.062775
0.070508
0.079320
0.102959
0.138305
0.148636
0.131613
0.104713
0.101306
0.105416
0.100329
0.064187
0.048203
0.038249
0.039800
0.026812
0.034436
0.040662
0.044885
0.041854
0.042687
0.036671
0.039295
0.046658
0.050447
0.047516
0.049576
0.033564
0.028167
0.029888
0.033466
0.019488
0.019590
0.022579
0.030676
0.015693
0.004237
0.012993
0.023302
0.032874
0.035308
0.024730
0.025851
0.026127
0.011635
0.005440
0.010316
0.000735
-0.004042
0.005794
0.013065
0.006574
-0.000609
0.009086
0.020731
0.021381
0.018209
0.014963
0.010593
0.013148
0.008650
0.003653
-0.005024
-0.006169
-0.008454
-0.004469
-0.003123
-0.010826
-0.007357
0.005519
0.011420
0.007329
0.010205
0.005128
0.007232
0.005705
-0.002034
-0.002662
0.002059
-0.007618
-0.010776
0.002700
0.010430
-0.005866
-0.010186
0.007879
0.029854
0.030923
0.031255
0.027458
0.037920
0.023670
0.012680
0.016246
0.031301
0.019527
0.010961
0.017845
0.031710
0.021471
0.025357
0.037735
0.058748
0.071723
0.105996
0.128292
0.149819
0.156770
0.168853
0.172983
0.168337
0.145719
0.127543
0.116974
0.119902
0.129205
0.151662
0.144931
0.140149
0.123294
0.124766
0.124081
0.117485
0.094593
0.072790
0.048598
0.038873
0.033190
0.031369
0.026286
0.034104
0.016929
0.000646
0.007780
0.022075
0.028104
0.031612
0.020658
0.029459
0.024990
0.013717
0.009058
0.023748
0.012234
-0.004154
0.008450
0.017741
0.005604
0.006250
0.013579
0.027648
0.039373
0.047539
0.044291
0.046486
0.045362
0.044206
0.046762
0.055303
0.059030
0.060788
0.057419
0.059466
0.094835
0.136670
0.148178
0.126878
0.120910
0.124091
0.092301
0.075596
0.055498
0.041549
0.020871
0.011966
0.002677
0.012789
0.016814
0.014277
0.005003
0.006123
0.011578
0.013615
0.023416
0.030056
0.018748
0.014150
0.013708
0.001084
0.000174
0.011246
-0.001782
-0.016936
0.005150
0.009206
-0.004661
-0.001388
0.008897
0.016569
0.015881
0.022523
0.029540
0.032738
0.029026
0.014034
0.010589
0.011140
0.009090
0.003525
0.010296
0.006844
0.002132
0.005018
0.009741
0.011500
0.021499
0.026679
0.031163
0.029049
0.025490
0.032446
0.038226
0.055355
0.072708
0.094798
0.112541
0.125012
0.182643
0.225378
0.241018
0.171807
0.149127
0.129646
0.063783
0.050986
0.029981
0.024139
0.015063
0.010121
0.011535
0.023945
0.021087
0.008208
-0.003687
-0.006750
0.006536
0.011742
0.008516
0.010203
0.014498
0.013124
0.005219
-0.001000
-0.000455
0.011458
0.013817
0.004324
0.011615
0.011537
0.005135
0.005923
0.003095
0.009861
0.013001
0.022231
0.024825
0.019714
0.007184
0.008997
0.011629
0.014921
0.012975
0.016442
0.018079
0.010251
-0.005880
-0.002236
0.005465
0.013453
0.020401
0.023910
0.021467
0.023309
0.013760
0.000457
0.001882
0.013548
0.009204
0.002731
0.008267
0.014965
0.007922
0.008210
0.012499
0.021255
0.022466
0.024944
0.021112
0.019967
0.013150
0.013857
0.008561
0.012051
0.007526
0.002923
0.001763
0.001359
0.001988
0.001937
0.006223
0.012206
0.012796
0.015336
0.023878
0.028418
0.019235
0.008063
0.014640
0.024042
0.032728
0.036663
0.034304
0.030793
0.056481
0.074014
0.088347
0.064267
0.083576
0.078293
0.042083
0.033919
0.025468
0.021117
0.014663
0.022725
0.018394
0.017803
0.017731
0.010224
-0.005666
-0.007407
0.009436
0.014136
0.017045
0.028397
0.029919
0.032484
0.039707
0.030778
0.028594
0.034957
0.032001
0.027034
0.028610
0.029012
0.040251
0.053111
0.062978
0.053966
0.080506
0.080331
0.044057
0.040419
0.036104
0.036070
0.027647
0.040496
0.071027
0.090783
0.088399
0.095692
0.166589
0.183341
0.172057
0.109529
0.114014
0.110282
0.048362
0.042170
0.025119
0.018478
0.017308
0.013929
0.014077
0.011992
0.015912
0.010466
0.001056
-0.002857
0.009921
0.014020
0.016865
0.019543
0.018789
0.014063
0.005095
0.006265
0.008739
0.013222
0.007893
0.004172
0.011832
0.016107
-0.001542
-0.008097
0.012541
0.028781
0.030777
0.020319
0.013003
0.023598
0.023368
0.010768
0.003972
0.011583
0.011003
0.001703
0.010995
0.013799
0.009162
0.012455
0.017881
0.021538
0.030947
0.037423
0.028657
0.028962
0.024129
0.022830
0.019293
0.032693
0.044620
0.060603
0.059230
0.061231
0.098594
0.124690
0.135438
0.088489
0.087211
0.085887
0.039834
0.039597
0.025651
0.014683
0.009814
0.011110
0.012989
0.021539
0.013644
0.008825
0.010269
0.008819
0.008295
0.011182
0.021320
0.021429
0.021902
0.017694
0.015249
0.011667
0.005044
0.008713
0.010390
0.004279
0.007890
0.014155
0.044388
0.043698
0.051660
0.041440
0.056265
0.056468
0.043078
0.036220
0.014268
0.009701
0.010482
0.013755
0.017816
0.010938
0.009591
0.008311
0.000265
-0.008975
0.001518
0.009517
0.015158
0.020814
0.017702
0.013491
0.006485
0.009398
0.007148
0.005993
0.010157
0.013944
0.010704
0.006856
0.002159
0.005795
0.021173
0.022601
0.034260
0.023062
0.016799
0.007378
0.018745
-0.003110
-0.017331
-0.011807
-0.023315
-0.029117
-0.004853
-0.008361
0.007589
-0.019728
0.010464
-0.012405
-0.020063
-0.036017
-0.039442
-0.041670
-0.006075
-0.025604
-0.050285
-0.007599
-0.033592
-0.052860
-0.018540
-0.038247
-0.049605
-0.049768
0.019637
0.018925
-0.021457
-0.041209
-0.013980
-0.008886
0.007704
0.010850
0.004530
0.009780
-0.021655
-0.039767
0.008729
-0.001730
-0.027867
-0.026192
0.015351
0.009111
-0.014962
-0.020590
-0.012520
0.000803
0.014075
-0.003863
-0.012343
0.001240
-0.018121
-0.027103
-0.001373
-0.009643
-0.029350
-0.018096
0.006144
0.009315
-0.006103
-0.007469
0.000215
0.007270
0.013888
0.007605
0.007722
0.012052
-0.004010
-0.011691
-0.007313
-0.002217
0.004817
0.001843
0.001759
-0.005500
0.009383
0.015572
0.023064
0.014574
0.015780
0.012378
0.007194
0.004968
-0.006181
-0.016078
-0.002518
0.000711
-0.010054
-0.009393
0.010977
0.013186
0.015581
0.018494
0.033637
0.022445
0.014376
0.012470
0.022234
0.025501
0.013324
0.006938
0.019432
0.007257
-0.003517
0.000478
0.013065
0.012177
0.018235
0.020991
0.023257
0.019146
0.025011
0.013082
0.008372
0.010611
0.004657
0.004291
0.013484
0.002784
-0.002396
0.000340
0.013303
0.017651
0.019767
0.007860
0.015426
0.012687
0.015025
0.009301
-0.000616
0.000246
-0.011934
-0.008342
-0.000504
-0.006248
-0.011097
-0.012809
-0.002456
-0.000080
-0.010792
0.003927
0.022098
0.024146
0.017025
0.012636
0.007182
0.016678
0.027921
0.032101
0.019720
0.011997
0.036902
0.058658
0.060907
0.038119
0.063860
0.069664
0.029319
0.023248
0.016929
0.013494
0.004499
0.016653
0.021881
0.013807
0.013971
0.007941
0.009674
0.010870
0.010017
0.008756
0.036872
0.038018
0.034461
0.027285
0.016522
0.015118
0.021082
0.033180
0.039671
0.047815
0.033639
0.037939
0.082584
0.077733
0.070665
0.050015
0.081404
0.077264
0.045332
0.042306
0.024680
0.022467
0.022781
0.032831
0.029918
0.029705
0.022484
0.017318
0.018990
0.023841
0.036755
0.032430
0.040953
0.044798
0.044515
0.033899
0.020236
0.026411
0.025595
0.023650
0.027658
0.026965
0.021789
0.011176
0.013496
0.013375
0.018204
0.021702
0.026341
0.029893
0.031591
0.019037
0.008369
0.010482
0.010914
0.003119
0.002408
0.007433
0.013801
0.008816
-0.001791
-0.003795
0.010639
0.022124
0.025093
0.025855
0.019281
0.019222
0.026201
0.017252
0.012687
0.012410
0.006538
-0.001417
0.010482
0.006131
0.002241
0.003967
0.013163
0.016868
0.027302
0.032076
0.024632
0.021739
0.010320
0.002498
0.006384
0.016191
0.016305
0.011318
0.014524
0.012930
0.000739
-0.005752
0.006016
0.013428
0.018414
0.021718
0.022629
0.018538
0.010773
0.006523
0.005602
0.007889
0.012085
0.013130
0.009581
0.006415
-0.004096
-0.005903
0.002948
0.013448
0.019738
0.020231
0.016786
0.021445
0.014111
0.004931
0.005288
0.013339
0.003551
0.000031
0.006058
0.012125
-0.003997
-0.007183
0.008314
0.018902
0.017915
0.023212
0.018514
0.022105
0.017686
0.007829
0.010497
0.018182
0.012548
0.008616
0.007669
0.007164
0.012472
0.011168
0.010113
0.017287
0.028810
0.032674
0.030660
0.035574
0.017663
0.009430
0.007449
0.021392
0.019857
0.012101
0.008665
0.010932
0.005506
0.000999
0.003768
0.006474
0.008028
0.010432
0.018706
0.019467
0.016238
0.004133
-0.000019
0.003827
0.001472
0.002345
0.008092
0.007930
-0.003479
-0.000865
0.009963
0.020941
0.021397
0.020683
0.028566
0.036906
0.026530
0.021572
0.036644
0.056157
0.053941
0.057651
0.054959
0.068688
0.117108
0.133960
0.150284
0.113372
0.119891
0.109680
0.061510
0.066607
0.056132
0.047913
0.041948
0.055672
0.065753
0.097794
0.097782
0.118219
0.176991
0.190117
0.193482
0.136024
0.147226
0.127105
0.045510
0.046388
0.033431
0.016650
0.008319
0.016823
0.027143
0.027582
0.015234
-0.004265
0.001437
0.008323
0.002657
-0.004691
0.015211
0.025363
0.021011
0.017808
0.018410
0.008727
0.000536
0.010253
0.010484
0.006819
0.012734
0.005331
0.001347
0.005468
0.010681
0.011807
0.019239
0.017033
0.026122
0.021312
0.013906
0.007079
0.007273
0.006850
0.017548
0.010283
0.010983
0.000783
0.004104
0.006422
0.016823
0.017526
0.028505
0.033411
0.034340
0.025920
0.018826
0.021175
0.017155
0.016780
0.026221
0.034811
0.031161
0.026384
0.061410
0.078285
0.087205
0.054520
0.068015
0.076800
0.043477
0.035438
0.025560
0.011157
0.005129
0.007747
0.003622
0.012864
0.016342
0.007552
-0.003542
0.004463
0.017605
0.028449
0.037144
0.031961
0.023718
0.016444
0.009354
0.013927
0.019022
0.008126
-0.017143
-0.014998
0.003674
0.006767
0.002020
-0.007277
0.012478
0.014273
0.010282
-0.003645
-0.008656
-0.008053
0.009943
0.004155
-0.001650
-0.006121
-0.022591
-0.031502
-0.003183
-0.014950
-0.027118
-0.034782
0.004980
0.002955
-0.013609
-0.037740
-0.038040
-0.024163
0.002128
-0.024023
-0.037880
-0.018180
-0.042168
-0.054091
-0.027908
-0.021936
-0.028640
-0.041125
-0.008678
0.002273
-0.017018
-0.029491
-0.012055
-0.003846
0.006789
-0.000557
-0.001718
0.007490
0.005217
0.001967
0.020894
0.045753
0.112402
0.125592
0.165584
0.110171
0.124371
0.118804
0.037325
0.043825
0.043338
0.024082
0.019450
0.025624
0.016528
0.017339
0.016732
-0.001157
-0.014847
-0.011379
0.015610
0.023995
0.031716
0.034116
0.033709
0.024331
0.029873
0.034857
0.034637
0.034866
0.032664
0.042510
0.047527
0.040064
0.064822
0.080614
0.102437
0.072826
0.101224
0.097971
0.049143
0.041745
0.034553
0.025514
0.016513
0.023564
0.027275
0.025196
0.014683
0.008825
-0.002760
0.004620
0.024735
0.031829
0.032533
0.043930
0.052788
0.048574
0.035216
0.031585
0.035440
0.042271
0.028013
0.021623
0.021868
0.026921
0.015300
0.014136
0.020039
0.031066
0.032709
0.034366
0.033012
0.033812
0.018969
0.009139
0.020050
0.030857
0.013340
0.007443
0.013528
0.015483
0.003738
0.007138
0.012476
0.014442
0.020460
0.025884
0.024979
0.015843
0.007489
0.002093
-0.001477
0.004306
0.002673
0.011573
0.003786
-0.008273
-0.006550
0.001515
0.008426
0.004867
0.002242
0.007069
0.012374
0.014302
0.012072
0.005242
0.007175
0.011564
0.009644
0.007470
0.009980
0.007169
0.006795
0.000352
0.009476
0.007649
0.012365
0.006876
0.019975
0.016590
0.011761
-0.003250
-0.002647
0.001405
-0.012410
-0.016808
0.001534
-0.003604
0.004007
0.002372
0.003062
-0.001628
-0.004890
-0.002368
0.006866
0.010347
0.034206
0.026141
0.004452
0.023199
0.027772
0.032605
0.025411
0.025761
0.067924
0.071911
0.059508
0.029990
0.062930
0.049104
0.027704
0.031388
0.026822
0.014924
0.011946
0.014821
0.005211
0.003256
-0.000115
-0.003395
-0.007262
-0.013294
0.001161
-0.001155
0.005909
0.009261
0.015518
0.015796
0.024425
0.003894
-0.001616
0.008501
0.001260
-0.009881
-0.001931
-0.006141
-0.010661
-0.013592
-0.007703
-0.004765
0.009920
0.020270
0.030130
0.021083
0.014137
0.009936
0.007171
0.011302
0.008411
0.001427
0.005800
0.002418
-0.007730
0.004698
0.028340
0.028268
0.037510
0.034480
0.032667
0.033233
0.038115
0.023107
0.013373
0.013602
0.010354
0.003494
0.006791
0.008135
0.005321
0.001311
0.008047
0.016268
0.025261
0.025753
0.025099
0.014184
0.013667
0.010401
0.007268
-0.000518
0.008559
0.011562
0.007048
0.004597
0.015259
0.010736
0.002552
0.002136
0.019936
0.026852
0.018129
0.014173
0.027410
0.019930
0.014345
0.010393
0.015075
0.011453
0.014191
0.006388
0.005545
0.010893
0.020325
0.022588
0.042698
0.045442
0.031876
0.025181
0.021812
0.015935
0.011305
0.015621
0.004190
-0.007841
0.004178
0.009358
0.006072
0.008707
0.010802
0.014148
0.030381
0.033230
0.029035
0.024589
0.015064
0.008372
-0.004225
0.012704
0.007720
0.007989
0.002683
0.019361
0.028786
0.014681
0.027456
0.042329
0.064577
0.060152
0.037187
0.031752
0.031357
0.030780
0.012991
0.012429
0.013926
0.016964
0.012952
-0.003399
-0.013158
-0.010423
-0.000427
0.002831
0.018777
0.029266
0.033263
0.025115
0.013090
0.009240
0.008525
0.011003
0.002805
0.006895
0.015995
0.015078
-0.003492
-0.004545
0.013068
0.025742
0.029946
0.015335
0.009574
0.008170
0.012194
0.005658
0.004818
0.001566
-0.010701
-0.019320
0.006357
0.008861
0.007317
0.003573
-0.000361
0.004668
-0.004749
-0.015153
0.015957
0.025004
0.028780
0.018366
0.011021
0.018981
0.006492
0.002190
0.004784
0.008103
0.016134
0.010923
0.005413
0.008293
0.009663
0.009947
0.017336
0.026765
0.035119
0.018366
0.014413
0.023867
0.025672
0.020211
0.003079
-0.004498
-0.007937
-0.014474
0.005934
0.012423
0.024056
0.027205
0.029875
0.027023
0.021839
0.021093
0.017771
0.019510
0.029374
0.032836
0.021691
0.013787
0.030720
0.040076
0.039226
0.027082
0.051180
0.055718
0.039082
0.028279
0.015860
0.017176
0.016079
0.017509
0.014151
0.015998
0.024404
0.013638
0.011518
0.018961
0.016899
0.012354
0.038750
0.044122
0.036700
0.032969
0.021838
0.014237
0.008328
0.012980
0.008406
0.005310
0.015388
0.012210
-0.003926
-0.006762
0.013091
0.016082
0.019798
0.024074
0.018531
0.008597
0.003863
-0.003270
-0.006224
-0.002545
-0.003543
-0.007430
0.006236
0.005062
-0.005246
-0.001104
0.010772
0.012196
0.012830
0.016560
0.020024
0.023077
0.014840
0.007919
0.010815
0.020168
0.024048
0.022587
0.024400
0.026283
0.032689
0.034632
0.040135
0.030047
0.051534
0.053483
0.033099
0.026595
0.030929
0.021246
0.009410
0.017072
0.018417
0.020223
0.014661
0.003595
0.004812
0.003177
0.013134
0.012539
0.023944
0.025811
0.028818
0.029057
0.028141
0.009876
-0.000074
0.011719
0.001428
-0.006187
0.012478
0.005647
-0.009268
-0.008629
-0.001754
0.002239
0.001164
0.009608
0.012968
0.004325
-0.000431
0.000235
-0.000362
0.010475
0.007865
-0.004621
-0.001443
0.001061
0.000144
0.003814
0.016775
0.028187
0.030372
0.023754
0.028965
0.037188
0.030590
0.014789
0.016537
0.025607
0.028904
0.022017
0.016611
0.018507
0.021671
0.004940
0.011667
0.016124
0.020960
0.027138
0.022965
0.030846
0.030706
0.007185
-0.000138
0.004733
0.004317
0.002320
0.007065
0.003239
-0.012060
-0.013914
0.001613
0.009201
0.018210
0.030757
0.018838
0.013361
0.013120
0.003901
-0.000955
0.010447
0.010374
0.004168
0.005019
0.007171
0.008694
0.006231
0.010407
0.011051
0.025980
0.031951
0.026663
0.025067
0.031932
0.020531
0.002013
0.010020
0.012097
0.016339
0.008038
0.009400
0.025153
0.031411
0.031515
0.029107
0.065774
0.059729
0.029249
0.025985
0.025864
0.034466
0.015704
0.032188
0.058172
0.097848
0.115708
0.136034
0.212209
0.231395
0.243820
0.159255
0.172626
0.158731
0.060949
0.047594
0.044394
0.041039
0.031738
0.029973
0.025718
0.035539
0.025239
0.006213
0.006887
0.003884
0.008180
0.008071
0.015074
0.019013
0.022930
0.027485
0.032727
0.028282
0.015483
0.026271
0.042754
0.075241
0.093234
0.134458
0.223325
0.233972
0.251411
0.176895
0.184477
0.155317
0.062525
0.064828
0.047548
0.039375
0.022810
0.030688
0.021023
0.017429
0.019231
0.014148
0.002690
-0.009787
0.007042
0.015684
0.022397
0.019868
0.021982
0.019410
0.014863
0.009344
0.004339
0.005896
0.001036
-0.003388
0.005294
0.000435
-0.010896
-0.004367
0.011305
0.017265
0.021844
0.021154
0.028249
0.030464
0.018537
0.011996
0.012107
0.011489
0.013606
0.010286
0.008652
0.010597
0.009479
0.006338
0.017357
0.029175
0.041487
0.039987
0.040370
0.039561
0.040546
0.034590
0.031935
0.050218
0.051620
0.068169
0.073482
0.100247
0.153555
0.162811
0.202202
0.154869
0.163609
0.136848
0.056128
0.059059
0.047926
0.041746
0.030840
0.036881
0.041337
0.038563
0.022321
0.009279
-0.001768
-0.007967
0.010556
0.010387
0.013705
0.021922
0.029805
0.025322
0.021192
0.026325
0.031419
0.034120
0.034040
0.028570
0.032638
0.019927
0.011210
0.011364
0.019253
0.020797
0.028447
0.041972
0.037897
0.030904
0.012358
0.008972
0.004812
0.007788
0.021946
0.016603
0.011391
0.008160
-0.016108
-0.048110
-0.059590
