-0.007030
0.012119
-0.006835
-0.018371
-0.063042
-0.006958
-0.040572
-0.082244
-0.042266
-0.063352
-0.071865
-0.038073
-0.042949
-0.018999
-0.042629
-0.000148
-0.033848
-0.052347
-0.064341
-0.044049
-0.044726
-0.012046
-0.029156
-0.035817
-0.007906
-0.032019
-0.046091
-0.007118
-0.011027
-0.047254
-0.032897
0.029411
0.051114
0.041624
0.046206
0.029612
0.044949
0.063679
0.050237
0.045993
0.059881
0.074723
0.106320
0.152147
0.188373
0.263870
0.345525
0.397076
0.356908
0.302860
0.277598
0.241548
0.226106
0.203329
0.193263
0.184560
0.159980
0.131848
0.128801
0.099520
0.090736
0.083263
0.070346
0.056906
0.053599
0.055827
0.064184
0.052587
0.056145
0.047953
0.046628
0.047753
0.052259
0.030393
0.031308
0.031802
0.032258
0.011642
0.019713
0.036551
0.046682
0.055369
0.067951
0.072529
0.076619
0.070338
0.060472
0.047991
0.056084
0.058736
0.055833
0.046969
0.055291
0.072620
0.098236
0.123427
0.120088
0.100733
0.090699
0.096883
0.100822
0.085204
0.080152
0.075357
0.072639
0.055057
0.060256
0.049904
0.057201
0.045064
0.037655
0.039863
0.045284
0.049455
0.067443
0.082650
0.101403
0.098262
0.089309
0.084764
0.081757
0.067510
0.067027
0.058178
0.062213
0.070307
0.089942
0.091513
0.083028
0.094754
0.113656
0.129561
0.142116
0.134801
0.129322
0.107331
0.104435
0.087829
0.084490
0.064410
0.062442
0.069912
0.091735
0.094696
0.087506
0.087153
0.102802
0.126054
0.131212
0.122051
0.129286
0.124031
0.112111
0.102424
0.108428
0.099958
0.111448
0.135381
0.162602
0.157486
0.130922
0.117725
0.120037
0.104526
0.101470
0.088673
0.092245
0.084535
0.085207
0.076480
0.083776
0.072933
0.074073
0.114121
0.150274
0.166997
0.159183
0.151233
0.142600
0.114439
0.097222
0.061110
0.035759
0.023611
0.016266
0.005240
0.011001
0.018499
0.030935
0.035322
0.011183
0.017436
0.021275
0.006589
-0.005131
-0.010675
0.000798
0.016113
0.001856
-0.014596
-0.016545
-0.046351
-0.057024
-0.023965
-0.016051
0.001282
-0.027064
0.000634
-0.008698
-0.034940
-0.063760
-0.030147
-0.021125
-0.008384
-0.036015
-0.014172
-0.002486
-0.027721
-0.040190
-0.023560
-0.031531
-0.003974
-0.005585
-0.000573
-0.025922
-0.029132
-0.040776
-0.004499
0.001514
0.011318
-0.011001
-0.013657
-0.010883
-0.023811
-0.025826
-0.014526
-0.019348
-0.025568
-0.033013
0.000088
0.007919
-0.005479
-0.015341
-0.000054
0.005920
0.015610
-0.007288
-0.008342
0.002972
-0.010653
-0.021932
-0.006627
-0.004645
-0.009368
-0.017131
-0.001812
0.000012
-0.003279
-0.000739
-0.003916
-0.000389
0.018348
-0.000046
-0.008700
0.003185
-0.010749
-0.026410
-0.001075
-0.002921
-0.016543
-0.016465
0.004855
0.004329
0.000784
0.007681
0.004361
-0.006077
-0.000028
-0.002254
-0.003977
0.000141
-0.010154
-0.015062
-0.003308
-0.005108
-0.024013
-0.016361
0.020837
0.044510
0.043025
0.039242
0.033169
0.042670
0.052369
0.045141
0.047789
0.054851
0.049928
0.035416
0.033972
0.031773
0.019531
0.013610
0.024140
0.022186
0.019108
0.007526
0.005308
0.004722
0.002770
-0.003412
0.001162
0.002796
-0.022363
-0.027282
-0.008987
-0.011301
-0.010203
-0.016191
0.002362
-0.000902
-0.008555
-0.003664
0.002717
-0.006361
-0.000127
0.000070
0.000494
0.004854
-0.015642
-0.013775
0.004388
-0.006897
-0.027510
-0.016472
0.004571
0.015809
0.004123
0.006355
0.015639
0.030012
0.025632
0.022564
0.029567
0.040317
0.021937
0.021485
0.026634
0.021990
-0.002208
0.005728
0.026624
0.043231
0.046867
0.054649
0.056044
0.066724
0.069689
0.068883
0.065907
0.072269
0.064752
0.061195
0.050930
0.051971
0.055014
0.071643
0.067628
0.063338
0.060871
0.073980
0.070769
0.082164
0.074312
0.068873
0.054560
0.057334
0.046429
0.047993
0.050418
0.066909
0.087894
0.113990
0.130207
0.124410
0.112896
0.119850
0.124290
0.120610
0.097112
0.097053
0.081851
0.073040
0.057987
0.055098
0.045687
0.049414
0.028471
0.025271
0.030677
0.046335
0.054315
0.057782
0.060460
0.058730
0.034556
0.031882
0.031441
0.033448
0.017146
0.017861
0.024034
0.033970
0.021981
0.029664
0.042486
0.052598
0.061020
0.072266
0.099096
0.126948
0.156146
0.188528
0.214334
0.243595
0.284714
0.360431
0.444397
0.522335
0.541476
0.550208
0.519833
0.449256
0.356403
0.271895
0.210403
0.189827
0.143165
0.110292
0.080525
0.074577
0.069399
0.080649
0.057192
0.055092
0.051890
0.042742
0.040183
0.040216
0.045837
0.052928
0.055886
0.062325
0.062052
0.058080
0.058650
0.067524
0.062868
0.060411
0.052790
0.061321
0.071201
0.081634
0.098101
0.107443
0.107210
0.118804
0.118913
0.126830
0.130073
0.120952
0.096729
0.099540
0.119463
0.149486
0.164647
0.213069
0.263369
0.315294
0.329628
0.301236
0.244092
0.202575
0.175134
0.165083
0.134967
0.112333
0.093015
0.079107
0.068463
0.065811
0.048733
0.053099
0.040658
0.027290
0.026590
0.045631
0.061440
0.073019
0.074518
0.080027
0.071580
0.064228
0.051875
0.057100
0.056144
0.053683
0.048852
0.050055
0.055620
0.077398
0.091553
0.074757
0.064530
0.055480
0.038008
0.032455
0.021021
-0.000113
0.010299
0.015492
0.004449
0.001723
0.001822
0.009711
0.013628
0.006674
0.011882
0.008627
0.004181
-0.001936
-0.003773
-0.006813
0.011504
0.004587
-0.003522
-0.005315
-0.023370
-0.029359
-0.006805
-0.013861
-0.011459
-0.019844
-0.004949
-0.010415
-0.015911
-0.017437
-0.003695
-0.009326
0.010173
0.000896
-0.000851
-0.004241
-0.016753
-0.017255
-0.006579
-0.015016
-0.028603
-0.025477
0.009412
0.019735
0.017345
0.012911
0.010206
-0.001106
-0.001405
-0.002962
0.000722
-0.000145
-0.012339
-0.012505
-0.000238
0.001643
-0.014029
-0.014233
0.003221
0.014693
0.011736
0.005391
-0.007422
-0.000165
0.009013
-0.001491
-0.006714
-0.001254
-0.012343
-0.026996
-0.006533
-0.003089
-0.014179
-0.015509
0.003342
0.010037
0.005354
-0.001812
0.001007
0.002738
0.005963
-0.008637
-0.005786
-0.002902
-0.019905
-0.021930
-0.003494
-0.012700
-0.018859
-0.014490
-0.001112
0.001164
0.001295
-0.002115
-0.000462
-0.002411
0.005846
-0.008185
-0.005505
0.000830
-0.012208
-0.018831
-0.006753
-0.010496
-0.024557
-0.019327
0.003086
0.011771
0.017106
0.003357
0.005337
-0.002055
0.003383
-0.006498
0.002153
-0.001266
-0.018248
-0.025546
0.004975
0.000172
-0.003693
-0.014293
0.004484
-0.001101
-0.019424
-0.018404
-0.011048
-0.017914
-0.001894
-0.018188
-0.018174
-0.007093
-0.034695
-0.044525
-0.015349
-0.016092
-0.026941
-0.029429
-0.001182
0.010223
-0.000125
-0.012106
-0.007143
-0.003174
0.014491
-0.003351
-0.007649
-0.005657
-0.022181
-0.026231
-0.000654
-0.014222
-0.021102
-0.019512
0.006988
0.002964
0.003353
-0.010333
-0.009636
-0.008623
0.007616
-0.014487
-0.018653
0.000695
-0.017045
-0.030284
-0.004865
-0.016182
-0.023643
-0.020043
0.002825
0.003591
-0.012542
-0.027124
-0.007948
-0.007503
0.021768
-0.001624
-0.019109
-0.014271
-0.035215
-0.051743
-0.035325
-0.028504
-0.007418
-0.023282
-0.005381
-0.008713
-0.017066
-0.036389
-0.016000
-0.017469
0.016095
-0.025645
-0.029038
-0.004685
-0.034500
-0.047000
-0.013348
-0.022071
-0.025828
-0.032796
0.005488
0.011965
-0.001378
-0.017471
0.002818
-0.002523
0.012376
-0.008704
0.002867
0.013092
-0.013495
-0.029594
-0.008034
-0.019824
-0.016789
-0.014127
-0.000579
-0.008376
-0.016008
-0.022493
-0.005239
-0.010208
-0.000068
-0.013887
-0.007018
0.005835
-0.001638
-0.007995
-0.004918
-0.023378
-0.030217
-0.018090
0.001337
-0.003925
-0.007491
-0.005655
0.007818
0.002192
0.006935
-0.001199
0.000721
0.002201
-0.009697
-0.013941
-0.001784
-0.015792
-0.014131
-0.008776
0.002954
-0.006685
-0.017364
-0.019081
0.004854
-0.001230
0.005958
-0.013181
-0.020585
-0.014235
-0.017930
-0.024516
-0.006365
-0.008016
-0.010829
-0.016227
0.005025
0.008347
-0.008780
-0.014354
-0.009643
-0.007292
0.011122
-0.004063
-0.007539
-0.005979
-0.021050
-0.038603
-0.014503
-0.011549
-0.005692
-0.014097
-0.001444
-0.004089
-0.003074
-0.013112
-0.000692
-0.009341
-0.002832
-0.022633
-0.012769
-0.010344
-0.035570
-0.035882
-0.016984
-0.022532
-0.019421
-0.023845
-0.000232
-0.004836
-0.023937
-0.025187
-0.007663
-0.007733
0.000582
-0.014689
-0.010922
0.002576
-0.014897
-0.028556
0.001912
0.000076
-0.022922
-0.021296
0.012695
0.023769
0.004842
0.000506
0.004006
0.013418
0.015393
-0.002048
-0.007570
0.008802
-0.005390
-0.015659
0.003533
0.007900
-0.011074
0.000977
0.032056
0.050989
0.061442
0.085591
0.101425
0.108673
0.113072
0.122819
0.135372
0.134744
0.121694
0.095929
0.065305
0.066146
0.052233
0.030419
0.033248
0.043671
0.052192
0.045823
0.026305
0.017441
0.024220
-0.013595
-0.021322
-0.011933
-0.030734
-0.033301
-0.000303
-0.009900
0.007488
-0.010689
0.003885
-0.011872
-0.018490
-0.038169
-0.015973
-0.010941
-0.000986
-0.020980
-0.017417
-0.007945
-0.024097
-0.029386
-0.008549
-0.022183
0.013364
0.024961
0.003636
-0.018122
-0.004426
-0.000716
0.005855
0.006466
0.009366
-0.013770
-0.014804
0.001552
-0.016817
-0.009478
-0.007750
-0.024860
-0.045567
-0.038205
-0.004143
0.006799
0.005582
0.002965
-0.000623
0.000996
-0.000059
-0.005378
-0.000471
0.002147
-0.010293
-0.015389
0.001111
-0.000095
-0.017709
-0.018623
0.008250
0.012728
0.004081
-0.006460
-0.007174
-0.006136
-0.001563
-0.012670
-0.011374
-0.009506
-0.022145
-0.028430
-0.008397
-0.007427
-0.009703
-0.007469
0.007541
0.008654
0.008160
0.000538
0.007267
0.004745
0.011233
-0.001888
-0.001861
0.003491
-0.008342
-0.018714
-0.009349
-0.009324
0.001630
-0.003148
0.000624
-0.005242
0.003631
0.004738
0.012108
0.010235
0.024499
0.011495
0.003014
0.000907
-0.005785
-0.007760
-0.011025
-0.015986
0.000212
-0.005826
-0.003604
-0.010467
-0.002442
-0.004104
0.011238
0.005789
0.012832
-0.000094
0.002088
-0.000483
-0.009445
-0.017151
-0.002849
-0.011703
-0.015189
-0.016793
0.004813
0.002777
-0.001997
-0.006431
0.001065
-0.001491
0.001720
-0.014498
-0.004940
0.000842
-0.012917
-0.016129
-0.002985
-0.014169
-0.025179
-0.013812
0.009752
0.005016
0.005344
0.005584
0.005511
0.006339
0.013109
0.004917
0.004024
0.002981
-0.009996
-0.015353
-0.002849
0.002123
-0.004691
-0.007919
0.005733
0.012479
0.002926
0.003152
0.000515
-0.001600
0.009554
-0.007570
-0.016742
-0.008334
-0.026497
-0.033084
-0.013674
-0.010092
-0.011989
-0.013893
0.004433
0.002622
-0.015003
-0.021817
-0.011887
-0.009671
0.007083
-0.013234
-0.011953
-0.001408
-0.018646
-0.034543
-0.013335
-0.020253
-0.018297
-0.018673
-0.002957
-0.010496
-0.013778
-0.014956
-0.001311
-0.008937
0.008946
0.001018
-0.001603
-0.002540
-0.017118
-0.022147
0.001065
-0.008843
-0.026221
-0.022623
0.002856
0.005635
0.005604
-0.002256
0.005024
0.004932
0.012074
-0.003311
-0.001018
0.000444
-0.015689
-0.020703
-0.006782
-0.009549
-0.009632
-0.017739
-0.014506
-0.003859
0.007217
-0.012543
-0.015070
-0.016923
-0.001811
-0.005619
-0.006676
-0.005246
-0.027400
-0.036632
-0.011475
-0.009124
-0.005637
-0.014468
0.005128
0.003104
-0.012369
-0.024788
-0.011818
-0.013879
0.003647
-0.020139
-0.020112
-0.003928
-0.022066
-0.030079
-0.011467
-0.016341
-0.030045
-0.024551
-0.005846
0.001289
-0.003170
-0.007670
0.009631
0.008318
0.009876
-0.001958
-0.001092
0.000722
-0.014120
-0.023574
-0.003139
-0.006043
-0.010205
-0.010864
0.006231
-0.000401
-0.005858
-0.012631
-0.002051
-0.005064
0.005667
-0.013767
-0.016219
-0.009792
-0.023544
-0.031525
-0.008946
-0.015769
-0.022203
-0.022110
-0.001401
-0.000611
-0.020747
-0.034632
-0.006671
-0.001156
0.011963
-0.012897
-0.012160
-0.001919
-0.017246
-0.031776
-0.014428
-0.030453
-0.010042
-0.004709
0.009016
-0.015431
-0.023028
-0.029070
0.001289
-0.012188
0.003270
-0.003050
-0.014975
-0.016088
-0.031098
-0.033688
-0.014140
-0.028948
-0.029132
-0.034659
0.003042
-0.005221
-0.015702
-0.033567
-0.016713
-0.013026
0.007639
-0.015616
-0.016747
-0.008577
-0.033842
-0.045486
-0.012659
-0.019983
-0.019646
-0.020231
-0.002830
-0.006358
-0.006528
-0.010828
-0.002924
-0.012468
0.002510
-0.016829
-0.024832
-0.014659
-0.029292
-0.033282
-0.010597
-0.016649
-0.023807
-0.020920
0.001904
0.001228
-0.006400
-0.014932
-0.010118
-0.010793
-0.001677
-0.016560
-0.016188
-0.007019
-0.023990
-0.030604
-0.018893
-0.022858
-0.019329
-0.018337
-0.002865
-0.005691
-0.013476
-0.015271
-0.001659
-0.010463
-0.013704
-0.020293
-0.011501
-0.008926
-0.022530
-0.020746
-0.008850
-0.012109
-0.019861
-0.018632
0.004960
0.008446
0.001368
-0.006742
-0.001760
0.000002
0.005122
-0.008661
-0.000523
0.002162
-0.016355
-0.023474
-0.007205
-0.009898
-0.018497
-0.024439
-0.001299
0.002547
-0.000245
0.002904
0.006858
0.005589
0.003598
-0.000454
0.002777
0.011244
0.010012
0.004468
0.013221
0.005014
0.004373
0.017886
0.021911
0.019066
0.030609
0.046960
0.042034
0.045769
0.038353
0.032124
0.030429
0.037141
0.028397
0.034199
0.036966
0.043007
0.050949
0.074302
0.080833
0.083105
0.093949
0.106350
0.110625
0.142878
0.166255
0.181029
0.182022
0.182098
0.206949
0.283408
0.339175
0.406211
0.438841
0.459012
0.450021
0.390090
0.290972
0.233419
0.193706
0.165121
0.129889
0.094842
0.074592
0.064481
0.061597
0.074124
0.049955
0.044465
0.035074
0.020547
0.014189
0.027396
0.031928
0.023494
0.016173
0.014161
0.011990
0.006369
0.006594
-0.004825
-0.010387
-0.009487
-0.000462
-0.006174
0.001215
0.002099
0.003064
-0.002757
-0.000356
-0.008806
-0.003788
-0.006488
0.005973
-0.010932
-0.013673
-0.004482
-0.022489
-0.032244
-0.011426
-0.011338
-0.011935
-0.016324
0.007539
0.002416
-0.009953
-0.022501
-0.015734
-0.008235
0.017167
-0.006166
-0.019539
-0.006693
-0.028361
-0.039377
-0.017148
-0.021129
-0.022289
-0.020444
-0.002352
0.003374
-0.007255
-0.023794
-0.005484
0.004268
0.012170
-0.009433
-0.009456
0.004116
-0.016914
-0.024679
-0.002032
-0.012548
-0.017668
-0.022289
0.001890
-0.003096
-0.022505
-0.040045
-0.001146
0.004275
0.010515
-0.016321
-0.016975
-0.005335
-0.017315
-0.032313
-0.006927
-0.010684
-0.003927
-0.015314
-0.007785
-0.015393
-0.023661
-0.034233
-0.006954
-0.004761
-0.007281
-0.028288
-0.026000
-0.006815
-0.035667
-0.047461
-0.021865
-0.020125
-0.029925
-0.029252
-0.001503
0.002196
-0.007343
-0.017308
-0.003717
0.000596
0.004514
-0.011769
-0.010299
0.000801
-0.007076
-0.019191
-0.005944
-0.007781
-0.013766
-0.013029
-0.000397
0.002627
0.010748
0.001886
0.002489
0.003199
0.014240
-0.010238
-0.010873
-0.006727
-0.016057
-0.026389
-0.015773
-0.014312
-0.006163
-0.013060
-0.002310
-0.004074
-0.007215
-0.011347
-0.000784
0.004533
0.018084
-0.000009
-0.002455
0.002370
-0.011982
-0.021348
-0.000253
-0.010483
-0.019582
-0.017289
0.003410
0.001967
-0.003626
-0.003498
0.010643
0.007198
0.013549
0.000948
-0.007815
-0.008474
-0.006525
-0.005387
0.009423
-0.000105
-0.015884
-0.010452
0.014669
0.015532
0.004612
-0.009254
-0.005987
-0.000539
0.006097
-0.016763
-0.012134
-0.010283
-0.032968
-0.040925
-0.016488
-0.009630
-0.004126
-0.015680
-0.004008
-0.002665
-0.015322
-0.032355
-0.015279
-0.016377
0.004152
-0.012988
-0.016096
-0.006191
-0.022222
-0.037852
-0.021774
-0.025847
-0.019146
-0.017603
0.001938
0.006427
-0.004320
-0.010914
0.007197
0.008485
0.020710
0.008792
0.000877
0.005526
-0.010568
-0.020419
0.000094
-0.008362
-0.024584
-0.014132
0.005318
0.005384
0.004602
0.001242
0.000598
-0.006536
-0.001831
-0.004095
-0.005137
-0.010268
-0.026029
-0.024354
-0.006715
-0.011953
-0.014419
-0.016203
-0.000690
0.001361
0.002513
-0.008275
-0.003446
-0.002007
0.003760
-0.012095
-0.014767
-0.003944
-0.016454
-0.024092
0.007032
-0.003843
-0.020406
-0.011979
0.005146
0.005100
0.000586
-0.010028
-0.001964
0.001130
0.013282
-0.000905
-0.008032
0.001292
-0.015485
-0.025335
-0.006706
-0.011549
-0.025046
-0.021888
-0.001092
0.007386
-0.000926
-0.006791
0.002358
0.006409
0.006387
-0.003417
-0.002305
0.004620
-0.002250
-0.011006
0.000285
-0.006103
-0.017218
-0.014923
0.001872
0.001334
0.010194
0.014826
0.008493
-0.000432
0.007684
0.007562
0.007550
0.006856
0.003367
-0.002774
-0.000432
0.003656
0.004085
0.000210
0.013039
0.012357
0.003975
0.002141
-0.001605
-0.001711
0.008787
0.000140
-0.003520
-0.009787
-0.018866
-0.017751
0.000831
-0.009806
-0.019568
-0.019309
-0.001367
-0.000544
-0.002315
-0.012845
-0.005882
-0.000795
0.002660
-0.016961
-0.007441
0.001611
-0.009155
-0.019528
-0.011141
-0.015464
-0.019041
-0.017327
-0.000248
-0.003357
-0.002430
-0.006762
0.000086
-0.002716
-0.002482
-0.014619
-0.012698
-0.007273
-0.015956
-0.018478
-0.001498
-0.000586
-0.014880
-0.015446
0.002456
0.010852
0.009702
-0.002916
-0.008060
-0.003182
0.003808
-0.010905
-0.011954
-0.011294
-0.026672
-0.036317
-0.010312
-0.013553
-0.008137
-0.011346
-0.004501
-0.007763
-0.012698
-0.020116
-0.008296
-0.004658
-0.000106
-0.018828
-0.023681
-0.010591
-0.031615
-0.043945
-0.026748
-0.023788
-0.026519
-0.029359
-0.015396
-0.012187
-0.016943
-0.027824
0.004122
0.003809
0.010756
-0.012527
-0.010183
-0.001708
-0.011093
-0.009409
0.002292
-0.010701
-0.025811
-0.021411
0.005867
0.007681
-0.001829
-0.000248
-0.006395
-0.003951
0.008249
-0.006037
-0.008072
-0.002232
-0.008602
-0.009659
-0.002976
0.000280
-0.008319
-0.015301
0.003434
0.012497
0.012552
0.004210
-0.001306
0.001368
0.007334
-0.007826
-0.005259
0.001625
-0.014386
-0.024486
-0.009394
-0.006179
-0.008188
-0.013046
-0.002160
0.002797
0.003281
-0.002509
0.004783
0.003116
0.008400
-0.006558
-0.010826
-0.003564
-0.024933
-0.030949
-0.013306
-0.010368
-0.018547
-0.017885
-0.002800
0.004600
0.000245
-0.018927
0.000664
0.004374
0.006063
-0.009265
-0.003197
-0.006653
-0.032818
-0.041480
-0.016967
-0.015730
-0.014341
-0.023195
-0.008893
-0.007157
-0.002582
-0.020823
-0.007025
-0.010733
0.009741
-0.023726
-0.018437
-0.008624
-0.025212
-0.040865
-0.014035
-0.025523
-0.015703
-0.016844
-0.012329
-0.031155
-0.021216
-0.028768
-0.003699
-0.011636
0.009758
-0.017306
-0.012026
-0.003052
-0.023610
-0.026975
-0.008909
-0.027451
-0.032932
-0.029917
0.001721
0.001154
-0.011375
-0.024419
-0.017099
-0.013792
0.006203
-0.013407
-0.016055
-0.008880
-0.029452
-0.038837
-0.019867
-0.028260
-0.023105
-0.019427
-0.000505
-0.015005
-0.020427
-0.026156
-0.008323
-0.018991
-0.007593
-0.022487
-0.020253
-0.009818
-0.026487
-0.031208
-0.012678
-0.021456
-0.027258
-0.021412
0.000311
0.001419
-0.000911
-0.010543
0.001749
-0.006277
0.000463
-0.007555
-0.005296
0.003351
-0.021278
-0.021802
-0.001997
-0.013887
-0.031276
-0.024038
-0.001463
0.004001
0.000198
-0.010515
-0.001400
-0.004547
0.001871
-0.007665
-0.001086
0.006336
-0.019874
-0.031338
-0.016903
-0.016988
-0.015405
-0.017776
-0.004399
0.000453
-0.002998
-0.014430
0.006257
0.005385
0.012891
-0.007191
-0.012218
-0.006069
-0.026209
-0.023114
-0.008126
-0.016364
-0.025591
-0.023843
0.006091
0.008952
-0.000174
-0.010168
-0.008451
-0.003605
0.007602
-0.008315
-0.010834
-0.000268
-0.025495
-0.034197
-0.011770
-0.009325
-0.020667
-0.019925
0.002696
0.006740
-0.003137
-0.011953
-0.011095
-0.009447
-0.000304
-0.006712
-0.013961
-0.015829
-0.037919
-0.044995
-0.027514
-0.023366
-0.019694
-0.029499
-0.005597
-0.002243
-0.018469
-0.024529
-0.010033
-0.008365
0.001643
-0.019154
-0.010550
-0.001108
-0.025558
-0.024938
-0.009453
-0.023555
-0.029021
-0.025202
-0.001425
0.003360
0.000893
-0.009152
-0.006001
0.000150
0.002994
-0.008628
-0.007970
-0.001326
-0.014760
-0.017563
-0.000591
-0.000145
-0.010984
-0.009597
0.002724
0.008567
0.004867
-0.000687
-0.005697
-0.007431
0.005183
-0.005696
-0.017323
-0.007317
-0.018506
-0.023039
-0.012054
-0.016455
-0.020891
-0.016303
0.006462
0.007198
-0.006580
-0.007234
0.000258
0.000984
0.013177
0.000077
-0.003856
-0.008446
-0.013350
-0.011404
-0.012583
-0.015096
-0.016244
-0.012659
-0.002371
0.004617
0.003553
0.003020
0.000387
0.002941
0.007544
-0.013082
-0.002427
0.002724
-0.012246
-0.016144
-0.009064
-0.005769
-0.004917
-0.011810
-0.000072
0.008778
0.002340
-0.006881
-0.005042
-0.003387
-0.000059
-0.013210
-0.012166
-0.009257
-0.022319
-0.029148
-0.011209
-0.005849
-0.012384
-0.015777
0.004467
0.007179
-0.004362
-0.010640
-0.007539
-0.009000
0.009936
-0.000508
-0.002397
-0.004624
-0.021030
-0.023152
-0.001716
-0.004253
-0.008325
-0.014337
0.010351
0.015810
-0.009009
0.001029
0.004372
0.006709
0.012103
0.006140
0.004422
0.010118
0.011812
0.004071
0.005371
0.001578
-0.029577
-0.057235
-0.057221
