-0.014026
-0.009241
-0.016910
0.014065
-0.018346
-0.012643
0.007246
0.002271
0.010426
0.000891
0.005384
0.012611
0.023252
0.002199
0.009205
0.020047
0.041380
0.047940
0.047550
0.035331
0.045045
0.036672
0.017886
0.016129
0.043032
0.060195
0.090992
0.117468
0.150714
0.237607
0.299692
0.340280
0.279471
0.238683
0.176044
0.068946
0.053185
0.050660
0.042628
0.028936
0.013416
0.011399
0.012685
0.014797
0.002991
0.032404
-0.001411
0.002260
-0.015478
-0.021928
-0.025027
-0.030867
-0.025128
0.015372
-0.013606
-0.041730
-0.014803
-0.055225
-0.066552
-0.028502
-0.036089
-0.040611
-0.058706
0.000405
-0.015028
-0.034541
-0.045477
-0.020274
-0.017751
-0.000580
-0.012004
-0.014888
0.003289
-0.002293
-0.012531
0.011263
-0.005638
-0.035922
-0.013231
0.009700
0.019032
0.037360
0.044865
0.039257
0.050314
0.071243
0.071450
0.069589
0.067080
0.066661
0.069311
0.054367
0.057834
0.075236
0.089458
0.089368
0.078706
0.070740
0.075171
0.072915
0.085039
0.078469
0.071846
0.064239
0.063219
0.058176
0.081833
0.104667
0.125303
0.156790
0.204542
0.234011
0.212382
0.174505
0.165228
0.163645
0.175310
0.170217
0.152438
0.137933
0.135574
0.152163
0.174379
0.184248
0.221851
0.255957
0.281386
0.287808
0.259212
0.212791
0.200895
0.204176
0.212462
0.198052
0.171649
0.152167
0.138221
0.117580
0.107788
0.051636
0.043508
0.039016
0.047556
0.032900
0.033479
0.031542
0.032500
0.039369
0.040665
0.023397
0.007565
0.010317
0.019207
0.021102
0.019465
0.018360
0.017587
0.003993
0.006454
0.013347
0.026261
0.027868
0.037529
0.037787
0.038467
0.029435
0.020490
0.021461
0.024460
0.009412
0.006654
0.020455
0.024984
0.013776
0.005494
0.007722
0.013636
0.020453
0.029197
0.034331
0.025752
0.006556
0.005034
0.015651
0.019069
0.009609
0.007135
0.012768
0.019381
0.011161
0.016166
0.028926
0.044577
0.044148
0.047961
0.062806
0.051067
0.026747
0.030837
0.024494
0.012156
0.011493
0.013418
0.007899
0.008156
0.007566
0.009704
0.019594
0.022589
0.021728
0.016234
0.023199
0.024061
0.018929
0.003464
0.003701
-0.003789
-0.003086
-0.004735
0.010694
0.002337
0.000489
-0.001431
0.008468
-0.005403
-0.014321
-0.015198
-0.002652
-0.006590
0.002625
0.001142
-0.004102
0.001153
-0.017523
-0.028935
-0.005172
0.002940
-0.012061
-0.017264
0.009044
0.016933
0.007106
-0.000622
-0.005147
-0.005727
0.003323
-0.002126
-0.002304
-0.001052
-0.012147
-0.030113
-0.003850
0.009237
0.006129
-0.006991
0.006905
0.013710
-0.005419
-0.028694
-0.026721
-0.014663
-0.001277
-0.031235
-0.039405
-0.030351
-0.046415
-0.057641
-0.030154
-0.032228
-0.023228
-0.044246
-0.002882
-0.014354
-0.032106
-0.059909
-0.038220
-0.025962
-0.005524
-0.018751
-0.005664
-0.003545
-0.026732
-0.051681
-0.015412
-0.017410
-0.020427
-0.047260
-0.003636
-0.024568
-0.029164
-0.070395
-0.054188
-0.033828
-0.002243
-0.027350
-0.043484
-0.027063
-0.047013
-0.070461
-0.026600
-0.039879
-0.024666
-0.058868
-0.012322
-0.045803
-0.033910
-0.068816
-0.060199
-0.044894
-0.049959
-0.059099
-0.035828
-0.008381
-0.039001
-0.062577
-0.029750
-0.023367
-0.036217
-0.024897
0.006412
0.000844
-0.008149
-0.010244
0.004580
0.006606
0.008242
0.001552
-0.000723
-0.002794
-0.004184
-0.001765
0.004431
-0.010047
-0.019771
-0.016791
0.006630
0.007177
0.018402
0.029561
0.017501
0.031750
0.049000
0.033147
0.026080
0.041186
0.041863
0.039547
0.034768
0.037402
0.054704
0.075619
0.108389
0.103525
0.108932
0.103386
0.080946
0.069673
0.042924
0.021949
0.014049
0.026687
0.014086
0.014017
0.018582
0.027234
0.014162
0.016579
0.019517
0.032284
0.041894
0.038679
0.031310
0.026643
0.008522
0.006574
0.000129
0.002087
-0.007118
-0.002229
0.003326
0.002775
-0.010631
-0.011257
0.003459
0.016813
0.015286
0.016129
0.021735
0.018707
-0.004597
-0.002968
0.007228
0.017179
0.005034
0.000922
0.009391
0.015528
-0.003005
-0.005946
0.006927
0.028322
0.032029
0.034397
0.037105
0.041305
0.018037
0.007903
0.016378
0.029433
0.021797
0.020937
0.027831
0.036327
0.029396
0.030036
0.043566
0.062432
0.084693
0.122412
0.137299
0.179136
0.229114
0.264972
0.312814
0.386140
0.455221
0.593491
0.733348
0.835626
0.847824
0.821820
0.796091
0.698331
0.588594
0.411309
0.308552
0.276595
0.232504
0.178021
0.182479
0.180395
0.173397
0.177406
0.135321
0.106284
0.103162
0.092619
0.081286
0.066349
0.066872
0.068493
0.079892
0.076211
0.055853
0.040452
0.039927
0.049403
0.045917
0.038782
0.030731
0.036149
0.024632
0.028288
0.031993
0.048696
0.081857
0.078830
0.053296
0.027577
0.027178
0.020997
-0.003594
-0.008685
-0.025654
-0.029173
-0.018675
0.002312
-0.001132
-0.023962
0.013591
0.015750
-0.004367
-0.019374
-0.015984
-0.012449
0.001023
-0.008396
-0.012130
-0.011352
-0.024063
-0.028003
-0.005019
-0.010230
-0.026742
-0.015596
-0.001961
0.009248
0.021978
0.012130
0.005460
0.001785
0.002565
0.000824
-0.006870
-0.005547
-0.012243
-0.014260
-0.002852
0.003589
-0.001493
-0.004502
0.011551
0.018610
0.017114
0.020225
0.014931
0.006474
0.008956
0.001843
0.002790
0.008927
-0.011833
-0.034396
-0.009573
0.007446
-0.009002
-0.008367
0.022262
0.023127
0.014226
0.014666
0.006472
0.004006
0.009076
0.007216
-0.006250
-0.008689
-0.012467
-0.019418
0.002959
0.005945
-0.010443
-0.010267
0.013090
0.021621
0.014879
0.009973
0.010528
0.005739
0.003235
-0.005606
-0.009608
-0.010788
-0.018072
-0.024207
0.000928
0.001290
-0.009087
-0.010979
0.005774
0.007513
0.011930
0.010165
-0.004689
-0.006913
0.007734
-0.004824
-0.007788
-0.007471
-0.031212
-0.044584
-0.010384
-0.005197
-0.015497
-0.030331
0.005620
0.009302
-0.012797
-0.025220
-0.016845
-0.018811
-0.004466
-0.002015
-0.002335
-0.003938
-0.024951
-0.035603
-0.011234
-0.001085
-0.022031
-0.021496
0.012320
0.021511
0.014118
0.003600
-0.004274
0.001723
0.011946
0.006243
-0.007037
-0.004918
-0.025309
-0.030251
-0.005128
0.002045
-0.021820
-0.019068
0.011071
0.026107
0.007572
0.004697
0.005871
0.015692
0.011403
0.000507
0.006341
0.007032
-0.011305
-0.021872
-0.002076
0.009709
0.002361
-0.004203
0.020785
0.027879
0.014144
0.015343
0.009047
0.002210
-0.002363
-0.007071
-0.005912
-0.004829
-0.022356
-0.022989
-0.004750
-0.003905
-0.014958
-0.015676
0.004783
0.005580
-0.003524
-0.001562
0.005702
0.001787
0.000651
-0.000443
-0.000742
0.008477
-0.009748
-0.024109
-0.010932
0.002060
-0.008111
-0.015040
0.014367
0.020197
0.006099
0.000024
-0.003783
-0.002915
0.021335
0.008271
0.001112
-0.012898
-0.031837
-0.040462
-0.015756
-0.009882
0.000465
-0.010916
0.013578
0.017248
0.006146
-0.010157
-0.015980
-0.020644
0.006732
-0.003903
-0.008972
-0.007805
-0.040740
-0.052759
-0.009849
-0.008690
-0.032888
-0.034269
0.014491
0.014932
-0.006233
-0.013740
-0.003572
-0.001764
0.008925
0.002121
-0.006651
-0.000321
-0.018257
-0.029424
-0.003391
0.001851
-0.022953
-0.020782
-0.005933
0.014823
0.022212
0.022981
0.009890
0.021835
0.033782
0.023301
0.024197
0.042797
0.040121
0.031496
0.034444
0.039371
0.051962
0.090698
0.132737
0.132698
0.116261
0.082495
0.058801
0.042677
0.031523
0.019761
0.010948
-0.004328
-0.002322
0.001776
0.009696
0.010345
0.019901
0.008116
0.011876
0.002470
-0.003106
-0.012322
-0.018191
-0.020566
0.008656
-0.012137
-0.024821
-0.024541
-0.043333
-0.047697
-0.016716
-0.023314
-0.028038
-0.031637
0.000147
0.002380
-0.011085
-0.031805
-0.018295
-0.013537
0.000567
-0.013123
-0.007251
0.000947
-0.028126
-0.043863
-0.013604
-0.018274
-0.013565
-0.016950
0.002875
-0.003200
-0.005850
-0.018655
-0.004484
-0.010719
0.008328
-0.009304
-0.020615
-0.016174
-0.039774
-0.045180
-0.029034
-0.025270
-0.020037
-0.024847
0.012343
0.002369
-0.015549
-0.032134
-0.017360
-0.010413
0.027973
0.011859
-0.001846
-0.005274
-0.029105
-0.035592
-0.017382
-0.016863
-0.026333
-0.032312
-0.004365
0.000136
-0.017046
-0.034735
-0.013939
-0.008835
0.004716
-0.006079
-0.003291
0.000699
-0.023559
-0.039831
-0.013376
-0.014955
-0.003692
-0.019247
0.011550
0.002341
-0.010071
-0.032378
-0.020351
-0.013542
0.014319
-0.022186
-0.039034
-0.016812
-0.040978
-0.058492
-0.025305
-0.037454
-0.034984
-0.037911
-0.005343
-0.014529
-0.008372
-0.013755
-0.016322
-0.013299
0.000374
-0.017377
-0.013094
0.014417
-0.001575
-0.030305
-0.012990
-0.004303
-0.029095
-0.029232
0.006063
0.024067
0.016197
0.014489
0.025801
0.032769
0.022286
0.011149
0.011048
0.015026
0.015329
0.008484
0.011701
0.012747
0.000209
0.012016
0.039202
0.050596
0.049770
0.053196
0.057654
0.042486
0.018769
0.025364
0.018904
0.012821
0.006480
0.004430
0.011056
0.009824
0.000230
0.007677
0.012818
0.015362
0.021675
0.017722
0.021434
0.011814
0.009556
0.011974
0.000449
-0.003681
-0.011055
-0.014690
0.000939
0.009361
-0.001033
0.011267
0.009402
0.013713
0.015796
0.017779
0.015185
0.012744
0.010319
-0.003593
-0.001457
0.002409
-0.013030
-0.020526
-0.010886
-0.004479
-0.012599
-0.012656
-0.005168
0.009353
0.003628
-0.000120
-0.002471
-0.004146
0.000421
0.000854
0.002282
-0.013976
-0.026807
-0.031935
-0.019048
-0.006183
-0.006822
-0.026052
0.004044
0.002129
-0.011255
-0.029294
-0.019575
-0.011406
0.007935
-0.021584
-0.018540
-0.004367
-0.020111
-0.033707
-0.003875
-0.012415
-0.018151
-0.018559
0.006100
-0.002504
-0.016948
-0.019111
0.007573
0.009350
0.019080
-0.002277
-0.003715
-0.001804
-0.015083
-0.024830
-0.003456
-0.010648
-0.010725
-0.009431
0.011350
0.009730
0.010487
0.002418
-0.004082
0.001483
0.019004
-0.005753
-0.021214
-0.008043
-0.026235
-0.033189
-0.007636
-0.014500
-0.015887
-0.021318
0.011663
0.010246
0.007175
-0.006474
-0.000200
-0.004667
0.009236
-0.003333
-0.012036
-0.009459
-0.031278
-0.037903
-0.016861
-0.014166
-0.013958
-0.020322
0.004233
0.008085
-0.007002
-0.015439
-0.003010
-0.009483
0.010030
0.002290
-0.005260
-0.007810
-0.024029
-0.033750
-0.007731
-0.012380
-0.023253
-0.025202
-0.010456
-0.013945
-0.011595
-0.012583
0.000520
0.001053
0.022031
-0.002564
-0.017992
-0.010775
-0.028372
-0.037402
-0.007004
-0.004353
-0.022223
-0.026594
0.013077
0.024045
0.004362
-0.003650
-0.012609
-0.002632
0.007872
-0.004901
-0.002217
0.007360
-0.021397
-0.036753
-0.008862
-0.004008
-0.026167
-0.022988
0.006056
0.013311
-0.000687
-0.000175
0.002882
-0.001238
0.010458
-0.007423
-0.002576
-0.002770
-0.016192
-0.022791
-0.002758
-0.005091
-0.006295
-0.010203
0.008063
0.012548
-0.002015
-0.009283
-0.002990
-0.000242
0.013510
-0.006003
-0.017526
-0.009569
-0.028465
-0.035924
-0.015058
-0.010514
-0.018813
-0.021444
-0.004339
-0.005790
-0.012194
-0.018494
-0.020348
-0.020358
-0.006912
-0.011274
-0.009177
-0.014093
-0.030478
-0.031352
-0.014960
-0.011835
-0.014545
-0.014487
0.005931
0.013321
-0.000227
-0.007172
-0.015074
-0.006044
0.008930
-0.011960
-0.016608
-0.005758
-0.020207
-0.032453
-0.013706
-0.003901
-0.006474
-0.014949
0.008300
0.007524
0.010086
0.005576
-0.001609
-0.006951
0.007989
0.002418
-0.001453
-0.007820
-0.030404
-0.037114
-0.002972
-0.001256
-0.013742
-0.015372
0.006228
0.010880
0.000272
-0.005996
-0.014072
-0.003882
0.005869
-0.005525
0.001143
0.009225
-0.009464
-0.031748
-0.010073
-0.000186
-0.000159
-0.000873
0.008221
0.012620
0.005268
0.008785
0.011788
0.008018
0.014377
0.007153
0.006536
0.003225
-0.012193
-0.027294
0.008447
0.011690
-0.018151
-0.015626
0.019399
0.028575
0.009512
0.000353
-0.000283
0.008478
0.023777
0.012179
-0.003858
-0.000527
-0.021090
-0.030224
-0.009036
-0.010351
-0.029210
-0.023439
0.014952
0.020095
0.008619
-0.003349
0.000988
0.008345
0.019860
0.004002
0.003403
0.001066
-0.018776
-0.024497
-0.001780
-0.002568
-0.000560
-0.013357
-0.001519
-0.001731
-0.007669
-0.009253
-0.007675
-0.011716
0.007681
-0.002552
-0.011828
-0.008656
-0.032651
-0.032769
-0.006742
-0.013130
-0.024827
-0.021200
0.013095
0.014046
0.005087
-0.000509
-0.009146
-0.014410
-0.000570
-0.004077
-0.014250
-0.010888
-0.035111
-0.042034
-0.012560
-0.004268
-0.019797
-0.016993
0.015172
0.026987
0.006534
-0.011900
-0.010309
0.000200
0.009478
0.000933
-0.010867
-0.005988
-0.037337
-0.051061
-0.014903
-0.017919
-0.014420
-0.021406
-0.006268
-0.001886
-0.014109
-0.028662
-0.014349
-0.016245
0.000060
-0.007325
-0.020482
-0.018652
-0.032379
-0.042621
-0.020240
-0.015259
-0.010186
-0.013062
-0.002357
-0.000824
-0.014058
-0.017617
0.003176
0.003021
0.020289
0.008544
0.013638
0.003212
-0.015986
-0.028944
-0.009272
-0.011462
-0.005460
-0.021647
0.003886
0.003671
0.005691
0.003169
0.006514
0.000138
0.011025
0.003008
-0.001826
0.002246
-0.015075
-0.026313
0.001525
0.001041
-0.030076
-0.025068
0.023224
0.037757
0.024132
0.020943
0.013883
0.023713
0.032138
0.024918
0.012082
0.019128
0.013064
0.006414
0.005219
0.003907
-0.008742
-0.004291
0.016334
0.034660
0.042757
0.051035
0.054480
0.070318
0.079998
0.085238
0.092393
0.088697
0.069825
0.072361
0.072183
0.071564
0.089202
0.129330
0.145617
0.129074
0.119797
0.141230
0.178235
0.201818
0.180796
0.165245
0.150478
0.134126
0.109853
0.115121
0.101245
0.100485
0.105760
0.133700
0.142389
0.110645
0.098032
0.083572
0.049643
0.030099
0.016574
0.007546
0.011448
0.004139
-0.000183
-0.001650
0.008702
0.018199
0.023505
0.011945
0.012564
0.008918
0.002439
-0.001158
-0.002220
-0.011703
0.007887
-0.002301
-0.010864
-0.010979
-0.032187
-0.034550
-0.002552
-0.012188
-0.015749
-0.015116
0.014789
0.013100
-0.010821
-0.032828
-0.018692
-0.014314
0.004542
0.002354
-0.002766
-0.007714
-0.044996
-0.052102
-0.027319
-0.009175
-0.004314
-0.019281
0.003044
0.014455
-0.003194
-0.012349
-0.012937
-0.014188
0.010119
-0.001372
-0.005451
-0.000692
-0.019298
-0.042608
-0.016744
-0.013382
-0.011538
-0.013931
0.009328
0.000284
-0.014575
-0.011565
0.005596
0.009720
0.023596
0.013152
-0.003434
-0.007352
-0.024370
-0.025944
-0.002832
0.003139
-0.007367
-0.015637
0.016067
0.019865
0.021790
0.007261
-0.004376
-0.008395
0.004190
-0.003552
-0.007987
-0.001007
-0.020196
-0.038485
0.002484
0.002328
-0.013972
-0.016187
0.015408
0.023630
0.022762
0.005924
0.002657
-0.004225
0.010421
0.007834
-0.002579
-0.012960
-0.039241
-0.046712
-0.013956
-0.021133
-0.001623
-0.022890
-0.000895
-0.011827
-0.037172
-0.050129
-0.020976
-0.009119
0.013493
-0.008189
-0.012219
-0.010402
-0.022523
-0.031361
-0.003885
-0.012618
-0.036721
-0.035683
0.008397
0.015919
0.010736
0.001862
-0.004198
0.006167
0.015162
-0.000150
-0.007568
0.001548
-0.021003
-0.036509
-0.004240
0.007472
-0.009225
-0.011232
0.010987
0.016202
0.004793
0.000532
-0.001160
0.004334
0.017032
0.000230
-0.006286
-0.004245
-0.019724
-0.037992
-0.003825
-0.006021
-0.008974
-0.016273
0.011347
0.008484
-0.003654
-0.014258
-0.016938
-0.008188
-0.001765
-0.013443
-0.012153
-0.002939
-0.029741
-0.032745
-0.015100
-0.016925
-0.022754
-0.024132
0.003050
0.009015
-0.005561
-0.018650
-0.008882
-0.004862
0.001601
-0.017707
-0.014942
-0.009867
-0.030723
-0.042710
-0.020819
-0.013433
-0.015702
-0.022572
-0.004270
0.005951
-0.006015
-0.029108
-0.007234
0.000736
0.005976
-0.009734
-0.007062
-0.001845
-0.022696
-0.045566
-0.012876
-0.004754
-0.012716
-0.016714
0.015194
0.008411
-0.020579
-0.032099
-0.012208
-0.017693
-0.005697
-0.019358
-0.019330
-0.014092
-0.045309
-0.055766
-0.024738
-0.016352
-0.011780
-0.024353
0.000842
-0.006706
-0.019381
-0.028171
-0.010529
-0.016603
-0.012798
-0.025490
-0.019744
-0.004621
-0.029951
-0.042165
-0.017428
-0.016934
-0.030334
-0.029308
0.010206
0.015228
-0.007028
-0.021670
-0.022358
-0.011890
0.006049
-0.000614
-0.012254
-0.005591
-0.032097
-0.041043
-0.015279
-0.022690
-0.035304
-0.025517
0.013114
0.008170
-0.015757
-0.028909
-0.003835
-0.002351
0.010201
-0.016568
-0.016959
-0.013233
-0.024776
-0.037489
-0.014985
-0.013213
-0.008735
-0.020706
-0.000216
-0.000272
-0.007974
-0.025376
-0.007776
-0.011712
0.005303
-0.002134
0.002966
-0.000623
-0.015564
-0.024031
-0.008043
-0.010840
-0.015111
-0.016614
0.015759
0.014937
-0.000474
-0.011118
-0.009447
-0.002075
0.024313
-0.000357
-0.020130
-0.017470
-0.029996
-0.028655
-0.014342
-0.010988
-0.015211
-0.018051
0.013920
0.022907
0.002889
0.000623
0.005573
0.006457
0.010731
0.005921
0.002660
0.002464
-0.019180
-0.034481
-0.008839
0.001734
-0.008512
-0.011048
0.012704
0.026128
0.023742
0.015588
0.008279
0.005390
0.020813
0.013832
-0.001790
-0.010547
-0.025441
-0.031100
-0.014063
-0.003552
0.000582
-0.008419
0.008894
0.009760
-0.012001
-0.026968
-0.013312
-0.006017
0.011779
-0.010941
-0.022451
-0.013076
-0.036503
-0.046374
-0.015394
-0.017597
-0.007865
-0.024131
0.010090
0.003982
-0.011545
-0.044908
-0.034769
-0.026347
0.004008
-0.021245
-0.030017
-0.015290
-0.044241
-0.060702
-0.038949
-0.036901
-0.019832
-0.031325
0.008596
-0.004103
-0.033248
-0.047007
-0.026311
-0.022350
0.001441
-0.023206
-0.026241
-0.011734
-0.043449
-0.059662
-0.033256
-0.026093
-0.037838
-0.047426
0.010427
0.023555
-0.013820
-0.021903
-0.004204
-0.005122
-0.000283
-0.005168
-0.002444
0.006400
-0.019036
-0.034560
-0.012644
-0.020845
-0.022218
-0.019011
0.006719
-0.002019
-0.012231
-0.019547
-0.010521
-0.008675
0.007091
-0.005413
-0.002742
-0.000429
-0.018805
-0.027299
-0.000542
0.000999
-0.016194
-0.017561
0.002814
0.007293
0.006365
-0.003527
-0.013510
-0.017343
0.002088
-0.003755
-0.002839
-0.010240
-0.033302
-0.040139
-0.025368
-0.013372
-0.007023
-0.017246
0.002638
0.001256
-0.013283
-0.018917
-0.013393
-0.003044
0.008147
-0.007561
-0.013562
-0.012111
-0.027083
-0.036789
-0.017312
-0.014720
-0.014371
-0.023969
0.000289
-0.002342
0.000110
-0.011167
-0.019003
-0.020799
-0.002956
-0.014157
-0.012337
-0.013860
-0.039252
-0.054476
-0.035579
-0.021453
-0.015683
-0.026502
-0.005591
-0.002591
-0.013814
-0.035967
-0.016965
-0.015872
-0.006541
-0.027057
-0.018208
-0.000784
-0.020668
-0.032842
-0.015821
-0.007880
-0.011124
-0.023074
0.000841
0.005736
-0.010416
-0.027267
-0.001759
-0.003784
0.024170
0.002175
-0.004875
-0.004948
-0.028228
-0.044644
-0.013156
-0.012889
-0.017129
-0.023645
0.005415
0.008670
-0.013493
-0.022956
-0.010397
-0.004313
0.010677
-0.004333
-0.009023
0.001808
-0.023669
-0.041778
-0.001623
-0.008151
-0.014993
-0.018532
0.007614
0.000499
-0.011536
-0.018652
0.003391
-0.000285
0.025312
0.009728
-0.000496
-0.004887
-0.018769
-0.023776
-0.003972
-0.005613
-0.015170
-0.019777
0.013136
0.013957
0.000675
-0.012580
-0.019669
-0.009228
0.008585
-0.010685
-0.016024
-0.006668
-0.026353
-0.038923
-0.016804
-0.013964
-0.012023
-0.017263
-0.007636
-0.008148
-0.011142
-0.024861
-0.011205
-0.006733
0.011915
-0.016629
-0.026645
-0.016877
-0.035586
-0.045539
-0.024374
-0.010637
-0.014532
-0.040071
-0.002389
0.006688
-0.018659
-0.039549
-0.024858
-0.022227
-0.002871
-0.020152
-0.023209
-0.011046
-0.039831
-0.056678
-0.029001
-0.025478
-0.020963
-0.032635
0.005024
0.003222
-0.011625
-0.032976
-0.018276
-0.013880
0.014041
-0.010078
-0.013385
-0.008844
-0.033848
-0.049880
-0.024288
-0.022176
-0.024726
-0.027272
0.002093
0.000223
-0.013901
-0.012582
0.009081
-0.002703
0.008078
0.003396
-0.004033
-0.006427
-0.015286
-0.024670
-0.001524
0.000730
-0.021836
-0.019051
0.019048
0.028281
0.013535
0.000651
-0.007317
-0.002381
0.012393
-0.008760
-0.017167
-0.003558
-0.021399
-0.039562
-0.006194
0.001454
-0.011637
-0.017704
0.011083
0.017384
-0.006836
-0.016936
-0.015612
-0.010369
0.005298
-0.013142
-0.014344
-0.005172
-0.023135
-0.039054
-0.004262
-0.000097
-0.016810
-0.018531
0.012074
0.019633
-0.008551
-0.011511
-0.003740
-0.000364
0.006583
-0.007142
-0.006739
-0.007262
-0.019153
-0.035942
-0.008310
-0.002963
-0.000489
-0.011884
0.004764
0.004390
-0.004418
-0.006193
-0.000684
-0.006641
-0.000374
-0.013158
-0.011303
-0.013495
-0.028723
-0.024173
-0.004276
-0.009522
-0.025912
-0.025619
0.003830
0.012828
0.005599
0.011247
-0.002236
0.000467
0.003424
-0.000960
-0.003707
-0.003285
-0.011766
-0.022472
-0.011308
-0.003641
-0.007546
-0.009938
0.004954
0.017323
0.015402
0.004677
-0.005549
-0.002750
-0.000653
-0.011008
-0.006580
-0.001186
-0.020279
-0.033539
-0.008858
0.004389
0.009872
-0.000768
0.000435
-0.002957
-0.004824
-0.002788
-0.022035
-0.011593
0.012357
-0.010956
-0.015978
-0.004017
-0.007818
-0.008855
-0.004761
-0.010779
-0.051546
-0.075874
-0.054004
