-0.009526
0.017024
-0.013344
-0.042345
-0.074987
0.006619
-0.065829
-0.131214
-0.064903
-0.082522
-0.091881
-0.055402
-0.081746
-0.024738
-0.060788
-0.003615
-0.051941
-0.064310
-0.107561
-0.069129
-0.060976
-0.036233
-0.064110
-0.051248
-0.009523
-0.037735
-0.056835
-0.006206
-0.035827
-0.079539
-0.054506
0.023986
0.026156
0.008937
0.001835
-0.010970
-0.004191
0.011921
-0.002434
-0.017961
-0.008004
-0.031833
-0.036368
-0.002434
-0.006256
-0.019081
-0.022093
0.017421
0.019088
-0.003828
-0.019051
-0.026688
-0.013398
0.002431
-0.003353
-0.003154
-0.002276
-0.031580
-0.048355
-0.003067
-0.031300
-0.023958
-0.039259
0.006382
-0.020310
-0.028665
-0.047264
-0.030616
-0.026498
-0.003572
-0.017955
-0.023445
0.006007
-0.016611
-0.028477
0.001567
-0.011646
-0.044020
-0.030387
0.009485
0.020086
0.015383
0.027700
0.026789
0.041583
0.044434
0.037670
0.040919
0.049825
0.036842
0.026155
0.022800
0.030320
0.023571
0.022119
0.030885
0.030761
0.024988
0.030550
0.038907
0.038943
0.025973
0.020041
0.019065
0.019491
0.013473
0.011612
0.015607
0.021759
0.015519
0.017162
0.019882
0.025944
0.033254
0.036872
0.038981
0.041079
0.030405
0.028285
0.021137
0.021842
0.012347
0.014838
0.015798
0.022514
0.015640
0.011841
0.020324
0.032959
0.031409
0.030190
0.024114
0.026091
0.015635
0.009784
0.006498
0.014928
0.007667
0.007300
0.011789
0.016956
0.003917
0.003260
0.014850
0.026449
0.026595
0.032800
0.032092
0.035741
0.025250
0.024915
0.027281
0.034115
0.018476
0.019309
0.022312
0.026540
0.015770
0.014942
0.022143
0.031063
0.034373
0.033392
0.035708
0.030327
0.013929
0.021386
0.036749
0.042906
0.025831
0.027239
0.032288
0.033973
0.016909
0.008337
0.014331
0.020796
0.023564
0.029095
0.030248
0.040948
0.042848
0.031367
0.020549
0.028961
0.023263
0.020550
0.016882
0.022565
0.031488
0.044113
0.045005
0.053377
0.050839
0.042512
0.034653
0.027283
0.014018
0.012234
0.013050
0.015134
0.007805
0.012154
0.015363
0.022501
0.010074
-0.000723
0.008322
0.020761
0.017529
0.014765
0.018561
0.020713
0.009993
0.009215
0.018290
0.034087
0.029721
0.036718
0.040624
0.052432
0.075470
0.078049
0.061869
0.040645
0.068319
0.075998
0.041621
0.041346
0.029749
0.019086
0.007575
0.018077
0.014874
0.019962
0.015102
0.010370
0.007001
0.007774
0.012765
0.007489
0.028641
0.038896
0.031288
0.032967
0.028170
0.018683
0.016604
0.030650
0.043556
0.055916
0.063061
0.059441
0.088362
0.118593
0.137958
0.098991
0.097731
0.097096
0.041769
0.041124
0.034646
0.018744
0.022291
0.030117
0.018437
0.021669
0.022639
0.016771
0.010614
0.008456
0.013695
0.020658
0.027349
0.021230
0.003878
0.005357
0.014918
0.006323
0.002961
0.003769
-0.014490
-0.014523
0.014173
0.002850
-0.007387
-0.013246
0.015317
0.003992
-0.001945
0.001882
-0.011079
0.000489
0.019855
0.015953
0.023552
0.030780
0.002318
-0.015491
0.006601
-0.003628
-0.017179
-0.019175
0.006418
0.011298
0.001688
-0.018409
-0.018940
-0.015570
0.008339
0.000114
-0.002640
-0.005428
-0.025023
-0.032538
-0.001374
-0.010832
-0.010090
-0.019610
0.007161
-0.003657
-0.009424
-0.014322
-0.013795
-0.014625
0.010697
-0.005978
-0.019363
-0.000926
-0.028734
-0.029230
-0.000623
-0.014499
-0.041324
-0.026878
0.007434
0.019648
0.008439
0.013821
0.018010
0.027821
0.023831
0.031547
0.050257
0.063329
0.042701
0.019734
0.034221
0.040674
0.015457
0.010484
0.028099
0.037735
0.040961
0.045025
0.034146
0.029155
0.021292
0.011404
0.008462
0.012914
-0.003633
-0.007702
0.010366
0.020744
0.019787
0.012187
0.016191
0.017531
0.011324
0.004753
0.001515
-0.002119
0.004978
-0.004444
-0.014489
-0.012511
-0.032370
-0.030603
-0.007946
-0.008909
-0.020775
-0.022695
0.009565
0.010118
-0.006488
-0.005108
-0.012338
-0.000944
0.011799
0.001636
0.001876
0.018162
0.009218
-0.006254
0.012217
0.003452
-0.024752
-0.010799
0.020733
0.036390
0.038946
0.053367
0.045810
0.044226
0.030925
0.025498
0.019741
0.026639
0.017717
0.013225
0.020346
0.030208
0.013160
0.016179
0.034199
0.052931
0.067192
0.090859
0.102839
0.139932
0.185095
0.244328
0.286065
0.365132
0.458544
0.639530
0.776237
0.864294
0.866374
0.857836
0.837001
0.736557
0.613174
0.421000
0.279338
0.245114
0.201098
0.155170
0.153106
0.154893
0.156950
0.157855
0.100023
0.069670
0.045723
0.020971
0.019016
0.030992
0.046196
0.056897
0.044726
0.038982
0.033701
0.031342
0.026105
0.032106
0.018719
0.015489
0.017345
0.016551
0.001807
0.002325
0.013053
0.024856
0.029401
0.030982
0.015304
0.011743
0.005740
0.004674
0.003664
0.013234
0.003760
0.000496
0.003152
0.007774
-0.009033
-0.010371
0.011403
0.027304
0.032682
0.041644
0.029579
0.030174
0.032038
0.027850
0.017118
0.025021
0.019444
0.011181
0.006992
0.016669
0.010777
0.000682
0.003211
0.016991
0.017907
0.021169
0.017054
0.018509
0.005337
0.004045
0.000368
0.010608
0.003032
0.003310
0.009575
0.017762
-0.004970
-0.009926
0.010419
0.029805
0.023038
0.011220
0.013976
0.011698
-0.000265
-0.001422
0.005642
0.008890
0.002988
-0.000207
0.015702
0.015527
0.003450
0.000953
0.011204
0.012154
0.000524
-0.004741
0.007514
0.005507
0.016141
0.018415
0.009832
0.013907
0.025118
0.021805
0.008336
0.011996
0.023993
0.024403
0.015198
0.012463
0.045754
0.043343
0.017987
0.020298
0.021420
0.011404
0.015998
0.016901
0.023388
0.035976
0.022713
0.009818
0.036517
0.038818
0.046005
0.029727
0.057203
0.062768
0.035555
0.035974
0.030825
0.026454
0.028817
0.035368
0.048842
0.065323
0.059432
0.044288
0.046854
0.050330
0.057280
0.034336
0.053766
0.061459
0.032927
0.030216
0.019038
0.005760
0.005202
0.015077
0.011904
0.013088
0.009168
0.001015
-0.016597
-0.013021
0.002848
0.011497
0.012657
0.015711
0.022033
0.022957
0.011523
0.008099
0.010450
0.016337
0.016987
0.011258
0.010666
0.010391
0.013411
0.016853
0.012996
0.013659
0.030054
0.033399
0.027397
0.016761
0.013095
0.016896
0.011779
0.015454
0.012788
0.018654
0.017735
0.020564
-0.001132
-0.005382
0.010550
0.025022
0.024837
0.019314
0.017408
0.022102
0.011444
0.003218
0.007014
0.014943
0.009591
0.006396
0.011550
0.012024
-0.001452
-0.002181
0.004926
0.016273
0.018161
0.020334
0.021456
0.017514
0.010219
0.009992
0.012338
0.019667
0.011713
0.011459
0.017122
0.021387
0.006708
0.005256
0.011266
0.017896
0.018778
0.024394
0.023862
0.026193
0.018467
0.015244
0.017557
0.026285
0.014555
0.011444
0.010777
0.016828
0.007934
0.008921
0.018600
0.026451
0.023445
0.029137
0.036640
0.037652
0.025012
0.022111
0.017468
0.030714
0.037462
0.060339
0.068849
0.082436
0.117532
0.144238
0.149433
0.113103
0.101928
0.095118
0.048833
0.050350
0.029743
0.013389
0.010911
0.023082
0.027472
0.029383
0.022898
0.024113
0.028492
0.032324
0.036234
0.035670
0.037479
0.040703
0.046779
0.059265
0.057716
0.049287
0.038008
0.031351
0.034324
0.025860
0.027692
0.032317
0.031610
0.029537
0.017089
0.020012
0.027715
0.029537
0.024099
0.028914
0.024889
0.013538
0.016405
0.027163
0.020989
0.033203
0.036002
0.037952
0.041873
0.056475
0.052090
0.039837
0.036797
0.047709
0.036908
0.043180
0.043486
0.041728
0.040716
0.053731
0.070856
0.104259
0.131569
0.146165
0.195863
0.232525
0.223794
0.160387
0.130693
0.108480
0.050432
0.048418
0.029671
0.017989
0.019976
0.026066
0.023641
0.031582
0.026621
0.017992
0.004057
-0.001285
0.007869
0.012519
0.012532
0.011133
0.015945
0.019350
0.012116
0.003207
0.008078
0.016455
0.017917
0.013082
0.011138
0.009241
0.002585
0.004380
0.012318
0.016019
0.019782
0.023910
0.025508
0.022801
0.011228
0.011980
0.009631
0.018373
0.020349
0.020627
0.013129
0.017242
0.018962
0.026263
0.025842
0.026223
0.028826
0.033073
0.044040
0.038095
0.016850
0.013370
0.017117
0.034630
0.040023
0.050123
0.042523
0.048960
0.081314
0.092644
0.092582
0.065177
0.081235
0.083260
0.041262
0.026749
0.018090
0.013833
0.004105
0.005787
0.018226
0.017802
0.016346
0.011064
-0.003940
-0.003615
0.008034
0.020647
0.036132
0.049140
0.049859
0.064791
0.064036
0.050166
0.042003
0.048865
0.038566
0.025519
0.015645
0.025246
0.016760
0.008023
0.018031
0.028993
0.031920
0.036781
0.033802
0.030870
0.018892
0.021138
0.024371
0.025675
0.009074
0.012963
0.021996
0.030975
0.007097
-0.000929
0.020233
0.032819
0.023336
0.017061
0.015541
0.017543
0.007552
-0.001057
0.005155
0.010918
-0.002987
-0.001975
0.020084
0.017984
0.010740
-0.000108
0.003515
0.009474
0.006727
-0.000322
0.004616
0.008110
0.013492
0.009092
0.014329
0.022861
0.027539
0.042512
0.046188
0.037778
0.067325
0.088520
0.109387
0.073660
0.095450
0.095832
0.049905
0.044272
0.028939
0.025713
0.018894
0.024945
0.041630
0.063937
0.061659
0.068158
0.115580
0.135119
0.137431
0.091628
0.085585
0.090781
0.038240
0.037832
0.029602
0.025571
0.022039
0.032401
0.041921
0.056438
0.048816
0.036764
0.059919
0.083336
0.088477
0.060926
0.052345
0.057283
0.040683
0.035259
0.021815
0.015702
0.015268
0.018243
0.021565
0.022820
0.022890
0.022554
0.011392
0.006839
0.007174
0.014700
0.021301
0.021599
0.020933
0.021014
0.012261
0.006429
0.006462
0.014233
0.015700
0.016958
0.018679
0.023390
0.016540
0.020689
0.014740
0.019396
0.024357
0.025161
0.022392
0.019149
0.009442
0.012383
0.015489
0.020059
0.019533
0.024932
0.029532
0.022976
0.017158
0.020412
0.015670
0.009029
0.013568
0.020380
0.023055
0.024872
0.017871
0.014355
0.013727
0.016875
0.021843
0.027017
0.026013
0.020571
0.017883
0.020108
0.023632
0.024428
0.031594
0.032459
0.025824
0.024205
0.021529
0.016874
0.012402
0.014676
0.016495
0.017008
0.017328
0.017460
0.006724
0.003008
0.013424
0.022012
0.023274
0.024012
0.027540
0.024762
0.011345
0.007436
0.011192
0.016272
0.018899
0.019060
0.020905
0.016903
0.014553
0.019664
0.024897
0.023267
0.030081
0.040629
0.030300
0.024644
0.010971
0.004938
0.004633
0.011682
0.013932
0.013011
0.014458
0.013285
0.000016
-0.004016
-0.000737
0.008742
0.021869
0.029513
0.020950
0.018120
0.007866
0.012822
0.015837
0.019519
0.009071
0.005772
0.009321
0.009781
-0.001722
-0.000013
0.010757
0.019081
0.027806
0.023546
0.016958
0.015765
0.007853
0.000886
0.006479
0.012459
0.007627
-0.002457
0.006377
0.010517
0.003106
0.000674
0.007575
0.013440
0.020775
0.026015
0.029317
0.037151
0.032465
0.030489
0.026807
0.046642
0.057186
0.092850
0.127334
0.165353
0.225911
0.254150
0.250638
0.177020
0.161434
0.136237
0.048295
0.045315
0.034559
0.028964
0.018801
0.027905
0.037207
0.040123
0.025210
0.009103
0.016334
0.025984
0.026058
0.019203
0.038803
0.043265
0.033715
0.032191
0.020519
0.012811
0.011032
0.023296
0.022963
0.023435
0.023044
0.020135
0.026184
0.026723
0.027226
0.025253
0.045069
0.050620
0.039073
0.035517
0.033194
0.031613
0.031003
0.044157
0.046870
0.059338
0.066042
0.066062
0.085664
0.113497
0.126936
0.096405
0.097580
0.095095
0.048569
0.044342
0.031107
0.029759
0.032975
0.047181
0.054347
0.066130
0.064080
0.054444
0.074068
0.097118
0.095685
0.064845
0.065985
0.071703
0.049428
0.052504
0.046927
0.045267
0.041342
0.058495
0.077054
0.101680
0.112414
0.128365
0.179804
0.205589
0.202640
0.141063
0.140823
0.132208
0.059536
0.053495
0.038417
0.027253
0.025770
0.038531
0.045380
0.063298
0.059262
0.046436
0.074367
0.103454
0.108848
0.078855
0.086967
0.088766
0.055787
0.049298
0.047524
0.046030
0.044093
0.052545
0.054256
0.059331
0.045194
0.035379
0.056878
0.070856
0.068954
0.046925
0.064685
0.066462
0.038773
0.045826
0.036746
0.024427
0.023348
0.044988
0.065166
0.102208
0.131295
0.153749
0.216031
0.250735
0.257416
0.186541
0.159038
0.128397
0.055101
0.050497
0.041613
0.033203
0.032431
0.038033
0.048180
0.059779
0.052527
0.041796
0.054068
0.069653
0.076179
0.055237
0.053549
0.055531
0.039835
0.041131
0.034903
0.028903
0.028808
0.029319
0.032395
0.047167
0.048409
0.035813
0.049702
0.073585
0.084074
0.059073
0.067706
0.079315
0.047637
0.045879
0.037675
0.030073
0.038211
0.055368
0.059946
0.068759
0.069253
0.067672
0.100185
0.118854
0.125220
0.088160
0.093419
0.083220
0.041317
0.027652
0.029446
0.013334
0.008165
0.006310
0.009066
0.010513
0.021613
0.007148
0.007747
0.016193
0.019358
0.005377
0.020789
0.026571
0.016703
-0.002025
0.014672
0.017949
0.008054
0.006712
-0.012857
-0.020458
0.007419
-0.008500
-0.028896
-0.030134
0.010503
0.017533
-0.006157
-0.019591
-0.016887
-0.005930
-0.004823
-0.014737
-0.005109
0.007086
-0.015974
-0.026700
0.014613
0.008694
-0.017147
-0.013685
0.011089
0.015146
0.015900
0.003544
-0.011019
-0.008758
-0.003039
-0.016084
-0.011838
-0.010517
-0.031011
-0.031089
-0.002650
-0.009755
-0.010245
-0.021118
-0.009575
-0.014858
-0.007129
-0.016991
-0.013794
-0.010366
-0.005474
-0.014713
-0.011154
0.008557
0.008320
0.013854
0.036513
0.044363
0.083284
0.126687
0.159145
0.108528
0.134687
0.120160
0.048973
0.053156
0.038487
0.036491
0.031848
0.040948
0.045279
0.070428
0.064238
0.050965
0.066440
0.068043
0.071524
0.049019
0.068855
0.073248
0.036471
0.036199
0.030086
0.027773
0.027272
0.038594
0.054832
0.062186
0.052058
0.034594
0.034187
0.041657
0.038603
0.026390
0.040779
0.051114
0.037092
0.029922
0.021841
0.022840
0.021951
0.026718
0.024719
0.027939
0.031597
0.028630
0.026477
0.026654
0.028722
0.030468
0.033417
0.033701
0.029858
0.027181
0.009311
0.001161
0.010883
0.020351
0.012022
0.007599
0.011263
0.013764
0.004935
0.006156
0.013532
0.023817
0.030931
0.031381
0.024140
0.021635
0.011286
0.007351
0.013911
0.020705
0.018538
0.016004
0.014006
0.014800
0.018633
0.016513
0.011837
0.007080
0.019461
0.026869
0.022595
0.023596
0.021877
0.013030
0.010386
0.018487
0.023885
0.034215
0.039198
0.042973
0.087840
0.111646
0.122225
0.082353
0.095457
0.096341
0.035113
0.032897
0.029947
0.017771
0.015252
0.023461
0.025157
0.027677
0.029498
0.010927
-0.003211
0.001597
0.011595
0.014872
0.022791
0.023205
0.022649
0.027013
0.029308
0.027859
0.031514
0.043700
0.041104
0.041233
0.038571
0.043739
0.071932
0.092735
0.101089
0.069501
0.078716
0.075075
0.048811
0.039356
0.027382
0.021774
0.012446
0.017894
0.018872
0.029703
0.015817
0.019006
0.036289
0.024499
0.002909
0.005081
0.027980
0.034665
0.028525
0.038402
0.046247
0.035041
0.012708
0.031319
0.054197
0.093036
0.112298
0.119846
0.196461
0.239378
0.276579
0.187823
0.169174
0.155875
0.066795
0.056135
0.031927
0.026630
0.024065
0.025093
0.037083
0.055291
0.044356
0.026538
0.040049
0.056895
0.071782
0.047904
0.056261
0.057866
0.034557
0.028843
0.015764
0.008523
0.013210
0.023532
0.023903
0.025856
0.027109
0.016240
0.008128
0.001566
-0.007603
-0.001139
0.016691
0.023309
0.020858
0.018621
0.004545
-0.000823
0.007748
0.016598
0.012167
0.008885
0.016109
0.011758
-0.003175
-0.005769
0.002305
0.010185
0.019844
0.021755
0.021023
0.019713
0.011290
0.008666
0.010980
0.014605
0.012921
0.008366
0.014659
0.017315
0.018400
0.024897
0.025775
0.028339
0.030429
0.032731
0.030138
0.027671
0.010245
0.005695
0.006599
0.015630
0.015534
0.020250
0.015715
0.015505
0.012898
0.012830
0.009844
0.014915
0.020135
0.017086
0.016472
0.016369
0.010794
0.011717
0.013183
0.018975
0.017514
0.024060
0.023243
0.018568
0.006063
0.007842
0.013202
0.020007
0.024880
0.029086
0.027659
0.024596
0.015449
0.017703
0.019496
0.023876
0.021030
0.020307
0.020300
0.018728
0.010493
0.009567
0.011229
0.017855
0.021572
0.021499
0.017271
0.023219
0.019335
0.011637
0.013311
0.023788
0.025139
0.032916
0.028538
0.031457
0.038070
0.035056
0.029758
0.031986
0.036049
0.037633
0.024765
0.023067
0.005133
0.010955
0.016829
0.021533
0.030557
0.037520
0.026761
0.018328
0.007145
0.009191
0.016585
0.019979
0.027292
0.027159
0.032626
0.030791
0.025941
0.025463
0.023771
0.028677
0.042336
0.063582
0.058420
0.061291
0.096415
0.104769
0.106636
0.069571
0.072935
0.068697
0.023591
0.014760
0.000651
0.001099
0.006218
0.005891
0.012005
0.015678
0.010678
0.003236
-0.003550
-0.015115
-0.007499
0.002841
0.013404
0.011580
0.014222
0.019166
0.017514
0.012740
0.013766
0.024197
0.031003
0.042480
0.048645
0.043055
0.068484
0.094334
0.096700
0.066906
0.068394
0.062666
0.030076
0.036627
0.034745
0.023892
0.019335
0.034375
0.049651
0.084626
0.127807
0.170415
0.226847
0.264365
0.257841
0.193626
0.161200
0.132090
0.047866
0.038136
0.018249
0.010021
0.011035
0.017922
0.016091
0.023324
0.014770
0.014203
0.000231
-0.012593
0.003049
0.014859
0.008690
0.008017
0.012951
0.016518
0.005575
0.006739
0.017916
0.023179
0.023743
0.022398
0.026403
0.030679
0.044551
0.046057
0.043246
0.033456
0.045605
0.048844
0.034608
0.034561
0.019243
0.014052
0.013726
0.024385
0.024642
0.030521
0.030227
0.026459
0.021540
0.019739
0.012889
0.009390
0.020368
0.026287
0.025166
0.022705
0.002937
0.002606
0.010351
0.016610
0.013807
0.012273
0.016415
0.016362
0.006273
0.007393
0.009899
0.011141
0.016801
0.021452
0.025805
0.029093
0.019710
0.016264
0.020561
0.024371
0.022848
0.023522
0.027921
0.031505
0.027690
0.031362
0.027078
0.025698
0.032478
0.040011
0.034688
0.033047
0.027643
0.018352
0.017480
0.025430
0.022851
0.026786
0.025359
0.024697
0.021800
0.021832
0.019234
0.021832
0.022309
0.028127
0.030115
0.032326
0.024131
0.016151
0.017935
0.027743
0.022765
0.020781
0.024591
0.022641
0.012464
0.014063
0.017279
0.021491
0.022929
0.025500
0.022065
0.020629
0.011022
0.006656
0.009863
0.013823
0.014491
0.012789
0.016814
0.016011
0.018724
0.021515
0.023614
0.022279
0.024835
0.029866
0.029712
0.025848
0.013249
0.009290
0.009733
0.016888
0.009424
0.008307
0.007452
0.014181
0.001493
-0.005245
0.006286
0.011646
0.013136
0.013486
0.014349
0.020895
0.018914
0.003343
0.007315
0.013238
0.008709
0.004938
0.007632
0.005560
0.000113
0.005556
0.004454
0.004889
0.016336
0.022102
0.020438
0.016560
-0.000146
0.001933
0.010262
0.015083
0.008847
0.010427
0.007354
0.009270
0.000208
-0.000093
0.001698
0.006804
0.014841
0.020197
0.012810
0.013004
0.008163
0.003063
0.006349
0.011988
0.010976
0.007910
0.006016
0.005312
-0.003439
-0.006816
0.001822
0.005136
0.006117
0.011440
0.017806
0.017122
0.002958
-0.001526
0.004751
0.015221
0.012935
0.008305
0.007912
0.004433
-0.002565
0.001151
0.010393
0.011255
0.013532
0.017225
0.015637
0.013172
0.003033
0.002297
0.009086
0.012211
0.011728
0.009366
0.001650
0.002067
-0.003596
-0.001984
0.005481
0.014270
0.016646
0.016995
0.026964
0.028293
0.014135
0.006667
0.012613
0.019884
0.028213
0.049937
0.051693
0.060378
0.115139
0.149680
0.156691
0.117143
0.098307
0.078534
0.036717
0.032567
0.016175
0.007413
0.009641
0.017367
0.023496
0.036375
0.028252
0.022017
0.047819
0.058310
0.048626
0.030176
0.047410
0.054951
0.029502
0.024262
0.015437
0.012380
0.014441
0.019372
0.020867
0.027535
0.018161
0.009160
0.004987
0.010373
0.015439
0.017079
0.022763
0.035597
0.032781
0.025262
0.008814
0.013795
0.013918
0.022991
0.028926
0.034186
0.039577
0.034991
0.053960
0.077401
0.082601
0.052668
0.048929
0.052339
0.032713
0.032524
0.024846
0.019476
0.013817
0.020685
0.029374
0.044119
0.040435
0.031090
0.049022
0.047912
0.044694
0.030920
0.039698
0.043936
0.027153
0.027748
0.015804
0.006874
0.009757
0.013676
0.011506
0.010989
0.009409
0.009006
0.001108
-0.006587
-0.002779
0.008658
0.012812
0.014829
0.013013
0.012901
-0.002839
0.001345
0.004774
0.003865
0.021983
0.021268
0.010916
0.008459
-0.006298
-0.035491
-0.058883
