-0.013489
-0.007943
-0.007528
0.017012
-0.018678
-0.015298
0.005317
-0.003219
0.005329
0.000919
0.009183
0.004416
0.016748
0.013359
0.010361
0.020802
0.030200
0.040651
0.056394
0.052490
0.070505
0.095340
0.101209
0.106984
0.152877
0.236930
0.370025
0.506543
0.625245
0.665438
0.685580
0.690248
0.597718
0.484244
0.349806
0.245983
0.203856
0.159472
0.102209
0.098964
0.115770
0.124940
0.126673
0.074535
0.053240
0.048268
0.034049
0.033818
0.043083
0.064261
0.058432
0.049964
0.032058
0.020065
0.019909
0.014855
0.006555
-0.003167
-0.001081
0.012120
0.017109
0.006661
0.001534
0.007699
0.016754
0.018820
0.022590
0.002433
0.001965
0.001097
0.006689
0.011647
0.013033
-0.011635
-0.014634
0.002652
0.009308
-0.010678
-0.008096
0.019666
0.035025
0.027511
0.028337
0.037835
0.044890
0.029177
0.020895
0.026844
0.036009
0.022146
0.012927
0.019131
0.022146
0.006640
0.011321
0.025002
0.040289
0.045427
0.050542
0.043998
0.047580
0.030852
0.025060
0.027522
0.043738
0.040537
0.048626
0.045319
0.043671
0.066163
0.113078
0.120438
0.102139
0.100524
0.112479
0.121371
0.109349
0.082260
0.080087
0.080163
0.070498
0.055068
0.049833
0.041487
0.039641
0.020059
0.012050
0.015501
0.027465
0.038489
0.052618
0.059574
0.054917
0.046729
0.046791
0.047919
0.051775
0.040737
0.033236
0.034242
0.034945
0.024285
0.030084
0.040244
0.047909
0.057466
0.054961
0.045878
0.041251
0.036685
0.032433
0.029577
0.029250
0.013528
0.015466
0.023234
0.030459
0.023341
0.018357
0.028386
0.034722
0.041797
0.042123
0.032760
0.021168
0.014635
0.013725
0.002629
0.006493
-0.002052
-0.003946
0.006154
0.011201
-0.005825
0.004529
0.032509
0.050980
0.044262
0.040573
0.027697
0.031661
0.026000
0.021654
0.031392
0.039931
0.020918
0.010603
0.024491
0.024173
0.016729
0.020163
0.047270
0.037335
0.049230
0.044509
0.034413
0.010073
0.017151
0.014771
-0.003339
-0.008067
-0.017585
-0.011618
-0.000462
-0.000311
-0.007636
-0.006433
0.010892
0.014227
-0.003675
-0.001925
-0.000815
-0.001238
0.004670
0.005857
0.004311
0.010026
0.001096
-0.014563
0.000576
0.001612
-0.008096
-0.005979
0.009127
0.008854
0.004734
0.005303
0.014511
0.014098
0.011533
0.002021
0.000406
-0.000320
-0.010962
-0.006934
0.000408
-0.002292
-0.012720
-0.014988
-0.001203
0.008965
0.012524
0.016382
0.013733
0.013914
0.010417
0.005110
0.001131
0.013370
0.009381
-0.003959
0.012359
0.019464
0.001955
0.000501
0.015365
0.023976
0.032839
0.037994
0.033314
0.019630
0.007815
0.010540
0.018522
0.017310
-0.002963
-0.006408
0.008100
0.012779
0.012721
0.007380
0.013259
0.012928
0.009411
0.010402
-0.010404
-0.011607
0.006493
0.001720
-0.017028
-0.014403
-0.021197
-0.013105
-0.004657
-0.008682
-0.011929
-0.016326
0.009225
0.014228
-0.001799
-0.002086
-0.002776
0.006478
0.002648
0.008458
0.025608
0.047535
0.041122
0.019488
0.030579
0.018045
-0.012032
-0.009056
0.002359
0.008589
0.008001
0.009920
0.012077
0.012095
0.011864
0.010252
0.010305
0.008525
-0.002542
-0.001041
0.012381
0.009904
-0.005001
-0.009369
0.003934
0.011900
0.028468
0.034365
0.017239
0.018496
0.020623
0.010359
-0.002294
0.007529
0.009913
0.007087
0.008376
0.010494
-0.003878
0.006720
0.032126
0.045549
0.050620
0.062479
0.071901
0.074347
0.049532
0.043248
0.041184
0.057960
0.057374
0.046884
0.038562
0.043896
0.031102
0.028906
0.036259
0.040117
0.047957
0.057323
0.057491
0.058819
0.050878
0.041787
0.024024
0.032161
0.034469
0.025354
0.021196
0.028131
0.019343
0.017932
0.024784
0.041775
0.043770
0.048381
0.039933
0.033211
0.019106
0.014700
0.013165
0.013583
0.003019
0.000359
0.006799
0.017947
0.006987
0.006792
0.031829
0.049451
0.055298
0.069042
0.082605
0.090025
0.075322
0.064911
0.043862
0.044219
0.037943
0.031196
0.027036
0.030437
0.026388
0.029984
0.033889
0.038867
0.045153
0.052496
0.047036
0.048279
0.042210
0.034947
0.027303
0.032313
0.032698
0.041279
0.036378
0.042472
0.036799
0.042870
0.044165
0.057922
0.088297
0.120609
0.147044
0.189638
0.232947
0.296241
0.343662
0.427090
0.501432
0.667430
0.808343
0.885267
0.886939
0.873714
0.855702
0.765353
0.659523
0.475749
0.326074
0.289232
0.252966
0.172936
0.139117
0.148671
0.169662
0.190816
0.175057
0.161518
0.184658
0.203881
0.216771
0.199074
0.166683
0.156598
0.150687
0.136500
0.107692
0.085264
0.064442
0.060465
0.057024
0.059764
0.046198
0.044458
0.042935
0.044064
0.041894
0.039676
0.040597
0.047876
0.041260
0.032516
0.021697
0.019619
0.017390
0.018416
0.009783
0.013924
0.015154
0.023878
0.011801
0.005553
0.017428
0.031744
0.036171
0.033649
0.028903
0.021874
0.021007
0.028937
0.026132
0.019173
0.010337
0.004073
0.011280
0.021195
0.005760
-0.002983
0.010994
0.022751
0.028298
0.033611
0.026775
0.022758
0.019979
0.015470
0.019840
0.021675
0.017759
0.002674
0.010940
0.017026
0.004630
0.001939
0.023102
0.031580
0.036209
0.040069
0.031091
0.013716
0.009096
0.000312
0.004015
0.004312
-0.012146
-0.012277
0.008193
0.010581
-0.010888
-0.011071
0.009339
0.018359
0.006085
0.000302
0.003704
-0.001776
-0.001029
0.003340
0.003826
-0.001387
-0.007227
-0.017360
0.005930
0.000143
-0.013249
-0.014609
0.002294
0.010483
0.005202
0.003632
0.011163
0.017648
0.012564
-0.000903
0.005591
0.014167
0.007769
0.000907
0.005208
0.006042
-0.007785
-0.011356
0.008956
0.018404
0.015479
0.016881
0.011645
0.010323
0.005112
0.001997
0.004196
0.009200
-0.000306
-0.000309
0.009670
0.010385
-0.008747
-0.012449
0.004800
0.017454
0.020164
0.019911
0.006961
0.002368
0.012913
0.006195
-0.000729
0.000852
-0.003808
-0.013273
0.000883
0.000291
-0.006228
-0.004866
0.007552
0.012963
0.015128
0.019434
0.014748
0.003656
0.000252
0.001880
0.000948
-0.001135
-0.014362
-0.018564
0.003129
-0.000327
-0.008592
-0.006269
0.010199
0.011032
-0.001180
-0.001418
0.006855
0.005922
0.013445
0.002056
-0.002882
-0.002303
-0.013913
-0.024741
0.000384
0.003808
-0.012631
-0.018079
0.004402
0.007502
0.005339
0.001654
0.007850
0.008919
0.004931
-0.005905
-0.000470
0.004875
-0.006264
-0.007593
0.001226
-0.005171
-0.007410
-0.003615
0.006387
-0.003778
-0.011696
-0.012761
-0.002473
-0.005858
0.001944
-0.008442
-0.008293
-0.012213
-0.019155
-0.021329
0.000540
-0.005034
-0.012953
-0.012273
0.005312
0.012211
-0.000799
-0.004749
-0.001015
0.003123
0.005883
-0.013916
-0.010731
-0.001138
-0.021244
-0.031237
0.000407
0.010003
-0.011313
-0.014271
0.008326
0.022751
0.016217
0.009582
0.003023
0.003785
0.007486
0.001032
-0.000108
0.007471
-0.000303
-0.011996
0.002021
0.005248
0.001651
-0.000074
0.007844
0.012308
0.006019
-0.007649
0.008133
0.003526
0.008788
0.001625
-0.007206
-0.016413
-0.032485
-0.040041
-0.017652
-0.017266
-0.014474
-0.033166
0.010733
0.005697
-0.010846
-0.024280
-0.029212
-0.026186
0.015163
-0.005140
-0.022292
-0.018614
-0.040448
-0.062822
-0.027487
-0.033982
-0.043701
-0.057024
0.008530
-0.000581
-0.017036
-0.037086
-0.028156
-0.021706
0.002936
-0.007769
-0.001301
0.009861
-0.017425
-0.040641
-0.002649
-0.010751
-0.029076
-0.028547
0.004982
0.014283
-0.000442
-0.009586
0.005436
0.013800
0.012954
-0.001780
0.005221
0.011217
-0.008857
-0.024692
0.004060
0.007436
-0.000173
-0.004234
0.002771
0.003957
0.008353
0.012608
0.018243
0.019007
0.020159
0.004623
-0.000390
0.000428
-0.007125
-0.000561
0.009419
-0.003839
-0.015130
-0.017068
-0.000817
0.004488
0.008209
0.005142
0.012457
0.009156
0.009008
0.007458
0.005029
0.001166
0.000966
0.001277
0.011107
0.003348
-0.008643
-0.006283
0.010359
0.016280
0.009904
0.002736
0.011540
0.013073
0.010072
-0.003803
-0.001104
0.004818
-0.017033
-0.026751
-0.005342
-0.000468
-0.009540
-0.012288
-0.000266
0.008220
-0.002243
-0.003172
0.007663
0.007565
0.012272
0.000166
-0.004956
-0.001329
-0.011618
-0.014143
0.000884
0.000644
-0.013786
-0.014550
0.005073
0.011049
0.000284
-0.005051
0.000833
0.005417
0.002369
-0.006865
-0.003413
0.010039
-0.008889
-0.017214
0.007779
0.006355
-0.018819
-0.010375
0.015250
0.026054
0.013807
0.019055
0.015821
0.010950
0.001535
-0.000135
0.005570
0.011779
-0.001342
-0.002123
0.004343
0.005387
-0.003281
0.004371
0.047356
0.062659
0.066001
0.047412
0.041569
0.043828
0.059260
0.041290
0.026166
0.009628
0.001855
-0.000713
0.010921
0.003623
0.031438
0.001504
0.010223
-0.013296
-0.005927
-0.028340
-0.039376
-0.034872
0.008730
-0.034783
-0.052718
-0.012883
-0.050001
-0.069803
-0.020029
-0.039235
-0.026608
-0.043318
-0.002749
-0.013430
-0.036065
-0.050251
-0.028958
-0.020719
-0.009373
-0.031288
-0.032920
0.000352
-0.018347
-0.041216
-0.012306
-0.022260
-0.033120
-0.023599
0.010935
0.005376
-0.000978
-0.000636
0.018524
0.018695
0.019019
0.003836
0.003104
0.007497
-0.004651
-0.015035
0.008469
0.012721
-0.001565
-0.007713
0.017573
0.024603
0.012443
0.002841
-0.004906
0.001378
0.016929
0.006089
0.002241
0.001675
-0.021110
-0.028168
-0.005603
-0.003033
-0.010570
-0.028723
-0.010283
-0.010440
-0.017193
-0.031998
-0.005842
0.000328
0.011226
-0.015269
-0.010757
-0.003172
-0.024947
-0.034760
-0.002318
-0.008196
-0.015684
-0.013707
0.010376
0.004604
-0.010461
-0.010140
-0.002182
-0.002602
0.006920
-0.003109
-0.008107
-0.002609
-0.027621
-0.031392
-0.005226
-0.006059
-0.022405
-0.029872
-0.007398
0.003689
0.005762
0.001440
0.000442
-0.003937
-0.010118
-0.018345
-0.009227
0.004831
-0.009871
-0.020048
0.001093
0.003336
-0.015926
-0.013115
0.008643
0.025864
0.025003
0.014893
0.014545
0.012957
0.010109
0.000477
0.000986
0.002074
-0.014684
-0.026660
0.005869
0.009399
-0.006434
-0.007768
0.008941
0.012781
0.001339
-0.008201
-0.013181
-0.006365
0.003303
-0.010140
-0.005892
0.004687
-0.027677
-0.042621
-0.014098
-0.007593
-0.005565
-0.016820
0.006783
0.004771
-0.008658
-0.020753
-0.013159
-0.014338
-0.003101
-0.015113
-0.011743
-0.005668
-0.022481
-0.032682
-0.008526
-0.015262
-0.018366
-0.016950
-0.000061
-0.007909
-0.019841
-0.016606
-0.001694
-0.008704
0.001797
-0.001145
-0.004873
-0.001389
-0.019524
-0.022633
-0.006391
-0.007018
-0.022629
-0.020007
0.002265
0.013658
0.008383
-0.000569
0.004004
0.010029
0.011623
-0.001643
-0.007887
0.005960
-0.002644
-0.015013
-0.001943
0.000945
-0.014545
-0.016889
0.001039
0.009340
0.001342
0.001353
0.009944
0.010856
0.013703
0.005516
0.001579
-0.000053
-0.007367
-0.011905
-0.002587
-0.003896
-0.014805
-0.016705
0.002604
0.007253
0.007229
0.004456
0.005194
-0.000151
0.004652
-0.004657
-0.000968
0.000222
-0.010301
-0.014238
-0.001394
-0.000011
0.001433
-0.007348
0.000002
0.003301
0.000186
-0.004209
0.001387
0.001633
0.010123
-0.011341
-0.010512
0.000692
-0.011937
-0.023627
-0.003286
-0.007393
-0.013606
-0.012921
-0.005164
-0.005108
-0.014184
-0.014976
0.005387
0.013934
0.019402
0.002461
-0.003573
-0.000444
-0.012372
-0.019055
0.006298
-0.002459
-0.014786
-0.015760
0.004563
0.002030
-0.002496
0.010171
0.007648
0.001511
0.007324
0.001578
0.003406
0.007348
0.004530
-0.005968
0.006595
0.001469
-0.018318
-0.010958
0.013065
0.021612
0.021684
0.016556
0.009914
0.006538
0.007863
0.003798
-0.002595
-0.005519
-0.017567
-0.022625
0.005146
0.001856
-0.009670
-0.006794
0.005773
0.007793
0.007538
0.005713
-0.000843
-0.005215
-0.000130
-0.014170
-0.008697
0.003185
-0.005500
-0.021872
-0.004143
-0.001625
-0.013096
-0.013751
0.004852
0.005430
-0.002216
-0.000862
0.005340
-0.000448
-0.001142
-0.001883
-0.001329
-0.004435
-0.020175
-0.019914
-0.005938
-0.008833
-0.022925
-0.020052
-0.000412
0.008047
0.005981
0.001006
-0.000151
0.003272
0.002927
-0.004971
0.001845
0.004722
-0.005948
-0.016910
0.000738
0.001048
-0.009991
-0.014269
0.001289
0.008151
0.002656
0.007322
-0.000499
0.001087
0.008138
-0.004378
-0.004058
-0.000927
-0.010737
-0.019052
-0.002374
0.001263
-0.015129
-0.014746
0.003676
0.017223
0.013481
0.012019
0.010444
0.007132
-0.001366
0.000064
0.003586
0.005059
-0.003739
-0.011849
-0.000765
0.001467
-0.002824
-0.009210
-0.000067
0.006104
0.006457
0.000258
0.003443
0.004503
0.008110
0.001978
0.004355
0.008235
-0.002492
-0.000702
0.007242
-0.006548
-0.015199
-0.012847
0.005714
0.006987
0.004220
0.007439
0.016173
0.016346
0.013866
0.001658
0.002806
0.006884
-0.000722
-0.013695
0.002763
0.002461
-0.012681
-0.015426
0.003851
0.018192
0.018084
0.014055
0.011764
0.015031
0.011205
0.007623
0.011879
0.015490
0.011004
0.005135
0.013212
0.013868
-0.003347
-0.003138
0.015375
0.025076
0.028938
0.021731
0.017150
0.016763
0.016814
0.002076
-0.001759
-0.003411
-0.011984
-0.013693
0.007059
0.002193
-0.003226
-0.004587
0.011185
0.012827
0.019596
-0.012009
-0.013948
-0.014513
0.014749
-0.013314
-0.028720
-0.020084
-0.049331
-0.072520
-0.021763
-0.032781
0.012716
-0.040805
0.000923
-0.070911
-0.046741
-0.131093
-0.114611
-0.083810
-0.060156
-0.137566
-0.121408
-0.059578
-0.103332
-0.144000
-0.063953
-0.117313
-0.066886
-0.112195
-0.006658
-0.073418
-0.086218
-0.152185
-0.075514
-0.071625
-0.045444
-0.071796
-0.043617
-0.011445
-0.052504
-0.077062
-0.023825
-0.062506
-0.097297
-0.087597
-0.000504
-0.001481
-0.023395
-0.033274
-0.002213
-0.005980
0.004175
-0.008651
-0.007151
0.000531
-0.012642
-0.021174
-0.002542
-0.007503
-0.025833
-0.018015
0.010418
0.020287
0.026252
0.025421
0.015028
0.014863
0.016800
0.004281
0.002530
0.004243
-0.005410
-0.013086
0.000641
0.004824
0.001602
-0.005013
0.004621
0.008695
0.002428
0.006500
0.019073
0.015141
0.002858
-0.010159
0.000577
0.005581
-0.000961
-0.003262
0.004493
-0.000063
-0.014468
-0.015901
0.004766
0.014181
0.014718
0.012981
0.008653
0.014469
0.017405
0.004715
-0.000801
0.005557
-0.008379
-0.011250
0.005882
0.007310
-0.006246
-0.010925
-0.000849
0.011297
0.004769
-0.001493
-0.005805
0.000143
-0.001485
-0.017558
-0.017662
-0.006278
-0.020919
-0.029014
-0.007760
-0.004428
-0.020630
-0.015163
0.008425
0.016622
0.005179
0.007619
0.003144
-0.001559
0.006802
0.006303
-0.000725
-0.000835
-0.008754
-0.013727
0.003320
0.005170
-0.011597
-0.012615
0.010817
0.018205
0.007781
0.005001
0.005352
0.012297
0.014299
-0.001236
-0.003966
-0.000532
-0.015343
-0.018637
0.005377
0.005898
-0.005752
-0.006599
0.013120
0.017710
0.010374
0.004348
-0.010225
-0.008598
0.006856
-0.005183
-0.010198
-0.004946
-0.015514
-0.024138
-0.002274
-0.001538
-0.021454
-0.027680
0.001264
0.013855
0.004014
-0.000094
-0.005765
-0.000833
0.013177
-0.001916
-0.003006
-0.000184
-0.011883
-0.018538
-0.000884
-0.003973
-0.015538
-0.016837
0.006844
0.007724
-0.005243
-0.007121
-0.000160
-0.003329
0.011553
-0.006144
-0.015852
-0.009023
-0.020246
-0.029760
-0.003105
-0.001625
-0.002645
-0.006592
0.004177
0.002059
-0.002843
-0.007649
-0.007342
0.000287
0.017972
-0.003274
-0.005353
-0.004486
-0.012701
-0.024323
0.001573
0.002739
-0.004513
-0.012341
-0.005248
0.006207
0.007236
0.000890
0.001718
0.001505
0.007225
-0.008173
-0.007076
-0.002972
-0.017160
-0.032352
-0.007357
-0.001071
-0.011399
-0.018989
0.001729
0.004826
-0.004659
-0.009926
0.008703
0.010877
0.001219
-0.009350
-0.007419
0.001895
-0.010456
-0.021995
-0.000360
0.000229
-0.018729
-0.015411
0.005164
0.012111
0.002873
-0.004013
0.008520
0.013244
0.006013
-0.004895
-0.000452
0.003317
-0.006893
-0.018630
0.003476
0.003008
-0.004864
-0.004188
0.007690
0.016558
0.026736
0.027565
0.021939
0.015060
0.006813
0.002410
-0.000214
-0.001351
-0.007172
-0.013677
0.000630
-0.006183
-0.011286
-0.006431
0.003577
0.008023
0.003550
0.004126
0.013433
0.010165
0.007447
0.001449
0.004651
0.005972
-0.009683
-0.010351
0.004919
0.002686
-0.015600
-0.017296
-0.003312
0.007551
0.009239
0.000790
0.000651
0.007533
-0.001299
-0.006026
0.001035
0.003140
-0.007691
-0.014725
-0.001535
0.004201
-0.011932
-0.013702
0.004976
0.022065
0.020809
0.007908
0.000424
0.010175
0.005282
-0.008850
0.000088
0.004546
-0.006090
-0.011499
-0.011845
-0.010016
-0.016027
-0.015221
-0.000980
0.012087
0.009955
0.008527
0.013289
0.014633
0.004633
0.001685
0.009891
0.012613
0.005713
0.000152
0.000959
0.006574
-0.005517
-0.012529
0.001822
0.010655
0.006168
0.008768
0.008233
0.006425
-0.001862
-0.012801
0.002240
0.006161
-0.011827
-0.018103
-0.005215
0.001371
0.000169
-0.007576
0.001206
0.009299
0.009463
0.002681
0.005728
0.008108
0.011644
0.007423
0.005636
0.010575
-0.003053
-0.008764
0.003871
0.001198
-0.011258
-0.006584
0.010663
0.016772
0.007198
0.005689
0.005843
0.006249
0.011624
-0.001996
-0.005614
-0.003585
-0.008517
-0.016876
-0.003390
0.003342
-0.008929
-0.014763
0.005897
0.014759
0.003935
-0.000787
-0.001232
0.002729
0.005558
-0.004937
-0.008985
-0.000105
-0.012009
-0.018052
-0.001098
-0.004341
-0.017406
-0.016691
0.002944
0.011553
0.009077
0.013575
0.008723
0.005671
0.003640
-0.004342
-0.008823
-0.002016
-0.011507
-0.015577
0.001729
0.004574
-0.014329
-0.016604
-0.001009
0.013039
0.010716
0.011622
0.006947
0.005002
-0.006085
-0.002194
0.002560
0.006426
-0.004107
-0.009952
-0.002124
0.004536
0.002132
-0.010103
-0.000098
0.008471
0.015025
0.017813
0.011397
0.006668
0.014246
0.008942
0.005821
0.005754
-0.003324
-0.009411
0.004300
-0.002366
-0.012501
-0.018088
-0.001871
0.003248
0.008718
0.007793
0.004152
0.002196
0.002930
-0.011351
-0.008160
-0.002632
-0.008539
-0.012425
-0.000692
-0.005689
-0.005356
-0.010768
-0.008152
-0.009947
-0.005181
-0.004358
0.014927
0.015972
0.014795
-0.002099
0.000083
0.005644
-0.012436
-0.012902
-0.000618
-0.001157
-0.007807
-0.019437
-0.002452
-0.002792
-0.014484
-0.015318
-0.006622
0.001954
0.010019
-0.017874
-0.011251
0.003784
-0.015381
-0.020773
-0.015081
-0.010182
-0.013351
-0.019692
0.004807
0.010768
-0.003690
-0.007623
0.003881
0.011249
0.014887
-0.005261
-0.001769
0.003902
-0.003930
-0.015147
-0.000751
0.004426
-0.013560
-0.018060
0.009808
0.021474
0.008821
0.004174
0.000635
0.002475
0.002629
-0.006624
-0.001900
-0.000302
-0.017373
-0.022475
-0.002930
0.001705
-0.008533
-0.013850
0.005349
0.016475
0.008162
0.005827
0.006047
0.006079
-0.001251
-0.007207
-0.001040
-0.001237
-0.019854
-0.030991
-0.005051
0.002693
-0.013971
-0.019920
0.001943
0.008376
-0.007022
-0.012073
-0.005450
0.000815
0.001469
-0.012533
-0.011530
-0.001360
-0.011423
-0.025587
0.001692
-0.000982
-0.000216
-0.000931
-0.001433
-0.004292
0.004683
0.017585
0.012344
0.009867
0.019269
0.008164
0.003309
0.007394
0.000278
0.000327
0.015802
0.002303
-0.013180
-0.011538
0.013042
0.017128
0.016060
0.015116
0.018452
0.007640
0.004298
0.002329
0.009672
0.002612
-0.007572
-0.010503
0.000748
-0.004740
-0.006828
-0.006649
0.010602
0.003846
-0.003165
-0.012308
0.002486
0.002813
0.005505
-0.005536
0.000207
-0.000014
-0.015829
-0.016957
-0.001272
-0.003318
-0.019632
-0.016423
0.015919
0.019824
0.004671
0.002197
0.004505
0.005445
0.012992
0.004928
-0.000400
0.001943
-0.009842
-0.013531
0.002314
-0.002042
-0.017544
-0.010336
0.010100
0.019659
0.021648
0.023142
0.020988
0.014361
0.011665
0.006555
0.000532
0.002029
-0.004563
-0.005460
-0.000924
-0.004419
-0.013970
-0.011764
0.002612
0.010441
0.005290
0.000806
0.009190
0.009524
0.008024
0.003315
-0.000662
-0.001317
-0.004079
-0.008952
0.001384
0.002465
0.004069
-0.006436
0.001214
0.005275
0.002012
-0.002988
0.000870
-0.001119
0.002287
-0.010482
-0.007457
-0.008062
-0.025076
-0.023795
-0.003520
-0.004984
-0.013675
-0.024121
0.005036
0.012322
-0.000851
-0.003925
-0.010288
-0.007495
0.002995
-0.000581
0.001135
0.002504
-0.010516
-0.016396
-0.008841
-0.005347
-0.013624
-0.016466
0.004837
0.015212
0.010074
0.003983
0.007511
0.002433
0.003934
0.000769
0.002389
-0.003350
-0.015076
-0.020603
-0.003147
0.009720
0.004571
-0.004936
0.006584
0.025331
0.018966
0.013341
-0.003659
0.001854
0.005026
-0.012197
-0.012742
0.000597
-0.025512
-0.037026
-0.006828
-0.003566
-0.024767
-0.019115
-0.003849
0.008846
0.002034
-0.007659
-0.003069
0.010410
0.009497
-0.000844
0.004614
0.013984
0.017844
0.010081
0.006755
0.006401
-0.019998
-0.050574
-0.059017
