-0.013916
-0.000790
0.009835
0.033647
0.025875
0.051414
0.085555
0.070533
0.088867
0.126456
0.202498
0.265700
0.339845
0.392418
0.427516
0.434424
0.384347
0.308909
0.273766
0.251442
0.247556
0.253485
0.250871
0.229354
0.221710
0.248398
0.305015
0.334296
0.402735
0.450551
0.456324
0.446108
0.392349
0.314959
0.256509
0.221554
0.209838
0.178016
0.147850
0.122405
0.105603
0.089442
0.080385
0.055112
0.054252
0.045123
0.024095
0.018524
0.025295
0.031482
0.041369
0.035941
0.039341
0.028840
0.033011
0.028277
0.029875
0.022384
0.022531
0.025918
0.032354
0.029808
0.036867
0.038048
0.043918
0.051110
0.061291
0.061162
0.070744
0.065168
0.067925
0.061849
0.068918
0.067798
0.069328
0.062225
0.057038
0.059391
0.079836
0.083647
0.074543
0.073223
0.076879
0.059541
0.062656
0.056095
0.049388
0.035700
0.041787
0.042212
0.047115
0.041476
0.041725
0.068076
0.092336
0.102384
0.083921
0.069574
0.063728
0.051188
0.052492
0.041561
0.025116
0.019571
0.023708
0.018864
0.020355
0.015186
0.021574
0.016336
0.008683
0.013212
0.025046
0.024835
0.029090
0.029766
0.034636
0.031728
0.038879
0.033127
0.030795
0.017298
0.012364
0.020194
0.033664
0.021475
0.009662
0.023810
0.039090
0.044649
0.046243
0.034720
0.042078
0.042060
0.033513
0.018974
0.028448
0.015981
0.012020
0.024446
0.036526
0.018651
0.021180
0.038686
0.050314
0.050425
0.054557
0.051458
0.061327
0.054493
0.050653
0.047847
0.053781
0.054372
0.080075
0.095378
0.113874
0.142842
0.179516
0.194869
0.163319
0.120182
0.103465
0.088283
0.082522
0.069915
0.061675
0.049987
0.046713
0.046121
0.052286
0.049089
0.050159
0.043662
0.029970
0.017407
0.020211
0.028184
0.036377
0.028360
0.030893
0.025422
0.025465
0.023678
0.025877
0.026314
0.028803
0.030200
0.033163
0.034220
0.043867
0.035982
0.028702
0.030009
0.032975
0.034109
0.025878
0.014895
0.016344
0.018720
0.022564
0.017527
0.016758
0.013063
0.017808
0.012065
0.001251
0.005876
0.013074
0.013558
0.014980
0.014034
0.015361
0.005192
-0.006404
0.005735
0.013889
0.002075
0.001353
0.000330
0.006109
-0.003590
-0.007282
0.004402
0.015930
0.010156
0.005627
0.008761
0.010562
0.003227
-0.003498
0.005425
0.010213
0.007625
-0.001385
0.004856
0.012430
0.005948
-0.002947
0.010478
0.021988
0.023843
0.022442
0.014523
0.009722
0.002002
-0.000001
0.008634
0.010979
0.004094
-0.000638
0.000379
-0.001963
-0.009454
-0.007656
0.002720
0.007722
0.006182
0.000029
0.003905
0.010303
0.003732
-0.004136
0.001211
0.005969
0.001131
-0.000036
0.004701
0.000595
-0.013580
-0.009861
0.003230
0.009569
0.008409
0.014359
0.019369
0.030786
0.021417
0.016605
0.014628
0.023437
0.016657
0.013281
0.016033
0.022619
0.015019
0.018793
0.026931
0.032907
0.030094
0.034758
0.043638
0.050908
0.038936
0.050546
0.048941
0.043592
0.034876
0.032714
0.026716
0.029020
0.028762
0.035716
0.022781
0.022549
0.031366
0.035776
0.035659
0.027052
0.010063
0.009969
0.020203
0.028612
0.017544
0.022280
0.025299
0.017184
0.013529
0.013652
0.014138
0.006480
0.005611
0.014374
0.019859
0.004253
-0.002966
0.000594
0.002328
0.000880
-0.013451
-0.008103
-0.000622
-0.001981
-0.012365
-0.011968
0.008111
0.010698
-0.004108
-0.005698
-0.011075
-0.005016
0.009000
0.000969
-0.006812
0.003494
-0.015323
-0.023894
0.011152
0.006531
-0.012798
-0.010225
0.021277
0.032243
0.013009
0.002637
-0.000731
0.008716
0.011929
0.009710
0.007576
0.021373
-0.005591
-0.017150
0.017869
0.017220
-0.011641
-0.014976
0.007476
0.012025
-0.002695
0.000822
0.001270
0.014271
0.015163
0.006066
-0.000684
0.010362
-0.001421
-0.014875
0.003634
0.006918
-0.001333
-0.002673
0.004721
0.008963
0.015515
0.031191
0.017337
0.023495
0.027537
0.018053
0.014466
0.024384
0.007659
0.005739
0.021513
0.021386
-0.007100
-0.003394
0.013104
0.027090
0.024520
0.026780
0.021507
0.021849
0.006599
0.005816
0.011324
0.016571
0.006984
0.007885
0.010592
0.024508
0.011750
0.006797
0.018571
0.043481
0.068139
0.092444
0.104284
0.150362
0.212492
0.275405
0.329313
0.399029
0.472866
0.616978
0.758924
0.848464
0.845674
0.831868
0.805173
0.698285
0.573130
0.405069
0.287031
0.243308
0.195044
0.143772
0.134418
0.131832
0.141009
0.142559
0.083917
0.056124
0.037004
0.015771
0.017020
0.028546
0.045030
0.056748
0.058640
0.052242
0.043002
0.038321
0.027112
0.030183
0.031890
0.024073
0.020725
0.028471
0.010627
0.005319
0.020899
0.040177
0.050012
0.057109
0.040338
0.032750
0.018445
0.016088
0.016495
0.029124
0.019716
0.014184
0.016556
0.025730
0.010515
0.012713
0.029299
0.043938
0.049649
0.050759
0.048963
0.037397
0.018717
0.023268
0.016913
0.025129
0.017762
0.007401
0.010826
0.022301
-0.000994
-0.002328
0.016317
0.033187
0.028610
0.030382
0.025866
0.027951
0.020860
0.022591
0.022398
0.029504
0.017506
0.012692
0.012472
0.024325
0.022447
0.026790
0.036157
0.042766
0.037991
0.040856
0.036129
0.030838
0.026539
0.023005
0.018809
0.014843
0.003049
0.000964
0.012416
0.016626
0.000323
0.006449
0.024968
0.036563
0.038529
0.027942
0.023276
0.021778
0.012804
0.007642
0.017848
0.022091
0.000569
-0.005793
0.012390
0.015936
0.002777
-0.012645
0.001326
0.011841
-0.003537
-0.002204
0.001445
0.009492
0.010704
-0.005349
-0.000162
0.006128
-0.006293
-0.015357
-0.001426
-0.004628
-0.021594
-0.021081
-0.001245
0.009011
0.009922
0.011842
0.009577
0.008516
0.001257
-0.002166
0.002514
0.005872
0.002981
-0.004017
-0.003060
-0.000191
-0.006852
-0.008946
0.001120
0.008976
0.011790
0.016705
0.016236
0.007129
0.000894
0.003677
0.007537
0.007997
0.002731
0.000526
0.002790
0.004736
-0.005019
-0.012021
0.002868
0.010107
0.005543
0.005264
-0.001678
0.004122
0.005799
-0.008929
-0.000882
0.008224
-0.000848
-0.006282
-0.003910
-0.004226
-0.016168
-0.014915
-0.000803
0.009640
0.010361
0.009753
0.008476
0.012439
0.007239
0.006588
0.009076
0.012629
0.002735
-0.003898
-0.002860
0.007718
-0.000412
-0.007693
0.003337
0.016988
0.015614
0.013709
0.005028
0.009235
0.001964
-0.007063
-0.001114
0.006162
0.001066
-0.006243
0.002782
0.003079
-0.006417
-0.009557
-0.000787
0.006335
0.004648
0.006377
0.006216
0.007399
-0.004558
-0.007185
0.001239
0.008682
0.002701
-0.004953
-0.001895
0.004598
-0.007577
-0.015517
0.003984
0.015542
0.017649
0.017468
0.010874
0.011836
0.008302
0.000443
0.005807
0.008459
0.005338
0.001458
0.002934
0.000805
-0.005047
-0.007141
0.004041
0.010257
0.019604
0.018810
0.013405
0.006863
0.005428
-0.001192
0.005863
0.008708
-0.000326
-0.001479
0.010168
0.011583
-0.000130
-0.004757
0.012355
0.014914
0.018820
0.021764
0.018079
0.007334
0.009421
0.009889
0.010621
0.008149
-0.001165
-0.006938
0.010426
0.010629
-0.010407
-0.008881
0.010396
0.018213
0.011820
0.020094
0.019106
0.020570
0.013567
0.007998
0.012333
0.016697
-0.002433
-0.001384
0.015428
0.013047
-0.004053
-0.005883
0.009656
0.009283
0.000833
0.007416
0.002325
0.007193
0.004048
-0.004657
0.000594
0.006719
-0.002916
-0.007413
-0.001778
0.009544
-0.009160
-0.015762
0.009388
0.024592
0.015707
0.010788
0.007048
0.017656
0.010657
-0.009258
-0.001901
0.007689
-0.003606
-0.011455
-0.004209
-0.002390
-0.012278
-0.014363
-0.002263
0.003667
0.001534
0.003922
0.009309
0.011840
0.001256
-0.004648
0.005849
0.008365
-0.000084
-0.009070
0.000047
0.002476
-0.010375
-0.013923
0.000311
0.009125
0.008675
0.007420
0.002737
0.009360
0.001487
-0.006957
0.001928
0.009162
0.001923
-0.003283
-0.002737
0.003476
-0.004587
-0.009285
0.001977
0.010129
0.016226
0.014646
0.007763
0.010281
0.008260
0.005112
0.008279
0.013649
0.004873
0.001072
0.002495
0.015603
0.007032
-0.002151
0.003952
0.015964
0.019902
0.019033
0.013090
0.015128
0.006992
0.001257
0.006009
0.012800
0.011486
0.000785
0.000488
0.006308
0.001601
0.003340
0.012926
0.017207
0.014350
0.023641
0.026135
0.021772
0.014813
0.013241
0.011405
0.009342
0.006298
0.005298
0.006805
0.011855
0.001444
-0.002178
0.017020
0.034691
0.032679
0.032213
0.032913
0.041339
0.031690
0.023812
0.020220
0.023988
0.012263
0.011058
0.012170
0.020768
0.008183
0.002878
0.014838
0.023748
0.026316
0.034299
0.036476
0.034769
0.029685
0.034103
0.039375
0.042319
0.019674
0.019820
0.021516
0.032534
0.019197
0.011590
0.016692
0.024488
0.017570
0.018083
0.007673
0.012858
0.018511
0.006527
-0.002795
0.009179
0.000648
-0.003105
0.006431
0.005429
-0.001418
0.000423
0.009437
0.011699
0.011362
0.016072
0.017945
0.014218
0.014263
0.009844
0.012202
0.011345
0.012478
0.012890
0.007734
-0.001455
-0.005423
0.003678
0.010648
0.014034
0.022422
0.023392
0.019457
0.016840
0.007954
0.004252
0.006413
0.008924
0.007560
0.007215
0.002911
0.010933
0.002110
-0.007234
0.000570
0.011353
0.004585
0.008479
0.011189
0.014640
0.000724
-0.003348
0.005407
0.011265
0.005014
-0.005607
-0.000350
0.009476
-0.001311
-0.006383
-0.001534
0.008628
0.013552
0.014158
0.009912
0.010802
0.001836
0.003510
0.006680
0.010602
0.008181
0.009528
0.005932
0.012395
0.007932
0.005582
0.005203
0.011963
0.014103
0.012206
0.011993
0.012516
0.003399
-0.000377
0.007607
0.012982
0.004235
0.004077
0.005443
0.014624
-0.002353
-0.009913
0.004145
0.018902
0.012178
0.008479
0.004781
0.010966
0.000188
-0.003356
0.008876
0.018679
0.002158
-0.006773
-0.000383
0.003604
-0.009566
-0.016104
-0.001494
0.004439
0.000828
-0.000732
0.006963
0.010626
-0.002476
-0.004553
0.004865
0.008183
0.007451
0.002747
0.003044
0.006279
0.014936
0.013567
0.010485
0.008061
0.018600
0.018601
0.013881
0.004790
0.004942
0.007540
0.008178
0.004296
0.002654
0.003866
0.003760
0.009007
0.001289
-0.009826
0.002422
0.014571
0.016095
0.014630
0.012533
0.016350
0.003655
-0.003244
0.007404
0.015122
0.006415
0.000698
0.003015
0.008435
-0.004935
-0.006898
0.007685
0.016122
0.015734
0.016483
0.014572
0.012143
0.000425
-0.001528
0.006398
0.012590
0.006775
-0.001483
0.001052
0.006162
-0.001321
0.000949
0.009717
0.017419
0.019122
0.021881
0.021906
0.018737
0.001929
-0.004768
0.007004
0.014091
0.004357
-0.001008
0.001265
0.007040
0.001311
-0.003423
0.005212
0.015852
0.021158
0.022922
0.015705
0.015873
0.012484
0.009742
0.006781
0.012583
0.003981
-0.000586
0.002742
0.008219
-0.001995
-0.002955
0.003206
0.014244
0.017614
0.016557
0.014317
0.018291
0.008984
0.006018
0.011147
0.011527
0.006137
0.001573
-0.000536
0.004980
0.000081
-0.004260
0.001082
0.009757
0.011743
0.015070
0.016536
0.018934
0.005535
0.005166
0.013691
0.018764
0.006917
0.004603
0.012604
0.018039
0.003064
-0.001445
0.005609
0.015359
0.016077
0.013838
0.012242
0.014860
0.008650
0.007304
0.004284
0.013243
0.007945
0.003275
0.003268
0.007571
0.000404
-0.003699
0.004488
0.011635
0.014916
0.019923
0.020774
0.018423
0.006047
0.004985
0.007621
0.013862
0.007865
0.003480
0.001931
0.003487
-0.002439
-0.003498
0.002044
0.006975
0.016619
0.017844
0.012775
0.008598
0.001640
-0.004671
0.003222
0.008791
0.002683
-0.000979
-0.000508
0.004943
-0.006378
-0.008088
0.010137
0.021987
0.018419
0.015023
0.012942
0.010152
0.001330
0.006503
0.010082
0.011184
0.000652
-0.005042
0.002013
0.008383
-0.007642
-0.011196
0.004494
0.017290
0.016593
0.012235
0.007077
0.015839
0.014603
0.006156
0.007728
0.012901
0.004532
0.001733
0.006141
0.010546
0.001421
-0.004542
0.005626
0.017495
0.020011
0.015049
0.009604
0.014887
0.005319
-0.000935
0.010402
0.015587
0.002901
-0.003749
0.003395
0.012570
0.000813
-0.000928
0.014891
0.025047
0.011413
0.013196
0.012857
0.012916
0.003310
0.001126
0.004678
0.009370
0.001456
-0.003722
0.003543
0.011667
-0.002388
-0.007422
0.008602
0.015502
0.014131
0.015701
0.018521
0.017357
0.008052
-0.001497
0.003694
0.010769
0.002923
-0.004183
-0.001022
0.003472
-0.007292
-0.008797
0.005776
0.019035
0.019108
0.019706
0.018157
0.016612
0.003404
-0.001895
0.011536
0.013868
0.001715
-0.008764
-0.000248
0.004629
-0.005249
-0.009173
0.004422
0.015659
0.019208
0.019908
0.013837
0.006847
0.008418
0.006374
0.008147
0.006171
-0.001103
-0.003691
0.003651
0.000428
-0.004885
-0.001109
0.011192
0.012025
0.016932
0.009816
0.008239
0.003025
0.005894
-0.000455
-0.004630
-0.008846
-0.019309
-0.020546
-0.000158
-0.007351
-0.011690
-0.010297
0.007770
0.003790
-0.004421
-0.009294
-0.004646
0.001024
0.003685
-0.005242
-0.002739
0.012544
-0.001917
-0.009716
0.016223
0.003164
-0.028412
-0.011266
0.016293
0.027322
0.028228
0.038252
0.041934
0.046059
0.047397
0.060829
0.058642
0.063391
0.052171
0.037322
0.036667
0.039528
0.032336
0.031518
0.039665
0.044255
0.043560
0.048568
0.042555
0.037031
0.028401
0.026996
0.026286
0.030014
0.022626
0.026057
0.016968
0.022305
0.020377
0.016137
0.019072
0.029559
0.030280
0.032653
0.030679
0.029276
0.022205
0.016711
0.017798
0.018480
0.013623
0.012127
0.010906
0.015177
0.009710
0.005708
0.004293
0.011857
0.015693
0.012007
0.013221
0.012382
0.003889
0.001379
0.007594
0.008839
0.003008
0.004527
0.003321
0.005729
-0.006449
-0.014155
-0.005551
0.005653
0.005584
0.004984
0.002938
0.008778
-0.001874
-0.011730
0.001734
0.006489
-0.003058
-0.005375
-0.001089
-0.001004
-0.009253
-0.009907
0.005663
0.011831
0.011713
0.011272
0.017095
0.015455
0.006898
0.004021
0.008878
0.011589
0.006169
-0.001408
0.001668
0.005364
-0.005973
-0.010893
0.001904
0.009757
0.007955
0.010595
0.006333
0.004322
-0.002054
-0.004060
0.000611
0.003479
-0.004873
-0.009282
-0.002263
0.003296
-0.007858
-0.012110
0.001541
0.014336
0.014254
0.010563
0.010535
0.014187
0.004963
0.002963
0.009422
0.013875
0.008291
-0.001397
-0.000343
0.005575
0.002013
-0.003302
-0.002522
0.006102
0.014170
0.018593
0.013393
0.015442
0.007184
0.004065
0.013283
0.024065
0.017685
0.017688
0.023999
0.017162
0.017452
0.021310
0.019500
0.009062
0.010570
0.017087
0.022595
0.024292
0.009501
-0.004075
0.008343
0.018217
0.013849
0.012251
0.017060
0.015700
-0.001574
-0.005496
0.007312
0.014809
0.020635
0.021927
0.017763
0.014170
0.009196
0.001862
0.005142
0.012230
0.009276
0.002372
0.006215
0.006344
-0.003949
-0.003043
0.007642
0.015641
0.015797
0.014821
0.014093
0.013434
0.004357
-0.002300
0.002017
0.008114
0.000279
-0.001318
0.004184
0.003063
-0.015623
-0.015644
0.003956
0.012158
0.007551
0.010084
0.010582
0.012503
0.005994
0.002630
0.004634
0.011482
0.007887
0.003094
0.002529
0.005030
-0.002002
-0.003975
-0.001061
0.009076
0.016435
0.012869
0.008344
0.004956
0.001657
0.004902
0.006803
0.009197
0.006111
0.001722
0.001094
0.006327
0.004303
0.001272
-0.000516
0.006848
0.015123
0.020325
0.013389
0.011476
0.011864
0.013895
0.010357
0.009015
0.002583
0.002437
-0.004859
0.002879
0.002088
-0.003112
0.001008
0.009858
0.014017
0.017519
0.010820
0.011096
0.006616
0.004325
0.007577
0.012968
0.006703
0.004724
0.005823
0.011052
0.006551
0.005815
0.007398
0.016161
0.022942
0.018521
0.007152
0.010697
0.007943
0.007545
0.008461
0.014004
0.003737
-0.000493
-0.000477
0.010208
0.004198
-0.003404
0.005811
0.015477
0.015203
0.012210
0.008111
0.016029
0.011790
0.002145
0.008466
0.016821
0.010799
0.002796
0.007221
0.011916
0.000747
-0.003275
0.000841
0.006321
0.012966
0.009811
0.004279
0.006737
0.003436
-0.007202
0.002625
0.005717
0.003663
0.000868
-0.000155
-0.001468
-0.005449
-0.008699
-0.002285
0.007613
0.011512
0.006361
0.010510
0.011931
-0.002266
-0.008600
0.000853
0.004994
0.003767
-0.001201
-0.001762
0.000852
-0.007277
-0.011103
-0.001747
0.004959
0.007388
0.005795
0.005312
0.007076
-0.001403
-0.004039
0.004089
0.010355
0.002874
-0.003672
0.001205
0.006947
-0.005013
-0.008809
0.000848
0.011596
0.021748
0.026869
0.021237
0.015447
0.003585
-0.001732
0.001157
0.007331
0.005408
0.000023
0.005948
0.003074
-0.010961
-0.008387
0.008130
0.014312
0.009799
0.009118
0.012438
0.017610
0.010332
0.004409
0.009240
0.014304
0.002070
-0.001181
0.002508
0.009282
-0.003744
-0.009977
0.002088
0.015398
0.021513
0.017377
0.012862
0.010993
0.000529
0.000829
0.002811
0.011967
0.006377
0.000068
0.004872
0.013301
0.001017
-0.006289
0.004894
0.018116
0.018868
0.014853
0.009683
0.012094
0.000578
-0.003253
0.003932
0.011288
0.007797
0.001300
0.005334
0.008903
-0.004092
-0.005954
0.009130
0.018040
0.018458
0.019293
0.020645
0.026632
0.016506
0.008603
0.014577
0.019318
0.013834
0.010602
0.008365
0.011607
0.005764
0.003487
0.001036
0.009006
0.022209
0.024792
0.019117
0.011272
0.002593
0.005451
0.010195
0.018170
0.012259
0.007375
0.007244
0.014430
0.004135
-0.004458
0.004642
0.014028
0.014390
0.015328
0.015267
0.016935
0.004530
-0.000376
0.002369
0.010146
0.013376
0.010458
0.007903
0.007212
0.004662
-0.000096
-0.000116
0.000125
0.009132
0.012402
0.012274
0.013212
0.003143
0.001067
0.007579
0.006402
0.007265
0.007857
0.004780
0.008366
0.005168
0.004059
0.001473
0.009219
0.017647
0.015052
0.011803
0.009941
0.005302
0.002501
0.007950
0.011259
0.005872
0.003405
0.002209
0.006834
0.002765
-0.003455
0.003302
0.009644
0.009837
0.011273
0.004760
0.004834
-0.001068
-0.005580
0.005139
0.008840
0.000266
-0.004711
0.003754
0.008125
0.000246
-0.007968
0.005062
0.012232
0.007389
0.010140
0.008517
0.009826
0.009642
-0.000549
0.007329
0.011805
0.000115
-0.007644
0.010261
0.004941
-0.019860
-0.020404
0.005013
0.012977
0.008691
0.009865
0.008440
0.010932
0.003528
-0.004309
0.003327
0.011529
0.004868
-0.002878
0.001745
0.005016
-0.006700
-0.009197
0.000084
0.009237
0.013980
0.012927
0.009232
0.009819
0.003584
-0.002531
0.003280
0.006479
0.011424
0.000263
-0.000102
0.001663
-0.002610
-0.002203
0.000342
0.002782
0.015076
0.017472
0.010064
0.005214
0.004781
-0.000974
0.006338
0.009904
0.004082
0.000830
0.004065
0.002778
-0.007305
-0.005783
0.004154
0.008837
0.022582
0.023526
0.017586
0.018137
0.012319
0.009866
0.010660
0.009169
0.004101
0.003159
-0.000913
0.004642
0.000493
-0.005850
-0.002182
0.007327
0.013543
0.015858
0.010126
0.011074
0.005846
0.003555
0.007744
0.009966
0.002477
-0.000429
-0.001288
0.005714
0.002868
0.000300
-0.003842
0.002829
0.011998
0.016429
0.010542
0.009901
0.004978
0.008009
0.008453
0.008477
0.006559
0.002779
0.004178
0.007261
0.007627
0.003693
-0.003465
0.000817
0.013744
0.014126
0.008503
0.005058
0.004040
0.003232
0.004198
0.004047
0.003855
0.006283
0.004081
0.009121
0.005600
0.001817
-0.003077
0.003053
0.011780
0.012583
0.010312
0.012158
0.008825
0.010505
0.009229
0.015001
0.005098
-0.000851
-0.001156
0.009693
0.004420
-0.003211
0.006520
0.014639
0.014853
0.018490
0.013453
0.011040
0.001670
0.004434
0.009027
0.014619
-0.000381
0.001406
0.003961
0.015817
0.005193
-0.007422
-0.000239
0.012644
0.009987
0.008733
0.003008
0.006124
0.000362
-0.001259
0.009562
0.016122
0.004750
-0.005657
-0.002398
0.004201
0.000199
-0.008217
0.000684
0.004164
0.001370
0.007193
0.002628
0.002763
0.000996
-0.003655
0.003319
0.009073
0.003924
0.001469
-0.000280
0.004023
-0.003286
-0.003598
0.013295
0.017026
0.010669
0.011296
0.008868
0.011208
0.007183
0.000345
0.006235
0.006045
0.004566
0.002701
0.006414
0.007490
-0.003603
-0.007238
0.005404
0.016982
0.021618
0.021482
0.014456
0.014948
0.009313
0.006387
0.009934
0.015845
0.007698
-0.002095
0.003529
0.005568
-0.003929
-0.009996
-0.002179
0.009458
0.014318
0.016528
0.010951
0.008970
0.005425
0.002308
0.006761
0.007587
0.000648
-0.005170
0.000817
0.009891
0.004631
-0.001076
0.009634
0.014853
0.001541
0.010692
0.008708
0.008195
-0.009707
-0.009633
-0.004162
0.003934
0.017546
0.011829
0.009251
0.008429
-0.012904
-0.045384
-0.058088
