-0.009652
-0.000039
-0.011419
-0.010813
-0.040649
-0.006890
-0.037416
-0.065258
-0.033561
-0.040923
-0.033719
-0.014738
-0.023124
-0.011945
-0.024070
0.003859
-0.004112
-0.006195
-0.006494
-0.021084
0.004839
0.043517
0.014276
0.005739
0.061735
0.109507
0.171908
0.279223
0.347510
0.454037
0.537669
0.596326
0.517120
0.403828
0.309048
0.206967
0.168710
0.122586
0.080206
0.084567
0.086311
0.088779
0.088123
0.063598
0.044085
0.037095
0.037972
0.054844
0.064365
0.084228
0.066529
0.050418
0.025924
0.031975
0.014972
-0.010191
-0.011898
-0.022647
-0.023437
-0.002760
-0.019696
-0.000845
-0.020886
0.014653
-0.004797
-0.020982
-0.032206
-0.029731
-0.020713
0.001974
-0.008836
-0.023413
-0.000197
-0.023231
-0.039207
-0.005809
-0.011640
-0.034594
-0.018311
0.034961
0.041728
0.026863
0.032254
0.042270
0.053898
0.050839
0.036759
0.020310
0.039420
0.028882
0.014694
0.020452
0.024888
0.010007
0.019806
0.051019
0.064845
0.074629
0.082681
0.085824
0.087179
0.077781
0.071667
0.059016
0.067149
0.068300
0.087374
0.094053
0.131177
0.192620
0.246810
0.277945
0.257146
0.224789
0.214753
0.213836
0.206858
0.180558
0.163293
0.145957
0.118122
0.103479
0.096166
0.065027
0.058791
0.054233
0.047726
0.044381
0.047886
0.056126
0.060919
0.068513
0.063205
0.041360
0.033100
0.029184
0.035746
0.023949
0.022021
0.021969
0.026935
0.013362
0.017878
0.028048
0.046790
0.051553
0.057201
0.051923
0.053558
0.038369
0.038023
0.035329
0.042705
0.034792
0.034068
0.026021
0.037419
0.041267
0.056463
0.055123
0.054289
0.058968
0.065922
0.082099
0.092913
0.087427
0.088793
0.089530
0.097104
0.082636
0.075261
0.058891
0.061851
0.059914
0.057659
0.050466
0.053931
0.068691
0.081208
0.068903
0.074103
0.065444
0.045762
0.041023
0.055543
0.049290
0.047809
0.051094
0.045184
0.050791
0.063217
0.085181
0.081046
0.094254
0.060360
0.033492
0.021502
0.035325
0.000529
-0.018398
-0.014330
-0.027794
-0.033002
-0.015456
-0.030196
0.009769
-0.027417
-0.022006
-0.054381
-0.060330
-0.083469
-0.047912
-0.044829
-0.025464
-0.048450
-0.038865
-0.036691
-0.060274
-0.062637
-0.036689
-0.051355
-0.031319
-0.055600
-0.019793
-0.032424
-0.027204
-0.042731
-0.022253
-0.021252
0.000384
-0.020752
-0.010526
0.002740
-0.030361
-0.034951
-0.014677
-0.020634
-0.025433
-0.022289
0.011827
0.007061
-0.002789
-0.008731
0.006087
0.007754
0.019965
0.000971
-0.007053
0.000698
-0.013727
-0.023244
0.010217
-0.010327
-0.028675
-0.021357
0.010004
0.004761
-0.012701
-0.019966
-0.003324
-0.005544
0.001908
-0.009569
-0.008157
-0.003700
-0.028738
-0.035783
-0.009724
-0.020952
-0.021420
-0.027609
-0.002476
0.000226
-0.013589
-0.018480
-0.010624
-0.003955
0.026170
0.012757
-0.005169
-0.001640
-0.027108
-0.043688
-0.007180
-0.009151
-0.027229
-0.031499
0.009316
0.012979
-0.007944
-0.005175
-0.006654
-0.003692
0.011363
0.005117
0.003281
0.017682
0.005384
-0.011155
0.008404
0.005537
-0.025177
-0.023107
0.011958
0.026526
0.018789
0.027023
0.023178
0.027548
0.022555
0.015841
0.010519
0.023693
0.028007
0.024386
0.031117
0.039085
0.056048
0.082495
0.097826
0.086471
0.077299
0.076689
0.052386
0.050921
0.043878
0.033611
0.030283
0.038737
0.035191
0.034867
0.044156
0.046415
0.033077
0.030474
0.036986
0.045628
0.061837
0.074926
0.079511
0.095796
0.084866
0.081564
0.062230
0.063604
0.048891
0.046418
0.042600
0.055488
0.068418
0.082203
0.079751
0.082602
0.080134
0.071907
0.059745
0.047289
0.032695
0.029654
0.027031
0.025464
0.022285
0.028323
0.021295
0.020299
0.012610
0.004960
0.008751
0.017407
0.023313
0.031561
0.020056
0.018582
0.017990
0.013185
0.007179
0.006708
0.005955
-0.001701
0.008967
0.008606
0.001630
-0.008602
-0.000296
0.003490
0.010489
0.020473
0.024116
0.015550
0.012552
0.018844
0.017304
0.024199
0.007731
-0.001463
0.017090
0.026875
0.003615
0.000821
0.015098
0.027118
0.040860
0.050869
0.030598
0.029723
0.019798
0.010731
0.001079
0.012096
0.001924
-0.007485
0.010840
0.023643
-0.007541
0.000360
0.029111
0.061186
0.079063
0.102530
0.118562
0.174405
0.248747
0.344379
0.422896
0.563980
0.697770
0.857277
0.953029
0.979758
0.980130
0.976609
0.971482
0.929292
0.866017
0.684691
0.517721
0.437717
0.372148
0.300140
0.292230
0.294658
0.289154
0.280697
0.193861
0.132550
0.105788
0.060973
0.035208
0.039802
0.065776
0.087926
0.092734
0.083490
0.062349
0.054842
0.048240
0.050252
0.037449
0.027581
0.016830
0.026015
0.011792
0.011400
0.032846
0.043853
0.056706
0.075118
0.081241
0.092859
0.094468
0.083740
0.070323
0.084304
0.110588
0.156671
0.221077
0.307564
0.408800
0.478249
0.523534
0.455754
0.351458
0.245336
0.174119
0.149712
0.105661
0.068104
0.058041
0.046035
0.044530
0.059460
0.044593
0.036598
0.043984
0.018521
0.017140
0.015505
0.015743
0.003932
0.002205
-0.003583
0.006756
-0.002857
-0.011379
-0.005207
-0.035349
-0.049759
-0.019975
-0.016563
-0.008879
-0.024300
0.002985
0.000202
-0.013578
-0.042812
-0.028095
-0.013410
0.006588
-0.017569
-0.026689
-0.011541
-0.035249
-0.050202
-0.010516
-0.021119
-0.022243
-0.030607
-0.005357
-0.004109
-0.022415
-0.036697
-0.004368
-0.006993
-0.002238
-0.011421
-0.001102
0.010465
-0.005398
-0.027056
0.007819
-0.008283
-0.023871
-0.026275
-0.002105
-0.005399
-0.011472
-0.014032
0.002321
0.004313
0.018589
0.006442
-0.001973
0.004935
-0.001093
-0.015045
0.002399
-0.004681
-0.020617
-0.022787
0.001357
0.005257
0.008800
0.000699
0.005206
0.005551
0.012656
-0.004653
-0.001516
-0.003950
-0.017865
-0.021487
-0.005509
-0.009670
-0.009658
-0.018353
-0.004647
-0.006629
-0.004654
-0.018033
-0.011408
-0.009946
0.001415
-0.012233
-0.007752
-0.003870
-0.019562
-0.025376
-0.011633
-0.013720
-0.017604
-0.021474
-0.002381
0.001595
-0.006335
-0.013162
-0.004108
-0.002702
0.004054
-0.004997
-0.002765
-0.003635
-0.013736
-0.016228
0.002313
0.002131
-0.013128
-0.018043
0.003201
0.011260
0.000688
0.004720
0.005462
0.016394
0.022703
0.004730
-0.003588
-0.001244
-0.011359
-0.021794
-0.006289
-0.003710
-0.022722
-0.021265
0.000493
0.009828
0.007300
0.004234
0.005783
0.010501
0.003190
-0.013928
-0.006830
0.000118
-0.007164
-0.015886
-0.002789
-0.006455
-0.004060
-0.004735
0.000585
-0.004750
-0.009574
-0.005740
0.003166
0.004058
0.009528
-0.011299
-0.012685
-0.006138
-0.020513
-0.023659
0.002036
-0.003546
-0.016245
-0.019644
0.001047
0.001467
0.001037
-0.003680
0.002628
-0.001866
-0.003276
-0.014991
-0.006317
-0.000237
-0.014633
-0.021710
-0.002864
-0.005622
-0.016365
-0.012502
0.012365
0.002197
-0.006269
-0.012800
-0.001716
-0.006348
-0.003993
-0.010109
0.002196
0.005197
-0.019975
-0.030811
0.001697
-0.001221
-0.013926
-0.011829
0.007093
0.003404
0.000147
-0.007793
0.003665
-0.002644
0.002399
-0.004494
-0.003393
-0.000488
-0.020561
-0.030921
-0.004335
-0.003597
-0.001102
-0.015387
0.010898
0.008696
0.003275
-0.023964
-0.031112
-0.025104
0.011774
-0.018280
-0.045492
-0.009635
-0.040759
-0.060130
-0.027399
-0.024213
-0.018587
-0.037195
0.005705
-0.015431
-0.032791
-0.062235
-0.047721
-0.046761
-0.011668
-0.041602
-0.040111
-0.014874
-0.046246
-0.067196
-0.029391
-0.030026
-0.025760
-0.046156
-0.006809
-0.018472
-0.030552
-0.038150
-0.018885
-0.021538
-0.013750
-0.020576
-0.010348
-0.010763
-0.027956
-0.037539
-0.014356
-0.019550
-0.019474
-0.018555
-0.003719
-0.013876
-0.022481
-0.025042
-0.002846
-0.003201
0.002241
-0.011030
-0.007524
-0.003126
-0.015485
-0.017005
-0.010205
-0.010168
-0.016606
-0.019944
0.000527
0.006431
0.003188
-0.001595
0.002203
-0.000591
0.012425
0.006448
-0.001921
-0.006169
-0.013066
-0.023319
-0.016484
-0.015244
-0.004646
-0.002270
-0.006481
-0.017383
-0.020918
-0.016621
0.003933
-0.006195
-0.000580
-0.015042
-0.006064
-0.009767
-0.028748
-0.034730
-0.021875
-0.021922
-0.019035
-0.026167
-0.013218
-0.007016
-0.008410
-0.018981
0.005354
0.002336
-0.006965
-0.014545
0.001956
-0.002160
-0.020877
-0.023319
0.001801
0.001185
-0.015729
-0.019400
0.006371
0.009302
0.004252
0.002227
0.002539
0.005819
0.015243
0.014725
0.013519
0.011916
-0.021959
-0.030490
-0.012745
0.005051
0.000814
-0.021372
0.015264
0.019038
0.009928
-0.006119
-0.008912
0.001600
0.003764
-0.007774
0.000753
0.008260
-0.019136
-0.028269
0.006711
-0.003032
-0.026793
-0.019289
0.023208
0.019611
-0.000845
-0.018257
-0.007682
-0.002423
0.006186
0.009484
0.003524
-0.003781
-0.026337
-0.041666
-0.006493
-0.005366
0.001954
-0.023277
0.011691
0.001944
-0.013604
-0.046237
-0.055900
-0.035826
-0.003427
-0.045259
-0.063546
-0.033973
-0.071825
-0.089614
-0.040594
-0.057466
-0.023525
-0.056806
-0.000034
-0.027219
-0.039906
-0.095960
-0.055395
-0.038547
-0.037437
-0.057348
-0.031819
-0.008187
-0.058597
-0.078546
-0.037513
-0.047530
-0.041575
-0.053845
-0.007454
-0.024045
-0.045106
-0.065481
-0.027054
-0.026036
0.013833
-0.022963
-0.024966
-0.008196
-0.033627
-0.033989
-0.015959
-0.035740
-0.046190
-0.040467
-0.004317
-0.002649
0.001510
-0.012898
-0.015723
-0.008576
0.016231
-0.009412
-0.007098
0.001388
-0.018917
-0.031364
-0.012528
-0.012460
-0.016741
-0.021106
-0.001268
0.001569
-0.001347
-0.004971
0.001093
-0.004044
0.003937
-0.009961
-0.011233
-0.012394
-0.024339
-0.021569
-0.003565
-0.002644
-0.016326
-0.020616
-0.005592
0.010794
0.014334
0.000926
-0.005696
0.000519
0.002477
-0.009042
-0.005104
0.001787
-0.016465
-0.027487
-0.010261
-0.007551
-0.009461
-0.012721
-0.002261
-0.006308
-0.012565
-0.012775
-0.000794
-0.003863
0.000109
-0.006633
0.000954
0.000882
-0.021151
-0.026284
-0.007574
-0.010267
-0.014251
-0.018948
0.006784
0.007441
-0.006069
-0.014199
-0.003637
-0.003400
-0.002621
-0.017130
-0.006578
-0.002028
-0.017558
-0.025356
-0.002853
-0.005019
-0.009913
-0.006896
0.009278
0.000821
0.001624
0.007525
0.005318
0.002484
0.012616
-0.002877
-0.010592
-0.003655
-0.016316
-0.023641
-0.002541
-0.010668
-0.023666
-0.013809
0.004899
0.001289
0.002535
0.002528
0.003473
0.003140
0.011075
0.001602
0.002560
0.002287
-0.009801
-0.013525
0.004223
-0.000706
-0.019257
-0.013548
0.006284
0.014077
0.004014
0.007368
0.004084
0.006109
-0.002995
-0.008429
0.000494
0.002274
-0.008656
-0.012143
-0.000284
-0.004450
-0.021243
-0.017424
-0.001624
0.008881
0.007577
0.002825
0.011647
0.012540
-0.001974
-0.006220
0.003752
0.006903
-0.001259
-0.001064
0.007255
0.006868
-0.008615
-0.011613
-0.003513
0.009244
0.017198
0.007947
-0.000811
-0.004092
-0.000666
-0.010959
-0.004576
-0.007833
-0.016798
-0.025348
-0.009443
-0.007041
0.001886
-0.010446
-0.010742
-0.008142
-0.011306
-0.036200
-0.025327
-0.011995
0.012156
-0.017983
-0.017940
-0.015500
-0.033316
-0.048450
-0.022771
-0.034625
-0.009894
-0.020325
-0.008855
-0.028993
-0.042464
-0.055834
-0.016486
-0.021842
-0.003610
-0.021444
-0.009639
-0.008443
-0.031886
-0.025770
-0.019919
-0.029037
-0.033645
-0.035411
0.004057
-0.000312
-0.011351
-0.008678
-0.005249
-0.004123
0.004160
-0.020243
-0.009530
-0.000906
-0.009761
-0.018147
-0.000806
-0.006951
-0.019284
-0.016080
0.003481
0.006083
0.009995
0.020394
0.013221
0.010563
0.002516
-0.006610
-0.004995
-0.002728
-0.006151
-0.008612
0.001450
0.007704
-0.005323
-0.013321
0.003473
0.013259
0.007543
0.005057
-0.008368
-0.005303
-0.005242
-0.018226
-0.010813
-0.006089
-0.016128
-0.023575
-0.001002
-0.003188
-0.017123
-0.018388
-0.000231
0.012164
0.011380
0.003456
0.009936
0.007928
0.005318
-0.005003
-0.007707
-0.002220
-0.007767
-0.015375
0.002663
0.004994
-0.007032
-0.011928
0.001069
0.010653
0.003830
-0.003082
-0.002441
0.001273
0.012651
-0.007695
-0.011987
-0.002799
-0.019445
-0.035903
-0.010493
-0.010531
-0.018921
-0.018617
0.002011
0.002967
0.000970
-0.006519
0.003868
-0.000252
0.009566
0.000304
0.001066
0.004888
-0.020306
-0.025581
-0.000735
-0.004128
-0.018255
-0.015406
0.010359
0.008267
-0.011155
-0.019126
-0.008271
0.002865
0.027675
0.007824
-0.009819
-0.007001
-0.025079
-0.034489
-0.007565
-0.015857
-0.020078
-0.017801
0.003755
-0.008218
-0.021421
-0.022555
-0.006867
-0.007584
0.011500
-0.009281
-0.008561
-0.001483
-0.021969
-0.033511
-0.012072
-0.022719
-0.026710
-0.021454
0.004703
0.009806
0.003670
-0.009391
-0.004596
-0.001068
0.007164
-0.016534
-0.012409
0.000157
-0.022489
-0.032273
-0.007284
-0.007683
-0.017031
-0.020822
-0.000580
0.004066
-0.000029
-0.015998
-0.011388
-0.009892
-0.010003
-0.014388
-0.005356
-0.005395
-0.021598
-0.026858
-0.015207
-0.010159
-0.016639
-0.022321
0.000934
0.006160
-0.010815
-0.011175
-0.000291
0.005146
0.009650
0.000750
-0.003992
-0.004649
-0.010711
-0.015781
0.000327
0.002839
-0.008199
-0.010953
-0.000723
0.012263
0.020656
0.027352
0.025082
0.028050
0.037290
0.034056
0.032547
0.038584
0.024127
0.020587
0.023347
0.012956
-0.009555
0.000793
0.028221
0.048882
0.053811
0.048257
0.054915
0.050707
0.033888
0.042306
0.058892
0.066292
0.054856
0.039609
0.047055
0.039279
0.026763
0.013084
0.022095
0.011780
0.004997
-0.006961
-0.003835
-0.003082
0.024521
-0.021743
-0.049216
-0.014933
-0.046419
-0.069006
-0.023249
-0.047733
-0.007027
-0.052353
-0.001172
-0.033594
-0.046260
-0.099724
-0.054335
-0.042177
-0.023274
-0.064523
-0.050755
-0.012480
-0.054655
-0.086992
-0.033483
-0.047604
-0.046929
-0.052439
-0.009196
-0.024887
-0.040600
-0.050116
-0.011688
-0.002811
0.011595
-0.018847
-0.009378
0.009467
-0.012285
-0.019394
-0.005675
-0.022853
-0.044811
-0.041146
-0.002419
0.003618
-0.001026
-0.002259
0.005575
0.008421
0.013126
-0.007397
-0.009056
-0.009147
-0.008892
-0.011810
-0.004282
-0.014163
-0.022290
-0.017453
0.006918
0.014209
0.018002
0.019123
0.018396
0.009080
-0.000241
-0.006199
-0.002305
0.000805
-0.011331
-0.018125
0.010118
0.017166
0.007738
-0.005890
0.013791
0.017596
0.011922
0.015021
-0.003154
-0.005610
0.004681
-0.000643
-0.011740
-0.011258
-0.031322
-0.034942
-0.003394
-0.002243
-0.020420
-0.023073
-0.003219
-0.000894
-0.007355
-0.013265
-0.011907
-0.012623
-0.004190
-0.005036
0.001969
0.000456
-0.005139
-0.012806
-0.000549
-0.006867
-0.008587
-0.011008
0.001616
-0.003968
-0.010690
-0.017096
-0.001378
-0.006841
-0.000663
-0.007337
-0.003695
-0.004353
-0.016785
-0.019141
-0.009259
-0.010080
-0.024053
-0.028021
-0.000858
0.012359
0.000454
-0.003715
-0.001285
0.006188
0.018574
-0.002475
-0.007910
-0.006455
-0.011550
-0.018062
0.001262
-0.004192
-0.012452
-0.016290
-0.000391
-0.001027
-0.000313
-0.002053
-0.003739
-0.006767
-0.001916
-0.009850
-0.007446
-0.002141
-0.009768
-0.012785
-0.001180
-0.000169
-0.010686
-0.013345
0.004803
0.009583
0.003615
0.000950
-0.003615
0.000696
0.007830
-0.007586
-0.012341
-0.003156
-0.010319
-0.019986
-0.005600
-0.000939
-0.015263
-0.017728
0.001168
0.009434
0.005567
0.001580
-0.000151
0.001437
0.008113
0.009799
0.005854
-0.003288
-0.013958
-0.015525
0.001433
0.000495
-0.004743
-0.010116
0.007343
0.009128
0.007545
0.003164
0.003502
0.001349
0.005585
-0.001938
-0.001256
0.001227
-0.003208
-0.008640
0.003348
-0.004824
-0.010586
-0.003436
0.004955
0.003118
0.002741
0.005453
0.009365
0.008345
0.009075
-0.000420
-0.003516
-0.001700
-0.008368
-0.014805
0.003743
0.004658
-0.009328
-0.014177
0.002329
0.010971
0.006065
0.006225
0.002519
0.002273
-0.000047
-0.008126
0.000832
-0.002227
-0.009879
-0.015851
-0.006561
-0.008453
-0.011548
-0.008414
0.013431
0.007293
-0.001933
0.002137
0.007328
0.001819
0.006975
0.000572
-0.001006
-0.001543
-0.001907
-0.005496
0.000860
-0.006534
-0.015737
-0.013371
0.001489
0.004795
0.002024
0.004459
0.000988
0.001167
0.001978
-0.008982
-0.005378
-0.002645
-0.010623
-0.011805
0.003119
0.003498
-0.004335
-0.006632
0.007670
0.010722
0.008088
0.001145
-0.002973
-0.000946
0.001833
-0.009725
-0.007917
0.000971
-0.003742
-0.005674
-0.001390
-0.001798
-0.013091
-0.015695
-0.005496
0.007246
0.014373
0.010331
0.011465
0.005459
-0.004757
-0.005615
0.003519
0.005968
0.000218
0.001774
0.007063
0.004353
-0.010952
-0.009857
0.006574
0.015308
0.008595
0.007779
0.000059
0.002737
0.006296
0.005861
0.006704
0.011552
0.001128
-0.000828
0.002683
-0.002345
-0.012704
-0.007761
0.007972
0.013125
0.005703
0.004916
0.004109
0.005123
-0.003665
-0.016185
-0.005987
0.000112
-0.007350
-0.012378
-0.003370
-0.001732
-0.006637
-0.012618
0.000271
0.007655
0.003356
-0.002585
0.002522
0.002881
-0.003576
-0.015139
-0.005514
0.001478
-0.004871
-0.015110
-0.000254
-0.000379
-0.006001
0.001385
0.004937
0.002819
0.004527
-0.000458
0.004277
0.001790
-0.001691
-0.011961
-0.011419
-0.003139
-0.003858
-0.016113
0.002812
0.001620
0.006032
-0.003683
0.000178
-0.009637
-0.003893
-0.013452
-0.002738
-0.003926
0.013839
-0.008773
-0.012895
-0.006985
-0.031340
-0.038229
-0.017263
-0.022477
-0.016016
-0.020081
-0.003781
-0.007004
-0.009792
-0.023875
-0.016060
-0.010978
0.011877
-0.015365
-0.020365
-0.005737
-0.023754
-0.033843
-0.010870
-0.008779
-0.021313
-0.023187
0.001455
0.001355
-0.004837
-0.007547
-0.000642
0.004620
0.015551
-0.000172
-0.004584
-0.004582
-0.011106
-0.015450
0.000223
-0.004972
-0.016595
-0.018596
-0.000583
0.008973
0.013631
0.008474
0.003401
0.003583
0.003993
-0.006109
-0.003871
-0.003702
-0.009937
-0.016476
0.000669
0.000842
-0.011274
-0.014082
0.005956
0.008808
0.003886
-0.006489
0.001454
-0.001185
0.002532
-0.011869
-0.010588
-0.006028
-0.012655
-0.018290
-0.008618
-0.007292
-0.004839
-0.014305
-0.004983
-0.004811
-0.012923
-0.017793
-0.002822
-0.001868
0.009566
-0.016938
-0.015678
-0.003357
-0.020032
-0.025755
-0.008477
-0.023220
-0.026379
-0.018960
-0.000951
-0.007000
-0.005620
-0.000898
0.004288
0.004796
0.011768
0.005099
0.010047
0.012267
0.002596
-0.005556
0.006400
-0.001931
-0.017083
-0.008963
0.010714
0.013385
0.001407
-0.004386
0.010332
0.016551
0.002802
-0.007500
0.002768
0.007756
0.001215
-0.001692
0.008947
0.007054
-0.001396
-0.009560
0.003834
0.007065
0.013055
0.013130
0.003928
0.007187
0.018650
-0.003388
-0.009460
-0.004697
-0.011397
-0.015900
-0.004252
-0.003213
-0.010621
-0.015137
0.003285
0.010401
0.006760
0.009077
0.004481
0.006436
0.008416
-0.002084
-0.003129
-0.000071
-0.010627
-0.013246
0.001044
-0.005451
-0.015197
-0.006511
0.004863
0.006241
0.003866
0.004005
0.007982
0.005885
0.002973
0.000607
0.002897
0.004513
-0.001816
-0.009602
0.002483
0.003175
-0.005387
-0.013514
-0.004379
0.004000
0.012110
0.000570
-0.004873
-0.001447
0.004883
-0.013173
-0.004663
-0.001042
-0.012895
-0.018221
-0.001328
-0.001211
0.004537
-0.003796
0.004193
0.001393
-0.002815
-0.011654
0.001684
-0.002637
0.002877
-0.014665
-0.009302
-0.004453
-0.028105
-0.031974
-0.012229
-0.010982
-0.024594
-0.027546
-0.001254
0.002666
0.000672
-0.012825
-0.010689
-0.003497
0.006259
-0.008741
-0.003646
0.001401
-0.020463
-0.028093
-0.004654
-0.001945
-0.011990
-0.016174
0.001774
0.001843
0.004365
-0.001032
-0.008387
-0.007758
0.004650
-0.007124
-0.008233
-0.008873
-0.023375
-0.022233
-0.009404
-0.006873
-0.011017
-0.013521
0.004012
0.012306
0.004235
-0.000207
0.002664
-0.003137
0.004704
0.003428
-0.004674
-0.006890
-0.015739
-0.018631
-0.007189
-0.010390
-0.015436
-0.015563
0.003548
0.007048
0.005462
-0.007181
-0.000440
0.000657
0.001454
-0.017985
-0.011756
-0.004364
-0.025461
-0.036541
-0.004580
0.003753
-0.004566
-0.008485
0.009578
0.007895
-0.001411
-0.006369
-0.017014
-0.007735
0.014202
-0.002229
-0.011290
-0.004475
-0.025389
-0.037424
-0.021438
-0.016416
-0.016741
-0.023057
-0.000670
-0.004352
-0.001587
-0.012615
-0.005619
-0.015071
0.006178
-0.015501
-0.024752
-0.018230
-0.028012
-0.033260
-0.007677
-0.026876
-0.021599
-0.026271
-0.010577
-0.021241
-0.012558
-0.027785
-0.016484
-0.006297
0.008492
-0.026495
-0.026081
-0.007800
-0.015747
-0.034828
-0.003793
-0.002509
-0.013841
-0.020411
-0.009347
-0.009041
-0.013773
-0.018470
0.003847
0.006174
0.010218
-0.012421
-0.011917
-0.001298
-0.019963
-0.030989
-0.006662
-0.013472
-0.022197
-0.022707
0.002743
0.003731
0.001708
-0.003662
0.004386
0.000386
0.010071
0.000559
-0.003505
-0.005318
-0.020350
-0.028393
-0.009037
-0.000859
-0.011094
-0.020266
-0.003563
0.005133
-0.002815
-0.001067
0.001635
0.009736
0.007694
-0.004590
-0.001274
0.009505
0.012169
0.007127
0.006059
0.007603
-0.019199
-0.051104
-0.056630
