-0.006423
0.006309
-0.012342
-0.017070
-0.055330
-0.010804
-0.040247
-0.051471
-0.027206
-0.048057
-0.062757
-0.035225
-0.043862
-0.002216
-0.010017
-0.007488
-0.044199
-0.031152
-0.049327
-0.051673
-0.060293
-0.019674
-0.052143
-0.053051
-0.025259
-0.052336
-0.068487
-0.027943
-0.044709
-0.058452
-0.047336
0.020925
0.025465
0.006600
0.001936
-0.007812
-0.007864
0.021057
0.009132
-0.008388
0.002358
-0.021592
-0.048506
-0.013340
-0.013137
-0.008446
-0.014563
0.021349
0.008246
-0.015929
-0.018417
-0.020832
-0.021008
0.000099
-0.017505
-0.034281
-0.016662
-0.045324
-0.056515
-0.018600
-0.029214
-0.037199
-0.059953
0.021540
0.009658
-0.030395
-0.048436
-0.025221
0.003855
0.038517
0.019647
0.003202
0.027696
-0.004614
-0.042066
-0.017407
-0.001886
-0.017449
-0.007641
0.044002
0.069767
0.074650
0.095410
0.106313
0.098630
0.084900
0.069555
0.053262
0.048201
0.030069
0.017588
0.014682
0.031304
0.013772
0.004176
0.021416
0.039967
0.052433
0.070114
0.088367
0.086094
0.062010
0.058099
0.065885
0.066951
0.056680
0.050164
0.048310
0.054145
0.048356
0.071724
0.103916
0.115233
0.125913
0.148584
0.191589
0.188073
0.154605
0.149936
0.130503
0.104140
0.080060
0.068974
0.053765
0.059311
0.044566
0.045071
0.052810
0.063564
0.070833
0.093109
0.109602
0.102125
0.085219
0.073450
0.054821
0.048356
0.041246
0.028572
0.020779
0.026609
0.007822
0.006161
0.021513
0.033929
0.033886
0.047802
0.047892
0.047844
0.029520
0.021224
0.013897
0.026078
0.018377
0.006427
0.007681
0.021562
0.020138
0.019147
0.023682
0.034276
0.039014
0.049087
0.054849
0.057118
0.042794
0.039130
0.050829
0.050800
0.039143
0.037154
0.037533
0.034032
0.031989
0.033311
0.034146
0.042948
0.068913
0.083976
0.081099
0.072228
0.055738
0.043846
0.033493
0.035730
0.024832
0.022477
0.018713
0.030238
0.020622
0.014358
0.029706
0.042819
0.052006
0.041128
0.024500
0.019804
0.017964
0.005866
-0.005235
-0.009492
-0.035461
-0.039522
-0.007447
0.000987
-0.000279
-0.013497
-0.003589
-0.002245
-0.025260
-0.034124
-0.023955
-0.005404
0.004863
-0.008937
-0.006809
0.010165
-0.007954
-0.019509
-0.014345
-0.002007
0.021648
0.023982
0.014162
0.008354
0.045592
0.025709
0.023444
0.021393
0.015310
0.001058
0.002736
-0.000054
-0.014724
-0.019968
-0.003369
-0.002640
-0.000894
-0.018071
-0.008437
-0.009080
-0.013139
-0.020486
0.006733
0.006741
0.004524
-0.009884
-0.005674
0.003901
-0.008195
-0.023668
-0.003752
-0.011950
-0.003927
-0.011706
-0.004391
-0.021415
-0.034396
-0.030853
0.007602
0.007035
0.025360
0.010206
-0.010125
0.004525
0.001397
-0.012689
-0.001794
-0.012341
-0.021960
-0.020233
0.008195
0.014059
0.020250
0.012710
0.024763
0.019328
0.022046
0.019195
0.009082
-0.000054
-0.001672
-0.004954
0.009903
0.008366
-0.000475
-0.002061
0.009240
0.018390
0.027936
0.038671
0.031077
0.036378
0.050423
0.053680
0.045097
0.057825
0.060921
0.058785
0.047863
0.055634
0.074717
0.108691
0.134113
0.120089
0.110691
0.101897
0.091348
0.077886
0.042790
0.036138
0.042913
0.047726
0.060309
0.069602
0.052031
0.046149
0.096594
0.125680
0.152423
0.127522
0.118422
0.094660
0.061814
0.047801
0.032624
0.024562
0.023001
0.012091
0.002510
0.004494
0.007562
0.009319
0.014448
0.001114
0.006910
0.010688
0.001950
0.002614
0.005934
0.006061
0.020386
0.012883
0.000484
-0.004696
-0.028893
-0.037206
0.006007
-0.014048
-0.024698
-0.033454
0.028580
0.008218
-0.008553
-0.060465
-0.055709
-0.037251
0.005298
-0.045435
-0.069951
-0.042441
-0.066597
-0.108824
-0.043201
-0.069232
-0.044752
-0.082634
-0.030695
-0.086014
-0.065704
-0.135495
-0.100007
-0.093727
-0.042688
-0.082123
-0.058785
-0.028275
-0.083721
-0.112808
-0.054273
-0.056433
-0.067270
-0.088820
-0.000279
-0.005944
-0.035499
-0.051032
-0.035370
-0.026912
0.002753
-0.004299
-0.009645
0.011533
-0.015594
-0.040401
-0.002827
-0.004506
-0.050698
-0.029936
0.020950
0.048240
0.057022
0.061135
0.056408
0.062666
0.049251
0.045692
0.047940
0.058807
0.058413
0.071516
0.076531
0.087838
0.116459
0.166429
0.200269
0.193828
0.184878
0.194293
0.193425
0.207667
0.222855
0.237792
0.243876
0.251371
0.281193
0.309046
0.329832
0.364885
0.397875
0.391527
0.338772
0.277521
0.228496
0.187942
0.123540
0.110137
0.086184
0.050694
0.029362
0.033323
0.024336
0.037428
0.034875
0.030489
0.011099
0.002400
0.022734
0.035576
0.038903
0.039927
0.031823
0.034007
0.028495
0.025734
0.032002
0.038791
0.024873
0.014314
0.017151
0.026659
0.007113
0.011809
0.033678
0.050621
0.050782
0.052551
0.056636
0.056784
0.038723
0.042920
0.042102
0.046110
0.039016
0.037477
0.040811
0.049528
0.059141
0.076179
0.082249
0.085315
0.080638
0.096678
0.106839
0.112862
0.079821
0.067484
0.056536
0.043822
0.021033
0.016308
0.015041
0.032783
0.019396
0.002462
0.015155
0.030707
0.018932
0.024031
0.022395
0.024413
0.022416
0.016728
0.006013
0.003487
-0.002951
-0.014939
-0.004365
0.012921
0.010371
-0.002201
0.017324
0.026144
0.016992
0.011759
0.012829
0.004638
0.014133
0.007710
0.004935
-0.002435
-0.016449
-0.027152
-0.010707
0.004966
0.002976
-0.015900
0.011968
0.020796
0.002721
-0.005717
0.005988
0.011281
0.008559
0.005502
0.005315
0.009174
0.000655
-0.003660
0.009246
0.002998
-0.010698
-0.012756
-0.007730
-0.004120
0.010611
0.015144
0.018600
0.018531
0.008569
-0.004499
0.007039
0.015500
0.002195
-0.004187
0.005730
0.007437
0.008856
0.000439
0.009055
0.008535
0.011127
0.010760
0.015668
0.004757
0.007440
0.005504
0.004277
-0.003811
-0.007835
-0.004755
0.002296
-0.003505
-0.013658
-0.014489
0.000299
0.009454
0.004869
0.001904
0.001471
0.006352
0.008500
0.000419
0.006287
0.004630
-0.004605
-0.010543
-0.004092
-0.008641
-0.013842
-0.008166
0.000174
0.008531
0.016864
0.014483
0.008284
0.006837
0.002974
-0.016828
-0.010628
-0.005380
-0.022009
-0.028389
-0.007926
-0.004314
-0.002093
-0.004081
0.005575
0.000602
-0.008322
0.000042
0.002392
-0.004461
0.008109
0.003240
-0.002060
-0.001633
-0.014705
-0.026610
0.001396
0.000087
-0.012921
-0.009675
0.005457
0.017471
0.011256
0.006021
-0.003021
0.002564
0.007064
-0.006073
-0.001935
0.001665
0.003308
-0.011843
0.001732
-0.001798
-0.012214
-0.010682
0.005077
0.007525
0.010129
0.008726
0.018505
0.011219
0.001993
-0.002540
0.001468
-0.000822
-0.005346
-0.010020
0.003457
0.011010
-0.006278
-0.012173
-0.003116
0.010779
0.014556
0.006654
0.004224
0.004301
0.005923
-0.004192
0.004548
0.014450
0.009313
0.002714
0.020321
0.014968
0.015986
0.012682
0.017434
0.018315
0.030548
0.028809
0.036404
0.035528
0.034212
0.031876
0.027563
0.023221
0.021591
0.021600
0.009181
0.008972
0.037573
0.043065
0.035443
0.024792
0.053663
0.054224
0.037460
0.029462
0.020167
0.012676
0.003065
-0.004296
0.001517
-0.001137
-0.002995
-0.007487
-0.013110
-0.007712
-0.000743
0.018114
0.040915
0.035399
0.034581
0.045522
0.032419
0.015712
0.022951
0.031916
0.014853
-0.001321
0.007354
0.023851
0.005812
0.000820
0.015868
0.028904
0.026564
0.014898
0.023547
0.024714
0.016799
-0.002513
-0.004692
-0.000744
-0.017971
-0.031091
-0.019615
0.001817
-0.008456
-0.011395
-0.010405
-0.002106
-0.001201
-0.001829
0.000301
0.023541
0.036884
0.022917
0.011927
0.049096
0.073646
0.114139
0.133573
0.192081
0.277214
0.284736
0.302007
0.200356
0.207582
0.159452
0.055613
0.055954
0.042017
0.019449
0.024710
0.017672
0.008086
0.006432
0.013929
0.001222
-0.007506
-0.013952
-0.003699
-0.002286
-0.007904
-0.018370
0.017358
0.017669
0.009971
-0.004368
0.006265
0.001449
-0.017103
-0.032473
-0.018607
-0.008511
-0.000812
-0.019960
-0.009866
-0.006337
-0.011733
-0.024386
-0.002410
-0.006118
-0.008749
-0.019260
-0.003643
0.000128
-0.016152
-0.022725
-0.003245
-0.013207
-0.023947
-0.025301
-0.005281
-0.002970
0.004592
0.011230
0.012231
0.016607
0.018975
0.002442
-0.007692
0.003846
0.009404
-0.006521
0.010054
0.003403
0.012207
0.016863
0.021057
0.022788
0.046523
0.044339
0.042972
0.033495
0.021432
0.018018
0.017246
0.012900
0.006718
0.002282
0.018161
0.006340
0.006069
0.001495
0.010406
0.009057
0.014049
0.010421
0.004216
0.010063
0.022830
0.005426
-0.015728
-0.003638
-0.009492
-0.015448
0.005994
0.005396
-0.020627
-0.015066
0.030292
0.039648
0.032447
0.033195
0.022974
0.031683
0.031706
0.021955
0.023232
0.027007
0.016330
0.002739
0.011968
0.021036
0.012329
0.005891
0.021645
0.028210
0.029466
0.024049
0.015224
0.007756
0.008241
-0.017456
-0.027800
-0.027841
-0.047923
-0.053805
-0.020322
-0.023210
-0.004075
-0.020846
0.000807
-0.016350
-0.040896
-0.058611
-0.021955
-0.020174
0.000001
-0.005304
-0.008165
-0.006317
-0.010636
-0.005337
0.012929
0.042919
0.102661
0.090622
0.082562
0.049154
0.085140
0.070290
0.039805
0.038197
0.015707
-0.001627
0.015694
0.012557
-0.004009
-0.003480
-0.014075
-0.016029
-0.007947
-0.014354
0.000448
0.003361
0.027791
0.019484
0.032047
0.026859
0.021063
0.021702
0.014951
0.030025
0.028152
0.033258
0.037915
0.037047
0.066197
0.083851
0.085553
0.043676
0.073578
0.068312
0.037082
0.030988
0.024214
0.010895
0.007553
0.006569
0.000797
0.002254
0.011354
0.005636
-0.004050
-0.004365
0.005130
0.016638
0.029009
0.023652
0.017854
0.006741
0.017988
0.014508
0.001405
-0.003331
-0.003697
-0.006550
-0.007337
-0.005837
-0.006243
-0.013916
-0.009525
-0.003136
-0.001915
-0.008712
0.003315
0.011904
0.005973
-0.003587
0.001036
0.004056
0.010419
0.017363
0.008664
0.001918
0.031169
0.026938
0.016597
0.007684
0.051159
0.035125
0.024529
0.024195
0.010790
-0.010052
0.001836
0.006911
0.001953
-0.010446
-0.006226
-0.006677
0.008282
-0.001602
-0.004023
-0.014681
-0.014706
-0.021065
0.005821
0.018031
0.030266
0.000609
-0.001605
0.005781
-0.001807
-0.015548
-0.006664
0.004151
0.013724
0.013670
0.027575
0.036360
0.064818
0.048891
0.036945
0.034013
0.023319
0.010536
0.011716
0.020368
0.001408
-0.000883
-0.000087
0.002012
-0.004751
0.001780
0.014878
0.014251
0.030745
0.023221
0.018318
0.021140
0.018862
0.018503
0.019059
0.032347
0.037576
0.040943
0.012939
0.007909
0.023347
0.019169
0.006243
0.003933
0.020134
0.017997
0.016381
0.012429
0.000616
-0.007731
0.011109
0.011106
-0.000875
-0.009277
-0.009208
-0.008216
0.002122
-0.022383
-0.011966
-0.008529
-0.007148
-0.010799
0.001801
0.011630
0.023482
-0.001942
0.000534
0.003339
-0.004169
-0.015770
-0.000735
-0.001710
0.001147
-0.001757
0.003392
0.004716
0.015705
0.012880
0.021794
0.028884
0.021790
0.001608
-0.001044
0.021492
0.027368
0.035902
0.041897
0.044125
0.099944
0.109002
0.129440
0.090049
0.115577
0.098395
0.054820
0.049325
0.022797
0.030869
0.030024
0.029505
0.029323
0.037756
0.015417
0.005263
0.002178
-0.008762
-0.006956
0.001346
0.016791
0.022228
0.017678
0.019378
0.016392
-0.001117
-0.007341
0.000027
-0.002763
-0.000831
0.006336
0.020153
0.017113
-0.000566
-0.000220
0.011051
0.028464
0.021399
0.018860
0.015002
0.002711
-0.006991
0.000914
-0.000235
-0.007557
-0.017020
0.000544
0.002051
0.002760
-0.001551
0.007630
0.014481
0.018234
0.021356
0.023161
0.017899
0.012659
0.000895
-0.000385
0.002804
-0.001860
-0.009572
0.000983
0.001267
-0.000843
-0.011269
-0.002987
-0.005527
-0.010988
-0.013532
0.010199
0.010518
0.011562
0.000451
0.002680
0.007760
0.003958
-0.006391
0.009081
-0.002158
-0.020741
-0.020377
-0.004976
0.003174
0.009038
0.008908
0.014583
0.019809
0.019523
0.002841
-0.011421
0.009751
0.005691
0.004883
0.011375
0.022451
0.050267
0.059307
0.064871
0.042972
0.076655
0.069944
0.028801
0.036959
0.037435
0.034737
0.027627
0.038309
0.042602
0.068392
0.065023
0.087401
0.188123
0.202462
0.225673
0.147187
0.182336
0.143740
0.047944
0.056481
0.047772
0.033420
0.017590
0.037036
0.029152
0.034675
0.026690
0.018802
0.025516
0.027842
0.030121
0.027233
0.048550
0.033380
0.025614
0.036939
0.041382
0.017232
-0.003322
-0.001536
0.004254
0.007287
0.011458
-0.011094
-0.016971
-0.011447
0.002347
0.002118
0.004810
-0.011269
-0.001724
0.002698
0.015080
-0.006843
-0.008300
-0.006143
-0.022679
-0.035648
-0.024146
-0.008359
-0.002942
-0.030569
-0.019154
-0.008971
0.000270
-0.019340
0.002347
-0.000293
0.006513
-0.010303
-0.000985
-0.001291
-0.017442
-0.030258
-0.009447
-0.002606
0.007200
-0.000741
0.007868
0.002000
0.014492
0.029070
0.023330
0.019471
0.026029
0.010036
0.002441
0.002877
-0.000506
-0.005600
-0.001289
0.009558
0.005071
0.004333
0.039398
0.059485
0.064920
0.065356
0.087594
0.083911
0.057406
0.042368
0.037682
0.033855
0.024490
0.029338
0.020188
0.032370
0.030154
0.032263
0.049265
0.069401
0.075185
0.079727
0.093893
0.092788
0.068591
0.072826
0.075085
0.067616
0.057574
0.048658
0.047732
0.056962
0.035261
0.013604
0.009388
0.017403
0.022707
0.015676
0.003085
-0.002375
-0.001324
-0.007651
-0.010295
-0.007595
-0.029575
-0.032113
-0.014466
-0.009494
-0.001287
-0.005373
0.005943
-0.003685
-0.004577
-0.023557
-0.010504
0.009578
0.018498
-0.012102
-0.023961
-0.003415
-0.010490
-0.025703
-0.026812
0.003935
0.037780
0.024815
0.031983
0.032398
0.071364
0.046352
0.032774
0.034790
0.025580
0.021425
0.040280
0.049066
0.018687
0.015180
0.022697
0.025736
0.017159
0.015111
0.035533
0.052639
0.082549
0.064455
0.047731
0.050201
0.036207
0.022552
0.012522
0.016543
0.023435
0.021475
0.019324
0.014564
0.026238
0.014379
0.003710
0.003838
0.050038
0.055210
0.032079
0.033765
0.053103
0.038781
0.020070
0.020376
0.019841
0.008565
0.008797
0.005311
0.004015
-0.002027
0.013211
0.024674
0.032171
0.038756
0.039183
0.029625
0.006277
0.002418
0.005355
0.010716
0.002132
-0.003272
0.004550
0.013302
0.001789
-0.005856
0.012042
0.023704
0.012991
0.004822
0.016387
0.016090
0.003107
0.000499
0.006481
0.004491
-0.007598
-0.021745
-0.008349
0.007261
0.006904
-0.005227
-0.007269
-0.008916
-0.002674
-0.005359
0.005780
0.009779
0.009820
0.000289
-0.002593
0.016544
0.027797
0.052868
0.078501
0.093686
0.158067
0.180816
0.206083
0.130997
0.155626
0.137576
0.049931
0.048072
0.045608
0.036950
0.021991
0.025373
0.012049
0.016877
0.029346
0.015352
-0.004550
-0.013851
0.010174
0.012186
0.016854
0.008602
0.022668
0.012759
0.012723
-0.004770
-0.009085
-0.004018
-0.016177
-0.025711
-0.007306
-0.005852
-0.011780
-0.017080
-0.005976
-0.001799
-0.009117
-0.011438
0.001931
0.003379
0.018247
0.003434
0.004269
0.002127
-0.007903
-0.022107
-0.017742
-0.002967
0.000548
-0.004621
0.007530
0.011024
0.021912
0.010353
0.030898
0.031436
0.026700
0.013923
0.018707
0.018315
-0.006744
-0.014553
-0.001310
0.005948
0.012159
-0.004618
0.003666
-0.002435
-0.004837
-0.007759
0.008445
0.015994
0.024978
0.001863
0.004827
0.004265
-0.004489
-0.014339
-0.008824
-0.008522
0.004123
-0.000163
-0.007910
-0.009467
0.016250
0.007205
0.020180
0.008001
0.013601
-0.002761
-0.007984
-0.003169
-0.010096
-0.023016
-0.010191
-0.013731
-0.026456
-0.025228
0.004909
0.005447
-0.009368
-0.018406
0.001787
0.017189
0.030965
0.002652
-0.005772
0.002825
-0.001079
-0.017160
0.005917
0.004885
0.002270
0.003985
0.027547
0.038751
0.051142
0.048128
0.038211
0.030832
0.022561
0.010917
0.005266
0.009586
0.000475
-0.007015
0.000354
0.005832
-0.004671
-0.012836
-0.001775
0.011692
0.012958
0.012488
0.023235
0.024778
0.020038
0.011412
0.001337
0.010161
0.018797
0.009339
0.013680
0.011364
0.026549
0.035268
0.044924
0.047863
0.068212
0.052477
0.029678
0.027248
0.032252
0.023017
0.026045
0.021788
0.011194
-0.000332
0.009848
0.009588
0.016712
0.011529
0.013360
0.005601
0.008946
0.004823
0.017335
0.007935
0.012394
-0.001825
-0.003549
-0.000177
-0.011384
-0.025368
-0.011701
-0.006735
0.007010
-0.002934
0.002363
0.003419
-0.000735
-0.007048
0.018853
0.017230
0.024377
0.022805
0.020185
0.018721
0.014977
0.010911
0.005030
-0.002180
0.008108
0.008035
0.012777
0.012483
0.031287
0.021564
0.034130
0.034880
0.018957
-0.001593
-0.000687
0.013087
0.001878
0.003415
0.017688
0.001654
-0.012991
-0.016372
-0.006521
-0.004081
-0.003860
0.000803
0.015125
0.006726
0.005747
0.003866
0.003495
0.000238
-0.007213
-0.017053
0.003008
0.003565
-0.012065
-0.015892
-0.000292
0.007933
0.004403
0.006740
0.019438
0.011689
-0.002265
-0.004299
0.003577
0.007390
0.008627
-0.003425
0.011621
0.006508
0.006010
-0.001685
-0.010504
-0.006782
0.003019
0.006810
0.007498
0.002403
0.011154
-0.009818
-0.015648
-0.007712
-0.020043
-0.023965
-0.002924
-0.006444
-0.019477
-0.018804
0.002234
0.008413
-0.004160
-0.015903
-0.006098
0.008874
0.013586
-0.005963
-0.007968
0.000825
-0.015826
-0.022168
-0.009993
-0.005305
-0.008556
-0.005942
-0.010114
-0.006192
0.000486
-0.002461
0.013832
0.017384
0.023007
-0.003027
-0.004392
0.002159
-0.003902
-0.005434
-0.001984
-0.002661
0.007620
0.008732
-0.011242
-0.009929
0.017803
0.019674
0.012124
0.011363
0.009287
-0.000807
0.001339
0.002162
0.004172
-0.003434
0.003593
-0.000378
0.001056
0.005243
0.009765
0.012900
0.030730
0.030370
0.032526
0.027053
0.013155
0.000739
0.004825
0.000452
-0.004641
0.000969
-0.004376
-0.001955
-0.018797
-0.020253
0.009077
0.019283
0.009539
0.006126
-0.003203
0.004045
0.010853
0.008797
0.014412
0.020720
0.014242
0.007099
0.020344
0.012165
0.017745
0.022665
0.015461
-0.001876
0.025683
0.038417
0.026163
0.018176
0.018376
0.007866
0.002528
0.008181
0.007759
0.004748
0.002856
-0.003516
0.004064
0.009438
0.026071
0.017334
0.028072
0.028945
0.022405
0.024053
0.020344
0.009558
0.006910
0.014383
0.005312
-0.002480
0.004143
0.003662
0.003973
-0.004976
0.005768
0.005818
0.013098
0.018027
0.015753
0.021600
0.035452
0.020492
-0.000203
0.016088
0.027819
0.041227
0.064825
0.087964
0.152920
0.163217
0.196200
0.127307
0.159014
0.127793
0.048165
0.053396
0.057790
0.039764
0.014690
0.016586
0.009540
0.012197
0.007533
-0.000460
0.014799
0.005444
0.007049
0.004098
0.017210
0.006326
0.015459
0.008720
0.022889
-0.002609
-0.004304
0.002697
-0.018426
-0.027517
-0.001485
-0.010776
-0.023803
-0.023478
0.007002
0.007613
-0.001013
-0.009117
-0.003478
-0.005626
0.007160
-0.013284
-0.017352
-0.011695
-0.031817
-0.043616
-0.013725
-0.018295
-0.009725
-0.018520
0.001170
-0.009464
-0.033579
-0.028872
0.005559
-0.005798
-0.001275
-0.007404
0.000617
0.007339
-0.016155
-0.035108
-0.009666
-0.012993
-0.031933
-0.030594
-0.001862
0.001525
-0.000549
0.000690
0.011152
0.020054
0.021187
-0.000617
-0.007794
-0.002023
0.004503
0.001740
0.012348
0.008570
0.012061
0.017060
0.033376
0.029676
0.038807
0.044777
0.034614
0.026122
0.020706
0.017605
0.014775
0.009970
0.011088
0.002289
0.007594
0.011753
0.009285
0.001882
0.002571
0.005804
0.003538
0.010901
0.016863
0.015167
0.019712
0.009567
0.003214
0.015665
0.014256
0.006810
0.006220
0.006919
0.017143
0.013449
0.010926
0.017157
0.039267
0.032203
0.024993
0.017500
0.018416
0.008625
0.005383
0.003733
-0.009328
-0.008823
0.007291
-0.000854
-0.012442
-0.013268
0.004980
0.010619
0.003517
0.000113
0.006331
0.008280
0.005739
0.002540
0.007065
0.011998
0.004363
-0.006969
0.013494
0.011439
-0.006446
-0.004871
0.006870
0.015622
0.019622
0.013783
0.014020
0.009715
0.006980
0.001401
-0.002130
-0.006655
-0.017813
-0.023744
-0.016625
-0.013955
0.008726
0.005250
-0.005040
-0.015803
-0.008442
-0.012791
-0.001800
0.006651
0.022888
0.007167
-0.010389
-0.001413
0.006288
-0.009114
-0.017547
-0.007208
0.006505
0.005066
0.000103
0.006958
0.043784
0.030759
0.025121
0.035076
0.061675
0.047073
0.041475
0.061825
0.086883
0.108189
0.115021
0.173449
0.303581
0.271978
0.303770
0.196805
0.240077
0.191097
0.077459
0.078139
0.075883
0.065140
0.048614
0.049777
0.068115
0.057886
0.019579
0.011711
0.013044
0.005738
0.040653
0.047779
0.064991
0.056048
0.048075
0.050370
0.049058
0.037946
0.024763
0.021740
0.035735
0.033508
0.024875
0.017954
-0.012664
-0.049778
-0.054714
