-0.006777
0.007758
-0.012248
-0.020271
-0.051012
-0.005785
-0.047967
-0.076360
-0.034202
-0.058531
-0.059103
-0.032997
-0.038726
-0.019448
-0.042900
-0.003477
-0.004627
-0.021926
-0.049201
-0.034286
-0.021968
-0.004452
-0.022738
-0.022086
-0.000259
-0.013090
-0.028893
-0.003925
-0.014230
-0.044956
-0.024229
0.023653
0.029886
0.024949
0.029478
0.034654
0.029712
0.024696
0.022752
0.023010
0.024328
0.015306
0.009093
0.015049
0.012974
-0.007450
-0.006029
0.024885
0.038257
0.038670
0.044203
0.029943
0.026456
0.031327
0.020785
0.019173
0.019613
0.006384
0.000590
0.017249
0.019145
0.005566
0.005674
0.018269
0.024941
0.017651
0.017269
0.016120
0.006081
-0.005905
-0.007136
-0.001701
-0.002146
-0.021397
-0.026999
0.000746
0.003516
-0.004464
-0.010268
0.013702
0.010445
0.001769
0.006411
-0.015403
-0.015375
0.002961
-0.000842
-0.018954
-0.003077
-0.015783
-0.024479
-0.000990
-0.005334
-0.033508
-0.023309
0.014368
0.024500
0.020085
0.034169
0.029640
0.033461
0.034734
0.029452
0.025340
0.033484
0.034526
0.029571
0.028834
0.025764
0.034592
0.067873
0.086518
0.086014
0.088838
0.105482
0.118301
0.125002
0.110385
0.103374
0.090747
0.084016
0.075588
0.080512
0.071751
0.067412
0.081306
0.104698
0.099530
0.079983
0.079541
0.090239
0.100830
0.110952
0.095447
0.093932
0.082595
0.072678
0.048693
0.043763
0.034875
0.044417
0.045787
0.036923
0.031668
0.037155
0.044178
0.052249
0.042988
0.035022
0.021830
0.017888
0.013656
0.020476
0.012662
0.013597
0.010890
0.017848
0.010210
0.009687
0.019764
0.031892
0.026291
0.026065
0.024905
0.030314
0.024046
0.019726
0.023594
0.029416
0.016561
0.021706
0.025665
0.026990
0.008740
0.008500
0.020396
0.027187
0.023052
0.022648
0.028654
0.022788
0.012037
0.005834
0.009119
0.016119
0.003473
-0.001082
0.007381
0.009181
-0.000384
0.000181
0.013253
0.031440
0.045691
0.039149
0.035960
0.029300
0.031650
0.028740
0.021404
0.020718
0.011153
-0.001375
0.019368
0.020560
0.000084
0.003267
0.028058
0.041953
0.038797
0.036058
0.028386
0.020010
0.009873
0.010583
0.012443
0.007258
-0.000405
-0.001457
0.010865
0.006150
0.012598
0.010733
0.010259
0.007701
0.012800
0.019848
0.026999
0.023797
0.025284
0.016878
0.010420
0.013955
0.018134
0.011051
0.010279
0.003477
0.003255
0.007475
0.010850
-0.003036
0.005243
0.015196
0.023227
0.021735
0.000733
-0.000579
0.007562
0.014067
0.007700
0.003286
0.014375
0.013381
-0.000973
-0.008272
-0.001510
0.006421
0.028864
0.033341
0.034851
0.026116
0.012112
0.004114
0.006094
0.009906
0.004873
-0.005562
0.008518
0.015380
0.005261
-0.000275
0.015135
0.019729
0.023344
0.007609
-0.004084
0.003269
0.010416
-0.009863
-0.019550
-0.013683
-0.028233
-0.040096
-0.004126
-0.017445
0.005344
-0.016101
0.016738
-0.011964
-0.022866
-0.047520
-0.052595
-0.039140
0.005417
-0.024293
-0.031621
-0.006380
-0.036560
-0.075570
-0.036981
-0.066900
-0.024427
-0.085054
0.008497
-0.041476
-0.050171
-0.129558
-0.099430
-0.068517
-0.048052
-0.086747
-0.069174
-0.019178
-0.058947
-0.090947
-0.041048
-0.083458
-0.072268
-0.089961
-0.007216
-0.046956
-0.062842
-0.093936
-0.043538
-0.033982
-0.009503
-0.037958
-0.032432
-0.000385
-0.030556
-0.042682
-0.016487
-0.026089
-0.053786
-0.041288
0.008499
0.022164
0.014810
0.018807
0.014221
0.022450
0.015049
0.017103
0.016453
0.020979
0.006300
-0.002934
0.016393
0.024572
-0.000020
-0.005993
0.007335
0.019770
0.031106
0.040496
0.033388
0.031586
0.025057
0.017668
0.017206
0.026934
0.019535
0.015273
0.015438
0.022334
0.011824
0.009344
0.023233
0.039734
0.044005
0.040208
0.027290
0.028085
0.018364
0.010329
0.005257
0.011066
0.001578
0.001111
0.001718
0.008236
-0.000218
0.011204
0.019405
0.028891
0.029703
0.030866
0.037325
0.026698
0.009826
0.010636
0.014719
0.011728
-0.003950
-0.006482
0.011211
0.018456
0.007220
-0.011563
0.003324
0.012419
0.008284
0.001908
0.000810
0.009130
0.003184
-0.005343
-0.003806
0.005078
-0.005006
-0.011089
0.004000
0.021520
-0.001654
-0.003361
0.024579
0.058536
0.071383
0.088538
0.103230
0.145481
0.213230
0.287207
0.367108
0.455059
0.547636
0.717662
0.844205
0.910513
0.911672
0.896520
0.874716
0.783056
0.670388
0.459688
0.290761
0.253992
0.218005
0.151217
0.134016
0.141953
0.142559
0.148032
0.092294
0.065588
0.049669
0.028699
0.030963
0.041183
0.056194
0.059336
0.043127
0.031784
0.027379
0.019919
0.007647
0.006169
-0.002145
-0.004654
0.005328
0.015229
0.010197
0.011358
0.021004
0.031673
0.029892
0.018733
0.012870
0.012054
0.008456
0.000644
-0.000216
-0.001499
-0.027044
-0.028287
0.008607
0.003962
-0.015307
-0.007717
0.012923
0.017445
0.022039
0.005991
-0.003192
-0.005449
0.004114
0.010555
0.005535
-0.002173
-0.012389
-0.024217
-0.006028
-0.007604
-0.000791
-0.009738
0.030020
0.018731
-0.011274
-0.018771
-0.006233
0.003431
0.014747
-0.005557
-0.015409
0.009374
-0.004869
-0.018086
0.011264
0.013648
-0.019262
-0.024156
0.012217
0.025089
0.021098
0.036150
0.029359
0.031508
0.030327
0.029940
0.023874
0.023070
0.016601
0.018993
0.018173
0.019826
0.010298
0.013941
0.027729
0.032794
0.042534
0.040111
0.034434
0.027983
0.013423
0.011511
0.008392
0.012807
0.007537
0.009973
0.017638
0.013864
-0.002548
-0.003604
0.008062
0.015324
0.014193
0.017205
0.016257
0.017291
0.006492
-0.005204
0.001829
0.011304
0.002269
-0.006841
0.002487
0.009212
-0.007057
-0.012423
0.001649
0.011878
0.011148
0.009817
0.010224
0.010028
-0.001631
-0.005449
0.005288
0.011717
0.001260
-0.008506
-0.002017
0.010957
0.004802
-0.003926
0.004865
0.015096
0.012586
0.000204
0.007239
0.015322
0.002252
-0.007372
0.005738
0.011125
0.002847
0.002254
0.009163
0.007473
-0.002139
-0.003403
0.009331
0.013664
0.010990
0.008678
0.009617
0.008151
-0.000778
-0.004450
0.008021
0.014414
0.003094
-0.008646
0.008226
0.015174
0.003202
-0.005964
0.004895
0.015262
0.013617
0.015821
0.008348
0.009783
0.014217
0.008385
0.002242
0.007884
-0.001270
-0.003114
0.008121
0.009703
-0.003467
-0.004014
0.005016
0.007817
0.007137
0.009569
0.012087
0.014244
0.019529
0.020637
0.015919
0.015506
0.008911
0.000687
0.011834
0.011374
-0.002634
0.001824
0.020816
0.025306
0.026689
0.027871
0.019531
0.022163
0.021846
0.006496
0.011601
0.015788
-0.002802
-0.008126
0.005576
0.000725
-0.003133
0.001261
0.007947
0.009979
0.019753
0.020974
0.024891
0.021922
0.014958
0.010926
0.010298
0.014459
0.014421
0.018289
0.017198
0.007457
-0.001803
-0.004973
0.001674
0.007176
0.025387
0.032959
0.033323
0.038335
0.038412
0.026414
0.014688
0.019176
0.024959
0.029361
0.025142
0.024789
0.057461
0.085730
0.118252
0.092144
0.084555
0.091380
0.066590
0.057231
0.039269
0.032009
0.018296
0.023716
0.024323
0.032609
0.028124
0.035490
0.029587
0.028997
0.031167
0.036906
0.046065
0.053254
0.059905
0.060193
0.048831
0.044697
0.040944
0.043869
0.034399
0.033354
0.027869
0.036805
0.025460
0.024248
0.032881
0.050158
0.057140
0.059481
0.054935
0.050605
0.030288
0.031837
0.024808
0.026151
0.013423
0.009276
0.011002
0.026059
0.018684
0.013974
0.021559
0.029440
0.035567
0.041887
0.036717
0.037816
0.049658
0.050135
0.048076
0.055858
0.060740
0.067612
0.059965
0.062191
0.087839
0.090710
0.092614
0.064643
0.083306
0.076226
0.041483
0.039307
0.023769
0.006546
0.017297
0.024385
0.019858
0.009064
0.003052
-0.000414
-0.011311
-0.013352
0.003889
0.009585
0.009431
0.010653
0.023465
0.025032
0.007579
-0.006119
0.002413
0.012612
0.005100
0.008107
0.013755
0.012078
-0.003874
-0.000212
0.012925
0.015439
0.023383
0.023518
0.016462
0.013100
0.018541
0.024136
0.017402
0.026418
0.027232
0.032204
0.047206
0.063365
0.117232
0.135692
0.141477
0.082744
0.114400
0.116137
0.058706
0.055804
0.046248
0.035817
0.022447
0.039357
0.034559
0.030330
0.031565
0.020459
-0.000844
0.003062
0.013722
0.014376
0.032659
0.043934
0.047433
0.043382
0.025826
0.019848
0.013543
0.030284
0.038041
0.029856
0.036423
0.023596
0.010488
0.027844
0.042430
0.040662
0.056315
0.068343
0.062421
0.055364
0.038664
0.038945
0.030734
0.033904
0.023960
0.014531
0.014920
0.029134
0.009118
0.003439
0.020297
0.045206
0.047859
0.051666
0.049210
0.055643
0.043113
0.043798
0.048298
0.059211
0.036743
0.022936
0.026822
0.038426
0.013677
0.009129
0.033057
0.048914
0.035215
0.042128
0.047072
0.046040
0.023141
0.022423
0.025278
0.033531
0.021842
0.027633
0.031009
0.031388
0.007205
0.012991
0.022492
0.034206
0.033411
0.023246
0.021374
0.014795
0.001463
-0.001410
-0.001037
-0.003662
-0.017230
-0.015476
0.000962
0.011351
0.006168
0.001571
-0.000733
0.008526
-0.001643
-0.006821
0.001961
0.008216
0.004926
0.018285
0.024394
0.028385
0.043900
0.058204
0.047038
0.053830
0.102202
0.105819
0.116377
0.074342
0.088800
0.086926
0.042217
0.040510
0.023923
0.012145
0.014929
0.015615
0.013275
0.008944
0.016153
0.010570
0.001575
-0.006540
0.008468
0.008248
0.006700
0.007036
0.010518
0.013178
0.007982
-0.006055
-0.008178
-0.009470
-0.006026
-0.009343
-0.001156
-0.009167
-0.024858
-0.023772
-0.005504
0.006594
0.007793
0.004292
0.010717
0.012328
0.005782
-0.001519
0.004223
0.006610
0.008044
-0.001779
-0.001242
0.003138
0.001044
-0.005483
-0.000875
0.005654
0.008919
0.010905
0.013564
0.014764
0.012381
-0.001102
0.003221
0.004475
-0.000344
-0.008187
-0.001276
-0.008221
-0.000910
0.000209
0.001275
-0.006160
-0.004852
0.007042
0.011727
0.012609
0.002876
-0.006266
0.001812
0.005985
0.003957
0.000352
-0.002281
0.000871
-0.015622
-0.024143
-0.004577
0.007657
0.001758
0.004789
0.013419
0.022709
0.009613
-0.001690
0.006548
0.017621
0.012165
0.006997
0.008716
0.011973
0.001146
-0.000006
0.006052
0.015961
0.020128
0.015254
0.017428
0.026009
0.011542
-0.002000
0.002724
0.012121
0.020818
0.011983
0.001694
0.005339
0.004499
0.000487
0.001428
0.010168
0.015808
0.014773
0.020510
0.018319
0.007774
0.001712
0.009183
0.009862
0.010585
0.003922
0.002571
0.003014
0.005900
0.001056
0.000737
0.000141
0.005779
0.013608
0.011616
0.003042
0.002574
0.000081
0.004617
0.002374
-0.002315
-0.006511
0.002721
-0.000507
-0.006440
-0.006440
0.006749
0.006702
0.006917
0.008682
0.004799
0.005249
0.007772
-0.005672
-0.003322
-0.001569
-0.008491
-0.011397
-0.000812
-0.000758
-0.014411
-0.015550
-0.005688
0.005266
0.012232
0.008526
0.006487
0.012561
0.018046
0.008138
0.007987
0.015905
0.008610
0.007537
0.013060
0.007751
0.011428
0.016653
0.025784
0.042007
0.068149
0.058246
0.033333
0.031318
0.023302
0.010225
0.000631
0.003098
0.004709
0.002972
0.012750
0.009174
-0.010795
-0.011149
0.005684
0.017308
0.024848
0.022111
0.019529
0.023674
0.013306
-0.002150
0.002790
0.013837
0.010715
0.001723
0.003076
0.009917
0.009126
0.004230
0.007627
0.019470
0.022318
0.027215
0.019303
0.014968
0.005355
0.001321
0.007666
0.011801
0.015884
0.017420
0.025720
0.012892
0.007678
0.017291
0.025946
0.027622
0.033560
0.038593
0.030995
0.023085
0.007456
0.012374
0.019336
0.019280
0.011113
0.012600
0.015330
0.012446
-0.001085
-0.000747
0.016066
0.027929
0.025031
0.013496
0.024087
0.025197
0.022235
0.018022
0.022262
0.021059
0.013928
0.010716
0.010348
0.006099
0.005893
-0.004724
-0.002121
0.000872
0.006403
0.003199
0.016480
0.013498
0.006917
-0.010321
-0.009498
-0.001189
0.001106
-0.008271
0.001966
-0.002183
-0.005873
-0.008378
-0.007583
-0.006652
-0.000896
0.009684
0.017232
0.014671
0.007225
0.002498
0.001618
0.010559
0.005523
0.001588
0.005854
0.003151
0.017227
0.015051
0.012437
0.008371
0.034789
0.042450
0.031407
0.021974
0.028620
0.015151
0.000953
0.001366
-0.010572
-0.019152
-0.004009
-0.002231
-0.005272
-0.009003
0.000004
0.006315
0.002569
0.007092
0.012848
0.016972
0.018351
0.009113
0.001806
0.001628
0.000625
-0.005020
-0.000586
-0.004483
-0.007793
-0.007790
0.003077
0.011537
0.022191
0.020315
0.015124
0.019548
0.020881
0.018055
0.014326
0.010991
0.009556
0.016913
0.020645
0.012341
0.022061
0.024045
0.018757
0.005296
0.018392
0.028332
0.025689
0.015641
0.003017
0.004179
0.004777
0.005801
0.001140
0.003296
0.001528
-0.008033
-0.013329
-0.010271
0.003406
0.005206
0.008171
0.024928
0.026797
0.026997
0.016612
0.007984
0.001169
0.006620
0.013018
0.001754
-0.000044
-0.000881
-0.006753
-0.003538
0.005279
0.015492
0.024167
0.030134
0.031404
0.036669
0.025605
0.023896
0.023039
0.029989
0.024022
0.024670
0.018793
0.026786
0.022731
0.028636
0.036433
0.049898
0.050370
0.050173
0.055560
0.065440
0.052764
0.048766
0.050713
0.050681
0.031438
0.025136
0.031698
0.039407
0.038676
0.037533
0.041809
0.047630
0.055074
0.067304
0.082431
0.089164
0.080165
0.090264
0.092535
0.079980
0.054565
0.049748
0.037699
0.048055
0.040707
0.035701
0.044101
0.050276
0.045557
0.049719
0.041187
0.034851
0.025189
0.021937
0.012704
0.010981
0.009448
0.011899
0.012097
0.019289
0.004708
0.005808
0.018927
0.029663
0.026347
0.026536
0.027231
0.027758
0.007089
0.005545
0.008708
0.018312
0.009172
0.002372
0.009036
0.015871
-0.001366
-0.003846
0.008891
0.018304
0.013926
0.017249
0.018968
0.018586
0.004266
0.008068
0.018020
0.023506
0.016275
0.010234
0.009454
0.013858
0.012929
0.014585
0.022258
0.022174
0.026176
0.028045
0.036799
0.030024
0.016079
0.010650
0.007131
0.011147
0.008351
0.007402
0.019238
0.021946
0.007408
0.000544
0.007909
0.014686
0.025245
0.020535
0.010750
0.016284
0.009067
-0.001425
0.003874
0.015397
0.008034
-0.003173
0.011776
0.013004
-0.002616
0.000888
0.010461
0.018846
0.017561
0.020606
0.025295
0.024820
0.007131
0.004374
0.012619
0.021164
0.005863
0.002433
0.014519
0.018764
-0.003652
-0.012634
0.006518
0.020063
0.019359
0.019531
0.011406
0.021337
0.022539
0.014809
0.006794
0.012437
0.010506
0.014339
0.019309
0.027423
0.046618
0.051974
0.056142
0.043241
0.052691
0.059683
0.028437
0.020361
0.010159
-0.000375
0.004013
0.004765
0.004210
-0.001425
0.008921
0.005725
-0.009910
-0.007160
0.008775
0.014623
0.012692
0.011689
0.011974
0.008942
0.001064
0.006714
0.004364
0.002222
0.000079
-0.007931
0.004294
0.006329
-0.008957
-0.006147
0.006383
0.013534
0.012491
0.012705
0.021362
0.028295
0.015389
0.001307
-0.002204
0.005497
0.006576
0.004820
0.010061
0.008086
0.005422
0.007675
0.015019
0.021864
0.032534
0.024048
0.025945
0.018931
0.002233
0.001595
0.008221
0.011390
0.002969
0.004349
0.008467
0.007332
0.011196
0.006780
0.007791
0.010748
0.009557
-0.000228
0.011937
0.020784
0.027227
0.019922
0.009347
0.016244
0.023716
0.038849
0.043547
0.050473
0.084800
0.078973
0.070256
0.047617
0.096574
0.083334
0.032290
0.031064
0.021135
0.010317
0.006797
0.010094
0.003625
0.001661
0.005806
0.001148
-0.009458
-0.020733
-0.002199
0.003678
-0.002006
-0.000801
0.013454
0.014162
0.006559
0.000191
0.007986
0.014728
-0.002474
-0.011022
0.008114
0.004595
-0.014966
-0.008736
0.010193
0.015125
0.028546
0.033723
0.019940
0.021266
0.023404
0.015023
0.016252
0.024046
0.017691
0.020548
0.021294
0.018858
0.010861
0.008788
0.026831
0.030770
0.045021
0.049865
0.030882
0.025486
0.015683
0.006160
0.005652
0.007104
0.005945
0.009054
0.012966
0.006140
0.005697
0.002251
0.000829
0.001927
0.013264
0.023634
0.024679
0.028054
0.024160
0.013633
0.003286
0.014295
0.022010
0.016200
0.014072
0.004244
-0.005025
0.000509
0.015826
0.021151
0.028700
0.037998
0.032921
0.030911
0.026226
0.019810
0.017739
0.023532
0.029584
0.022862
0.022243
0.023219
0.017527
0.010327
0.015889
0.025987
0.032446
0.028367
0.028259
0.029063
0.027590
0.015984
0.007346
0.010814
-0.002461
-0.000575
0.003683
0.008536
0.013204
0.006338
0.004078
0.005607
0.003118
0.004553
0.011151
0.011730
0.007256
-0.000784
0.000367
0.006773
0.010883
-0.001149
0.005339
0.002460
-0.006433
-0.011689
0.001700
0.005843
0.006677
0.010325
0.012647
0.015624
0.013331
0.000049
0.003919
0.005094
0.001011
-0.004467
0.003445
0.002810
-0.013896
-0.017906
0.006483
0.016419
0.014997
0.017131
0.014632
0.009695
0.013611
0.008930
-0.000017
-0.001270
-0.008706
-0.014382
0.003443
0.008458
-0.009165
-0.013564
-0.000300
0.013335
0.010681
0.010504
0.009866
0.006793
0.005490
0.005829
0.007857
0.009455
0.002951
-0.001619
0.005817
0.004136
-0.008508
-0.002974
0.014177
0.020045
0.009791
0.007988
0.005440
0.005215
-0.001202
-0.006984
-0.004855
0.003552
-0.003070
-0.007480
0.000122
0.003621
-0.010190
-0.011666
0.002400
0.017983
0.014549
0.016456
0.019984
0.017775
0.005642
0.009481
0.013197
0.012272
0.009061
0.012339
0.011072
0.011852
0.002296
-0.005363
0.006500
0.021196
0.030218
0.035278
0.022667
0.026104
0.027825
0.021849
0.017269
0.026307
0.021347
0.026955
0.029165
0.030554
0.039237
0.051862
0.052391
0.050953
0.056705
0.055173
0.045806
0.038922
0.024289
0.017600
0.021833
0.031760
0.023322
0.029079
0.022352
0.019805
0.005716
-0.000955
0.004014
0.011961
0.009436
0.002545
0.014634
0.017991
0.011474
-0.002095
0.001671
0.005775
0.004955
0.000239
0.000238
-0.000775
-0.004764
-0.008232
-0.001703
0.006940
0.015365
0.016783
0.016888
0.017613
0.014344
0.005320
0.003728
0.015621
0.012397
0.007017
0.010912
0.007214
-0.009865
-0.005951
0.013435
0.021441
0.021302
0.018065
0.014066
0.013527
0.007167
0.001111
0.003659
0.010467
0.007939
0.002981
0.006429
0.010095
-0.003415
-0.008345
0.004175
0.015979
0.020188
0.018497
0.022947
0.026916
0.018995
0.020027
0.021409
0.042167
0.035607
0.032088
0.030104
0.037597
0.062074
0.073572
0.064694
0.042148
0.061406
0.056107
0.040726
0.039926
0.014417
0.007298
0.009652
0.015910
0.015778
0.013652
0.012138
0.005755
0.000299
0.002125
0.010167
0.010735
0.019768
0.015256
0.019173
0.015394
0.016692
0.003154
0.005952
0.002818
-0.008607
-0.015185
-0.002101
0.002330
-0.010460
-0.020612
-0.000401
0.009064
0.001578
-0.005772
0.000781
0.008635
0.006898
-0.000954
0.006559
0.011160
0.001102
-0.007544
-0.001909
-0.003960
-0.003003
-0.004684
-0.004955
-0.002801
0.008224
0.012974
0.022156
0.028237
0.014244
-0.002573
0.006044
0.016623
0.012584
0.004989
0.002780
0.004265
-0.009434
-0.017985
0.001370
0.013593
0.015232
0.011816
0.012226
0.014726
0.006535
-0.000687
0.002413
0.007020
0.004754
-0.000449
0.007054
0.007001
0.000671
-0.001011
0.006628
0.011422
0.019313
0.027838
0.023683
0.019845
0.014895
0.005510
0.006095
0.009555
0.004845
0.001166
0.001746
-0.001497
-0.004275
-0.004390
0.002993
0.005809
0.004815
0.008286
0.002488
0.002040
0.003890
-0.004479
-0.001672
0.000572
-0.001204
-0.003614
-0.001934
-0.007710
-0.014131
-0.012778
0.001984
0.007122
0.012324
0.011991
0.007510
0.012559
0.007521
-0.005662
0.004378
0.015438
0.005768
0.000044
0.001443
0.010514
-0.007206
-0.009953
0.010843
0.024838
0.015150
0.010833
0.011897
0.014610
-0.004861
-0.012643
-0.000800
0.007178
0.002887
-0.005242
0.002934
0.009951
0.004949
-0.002958
-0.001116
0.010628
0.016279
0.017795
0.008190
0.001725
0.002987
0.002364
0.003758
0.000496
-0.010125
-0.016199
-0.004071
-0.002389
-0.007310
-0.013844
-0.002991
-0.000491
-0.003542
0.000048
0.014676
0.013083
0.001579
-0.006875
0.009812
0.017158
0.009875
-0.001513
0.007868
0.006692
-0.000228
-0.002909
0.008723
0.009067
0.000884
0.012436
0.020133
0.015033
0.008481
-0.001441
0.001215
0.003855
-0.003185
-0.005447
0.003987
-0.005212
-0.013926
-0.008885
0.003732
0.005000
0.008094
0.006643
0.015409
0.016124
0.019080
0.012211
0.003555
0.006938
0.012010
0.004359
0.008044
0.004244
0.003136
-0.002424
-0.007996
-0.003499
-0.002208
-0.000477
0.002993
0.013204
0.004069
-0.004014
0.001944
0.008460
0.014894
0.011661
0.009958
0.006855
-0.017089
-0.047308
-0.053731
