-0.008980
-0.000854
-0.017929
-0.016561
-0.053480
-0.028717
-0.057386
-0.069246
-0.043642
-0.059811
-0.072614
-0.026591
-0.040932
-0.006769
-0.029121
0.004940
-0.039111
-0.052945
-0.090975
-0.055457
-0.049479
-0.022680
-0.063436
-0.066974
-0.034602
-0.062687
-0.084567
-0.035576
-0.065146
-0.053164
-0.079043
0.002870
-0.027100
-0.039638
-0.067872
-0.043796
-0.027898
0.000157
-0.020363
-0.035713
0.001896
-0.017778
-0.045865
-0.017276
-0.021462
-0.031238
-0.025288
0.007259
0.009789
-0.001681
0.001943
0.019165
0.029722
0.035421
0.022186
0.027656
0.040312
0.026873
0.018269
0.023091
0.009485
-0.007456
0.006012
0.017251
0.018770
0.031317
0.038095
0.031401
0.028919
0.014781
0.002900
0.007421
0.014177
0.016579
0.007951
0.016376
0.022694
0.018396
0.016518
0.033128
0.052754
0.077657
0.082500
0.072339
0.080852
0.096772
0.072078
0.060884
0.069735
0.083503
0.075052
0.054796
0.044791
0.042649
0.051116
0.051316
0.052852
0.056242
0.070667
0.071389
0.068896
0.062667
0.063401
0.055161
0.056954
0.053893
0.070438
0.067265
0.070795
0.110288
0.164710
0.189598
0.168453
0.147518
0.142587
0.150807
0.169176
0.166275
0.143783
0.138920
0.138704
0.129694
0.134371
0.116470
0.113381
0.155635
0.190654
0.207354
0.173061
0.158002
0.169753
0.154540
0.146458
0.129076
0.096193
0.071136
0.080643
0.080458
0.077211
0.052357
0.055570
0.060008
0.067101
0.081018
0.082532
0.092603
0.085944
0.076952
0.074826
0.057405
0.035541
0.032729
0.037782
0.025009
0.029238
0.024397
0.030514
0.014529
0.014192
0.025789
0.043981
0.044586
0.043661
0.036426
0.034433
0.019693
0.022870
0.032857
0.032364
0.012168
0.013709
0.019248
0.025570
0.015087
0.001167
0.008562
0.014251
0.022094
0.029087
0.036008
0.029627
0.017128
0.009621
0.005690
0.012066
0.011061
0.014388
0.026261
0.037102
0.046779
0.065310
0.089319
0.085755
0.096228
0.086622
0.073678
0.065721
0.042986
0.034433
0.036017
0.025207
0.011578
0.016088
0.019357
0.011729
0.003649
-0.005722
0.000640
0.002363
0.006475
0.009359
-0.000283
-0.006932
0.005878
0.002644
-0.004835
-0.005897
-0.013970
-0.015452
0.000994
-0.004293
-0.014932
-0.009591
0.011696
0.019326
0.012948
-0.000236
0.002619
0.011367
0.018692
0.004170
-0.010942
-0.003599
-0.010834
-0.019562
-0.007407
-0.003266
0.011020
0.005319
-0.005251
0.001515
0.023968
0.021465
0.025869
0.014120
0.014121
0.010557
0.009953
0.003932
-0.009715
-0.016226
-0.008072
-0.015248
-0.018631
-0.018241
-0.009889
-0.001978
0.005135
0.007191
0.018450
0.014431
0.014245
0.004056
0.000575
0.003865
-0.003738
-0.015114
0.000744
-0.000960
-0.010398
-0.013293
0.006269
0.007962
-0.003721
0.000038
0.002004
0.009362
0.025245
0.011553
0.002395
0.014913
-0.003448
-0.016897
0.002080
0.005250
-0.011550
-0.013646
0.011469
0.022126
0.016861
0.024249
0.021430
0.033958
0.040480
0.029091
0.018401
0.029277
0.027838
0.023746
0.018762
0.012879
-0.008246
-0.006099
0.024586
0.035347
0.033715
0.037187
0.040882
0.044484
0.035032
0.024050
0.025967
0.039209
0.042630
0.055167
0.060080
0.070544
0.118509
0.136361
0.137798
0.109761
0.110415
0.095865
0.051473
0.045742
0.021971
0.006457
0.001087
0.003461
0.005020
0.003355
0.000780
0.001179
-0.003640
-0.011466
-0.003650
0.009940
0.020131
0.029529
0.026657
0.021313
0.020140
0.033195
0.037303
0.044369
0.027753
0.012384
0.036634
0.038221
-0.003689
-0.004961
0.032266
0.048075
0.047638
0.046695
0.036516
0.029582
0.026864
0.015981
0.007508
0.000492
-0.020616
-0.031495
-0.002676
0.006801
-0.006197
-0.015631
0.001630
0.012970
0.006709
0.002830
-0.001238
0.000399
0.002605
-0.003566
-0.000661
0.001748
-0.007665
-0.013632
-0.002365
0.009284
0.018262
0.013288
-0.003791
-0.007114
0.010194
0.029752
0.015404
-0.000465
0.000055
-0.000613
-0.000195
-0.004160
-0.016065
-0.017667
-0.001174
0.010631
-0.002488
-0.006759
0.012016
0.029240
0.036275
0.045635
0.034613
0.057494
0.069787
0.043586
0.033798
0.061874
0.073802
0.109685
0.147539
0.197510
0.242334
0.321508
0.358914
0.318205
0.269710
0.260188
0.250647
0.260425
0.263885
0.281469
0.292306
0.310909
0.312662
0.356204
0.392984
0.454406
0.474937
0.461651
0.436885
0.380686
0.301804
0.245088
0.192049
0.191257
0.159863
0.100060
0.075230
0.081482
0.070281
0.079752
0.059173
0.063680
0.046452
0.037905
0.037662
0.050404
0.056023
0.066641
0.077205
0.091166
0.103320
0.110333
0.114307
0.109861
0.122179
0.152712
0.161998
0.194602
0.246498
0.309177
0.335140
0.302515
0.246844
0.221183
0.204286
0.186671
0.149788
0.112423
0.074163
0.063415
0.063988
0.065259
0.052566
0.058354
0.035900
0.022375
0.034554
0.051809
0.068172
0.058256
0.068156
0.077681
0.054247
0.043999
0.041230
0.050794
0.025597
0.010329
0.013622
0.014427
-0.000351
-0.001208
0.018810
0.023697
0.013611
0.019314
0.000541
0.009882
0.015137
0.012689
0.012502
0.019347
-0.009013
-0.014708
0.003087
0.015279
0.000274
-0.002935
0.023836
0.022454
0.000866
-0.007901
0.003754
0.015325
0.011849
-0.005502
0.004881
0.002727
-0.024300
-0.032454
-0.007500
-0.013727
-0.006337
-0.002910
-0.000615
-0.014673
-0.022806
-0.039463
-0.003507
-0.004012
0.005583
-0.009208
-0.007267
-0.004355
-0.022331
-0.023902
-0.013369
-0.019697
-0.018916
-0.024540
-0.006032
-0.008758
-0.019423
-0.020799
-0.008427
-0.008591
-0.009158
-0.029333
-0.015560
-0.014364
-0.033550
-0.039021
-0.014774
-0.011104
-0.013183
-0.016040
0.004013
0.001231
-0.005055
-0.016370
-0.016847
-0.019110
-0.004809
-0.015699
-0.006247
-0.009794
-0.029735
-0.032030
-0.012926
-0.012547
-0.019883
-0.024366
-0.019588
-0.017339
-0.008008
-0.018649
-0.008292
-0.011510
-0.005935
-0.028686
-0.018721
-0.009461
-0.035215
-0.045271
-0.019130
-0.015167
-0.024030
-0.031505
0.001098
0.007146
-0.009349
-0.031670
-0.012508
-0.006548
0.000580
-0.023967
-0.011240
0.001629
-0.024216
-0.041521
-0.024814
-0.011967
-0.005955
-0.016945
-0.010883
-0.010654
-0.004521
-0.020014
-0.001292
-0.009775
-0.019439
-0.035668
-0.010859
0.001392
-0.015938
-0.030642
-0.004966
-0.013301
-0.017848
-0.013014
0.004627
0.004869
-0.007693
-0.023412
-0.011287
-0.005330
0.013976
-0.009207
-0.019457
-0.008398
-0.020212
-0.035691
-0.008935
-0.014885
-0.017346
-0.028279
0.002503
-0.006227
-0.015070
-0.034779
-0.011763
-0.011006
0.000535
-0.022948
-0.025599
-0.010474
-0.021030
-0.033599
-0.011330
-0.024866
-0.028618
-0.024818
0.004903
-0.004274
-0.016974
-0.019272
-0.005325
-0.005930
0.015646
-0.001633
-0.005841
-0.006804
-0.020470
-0.018004
-0.008031
-0.012418
-0.024129
-0.024169
0.006578
0.015896
0.010467
0.006344
0.006560
0.006382
-0.002710
-0.015444
-0.000775
-0.002205
-0.021678
-0.021865
-0.008199
0.003908
0.004203
-0.007545
0.002560
0.013735
0.006715
0.002004
-0.001404
0.007259
0.005575
-0.002944
-0.003327
0.005348
-0.019115
-0.030843
-0.008125
0.000905
-0.021017
-0.012934
0.007062
0.019279
0.015306
0.016892
0.016555
0.014323
0.007069
0.011857
0.009008
0.015454
0.012413
0.007697
0.010476
0.009115
0.004075
0.009559
0.021794
0.023308
0.025246
0.023647
0.032578
0.023032
0.015885
0.006810
0.004990
-0.003940
-0.012346
-0.013320
-0.001696
0.002362
-0.001995
-0.003479
0.008238
0.011093
0.002286
-0.008387
-0.021845
-0.011676
0.001043
-0.021948
-0.020478
-0.015889
-0.032230
-0.037995
-0.018975
-0.023325
-0.017733
-0.021924
-0.004338
-0.002628
-0.007638
-0.025547
-0.005768
-0.001211
0.004940
-0.015777
-0.008795
-0.001604
-0.011586
-0.022699
-0.010209
-0.014230
-0.005855
-0.022369
-0.001965
-0.008520
-0.011324
-0.023189
-0.008830
-0.016175
-0.000055
-0.006374
-0.004709
-0.004802
-0.025952
-0.037854
-0.009059
-0.007899
-0.018609
-0.024936
0.005398
0.005132
-0.010998
-0.023436
-0.003520
0.007475
0.021922
-0.001950
-0.011160
-0.006274
-0.025902
-0.035223
-0.006029
-0.004799
-0.017163
-0.021325
-0.001398
-0.002043
-0.008332
-0.013955
-0.000199
-0.001294
-0.000742
-0.012623
-0.023968
-0.009455
-0.018875
-0.031902
-0.007394
-0.019137
-0.007605
-0.015833
-0.003270
-0.021822
-0.023648
-0.030575
0.003662
-0.000571
0.003615
-0.021147
-0.021987
-0.006524
-0.020476
-0.035773
-0.010423
-0.018750
-0.023546
-0.028958
0.001763
0.002772
-0.013477
-0.012395
0.002422
0.015288
0.035480
0.023667
0.015849
0.036131
0.020644
-0.014473
0.004104
0.006601
-0.012986
-0.009886
0.019562
0.037415
0.068794
0.066865
0.045128
0.033661
0.048591
0.060264
0.059353
0.058933
0.050957
0.033020
0.052525
0.033248
0.004603
-0.012585
0.015729
0.009304
0.006285
-0.009850
-0.009373
-0.003688
-0.002602
-0.014018
-0.002156
0.001852
-0.022021
-0.030253
-0.006238
-0.021366
-0.014052
-0.018374
-0.008313
-0.019401
-0.023881
-0.033961
-0.010899
-0.010586
0.010056
-0.008420
-0.012872
-0.007298
-0.016164
-0.022587
-0.004483
-0.018952
-0.022148
-0.024414
-0.009133
-0.013043
-0.009321
-0.006728
0.003419
-0.002793
0.007014
-0.005278
-0.008860
-0.002565
-0.014188
-0.016831
-0.009241
-0.010565
-0.020984
-0.025952
0.000770
0.007372
-0.002380
-0.004102
0.000941
0.006966
0.003783
-0.007353
-0.006649
-0.003237
-0.005823
-0.011517
0.012827
0.006180
-0.006851
-0.005610
0.008444
0.009986
0.014014
-0.000459
0.004723
0.001559
0.007094
-0.011516
-0.002223
-0.005739
-0.016005
-0.019067
0.000624
-0.012196
-0.002839
-0.017595
-0.000826
-0.017567
-0.035317
-0.031848
-0.004298
-0.007874
0.004064
-0.015245
-0.008663
-0.003807
-0.026025
-0.029490
-0.005315
-0.011823
-0.023969
-0.029546
0.003918
0.003887
-0.005317
-0.018340
-0.013435
-0.012896
0.006445
-0.016501
-0.020002
-0.000971
-0.009508
-0.026007
-0.008502
-0.017965
-0.022548
-0.015785
0.003232
-0.003889
-0.000836
0.003337
0.007092
-0.003652
0.012494
0.007583
0.003304
0.002049
-0.013217
-0.015342
-0.006762
-0.006677
-0.019800
-0.015357
0.003352
0.017405
0.013575
0.012008
0.010137
0.007083
0.005639
0.007848
0.004064
0.002581
-0.017434
-0.018048
-0.001148
0.003278
-0.016090
-0.015784
0.006624
0.015520
0.008952
0.003885
0.002971
0.002328
-0.002061
-0.006537
0.002106
0.001350
-0.015848
-0.028617
-0.004228
-0.000848
0.000865
-0.006285
-0.005425
-0.007237
-0.011239
-0.012360
-0.004971
-0.008158
0.007646
-0.004258
-0.014925
-0.013617
-0.026099
-0.034453
-0.015947
-0.019167
-0.015037
-0.016661
0.002537
-0.000449
-0.012830
-0.012830
0.000722
-0.006340
0.003624
-0.008571
-0.002248
-0.002569
-0.031311
-0.032485
-0.009663
-0.013905
-0.017175
-0.019612
0.007553
0.007770
-0.011418
-0.017984
-0.015417
-0.009035
0.006351
-0.013502
-0.019012
-0.003167
-0.018322
-0.032816
-0.007233
-0.006263
-0.026525
-0.024914
0.006175
0.012289
0.000744
-0.006404
0.005174
0.010258
0.015914
0.006295
0.000487
0.004003
-0.015564
-0.024747
0.002569
0.005327
-0.013572
-0.011194
0.012397
0.016397
0.007728
0.002188
0.009774
0.009193
0.010740
0.002094
-0.001758
-0.003739
-0.012013
-0.019235
0.000763
-0.003149
-0.010909
-0.012763
-0.001465
0.008882
0.003106
-0.005311
-0.004456
-0.004155
-0.003709
-0.008912
-0.008463
-0.012680
-0.022282
-0.021057
-0.004678
-0.000982
-0.007118
-0.016453
-0.003424
0.008008
0.002989
-0.002175
-0.000306
-0.005058
0.000522
-0.011595
-0.016220
-0.005386
-0.026966
-0.035082
-0.012600
-0.007354
-0.009735
-0.019457
0.005328
0.012160
-0.006301
-0.023955
-0.017413
-0.006659
0.008680
-0.003262
0.000217
0.009351
-0.020568
-0.037016
-0.009533
-0.006909
-0.015606
-0.019846
0.002758
0.003749
-0.024918
-0.036710
-0.010120
-0.003869
0.006929
-0.013166
-0.012131
-0.006168
-0.022609
-0.036097
-0.032249
-0.029885
-0.002146
-0.010546
-0.005220
-0.021511
-0.027991
-0.034851
0.001280
-0.009565
0.000783
-0.022337
-0.011425
-0.014004
-0.036112
-0.048759
-0.028500
-0.041520
-0.031687
-0.044304
-0.007413
-0.015143
-0.023721
-0.055979
-0.017034
-0.007224
0.014334
-0.023149
-0.029055
-0.011461
-0.040486
-0.055743
-0.037306
-0.035719
-0.031178
-0.040351
-0.025811
-0.027981
-0.016976
-0.038056
-0.026984
-0.024162
0.001808
-0.030929
-0.029682
-0.015271
-0.039264
-0.051315
-0.023486
-0.035439
-0.039245
-0.034992
0.000156
-0.002280
-0.017972
-0.032984
-0.010907
-0.000746
0.014780
-0.009890
-0.016246
-0.001414
-0.028311
-0.039014
-0.007050
-0.015091
-0.024511
-0.033364
-0.004578
-0.002456
-0.016032
-0.039065
-0.017097
-0.013311
0.005926
-0.008359
-0.017959
-0.007893
-0.031042
-0.044100
-0.023869
-0.031204
-0.009905
-0.018540
0.000925
-0.017311
-0.018453
-0.032835
-0.007173
-0.011541
0.001770
-0.028286
-0.026197
-0.001561
-0.034177
-0.043031
-0.020162
-0.028816
-0.031160
-0.038511
-0.002556
0.005409
-0.020525
-0.028093
-0.002277
0.005297
0.016479
0.009321
-0.004124
0.005647
-0.017201
-0.029524
-0.008186
-0.006474
-0.017266
-0.012850
0.022817
0.027179
0.018071
0.015217
0.010479
0.007279
0.015988
0.012552
0.001302
-0.001297
-0.017713
-0.021460
0.003728
0.004658
-0.014462
-0.012119
0.006456
0.008823
0.013751
0.019160
0.008145
0.020225
0.030027
0.013803
0.014109
0.035927
0.027324
0.016695
0.016323
0.005668
0.002031
0.019560
0.049790
0.062177
0.074158
0.059136
0.051077
0.045877
0.031839
0.010123
-0.001409
-0.003559
-0.006750
-0.006986
0.003174
0.011061
0.009117
0.002553
0.002694
0.012654
0.007757
0.005561
0.005449
0.003276
0.013991
0.007063
-0.001042
-0.002321
-0.015991
-0.020624
-0.008369
-0.006844
-0.014508
-0.012576
0.006346
0.010230
0.005725
0.006756
-0.000709
0.001305
0.017598
-0.000999
-0.008192
-0.005619
-0.014832
-0.025500
-0.003554
-0.005224
-0.007951
-0.006768
0.010605
0.006005
-0.005931
-0.011683
0.004465
-0.003750
0.004028
-0.007137
-0.011124
-0.013105
-0.025299
-0.028683
-0.009551
-0.016228
-0.013031
-0.013561
0.006976
-0.000536
-0.024723
-0.024611
-0.019578
-0.014869
0.003104
-0.012879
-0.027001
-0.019496
-0.039359
-0.044208
-0.021124
-0.028017
-0.008700
-0.023938
0.010880
-0.004993
-0.023711
-0.053341
-0.031628
-0.026968
-0.002419
-0.033590
-0.032033
-0.014573
-0.039783
-0.065053
-0.041218
-0.049152
-0.032603
-0.048302
-0.001555
-0.016668
-0.038669
-0.072171
-0.030116
-0.025211
0.004861
-0.017875
-0.019091
-0.005971
-0.042482
-0.059352
-0.030302
-0.036566
-0.031277
-0.035790
-0.000767
-0.017233
-0.033869
-0.040328
-0.006368
-0.007267
0.001034
-0.019666
-0.014622
-0.007097
-0.024159
-0.033756
-0.020088
-0.024081
-0.022387
-0.027548
-0.008793
-0.006123
-0.006744
-0.021071
-0.000168
-0.000715
-0.000860
-0.011024
0.000716
-0.000006
-0.014116
-0.019142
-0.004246
-0.006261
-0.015892
-0.018429
-0.000363
0.005846
-0.000443
-0.006894
0.001009
0.003233
0.006178
-0.008905
-0.002688
-0.004166
-0.021191
-0.028193
-0.005345
-0.003485
-0.013474
-0.020552
-0.000910
0.009517
0.010417
-0.004314
-0.005242
-0.005900
-0.004565
-0.012841
0.001132
-0.002059
-0.020914
-0.026479
-0.005091
0.002453
-0.001107
-0.005975
-0.000583
0.002907
0.001451
-0.006434
-0.020171
-0.017470
-0.005163
-0.014978
-0.017391
-0.011815
-0.029069
-0.032041
-0.012526
-0.014743
-0.025172
-0.023696
-0.004627
0.004197
-0.000255
-0.019805
-0.007668
-0.002526
0.004650
-0.016096
-0.012216
-0.007727
-0.028410
-0.045694
-0.016297
-0.009692
-0.004646
-0.019402
-0.010899
-0.009422
-0.013668
-0.024130
-0.003147
-0.017700
-0.009994
-0.022439
-0.016132
-0.009609
-0.031095
-0.045764
-0.014190
-0.019806
-0.023731
-0.023590
-0.001269
-0.007385
-0.008561
-0.023783
-0.009360
-0.005963
0.013725
-0.009677
-0.005088
-0.001018
-0.020559
-0.029461
-0.014452
-0.015287
-0.020941
-0.022291
-0.000848
-0.003415
-0.005647
-0.018154
-0.011256
-0.002645
0.001686
-0.016756
-0.011994
-0.009821
-0.029866
-0.027462
-0.018334
-0.012748
-0.012878
-0.021962
-0.002495
-0.000473
-0.005240
-0.014686
-0.001884
-0.001411
0.013034
-0.003985
-0.009042
-0.006873
-0.022699
-0.029462
-0.020217
-0.012181
-0.013185
-0.016258
-0.005111
0.003257
-0.005770
-0.009386
-0.005195
0.001437
0.010375
-0.008348
-0.005813
-0.003240
-0.025838
-0.032395
-0.011072
-0.010841
-0.020496
-0.021563
0.003266
0.001420
-0.008729
-0.012511
0.001959
0.002549
0.015198
-0.005293
-0.012626
-0.006918
-0.021230
-0.043306
-0.024315
-0.014542
0.004485
-0.005577
0.000363
-0.004031
-0.012763
-0.025275
-0.001549
0.000229
0.015164
-0.018271
-0.021938
-0.013099
-0.035743
-0.046210
-0.015192
-0.026085
-0.026566
-0.037373
0.007674
-0.003848
-0.020818
-0.040941
-0.010640
-0.007222
0.002745
-0.026754
-0.018406
-0.004089
-0.033742
-0.043497
-0.026546
-0.025754
-0.035666
-0.032908
0.000784
0.002373
-0.013364
-0.032893
-0.019598
-0.007980
0.008596
-0.019834
-0.017671
-0.011861
-0.032696
-0.034374
-0.014336
-0.019920
-0.024669
-0.025602
0.004228
0.009838
0.001130
-0.009387
-0.012868
-0.005161
0.008304
-0.008856
-0.010706
-0.003718
-0.021235
-0.022308
-0.009893
-0.004393
-0.010320
-0.014605
-0.000157
0.009626
0.001535
-0.007975
0.001804
0.002211
0.002370
0.000370
-0.003154
-0.003180
-0.014986
-0.017994
-0.004724
0.000968
-0.004739
-0.019349
0.003722
0.005353
-0.001140
-0.020517
-0.017889
-0.012100
0.015478
-0.007508
-0.014222
-0.005982
-0.026442
-0.034363
-0.015800
-0.023935
-0.012746
-0.011303
-0.000749
-0.008232
-0.017920
-0.029455
-0.014448
-0.006005
0.013262
-0.015933
-0.028898
-0.018154
-0.025404
-0.020893
-0.007491
-0.028868
-0.023596
-0.021694
0.000681
-0.001809
-0.020203
-0.026580
-0.003713
0.001555
0.002957
-0.013764
-0.009551
-0.006029
-0.018395
-0.029013
-0.009765
-0.007313
-0.013587
-0.020775
-0.001434
-0.000215
-0.000993
0.000198
0.000547
-0.002511
-0.001067
-0.003389
0.000710
-0.003728
-0.011050
-0.020191
-0.007851
-0.000529
-0.002312
-0.012691
0.002009
0.014736
0.011483
0.004651
0.004381
0.010823
0.006780
-0.007096
-0.004825
-0.001952
-0.016414
-0.018150
0.000410
0.008328
-0.010292
-0.018471
-0.000378
0.011321
-0.000636
-0.002331
-0.007515
-0.003628
0.006680
0.005445
-0.000493
-0.004021
-0.019629
-0.027620
-0.004608
-0.002134
-0.016026
-0.013712
0.009159
0.016874
0.008841
0.000438
0.001952
0.003908
0.003371
-0.013019
-0.014438
-0.005807
-0.022106
-0.026685
-0.008181
-0.003975
-0.012514
-0.013708
0.002647
0.011931
0.004893
-0.011463
-0.010522
-0.008970
-0.002454
-0.010678
-0.012291
-0.006698
-0.024798
-0.034185
-0.021883
-0.006263
0.000372
-0.014155
0.004833
0.011059
-0.009892
-0.024742
-0.016155
-0.012465
0.004977
-0.011547
-0.012163
-0.001694
-0.021091
-0.029917
-0.014590
-0.012949
-0.027108
-0.027900
0.001515
0.011310
0.003530
-0.000299
-0.000474
0.004263
0.005654
-0.013321
-0.006337
0.000522
-0.020523
-0.026043
-0.008048
-0.002728
-0.014776
-0.013810
-0.000351
0.004694
0.003109
-0.006048
-0.009162
-0.003880
0.004832
-0.012749
-0.012208
-0.008405
-0.024228
-0.037398
-0.016167
-0.019599
-0.012123
-0.016265
0.000632
0.004211
-0.024004
-0.025323
-0.006695
-0.004280
0.015752
-0.006237
-0.020271
-0.020072
-0.025753
-0.033434
-0.014101
-0.018279
-0.015694
-0.025341
-0.009314
-0.009511
-0.009082
-0.021233
-0.015459
-0.015144
0.009553
-0.011316
-0.016664
-0.008920
-0.031891
-0.046027
-0.019552
-0.022701
-0.028067
-0.025066
0.002392
0.002005
-0.011240
-0.023382
-0.011062
-0.011569
0.012429
-0.011819
-0.024746
-0.004616
-0.033816
-0.046162
-0.023843
-0.029620
-0.027077
-0.030571
0.001542
-0.010034
-0.034656
-0.046405
-0.015278
-0.017947
0.000749
-0.018028
-0.020615
-0.019496
-0.043977
-0.051448
-0.009533
-0.027118
-0.033743
-0.038788
-0.001151
-0.012688
-0.026027
-0.038417
-0.005181
-0.010995
-0.000754
-0.014913
-0.011101
-0.006948
-0.021124
-0.028273
-0.010192
-0.020991
-0.028306
-0.022393
-0.001713
-0.004986
-0.002705
-0.015229
-0.001806
-0.007840
0.005520
-0.012027
-0.010341
-0.008211
-0.023827
-0.032998
-0.009829
-0.017929
-0.016122
-0.009338
0.003783
-0.007595
-0.018799
-0.022467
-0.000681
-0.000596
0.009262
-0.003601
-0.010080
-0.012981
-0.030775
-0.030889
-0.006381
-0.012020
-0.015090
-0.021454
0.008592
0.009361
-0.001950
-0.017526
-0.011736
-0.006148
0.002942
-0.021690
-0.013470
-0.008647
-0.025176
-0.030772
-0.017301
-0.015535
-0.019059
-0.019412
0.008006
0.011443
0.004246
-0.010421
-0.006572
-0.006787
0.000877
-0.021183
-0.020519
-0.017247
-0.037957
-0.042917
-0.024960
-0.019122
-0.006149
-0.020464
-0.005837
-0.010405
-0.021397
-0.044234
-0.024520
-0.019641
-0.004957
-0.027945
-0.024093
-0.012787
-0.033242
-0.033632
-0.010769
-0.036583
-0.020898
-0.014374
-0.006598
-0.019613
-0.025345
-0.020539
0.007911
0.008948
0.018543
0.011758
0.005648
0.012786
0.026268
0.015031
0.018027
-0.001026
-0.038515
-0.062525
-0.055048
