-0.010033
0.002463
-0.012864
-0.019783
-0.053743
-0.008420
-0.053228
-0.093274
-0.047859
-0.049369
-0.052329
-0.019933
-0.044915
-0.007726
-0.036774
-0.002579
-0.030966
-0.037383
-0.059044
-0.039443
-0.028486
0.006191
-0.012732
-0.021705
0.012447
-0.003801
-0.025903
0.007521
-0.000429
-0.034447
-0.016929
0.024010
0.035626
0.037008
0.039938
0.038393
0.033994
0.018778
0.015963
0.018235
0.021041
0.015871
0.014583
0.010226
0.016891
0.009627
0.001578
0.008612
0.021827
0.027588
0.035510
0.027474
0.025869
0.022495
0.019568
0.018596
0.027277
0.023672
0.017340
0.021448
0.024584
0.014843
0.018183
0.022110
0.030862
0.042381
0.048722
0.040560
0.045180
0.040971
0.029856
0.023077
0.033982
0.028835
0.026409
0.024192
0.025257
0.021414
0.025812
0.024321
0.030864
0.038389
0.042521
0.040284
0.034459
0.019798
0.014032
0.011825
0.020908
0.014530
0.003915
0.010875
0.022115
0.001796
-0.000437
0.020610
0.036437
0.035029
0.023610
0.015872
0.019849
0.011985
0.006929
0.015006
0.019959
-0.000856
0.003076
0.016399
0.019188
0.011555
-0.000451
0.015000
0.014969
0.000033
-0.014953
-0.004590
-0.004532
0.007780
-0.021091
-0.022259
-0.006526
-0.036473
-0.042531
-0.006666
-0.022004
-0.021428
-0.024341
0.009476
0.004019
-0.016120
-0.030997
-0.018748
-0.013460
0.016672
-0.000724
-0.014397
0.003170
-0.022446
-0.028204
-0.001868
-0.012809
-0.042161
-0.028488
0.010639
0.022588
0.009355
0.014513
0.009008
0.015121
0.007679
0.005676
0.001922
0.016176
0.003712
-0.007510
0.000222
0.010622
-0.001457
0.004861
0.024962
0.030713
0.033664
0.037125
0.036717
0.054419
0.062038
0.056399
0.050883
0.057359
0.051187
0.048131
0.053084
0.059134
0.063553
0.086153
0.091743
0.086367
0.080385
0.078407
0.064772
0.055955
0.042681
0.031982
0.032922
0.036829
0.018773
0.018379
0.027913
0.036800
0.022387
0.012559
0.016299
0.026577
0.024333
0.002956
-0.016018
-0.006144
0.011753
-0.016227
-0.027468
-0.010179
-0.049424
-0.063970
-0.019478
-0.030335
-0.012151
-0.052353
-0.010504
-0.036842
-0.038129
-0.083425
-0.057932
-0.031863
-0.006879
-0.030557
-0.034244
-0.003920
-0.003447
-0.024592
-0.024792
-0.002852
0.068493
0.075804
0.080998
0.033229
0.088294
0.081908
0.043609
0.052406
0.047955
0.036934
0.018463
0.039776
0.067414
0.107905
0.131025
0.153283
0.275561
0.321328
0.364046
0.258222
0.247892
0.202377
0.097039
0.096875
0.084700
0.067726
0.047574
0.066303
0.108738
0.147360
0.128089
0.129636
0.189585
0.184902
0.190573
0.119056
0.153943
0.121274
0.050414
0.041826
0.031227
0.025107
0.031307
0.012906
0.012300
0.011155
0.011863
-0.002925
0.019544
-0.001742
0.015246
-0.002325
-0.007227
-0.041531
-0.021825
-0.026888
0.019348
-0.049405
-0.093421
-0.048262
-0.070348
-0.103647
-0.047166
-0.090921
-0.031167
-0.094638
-0.031123
-0.105837
-0.094139
-0.209366
-0.150026
-0.106677
-0.055883
-0.103545
-0.086979
-0.047127
-0.089612
-0.134909
-0.063961
-0.114472
-0.096083
-0.138455
0.000583
-0.061495
-0.067359
-0.158369
-0.110822
-0.071825
-0.060713
-0.117817
-0.100813
-0.049048
-0.086326
-0.122473
-0.056016
-0.101517
-0.080709
-0.120912
-0.008265
-0.067942
-0.081642
-0.138054
-0.094010
-0.085078
-0.059024
-0.087546
-0.058166
-0.025033
-0.081004
-0.105502
-0.043958
-0.073200
-0.068324
-0.081930
-0.005176
-0.019482
-0.051077
-0.071771
-0.032807
-0.019485
0.022536
-0.000358
-0.014642
0.002286
-0.027905
-0.044087
-0.006260
-0.012723
-0.040655
-0.039422
0.008645
0.004537
-0.009022
-0.011431
-0.014666
-0.006505
0.001018
-0.014623
-0.012307
0.000774
-0.029347
-0.041876
-0.009300
-0.008261
-0.014682
-0.017975
0.011082
0.011656
-0.002330
-0.015410
-0.004427
-0.005831
0.010770
-0.000165
-0.014743
-0.006334
-0.019296
-0.030974
0.002738
-0.002109
-0.016170
-0.014477
0.018270
0.018835
0.004464
-0.000228
-0.014376
-0.008509
0.010668
-0.002229
-0.015219
0.002028
-0.030118
-0.043309
0.002490
-0.010921
-0.028000
-0.022558
0.011176
0.007274
-0.011256
-0.004032
-0.005950
0.008235
0.019042
0.008438
0.010911
0.027506
0.014159
0.008131
0.033164
0.031714
0.035973
0.068899
0.085273
0.085471
0.091097
0.103009
0.120103
0.133249
0.147106
0.166144
0.174335
0.179859
0.200437
0.244674
0.295302
0.350018
0.361772
0.361690
0.330193
0.274541
0.204733
0.154956
0.080025
0.065171
0.047366
0.031538
0.029766
0.032543
0.025793
0.032189
0.025905
0.026444
0.019402
0.003898
0.006907
0.021003
0.022275
0.023639
0.018201
0.018954
0.014019
0.010702
0.007729
0.013444
0.007918
0.004295
0.005800
0.009167
-0.003854
-0.003357
0.012548
0.021815
0.019008
0.024815
0.026915
0.029728
0.018408
0.013253
0.013472
0.023017
0.019207
0.016106
0.019625
0.022162
0.009332
0.016019
0.030537
0.038907
0.040451
0.046981
0.046625
0.045729
0.029915
0.026293
0.027857
0.028636
0.012952
0.014086
0.020753
0.028654
0.012414
0.007003
0.020695
0.030213
0.034290
0.014732
-0.004810
0.000166
0.008060
-0.014264
-0.009995
-0.006638
-0.026544
-0.033895
0.003066
-0.002122
0.000978
-0.017164
-0.001287
-0.006839
-0.020026
-0.038855
-0.028146
-0.031029
-0.011998
-0.009616
-0.006784
-0.011829
-0.022361
-0.030661
-0.007612
-0.014454
-0.012018
-0.018159
-0.005333
-0.006884
-0.023136
-0.025395
-0.004766
0.002843
0.020989
0.007465
0.004855
0.021645
0.020951
0.015893
0.021353
0.017958
0.038685
0.052200
0.072116
0.051411
0.079158
0.065284
0.038639
0.047229
0.031967
0.016909
0.018740
0.033509
0.026145
0.028861
0.023080
0.010918
0.001088
0.006838
0.013145
0.012630
0.023380
0.028091
0.037307
0.036686
0.031768
0.037450
0.033356
0.045528
0.055944
0.064296
0.052139
0.047632
0.073670
0.095178
0.103463
0.064370
0.075948
0.077217
0.047331
0.045610
0.032851
0.032503
0.026718
0.035724
0.045223
0.050089
0.041107
0.029022
0.025151
0.017264
0.026043
0.031368
0.046344
0.048072
0.033918
0.028279
0.019088
0.014031
0.011576
0.014341
0.019618
0.017527
0.013428
0.006935
-0.001611
-0.000032
0.014372
0.019145
0.021005
0.028776
0.029358
0.028625
0.031121
0.029509
0.028722
0.041820
0.044858
0.059330
0.060528
0.068209
0.115842
0.118423
0.115061
0.066593
0.089405
0.093348
0.042756
0.049017
0.044561
0.022683
0.008168
0.015503
0.032559
0.048725
0.040290
0.019470
0.050805
0.082559
0.109627
0.086031
0.079017
0.076515
0.035682
0.026348
0.018909
0.017925
0.018225
0.023229
0.021089
0.023314
0.021256
0.017108
-0.001166
0.002277
0.016264
0.026220
0.035546
0.036491
0.032867
0.034651
0.039307
0.035918
0.041945
0.064569
0.064095
0.071767
0.096161
0.118827
0.179819
0.194162
0.201755
0.120023
0.149470
0.128742
0.054237
0.058674
0.060442
0.052727
0.046976
0.072120
0.092481
0.145305
0.161510
0.186562
0.262518
0.269603
0.302516
0.238984
0.245366
0.176449
0.078390
0.072196
0.070689
0.034032
0.002592
-0.014014
-0.033538
-0.039599
-0.021532
-0.038668
0.007798
-0.040571
-0.004860
-0.046744
-0.048719
-0.088509
-0.049281
-0.066963
-0.040241
-0.064886
-0.058217
-0.020786
-0.060186
-0.092362
-0.047461
-0.059521
-0.075622
-0.098318
0.002432
-0.006541
-0.046915
-0.089068
-0.038201
-0.032541
-0.002042
-0.025211
-0.022203
-0.006573
-0.032806
-0.050671
-0.018342
-0.020772
-0.029492
-0.031625
-0.006954
0.001639
-0.000152
-0.004716
0.008422
0.022775
0.052639
0.059240
0.053558
0.085753
0.136634
0.235599
0.390252
0.487285
0.582123
0.586486
0.592492
0.467910
0.396254
0.297680
0.117186
0.117817
0.101043
0.067781
0.036103
0.030628
0.042694
0.060831
0.024035
-0.004301
-0.010170
-0.009407
0.015723
0.021255
0.044058
0.046974
0.038349
0.037593
0.043936
0.035462
0.037569
0.053687
0.067414
0.079372
0.094715
0.105266
0.152583
0.184686
0.192917
0.134696
0.137948
0.125619
0.056175
0.054700
0.036015
0.028934
0.032075
0.050150
0.061876
0.093760
0.094727
0.099674
0.148888
0.174111
0.177768
0.125055
0.130697
0.124885
0.060313
0.061494
0.046292
0.047053
0.049686
0.072327
0.094101
0.124126
0.113809
0.113661
0.154592
0.185820
0.192678
0.140988
0.126945
0.123854
0.074790
0.065255
0.050747
0.043643
0.036728
0.045017
0.051927
0.055608
0.046041
0.030947
0.007564
0.009685
0.030483
0.037904
0.036407
0.032697
0.028526
0.026955
0.018497
0.012829
0.001662
-0.001485
-0.011247
-0.009480
-0.000098
0.009785
-0.005824
-0.007028
0.019012
0.032133
0.020998
0.017118
0.012774
0.010012
0.009055
0.007289
0.009389
0.003769
-0.015166
-0.029175
0.001270
0.007713
0.008160
-0.007880
0.015752
0.005682
-0.000021
-0.021868
-0.020801
-0.022816
-0.002797
-0.031952
-0.041620
-0.021120
-0.053556
-0.061169
-0.026113
-0.031596
-0.031120
-0.036405
-0.003911
-0.005328
-0.026924
-0.029576
-0.010120
0.004710
0.018953
0.022253
0.030642
0.068834
0.078279
0.124872
0.222892
0.263659
0.357775
0.418157
0.470502
0.354139
0.293593
0.223502
0.106155
0.096227
0.073786
0.061715
0.044979
0.066364
0.085030
0.127555
0.107409
0.110893
0.168778
0.176607
0.184018
0.121509
0.150011
0.125897
0.054822
0.052824
0.034432
0.025997
0.023008
0.037446
0.027906
0.031172
0.016315
0.009111
0.013148
0.006838
0.006561
0.008458
0.020090
0.011363
0.027468
0.033978
0.033733
0.030975
0.035401
0.042782
0.042404
0.043251
0.039499
0.025165
0.034181
0.051096
0.060181
0.046853
0.090050
0.080322
0.046084
0.043692
0.032147
0.023821
0.010981
0.024319
0.027862
0.049293
0.059823
0.069292
0.115657
0.132668
0.164145
0.106854
0.135405
0.127330
0.057184
0.053698
0.052461
0.052139
0.045966
0.058767
0.069725
0.078390
0.064574
0.061778
0.083655
0.079430
0.080458
0.054965
0.088064
0.088203
0.055463
0.056708
0.060117
0.054985
0.038346
0.067881
0.105941
0.164298
0.214849
0.251821
0.339182
0.395939
0.421796
0.320024
0.266104
0.217987
0.100843
0.084586
0.057775
0.044571
0.038523
0.047288
0.050022
0.053803
0.034237
0.014962
0.025489
0.035997
0.050556
0.038685
0.058850
0.065538
0.052938
0.042215
0.038569
0.043151
0.048043
0.058226
0.064910
0.090701
0.111747
0.115142
0.138565
0.164825
0.181578
0.138206
0.142662
0.127541
0.054420
0.050741
0.044721
0.040555
0.020686
0.034509
0.051268
0.062584
0.050819
0.043656
0.058899
0.057951
0.056463
0.050839
0.072147
0.064244
0.047613
0.054122
0.043508
0.032156
0.024134
0.038341
0.048398
0.072298
0.087931
0.107407
0.162933
0.171035
0.190239
0.134306
0.172322
0.156482
0.070849
0.071678
0.075062
0.073532
0.043817
0.068978
0.107540
0.161914
0.211711
0.243514
0.336606
0.380170
0.413915
0.306517
0.277669
0.226461
0.110112
0.102526
0.079369
0.068156
0.052886
0.067939
0.078351
0.130412
0.128340
0.138162
0.219687
0.246567
0.271784
0.196595
0.182063
0.144770
0.075075
0.078203
0.056043
0.039129
0.037232
0.050136
0.057244
0.075335
0.049194
0.018668
0.035897
0.041681
0.042249
0.031878
0.062477
0.060898
0.044165
0.044481
0.027962
0.014265
0.017007
0.022418
0.023674
0.020498
0.013368
0.010408
0.008265
0.001677
0.003540
0.008842
0.025745
0.030442
0.042849
0.045806
0.038271
0.037728
0.036159
0.052975
0.063057
0.088945
0.092155
0.103699
0.156914
0.174549
0.173615
0.123228
0.143319
0.121548
0.063061
0.059566
0.036262
0.025113
0.026907
0.036686
0.040796
0.048844
0.047072
0.028341
0.035745
0.047597
0.060931
0.048494
0.071532
0.072334
0.048931
0.038488
0.029891
0.030415
0.024040
0.029746
0.032035
0.029677
0.024745
0.018585
0.026899
0.021997
0.009019
0.006237
0.043661
0.052718
0.043767
0.042950
0.053152
0.053498
0.048186
0.073319
0.104909
0.163590
0.225859
0.286541
0.365041
0.408882
0.423051
0.338526
0.282137
0.206107
0.098988
0.103434
0.091266
0.079907
0.061172
0.081138
0.101980
0.165950
0.213054
0.257489
0.340233
0.357399
0.386620
0.289305
0.268552
0.207860
0.090751
0.093094
0.063877
0.062964
0.048889
0.076623
0.087463
0.124938
0.124049
0.149369
0.224058
0.222387
0.236461
0.143584
0.171062
0.140064
0.048421
0.057019
0.067641
0.054451
0.032690
0.035306
0.035209
0.042558
0.023935
0.011870
0.020008
0.021147
0.040363
0.041983
0.080185
0.068421
0.050321
0.037752
0.030842
0.043180
0.039981
0.054133
0.073753
0.073497
0.066597
0.068590
0.092633
0.094978
0.097927
0.062910
0.095485
0.091068
0.053912
0.058214
0.066030
0.075406
0.075802
0.105481
0.136791
0.174268
0.197932
0.223353
0.289260
0.310599
0.321560
0.221182
0.236680
0.197509
0.084963
0.081231
0.071102
0.041425
0.012977
0.017785
0.017796
0.011250
0.016412
0.010671
-0.004456
-0.006505
0.024881
0.035954
0.038450
0.032819
0.024735
0.015613
0.012380
0.006901
0.005153
-0.002086
-0.017658
-0.023190
0.008303
0.002117
-0.016590
-0.017936
0.013233
0.021105
-0.014346
-0.031638
-0.012984
0.001566
0.015259
0.001241
0.006378
-0.000236
-0.015225
-0.042182
-0.001076
-0.037796
0.008799
-0.033589
0.016759
-0.045669
-0.032133
-0.105148
-0.088551
-0.084498
-0.037098
-0.102630
-0.129629
-0.065844
-0.092582
-0.130090
-0.072702
-0.096660
-0.049294
-0.112997
-0.035262
-0.093659
-0.076674
-0.151395
-0.102361
-0.062888
-0.028664
-0.068312
-0.053668
-0.009456
-0.014911
-0.017297
0.007347
0.052766
0.150952
0.148893
0.197552
0.121854
0.175534
0.141849
0.055836
0.079740
0.065093
0.045518
0.040778
0.075055
0.100459
0.140287
0.161848
0.149020
0.219304
0.276075
0.309824
0.247520
0.216019
0.169517
0.092218
0.079753
0.048682
0.031766
0.019074
0.025826
0.030546
0.039274
0.028780
0.016107
0.009468
0.007763
0.004744
0.007921
0.029702
0.034392
0.031764
0.040461
0.043520
0.041172
0.047623
0.070641
0.098356
0.121688
0.139557
0.156823
0.199164
0.242145
0.253413
0.195794
0.163042
0.136346
0.066986
0.061036
0.045066
0.028422
0.026369
0.029931
0.023765
0.034374
0.029373
0.018615
0.016050
0.018034
0.017933
0.017563
0.024102
0.018348
0.025878
0.029303
0.016284
0.012292
0.014192
0.017882
0.024762
0.034893
0.032622
0.016968
0.017467
0.012208
0.004221
0.006739
0.031483
0.032773
0.037806
0.032653
0.023936
0.019366
0.016506
0.028404
0.041130
0.050412
0.038733
0.025278
0.039188
0.051325
0.069762
0.060741
0.089394
0.084317
0.058175
0.052623
0.042745
0.027303
0.011201
0.016804
0.022181
0.025417
0.018710
0.010870
0.029335
0.034710
0.037785
0.033815
0.062622
0.057617
0.039656
0.036672
0.023438
0.022095
0.028666
0.041577
0.045367
0.046862
0.041483
0.027080
0.016570
0.018153
0.005259
0.001612
0.032218
0.045021
0.042450
0.048771
0.050437
0.055727
0.046348
0.070663
0.103352
0.145478
0.180172
0.212677
0.274230
0.312970
0.327920
0.262061
0.235043
0.185500
0.102095
0.108521
0.092155
0.072619
0.067017
0.088737
0.104607
0.142508
0.143967
0.158871
0.218495
0.229286
0.218470
0.140122
0.148366
0.135591
0.056358
0.065430
0.061569
0.053219
0.065561
0.102263
0.139069
0.183407
0.195647
0.206998
0.245217
0.281562
0.282006
0.210941
0.183380
0.155477
0.088389
0.079482
0.070830
0.054806
0.047029
0.053732
0.051833
0.058875
0.041153
0.021864
0.011209
0.020938
0.023607
0.016439
0.033963
0.041210
0.035965
0.023461
0.010419
0.009641
0.007670
0.017718
0.017872
0.014851
0.012211
0.008865
0.010030
0.006757
0.013080
0.016420
0.028676
0.040352
0.032709
0.025645
0.028506
0.030956
0.023169
0.025727
0.032623
0.031865
0.039007
0.022542
0.005071
0.011079
0.024708
0.027657
0.053143
0.057125
0.051538
0.038519
0.031517
0.027639
0.017671
0.019691
0.030782
0.033746
0.028237
0.022463
0.031225
0.033107
0.045630
0.046070
0.078810
0.072085
0.052834
0.050908
0.045513
0.039722
0.036923
0.047802
0.047551
0.059703
0.047411
0.048816
0.050539
0.047178
0.061986
0.053961
0.077128
0.071698
0.051530
0.055286
0.048651
0.052705
0.051290
0.077980
0.096210
0.154878
0.197484
0.230058
0.310240
0.347444
0.380541
0.294575
0.268833
0.220640
0.118708
0.114274
0.108651
0.087516
0.087618
0.110861
0.135711
0.182313
0.235262
0.243666
0.288726
0.345527
0.362243
0.284168
0.217966
0.173095
0.095019
0.082917
0.055636
0.045920
0.038541
0.035689
0.030013
0.038464
0.026839
0.012037
0.004155
0.002374
0.014586
0.017002
0.018210
0.022298
0.022197
0.018935
0.018082
0.013356
0.010937
0.012815
0.003519
0.002704
0.015885
0.009590
-0.007683
-0.007700
0.005861
0.017421
0.023000
0.015227
0.015877
0.015158
0.010263
0.000948
0.001123
0.006166
0.006817
-0.003513
0.014323
0.010301
-0.003368
0.000536
0.011526
0.008669
0.007941
0.009828
0.007722
0.005163
0.001853
-0.004969
-0.002518
0.000174
-0.004623
-0.007877
0.001369
0.000594
-0.012117
-0.010960
0.003042
0.009461
0.002518
0.010691
0.016889
0.032494
0.030806
0.026233
0.022220
0.051326
0.062599
0.103083
0.158988
0.213482
0.296187
0.331026
0.375416
0.286793
0.233133
0.185714
0.082707
0.083396
0.075419
0.050620
0.032766
0.040603
0.054916
0.067080
0.048915
0.031357
0.054383
0.064465
0.082353
0.063004
0.075361
0.074761
0.046813
0.037496
0.022015
0.023739
0.019928
0.022482
0.027330
0.033055
0.035098
0.026255
0.016878
0.012137
0.010307
0.018743
0.040941
0.041555
0.042270
0.036857
0.026112
0.028428
0.021348
0.020358
0.007146
0.009793
0.007842
0.011564
0.004869
-0.003151
0.005209
0.002020
0.007015
0.010488
0.029073
0.032818
0.032604
0.033978
0.021687
0.045874
0.065632
0.086879
0.090761
0.098068
0.153517
0.165562
0.189065
0.130925
0.168871
0.147673
0.068103
0.063757
0.053505
0.037478
0.016374
0.012161
0.004665
0.006062
0.012245
0.002951
-0.005120
-0.010248
-0.001049
0.004755
0.008987
0.005286
0.015439
0.024251
0.025904
0.030283
0.029792
0.045114
0.060704
0.085580
0.099272
0.102540
0.144254
0.168786
0.169475
0.108737
0.131014
0.123012
0.053091
0.050434
0.038160
0.032906
0.025627
0.036000
0.052052
0.062156
0.057504
0.051623
0.072064
0.071000
0.073890
0.057319
0.079915
0.078654
0.041160
0.030209
0.015726
0.022685
0.014193
0.019137
0.028806
0.040604
0.038293
0.034149
0.056616
0.062840
0.079452
0.058771
0.072089
0.073768
0.034554
0.029921
0.018528
0.004323
0.005835
0.008018
0.006844
0.003431
0.004087
0.005883
-0.003482
-0.014121
-0.003068
0.012718
0.024724
0.016863
0.009552
0.011320
0.009341
0.001978
0.006083
0.016780
0.014743
0.010719
0.014569
0.014973
0.032713
0.037922
0.034669
0.028004
0.043329
0.052011
0.043507
0.035663
0.015858
0.010363
0.018672
0.026006
0.021665
0.015598
0.021070
0.017099
-0.001113
-0.011471
-0.000988
0.006501
0.007067
0.009218
0.011779
0.020329
0.021032
0.011529
0.018320
0.039647
0.037503
0.048905
0.046135
0.054922
0.075901
0.089538
0.098253
0.076280
0.097840
0.092857
0.057766
0.054786
0.043506
0.048004
0.055429
0.080011
0.083243
0.110628
0.139543
0.161019
0.206288
0.214700
0.222541
0.135706
0.161879
0.145925
0.058429
0.068348
0.074998
0.076262
0.078620
0.109586
0.133574
0.173110
0.192552
0.213915
0.293547
0.310977
0.323293
0.218422
0.230447
0.192087
0.084429
0.076961
0.065162
0.052902
0.031824
0.046167
0.068799
0.081780
0.054845
0.043741
0.089061
0.105047
0.129950
0.093179
0.125897
0.104991
0.051730
0.047786
0.048465
0.048100
0.032609
0.028861
0.029869
0.036718
0.021855
0.009590
0.010498
0.004720
0.002284
0.005233
0.023104
0.016126
0.029173
0.028153
0.033841
0.045048
0.031452
0.050979
0.068914
0.110086
0.114341
0.135059
0.206347
0.198628
0.222601
0.158774
0.192231
0.160445
0.062812
0.067646
0.059639
0.052743
0.045684
0.052776
0.055898
0.065169
0.054354
0.036947
0.051713
0.066033
0.082996
0.059435
0.092397
0.091802
0.057596
0.055284
0.044329
0.051154
0.040455
0.062793
0.085005
0.129939
0.160195
0.184846
0.263785
0.311154
0.338782
0.260671
0.235937
0.194790
0.108243
0.103599
0.083077
0.064917
0.049388
0.063450
0.062646
0.055117
0.037968
0.021340
0.007506
0.010810
0.018749
0.017448
0.028028
0.033059
0.022601
0.018109
0.007211
0.006296
0.010849
0.010380
0.027248
0.026927
0.019422
0.011603
-0.012134
-0.046557
-0.057552
