-0.015977
-0.011352
-0.020616
0.013109
-0.019856
-0.019763
0.001483
-0.007709
0.003796
-0.003459
0.005430
0.009193
0.020248
0.008099
0.008187
0.016786
0.028146
0.047096
0.076356
0.087634
0.122834
0.174647
0.217314
0.259280
0.326054
0.423050
0.600529
0.750451
0.845371
0.852405
0.853488
0.850392
0.769271
0.659696
0.496675
0.391861
0.340094
0.299010
0.251455
0.239987
0.225353
0.232439
0.242205
0.206873
0.171151
0.167692
0.152622
0.125838
0.106300
0.090614
0.092664
0.088281
0.092926
0.093834
0.089859
0.080863
0.082211
0.090257
0.123689
0.145107
0.182560
0.199169
0.221372
0.210658
0.171681
0.128274
0.098662
0.066282
0.067372
0.066332
0.063554
0.056332
0.051950
0.052910
0.060349
0.061492
0.063586
0.068210
0.074115
0.070395
0.061269
0.047615
0.042363
0.043891
0.049815
0.042114
0.029968
0.029590
0.023102
0.021302
0.021244
0.025236
0.034742
0.032840
0.033998
0.024845
0.024784
0.028588
0.041099
0.042540
0.047269
0.044050
0.051233
0.043482
0.037299
0.030011
0.035378
0.039659
0.044194
0.048859
0.053596
0.040020
0.039111
0.047509
0.056239
0.043983
0.044059
0.041212
0.037133
0.041014
0.041914
0.020793
0.020096
0.028910
0.043974
0.027818
0.016974
0.026544
0.043575
0.044650
0.050417
0.049005
0.052380
0.036267
0.034410
0.027221
0.035644
0.023058
0.026157
0.028921
0.043860
0.028567
0.027407
0.040206
0.053940
0.055123
0.056258
0.057199
0.058734
0.042949
0.048613
0.045046
0.046947
0.028836
0.030849
0.031305
0.038385
0.022357
0.014254
0.013635
0.022241
0.026726
0.035440
0.030588
0.037826
0.035784
0.037580
0.027516
0.026072
0.015491
0.010728
0.011521
0.022526
0.022993
0.011405
0.007948
0.015374
0.027852
0.033580
0.031914
0.041225
0.050522
0.051928
0.044444
0.052091
0.084084
0.132388
0.175472
0.235308
0.290510
0.325063
0.322678
0.267617
0.193350
0.136394
0.083629
0.076377
0.061711
0.045956
0.039046
0.034204
0.030272
0.036827
0.038605
0.039615
0.024042
0.012506
0.017601
0.032051
0.041050
0.043183
0.020514
0.015608
0.012083
0.007957
0.005338
0.011011
0.002557
0.003050
0.012500
0.016069
0.000207
-0.005986
0.007367
0.017314
0.012967
0.019151
0.006094
0.007719
0.005066
-0.001775
0.002275
0.007012
-0.002575
-0.005794
-0.000879
0.001894
-0.015511
-0.016506
0.006227
0.019195
0.015772
0.009405
0.008699
0.008227
0.002707
0.002910
0.007571
0.005849
-0.005884
-0.010680
0.000334
0.007864
-0.001381
-0.008813
0.002196
0.015221
0.010575
0.008945
-0.001794
-0.000644
-0.003925
-0.008980
-0.003608
-0.000122
-0.018946
-0.021532
-0.002112
0.002336
-0.009121
-0.008916
0.005925
0.016798
0.008614
0.012493
-0.000824
0.003430
0.011557
0.006379
-0.007926
0.004741
-0.004981
-0.018283
-0.002066
0.004155
-0.019745
-0.011824
0.014583
0.035174
0.037110
0.043635
0.039135
0.059941
0.071144
0.081793
0.081110
0.089621
0.074913
0.073771
0.085368
0.101968
0.103602
0.123371
0.127401
0.113510
0.088039
0.078552
0.056639
0.049829
0.041948
0.041339
0.036306
0.031918
0.020202
0.030171
0.029633
0.035673
0.020213
0.006519
0.015961
0.031402
0.031300
0.032886
0.022150
0.023862
0.018549
0.015293
0.014407
0.019807
0.010102
0.006534
0.012092
0.022545
0.013417
0.002488
0.003016
0.017047
0.023145
0.027008
0.023470
0.031777
0.033041
0.034828
0.032490
0.043765
0.036172
0.041320
0.042170
0.044538
0.054349
0.072866
0.074937
0.063629
0.057047
0.061656
0.070133
0.078233
0.068588
0.061213
0.049863
0.048593
0.034155
0.032958
0.028873
0.035903
0.021682
0.010954
0.014947
0.026862
0.035359
0.041761
0.034764
0.034135
0.021880
0.012273
0.012332
0.021761
0.015928
0.018146
0.009308
0.013600
0.003924
0.002127
0.012407
0.021370
0.023367
0.026175
0.026895
0.038191
0.034486
0.021925
0.018467
0.032018
0.027762
0.022144
0.023464
0.027372
0.027189
0.036582
0.043246
0.053467
0.058176
0.060412
0.060877
0.064749
0.049107
0.036238
0.018104
0.021927
0.022539
0.029945
0.029369
0.039235
0.029339
0.029242
0.037305
0.058976
0.104676
0.152998
0.195696
0.260444
0.313685
0.383858
0.432348
0.503061
0.578813
0.743411
0.863553
0.925651
0.927202
0.919202
0.907538
0.830276
0.727724
0.543724
0.404099
0.343096
0.292686
0.224289
0.193557
0.187865
0.194372
0.202489
0.157423
0.117941
0.099302
0.086742
0.074937
0.069276
0.073804
0.077967
0.075592
0.069843
0.053386
0.057200
0.054809
0.049846
0.040286
0.043097
0.039415
0.036806
0.016554
0.013005
0.019723
0.028175
0.026253
0.034048
0.038377
0.045388
0.044270
0.041935
0.040507
0.043860
0.029666
0.034299
0.041392
0.045216
0.030142
0.026832
0.036273
0.048314
0.055659
0.063098
0.062712
0.065648
0.055609
0.053677
0.042938
0.039338
0.028479
0.029112
0.037348
0.044252
0.047491
0.061077
0.059992
0.056729
0.053741
0.061527
0.062294
0.082432
0.088100
0.091599
0.086635
0.084819
0.085094
0.110207
0.122671
0.155318
0.166648
0.192230
0.187704
0.163067
0.115880
0.091863
0.064789
0.062445
0.045040
0.032939
0.033409
0.032456
0.028303
0.031020
0.030599
0.031938
0.020677
0.008814
0.013805
0.016548
0.022190
0.019011
0.014107
0.013511
0.011135
0.005584
0.004089
0.004583
-0.004529
-0.001220
0.009346
0.014587
0.000424
-0.006251
0.007490
0.021935
0.013470
0.013055
0.007318
0.011126
0.005314
0.001412
0.002179
0.010002
-0.002659
-0.008786
0.000986
0.003888
-0.013996
-0.013248
0.004846
0.017837
0.017609
0.015408
0.003662
0.001965
-0.003854
-0.003738
0.004174
0.007172
-0.003622
-0.007962
0.001014
0.005044
-0.009727
-0.012309
0.001060
0.009804
0.007789
0.007192
0.001483
0.003421
-0.002267
-0.004686
0.004857
0.006475
-0.011008
-0.016450
0.001313
0.005647
-0.008082
-0.006315
0.003421
0.011441
0.009174
0.006621
0.000808
-0.001411
-0.001151
-0.003742
0.002160
0.007074
-0.009178
-0.011629
0.002311
0.003115
-0.013329
-0.015118
0.006424
0.015215
0.003729
0.003690
0.004057
0.008922
0.009075
0.004767
0.003356
0.006428
-0.004689
-0.007846
0.001509
0.002231
-0.012780
-0.012302
0.006792
0.016042
0.011412
0.015249
0.012405
0.015711
0.007662
0.008798
0.010200
0.015933
0.003233
-0.000865
0.000348
0.011738
0.001069
-0.008983
0.000849
0.010504
0.011816
0.013948
0.010991
0.011209
0.008475
0.007939
0.008487
0.011266
0.005023
0.000057
-0.002210
0.008399
0.005462
-0.001371
0.005768
0.012664
0.013779
0.018132
0.012105
0.013272
0.006062
0.003190
0.004975
0.009718
0.004207
-0.000274
0.000398
0.009580
-0.000106
-0.005311
0.005277
0.016314
0.022015
0.015353
0.002502
0.001782
0.005065
-0.001504
-0.000122
-0.003115
-0.021317
-0.015784
0.004072
0.010430
-0.006800
-0.005984
0.011769
0.027905
0.017385
0.003258
-0.003994
-0.002888
0.005969
0.006216
0.001012
0.001795
-0.021046
-0.035369
-0.003049
-0.018012
-0.014031
-0.015770
0.013528
-0.001227
-0.017288
-0.030100
-0.017268
-0.010476
0.003320
-0.014205
-0.007810
0.000739
-0.023293
-0.037513
0.000383
-0.018419
-0.021764
-0.027580
0.004495
-0.007482
-0.015457
-0.020690
-0.016483
-0.016055
-0.002847
-0.018859
-0.017601
-0.013255
-0.023670
-0.022635
-0.007156
-0.013702
-0.029548
-0.024371
0.009850
0.016381
0.006453
0.010445
0.005352
0.006744
0.004921
-0.002776
0.001277
0.002854
-0.012186
-0.013784
0.004012
0.004200
-0.018825
-0.014163
0.014861
0.028003
0.021028
0.018690
0.006785
0.013176
0.007928
0.000367
0.003826
0.010593
-0.003802
-0.005819
-0.003040
0.001468
-0.008799
-0.011248
0.004879
0.015359
0.008576
0.007332
0.003090
0.003238
-0.004716
-0.003564
-0.000271
0.001183
-0.000978
0.000011
0.000907
0.007327
-0.003209
-0.006359
0.004046
0.015635
0.018659
0.025274
0.018310
0.015764
0.007043
0.010619
0.013312
0.016510
0.001008
0.001443
0.009744
0.016956
0.002012
-0.004952
0.009814
0.022587
0.016259
0.013263
0.006135
0.008223
0.003186
-0.004095
0.003370
0.006022
-0.006034
-0.005762
0.003860
0.006192
-0.005567
-0.005355
0.012191
0.022710
0.008408
0.010929
-0.001364
0.001741
0.007287
0.009793
0.003260
0.007560
-0.002989
-0.010264
-0.001569
0.002582
-0.013014
-0.012371
0.007732
0.019385
0.017518
0.031788
0.033845
0.049839
0.066268
0.061637
0.052739
0.063154
0.053566
0.049113
0.053306
0.060687
0.083096
0.108761
0.120319
0.114582
0.110176
0.110850
0.106675
0.132616
0.136972
0.132470
0.114873
0.102089
0.089457
0.086243
0.070647
0.076267
0.089184
0.105881
0.099875
0.077565
0.060491
0.058500
0.057077
0.061618
0.057231
0.045464
0.028435
0.024544
0.024569
0.017553
0.024613
0.031811
0.029407
0.024126
0.015878
0.017349
0.022660
0.024204
0.026906
0.021604
0.012505
0.008345
0.008846
0.015479
0.006407
0.005500
0.004370
0.016010
0.008656
-0.001069
0.005341
0.016512
0.013972
0.018919
0.015228
0.013935
0.004712
0.007054
0.007036
0.011337
0.001897
-0.000504
0.001974
0.011245
-0.002899
-0.008583
0.001910
0.015891
0.012170
0.011766
0.007718
0.012384
0.000505
0.001102
0.006326
0.011068
0.005452
-0.001126
0.000810
0.012476
0.003813
-0.004851
0.003038
0.012470
0.015583
0.016995
0.009915
0.009665
0.003548
0.007999
0.009981
0.012259
0.002922
0.002370
0.003538
0.014796
0.002899
-0.004244
0.008510
0.020993
0.015905
0.015876
0.010227
0.009156
0.000761
0.007337
0.009322
0.009679
-0.000801
-0.003780
0.001194
0.012257
0.000339
-0.006653
0.009851
0.023941
0.017370
0.016844
0.016251
0.019042
0.007006
0.004522
0.007208
0.011591
-0.000550
-0.000391
0.001893
0.011321
-0.002500
-0.009429
0.004320
0.017072
0.012251
0.015551
0.014220
0.017716
0.007170
0.007428
0.007881
0.012491
0.001452
-0.003984
-0.000702
0.009399
-0.001625
-0.009626
0.007568
0.019033
0.018376
0.021200
0.013619
0.014485
0.010741
0.012832
0.010149
0.015745
0.005456
0.000587
0.001438
0.012189
-0.000752
-0.007125
0.006044
0.016373
0.020979
0.022589
0.013437
0.011300
0.004320
-0.000380
0.004870
0.009340
-0.002109
-0.008407
0.001692
0.009763
-0.000055
-0.003778
0.006123
0.017429
0.011443
0.015831
0.003876
0.000499
-0.000915
-0.001510
-0.000265
0.000327
-0.013557
-0.015031
-0.002553
0.003112
-0.014598
-0.015018
0.008335
0.020805
0.006049
0.000434
-0.002061
0.008160
0.004195
-0.000040
0.008224
0.012398
0.000096
-0.008381
0.000001
0.005101
-0.007832
-0.008237
0.003033
0.009917
0.012121
0.012417
0.000182
-0.001351
-0.005482
-0.003662
0.002226
0.006045
-0.003380
-0.003072
0.004789
0.009718
-0.002372
-0.004652
0.006446
0.020796
0.015340
0.016705
0.011091
0.013583
0.005073
0.008252
0.006401
0.010663
-0.000883
-0.004063
0.002309
0.008193
-0.006916
-0.004898
0.011964
0.020727
0.013218
0.017648
0.010917
0.009584
0.003931
0.006460
0.007435
0.012316
-0.003962
-0.003591
0.003123
0.006619
-0.007573
-0.007479
0.008428
0.017797
0.009180
0.012026
0.003174
0.004453
-0.002181
-0.007985
-0.000090
0.005220
-0.006499
-0.011158
-0.004664
0.000759
-0.009542
-0.012743
0.000633
0.010396
0.010130
0.004759
0.002130
0.007942
-0.004089
-0.011042
0.006711
0.009709
-0.005454
-0.010764
-0.000054
0.007492
-0.006493
-0.012921
0.005051
0.015971
0.009591
0.012132
0.011181
0.011922
0.001967
0.007541
0.014053
0.014046
0.003849
-0.000139
-0.004053
0.003637
-0.000716
-0.007110
-0.003835
0.002867
0.012494
0.015965
0.010101
0.005673
-0.000985
0.007826
0.009441
0.008563
0.002154
-0.000835
-0.000710
0.012502
0.008208
-0.001628
0.009966
0.017302
0.013429
0.022114
0.015920
0.012792
0.004707
0.008836
0.008441
0.011450
-0.000148
-0.000618
0.001688
0.010952
-0.002036
-0.004837
0.012992
0.025065
0.021645
0.014595
0.011290
0.018900
0.011822
0.009977
0.011311
0.012398
0.003242
0.003400
0.003135
0.008415
0.000691
-0.007715
0.003171
0.009945
0.008512
0.011695
0.008940
0.008817
0.001509
0.005886
0.012627
0.012220
-0.002612
-0.003190
-0.000559
0.006935
-0.000845
-0.003546
0.006872
0.014327
0.013189
0.015780
0.005637
0.004031
-0.003807
-0.004185
0.005547
0.011463
-0.001218
-0.006391
0.000790
0.007698
-0.004586
-0.008483
0.009895
0.019800
0.018989
0.021313
0.004308
0.008122
0.011221
0.004618
0.003805
0.007113
-0.003019
-0.006431
0.001665
0.006383
-0.005949
-0.009393
0.006049
0.014364
0.013899
0.017119
0.004716
0.004964
0.005193
-0.003271
0.000907
0.002570
-0.014662
-0.016761
0.003354
0.013158
-0.002315
-0.004997
0.014590
0.025009
0.012703
0.004574
-0.009601
-0.009288
-0.000439
-0.002528
-0.004747
0.003737
-0.020579
-0.036730
-0.006263
-0.012991
-0.019520
-0.017528
0.005628
0.000205
-0.015004
-0.008683
-0.012015
-0.009075
0.012678
0.001541
-0.009699
0.007659
-0.011137
-0.020225
0.002091
0.004999
-0.024733
-0.010695
0.024295
0.042235
0.039681
0.055267
0.056442
0.068051
0.078986
0.074912
0.085269
0.095805
0.085453
0.077840
0.082948
0.065612
0.033012
0.038208
0.023794
0.023939
0.041502
0.045286
0.030306
0.028751
0.019054
0.017962
0.021500
0.027336
0.012448
0.009072
0.018277
0.024368
0.009631
-0.002524
0.006155
0.016696
0.019355
0.020493
0.015593
0.013785
0.006990
0.004816
0.006287
0.004849
-0.010791
-0.003863
0.003702
0.003430
-0.006931
-0.009103
0.007673
0.018061
0.017699
0.016759
-0.000188
0.002990
0.002029
-0.003965
-0.001759
0.008568
-0.003140
-0.009486
0.001804
0.007964
-0.009229
-0.011451
0.005331
0.020960
0.013992
0.015527
0.004126
0.008966
0.008713
0.006144
0.006237
0.007599
-0.003203
-0.008278
-0.002204
0.003956
-0.007367
-0.009505
0.007672
0.020189
0.012771
0.015502
0.006359
0.008055
0.006089
0.000876
0.003674
0.000265
-0.012892
-0.012492
0.006051
0.004561
-0.013917
-0.012942
0.011668
0.018592
0.001813
-0.004627
-0.012995
-0.003447
-0.000452
-0.012662
-0.014582
-0.014395
-0.026780
-0.027665
-0.006859
-0.013969
-0.024378
-0.020733
0.004839
0.000935
-0.008442
-0.004527
-0.011610
-0.010418
0.000519
-0.005601
-0.006824
-0.001422
-0.009604
-0.013545
-0.003440
-0.003289
-0.017477
-0.012988
0.008080
0.017499
0.014143
0.017833
0.003982
0.007486
0.009627
0.004934
0.000331
0.007478
-0.004562
-0.011442
0.004691
0.008537
-0.012038
-0.012467
0.006681
0.021846
0.017806
0.013643
0.003544
0.004385
0.001920
-0.002658
0.001105
0.006258
-0.005204
-0.007860
-0.003103
0.004068
-0.009370
-0.011884
0.002872
0.014660
0.009185
0.014031
0.010614
0.007938
-0.000563
0.004779
0.008018
0.011913
-0.000882
-0.004910
-0.000433
0.005828
-0.006312
-0.014232
-0.000154
0.013995
0.016022
0.017185
0.008545
0.011257
0.004520
0.002612
0.009422
0.013501
0.003696
0.002092
0.003226
0.008657
-0.003713
-0.007912
0.009426
0.022058
0.018871
0.015241
0.009602
0.008469
0.008140
0.012783
0.012973
0.011615
-0.003197
-0.001853
0.006528
0.010590
-0.007146
-0.010433
0.009113
0.018176
0.009281
0.009970
0.004239
0.005838
-0.003120
-0.000530
0.007059
0.013020
-0.002222
-0.005174
0.005073
0.010510
-0.005666
-0.011836
0.003299
0.016185
0.010031
0.011335
0.003408
0.007158
-0.001923
-0.002039
0.004136
0.012053
-0.000521
-0.003299
0.001589
0.009589
-0.004010
-0.008617
0.006479
0.016060
0.012374
0.007563
0.001169
0.003710
0.004194
0.002761
0.007808
0.009887
-0.004946
-0.011912
-0.004456
0.004474
-0.000918
-0.004360
0.009187
0.015498
0.011853
0.012412
-0.002122
-0.000901
0.004196
-0.004039
-0.001090
-0.000060
-0.016215
-0.016180
-0.005278
-0.003545
-0.011689
-0.015996
-0.003282
0.006962
0.003881
0.001862
-0.005278
-0.001441
-0.001574
-0.009118
0.000277
0.005500
-0.006119
-0.010757
-0.000542
0.002265
-0.012927
-0.015043
0.007054
0.019978
0.012314
0.007554
0.002311
0.005116
-0.002174
-0.002568
0.003586
0.006770
-0.000944
-0.005970
0.000478
0.004314
-0.008301
-0.012745
-0.001125
0.005813
0.015112
0.019674
0.013765
0.012270
0.008993
0.007640
0.008291
0.009498
0.002212
0.004931
0.011076
0.014727
-0.000507
-0.006617
0.007881
0.018461
0.017456
0.015669
0.012209
0.008169
-0.000795
0.003340
0.012131
0.014079
-0.006199
-0.006807
0.004651
0.005417
-0.008018
-0.005523
0.003578
0.010733
0.006631
0.007860
-0.001511
0.005599
0.005327
0.003346
0.000043
0.007201
-0.002584
-0.004732
0.002158
0.002681
-0.012227
-0.010514
0.006359
0.015600
0.012482
0.013350
0.001173
0.004542
0.005758
0.005718
0.010711
0.010432
-0.001788
-0.004096
-0.003921
0.003226
-0.001097
-0.005205
0.005987
0.012490
0.011918
0.015590
0.006686
0.007256
0.003298
0.001543
0.004038
0.008459
-0.002365
-0.006732
-0.005017
0.005007
-0.007033
-0.012013
0.005409
0.014866
0.011391
0.012977
0.010392
0.011934
0.002692
0.008350
0.009391
0.011941
0.002552
-0.003043
-0.004249
0.008742
-0.000240
-0.008888
0.002096
0.013187
0.015314
0.013551
0.002857
0.004161
-0.002341
-0.000883
0.005583
0.007760
0.004379
0.003086
0.003882
0.010183
0.000932
-0.006559
0.000222
0.004589
0.007836
0.011409
0.005335
0.008213
0.005092
0.004324
0.006157
0.012120
0.004849
-0.001508
-0.002739
0.007322
0.000053
-0.007906
0.003091
0.011652
0.014998
0.019015
0.012818
0.011391
0.011675
0.014268
0.012002
0.017621
0.007522
0.006344
0.005044
0.010480
0.000856
-0.005605
0.001443
0.014129
0.015393
0.014718
0.007458
0.008875
-0.000045
-0.003345
0.006230
0.011706
-0.003264
-0.009956
-0.002343
0.003841
-0.006379
-0.014557
-0.000462
0.008631
0.009279
0.008432
0.004737
0.006463
0.002241
-0.003785
0.005790
0.008348
-0.003640
-0.001139
-0.005150
0.003730
-0.004239
-0.007125
0.006719
0.019762
0.015683
0.008133
0.009418
0.010750
0.002818
0.002653
0.009892
0.010402
-0.001969
-0.002814
0.007230
0.008708
-0.007105
-0.009417
0.004784
0.011819
0.005748
0.005909
-0.000574
-0.001692
0.002400
0.003294
0.005699
0.001097
-0.015742
-0.012290
-0.003177
-0.005816
-0.019709
-0.017722
0.006690
0.018161
0.007008
0.004911
0.003405
0.003658
-0.000480
-0.000142
0.008117
0.008642
-0.000629
-0.006691
-0.002784
0.004800
-0.008525
-0.017094
-0.003481
0.010415
0.013341
0.016461
0.006845
0.009176
0.005875
0.000819
0.005897
0.006556
-0.007081
-0.005013
-0.003292
0.002588
-0.003464
-0.007117
0.002451
0.011190
0.010721
0.014283
0.009130
0.011580
0.005216
-0.000754
0.003813
0.011158
0.000871
-0.003787
0.004134
0.004901
-0.010727
-0.010417
0.006346
0.015104
0.014722
0.012934
0.005287
0.006787
0.007667
0.002064
0.005196
0.008058
-0.001924
-0.005211
0.002783
0.007263
-0.004908
-0.011362
0.003284
0.013080
0.007538
0.011549
-0.000642
0.001448
0.001602
0.002387
0.008891
0.010913
-0.003179
-0.004535
0.000167
0.004930
-0.009499
-0.008772
0.012744
0.023046
0.015330
0.014323
0.010287
0.012793
0.002634
0.002362
0.007923
0.011137
-0.005749
-0.004080
0.000296
0.008921
-0.005521
-0.008265
0.008585
0.021728
0.010026
0.009207
0.006488
0.010919
0.006039
0.012940
0.017656
0.019433
0.003201
0.000164
0.001237
0.010612
0.000265
-0.009764
0.005318
0.013145
0.010284
0.013510
0.010096
0.009779
0.003292
0.002128
0.006611
0.009382
-0.001280
-0.004106
-0.002414
0.006124
-0.003462
-0.008736
0.004138
0.014399
0.013696
0.015253
0.004920
0.004269
0.001089
0.002594
0.003674
0.004698
-0.004084
-0.002924
0.002118
0.007834
-0.005049
-0.006968
0.006735
0.019351
0.017804
0.016132
0.006638
0.007972
0.005932
0.005475
0.003158
0.007024
0.000293
-0.003922
0.001913
0.009288
-0.001554
-0.002363
0.010826
0.021771
0.016425
0.018822
0.013835
0.016538
0.010931
0.007183
0.001447
0.009830
-0.002958
-0.008074
0.004347
0.009125
-0.013314
-0.018531
0.002437
0.020370
0.009912
0.007028
0.004372
0.008090
0.002074
-0.000616
0.006187
0.005937
-0.007343
-0.007502
0.003501
0.004957
-0.009951
-0.010392
0.008021
0.018308
0.014865
0.015171
0.012337
0.006791
-0.001573
0.005361
0.009330
0.010329
0.000256
0.000114
0.007755
0.007776
-0.004873
-0.000945
0.016870
0.028090
0.022686
0.017280
0.006753
-0.000804
-0.001661
0.002977
-0.002552
-0.008297
-0.019349
-0.012996
0.006337
0.003004
-0.016264
-0.010690
0.009209
0.018786
0.006503
0.013450
-0.004119
0.002796
0.002834
0.001390
-0.004887
0.006203
0.017163
0.005538
0.004081
0.002135
-0.018603
-0.047278
-0.054424
