-0.010028
0.008736
-0.007729
-0.024095
-0.062675
-0.003976
-0.063810
-0.110759
-0.053017
-0.065890
-0.075722
-0.047106
-0.046173
-0.017812
-0.060851
-0.015182
-0.020214
-0.028198
-0.060798
-0.041907
-0.004419
0.020659
-0.016628
-0.012198
0.020340
0.030444
0.062564
0.141002
0.183048
0.324942
0.443809
0.548012
0.469481
0.352668
0.249016
0.157736
0.137170
0.108597
0.060453
0.044986
0.041943
0.047912
0.057028
0.030022
0.022753
0.017535
0.016164
0.028987
0.044745
0.055293
0.059716
0.066229
0.065607
0.048951
0.041635
0.040461
0.038886
0.035127
0.030121
0.016784
0.014623
0.020327
0.026942
0.030835
0.029591
0.036671
0.034201
0.027235
0.020254
0.012141
0.003224
0.004453
0.004968
0.003201
0.005742
0.014811
0.014212
-0.002159
-0.009690
0.003128
0.018613
0.025540
0.034814
0.028671
0.023814
0.011858
0.011137
0.014775
0.025735
0.020459
0.009308
0.017666
0.020524
0.010326
0.018153
0.035492
0.048981
0.058651
0.065532
0.062990
0.066824
0.068795
0.066075
0.054133
0.060857
0.070800
0.094899
0.112028
0.145582
0.194791
0.250488
0.277571
0.247577
0.213778
0.200235
0.186902
0.195941
0.180718
0.166076
0.162759
0.154638
0.144414
0.162556
0.172581
0.181628
0.197612
0.236909
0.234470
0.202495
0.174534
0.166206
0.157312
0.159481
0.132218
0.114958
0.102018
0.091723
0.070933
0.071127
0.055388
0.057468
0.044585
0.037076
0.035956
0.041876
0.044139
0.048818
0.051172
0.045981
0.030101
0.030960
0.028758
0.030694
0.021763
0.021261
0.018946
0.027353
0.020279
0.011750
0.018300
0.031164
0.037685
0.043050
0.043512
0.041942
0.028670
0.023208
0.024890
0.038307
0.031002
0.025908
0.015316
0.024821
0.019260
0.021722
0.042495
0.063949
0.067630
0.070641
0.068091
0.058193
0.027021
0.025535
0.027693
0.033993
0.023968
0.016439
0.013527
0.025415
0.007540
0.002182
0.025303
0.046860
0.049737
0.038318
0.025709
0.026561
0.024854
0.024189
0.019934
0.012546
0.006116
-0.003108
0.002534
0.010407
0.001057
0.002829
0.025531
0.038215
0.035790
0.032153
0.029323
0.024482
0.011260
0.012301
0.012793
0.009792
0.005033
0.007619
0.013811
0.011934
-0.000812
-0.001348
0.005855
0.011584
0.013479
0.018175
0.010316
0.017443
0.017995
0.007835
0.003178
0.007339
0.002945
0.001835
0.001453
-0.000947
-0.008396
-0.007102
0.003713
0.010440
0.011614
0.008895
0.006658
0.008892
0.005048
-0.001778
0.004740
0.007781
0.001927
-0.001434
0.005837
0.007378
-0.003661
-0.005232
0.005016
0.011637
0.013947
0.015834
0.015423
0.011699
0.007339
-0.001462
0.007180
0.003493
-0.006801
-0.007473
0.002643
0.009114
-0.002770
-0.008075
0.010021
0.022714
0.014533
0.008009
0.001810
0.003103
0.001139
-0.004444
-0.005733
0.001489
-0.006664
-0.009039
-0.001395
-0.000262
-0.016852
-0.013327
0.007486
0.015622
0.002054
0.002383
0.013390
0.016847
0.007601
0.014825
0.022545
0.029982
0.020721
0.017752
0.019691
0.013248
-0.002918
-0.005849
0.003566
0.009027
0.011557
0.007401
0.009000
0.008507
0.005360
-0.001905
-0.000746
0.001007
-0.006865
-0.007015
0.000898
0.005214
-0.003338
-0.009465
0.000494
0.015077
0.017505
0.012619
0.011575
0.015647
0.008680
-0.000505
-0.000687
0.006123
-0.001369
-0.010213
0.000990
0.008635
-0.005359
-0.004880
0.011738
0.026462
0.022061
0.030925
0.029473
0.023931
0.015870
0.015879
0.014762
0.017432
0.005648
0.002546
0.010401
0.010979
-0.012419
-0.007683
0.020492
0.040796
0.042667
0.040496
0.035154
0.039190
0.032361
0.027594
0.027255
0.033173
0.016436
0.000978
0.007496
0.015137
0.007098
0.011990
0.019909
0.019455
0.017907
0.023535
0.025710
0.012758
0.008229
0.004449
0.000402
0.002383
-0.006070
-0.005951
0.004234
0.005171
-0.012170
-0.008301
0.007075
0.022874
0.021457
0.022494
0.013850
0.016915
0.006036
0.005824
0.010282
0.018171
0.008505
-0.002634
0.015627
0.018096
0.000847
0.003907
0.017333
0.024318
0.026859
0.023753
0.016165
0.017515
0.007568
-0.006001
-0.011665
-0.001342
-0.016096
-0.017539
-0.001188
0.016143
-0.003194
-0.005583
0.011893
0.043740
0.066670
0.094884
0.126895
0.187339
0.266867
0.358425
0.447552
0.567268
0.667598
0.823890
0.932803
0.969611
0.969743
0.962837
0.953235
0.899655
0.815641
0.632438
0.470539
0.396116
0.348697
0.283087
0.261832
0.252346
0.253928
0.244636
0.186550
0.126735
0.086224
0.049717
0.036271
0.047016
0.055836
0.056787
0.053104
0.045047
0.027488
0.024189
0.024487
0.027259
0.021806
0.020792
0.020542
0.022556
0.013647
0.006814
0.020018
0.032341
0.036643
0.038885
0.045392
0.049879
0.043572
0.045647
0.044294
0.043236
0.032756
0.033589
0.038086
0.039190
0.070068
0.106561
0.116819
0.088299
0.081786
0.095922
0.088419
0.083176
0.069847
0.055957
0.046010
0.040999
0.030070
0.030100
0.021610
0.023933
0.013543
0.007508
0.014625
0.030214
0.035880
0.041049
0.038385
0.048581
0.044740
0.047607
0.047572
0.045930
0.026850
0.024054
0.026307
0.038446
0.034303
0.031764
0.030112
0.035536
0.036390
0.034444
0.033832
0.028953
0.011396
0.008126
0.013772
0.020050
0.019081
0.017928
0.013936
0.021015
0.014288
0.007636
0.012631
0.020176
0.030588
0.025612
0.020315
0.010140
0.004842
0.005992
0.006685
0.001196
-0.006305
-0.008248
0.000568
0.010875
0.000083
-0.000784
0.006212
0.020390
0.019721
0.017749
0.002696
0.005590
0.014212
0.004325
-0.000904
-0.001567
-0.009508
-0.009809
-0.001352
0.003531
-0.002533
-0.009859
-0.000332
0.008575
0.006774
0.007854
0.005999
-0.000630
-0.005100
-0.009454
-0.006244
-0.002995
-0.010690
-0.011782
-0.003051
-0.000581
-0.008054
-0.006112
0.007518
0.007240
-0.003318
-0.001452
-0.000350
0.004246
-0.000754
-0.006606
0.000910
0.008285
-0.005364
-0.013926
-0.001226
0.000893
-0.013324
-0.014521
-0.000180
0.012245
0.019609
0.023116
0.016661
0.009841
0.001836
0.002034
0.011582
0.014830
0.008971
0.003640
0.003124
0.007739
-0.004933
-0.011307
0.004493
0.014393
0.011971
0.015406
0.012957
0.008695
-0.000029
0.001253
0.007396
0.009000
0.001039
0.001138
-0.000774
0.005114
0.000243
-0.004540
0.004689
0.012256
0.016151
0.010315
0.010747
0.010521
0.006868
0.003774
0.010847
0.009876
0.003009
0.001656
0.002566
0.008220
0.003299
-0.003738
0.005965
0.016087
0.016940
0.017989
0.011014
0.010674
0.006403
-0.001660
0.002403
0.002345
-0.006534
-0.005506
0.002285
0.000790
-0.005361
-0.007070
0.002977
0.010988
0.010373
0.015912
0.013409
0.010465
0.000772
-0.003293
0.001740
0.006441
0.003811
-0.001507
0.004511
0.003217
-0.004138
-0.005314
0.004938
0.011096
0.014848
0.018148
0.011555
0.007225
0.009073
0.007258
-0.000618
0.001024
-0.005366
-0.012988
0.001731
0.008891
-0.006256
-0.012597
0.006004
0.020467
0.024181
0.020436
0.006981
0.001603
0.007067
-0.001848
0.003041
0.004554
-0.008191
-0.023843
-0.010589
-0.004703
-0.009567
-0.013719
0.002668
0.008232
0.007628
0.010182
0.006267
0.011350
0.010013
0.003950
0.009738
0.020896
0.005652
0.001200
0.013229
0.011061
-0.002397
0.000036
0.010662
0.012905
0.013945
0.015186
0.014966
0.010848
0.016474
-0.005923
-0.014372
-0.007468
-0.015644
-0.020672
-0.002860
-0.005955
-0.007765
-0.013253
0.008000
0.004632
-0.002292
-0.002896
-0.006670
-0.008511
-0.004451
-0.006327
-0.003072
0.002898
-0.018646
-0.020949
-0.000125
-0.000449
-0.021752
-0.019686
0.004028
0.016318
0.009825
0.006800
0.001870
0.000947
0.002928
-0.000673
0.001142
0.005762
-0.011910
-0.017169
-0.003366
-0.001186
-0.012518
-0.011735
0.007772
0.022595
0.015914
0.012600
0.006203
0.006802
0.007512
0.004258
-0.001561
0.001872
-0.003532
-0.005449
0.006416
0.004674
-0.007749
-0.006966
0.007799
0.018578
0.019527
0.024451
0.011729
0.014020
0.008768
0.000639
-0.000169
0.006692
0.003333
-0.003872
0.007819
0.005072
-0.012058
-0.011365
0.007195
0.014108
0.017174
0.016705
0.006860
0.005764
0.006978
0.000421
-0.001539
-0.002383
-0.010127
-0.009038
-0.004109
0.000448
-0.008383
-0.013174
0.002084
0.014904
0.013961
0.009375
0.003759
0.002177
-0.002559
-0.006570
0.003491
0.004526
-0.013799
-0.023544
-0.000770
0.004715
-0.008267
-0.007657
0.012316
0.021024
0.023061
0.022009
0.008626
0.008699
0.019996
0.008482
-0.001719
-0.001133
-0.017940
-0.017725
-0.002610
0.003461
-0.005583
0.001863
0.029146
0.044493
0.037934
0.028586
0.016440
0.020929
0.018453
0.007631
-0.000281
0.004877
-0.005960
-0.010823
0.004110
0.004918
-0.010962
-0.009044
0.009319
0.019135
0.014349
0.002854
0.001588
0.007098
0.000979
-0.009053
-0.006495
-0.002117
-0.026265
-0.036705
-0.007234
0.007697
-0.009686
-0.018561
0.004424
0.010058
-0.015587
-0.014335
-0.005502
0.002211
0.000205
-0.007494
-0.008239
-0.000210
-0.012663
-0.017901
0.005023
-0.000913
-0.022097
-0.018978
0.001915
0.011547
0.010281
0.008390
0.002980
0.002747
-0.002226
-0.008382
-0.002492
-0.000128
-0.009910
-0.011362
-0.005172
-0.003617
-0.008313
-0.011718
-0.002938
0.008796
0.002731
0.002120
0.002005
-0.000295
-0.010554
-0.013133
-0.004382
0.000344
-0.012668
-0.019148
-0.010757
-0.004683
-0.015475
-0.019804
-0.000670
0.009136
0.002291
-0.004117
0.004078
0.004826
-0.015655
-0.020550
-0.008218
-0.005422
-0.013062
-0.013824
-0.002507
0.001522
-0.006064
-0.008091
0.002874
0.009271
0.011503
0.009684
0.007959
0.004058
0.003260
-0.002997
0.000613
0.005606
-0.001930
-0.005065
0.003924
0.001188
-0.012696
-0.007056
0.014437
0.024814
0.030469
0.019258
0.012868
0.010292
0.013075
0.010744
0.005034
0.008104
-0.002033
-0.010052
0.008833
0.010955
-0.005436
-0.007045
0.007251
0.018521
0.013108
0.005332
0.000118
0.000867
0.003130
-0.003522
-0.005102
-0.004492
-0.016523
-0.024832
-0.000524
-0.000333
-0.012034
-0.006153
0.008240
0.015382
0.011609
0.019850
0.008329
0.007410
0.004777
-0.003523
-0.007391
0.000774
-0.002715
-0.004021
0.009434
0.000291
-0.023281
-0.022259
0.004829
0.016578
0.009675
0.011146
0.011362
0.011127
0.003352
0.003663
0.011118
0.015641
0.006574
-0.005500
0.001429
0.005287
-0.004325
-0.010795
-0.000732
0.004804
0.013867
0.019450
0.015664
0.009798
0.003266
0.001503
0.009529
0.010466
0.002454
0.002217
0.006134
0.007759
-0.005311
-0.007211
0.013518
0.029754
0.025396
0.017835
0.009261
0.009760
0.010129
0.005926
0.007953
0.008762
-0.008484
-0.013057
0.005901
0.005596
-0.005108
-0.007462
0.001499
0.007668
0.008404
0.007432
0.004291
0.002990
0.004450
-0.001405
-0.003553
0.000904
-0.002536
-0.003508
0.000558
-0.004109
-0.009618
-0.007347
0.003035
0.012882
0.021547
0.024141
0.016514
0.012902
0.007800
0.006676
0.007038
0.012215
0.001269
-0.004373
0.007538
0.010556
-0.005178
-0.004601
0.014124
0.022425
0.013088
0.014841
0.004104
0.011607
0.013115
-0.002350
-0.001124
0.007413
-0.004132
-0.010827
0.001127
0.004158
-0.009656
-0.010751
0.008903
0.018114
0.012309
0.007718
0.000409
-0.002108
0.000304
-0.006596
0.001390
0.001872
-0.002853
-0.007169
0.008995
0.006248
-0.002454
-0.007375
0.009464
0.014624
0.014793
0.014423
0.002477
0.006101
0.014034
0.006848
0.003029
0.004501
-0.006600
-0.008599
0.005986
0.004656
-0.007157
-0.008321
0.008459
0.010925
0.001011
0.005724
0.005693
0.003385
0.001273
-0.002049
-0.000133
0.003976
-0.008819
-0.011094
0.001274
0.000872
-0.011511
-0.010984
0.005783
0.011184
0.008285
0.004498
0.004017
0.004210
0.007536
0.001499
-0.005063
-0.001583
-0.008077
-0.019674
-0.002267
-0.000425
-0.013003
-0.013957
-0.004030
0.004570
0.009346
0.008643
0.005906
0.011010
0.007907
-0.008401
0.000071
0.005621
0.000602
-0.006401
0.003727
0.003965
-0.009992
-0.009756
0.008709
0.017835
0.018383
0.018293
0.010158
0.010060
0.009700
0.007226
0.005923
0.008745
-0.001286
-0.007231
0.007007
0.005149
-0.005189
-0.004547
0.008471
0.012362
0.013347
0.018874
0.009608
0.010330
0.013600
0.003245
-0.002290
-0.003090
-0.017317
-0.015788
-0.000381
-0.001665
-0.021349
-0.018663
0.005679
0.019084
0.019057
0.016475
0.010949
0.009120
0.001212
0.000238
0.006361
0.011402
0.002556
-0.010039
-0.008411
0.001317
-0.009679
-0.012026
0.004587
0.018838
0.012796
0.010118
0.012310
0.013941
0.004449
0.004565
0.008266
0.009716
0.001960
-0.000697
0.002036
0.013232
0.000966
-0.008011
0.000704
0.016660
0.014558
0.016231
0.011390
0.014455
0.000932
0.001736
0.009555
0.014503
0.003708
-0.005448
0.007283
0.014590
-0.001336
-0.007169
0.008228
0.017025
0.016441
0.011239
0.005595
0.005418
-0.002099
-0.013588
-0.005206
-0.000463
-0.011307
-0.013309
0.003273
0.002516
-0.002969
-0.009352
0.000757
0.001833
-0.011250
-0.005422
0.003539
0.004429
-0.003056
-0.016230
-0.006174
0.002837
-0.013013
-0.022589
-0.015680
-0.007986
-0.016145
-0.022278
-0.008641
0.004342
0.007793
0.011636
0.013874
0.023409
0.011861
0.002516
0.009041
0.022398
0.015721
0.008627
0.011466
0.017629
-0.004855
-0.003984
0.020823
0.030925
0.031096
0.029888
0.030023
0.025890
0.010620
0.006046
0.013109
0.014475
0.002167
0.002981
0.010203
0.014117
-0.001090
-0.001566
0.019113
0.029241
0.011968
0.005695
0.007873
0.009848
-0.006566
-0.008455
0.004576
0.007327
-0.005050
-0.007346
0.005215
0.006814
-0.006077
-0.011001
0.002830
0.008955
0.007068
0.007237
0.005361
0.007665
0.010948
0.002370
0.001853
0.007908
-0.003263
-0.012695
-0.000359
0.008530
-0.008489
-0.011810
0.009507
0.023619
0.011633
0.007268
-0.000022
0.004975
0.003229
-0.005918
-0.002376
0.003195
-0.008127
-0.013379
0.002175
0.009941
-0.006493
-0.011915
0.007423
0.021289
0.011929
0.009799
0.004866
0.007093
0.007853
0.000366
-0.000600
0.006590
-0.006414
-0.018075
-0.001840
0.004286
-0.008218
-0.015136
0.001172
0.005876
-0.001579
-0.007631
-0.002371
-0.003405
-0.003997
-0.008759
-0.004393
-0.007022
-0.020180
-0.024145
-0.002966
0.002238
-0.001761
-0.010569
-0.001698
0.006444
-0.003944
0.005376
0.001093
0.001435
-0.004381
-0.002869
-0.001287
-0.001008
-0.008511
-0.010520
0.003634
0.005728
-0.013197
-0.013645
0.012218
0.022310
0.021677
0.019235
0.011668
0.019029
0.016262
0.005655
0.004247
0.009157
-0.002823
-0.005791
0.000866
0.002294
-0.010527
-0.011367
0.004368
0.015215
0.018350
0.016931
0.012944
0.010621
0.005960
0.007349
0.011592
0.006910
0.001653
0.000774
0.003179
0.008841
0.004727
-0.001522
0.003819
0.009168
0.007978
0.003637
-0.000493
0.003847
0.005938
-0.007890
-0.000918
-0.000767
-0.016826
-0.016151
-0.001321
-0.002727
-0.008306
-0.010648
0.004377
0.010467
0.004247
0.001179
0.001068
0.004370
0.003895
-0.013653
-0.006263
-0.001790
-0.010316
-0.011240
0.000027
-0.008838
-0.016347
-0.016840
-0.005964
0.001613
0.006245
0.005167
0.002492
0.004460
-0.001515
-0.003237
0.007484
0.012076
0.003949
-0.003624
0.001075
0.004484
-0.007030
-0.007694
0.002498
0.007593
0.017806
0.021737
0.019849
0.012280
0.004119
0.001774
0.005466
0.009417
0.006367
0.004770
0.003505
0.008547
0.000593
-0.003635
0.012196
0.023234
0.019515
0.018211
0.012837
0.018407
0.017831
0.011454
0.012408
0.015975
0.000120
-0.006837
0.002633
0.006873
-0.006795
-0.009344
0.006352
0.012120
0.012394
0.005061
0.007256
0.008698
0.004280
-0.007975
-0.000676
0.000227
-0.004901
-0.006556
0.002819
-0.006131
-0.010075
-0.003749
0.008942
0.007247
0.008979
0.011805
0.015767
0.008254
0.004519
-0.000719
0.001826
0.003684
-0.004283
-0.008797
0.000908
0.001279
-0.008476
-0.010709
0.005216
0.016786
0.018068
0.018330
0.007672
0.009252
0.011092
0.002851
0.004815
0.003613
-0.005508
-0.006055
0.010265
0.006497
-0.012206
-0.013297
0.006818
0.016735
0.016587
0.017474
0.012350
0.009294
-0.000483
-0.002041
0.002524
0.005500
-0.001759
-0.008140
-0.004700
0.003305
-0.009401
-0.014385
0.000034
0.007942
0.011068
0.017271
0.011151
0.012224
0.005084
0.006793
0.014130
0.016118
0.005425
0.003685
0.006300
0.011340
0.003783
0.003648
0.011365
0.021500
0.028932
0.031046
0.029135
0.025076
0.017666
0.010317
0.014438
0.014392
0.004464
0.005532
0.004010
0.014107
0.000728
-0.010347
0.006844
0.020902
0.012326
0.005799
0.002767
0.007855
0.004230
-0.002325
0.007083
0.008807
-0.004031
-0.011782
-0.004129
0.006786
-0.002957
-0.014295
-0.000371
0.015151
0.013271
0.013094
0.004707
0.006316
-0.001721
-0.004445
0.005095
0.009565
0.004806
-0.003147
-0.000034
0.006630
0.001206
-0.002876
0.006420
0.010512
0.012248
0.012409
0.009946
0.013918
0.006669
-0.006437
0.001806
0.008911
0.001129
-0.000109
0.001835
0.004915
-0.007933
-0.012315
0.003215
0.015170
0.016247
0.015636
0.013950
0.013267
0.004819
0.001819
0.010338
0.013517
0.001862
0.001651
0.002351
0.001171
-0.003401
-0.006410
0.007104
0.008750
0.007956
0.007866
-0.000046
0.002723
0.004146
-0.009886
-0.000263
0.003177
-0.008238
-0.011161
-0.005485
-0.004139
-0.007455
-0.008023
0.006490
0.009430
0.008196
0.015173
0.006706
0.003034
0.004060
-0.001826
0.000101
-0.001431
-0.005449
-0.001826
-0.004252
-0.006655
-0.013369
-0.010405
0.010473
0.017297
0.019501
0.023934
0.022370
0.020816
0.013166
0.009673
0.009225
0.014788
0.006391
0.001723
0.011413
0.011443
-0.012887
-0.010916
0.009503
0.025891
0.026957
0.027883
0.015675
0.013646
0.007975
0.009263
0.008123
0.017405
0.006376
-0.001171
0.011523
0.015842
0.005227
-0.003106
0.000554
0.010297
0.011887
0.018361
0.011208
0.009052
0.007076
0.010981
0.007268
0.008087
0.004832
0.004423
0.007511
0.008065
-0.004131
-0.008744
0.008165
0.020480
0.018161
0.015747
0.012673
0.014333
0.009473
0.004579
0.004026
0.010306
0.001017
0.004779
0.012161
0.010826
-0.004158
-0.007650
0.003069
0.010887
0.011553
0.007505
0.006698
0.005558
-0.005048
-0.009040
0.008921
0.009941
-0.009848
-0.012483
0.001374
0.008748
0.001238
-0.008014
0.003891
0.011185
0.007658
0.007397
0.008402
0.002777
-0.001100
-0.008124
-0.001581
-0.002144
-0.019778
-0.017419
0.002464
-0.001325
-0.017686
-0.014315
0.005392
0.007896
-0.000767
0.001258
-0.004192
-0.001253
-0.003337
-0.010198
-0.005383
0.002121
-0.006322
-0.007872
0.005117
0.003335
-0.016751
-0.018721
0.001152
0.014940
0.010661
0.010201
0.008778
0.014940
0.004083
0.001520
0.012320
0.014794
0.009108
0.003615
0.006191
0.005378
0.000245
0.000361
0.003274
0.008756
0.017866
0.018110
0.013393
0.008391
-0.002243
0.000084
0.007399
0.007715
-0.000152
0.001523
0.001680
0.008491
-0.002545
-0.007647
0.005088
0.012964
0.008429
0.009672
0.004562
0.003904
-0.002749
-0.003328
0.004172
0.010703
0.002847
-0.002334
0.003840
0.006571
-0.008303
-0.009447
0.004781
0.012693
0.015294
0.010973
0.008613
0.007740
0.001481
0.002392
0.010509
0.012492
-0.003274
-0.002601
0.008607
0.012979
0.001508
-0.002848
0.003149
0.007935
0.000453
0.003039
-0.002951
-0.003563
-0.010301
-0.005985
0.002693
0.000150
-0.014678
-0.013745
0.002164
0.005486
-0.007679
-0.008462
0.009499
0.018837
0.013452
0.015637
0.007744
0.006318
-0.002435
-0.008255
0.001246
0.005317
-0.004895
-0.008551
0.002096
0.004205
-0.008868
-0.011414
0.002555
0.013552
0.013642
0.010633
0.003743
0.006242
-0.003244
-0.009698
0.002433
0.006974
-0.003297
-0.011450
-0.003494
0.000847
-0.006802
-0.007779
0.002487
0.009654
0.006248
0.005369
0.000512
0.002489
0.000914
-0.011854
-0.004804
-0.003593
-0.010520
-0.012880
-0.006248
0.000045
-0.004262
-0.007424
-0.000473
0.005686
0.008013
0.005199
0.002706
0.001745
0.005243
-0.004944
0.001737
0.002526
-0.008912
-0.010689
0.000395
-0.000729
-0.014681
-0.016930
0.004648
0.012295
0.004786
0.004701
0.003830
0.005262
-0.001053
-0.004112
0.005167
0.007501
0.001496
-0.004267
0.003442
0.006247
-0.008834
-0.013476
0.008041
0.018035
0.010711
0.013484
0.013841
0.018226
0.006438
0.003962
0.005316
0.012028
0.002557
0.000927
0.006329
0.014464
-0.000550
-0.008084
0.007910
0.019362
0.013762
0.009370
0.009625
0.005398
-0.005291
-0.003372
0.001906
0.002307
-0.009948
-0.011916
0.005289
0.011535
-0.007472
-0.007309
0.007344
0.018452
0.003589
0.009965
0.003516
0.009603
0.002239
-0.000075
0.003889
0.008879
0.015618
0.007703
0.003641
0.006767
-0.014334
-0.045323
-0.057163
