-0.017288
-0.008299
-0.012152
0.016027
0.000566
0.016060
0.040224
0.026922
0.028568
0.032162
0.048023
0.050959
0.066414
0.104234
0.142972
0.156090
0.147193
0.153364
0.192211
0.223979
0.280813
0.320531
0.349120
0.378738
0.412600
0.452771
0.573288
0.677088
0.766400
0.775833
0.774099
0.753385
0.666085
0.549153
0.424136
0.342320
0.302139
0.260830
0.208892
0.173014
0.161819
0.158506
0.178187
0.163128
0.146247
0.163637
0.179971
0.178953
0.149919
0.117200
0.107915
0.109961
0.116948
0.098065
0.089950
0.080791
0.069751
0.065753
0.061204
0.046130
0.048701
0.042702
0.042727
0.037543
0.035311
0.045573
0.051991
0.050634
0.054483
0.051815
0.044703
0.035925
0.040459
0.036927
0.044465
0.034232
0.044612
0.072660
0.093343
0.101865
0.095425
0.091876
0.093515
0.087059
0.100789
0.100996
0.093286
0.076246
0.065437
0.052529
0.054146
0.040551
0.058172
0.074484
0.089451
0.100236
0.101142
0.092069
0.096199
0.114699
0.122754
0.107583
0.103905
0.092676
0.091692
0.082292
0.098043
0.095103
0.100892
0.112386
0.140448
0.155949
0.147289
0.142387
0.150848
0.176856
0.182766
0.175725
0.158247
0.140813
0.135317
0.131056
0.152539
0.145142
0.172200
0.205351
0.234280
0.232293
0.208810
0.176211
0.168361
0.162208
0.170129
0.170752
0.159837
0.149933
0.133061
0.114143
0.112210
0.095577
0.089600
0.094080
0.109174
0.097146
0.071514
0.073183
0.089777
0.080386
0.072811
0.059468
0.048050
0.040967
0.048889
0.052998
0.052960
0.037782
0.040711
0.046289
0.053977
0.049564
0.052188
0.056159
0.056938
0.059624
0.060811
0.053640
0.047038
0.046913
0.052491
0.044907
0.050323
0.052386
0.047817
0.062367
0.094270
0.109481
0.096516
0.079730
0.078625
0.065759
0.062800
0.052242
0.046513
0.043723
0.047101
0.038717
0.039166
0.035576
0.041195
0.032261
0.025387
0.028818
0.036590
0.037225
0.034098
0.037499
0.037261
0.017541
0.010571
0.017572
0.019703
0.011685
0.012737
0.015185
0.017946
0.013266
0.006279
0.012893
0.021229
0.022362
0.018285
0.015243
0.015975
0.011700
-0.000701
0.001676
0.001972
-0.012051
-0.005985
0.003125
0.008226
0.002013
-0.007568
0.005383
0.011795
0.006102
0.004466
-0.012324
-0.011349
-0.005690
-0.010348
-0.004903
0.000278
-0.012010
-0.020187
-0.004229
0.002211
-0.009908
-0.010068
0.006316
0.015049
0.012238
0.010881
0.001766
0.001823
0.007510
0.002273
-0.003625
-0.005847
-0.022825
-0.024060
-0.006731
-0.000940
-0.015694
-0.013257
0.003472
0.019381
0.007413
-0.004281
-0.013161
-0.012961
-0.004997
-0.014630
-0.014612
-0.012635
-0.025126
-0.031310
-0.000224
-0.009400
-0.009786
-0.011917
0.007896
0.001184
-0.020422
-0.037979
-0.022123
-0.018656
0.009325
-0.022044
-0.039169
-0.008946
-0.040561
-0.051739
-0.028676
-0.035706
-0.033562
-0.044630
-0.007793
-0.001295
-0.030344
-0.038508
-0.013933
-0.004302
-0.001220
-0.000364
0.013954
0.018706
-0.015606
-0.028210
0.001815
0.012648
-0.009821
-0.017800
0.015066
0.021773
0.002434
-0.008689
-0.006057
0.000324
0.006651
-0.010967
-0.003635
0.003227
-0.024407
-0.034482
-0.007927
-0.007250
-0.018495
-0.012950
0.018422
0.019778
-0.015730
-0.017011
-0.005927
-0.004667
-0.000439
-0.007000
-0.016852
-0.004374
-0.025286
-0.029810
-0.003961
-0.006067
-0.028434
-0.025307
0.003895
0.016541
0.001139
0.006891
0.013323
0.020717
0.019464
0.017783
0.025101
0.029893
0.011180
-0.000611
0.011885
0.013158
-0.003684
0.001625
0.031829
0.038650
0.043168
0.042740
0.038601
0.042619
0.037462
0.014157
0.011694
0.016563
-0.003479
-0.006559
0.003746
0.009698
0.004509
-0.001760
0.016700
0.015048
-0.001494
-0.001128
-0.005886
-0.003478
0.007066
-0.012073
-0.023656
-0.014223
-0.018232
-0.026440
-0.006228
-0.006145
-0.010106
-0.014214
-0.004058
-0.001231
-0.003827
0.003714
0.003644
0.002685
0.000878
-0.006435
-0.000544
0.008005
0.002655
-0.002895
0.006812
0.003329
-0.018568
-0.012517
0.014185
0.029321
0.029518
0.035516
0.034316
0.032157
0.024089
0.022728
0.022287
0.022819
0.014468
0.006901
0.009188
0.022089
0.015988
0.019833
0.032925
0.049807
0.080982
0.130080
0.159334
0.201585
0.260961
0.335077
0.407566
0.505717
0.591457
0.750273
0.870681
0.932376
0.936423
0.933074
0.924497
0.857762
0.768517
0.593484
0.478589
0.416652
0.374178
0.309113
0.307739
0.299701
0.286214
0.266794
0.191611
0.143115
0.108563
0.061516
0.041115
0.045091
0.055877
0.060984
0.065021
0.057944
0.045407
0.039133
0.031517
0.039195
0.030679
0.035565
0.029707
0.036660
0.034667
0.045753
0.059484
0.056899
0.063435
0.072067
0.084211
0.096640
0.108149
0.120887
0.124454
0.133503
0.150772
0.198571
0.237852
0.292489
0.319768
0.344245
0.336224
0.290755
0.228934
0.183124
0.134835
0.134392
0.112699
0.072265
0.049690
0.054653
0.055026
0.053265
0.037177
0.037201
0.037207
0.034327
0.039704
0.048243
0.055261
0.052762
0.047557
0.048702
0.046675
0.049372
0.032528
0.030405
0.026670
0.028294
0.021902
0.031400
0.055448
0.071346
0.071367
0.065804
0.073370
0.068087
0.055974
0.043518
0.027894
0.022940
0.023974
0.017496
0.004190
0.009140
0.015834
0.018406
0.010520
0.005669
0.010105
0.010654
0.012660
0.016017
0.005135
0.000885
-0.007564
-0.007336
-0.003664
-0.003035
-0.012551
-0.015346
-0.002447
0.008187
-0.000157
-0.003731
0.007883
0.014723
0.006850
0.006696
-0.007748
-0.009493
-0.003586
-0.006490
-0.010095
-0.009769
-0.030801
-0.033738
-0.019037
-0.013542
-0.018288
-0.019644
0.011581
0.014253
-0.003393
-0.017676
-0.015121
-0.015203
0.000862
-0.010075
-0.011882
-0.007312
-0.023162
-0.030661
-0.005192
-0.006933
-0.021448
-0.017479
0.010211
0.012455
-0.008003
-0.009764
-0.009134
-0.001560
0.004227
-0.004920
-0.007786
-0.002505
-0.015756
-0.024863
-0.005067
-0.001840
-0.016678
-0.016083
0.004163
0.009244
0.004970
0.003632
0.000370
0.004503
0.004872
-0.007239
-0.009674
-0.004612
-0.016184
-0.024393
-0.003984
0.002898
-0.006760
-0.008502
0.009500
0.009470
0.001479
0.001230
-0.003238
0.003603
0.004816
-0.013601
-0.010685
-0.002841
-0.020582
-0.024132
-0.008845
-0.001240
-0.014902
-0.015670
0.010123
0.023045
0.016064
0.005754
-0.009111
0.004287
0.008645
-0.012020
-0.012122
-0.002886
-0.022998
-0.029194
-0.008385
0.004300
-0.008493
-0.016933
-0.002161
0.012612
0.007446
0.003009
0.004578
0.010232
0.001717
-0.012417
-0.008389
-0.000601
-0.010638
-0.018743
-0.006936
-0.009663
-0.017125
-0.014290
-0.003767
-0.004528
0.001488
0.006372
0.003524
0.002734
0.007148
0.001881
-0.000064
-0.001912
-0.008165
-0.008909
0.004888
0.002365
-0.015386
-0.013424
0.008471
0.013615
0.007627
0.019111
0.004274
-0.001850
0.003282
-0.001283
-0.003524
-0.002025
-0.007391
-0.011713
0.012463
0.016702
-0.002730
-0.003526
0.025421
0.038318
0.026531
0.010701
-0.006829
0.004508
0.005147
-0.009710
-0.004168
-0.003370
-0.030690
-0.042583
-0.015221
-0.025494
-0.003946
-0.018761
0.002547
-0.004527
-0.022374
-0.054310
-0.040237
-0.032544
0.007164
-0.021786
-0.054692
-0.027300
-0.054762
-0.076352
-0.043787
-0.055131
-0.013035
-0.055175
0.011307
-0.039002
-0.065252
-0.108001
-0.064480
-0.050896
-0.023980
-0.058791
-0.057907
-0.024755
-0.049237
-0.067766
-0.026489
-0.051091
-0.075962
-0.079045
0.004587
-0.008294
-0.017751
-0.036554
-0.023677
-0.023612
0.008708
-0.006232
-0.020106
0.000997
-0.019729
-0.027013
-0.006699
-0.012627
-0.042150
-0.027804
0.012734
0.025318
0.009497
0.012058
0.010913
0.017001
0.017568
0.017990
0.007470
0.009915
0.002754
-0.007164
0.006592
0.007643
-0.009588
-0.010047
0.008138
0.019149
0.013513
0.013796
0.000384
0.001259
0.009331
0.005857
0.000215
0.001971
-0.012946
-0.021676
-0.006903
0.003995
-0.007187
-0.012194
0.004100
0.014322
0.004561
0.003488
-0.001395
0.005427
0.003830
-0.013372
-0.011262
-0.002090
-0.023871
-0.033395
-0.014009
-0.003200
-0.007939
-0.015003
-0.000233
0.008296
0.001801
-0.010091
-0.011336
-0.005070
0.000289
-0.016222
-0.014406
-0.007519
-0.024743
-0.031286
-0.014894
-0.011976
-0.012731
-0.011538
0.005886
0.008762
0.004375
-0.008491
-0.013100
-0.018908
0.003687
-0.005787
-0.012488
-0.008212
-0.028562
-0.040598
-0.017828
-0.013314
-0.018855
-0.020738
-0.001830
0.009766
-0.009804
-0.004093
0.001358
0.005988
0.019958
0.021067
0.006766
0.003730
0.006370
0.004650
0.008097
0.007828
-0.008628
-0.004602
0.019576
0.036221
0.035864
0.042639
0.039385
0.039765
0.032986
0.023718
0.021863
0.024774
0.012149
0.010426
0.019793
0.021244
0.002437
0.005821
0.023529
0.031958
0.027510
0.024327
0.021509
0.017949
0.018997
0.016072
0.009376
0.005021
0.004196
-0.000173
0.008273
0.008788
0.005587
0.004523
0.018084
0.014095
0.003259
0.002523
0.000010
-0.004007
0.003185
0.002760
0.004366
-0.002557
-0.017951
-0.015156
0.001494
0.001292
-0.017253
-0.016214
0.009792
0.023440
0.003208
0.000361
0.004312
0.008176
0.006622
0.009049
0.003138
0.000621
-0.010286
-0.009993
-0.004790
-0.006221
-0.018923
-0.017042
0.003871
0.011692
0.010852
0.014201
0.008854
0.006018
0.010263
0.010945
0.006547
0.002098
-0.007710
-0.007544
0.002139
0.009521
0.000208
-0.002403
0.006718
0.023372
0.022326
0.017752
0.002634
0.012548
0.002161
-0.009312
-0.002388
0.003610
-0.012347
-0.018119
-0.004547
-0.001547
-0.013255
-0.010940
0.003242
0.008294
0.008931
0.006279
0.001640
-0.000211
-0.005594
-0.005960
0.002725
0.004107
-0.007745
-0.013227
0.002197
0.003030
-0.005857
-0.003628
0.014113
0.020240
0.012812
0.005980
0.001548
0.006215
0.000990
-0.008573
-0.004845
0.004562
-0.014280
-0.024660
-0.007707
-0.000425
-0.017579
-0.013819
0.005965
0.014461
0.010704
0.013213
0.008710
0.005358
-0.006981
-0.003891
0.006064
0.007955
-0.008479
-0.010509
0.000050
0.001465
-0.010807
-0.011389
0.002175
0.012726
0.009069
0.005574
0.003795
0.009675
0.002535
0.003317
0.010818
0.010874
-0.001167
0.000049
0.003875
0.009735
-0.004248
-0.013957
0.004196
0.017630
0.011746
0.008893
0.006429
0.011841
0.004083
0.001585
0.005644
0.006387
0.000190
-0.004221
-0.000621
0.002829
-0.008996
-0.010238
0.006609
0.017439
0.014704
0.010711
0.005874
0.007823
-0.001985
-0.005387
0.001987
0.006988
-0.005013
-0.007297
0.001944
0.006924
-0.008826
-0.011503
0.004527
0.015333
0.006136
-0.001295
-0.005081
-0.003428
-0.003048
-0.001051
0.001562
-0.001972
-0.013563
-0.023872
-0.005617
-0.000848
-0.008843
-0.012587
0.003964
0.004814
-0.003631
0.004117
-0.005607
-0.012603
-0.005132
-0.006017
-0.005793
-0.005892
-0.018648
-0.017418
-0.005239
-0.005676
-0.020144
-0.020041
0.004339
0.019348
0.004982
0.005594
-0.003575
0.004565
0.004846
0.002560
0.008643
0.007308
-0.008896
-0.010027
-0.000126
0.004527
-0.007045
-0.006114
0.013613
0.021051
0.007787
0.007573
0.000599
0.001846
0.001309
0.000666
-0.002986
-0.007198
-0.020414
-0.023132
-0.002083
0.001830
-0.007059
-0.010388
0.004993
0.007892
0.005514
0.000849
-0.007395
-0.002760
0.005595
-0.002464
-0.000990
-0.000789
-0.014815
-0.016799
-0.003873
-0.007974
-0.024230
-0.020096
0.003595
0.011196
0.002423
0.000758
0.001877
0.001593
-0.002003
-0.011240
-0.004059
0.003880
-0.003344
-0.011467
0.000770
-0.000369
-0.014619
-0.015741
0.003101
0.010578
0.004699
0.004889
-0.001624
-0.000468
0.004773
0.004041
0.005299
0.000244
-0.011624
-0.017990
-0.009077
0.001717
-0.006038
-0.007673
0.012698
0.020477
0.012370
0.007959
0.002040
0.002062
-0.001227
-0.009922
-0.004915
0.001020
-0.012819
-0.008112
0.001595
0.001285
-0.014743
-0.013308
0.003950
0.014232
0.002421
0.001574
-0.008894
-0.000611
0.003561
-0.003358
0.000898
0.004731
-0.009875
-0.012395
-0.002409
-0.000171
-0.012043
-0.014396
0.004956
0.014962
0.009801
0.008519
0.001468
0.001324
-0.003958
-0.003861
0.004654
0.008213
-0.006189
-0.009407
0.001127
0.008397
-0.001836
-0.002037
0.021269
0.033980
0.030670
0.023394
0.009933
0.005839
0.009873
0.006077
-0.003488
-0.009096
-0.025013
-0.018785
0.000861
0.000017
-0.012382
-0.014932
0.004600
0.011968
0.004296
0.003787
-0.007022
-0.004228
0.000766
-0.006327
-0.006134
0.003308
-0.012813
-0.021148
-0.012002
-0.006612
-0.018212
-0.010276
0.006598
0.018128
0.017712
0.018691
0.003812
0.006516
0.007325
0.004523
-0.000977
0.003584
-0.002558
-0.000276
0.010456
0.014555
-0.002494
-0.007175
0.010098
0.023734
0.023057
0.008901
-0.000119
0.005386
0.015526
0.000462
-0.016321
-0.014111
-0.031465
-0.037851
-0.016238
-0.007908
0.003669
-0.010680
0.001654
0.003498
-0.002813
-0.015631
-0.019224
-0.013364
0.000987
-0.015023
-0.020390
-0.005752
-0.017764
-0.028965
-0.007998
-0.009439
-0.028021
-0.025404
-0.005751
0.003774
0.006009
0.020459
0.015685
0.027134
0.029395
0.026867
0.030593
0.045542
0.044963
0.038183
0.038309
0.038922
0.049867
0.068492
0.070335
0.066480
0.090347
0.110548
0.119692
0.132347
0.158532
0.149848
0.137786
0.135416
0.143237
0.160773
0.164851
0.201483
0.243226
0.287005
0.310581
0.276822
0.219242
0.172140
0.138951
0.111701
0.074909
0.051013
0.035492
0.037775
0.033135
0.036421
0.025077
0.033969
0.022171
0.015440
0.015474
0.028788
0.021698
0.006873
0.018740
0.019621
0.009664
-0.001426
0.002468
-0.000512
-0.016082
-0.013672
0.000251
0.004496
0.001661
-0.006950
0.002100
0.003603
-0.013970
-0.010750
-0.001426
0.000671
-0.002156
-0.008209
-0.007356
-0.001664
-0.016907
-0.027329
-0.007615
-0.000455
-0.012735
-0.013024
0.008460
0.017998
0.007826
0.010822
-0.003971
0.005025
0.014752
-0.002119
-0.007279
-0.000886
-0.018372
-0.029083
-0.004943
0.001455
-0.009008
-0.010351
0.010882
0.018315
0.007293
-0.003369
-0.011367
-0.013232
0.002702
-0.004986
-0.012993
-0.016667
-0.043113
-0.049403
-0.022889
-0.017861
-0.008119
-0.029424
0.009840
-0.000402
-0.017530
-0.040655
-0.023725
-0.026274
-0.002340
-0.021732
-0.019898
-0.007675
-0.042489
-0.046135
-0.013963
-0.028895
-0.041222
-0.043623
-0.003189
-0.003891
-0.017631
-0.036306
-0.028826
-0.016536
-0.000737
-0.013744
-0.009132
-0.000253
-0.030446
-0.041891
-0.013688
-0.015133
-0.026492
-0.026350
-0.000252
-0.000756
-0.004367
-0.017173
-0.004282
-0.004578
-0.001237
-0.017108
-0.009349
-0.006844
-0.023723
-0.018109
-0.006928
-0.012016
-0.028399
-0.026159
-0.001652
0.003531
-0.004859
-0.008119
-0.011183
-0.007648
-0.005499
-0.007377
-0.001899
0.003203
-0.012099
-0.015200
-0.011159
-0.008539
-0.020680
-0.015894
0.002202
0.012004
0.005401
0.006186
0.006806
0.009170
0.001620
-0.003577
0.008023
0.010949
0.000654
-0.001545
-0.002818
-0.000057
-0.007238
-0.010673
0.001430
0.007872
0.002451
-0.002101
-0.001941
0.005632
0.001492
-0.010965
0.000069
0.002366
-0.011561
-0.015328
0.000861
0.009251
-0.005067
-0.010510
0.007260
0.019315
0.003986
0.005260
-0.002051
0.003126
-0.000535
-0.013829
-0.003141
0.006465
-0.010622
-0.014362
-0.000370
-0.002452
-0.014721
-0.012473
0.004576
0.009701
0.009603
0.008427
0.006822
0.003868
-0.001972
-0.005679
-0.002532
0.005940
-0.004610
-0.013825
-0.001484
0.006385
-0.008369
-0.012407
0.005734
0.020938
0.012853
0.009801
0.005578
0.011145
0.011829
0.009308
0.007919
0.006929
-0.006543
-0.011421
0.001861
0.008550
-0.008474
-0.011997
0.004105
0.019014
0.018599
0.010478
-0.001759
0.001890
-0.002589
-0.012741
-0.004424
-0.001836
-0.015583
-0.024112
-0.007387
0.001751
-0.006081
-0.014884
0.004867
0.012533
0.004640
-0.005271
-0.003311
0.000189
-0.001305
-0.015456
-0.010672
-0.000139
-0.009561
-0.018281
-0.001915
0.002985
-0.007150
-0.010246
0.006199
0.009437
-0.003876
-0.005387
-0.005135
0.001098
0.008624
-0.008039
-0.009641
-0.001910
-0.014344
-0.022638
-0.005257
-0.007743
-0.022008
-0.020712
-0.001060
0.007412
0.003920
-0.001811
-0.004996
-0.000219
-0.002887
-0.018196
-0.005087
0.001364
-0.011784
-0.018222
-0.004654
-0.000782
-0.011376
-0.007842
0.014677
0.016630
0.007480
0.004946
-0.001920
0.003135
0.004702
-0.009034
-0.007140
-0.004120
-0.017838
-0.021454
-0.007304
-0.004667
-0.010487
-0.015345
-0.002826
-0.001013
-0.002344
0.000983
-0.004643
-0.006873
-0.000630
-0.003094
-0.000967
-0.001692
-0.008105
-0.010727
0.001675
0.000323
-0.009963
-0.011298
0.005299
0.012590
0.013416
0.010530
-0.001295
-0.002707
0.005713
0.003987
0.002115
-0.002039
-0.014568
-0.017466
-0.004629
0.001702
-0.000640
-0.004794
0.009886
0.016714
0.010523
0.013546
0.002716
0.001801
-0.009495
-0.015068
-0.005350
-0.001297
-0.016189
-0.014810
0.005222
0.007760
-0.011276
-0.010744
0.006439
0.014961
0.014543
0.013326
0.005591
0.002119
0.002204
-0.001528
-0.000668
0.000975
-0.016945
-0.018513
-0.006624
-0.005352
-0.017048
-0.014745
0.006724
0.012799
0.002599
-0.004755
-0.004675
-0.004745
0.009077
0.003966
0.004603
-0.006141
-0.021053
-0.019399
-0.004869
-0.008328
-0.012162
-0.016952
0.007603
0.007793
-0.008730
-0.005781
-0.003410
0.000501
0.009025
0.002998
-0.004819
-0.004482
-0.014414
-0.020221
-0.003960
0.002378
-0.016560
-0.012373
0.009802
0.017209
0.005971
0.000263
-0.007888
-0.008826
-0.006798
-0.005863
-0.004701
-0.004812
-0.022817
-0.022768
-0.002065
-0.000912
-0.018411
-0.014989
0.009499
0.016950
-0.002662
-0.006065
-0.001669
-0.001830
-0.005907
-0.004254
-0.001086
-0.001739
-0.015011
-0.015543
0.003826
0.001820
-0.014321
-0.011279
0.005182
0.015113
0.007138
0.011482
-0.004182
-0.004150
-0.008477
-0.014491
-0.008978
-0.005008
-0.024014
-0.025791
-0.007785
-0.000154
-0.006570
-0.010339
0.002050
0.001005
0.001597
0.007741
-0.001064
-0.004528
-0.002511
-0.011259
-0.014252
-0.005373
-0.021424
-0.031106
-0.009533
-0.007118
-0.024071
-0.016787
0.017112
0.015524
-0.004832
-0.000779
-0.003572
-0.001285
0.009312
0.000390
-0.006988
-0.007622
-0.019722
-0.025768
-0.000459
-0.002852
-0.015449
-0.013598
0.013003
0.015054
-0.000117
0.001260
-0.007890
-0.010698
-0.006073
-0.007759
-0.008225
-0.003644
-0.017602
-0.025500
-0.000594
0.000125
-0.016346
-0.016258
0.001785
0.009545
0.002617
0.006840
0.002088
-0.000669
-0.007656
-0.009322
-0.004589
0.000975
-0.007769
-0.010430
0.001530
0.000790
-0.018785
-0.016332
0.002111
0.016046
0.010659
0.007538
0.001438
0.002458
-0.006116
-0.010649
-0.000353
0.001596
-0.010174
-0.013424
-0.004324
0.003052
-0.007258
-0.008747
0.010516
0.022424
0.007426
0.001883
-0.002030
0.001420
-0.004439
-0.007545
0.002453
0.004911
-0.015218
-0.019874
-0.001626
-0.000335
-0.011265
-0.010845
0.009759
0.015666
0.005435
0.009358
0.001705
-0.000609
-0.001041
0.004556
0.002051
0.001152
-0.013884
-0.017814
0.002377
0.004782
-0.014391
-0.006810
0.015696
0.023899
0.014538
0.008390
-0.001925
-0.003195
0.003715
-0.003359
-0.008963
-0.010450
-0.023268
-0.020635
-0.009502
-0.010897
-0.017775
-0.020662
-0.000078
0.003927
-0.005548
-0.007300
-0.013718
-0.008898
-0.006521
-0.013480
-0.009206
0.001900
-0.004893
-0.017386
0.000416
-0.002471
-0.021561
-0.016872
0.002861
0.012123
0.010317
0.008207
-0.001427
0.002039
-0.001912
-0.010252
-0.010258
-0.007423
-0.013047
-0.008328
-0.000254
-0.002524
-0.009158
-0.005695
-0.001077
0.005500
-0.002423
0.002177
0.000506
0.002303
-0.001715
-0.006678
0.003679
0.005814
-0.015268
-0.020214
0.005728
0.010806
-0.008513
-0.010795
0.013271
0.022317
0.007320
-0.005922
-0.009590
-0.005612
0.003161
-0.003992
-0.000636
-0.000238
-0.020933
-0.025765
-0.009399
-0.006964
-0.013208
-0.014610
0.004107
0.008812
0.002454
0.005406
0.002148
0.002934
0.006682
-0.000820
0.002124
0.007111
-0.012418
-0.016032
-0.001411
-0.003172
-0.023041
-0.018409
0.007570
0.014660
0.004608
0.003288
0.001757
0.002667
0.001018
-0.003121
-0.001797
-0.003875
-0.018074
-0.015801
-0.009732
-0.002781
-0.011786
-0.014881
0.001625
0.021260
0.012743
0.012884
-0.000042
0.003315
0.001520
-0.004703
0.003067
0.005152
-0.010196
-0.017406
-0.005512
0.001262
-0.001589
-0.012753
-0.000167
0.007950
0.002961
0.002149
-0.006226
-0.008068
-0.003381
-0.007737
-0.003170
-0.001438
-0.016205
-0.024053
-0.006016
0.000897
-0.015107
-0.013945
0.014415
0.019971
0.004512
0.004412
-0.004763
-0.003225
0.014129
0.001908
-0.008006
-0.006473
-0.019189
-0.019847
-0.002344
-0.003572
-0.015929
-0.016593
0.007614
0.010946
-0.002729
0.001876
-0.005145
-0.005801
-0.005925
-0.010248
-0.002212
0.007106
0.010299
-0.000007
-0.000729
-0.002105
-0.029391
-0.056549
-0.058186
