-0.005874
0.013194
-0.006722
-0.025592
-0.071461
-0.006996
-0.058562
-0.120612
-0.061003
-0.069714
-0.085030
-0.038434
-0.052743
-0.012537
-0.036847
-0.001739
-0.042703
-0.046605
-0.073776
-0.059320
-0.049493
-0.017680
-0.047074
-0.035829
0.001914
-0.028191
-0.042849
-0.006776
-0.020238
-0.065233
-0.043507
0.017583
0.041334
0.036240
0.037133
0.035928
0.050488
0.035604
0.028806
0.030515
0.043281
0.040593
0.033787
0.027620
0.031036
0.027811
0.035862
0.037545
0.040765
0.044808
0.050233
0.049131
0.050558
0.039294
0.035598
0.031051
0.035882
0.024986
0.029629
0.030054
0.037950
0.019893
0.018785
0.028488
0.039065
0.036880
0.050415
0.052454
0.059643
0.066731
0.088235
0.085972
0.087482
0.080027
0.087747
0.092694
0.107537
0.132113
0.163415
0.168921
0.142864
0.117591
0.105018
0.094610
0.088871
0.069815
0.069575
0.062191
0.062461
0.054921
0.059093
0.048409
0.049685
0.037809
0.041634
0.035904
0.042045
0.041312
0.043707
0.051090
0.056161
0.038617
0.032502
0.037935
0.038079
0.019265
0.032102
0.030318
0.026931
0.014706
0.020229
0.018405
0.022739
0.022327
0.030443
0.024313
0.021712
0.009173
0.000457
0.006572
0.011477
0.006475
0.004398
0.011030
0.015987
0.004869
-0.005108
0.010901
0.027811
0.036332
0.045203
0.044180
0.045602
0.037134
0.024701
0.026294
0.033124
0.033643
0.029032
0.026459
0.029111
0.029017
0.040054
0.048958
0.043572
0.045048
0.057869
0.050902
0.039292
0.016876
0.025358
0.019089
0.024084
0.019415
0.025661
0.018895
0.026866
0.018722
0.014289
0.018093
0.030496
0.036411
0.044426
0.045955
0.054990
0.063152
0.078523
0.069116
0.063952
0.050538
0.052539
0.039678
0.044742
0.046411
0.051123
0.048673
0.053615
0.058555
0.062798
0.064425
0.062126
0.044913
0.046293
0.052517
0.058305
0.046158
0.044561
0.039716
0.040016
0.036343
0.037685
0.043319
0.046193
0.049531
0.047221
0.057351
0.041553
0.018462
0.026064
0.029561
0.022888
0.009107
0.013361
0.010056
0.024606
0.024042
0.012980
0.014858
0.023351
0.027676
0.027367
0.008588
0.006446
-0.003110
-0.017824
-0.005814
-0.000347
-0.014244
-0.011593
0.002652
0.004492
-0.010602
-0.013986
0.003030
0.007372
-0.001760
0.000803
-0.003607
-0.002660
-0.000866
-0.006953
-0.004064
-0.000457
-0.002214
-0.007352
-0.004387
-0.002346
-0.005453
-0.004107
0.000956
0.007011
0.020974
0.030025
0.022715
0.012809
0.014997
0.015585
0.009823
0.007353
-0.002356
-0.011766
-0.003247
0.004517
-0.005069
-0.008584
-0.003314
0.011112
0.012997
0.011692
0.004130
0.004856
0.005609
-0.003443
-0.005348
-0.000308
-0.010892
-0.019000
0.004326
0.002813
-0.000229
0.000397
0.022586
0.025805
0.028714
0.008348
0.006843
0.006014
0.028011
-0.002407
-0.014794
-0.012329
-0.038806
-0.060895
-0.021273
-0.024587
0.008754
-0.045434
0.002473
-0.018745
-0.043722
-0.081632
-0.052008
-0.031290
-0.005414
-0.025249
-0.020337
-0.002876
-0.036906
-0.068619
-0.025475
-0.043562
-0.050217
-0.071338
-0.000635
-0.028061
-0.038388
-0.049320
-0.027435
-0.024820
-0.007444
-0.010650
-0.007065
0.010685
-0.012524
-0.029124
-0.004797
-0.005421
-0.033279
-0.024763
0.015601
0.029675
0.018283
0.016649
0.016526
0.025131
0.015702
0.007452
0.009912
0.021698
0.010782
0.002130
0.011741
0.014161
-0.004932
-0.006777
0.010602
0.028148
0.030105
0.037846
0.042997
0.045263
0.038808
0.041843
0.037764
0.040848
0.028704
0.024543
0.027888
0.039658
0.023982
0.027130
0.040106
0.060347
0.064675
0.053187
0.043774
0.042117
0.027712
0.017388
0.020154
0.020333
0.013369
0.011076
0.005511
0.011596
0.019637
0.015962
0.003070
0.004739
0.012562
0.023766
0.005220
-0.002831
0.005691
-0.004632
-0.017362
-0.009815
-0.017463
-0.022023
-0.005880
-0.003812
-0.021184
-0.020935
0.001829
0.017819
0.000097
0.002008
0.004631
0.019785
0.008827
0.007040
0.011987
0.021872
0.019241
0.003707
0.011075
0.008937
0.003158
0.014586
0.029164
0.032219
0.043108
0.052484
0.052883
0.043841
0.024434
0.010063
0.012041
0.025123
0.030364
0.028067
0.029100
0.031610
0.026118
0.037285
0.038788
0.048988
0.082976
0.116954
0.151515
0.182185
0.218252
0.272023
0.303833
0.349086
0.413079
0.561902
0.685022
0.776747
0.790380
0.773399
0.748825
0.643651
0.535660
0.380031
0.220355
0.188515
0.168838
0.106835
0.072539
0.081135
0.098274
0.105832
0.059884
0.038682
0.031717
0.024898
0.041183
0.056824
0.071858
0.085624
0.085792
0.079314
0.058599
0.048073
0.045411
0.052176
0.046232
0.038290
0.020925
0.025001
0.019054
0.009464
0.024560
0.031633
0.029419
0.046174
0.053415
0.040713
0.024778
0.023023
0.025025
0.025999
0.009419
0.007422
0.018283
0.020797
-0.012012
-0.010800
0.020173
0.039265
0.045361
0.049092
0.046456
0.053486
0.034668
0.034733
0.037374
0.040222
0.027096
0.021775
0.035556
0.042356
0.043535
0.060721
0.060435
0.059029
0.062032
0.062557
0.065592
0.076558
0.066509
0.057133
0.050322
0.047630
0.032104
0.034572
0.029808
0.035846
0.026780
0.021651
0.015485
0.022021
0.024384
0.019862
0.019650
0.015602
0.006990
0.000480
0.010844
0.008597
0.002792
0.002944
0.006293
0.011172
0.018648
0.004600
0.005300
0.006884
0.008155
0.004011
-0.004058
0.001749
0.007009
-0.010886
-0.011764
-0.006916
-0.025159
-0.026310
-0.001395
-0.001484
-0.005841
-0.009342
0.007268
0.008695
-0.003501
-0.007250
-0.008287
-0.006889
0.001202
-0.019157
-0.018898
-0.004232
-0.013461
-0.022497
-0.009343
-0.017330
-0.026295
-0.020446
0.004627
0.009320
0.007439
-0.000295
0.007642
0.010391
0.006555
-0.002206
-0.001098
-0.000762
-0.002224
-0.009669
0.003706
0.003048
-0.002999
-0.004048
0.008978
0.006738
-0.001749
0.002910
0.003187
0.005283
0.018718
0.011763
0.001296
-0.003445
-0.017611
-0.022966
-0.001546
0.000880
-0.003847
-0.005994
0.006439
0.008290
0.011326
0.007229
0.012252
0.008849
0.006369
-0.016007
-0.018540
-0.000645
-0.013455
-0.021759
-0.014465
-0.013960
-0.023724
-0.024054
-0.005140
0.007301
0.005912
-0.007991
-0.002016
0.002753
0.004661
-0.016805
-0.012602
-0.009097
-0.023907
-0.028112
-0.011709
-0.012103
-0.010692
-0.009982
0.001671
0.007735
0.004418
-0.004735
-0.003493
0.001626
0.009899
-0.006771
-0.005783
-0.001004
-0.013265
-0.022448
-0.007275
-0.016692
-0.020170
-0.014299
0.004663
0.003272
-0.001217
-0.002357
0.008776
0.011421
0.013797
0.000253
0.000698
0.002958
-0.001457
-0.009447
-0.001950
0.001061
-0.006590
-0.016093
0.003546
0.008955
-0.002082
0.004261
0.010539
0.009666
0.001930
-0.006238
0.001141
-0.002257
-0.012126
-0.020852
-0.014900
0.000920
0.001006
-0.009114
-0.005141
0.005773
0.004708
0.003362
0.001376
0.006364
0.006363
-0.013750
-0.005918
-0.009244
-0.029029
-0.030564
-0.016072
-0.005605
-0.005733
-0.017810
0.003921
0.008419
0.005220
-0.026261
-0.020240
-0.005814
0.005256
-0.031823
-0.044335
-0.024543
-0.048094
-0.064926
-0.035061
-0.035379
-0.003458
-0.041668
-0.014611
-0.039133
-0.051420
-0.077325
-0.042256
-0.046177
-0.032131
-0.049446
-0.051483
-0.023187
-0.046371
-0.074979
-0.037830
-0.048505
-0.037584
-0.056322
0.000956
-0.023520
-0.039624
-0.065425
-0.018322
-0.019652
-0.005771
-0.019063
-0.016331
-0.008136
-0.030388
-0.042405
-0.016871
-0.032419
-0.043675
-0.031114
-0.002801
-0.002166
-0.011963
-0.018079
-0.014619
-0.009616
-0.005054
-0.013392
-0.008205
0.001699
-0.008328
-0.013257
-0.002319
-0.000356
-0.012952
-0.012929
0.002843
0.009381
0.006745
0.004518
-0.009836
-0.011069
-0.001557
-0.009270
-0.005587
-0.002784
-0.009776
-0.005888
-0.000992
-0.006327
-0.019889
-0.014450
0.009700
0.016442
0.013213
0.010407
0.002433
-0.001659
0.003895
-0.001555
-0.005759
-0.004900
-0.019258
-0.020163
-0.004699
-0.004599
-0.006539
-0.006772
0.003536
0.008922
0.005501
0.002273
-0.006860
0.000061
0.006790
-0.003467
-0.005839
0.001820
-0.013442
-0.021674
0.002574
-0.002509
-0.019759
-0.012620
0.011711
0.014177
0.005574
-0.001391
-0.003263
0.009391
0.016112
0.001826
0.001039
-0.001011
-0.013889
-0.013799
0.000763
-0.002840
-0.014281
-0.019071
0.003274
0.014815
0.005915
-0.000484
-0.006512
-0.004197
0.004721
0.002884
-0.002472
-0.002768
-0.018624
-0.025606
-0.004908
-0.000067
-0.013046
-0.012913
0.002756
0.006272
0.003160
0.006918
0.006180
0.004603
0.004847
0.004327
-0.002621
0.003145
-0.001623
-0.013136
-0.001785
0.005702
-0.008507
-0.013083
0.001154
0.026235
0.030393
0.038141
0.028521
0.039280
0.035502
0.026539
0.035762
0.044919
0.032207
0.022845
0.031515
0.041482
0.037291
0.036691
0.044892
0.048489
0.055442
0.054459
0.052361
0.043682
0.023202
0.026375
0.031063
0.029778
0.015197
0.021599
0.020663
0.021398
0.004959
0.005978
0.018190
0.022477
0.010832
0.009279
0.010576
0.004549
-0.007917
-0.007423
0.001747
0.002205
-0.004509
-0.009683
0.002486
0.010108
-0.000877
-0.007758
0.008300
0.010738
-0.001159
0.001324
-0.000639
-0.000356
-0.002042
-0.011925
0.000144
0.000725
-0.017662
-0.024480
-0.011561
-0.000528
-0.012446
-0.018816
0.007676
0.017147
0.001316
-0.005107
-0.002424
0.004411
0.002320
-0.015263
-0.005689
-0.002271
-0.021081
-0.031453
-0.010261
0.000186
-0.011885
-0.018895
-0.009232
0.003855
0.005302
-0.000521
-0.009376
-0.003201
-0.004080
-0.013314
-0.006370
-0.001493
-0.010533
-0.013558
-0.001640
0.001775
-0.018109
-0.018413
0.001170
0.016758
0.011532
0.009387
0.008093
0.016015
0.007032
0.001397
0.005499
0.008597
-0.001346
-0.007979
0.003814
0.010929
-0.000006
-0.003752
0.008091
0.011840
0.009530
0.005150
0.008104
0.003411
-0.001126
-0.006905
0.000480
-0.005928
-0.009520
-0.012133
0.001440
0.000909
-0.001961
-0.004329
0.006121
0.008071
0.015935
0.014908
0.004202
0.000860
0.002581
-0.006451
-0.002799
-0.004964
-0.015719
-0.020045
-0.003180
-0.000741
-0.006100
-0.010679
0.006410
0.011021
0.008319
0.001085
-0.003524
-0.008958
-0.000178
-0.007110
-0.007521
-0.004578
-0.023875
-0.031027
-0.009886
-0.005330
-0.019491
-0.017540
0.004019
0.013179
0.005254
0.007762
0.004247
0.003160
0.005715
-0.005487
-0.009857
-0.002341
-0.013932
-0.018841
0.000138
-0.002626
-0.023716
-0.015982
0.008401
0.014799
0.006995
0.010004
0.006855
0.012888
0.013793
0.004315
-0.006515
-0.001585
-0.002602
-0.005771
0.000411
-0.000972
-0.016319
-0.014158
0.002507
0.007886
0.007930
0.007340
0.007110
0.008967
0.000355
-0.004366
0.001994
0.003448
-0.007808
-0.008796
-0.002137
0.002432
-0.008892
-0.010655
0.003138
0.014701
0.009629
0.014802
0.005403
0.002872
-0.000713
-0.003044
0.000735
0.003697
-0.006649
-0.015207
0.003174
0.004252
-0.009777
-0.007719
0.011085
0.021293
0.012692
0.011170
0.009825
0.011584
0.001186
-0.008255
0.001075
0.009330
-0.000210
-0.009488
-0.000267
0.003578
-0.004998
-0.008762
0.009470
0.018135
0.015682
0.018576
0.010461
0.008657
0.007872
-0.001022
-0.002213
0.000997
-0.011200
-0.017623
-0.007403
0.002001
-0.010754
-0.012557
0.005747
0.020283
0.013520
0.011034
0.007335
0.011525
-0.000936
-0.009757
-0.001915
0.002355
-0.007211
-0.015429
-0.003582
-0.002055
-0.012343
-0.009301
0.005837
0.008438
0.009546
0.006544
-0.000735
-0.003622
0.000887
-0.006933
-0.004948
-0.009845
-0.015252
-0.014342
-0.003688
-0.001872
0.003616
-0.002485
0.007904
0.009736
0.002098
-0.000235
-0.002368
-0.006558
-0.004298
-0.018312
-0.014265
-0.007333
-0.019921
-0.025905
-0.006088
-0.010784
-0.014327
-0.017099
0.000509
0.004502
0.002169
0.002040
-0.003446
-0.001348
0.007421
-0.004011
-0.003403
-0.005130
-0.007535
-0.018338
-0.004822
-0.014025
-0.021302
-0.014460
0.006144
0.010734
0.011244
0.012961
0.012608
0.010819
0.012020
0.000653
-0.003955
-0.004572
-0.010555
-0.017769
-0.010575
-0.002765
-0.004784
-0.015650
0.000491
0.008701
-0.005093
-0.008946
-0.004231
-0.000170
0.007394
-0.002461
0.002268
-0.004714
-0.030127
-0.035598
-0.006380
-0.003271
-0.005323
-0.017558
0.001814
0.005087
0.003163
-0.001555
-0.002436
-0.009817
0.002691
-0.005510
-0.008500
-0.010129
-0.023303
-0.026995
-0.001519
-0.010820
-0.029467
-0.026971
0.008335
0.008600
0.002994
-0.003827
-0.006986
-0.006269
0.000729
-0.005264
0.000212
0.007438
-0.008231
-0.019287
0.001976
-0.002394
-0.015957
-0.010868
0.004835
0.008244
0.006026
0.003739
0.000547
0.000762
0.004915
-0.003384
-0.004949
-0.006550
-0.016222
-0.014476
-0.008501
-0.007524
-0.011621
-0.011707
-0.003440
0.006727
0.011457
0.003435
0.000239
0.000736
0.000809
-0.011611
-0.008697
-0.003770
-0.017451
-0.026761
-0.005245
0.000649
-0.003390
-0.008049
0.009520
0.010823
0.001641
0.000051
-0.003694
-0.004250
0.008355
-0.004215
-0.018414
-0.010205
-0.029567
-0.037688
-0.019980
-0.010257
-0.011031
-0.016891
0.002394
0.013706
0.003304
-0.002888
0.000747
-0.001958
0.006512
0.006581
0.002578
-0.000625
-0.014546
-0.027822
-0.014160
0.001432
-0.013254
-0.017960
0.015106
0.032394
0.039287
0.036336
0.038291
0.034317
0.025393
0.028232
0.055639
0.055909
0.029569
0.014476
0.034272
0.030539
0.019853
0.001422
0.013946
0.001734
0.002101
0.002974
0.005021
-0.000716
0.003930
-0.004054
-0.013984
-0.018210
-0.024540
-0.018723
0.004592
-0.004243
-0.011768
-0.015635
0.010534
0.006541
0.000255
-0.005824
-0.003939
-0.000230
0.009432
-0.000912
-0.007032
-0.006151
-0.025596
-0.022762
-0.006671
-0.006849
-0.021427
-0.020272
-0.003792
0.010737
0.013991
0.008536
-0.007208
-0.002269
0.004846
-0.007624
-0.003928
-0.001571
-0.012205
-0.018423
-0.003574
0.003689
0.005435
-0.000886
0.009711
0.013235
0.015012
0.001137
-0.006432
-0.007668
0.003329
-0.007911
-0.012560
-0.016575
-0.027567
-0.034760
-0.008867
-0.008990
-0.013343
-0.023393
0.013622
0.013530
0.002461
-0.005540
-0.007012
-0.011491
0.008997
-0.001670
-0.009029
-0.006325
-0.013782
-0.017090
-0.001277
-0.005611
-0.016251
-0.019941
0.000841
0.009376
0.011754
0.002687
-0.005198
0.000935
0.007620
-0.008120
-0.010660
0.000053
-0.020914
-0.033737
-0.005236
-0.005113
-0.022549
-0.021654
0.012536
0.014121
-0.006981
-0.006483
0.000369
0.004294
0.000553
-0.001297
0.003336
0.001855
-0.010649
-0.017176
0.009294
0.010592
-0.013148
-0.011307
0.022327
0.028810
0.016819
0.013522
0.002876
0.002642
0.004094
0.000491
-0.005859
-0.007436
-0.022240
-0.028491
-0.001670
0.006069
-0.008160
-0.011846
0.016632
0.026456
0.007621
-0.000921
-0.003057
0.001370
0.011365
0.005264
-0.001926
-0.002198
-0.017080
-0.016552
-0.000314
-0.007590
-0.018600
-0.012224
0.010519
0.006572
-0.011377
-0.013526
-0.001148
0.003827
0.005813
-0.014386
-0.009685
-0.002321
-0.020380
-0.026780
-0.002166
-0.002020
-0.008303
-0.012614
0.004908
0.010804
0.006109
-0.001586
-0.007355
-0.008097
0.011458
-0.002239
-0.012945
-0.007424
-0.026479
-0.031957
-0.009124
-0.007715
-0.014107
-0.019367
0.002018
0.002313
-0.015428
-0.012816
-0.008296
-0.008099
-0.008030
-0.016085
-0.010323
-0.010235
-0.015989
-0.015415
-0.002686
-0.012776
-0.024061
-0.012680
0.010752
0.013961
0.012462
0.008460
0.002661
0.001295
0.005488
0.000383
0.002336
-0.002412
-0.014675
-0.011553
-0.001784
0.000604
-0.004376
-0.010722
-0.001739
0.010924
0.014698
0.002395
-0.003396
0.007526
0.012181
-0.015999
-0.009582
-0.000209
-0.019199
-0.031347
-0.004799
-0.005207
-0.012951
-0.012172
0.004843
0.002932
-0.001670
-0.006024
-0.003021
-0.009789
0.007097
-0.010573
-0.024057
-0.009832
-0.034074
-0.033299
-0.007771
-0.007075
-0.021404
-0.026857
0.000880
0.010554
0.000840
-0.016726
-0.016493
-0.009232
-0.010222
-0.026652
-0.010299
0.003435
-0.022507
-0.030052
-0.008338
-0.012150
-0.019888
-0.010256
0.003453
0.004418
0.005582
0.001290
0.005756
-0.000108
0.009810
-0.005950
-0.005818
-0.011726
-0.024747
-0.025222
-0.004195
-0.005863
-0.006001
-0.008348
0.005645
0.000488
-0.001369
-0.006651
-0.008081
-0.010458
0.010200
0.002693
-0.010079
-0.008274
-0.025433
-0.031037
-0.004382
-0.007369
-0.018250
-0.017403
0.008587
0.011875
0.001693
-0.001213
-0.004693
-0.004109
0.007821
-0.006488
-0.014972
-0.007978
-0.019769
-0.020592
-0.004377
-0.008186
-0.021878
-0.009953
0.015357
0.019175
0.006061
0.000763
0.001608
0.000824
0.001966
-0.006956
-0.004956
-0.002418
-0.010296
-0.021833
-0.003385
0.000061
-0.002809
-0.008128
0.008086
0.004604
-0.014507
-0.009704
0.002645
-0.000322
0.004068
-0.008673
-0.006288
-0.003077
-0.013576
-0.019077
-0.006303
-0.004621
-0.016551
-0.017445
0.008725
0.014704
0.005958
0.003017
0.005150
0.012009
0.014621
0.003059
-0.003421
-0.000279
-0.010162
-0.008928
0.004323
0.005647
-0.009123
-0.008834
0.012252
0.023173
0.012046
0.011509
-0.000621
0.004862
0.004061
-0.000127
0.003182
0.008082
0.002030
-0.008948
0.000590
0.001544
-0.005560
-0.004715
0.009182
0.020203
0.019835
0.017284
0.019191
0.014930
0.004408
0.000867
0.002435
0.003481
-0.005276
-0.004909
0.008370
0.007811
-0.001551
-0.007072
0.004752
0.012192
0.009823
0.009847
0.008040
0.001261
-0.003607
-0.012204
-0.012868
-0.006035
-0.010862
-0.013076
-0.001397
0.002458
-0.007609
-0.010000
0.003450
0.011870
0.012581
0.015811
0.000803
-0.000400
0.001385
-0.002218
-0.000339
0.003850
-0.009067
-0.013196
-0.001047
0.002183
-0.010176
-0.014912
-0.001542
0.009560
0.009208
0.011667
0.004006
0.002535
-0.002362
-0.004372
0.005162
0.011389
-0.001005
-0.008978
0.004521
0.011149
-0.002304
-0.007903
0.005823
0.018859
0.017924
0.016452
0.005775
0.006487
0.003367
-0.002292
0.004257
0.010840
-0.003923
-0.012414
-0.001528
0.004887
-0.007064
-0.007892
0.006247
0.014442
0.009422
0.007751
0.010417
0.014496
0.006400
-0.002981
-0.001302
0.005052
0.000764
-0.000799
-0.004165
0.003143
-0.003490
-0.006596
0.000998
0.013327
0.019668
0.016982
0.003761
0.002602
0.003409
-0.004637
-0.002558
-0.001235
-0.011227
-0.017463
0.003584
0.001056
-0.014486
-0.010752
0.004026
0.009907
0.000954
-0.002173
0.004950
0.008032
-0.007193
-0.014517
-0.003921
0.001590
-0.001126
-0.011639
-0.000813
-0.001614
-0.007259
-0.006164
0.003829
0.010961
0.019692
0.019469
0.020169
0.016528
0.018056
0.013054
0.010999
0.007371
0.005526
0.000800
0.006253
0.005738
-0.005695
-0.002474
0.014021
0.021182
0.025994
0.023420
0.013801
0.010910
0.016616
0.013129
0.007917
0.005136
-0.008782
-0.009179
0.003673
0.007867
-0.002665
-0.005241
0.008345
0.017031
0.005252
0.001894
0.002708
0.004552
0.006500
-0.001088
-0.000583
-0.005672
-0.015851
-0.029105
-0.012859
-0.005834
-0.009411
-0.016822
0.001861
0.008784
-0.003838
-0.006821
-0.008524
-0.000357
0.009479
-0.003638
-0.004005
0.000394
-0.006287
-0.011737
-0.006479
-0.000791
-0.011752
-0.011802
0.003049
0.011830
0.004842
0.011022
0.003011
0.008771
0.006427
-0.007479
-0.002171
0.001641
-0.012583
-0.018709
-0.007469
-0.000701
-0.007140
-0.013403
0.002160
0.009536
0.011505
0.016577
-0.000193
0.004581
0.010783
-0.002456
0.004794
0.004411
-0.010219
-0.012713
0.003085
0.005844
-0.011157
-0.007434
0.018209
0.027964
0.023575
0.019488
0.006541
0.009182
0.007741
-0.006482
-0.003954
-0.003367
-0.021696
-0.024204
-0.007247
-0.002571
-0.009597
-0.007060
0.008652
0.012208
0.000386
-0.001054
0.002026
0.002330
-0.000099
-0.004550
0.001132
0.001067
-0.009179
-0.022750
-0.010064
0.000967
-0.003881
-0.014209
0.001933
0.006808
-0.004290
0.005857
0.008187
0.010824
0.008868
-0.003392
-0.004600
0.000929
-0.000250
-0.005758
-0.006402
-0.008494
-0.020221
-0.016790
0.005865
0.018993
0.017539
0.017144
0.017132
0.020189
0.010774
0.004085
0.008017
0.011454
0.004179
-0.000824
0.009224
0.013262
0.013356
0.010778
0.018940
0.022406
0.029745
0.034087
0.018258
0.015708
0.030171
0.018478
0.001531
-0.000834
-0.004260
-0.013797
0.002548
0.006007
-0.003977
-0.007123
0.007298
0.013791
0.019169
0.017416
0.011012
0.006222
0.006749
-0.002043
-0.001014
-0.000404
-0.009911
-0.016633
0.009692
0.007044
-0.008838
-0.012293
0.007338
0.015519
0.008960
0.003672
0.000579
0.004852
0.012164
0.002116
-0.006477
0.000895
-0.006402
-0.012639
-0.004691
-0.007191
-0.013157
-0.005516
0.012736
0.020175
0.013985
0.006368
0.005456
0.000136
0.001306
0.000696
0.002625
-0.004844
-0.017763
-0.015077
0.003740
-0.002159
-0.008492
-0.006300
0.009809
0.008293
-0.000301
0.008120
-0.000675
0.000170
-0.000628
-0.008219
-0.003949
0.008011
0.012367
0.004842
0.004257
0.000667
-0.027942
-0.054221
-0.059201
