-0.017937
-0.003767
-0.016607
0.017155
0.001736
0.015131
0.032537
0.014726
0.016900
0.025761
0.038083
0.041517
0.055322
0.096965
0.142490
0.152582
0.129129
0.106629
0.122710
0.130813
0.154832
0.179253
0.207771
0.233758
0.278202
0.339986
0.462250
0.578441
0.685470
0.702187
0.701864
0.683885
0.595101
0.474669
0.324788
0.226285
0.180839
0.128070
0.080926
0.070951
0.065932
0.053407
0.062602
0.054654
0.047506
0.034425
0.014615
0.022104
0.030687
0.040632
0.040280
0.023962
0.022552
0.029266
0.018471
0.009802
0.012380
-0.000762
-0.001017
0.015250
0.024017
0.009776
-0.002591
0.015227
0.024895
0.030308
0.035129
0.020989
0.021781
0.017492
0.003567
0.004324
0.014030
0.003115
-0.001807
0.009128
0.013559
0.002634
-0.005258
0.008806
0.019260
0.026394
0.037741
0.028563
0.032293
0.024774
0.017291
0.017685
0.028791
0.014779
0.008863
0.018986
0.022714
-0.004006
-0.004442
0.016910
0.033014
0.033938
0.037507
0.039705
0.048441
0.043328
0.039403
0.038572
0.042252
0.036986
0.038623
0.047667
0.052661
0.045092
0.063677
0.070433
0.071184
0.064513
0.066855
0.071393
0.087830
0.083656
0.081383
0.068114
0.064207
0.049410
0.046295
0.038074
0.045128
0.032287
0.027329
0.036898
0.050730
0.061869
0.070585
0.066458
0.059114
0.042009
0.036744
0.034927
0.045080
0.039057
0.033299
0.030566
0.030388
0.015022
0.017743
0.028395
0.034952
0.040960
0.041560
0.033326
0.026401
0.014304
0.009679
0.009157
0.012663
0.010751
0.005360
0.002391
0.010789
0.000861
0.002246
0.016860
0.030270
0.027340
0.030249
0.027831
0.035094
0.020537
0.011887
0.014724
0.028168
0.011941
0.005048
0.011838
0.029651
0.021046
0.015238
0.024106
0.037787
0.048842
0.053747
0.054885
0.050896
0.042595
0.052800
0.048923
0.047140
0.039494
0.040369
0.038916
0.039890
0.032539
0.031075
0.033796
0.042620
0.041263
0.040289
0.041395
0.026937
0.007238
0.004389
0.007954
0.013791
0.009550
0.009894
0.008033
0.016691
0.008046
-0.001979
0.008620
0.022131
0.023784
0.026209
0.024453
0.025749
0.025802
0.024964
0.031386
0.036680
0.027970
0.015306
0.026085
0.025018
0.011792
0.011155
0.005577
0.006790
0.016068
0.017952
0.016819
0.011166
0.005608
-0.000105
0.002129
0.006224
-0.000387
-0.004809
0.004029
-0.000412
-0.006087
-0.006198
0.007761
0.010909
0.003412
0.005832
0.022320
0.018561
0.015728
0.015715
0.016925
0.023219
0.017679
0.005559
0.007480
-0.000027
0.000434
-0.002293
0.010890
0.002108
0.010234
-0.000010
0.022294
0.014969
0.012861
-0.015708
-0.008942
-0.006131
-0.031560
-0.033509
-0.005795
-0.016250
-0.007320
-0.020067
0.010329
-0.005034
-0.028990
-0.049773
-0.024279
-0.022204
0.007830
-0.031004
-0.045423
-0.015047
-0.036251
-0.046492
-0.025324
-0.041819
-0.046819
-0.045738
0.005807
-0.002439
-0.025445
-0.032057
-0.024994
-0.016376
0.009025
-0.003367
-0.009443
-0.002887
-0.022165
-0.039984
-0.003955
-0.009552
-0.019158
-0.032901
-0.002662
-0.001558
-0.007900
-0.020826
-0.011853
-0.005619
-0.006456
-0.025808
-0.020033
-0.002674
-0.033000
-0.045266
-0.017717
-0.022942
-0.024780
-0.018096
0.003794
-0.001862
-0.016091
-0.020867
-0.018939
-0.016932
0.002102
-0.015486
-0.018254
-0.008442
-0.024368
-0.032315
-0.006397
-0.006691
-0.019374
-0.024012
0.001999
0.008159
-0.000620
0.006450
-0.006040
0.009579
0.028397
0.011465
0.001964
0.007611
-0.002035
-0.013045
0.007839
0.007032
0.002945
0.006143
0.019488
0.019075
0.023270
0.019902
0.020296
0.013857
0.012677
-0.000948
-0.008309
-0.010636
-0.024518
-0.032404
-0.016416
-0.008997
-0.008108
-0.018501
0.007237
0.003590
-0.002318
-0.003131
-0.026769
-0.021265
-0.003071
-0.012754
-0.022907
-0.009854
-0.024649
-0.031713
-0.002771
-0.009483
-0.024769
-0.021405
-0.003275
0.002409
0.007515
0.014725
0.002002
-0.001434
0.003317
0.000988
0.001264
0.009586
0.003756
-0.008096
0.005794
0.008471
-0.005676
0.000132
0.028485
0.035829
0.046163
0.066289
0.051909
0.042530
0.020920
0.012669
0.005817
0.016685
0.012279
0.021429
0.022198
0.031020
0.015298
0.018924
0.043351
0.061586
0.080309
0.094533
0.103672
0.145395
0.181178
0.206352
0.223438
0.254448
0.293486
0.385645
0.482948
0.588018
0.608129
0.587208
0.545522
0.452110
0.357033
0.245423
0.179008
0.162851
0.129266
0.086734
0.073863
0.070515
0.064629
0.077379
0.052531
0.043975
0.031281
0.019463
0.018771
0.024067
0.032587
0.043954
0.041230
0.037897
0.022400
0.019741
0.026033
0.040253
0.028197
0.028084
0.024665
0.027571
0.008286
0.014289
0.029390
0.035560
0.031055
0.036770
0.036507
0.032343
0.013498
0.016034
0.018863
0.025076
0.016864
0.016346
0.023310
0.027211
0.009050
0.005614
0.016933
0.028262
0.030970
0.026353
0.025373
0.030253
0.030487
0.016475
0.010023
0.015404
0.014056
0.009457
0.016443
0.011716
0.008155
0.010269
0.013159
0.009587
0.016963
0.007538
-0.003725
-0.008521
0.010959
-0.012393
-0.021504
-0.016347
-0.034041
-0.035590
-0.017673
-0.026546
-0.007682
-0.016537
0.009346
0.001422
-0.018959
-0.032985
-0.028150
-0.021354
0.003986
-0.001009
-0.009863
-0.007622
-0.046105
-0.059768
-0.016530
-0.023382
-0.031746
-0.036530
-0.006839
-0.005329
-0.018253
-0.033109
-0.006457
-0.008984
0.001801
-0.013229
-0.007123
0.006822
-0.002785
-0.021095
0.005823
0.002687
0.000724
0.008913
0.025011
0.026164
0.051162
0.043183
0.040870
0.030787
0.025969
0.021734
0.018613
0.016517
0.008308
0.000556
0.009452
0.002482
0.000559
-0.000028
0.015303
0.010661
-0.006532
-0.016703
0.013035
0.007699
0.008590
0.002366
0.000162
-0.002129
-0.019820
-0.024007
-0.007963
-0.016203
-0.013366
-0.020724
-0.004131
-0.003938
-0.012264
-0.012775
-0.002143
-0.001905
0.018844
0.000972
-0.007616
-0.001700
-0.014661
-0.026872
-0.011186
-0.002646
-0.014526
-0.020630
0.006854
0.020833
0.011907
0.007961
0.017292
0.019149
0.015884
0.003773
0.002464
-0.002488
-0.009129
-0.015784
0.005577
0.003751
-0.010767
-0.015820
0.004122
0.009965
0.006465
0.006548
0.005840
0.008872
0.015810
-0.001519
-0.006621
-0.001682
-0.005505
-0.016566
-0.003414
-0.004416
-0.002218
-0.007233
-0.001569
-0.001148
-0.007390
-0.007569
0.008289
0.008467
0.013160
0.001269
0.002312
-0.000292
-0.000335
-0.007453
-0.000170
-0.007386
-0.005439
0.001307
0.015910
0.015774
0.026097
0.032186
0.032950
0.021674
0.013748
0.005631
0.003275
-0.003171
-0.005041
0.000022
0.006835
0.000314
-0.000287
-0.001580
0.006616
0.009087
0.002926
-0.001736
-0.001235
0.001213
0.013732
0.005560
-0.003256
-0.002118
-0.017000
-0.028662
-0.009742
-0.009934
-0.000028
-0.005080
0.006512
-0.000602
-0.020164
-0.025138
-0.002067
-0.000420
0.020132
0.006451
-0.000476
0.000733
-0.024305
-0.038544
-0.011907
-0.009483
-0.008546
-0.017410
-0.007164
-0.009805
-0.013070
-0.010860
0.003407
-0.000307
0.001068
-0.012427
-0.004304
0.004091
-0.017484
-0.023767
-0.007322
-0.003056
-0.012079
-0.026598
-0.011758
0.001161
-0.001075
-0.009329
0.001056
0.003556
0.004938
-0.007218
-0.001844
0.002192
-0.026748
-0.038700
-0.013674
0.000927
-0.008551
-0.008645
0.009605
0.019715
-0.004345
-0.029577
-0.003859
-0.000465
0.011458
0.005103
-0.007181
-0.010411
-0.019786
-0.040021
-0.014106
-0.011405
0.007923
-0.018098
-0.006188
-0.019620
-0.034153
-0.025307
-0.005681
-0.005167
0.020740
0.017416
0.008481
0.033874
0.037977
0.024679
0.023419
0.026148
0.063373
0.069797
0.062266
0.040506
0.088328
0.069752
0.035366
0.029108
0.032838
0.023459
0.013053
0.000770
-0.007713
-0.001504
0.004715
-0.006002
-0.020374
-0.025796
0.004844
0.011970
0.013077
0.008089
-0.004861
-0.002449
0.021549
0.014710
0.007436
0.007411
-0.009809
-0.024937
-0.005859
-0.006594
-0.008106
-0.006681
0.004624
0.002619
-0.009125
-0.008669
0.004040
0.007837
0.019917
0.004733
0.003831
0.002756
-0.011451
-0.015105
-0.001731
-0.005813
-0.002456
-0.006644
0.003867
-0.000619
-0.020604
-0.015005
0.003935
0.006882
0.014439
0.004535
0.004737
0.010064
0.000938
-0.007669
0.000932
-0.003755
-0.014786
-0.016255
0.007045
0.009984
0.009495
0.011010
0.018702
0.017111
0.016476
0.005000
0.005325
0.006458
-0.003191
-0.006199
0.008314
0.011995
-0.002604
-0.002536
0.019819
0.032014
0.035235
0.030181
0.018668
0.012490
0.015499
0.017517
0.002439
0.001970
-0.001896
-0.004931
0.008895
0.004040
-0.009242
-0.003350
0.021537
0.034008
0.027714
0.013370
0.014340
0.013317
0.022039
0.014282
0.005822
-0.008404
-0.026009
-0.032103
-0.017364
-0.001884
0.015174
-0.009995
0.003708
0.003716
-0.013792
-0.028936
-0.020071
-0.009745
-0.004888
-0.028650
-0.030376
-0.009931
-0.038266
-0.049995
-0.020614
-0.017714
-0.033477
-0.039464
-0.005958
0.006773
-0.014523
-0.024294
-0.008586
0.001544
0.001139
-0.013632
-0.013633
0.011923
0.002410
-0.016936
0.006112
0.011704
0.006240
0.013848
0.031442
0.030615
0.047843
0.039182
0.037926
0.029617
0.022980
0.026940
0.017534
0.017797
0.011789
0.013165
0.013981
0.013503
0.026394
0.026881
0.028058
0.024501
0.062795
0.046184
0.039644
0.033665
0.026893
0.024121
0.020894
0.022754
0.010007
0.008541
0.009172
0.014623
0.016767
0.003875
0.014962
0.017755
0.025474
0.020994
0.028943
0.028852
0.036159
0.026843
0.019968
0.030920
0.029228
0.019157
0.017323
0.013879
0.030452
0.034951
0.056409
0.052027
0.094542
0.083054
0.051558
0.039724
0.040858
0.033127
0.012195
0.007884
0.007344
0.007117
0.015232
0.004829
0.000949
-0.004317
0.003699
0.010849
0.019500
0.020955
0.015706
0.008096
0.027306
0.026107
0.012311
0.014021
0.010660
0.006345
0.012155
0.000706
0.023500
0.050933
0.088978
0.073939
0.089453
0.076822
0.054894
0.045314
0.034445
0.017872
0.011714
0.008825
0.004018
0.003628
0.013980
0.007473
-0.006272
-0.007854
0.001473
0.007216
0.017139
0.013613
0.008010
0.011584
0.014956
0.004137
0.003055
0.010120
0.009828
-0.003027
0.004681
0.007520
0.014015
0.010027
0.012178
0.011925
0.022177
0.024780
0.016953
0.015804
0.013989
0.003723
0.003893
0.005236
0.004733
0.006699
0.010271
0.002174
-0.001019
0.001692
0.007908
0.009981
0.019619
0.021336
0.018589
0.021581
0.022459
0.021680
0.023228
0.039000
0.042829
0.049308
0.046921
0.049640
0.071552
0.080451
0.089772
0.074280
0.083670
0.076874
0.043569
0.048939
0.035392
0.018066
0.011946
0.026711
0.023272
0.019434
0.019516
0.016378
0.004846
0.000957
0.011606
0.018648
0.030186
0.036225
0.036388
0.040558
0.036833
0.028055
0.027544
0.047867
0.054142
0.051136
0.041357
0.038684
0.057185
0.056824
0.059760
0.043889
0.056346
0.058023
0.039592
0.030657
0.020146
0.014424
0.007313
0.013864
0.013851
0.011136
0.010920
0.005303
-0.001798
-0.005456
0.002120
0.005268
0.004214
0.006687
0.019985
0.015925
0.004489
-0.001459
0.010292
0.009995
-0.003570
-0.000565
-0.001709
-0.000313
0.003079
-0.001249
-0.000447
0.002526
0.006937
0.009815
0.013051
0.010951
0.001541
-0.010466
-0.000201
-0.000496
-0.011038
-0.012958
-0.001794
0.001240
-0.002326
-0.004736
0.002427
0.007081
0.011396
0.002543
0.014684
0.019019
0.019377
0.004389
0.003559
0.008716
0.015546
0.006957
0.005893
0.008571
0.018388
0.015736
0.017292
0.016836
0.046002
0.048316
0.030445
0.020222
0.016644
0.015531
0.004390
0.001104
-0.001374
0.002289
0.010199
0.002963
-0.013613
-0.014547
0.004624
0.013737
0.008748
0.003045
0.011917
0.014645
0.012482
0.007451
0.006933
0.007205
-0.000070
-0.009284
0.009683
0.007467
-0.008969
-0.007699
0.014000
0.021346
0.009612
-0.000680
0.007677
0.011370
0.016452
0.008831
0.017570
0.019044
0.012302
0.006740
0.007226
0.001368
0.012629
0.011138
0.000060
-0.010664
0.016544
0.007226
0.020024
0.016221
0.017225
0.010449
-0.001693
0.005371
0.002881
-0.003579
0.002147
-0.003700
-0.013003
-0.020875
-0.004479
0.002240
-0.004490
-0.010837
0.019526
0.014747
0.010076
0.001423
0.009477
0.004534
-0.007199
-0.013127
-0.005603
-0.000743
0.004016
0.001076
0.004885
0.005805
0.014915
0.008735
0.025785
0.024341
0.033753
0.013627
0.001027
0.008198
-0.000931
-0.012670
0.003596
-0.006155
-0.021940
-0.018276
0.005080
0.007239
0.006232
-0.004939
0.014331
0.011676
0.011355
-0.003285
-0.000207
0.008016
-0.003248
-0.009245
0.016380
0.003192
-0.006759
-0.004662
0.015823
0.014635
0.006133
-0.010259
0.000804
0.014860
0.032479
0.037891
0.015179
0.032122
0.030868
0.050304
0.074058
0.112625
0.177391
0.158838
0.159059
0.102732
0.148647
0.119162
0.036074
0.045884
0.032955
-0.002150
-0.009174
0.002414
-0.014817
-0.015272
0.004510
-0.021040
-0.019034
-0.028723
0.011210
-0.003112
-0.015702
-0.022635
0.001223
-0.006106
0.010519
0.000539
-0.013171
-0.009566
-0.032821
-0.027471
-0.000488
-0.007011
-0.032748
-0.025618
0.015741
0.034933
0.016657
0.007151
0.010781
0.020144
0.020736
0.016229
0.012748
0.014758
-0.001087
-0.009582
0.018916
0.000156
-0.002507
-0.018140
0.003328
-0.004793
-0.001209
-0.031881
-0.018032
-0.009109
0.004104
-0.023585
-0.029090
-0.005306
-0.035134
-0.052065
-0.022050
-0.034214
-0.026312
-0.030501
0.007115
-0.008300
-0.034024
-0.050603
-0.016290
-0.011113
0.004671
-0.018136
-0.010750
0.002160
-0.027989
-0.045467
-0.024458
-0.027700
-0.014641
-0.021234
-0.010671
-0.009645
-0.034646
-0.033530
0.003390
0.007714
0.019571
0.025772
0.018691
0.027787
0.023212
0.042727
0.054274
0.067419
0.123243
0.130820
0.147351
0.101267
0.132131
0.109770
0.064764
0.062892
0.043853
0.024019
0.012303
0.014903
0.001185
0.001020
0.009648
0.001793
-0.010124
-0.017611
0.008465
0.002929
-0.006914
-0.006740
0.009594
0.005379
0.016118
0.000907
-0.008624
0.002457
-0.011346
-0.024738
-0.009529
-0.004695
-0.017361
-0.010353
0.016050
0.023131
0.018650
0.024712
0.021700
0.024237
0.023208
0.017745
0.009378
0.006040
0.000503
-0.003519
-0.002027
-0.003650
-0.009945
-0.002188
0.004381
0.013631
0.011875
0.004503
0.014999
0.011666
-0.001905
0.000042
0.008497
0.009474
0.002403
-0.003195
0.006578
0.006735
0.003179
-0.009806
-0.004782
-0.005156
-0.007149
-0.011255
0.002631
0.006519
0.017164
0.002195
0.004022
0.014922
0.003510
-0.006191
0.003501
0.009674
0.026225
0.021568
0.029973
0.029206
0.062973
0.049811
0.038260
0.038472
0.040456
0.026105
0.003932
0.009707
0.020619
0.021532
0.017654
0.003438
-0.004068
-0.004455
0.017647
0.029987
0.056553
0.052047
0.038065
0.031752
0.036268
0.018422
-0.001790
0.007603
0.021168
0.011984
0.016850
0.011487
0.005504
-0.002729
0.004264
0.008810
0.024583
0.032355
0.034082
0.022544
0.018810
0.019600
0.019151
0.020709
0.027607
0.033599
0.017159
0.000767
0.032015
0.041672
0.040605
0.020806
0.057096
0.052483
0.027879
0.024044
0.013962
0.005566
0.009577
0.010003
0.008485
0.014119
0.012400
0.005229
-0.007068
-0.006539
0.009128
0.012346
0.015844
0.011727
0.015497
0.014489
0.011207
0.003221
0.008585
0.011800
0.001259
0.000748
0.006071
-0.002848
0.007654
0.012296
0.003140
-0.010165
0.004752
0.009704
0.023724
0.007916
0.010662
0.008815
0.006171
-0.001156
-0.011077
-0.006180
-0.000064
-0.007874
-0.022378
-0.020038
0.000821
0.008842
-0.000560
-0.004111
0.005598
0.011510
0.006230
-0.010880
-0.004628
0.007129
0.000972
-0.013887
-0.002994
0.002746
0.001453
0.002671
0.011321
0.016643
0.009332
0.005489
0.025549
0.023449
0.015852
0.018075
0.019187
0.033135
0.023679
0.010339
0.009417
0.015589
0.028773
0.031660
0.040401
0.031610
0.071811
0.054400
0.037474
0.031970
0.031604
0.026618
0.009393
0.019951
0.027511
0.025684
0.020199
0.017699
0.016683
0.012450
0.032432
0.032602
0.048725
0.024320
0.027927
0.025697
0.030147
0.009319
0.008711
0.002216
-0.015327
-0.016739
0.004167
-0.019192
-0.003993
-0.004737
-0.014716
-0.025543
-0.022981
-0.021616
-0.001903
-0.004703
0.011762
-0.000897
-0.000650
0.008423
-0.004283
-0.010574
-0.003153
-0.009592
0.003112
0.000564
-0.004422
-0.007674
0.007236
0.001401
0.021339
0.021505
0.020223
0.013136
0.018886
0.018367
0.002198
-0.004398
-0.003805
-0.008963
-0.008008
-0.005642
0.012381
0.003830
-0.000321
-0.001428
0.009809
0.013900
0.020929
-0.003146
-0.001757
0.000692
-0.023370
-0.024184
-0.007792
-0.012017
-0.013633
-0.010420
0.004859
0.000268
-0.012192
-0.010189
0.010041
0.006962
0.015217
0.011153
0.011852
0.007782
0.007437
0.007346
0.008952
0.001431
0.012139
0.016078
0.026800
0.020247
0.042200
0.038584
0.030221
0.031334
0.028643
0.017719
0.008796
0.012150
0.014465
0.010145
0.008095
0.006592
-0.005402
-0.002157
0.010638
0.015468
0.018505
0.021501
0.022938
0.018386
0.007923
0.002872
0.010687
0.007958
0.004293
-0.002216
0.008859
0.008279
-0.000548
-0.002411
0.008890
0.013008
0.007337
0.006459
0.007884
0.004251
0.010752
0.004079
-0.002084
-0.006348
-0.006937
-0.022828
-0.008957
-0.004399
0.007080
-0.006422
-0.009167
-0.008938
0.004426
0.003125
0.015696
0.017223
0.017638
0.003638
0.001783
0.004719
-0.003831
-0.012250
-0.007574
-0.008344
-0.011538
-0.007219
0.002084
0.006760
0.002536
0.010311
0.025213
0.020812
0.007560
0.002731
0.007464
0.008288
-0.003422
-0.009361
-0.002192
0.004841
-0.003250
-0.015378
-0.004972
0.007199
0.011528
0.010342
0.009971
0.011137
0.010659
0.000742
0.007587
0.011259
0.001581
-0.009966
0.003669
0.004752
0.000776
0.003267
0.008378
0.009042
0.016151
0.017539
0.016212
0.017406
0.029243
0.029659
0.014173
0.026236
0.034999
0.034973
0.028106
0.023341
0.056581
0.068150
0.068159
0.037521
0.075956
0.068962
0.028380
0.022781
0.019454
0.018559
0.005140
0.003594
0.008561
0.011902
0.006430
-0.008954
-0.006822
0.002318
0.011765
0.012534
0.008517
0.004983
0.020289
0.020447
0.009170
0.008618
0.013324
0.013851
0.010007
0.003022
-0.000990
-0.005510
0.004240
0.009398
0.010877
-0.000303
-0.005156
0.001878
0.013818
0.009450
0.015307
0.011287
0.003199
-0.006076
-0.006198
-0.004683
0.000740
-0.002238
-0.010442
-0.019356
-0.004375
0.000621
0.001457
0.002314
0.003243
0.000294
0.004168
-0.003561
-0.005152
-0.000729
-0.005180
-0.007535
-0.003140
-0.005415
-0.011003
-0.007488
0.000830
0.009344
0.007692
0.001226
0.000050
0.000814
0.005461
0.001602
0.001714
-0.006659
-0.009085
-0.014236
-0.011201
-0.013366
-0.005102
-0.002146
-0.000283
-0.000863
0.005760
0.008516
0.003997
0.001311
0.009249
-0.001059
-0.000156
0.000397
-0.017149
-0.019384
-0.005966
0.002922
-0.006691
-0.016496
0.000565
0.013031
0.003744
-0.003640
0.002917
0.012579
0.006576
-0.009765
-0.004699
0.004591
-0.012554
-0.021578
-0.002923
-0.004632
-0.023669
-0.015901
0.010013
0.015509
0.011519
0.009780
0.009089
0.006422
0.015896
0.003375
-0.010317
-0.003072
-0.014379
-0.015668
0.003523
-0.002873
-0.012838
-0.014385
-0.001380
0.007877
0.004238
-0.009025
0.009604
0.004430
0.010286
-0.001949
0.002714
0.009237
-0.011184
-0.026076
-0.002988
-0.003737
-0.003090
-0.012596
0.000715
0.002056
-0.010989
-0.019640
0.003236
0.004634
0.015694
0.006916
0.002939
0.010222
0.000932
-0.011780
-0.001829
-0.014650
-0.012891
-0.005959
0.010915
0.011478
0.011306
0.010899
0.027935
0.022808
0.015819
0.010389
0.004872
0.004431
-0.002324
-0.005503
0.003461
-0.002446
-0.019416
-0.021818
0.004530
0.014919
0.005248
0.001377
-0.001024
0.005993
0.016864
0.009879
0.004595
0.017736
0.016359
0.008135
0.017684
0.010477
0.011227
0.021708
0.018028
0.013566
0.039996
0.043171
0.039577
0.025481
0.014450
0.016179
0.007821
0.010181
0.011968
0.008238
0.015655
0.007428
-0.000524
-0.004152
0.009788
0.016247
0.018987
0.016262
0.023373
0.024254
0.015218
0.003618
0.005646
0.015233
0.016742
0.010332
0.011474
0.005358
-0.003780
-0.003038
0.010811
0.015066
0.029385
0.031064
0.031080
0.027225
0.031004
0.022961
0.020861
0.023767
0.021063
0.015825
0.015662
0.022907
0.047634
0.035737
0.037779
0.035720
0.076446
0.081623
0.047990
0.050059
0.033873
0.016855
0.015286
0.030668
0.036688
0.037639
0.032996
0.022145
0.029784
0.036575
0.052276
0.048489
0.069994
0.074641
0.039726
0.028564
0.023386
0.014433
0.006578
0.008840
0.021336
0.024890
0.024964
0.018379
-0.012664
-0.046877
-0.055912
