-0.002671
0.026424
-0.022614
-0.049045
-0.081790
-0.004991
-0.092504
-0.150000
-0.074165
-0.100059
-0.137042
-0.059246
-0.112896
-0.037032
-0.092081
-0.033689
-0.109147
-0.090040
-0.173635
-0.112819
-0.089436
-0.046459
-0.093420
-0.088224
-0.031801
-0.057017
-0.101324
-0.037204
-0.071256
-0.098872
-0.084904
0.014344
0.011562
-0.009988
-0.011106
-0.001989
0.007239
0.021216
0.003670
-0.002212
0.018209
-0.004102
-0.026670
-0.000881
0.000265
-0.028218
-0.020832
0.014634
0.034811
0.049672
0.068385
0.079320
0.077782
0.082214
0.082015
0.076564
0.073104
0.075859
0.066814
0.048283
0.055288
0.076724
0.099499
0.105996
0.098736
0.093064
0.087198
0.062199
0.048683
0.029079
0.031320
0.027653
0.018913
0.011196
0.022306
0.014380
0.017451
-0.001266
-0.000592
0.017549
0.031976
0.032321
0.037021
0.038193
0.057395
0.056303
0.047209
0.067507
0.087105
0.079149
0.081549
0.103171
0.118062
0.147470
0.190375
0.194638
0.160459
0.140386
0.122613
0.074299
0.063920
0.046032
0.030760
0.025795
0.036618
0.033570
0.038010
0.030414
0.028407
0.016760
0.014642
0.024606
0.033910
0.045775
0.068322
0.099267
0.106500
0.108172
0.108566
0.111805
0.123570
0.130518
0.131996
0.117891
0.110691
0.126848
0.173031
0.194650
0.161237
0.147501
0.151997
0.122323
0.110788
0.098261
0.075395
0.051953
0.063018
0.069623
0.071445
0.060103
0.058059
0.054233
0.063226
0.055949
0.052940
0.060915
0.067165
0.062553
0.063190
0.056374
0.054583
0.046844
0.058117
0.051781
0.049182
0.043822
0.048748
0.042437
0.039628
0.041583
0.052288
0.068470
0.069234
0.061361
0.051866
0.034588
0.030319
0.020206
0.025024
0.016989
0.014981
0.020735
0.028662
0.015724
0.011311
0.020154
0.034946
0.041988
0.050155
0.044294
0.040325
0.025558
0.020360
0.019787
0.026729
0.012537
0.012510
0.016801
0.022154
0.002083
-0.002119
0.019368
0.036849
0.040157
0.037179
0.033020
0.024677
0.013744
0.021056
0.033344
0.031495
0.014321
0.010725
0.029086
0.029492
0.016471
0.005666
0.007295
0.010341
0.007994
0.002863
-0.000215
-0.004276
0.004349
-0.019473
-0.038805
-0.012916
-0.033976
-0.047015
-0.029363
-0.015874
-0.006071
-0.019354
-0.008955
-0.010129
-0.016420
-0.033296
-0.020026
-0.017660
-0.003065
-0.009438
-0.009831
-0.004383
-0.032540
-0.045086
-0.017256
-0.011751
-0.016052
-0.021133
-0.008157
-0.007729
-0.020982
-0.015529
0.000847
0.004062
0.010025
0.000616
0.003101
0.003327
-0.008935
-0.012684
-0.001692
-0.013210
-0.013584
-0.017069
-0.005469
-0.012674
-0.008156
0.002886
0.013845
0.008771
0.012458
0.001825
-0.009049
0.000208
-0.008348
-0.019593
0.005243
0.004563
-0.018692
-0.012817
0.011268
0.022314
0.027199
0.040724
0.035294
0.033429
0.022000
0.019307
0.020232
0.027783
0.021989
0.020317
0.021813
0.030535
0.040666
0.059730
0.062965
0.060948
0.069698
0.083361
0.096263
0.111121
0.125851
0.138536
0.142412
0.130752
0.120086
0.120945
0.114969
0.118002
0.121376
0.138634
0.137765
0.120477
0.099683
0.093144
0.088591
0.083407
0.060805
0.047096
0.042900
0.043827
0.042927
0.050864
0.042550
0.039906
0.041479
0.051744
0.048490
0.045071
0.059021
0.060234
0.047948
0.030060
0.023882
0.020345
0.012945
0.007686
0.005411
0.009579
0.017577
0.017904
0.005262
0.001783
0.019708
0.033866
0.034797
0.042292
0.042726
0.058003
0.069625
0.056877
0.082818
0.103563
0.085571
0.054251
0.044872
0.037482
0.037447
0.037189
0.041993
0.038830
0.056544
0.061655
0.040080
0.029428
0.030859
0.017812
0.003617
0.007697
0.002224
-0.000454
0.002464
-0.001896
-0.008668
-0.002836
0.008272
0.019145
0.026955
0.030814
0.034093
0.035250
0.022910
0.019002
0.019105
0.025356
0.022129
0.025112
0.022555
0.023630
0.009854
0.001121
0.012466
0.028388
0.040820
0.047107
0.044195
0.035034
0.029606
0.038589
0.034395
0.029100
0.017372
0.017368
0.013874
0.021896
0.011091
-0.003792
0.003180
0.024238
0.027206
0.018297
0.013169
0.024033
0.018035
0.004309
0.001036
0.011968
0.011622
0.015777
0.020168
0.033723
0.050138
0.078176
0.110429
0.109311
0.109092
0.118060
0.124386
0.147472
0.177060
0.222521
0.266797
0.308633
0.365737
0.483979
0.578811
0.654167
0.656136
0.657089
0.631550
0.535130
0.415552
0.323854
0.257424
0.236560
0.199844
0.140325
0.106423
0.104410
0.099035
0.112353
0.092104
0.086435
0.083593
0.085365
0.087704
0.089090
0.079993
0.076768
0.085243
0.094055
0.081074
0.085148
0.069626
0.065996
0.056880
0.065183
0.065233
0.071683
0.081855
0.104349
0.106225
0.097450
0.082622
0.076420
0.055476
0.055440
0.048418
0.042936
0.037855
0.047260
0.051397
0.051566
0.039409
0.041491
0.077566
0.107183
0.121928
0.111653
0.108039
0.089921
0.048150
0.032638
0.035564
0.015824
0.001429
0.001041
-0.005720
-0.007174
0.004561
0.000890
0.031137
0.005565
0.024145
0.011300
-0.016760
-0.041872
-0.033812
-0.018492
0.004526
-0.027191
-0.024301
-0.010455
-0.050158
-0.080121
-0.032289
-0.042589
-0.014209
-0.072191
-0.000888
-0.041317
-0.048551
-0.104504
-0.053130
-0.043254
-0.017800
-0.049959
-0.038614
-0.015610
-0.059279
-0.082958
-0.035841
-0.054098
-0.051951
-0.047723
-0.007998
-0.024135
-0.036729
-0.050131
-0.021467
-0.019576
0.016286
-0.018746
-0.027902
-0.011388
-0.033471
-0.036883
-0.019715
-0.036945
-0.061693
-0.059291
-0.004903
0.001394
-0.004097
-0.013076
0.002321
0.006242
-0.003948
-0.014041
-0.005892
-0.001653
-0.013980
-0.020513
-0.002241
0.001583
-0.010273
-0.010074
-0.001127
0.012017
0.012509
0.008235
-0.002767
-0.000908
0.002335
-0.004419
-0.001009
0.000454
-0.014870
-0.023702
-0.005609
0.000891
-0.005308
-0.010861
0.001103
0.005536
0.002342
0.003530
0.007928
0.006344
-0.006686
-0.011876
0.001016
0.003783
-0.007267
-0.007194
0.004063
0.004362
-0.013285
-0.015807
0.004575
0.015220
0.012126
0.013381
0.003940
0.004191
-0.001478
-0.012653
-0.002943
0.000359
-0.000846
-0.006985
0.011546
0.003481
-0.009468
-0.006822
0.008481
0.011838
0.015195
0.021889
0.016185
0.010795
0.005078
0.003222
0.001468
0.004561
-0.002026
-0.009643
0.006097
0.000049
-0.010292
-0.005906
0.002735
0.000748
-0.005927
-0.003191
0.004107
0.007789
-0.001359
-0.014213
-0.006069
0.000478
-0.002599
-0.009003
0.007538
0.006667
-0.013469
-0.010049
0.009138
0.015779
0.009807
0.005844
-0.001645
0.004158
0.002695
-0.008768
0.000566
-0.000190
-0.012245
-0.017691
-0.002175
-0.000413
-0.009943
-0.013141
0.007683
0.016752
0.010556
0.002565
0.007913
0.010141
0.011097
0.000236
0.003740
0.001581
0.005557
-0.000616
0.002655
-0.004053
-0.007156
-0.006812
0.000115
0.001851
0.016823
0.016646
0.018456
0.012149
0.014588
0.012035
0.010555
0.010071
0.007841
0.007888
0.015814
0.009062
0.010650
0.017533
0.013718
0.006762
0.008708
0.015962
0.015625
0.015736
0.016400
0.003167
-0.014319
0.002003
-0.003081
-0.008837
0.000892
-0.002538
-0.025660
-0.025144
0.003338
0.023422
0.010238
0.008043
0.023921
0.027136
0.015058
0.014084
0.032071
0.040404
0.028123
0.019846
0.025534
0.027478
0.010318
-0.001473
0.009561
0.015962
0.015827
0.012406
0.013663
0.011654
0.009482
-0.001965
0.006330
0.003587
-0.005933
-0.006084
0.007043
0.007048
-0.000230
-0.009072
-0.003644
0.003178
0.002812
0.004512
0.002287
-0.001189
-0.000238
-0.011044
-0.009359
-0.006452
-0.023121
-0.018324
-0.004903
-0.009988
-0.020259
-0.012504
0.009367
0.006908
0.001551
-0.009172
0.002054
0.008804
0.019406
-0.006268
-0.004597
0.005669
-0.016160
-0.025834
-0.005445
0.002671
-0.003982
-0.016679
0.000972
0.009271
-0.002709
-0.002688
-0.006899
0.004157
0.013816
0.000430
-0.002211
0.010236
-0.005264
-0.017433
0.005029
0.006138
-0.014088
-0.013671
0.009396
0.016555
0.011043
0.006711
0.010253
0.006842
0.012127
0.002953
-0.005248
-0.010615
-0.019084
-0.022661
-0.005509
-0.000012
0.005173
-0.007765
-0.004171
-0.002673
-0.004688
-0.007896
0.001403
0.000421
0.004616
-0.006805
-0.006063
-0.003051
-0.023728
-0.026890
-0.012526
-0.012760
-0.015458
-0.017567
-0.001654
-0.002049
-0.006062
-0.001665
0.000039
0.014178
0.032532
0.015468
-0.000804
0.016261
0.012236
0.001526
0.012324
0.015100
-0.000554
0.002049
0.023612
0.038352
0.040708
0.049121
0.042687
0.050809
0.042897
0.034860
0.024184
0.027360
0.017753
0.025387
0.028931
0.041621
0.046562
0.052124
0.051380
0.056070
0.071102
0.098229
0.094577
0.115610
0.147159
0.176136
0.175876
0.178798
0.186130
0.207798
0.227983
0.272188
0.288105
0.290158
0.274298
0.245743
0.203125
0.177734
0.151146
0.127999
0.103163
0.082001
0.077564
0.070088
0.056521
0.055612
0.048862
0.049744
0.037326
0.022721
0.022305
0.032420
0.047575
0.043059
0.029761
0.018510
0.011367
0.005352
0.001025
-0.002675
-0.015049
-0.016145
-0.009274
-0.003548
0.007610
0.002933
-0.005516
-0.011014
-0.009027
-0.013870
0.012909
0.009773
0.009935
-0.006507
-0.009944
-0.001475
-0.007757
-0.016438
-0.010272
-0.013128
-0.009148
-0.019353
-0.000424
-0.007638
-0.011437
-0.013691
0.002617
-0.004720
0.010624
0.000507
-0.009861
-0.008121
-0.015291
-0.010901
0.006045
-0.015074
-0.024855
-0.018398
0.001736
-0.001651
-0.001100
-0.007995
0.002451
0.003703
0.017486
-0.004437
-0.012128
-0.000530
-0.018136
-0.030731
-0.006502
-0.007676
-0.015594
-0.019526
-0.000202
0.003341
-0.010246
-0.014547
0.000064
-0.002443
0.010214
-0.003924
-0.003673
-0.004940
-0.017206
-0.023960
-0.007675
-0.008719
-0.015657
-0.020338
0.006812
0.006744
-0.002208
-0.000443
0.006264
0.006358
0.018484
0.007304
0.001778
0.000790
0.000816
-0.002336
0.003569
-0.000367
-0.013375
-0.008985
0.007658
0.008908
0.009469
0.013742
0.018111
0.008472
0.005689
-0.006026
-0.004701
0.000066
-0.003250
-0.014592
-0.006610
-0.002130
-0.012419
-0.017148
0.000128
0.002737
-0.008889
-0.008132
0.006519
0.001908
-0.002706
-0.022067
-0.011787
-0.003972
-0.023101
-0.035451
-0.013493
-0.011110
-0.013101
-0.024650
-0.005482
-0.007727
-0.010153
-0.019308
-0.005161
-0.006667
-0.007367
-0.018724
-0.010529
-0.006861
-0.022206
-0.026379
-0.007461
-0.006609
-0.011380
-0.010565
-0.001231
0.001014
-0.007042
-0.009666
-0.012395
-0.010745
0.009713
-0.011323
-0.015261
-0.012305
-0.034057
-0.047321
-0.025029
-0.018049
-0.017276
-0.018061
0.007624
0.006996
-0.015399
-0.016608
0.004778
-0.003048
-0.001183
-0.008122
-0.003645
-0.010089
-0.026544
-0.025990
-0.000684
-0.008280
-0.012650
-0.017449
0.003703
0.008150
-0.003873
-0.020579
-0.009619
-0.009443
0.005954
-0.016475
-0.021345
-0.010313
-0.020431
-0.027613
-0.003672
-0.011953
-0.024435
-0.023997
0.006659
0.008787
-0.007688
-0.016941
-0.008490
-0.002733
0.013220
0.000852
-0.005319
0.002601
-0.005830
-0.010421
0.003049
0.003232
-0.005658
0.005353
0.007571
0.012512
0.017246
0.014551
0.014494
0.013598
0.017084
0.008211
0.003644
-0.001206
-0.008233
-0.009463
-0.004543
-0.013418
-0.009874
-0.013004
-0.003660
-0.002290
0.001652
-0.006775
0.003644
0.005618
0.013934
-0.003263
-0.003014
-0.002235
-0.012277
-0.014616
-0.001807
-0.007741
-0.015696
-0.014096
0.002487
0.012695
0.008417
0.000734
0.004008
0.010174
0.012545
-0.002415
-0.005252
-0.002572
-0.012067
-0.013419
0.004752
0.003886
-0.009408
-0.012847
-0.002712
0.005098
0.009893
0.014664
0.003242
0.003454
0.007666
-0.002736
-0.001451
0.000687
-0.016663
-0.019089
-0.003571
0.000957
-0.012126
-0.011214
0.005959
0.018269
0.009987
0.005429
0.005341
0.009945
0.010039
0.005662
0.005895
0.016106
0.008624
-0.000859
0.011785
0.013651
0.015442
0.009850
0.008126
0.004638
0.004562
0.005110
0.014583
0.011947
0.020909
0.006913
0.004556
0.001251
-0.010274
-0.018523
0.003729
0.002084
-0.004211
-0.015228
0.003352
0.002758
-0.007531
-0.012922
-0.006361
-0.001678
0.021243
-0.002193
-0.010995
-0.001910
-0.013364
-0.025497
-0.015569
-0.011770
-0.006997
-0.012552
0.001461
0.002475
0.007236
0.005190
0.008026
0.010808
0.019933
0.011662
0.012071
0.022948
0.019991
0.012082
0.014292
0.013429
0.017678
0.007840
0.012248
0.015246
0.020885
0.019812
0.015307
0.020469
0.033035
0.009797
0.002443
0.003077
-0.007074
-0.007411
-0.002949
-0.013911
-0.013578
-0.017068
0.004239
0.002425
-0.012853
-0.019686
0.001420
0.002103
0.010731
-0.008200
-0.015049
-0.007705
-0.020044
-0.028414
-0.000692
-0.006320
-0.020118
-0.025827
-0.001014
-0.002076
-0.004007
-0.004183
-0.003852
-0.004165
0.008856
-0.007104
-0.012979
-0.004050
-0.003577
-0.009386
0.004407
-0.003395
-0.019376
-0.017583
0.002731
0.009750
0.020967
0.031548
0.024030
0.025897
0.018965
0.009743
0.004737
0.013537
0.019073
0.009527
0.010780
0.015841
0.016075
0.029269
0.035716
0.041446
0.049984
0.060030
0.069833
0.076604
0.081820
0.096529
0.084136
0.072940
0.056119
0.063198
0.066594
0.085726
0.105248
0.131568
0.150079
0.142215
0.127371
0.129327
0.123291
0.146317
0.141589
0.132764
0.118818
0.114952
0.106486
0.109798
0.101902
0.111652
0.122917
0.164079
0.165613
0.150361
0.118521
0.105535
0.087307
0.074894
0.042180
0.035592
0.028808
0.016118
0.002817
0.008646
0.018717
0.031800
0.028616
0.017135
0.005282
0.006767
0.000600
0.001061
-0.009279
-0.005480
0.006245
0.001851
-0.016096
-0.017835
-0.034126
-0.031887
-0.012316
-0.012761
-0.016804
-0.014594
0.006219
0.011782
0.005884
0.005231
0.000990
0.004838
0.005683
-0.000441
-0.009901
-0.001164
-0.000728
-0.008356
0.002823
-0.004764
-0.026570
-0.017927
0.009356
0.021428
0.024359
0.023888
0.018917
0.017605
0.009112
0.008715
0.009819
0.013406
-0.002494
-0.007425
0.004139
0.007036
-0.004977
-0.009444
0.009303
0.015184
0.006163
0.004335
0.009811
0.009509
0.003018
-0.008349
-0.003592
-0.001368
-0.006566
-0.004852
0.002670
0.000502
-0.019886
-0.014137
0.001342
0.019264
0.024523
0.019070
0.007183
0.007263
0.008843
0.004460
0.003618
-0.001771
-0.018207
-0.021233
0.001402
0.004945
-0.010152
-0.011347
0.005542
0.013452
0.000951
-0.003894
-0.000600
0.004403
0.000725
-0.006365
-0.003628
0.004993
-0.006689
-0.019411
-0.005598
-0.007857
-0.015860
-0.010133
0.008364
0.009618
0.000582
0.000735
0.012385
0.013834
0.010647
-0.005150
-0.003491
0.002503
-0.003456
-0.005148
0.005797
-0.004114
-0.017357
-0.010506
0.005915
0.005388
-0.001768
0.003864
0.004616
0.003428
0.002849
-0.001622
0.000667
0.006229
0.001435
-0.006435
0.005378
0.002602
-0.011905
-0.011418
0.008880
0.012869
0.017562
0.016489
0.009386
0.005973
0.009789
-0.001123
0.000833
0.000687
-0.006790
-0.014063
-0.002482
-0.004018
-0.002847
-0.005916
0.000081
-0.006623
-0.008159
-0.006875
-0.001606
-0.001274
0.001310
-0.000729
-0.000092
-0.002630
-0.002045
-0.001787
-0.009188
-0.013780
-0.009728
-0.007831
-0.006617
-0.002939
0.006525
0.006248
0.011840
0.010876
0.014603
-0.000055
-0.002700
-0.004389
-0.009898
-0.015346
-0.006737
0.000345
-0.005644
-0.010945
0.005497
0.014045
0.003579
-0.008391
-0.008975
-0.010662
0.002432
-0.006493
-0.019847
-0.011449
-0.018857
-0.026355
-0.007312
-0.003387
-0.006780
-0.001994
0.011217
0.015735
0.015039
0.015907
0.008832
0.001285
0.009109
-0.000833
-0.006418
-0.001721
-0.010657
-0.021312
0.000324
-0.002733
-0.013800
-0.018502
-0.002768
-0.002901
-0.004070
0.000351
-0.000068
0.000067
0.000161
-0.008823
-0.004464
0.001200
-0.003053
-0.010902
0.000786
-0.000712
-0.010719
-0.009038
0.002132
0.007971
0.021579
0.024146
0.012488
0.008913
0.014081
0.002488
-0.003760
-0.006713
-0.018045
-0.019359
-0.007324
-0.005280
-0.010193
-0.012226
0.004870
0.005839
0.008072
0.009763
0.015979
0.018294
0.014276
-0.001570
0.001517
0.006588
-0.002843
-0.009191
0.002579
0.012066
0.009212
-0.004023
0.008480
0.011253
-0.007304
-0.003682
0.008778
0.004340
0.011020
-0.010299
-0.024158
-0.009596
-0.026288
-0.035321
-0.012531
-0.011190
-0.022693
-0.028075
0.001135
0.008759
-0.004920
-0.017248
-0.012961
-0.004124
-0.001208
-0.010569
-0.001968
0.001710
-0.018998
-0.026371
-0.000000
0.002007
-0.010762
-0.017849
0.003378
0.008551
-0.011952
-0.006456
-0.002929
0.010069
0.015303
-0.007425
-0.002879
0.010327
-0.005304
-0.016661
0.003838
-0.006297
-0.025361
-0.020793
0.002826
0.001571
-0.002111
-0.003609
-0.000327
-0.002587
-0.001787
-0.008981
-0.001923
0.003329
-0.011618
-0.014125
-0.000705
-0.000276
-0.008887
-0.010101
0.005684
0.010198
0.009729
-0.000064
-0.004720
0.000819
0.006168
-0.008273
-0.008040
-0.003245
-0.007569
-0.015571
-0.003641
0.002007
-0.010990
-0.017874
0.002735
0.009826
0.004921
0.010161
0.002907
0.004608
0.006691
-0.003574
-0.005219
-0.003768
-0.002285
-0.009654
-0.001736
0.000074
-0.008478
-0.013085
0.000946
0.013230
0.016781
0.008243
0.006348
0.008029
0.007206
-0.004430
-0.000177
0.006500
-0.007532
-0.021888
-0.007183
-0.004344
-0.006898
-0.006753
0.000907
0.000306
0.003383
-0.004913
-0.000326
-0.002754
0.003900
-0.004795
-0.006826
-0.003261
-0.010505
-0.014683
-0.002766
-0.006779
-0.012972
-0.018552
0.001645
0.005348
-0.007925
-0.010336
-0.001708
0.006884
0.004695
-0.011877
-0.007637
0.001639
-0.002159
-0.006128
0.001427
0.001328
-0.014985
-0.015563
0.005140
0.016273
0.013702
0.009715
0.008782
0.004286
-0.001616
-0.007599
-0.002993
0.001740
-0.002036
-0.010643
-0.006696
-0.001641
-0.003377
-0.010690
0.000223
0.009652
0.011946
0.013706
0.011006
0.008978
0.007238
0.004063
0.000922
0.005487
-0.003452
-0.009928
0.000233
-0.000781
-0.017642
-0.013041
0.002802
0.009064
0.006151
0.008807
0.009611
0.006518
0.004854
-0.000391
-0.001237
0.002241
-0.007996
-0.019859
-0.009524
-0.000537
-0.003062
-0.006704
0.000301
0.007539
0.017913
0.018148
0.014133
0.009202
0.008693
-0.011643
-0.010630
0.002360
-0.002638
-0.013471
-0.000958
-0.004319
-0.014660
-0.011381
0.006591
0.014058
0.015036
0.010081
0.003772
0.005991
0.013749
0.003377
0.006296
-0.002535
-0.012697
-0.015879
-0.008097
-0.004967
-0.007157
-0.015236
0.000084
0.008800
0.007688
0.001968
-0.006768
0.003071
0.002192
-0.019637
-0.022317
-0.012978
-0.017476
-0.027948
-0.006333
-0.002143
-0.008947
-0.016494
-0.002446
0.001473
0.000042
-0.005631
-0.002643
-0.003390
-0.000918
-0.009396
-0.008753
-0.009235
-0.015889
-0.020981
-0.003852
-0.003058
-0.015676
-0.019085
-0.000046
0.008609
0.005074
0.001964
-0.004107
-0.005969
0.001737
-0.011064
-0.014877
-0.005158
-0.010958
-0.018975
-0.005393
-0.007618
-0.021487
-0.022145
-0.004336
0.006124
0.002676
0.002233
0.010712
0.012032
0.005163
-0.006408
-0.002939
0.002395
-0.008430
-0.012231
0.000195
0.001417
-0.014077
-0.013600
0.004451
0.019870
0.013990
0.009222
0.010010
0.016758
0.002783
-0.010747
-0.000457
0.007527
0.001049
-0.014098
-0.001923
0.002268
0.002875
-0.003161
0.004726
0.009806
0.013821
0.011959
0.010076
0.011527
0.014960
0.004147
0.003548
0.007583
0.007232
-0.001452
0.007653
0.007753
0.001817
0.000110
0.007617
0.006341
0.009983
0.019178
0.017943
0.011414
0.006462
0.001653
-0.001456
0.000707
-0.006875
-0.007575
0.003025
0.001103
-0.008483
-0.005902
0.013467
0.016148
0.006293
0.004272
0.010667
0.013726
0.014370
0.002330
-0.002835
0.001564
-0.009852
-0.016256
-0.002734
-0.005532
-0.011575
-0.011627
0.002449
0.008805
0.002985
0.001686
0.006153
0.008691
0.002576
0.000567
0.008680
0.012048
0.006999
-0.000314
0.007773
0.003937
-0.002278
0.008413
0.020836
0.027597
0.029350
0.021278
0.031157
0.026602
0.016569
0.015150
0.013728
0.010349
0.006240
-0.001430
0.008476
0.005592
-0.001123
-0.006600
0.003621
0.005404
0.004058
0.001102
0.006339
0.006393
0.009398
-0.006532
-0.003660
0.002240
-0.015336
-0.018599
-0.006931
-0.007670
-0.006418
-0.001262
0.006359
0.008722
0.012739
0.007235
0.008462
0.005694
0.016700
0.002307
-0.003058
-0.000367
-0.020443
-0.027038
-0.003752
-0.002349
-0.018735
-0.014208
0.010362
0.019829
0.010110
0.004132
-0.005065
-0.001574
0.008695
-0.006843
-0.008656
-0.000829
-0.023207
-0.028850
-0.007659
-0.012699
-0.023665
-0.016826
0.006477
0.011623
0.002834
-0.008764
0.010210
0.011750
0.005806
-0.006469
-0.002138
-0.002910
-0.003289
-0.005073
0.000309
-0.015162
-0.003914
0.005856
-0.000308
-0.008806
-0.000265
0.012456
0.004852
-0.003146
-0.009085
0.000999
0.002457
-0.001825
0.015136
0.012708
0.012790
0.003912
-0.024882
-0.055543
-0.057613
