-0.015344
-0.007086
-0.012559
0.017959
-0.002896
0.007128
0.032626
0.018187
0.023358
0.029180
0.039602
0.047145
0.057751
0.097963
0.146316
0.159037
0.134975
0.116807
0.130103
0.138715
0.141017
0.142239
0.149500
0.142222
0.151614
0.176468
0.220296
0.256328
0.309027
0.339187
0.345115
0.327045
0.285711
0.226044
0.185775
0.126300
0.129015
0.130923
0.107824
0.090720
0.095145
0.112295
0.144439
0.158085
0.190036
0.234468
0.260695
0.265238
0.223145
0.166492
0.147144
0.116754
0.115821
0.098393
0.077808
0.057286
0.046585
0.039170
0.045049
0.037546
0.044210
0.038281
0.036198
0.033163
0.034505
0.031436
0.031372
0.029239
0.038939
0.038806
0.039755
0.029749
0.027827
0.025784
0.034567
0.042470
0.046401
0.052823
0.065704
0.058603
0.052273
0.046511
0.043065
0.036022
0.045705
0.054446
0.062053
0.052781
0.052866
0.066749
0.092619
0.109453
0.144866
0.176209
0.215390
0.226571
0.191274
0.145830
0.117113
0.086100
0.092632
0.089581
0.082307
0.076055
0.075947
0.077001
0.086389
0.084099
0.099197
0.124310
0.150964
0.146995
0.124856
0.106022
0.101590
0.079265
0.081155
0.077641
0.079857
0.069712
0.067380
0.067300
0.079680
0.091681
0.101229
0.126662
0.158463
0.173047
0.157888
0.141415
0.135326
0.121711
0.121474
0.106384
0.092138
0.077807
0.070906
0.063210
0.059254
0.044637
0.049385
0.044930
0.041915
0.036603
0.038214
0.044718
0.049787
0.050986
0.061158
0.058331
0.055731
0.048773
0.053839
0.048359
0.048691
0.060548
0.073305
0.099367
0.129704
0.142824
0.123012
0.088368
0.085642
0.063141
0.059490
0.044736
0.033409
0.021286
0.017073
0.018159
0.018899
0.017361
0.023919
0.020004
0.016041
0.016893
0.031016
0.037770
0.043049
0.035123
0.031131
0.015484
0.013389
0.018510
0.031154
0.022369
0.024696
0.026341
0.029868
0.011278
0.013239
0.023855
0.030274
0.026423
0.031112
0.034360
0.027519
0.006392
0.012192
0.022298
0.026964
0.014002
0.008981
0.016770
0.022533
0.016257
0.010138
0.013475
0.015838
0.023710
0.023039
0.012794
0.016898
0.019473
0.003076
-0.008846
-0.003395
-0.008464
-0.005197
0.005107
0.007925
-0.013088
-0.014467
0.003503
0.021663
0.018007
0.013136
0.008936
0.005469
-0.001481
-0.003262
-0.003210
0.002315
-0.002358
-0.012672
0.001722
0.008840
-0.005799
-0.011511
0.007797
0.020288
0.012162
0.008187
0.007409
0.002154
-0.002383
-0.004799
0.007347
0.003982
-0.006524
-0.011747
-0.001227
0.000743
-0.007463
-0.012277
0.007160
0.010560
-0.004914
-0.002434
0.010366
0.011091
0.003654
0.003011
0.002608
0.005399
0.000194
-0.002208
0.001633
0.006766
-0.009471
-0.011643
0.011525
0.019808
0.016141
0.023586
0.017082
0.015998
0.001962
0.001563
0.004533
0.012321
0.007875
-0.000063
0.005577
0.016258
0.008868
0.019301
0.037776
0.050596
0.047738
0.051773
0.070175
0.078783
0.061946
0.067130
0.061518
0.047370
0.037193
0.033710
0.023453
0.031723
0.031453
0.023911
0.013365
0.019656
0.027500
0.025140
0.025871
0.032607
0.026744
0.027721
0.023867
0.020147
0.014493
0.012269
0.015917
0.022660
0.022976
0.025623
0.015487
0.021044
0.027049
0.028661
0.028524
0.031541
0.030456
0.030796
0.020123
0.018011
0.015409
0.012938
0.017595
0.028565
0.032030
0.033526
0.026970
0.028321
0.034629
0.033964
0.035890
0.042528
0.038656
0.044543
0.036178
0.029451
0.022872
0.023843
0.026239
0.037501
0.050686
0.066054
0.057790
0.051041
0.052392
0.056188
0.055874
0.069949
0.063959
0.063652
0.052534
0.048448
0.039188
0.038662
0.040402
0.050770
0.053160
0.055356
0.054193
0.059058
0.053687
0.058681
0.053450
0.068193
0.061297
0.057811
0.041765
0.036834
0.025806
0.022612
0.030374
0.042848
0.041244
0.038635
0.030830
0.035626
0.040062
0.039635
0.041134
0.044030
0.034625
0.037083
0.031030
0.029761
0.025197
0.022471
0.022788
0.033413
0.022513
0.015634
0.011635
0.024697
0.026932
0.030403
0.026881
0.032021
0.026192
0.036515
0.031267
0.031344
0.023804
0.042067
0.043188
0.056783
0.092158
0.135270
0.133264
0.121546
0.126995
0.151475
0.157225
0.182448
0.196354
0.211768
0.211166
0.203020
0.209423
0.220423
0.237482
0.266275
0.274139
0.258481
0.223413
0.209512
0.195610
0.195238
0.180430
0.183928
0.171986
0.156893
0.142271
0.127803
0.106870
0.098915
0.081971
0.081818
0.078652
0.080044
0.070914
0.061557
0.049016
0.050311
0.047906
0.047644
0.035139
0.030389
0.021785
0.020331
0.023751
0.023629
0.030590
0.034816
0.029247
0.028790
0.017115
0.017755
0.026290
0.029068
0.030665
0.040854
0.046528
0.041341
0.026189
0.027956
0.021208
0.020936
0.018257
0.033277
0.046725
0.054422
0.053304
0.055373
0.048298
0.043157
0.045476
0.052013
0.037626
0.029484
0.030502
0.030258
0.022293
0.023184
0.027046
0.030082
0.014425
0.004032
0.016334
0.028845
0.033890
0.032227
0.016689
0.021996
0.019903
0.008641
0.003885
0.016721
0.009051
0.007815
0.018998
0.018698
0.010345
0.005423
0.008925
0.014577
0.010926
0.011389
0.004030
0.002728
0.004474
-0.007565
-0.005875
-0.007507
-0.014116
-0.013344
0.003468
0.001010
-0.008720
-0.016113
0.000315
0.007828
0.006706
-0.000319
0.003783
0.013632
0.019804
0.009567
0.009813
0.023604
0.010047
-0.007697
0.009186
0.012774
0.009466
0.004521
0.017848
0.014722
0.009692
0.013311
0.024396
0.020966
0.026480
0.017046
0.004103
0.003350
-0.004032
-0.012354
0.000570
-0.003658
-0.022058
-0.019595
0.006659
0.014191
0.004536
-0.002819
0.000785
0.004561
0.008067
-0.002211
-0.006546
-0.001738
-0.012510
-0.017288
-0.000761
-0.002460
-0.015068
-0.012049
0.004477
0.014908
0.025616
0.009979
0.004705
-0.001880
-0.001403
-0.005535
-0.004900
-0.003439
-0.008914
-0.011274
0.004236
0.001345
0.000804
0.000278
0.004457
0.009521
0.000538
-0.009674
-0.001702
-0.003603
0.003526
-0.001429
-0.005706
-0.003761
-0.012087
-0.014558
-0.006340
-0.012536
-0.021420
-0.018929
-0.001893
0.001433
0.001086
0.001093
-0.000483
0.002208
0.014883
-0.008970
-0.007308
0.003233
-0.011842
-0.020375
-0.005930
-0.003748
-0.019486
-0.020279
0.003987
0.013673
0.005624
0.011077
0.004825
0.007837
0.007339
0.002883
0.004670
0.017641
0.015981
0.010716
0.009351
0.009128
0.023651
0.021398
0.020894
0.016684
0.041687
0.045378
0.036469
0.026609
0.016806
0.010715
0.006446
0.010695
0.017425
0.015291
0.011427
0.003421
-0.000467
-0.001974
0.009235
0.014347
0.012548
0.011360
0.010447
0.012877
0.016679
-0.001957
-0.005684
-0.002557
-0.006806
-0.015003
-0.000074
0.002705
-0.002258
-0.011961
0.002173
0.004553
-0.005904
-0.009689
-0.001740
-0.002270
0.008877
-0.008170
-0.009339
-0.006559
-0.028262
-0.028280
-0.006325
-0.015303
-0.015236
-0.024433
0.001069
0.007992
-0.001411
-0.011253
-0.010671
-0.005811
0.005786
-0.004943
0.000079
0.004293
-0.005033
-0.008955
0.006127
0.010375
-0.011472
-0.015582
0.017386
0.031138
0.019389
0.011075
0.012367
0.015511
0.013526
0.003463
0.007054
0.003427
-0.010998
-0.009182
0.014520
0.005328
-0.003899
-0.014169
0.006848
-0.003754
-0.001246
-0.007776
-0.010883
-0.009532
-0.000260
-0.019454
-0.017564
-0.004287
-0.019020
-0.022786
-0.010922
-0.012982
-0.020154
-0.017686
0.000558
0.006900
0.009412
0.009827
0.007597
0.004582
0.005258
-0.005216
-0.001208
0.003911
-0.005839
-0.011091
-0.004853
-0.001351
-0.004915
-0.008012
0.005149
0.014945
0.010737
0.011881
0.003006
0.000090
0.008609
-0.000044
-0.010965
-0.002248
-0.015803
-0.023283
-0.008969
-0.013463
-0.015925
-0.011249
0.003750
0.004181
-0.005833
-0.003575
0.007897
0.003788
0.011245
0.004405
-0.008119
0.000873
-0.007413
-0.016567
-0.006007
-0.006195
-0.015630
-0.010529
0.007613
0.014806
0.013842
0.013420
0.018251
0.020717
0.025715
0.017579
0.014609
0.013092
0.007886
0.002954
0.011222
0.008346
0.011315
0.003526
0.009330
0.012791
0.019596
0.017191
0.012601
0.005242
0.006318
-0.008987
-0.008421
-0.000814
-0.012391
-0.015740
-0.004066
-0.006841
-0.011241
-0.009684
0.009407
0.016975
0.012745
0.013549
0.006206
-0.001243
0.006012
0.011150
0.006297
0.003302
-0.015363
-0.020523
0.001234
0.001323
-0.020412
-0.019114
0.006189
0.019456
0.009239
0.023382
0.017253
0.017139
0.013842
0.019721
0.021846
0.028134
0.015741
0.008060
0.019899
0.022096
0.007826
0.013763
0.025241
0.036403
0.040476
0.041839
0.039715
0.045610
0.032085
0.033676
0.033559
0.033142
0.024956
0.022177
0.022786
0.022247
0.017753
0.020981
0.019703
0.017904
0.027104
0.022309
0.015495
0.008749
0.000709
-0.009456
-0.006164
-0.000655
-0.010220
-0.012893
0.002145
0.001131
0.007321
-0.006924
0.000155
-0.005567
-0.014944
-0.021450
-0.004986
-0.007234
0.004678
-0.008779
-0.007434
0.008113
-0.013255
-0.028635
-0.002830
-0.015706
-0.019448
-0.017372
0.005463
0.007035
-0.006074
-0.010319
0.000814
0.002714
0.029318
0.016906
0.002859
0.009822
-0.004558
-0.013427
0.003371
0.000107
-0.013345
-0.011864
0.009283
0.018169
0.014471
0.009434
0.009866
0.010461
0.013501
-0.002552
-0.012881
0.002109
-0.011727
-0.019963
0.001237
0.002732
-0.016826
-0.014377
0.005940
0.014283
0.003789
0.008124
0.002097
0.006108
0.020585
0.007671
0.000583
0.008094
-0.004760
-0.017550
-0.001188
-0.005528
-0.013078
-0.011285
0.005866
0.010392
0.014088
0.015952
0.020324
0.020909
0.022635
0.013271
0.014184
0.021266
0.013750
0.005190
0.010006
0.008361
-0.002700
-0.006606
0.005979
0.006029
0.008522
0.018725
0.015621
0.012899
0.014322
0.003856
-0.002023
0.008130
0.005300
0.000500
0.011504
0.006464
-0.005117
-0.005450
0.010350
0.010072
0.003704
0.003315
0.009131
0.011960
0.015769
0.000930
-0.006962
-0.002061
-0.008914
-0.008885
0.003746
-0.003282
-0.013872
-0.014709
0.006777
0.014948
0.011214
0.010398
-0.003683
-0.001681
0.015038
0.007025
0.004468
0.007365
0.000385
-0.002317
0.010755
-0.003650
-0.016795
-0.010037
0.001645
0.001706
0.013072
0.016549
0.017799
0.009064
0.012668
0.009008
0.004285
0.001202
0.001392
0.004591
0.003928
-0.002447
-0.004731
-0.006658
0.005089
0.005807
0.002292
-0.000481
0.006332
0.004823
-0.000358
-0.008650
0.002643
0.007288
0.002516
-0.004055
0.006505
-0.001489
-0.013850
-0.014047
0.003951
0.011927
0.016721
0.010836
0.005867
0.004175
0.010282
0.002440
0.002154
0.005458
-0.000644
-0.005707
0.001327
0.002250
-0.006999
-0.010489
0.002855
0.014273
0.017104
0.013117
0.009165
0.006224
0.008981
-0.000115
0.005125
0.008968
-0.010129
-0.017077
0.004628
0.003028
-0.011206
-0.010741
0.011549
0.014353
0.002156
0.001472
0.002478
-0.002783
0.005768
-0.003502
-0.004730
0.001650
-0.020188
-0.023863
-0.009499
-0.009699
-0.025355
-0.022223
0.003557
0.009604
-0.000834
-0.000929
0.005183
0.005425
0.002280
-0.003482
-0.003726
0.000008
-0.012977
-0.020736
-0.002444
-0.004037
-0.010967
-0.007763
0.004867
0.007644
0.001579
0.000848
0.013843
0.013699
0.007978
-0.003524
0.005022
0.004072
0.001358
-0.004987
-0.003052
-0.000519
-0.012082
-0.021779
-0.002381
0.010081
0.010667
0.009541
0.008603
0.008082
0.009656
-0.000348
0.002620
0.007516
-0.004344
-0.011881
0.003718
0.001037
-0.007359
-0.005647
0.010682
0.010375
-0.001217
0.000419
0.005613
0.006311
0.014705
0.007405
0.001640
0.008574
0.004724
-0.000752
0.011360
0.001478
-0.009815
0.002136
0.010158
0.009089
0.011497
0.020992
0.030662
0.023516
0.010376
-0.001771
0.002126
0.013742
0.011665
0.005671
0.019660
0.014677
-0.010355
-0.008154
0.013526
0.027633
0.040101
0.033519
0.014496
0.007453
0.009662
0.004356
0.002912
0.004673
-0.005190
-0.006983
0.006131
0.006831
-0.010059
-0.009435
0.005264
0.015388
0.012450
0.013000
0.013224
0.010142
0.007296
0.004798
0.004615
0.007958
-0.001219
-0.003468
0.003748
0.004785
-0.004809
-0.006782
0.002396
0.012270
0.010439
0.010584
0.012281
0.013781
0.003436
-0.001588
-0.001383
0.004681
0.001704
-0.003620
0.004474
0.002191
-0.011866
-0.009762
0.006236
0.010042
0.014551
0.016963
0.012008
0.004142
0.000393
-0.008853
0.002376
0.007992
-0.007025
-0.014877
0.002168
0.000627
-0.009680
-0.008622
0.006468
0.006183
-0.001810
-0.017900
-0.010624
-0.006127
0.004666
-0.007066
-0.009361
-0.003120
-0.018287
-0.024963
-0.008599
-0.011026
-0.019196
-0.021700
-0.002194
0.010958
-0.003408
-0.011861
-0.002512
-0.003104
-0.004793
-0.009340
-0.004101
0.000027
-0.013314
-0.017217
-0.001774
-0.002674
-0.019054
-0.019404
-0.000250
0.010562
0.004813
-0.003369
-0.008204
-0.010294
-0.002433
-0.002855
-0.002868
-0.004880
-0.013487
-0.019610
0.002796
-0.003405
-0.001459
-0.004387
0.009932
-0.000866
-0.005044
0.000512
0.006757
0.010525
0.007860
-0.009523
-0.013790
0.005168
-0.007819
-0.019165
-0.007481
-0.001807
-0.026599
-0.024745
0.008735
0.024578
0.023254
0.029577
0.038235
0.053306
0.057521
0.064048
0.060535
0.064168
0.060310
0.079556
0.081887
0.108365
0.151752
0.198250
0.223799
0.188619
0.138388
0.106188
0.071500
0.059997
0.032717
0.014114
0.022076
0.026693
0.014986
0.019844
0.016048
0.019477
0.013050
0.009570
0.007901
0.017557
0.017383
0.013505
0.016750
0.008140
-0.002802
0.002036
0.012324
0.015447
0.012856
0.015673
0.012218
0.003567
0.002654
0.003644
0.003206
0.001180
0.009305
0.017805
0.025605
0.022586
0.021159
0.010833
0.005690
0.005604
0.006703
0.004429
0.004744
-0.007395
-0.020479
-0.014724
0.012601
0.023595
0.024590
0.026879
0.020337
0.018476
0.018799
0.012722
0.009068
0.012320
0.009105
0.007599
0.009458
0.002758
-0.006440
-0.000648
0.011154
0.013758
0.019167
0.019875
0.019224
0.010405
-0.001852
0.000843
0.008227
0.009013
0.004168
0.001861
0.008576
0.012767
0.004627
-0.000521
0.005674
0.014017
0.021847
0.013137
-0.001270
0.005359
0.020908
0.004729
0.001200
0.004796
-0.000267
-0.011342
0.001909
0.000237
-0.003180
-0.006191
0.000145
0.010876
0.013388
0.011915
0.011748
0.011411
0.012814
0.003308
0.006376
0.006879
-0.002580
-0.014789
-0.000622
-0.002987
-0.008807
-0.014405
-0.001341
0.004637
0.000172
0.004379
0.010229
0.004627
-0.003215
-0.011060
-0.002873
-0.002792
-0.014855
-0.021691
-0.003476
0.000400
-0.008839
-0.017833
0.003243
0.004703
-0.008664
-0.013636
-0.008534
-0.007354
0.006051
-0.011869
-0.008214
-0.000697
-0.017660
-0.022942
-0.004514
-0.008465
-0.020994
-0.021800
0.001473
0.008145
-0.007930
-0.010174
0.006066
0.007215
0.004450
-0.005278
0.002506
0.007742
0.003503
-0.001645
0.006944
-0.003688
-0.006360
-0.002866
0.003053
0.007788
0.020268
0.020648
0.018820
0.015698
0.017760
0.002119
0.001458
0.010991
0.005143
0.001524
0.004428
-0.002918
-0.017027
-0.012787
0.003560
0.009137
0.014711
0.015097
0.017306
0.011436
0.009436
0.002803
0.005583
0.008957
-0.002210
-0.006520
0.003358
-0.001017
-0.009510
-0.011629
0.000033
0.003662
0.001296
0.002966
0.007687
0.007706
0.003774
-0.006751
-0.006693
0.002098
-0.000775
-0.006349
0.002234
-0.008163
-0.021193
-0.017325
0.001362
0.004264
0.007130
0.008132
0.013323
0.012947
0.010382
0.006215
0.005542
0.008434
0.009069
0.005523
0.010066
0.014319
0.000649
-0.004015
0.012958
0.026704
0.028843
0.020957
0.008934
0.006035
0.004975
0.006198
0.009895
0.010843
0.003442
-0.004696
0.009984
0.006745
0.002658
0.002055
0.005890
0.009293
0.003205
0.005145
0.007715
0.009180
0.014283
0.003489
-0.002471
0.007282
-0.005552
-0.012840
0.006728
0.005373
-0.010184
-0.012480
0.010663
0.015572
0.007811
0.004255
0.009904
0.009596
0.013973
0.000261
-0.003179
0.003158
-0.010971
-0.018796
0.002970
-0.000125
-0.019555
-0.013855
0.017609
0.022594
0.002339
0.000468
0.004211
0.005339
0.003264
-0.003705
0.003514
0.007728
-0.001009
-0.012064
-0.004587
-0.002315
-0.005438
-0.002862
0.003706
0.006616
0.009287
0.016800
0.015331
0.012344
0.010134
0.007504
0.006266
0.007144
0.002250
-0.004319
0.003225
-0.002195
-0.009688
-0.007011
0.007430
0.008689
0.013088
0.019590
0.015899
0.011488
0.017797
0.013406
0.005251
0.006051
-0.000822
-0.002716
0.008913
0.000659
-0.016568
-0.011141
0.013029
0.023017
0.018240
0.018731
0.011954
0.012565
0.012548
0.004584
0.003322
0.010223
0.003459
-0.003362
0.006220
0.007053
-0.005590
-0.005191
0.009852
0.013729
0.015188
0.010620
0.017126
0.012020
0.003694
0.003841
0.007525
0.009628
0.001342
-0.000993
0.003199
0.002535
-0.008726
-0.008401
0.006387
0.019017
0.020487
0.018000
0.015970
0.013647
0.012996
0.007381
0.011539
0.011389
0.003507
-0.005928
0.002975
-0.003818
-0.010660
-0.009094
-0.000526
0.001951
0.009691
0.014115
0.019009
0.015385
0.011367
0.006011
0.007324
0.012500
0.009377
0.002849
0.008753
0.006500
-0.007373
-0.009328
0.006082
0.019009
0.021895
0.022711
0.016744
0.014562
0.009350
0.008697
0.008304
0.013668
0.010516
0.007688
0.008556
0.011306
-0.004916
-0.006813
0.006890
0.020786
0.024519
0.021310
0.015622
0.012065
0.005380
0.006495
0.010391
0.014579
0.011737
0.005453
0.013452
0.010329
0.002616
0.001374
0.008919
0.013086
0.014388
0.016703
0.023462
0.011941
0.007792
0.003846
0.000358
0.001668
-0.004500
-0.005976
0.002484
0.004827
-0.006385
-0.011601
0.000810
0.012250
0.014466
0.009822
0.004936
0.002446
0.007283
-0.007606
-0.001210
0.001023
-0.001711
-0.011244
-0.005054
-0.004908
0.009923
0.005369
0.001568
-0.004062
0.017982
0.020392
0.018855
0.016234
0.014220
0.001380
0.006415
0.007830
-0.000998
-0.002212
0.007916
-0.003960
-0.015735
-0.008928
0.008338
0.010269
0.009956
0.008535
0.018137
0.009712
0.013031
0.002638
-0.001960
-0.005095
-0.015367
-0.015828
-0.000624
-0.000839
-0.005020
-0.011897
0.008854
0.006595
0.000094
-0.001995
0.004180
-0.001234
0.009672
0.004864
-0.000023
0.001512
0.001232
-0.011835
0.005844
-0.003577
-0.011807
-0.014062
-0.001561
-0.001626
0.000786
0.003416
0.012376
0.011506
0.011011
-0.002152
0.002393
0.005144
-0.000277
-0.003433
0.004025
0.000745
-0.010522
-0.012822
0.003978
0.014055
0.018342
0.016315
0.012515
0.004572
0.004385
0.005900
0.007506
0.005016
-0.001197
-0.010736
0.000208
0.003776
-0.004962
-0.006836
0.006589
0.008358
0.004230
-0.000307
-0.000804
-0.003745
-0.002808
-0.010311
-0.007483
-0.006144
-0.009367
-0.011518
-0.003689
-0.010639
-0.014194
-0.005461
0.005071
0.005357
0.001792
0.003816
0.010119
0.011088
0.005926
-0.005675
-0.002601
0.005401
-0.002416
-0.009068
0.006872
0.002458
-0.015532
-0.015657
0.004808
0.016251
0.017603
0.013000
0.009307
0.010142
0.014211
0.001250
-0.004829
0.003777
0.004696
0.000040
0.007327
-0.002016
-0.009138
0.002574
0.017604
0.017696
0.028769
0.029312
0.027857
0.028227
0.023802
0.007498
0.007726
0.020142
0.004177
-0.001799
0.018342
0.010780
-0.006206
-0.000190
0.011826
0.016262
0.011052
0.006241
0.007470
0.001976
0.017009
0.009613
0.000224
-0.000292
-0.022078
-0.024884
-0.007315
-0.009214
-0.012295
-0.013331
0.002538
0.007409
-0.006154
-0.010655
-0.002180
0.001278
0.006852
0.001116
0.003404
0.007751
0.004234
-0.003685
0.002822
-0.008827
-0.013364
-0.013030
0.004774
0.003352
0.001856
0.008086
0.013070
0.006626
0.003964
-0.004983
0.000139
0.002918
-0.003607
-0.009821
0.005494
0.006534
-0.008044
-0.012464
0.003214
0.012789
0.013651
0.003326
0.000132
0.004783
0.014746
0.000141
-0.003034
0.010755
-0.006491
-0.016451
0.000421
-0.005483
-0.005571
-0.006842
0.003649
0.003722
-0.005619
-0.000647
0.016486
0.024297
0.026875
0.012461
0.001003
0.004038
0.010154
0.005030
0.011900
0.003670
-0.013289
-0.014471
0.011773
0.016441
0.013572
0.013803
0.009336
0.007561
0.014027
0.005239
0.002231
0.000509
-0.001365
-0.001135
0.002662
-0.001493
-0.014659
-0.011965
0.006081
0.016256
0.014719
0.014401
0.013323
0.009040
0.003005
0.008867
0.013447
0.009036
-0.004123
-0.005179
-0.004674
-0.000431
-0.004255
-0.005607
0.004249
0.016272
0.015576
0.013251
0.010750
0.002444
0.006984
0.010030
0.006980
-0.000716
-0.008066
-0.007016
-0.001305
-0.001055
-0.005415
-0.008780
0.003226
0.013034
0.003400
0.008793
0.006538
0.010725
0.006512
0.001083
-0.001536
0.007766
0.015915
0.011299
0.009064
0.008859
-0.016009
-0.047365
-0.057055
