-0.009843
0.002780
-0.004572
-0.006931
-0.055309
-0.017021
-0.029815
-0.052945
-0.032952
-0.044215
-0.052932
-0.016786
-0.026126
-0.001296
-0.016963
0.005602
-0.013661
-0.039886
-0.034034
-0.011530
-0.011791
0.019048
-0.000863
-0.013022
0.011865
-0.008504
-0.026427
0.001370
-0.005812
-0.038959
-0.009592
0.057575
0.080704
0.073973
0.071762
0.086610
0.081234
0.049700
0.039794
0.044582
0.045702
0.024885
0.019920
0.031060
0.041287
0.021160
0.010671
0.024053
0.039362
0.048979
0.062941
0.062788
0.067755
0.059465
0.054214
0.053768
0.064748
0.067979
0.066205
0.060917
0.053814
0.074229
0.098209
0.098771
0.088316
0.097816
0.111342
0.114127
0.106767
0.093054
0.076913
0.057822
0.047035
0.040397
0.044199
0.025821
0.028274
0.025702
0.022925
0.021865
0.029735
0.034693
0.039098
0.037447
0.035130
0.021927
0.014905
0.014873
0.021892
0.019927
0.024313
0.013981
0.020399
0.012785
0.009884
0.009183
0.020737
0.024648
0.026348
0.024958
0.021968
0.013654
0.011284
0.007499
0.013143
0.007202
0.001681
0.011788
0.015905
0.001374
0.003488
0.017233
0.025959
0.030481
0.041320
0.024092
0.028360
0.035610
0.030540
0.021574
0.030386
0.019257
0.009954
0.016573
0.017167
0.001206
0.001087
0.015134
0.026518
0.025459
0.038014
0.045455
0.049488
0.037281
0.026291
0.025214
0.035388
0.027510
0.021666
0.031133
0.034415
0.006301
0.006483
0.026134
0.039063
0.049789
0.061633
0.066900
0.075849
0.076870
0.084907
0.081065
0.079611
0.064670
0.053525
0.043014
0.047780
0.040381
0.039870
0.046059
0.056151
0.063478
0.073156
0.060185
0.054243
0.048140
0.039644
0.028147
0.036667
0.027452
0.025386
0.024156
0.032777
0.033446
0.042268
0.053144
0.054513
0.055049
0.055406
0.061384
0.065713
0.042016
0.040356
0.028753
0.032687
0.019747
0.026535
0.023847
0.035225
0.031370
0.032164
0.037123
0.048330
0.056190
0.057032
0.061711
0.064568
0.048273
0.058256
0.066574
0.067289
0.043253
0.033132
0.034784
0.043115
0.033796
0.029134
0.034798
0.041520
0.041801
0.038723
0.032256
0.024464
0.012633
0.013052
0.005589
-0.001017
-0.014758
-0.013914
-0.002770
0.003468
0.000572
-0.010330
-0.005875
0.002360
-0.001881
-0.010015
-0.003399
-0.003454
-0.005861
-0.013915
-0.007301
0.000258
-0.018838
-0.024649
-0.003003
-0.003563
-0.018843
-0.020813
-0.001029
0.002792
-0.002920
-0.006618
-0.000392
0.002718
-0.002665
-0.009334
-0.003268
-0.001559
-0.009693
-0.016824
-0.002951
-0.006228
-0.012793
-0.013567
0.001859
0.008720
0.004544
0.004030
0.004889
0.012453
0.013034
-0.002235
-0.001915
0.004528
0.001449
-0.014585
0.003327
0.005407
-0.006156
-0.008656
0.007945
0.014928
0.020108
0.027472
0.020011
0.025750
0.024598
0.005117
0.000374
0.015618
0.016087
0.003707
0.009054
0.013010
-0.003229
0.001179
0.017462
0.031282
0.037947
0.043114
0.042963
0.052551
0.043520
0.032863
0.034720
0.051814
0.042380
0.033750
0.040152
0.043416
0.035223
0.039237
0.046951
0.049201
0.051029
0.056788
0.050184
0.049082
0.040595
0.046551
0.036001
0.036848
0.033253
0.042982
0.037470
0.036708
0.056202
0.088673
0.102345
0.088194
0.089192
0.095898
0.080267
0.063502
0.041650
0.036889
0.022831
0.023794
0.022778
0.031773
0.019209
0.022315
0.015546
0.011695
0.020121
0.041817
0.051450
0.053136
0.059117
0.063366
0.049534
0.048666
0.046250
0.046266
0.030263
0.018845
0.019991
0.024932
0.008308
0.008432
0.028730
0.041416
0.045752
0.038018
0.032913
0.030296
0.028728
0.009330
0.009468
0.001168
-0.023176
-0.035506
-0.005954
0.000555
0.014059
-0.013074
0.003677
-0.004421
-0.013359
-0.022703
-0.020191
-0.011914
0.007983
-0.011867
-0.027129
-0.006203
-0.024315
-0.027812
-0.004423
-0.011472
-0.039239
-0.030112
0.009954
0.023487
0.010430
0.027617
0.030378
0.051024
0.063396
0.042166
0.048191
0.061526
0.059448
0.038093
0.027715
0.039486
0.040061
0.038066
0.043621
0.050389
0.056892
0.063591
0.078832
0.088299
0.078693
0.072281
0.051438
0.043939
0.040665
0.058465
0.042749
0.051694
0.084790
0.116897
0.122969
0.115494
0.118719
0.146140
0.162479
0.186031
0.210018
0.257237
0.285004
0.299246
0.334582
0.453317
0.552916
0.642174
0.648980
0.650429
0.623966
0.541056
0.433871
0.333448
0.261895
0.237626
0.197787
0.156736
0.154991
0.143950
0.124337
0.117945
0.075233
0.067260
0.052624
0.037492
0.031184
0.046517
0.065746
0.080805
0.070404
0.062278
0.045294
0.040651
0.048808
0.053095
0.034591
0.025381
0.030318
0.034586
0.014418
0.000731
0.010125
0.022754
0.026937
0.030615
0.025917
0.031343
0.031408
0.028809
0.032832
0.036257
0.030203
0.026965
0.039761
0.041988
0.055795
0.089243
0.117980
0.110290
0.110826
0.112606
0.113355
0.097244
0.070478
0.057239
0.042555
0.043113
0.044628
0.044753
0.029101
0.025799
0.019917
0.020594
0.029299
0.036561
0.040653
0.045218
0.040218
0.037281
0.026144
0.019557
0.010714
0.020097
0.020344
0.019221
0.014897
0.021526
0.010483
0.007096
0.024527
0.042828
0.046256
0.044675
0.033554
0.015986
0.012738
0.020640
0.016193
0.014082
0.006191
-0.000317
0.018010
0.016260
0.003769
0.000318
0.006368
0.009564
0.007537
0.008195
0.015418
0.012226
0.004858
0.001983
-0.001480
0.004335
0.003367
-0.002438
0.007281
-0.000363
-0.024769
-0.022094
0.002715
0.014769
0.017266
0.015409
0.009264
0.010353
0.008910
0.001618
0.004546
0.008764
0.001390
-0.005507
0.006983
0.013099
-0.002246
-0.007946
0.003196
0.016900
0.015590
0.012879
0.009330
0.007098
0.000891
-0.000292
0.004630
0.007225
-0.004624
-0.012018
0.001031
0.005476
-0.007578
-0.014060
-0.002373
0.003958
-0.003837
-0.003836
0.006986
0.011882
0.001204
-0.011143
0.001910
0.007856
-0.005563
-0.010295
-0.001697
0.005904
-0.009709
-0.014411
0.004712
0.014021
0.008244
0.005849
0.008372
0.011157
0.000605
-0.006808
0.007417
0.011871
0.003164
-0.004660
0.004424
0.005559
-0.006966
-0.006370
0.005961
0.015971
0.022739
0.024754
0.018255
0.014648
0.006219
0.006521
0.004132
0.008763
-0.002229
-0.006811
0.011117
0.012267
-0.009489
-0.008869
0.006458
0.012782
0.006034
0.008977
0.019234
0.010553
-0.007738
-0.009551
0.003861
0.001550
-0.006431
-0.008381
0.003468
0.000369
-0.006833
-0.003057
0.008836
0.011462
0.007705
0.005026
0.007420
0.002703
0.003108
0.001061
-0.002195
-0.003602
-0.011817
-0.019778
0.001392
0.006817
-0.004729
-0.009785
0.006478
0.012985
0.008302
0.003093
0.001565
0.005674
0.005625
-0.006009
-0.001973
0.003159
-0.004407
-0.015176
-0.000652
0.002128
-0.008321
-0.011800
0.001271
0.007688
0.015790
0.016641
0.012038
0.009979
0.010284
-0.003130
-0.007416
-0.009687
-0.007705
-0.003879
-0.001949
-0.003033
-0.005430
-0.008017
0.000897
0.006919
0.002682
0.004650
0.003079
0.009497
0.004225
-0.002743
-0.003087
0.001618
0.003149
0.001684
-0.000714
-0.000295
-0.010056
-0.015702
-0.000870
0.009023
0.008920
0.017795
0.023402
0.026288
0.019829
0.018112
0.026052
0.037489
0.023351
0.017463
0.026420
0.025436
0.007582
-0.001440
0.011407
0.012559
0.011521
0.016464
0.014709
0.012738
0.020299
-0.004979
-0.011914
-0.006779
-0.019186
-0.024602
0.007277
-0.004252
-0.020251
-0.016622
0.003040
0.008668
-0.000851
0.002955
0.008764
0.013912
0.010787
0.003493
0.007366
0.010144
-0.000228
-0.003012
0.007682
0.004700
-0.012521
-0.015221
0.003578
0.013272
0.009347
0.006091
0.007028
0.009583
0.002523
-0.004983
-0.000346
0.003179
-0.007145
-0.013804
-0.003910
0.000867
-0.010507
-0.017312
-0.003070
0.007667
0.008114
0.003165
0.001321
0.001392
-0.002951
-0.011061
-0.004583
-0.004047
-0.014818
-0.016529
-0.005208
-0.004976
-0.021177
-0.015278
0.004671
0.016499
0.006923
0.006399
0.001475
0.002984
0.000535
-0.005055
0.002398
0.008494
-0.001953
-0.010074
0.010994
0.006971
-0.003560
-0.003202
0.007234
0.007846
0.009826
0.010574
0.011846
0.014687
0.021034
-0.000034
-0.000914
0.003008
-0.008725
-0.014363
0.004188
0.003631
-0.003841
-0.003687
0.008749
0.011326
0.003703
0.007782
-0.005668
0.002052
0.023806
0.009254
-0.002478
0.007706
-0.003034
-0.009768
-0.005362
-0.009123
-0.019964
-0.014640
0.009807
0.017456
0.021226
0.035371
0.033389
0.040011
0.035689
0.023788
0.021555
0.032510
0.024481
0.011457
0.021069
0.027037
0.002893
0.004349
0.026281
0.043011
0.049741
0.059114
0.059832
0.075517
0.080919
0.089823
0.084509
0.079551
0.068724
0.079060
0.072352
0.084170
0.106863
0.140402
0.153801
0.141594
0.127166
0.123242
0.130801
0.151335
0.154432
0.160292
0.157172
0.142703
0.114995
0.129176
0.129144
0.139660
0.148754
0.164001
0.147330
0.126884
0.102750
0.092342
0.070688
0.051414
0.025769
0.017490
0.014071
0.016436
0.009033
0.012942
0.018643
0.025489
0.012299
0.007822
0.014658
0.026222
0.025339
0.017469
0.009073
0.010138
0.006189
0.002230
0.002988
-0.001315
-0.013896
-0.020352
-0.003972
-0.000118
-0.000620
-0.002792
-0.001803
-0.003425
-0.009730
-0.007716
0.003509
0.008122
0.004196
-0.009639
-0.005389
-0.003599
-0.012179
-0.010436
0.013739
-0.001222
-0.026876
-0.017599
0.007787
0.016303
0.018791
0.019973
0.016811
0.010422
0.008264
0.007324
-0.000770
0.008661
0.001343
-0.010787
0.003495
0.008116
-0.002214
-0.005909
0.003766
0.013927
0.017095
0.013809
0.017008
0.011693
0.012705
0.000773
-0.007628
0.000540
0.002239
-0.003482
0.003336
-0.000387
-0.006089
-0.010292
0.002788
0.004305
-0.003390
0.003751
0.012253
0.005968
0.013692
0.007131
-0.003587
-0.008789
-0.026305
-0.018604
-0.017154
-0.012679
-0.016098
-0.012006
-0.002241
0.010972
-0.004373
-0.013845
-0.003962
0.001395
-0.002421
-0.013378
-0.016987
-0.008770
-0.025815
-0.032666
-0.010878
-0.010053
-0.018300
-0.024582
-0.001876
0.002890
-0.009668
-0.010873
-0.001904
0.003032
0.005140
-0.007323
-0.006491
-0.001300
-0.009350
-0.016363
0.004356
-0.004211
-0.018755
-0.017268
0.005824
0.008108
0.002552
-0.007699
-0.008162
-0.002506
0.003562
-0.016154
-0.010009
0.001130
-0.014678
-0.023659
-0.010174
-0.011178
-0.016709
-0.013617
0.002435
0.003338
-0.004015
-0.003567
0.001272
-0.005004
-0.001177
-0.010596
-0.009637
-0.011568
-0.020592
-0.024579
-0.013491
-0.009817
-0.020228
-0.022676
0.000046
0.011592
0.009427
0.002788
0.004949
0.000331
-0.000659
-0.004717
0.002751
0.001414
-0.020112
-0.031003
-0.006538
-0.002938
-0.013363
-0.012897
0.002583
0.005943
-0.002568
-0.011354
-0.003189
-0.002793
0.000963
-0.016432
-0.017366
-0.004527
-0.028472
-0.037269
-0.010088
-0.009957
-0.020872
-0.020912
0.005372
0.008680
-0.012858
-0.014762
-0.009011
-0.004288
0.012448
-0.001854
-0.012061
0.000311
-0.011596
-0.021191
-0.001322
0.001291
-0.015118
-0.010119
0.008302
0.018556
0.007343
0.008422
0.004075
0.010237
0.012240
0.003621
0.001524
0.000576
-0.004719
-0.009371
-0.006551
-0.004260
-0.012341
-0.014776
0.006676
0.014159
0.002786
0.000488
0.016560
0.013614
-0.004153
-0.009985
0.002431
0.002962
-0.009468
-0.008714
-0.002411
0.002114
-0.002714
-0.009862
-0.003524
0.006606
0.003889
-0.005412
0.001490
0.008874
0.002534
-0.010383
-0.000762
0.004444
-0.016980
-0.024967
0.000776
-0.001066
-0.015438
-0.016314
0.000928
0.006076
0.003542
-0.004966
-0.001131
0.001681
0.012993
-0.004585
-0.003584
-0.004113
-0.012133
-0.017511
-0.003029
-0.009561
-0.011168
-0.010955
-0.003416
-0.000147
0.001596
-0.004155
0.007503
0.008441
-0.003496
-0.015442
-0.012274
-0.005401
-0.013325
-0.018376
-0.010813
-0.005558
-0.011368
-0.009262
-0.008210
0.001061
0.001370
0.002342
0.011320
0.014744
-0.000557
-0.009132
-0.001320
0.002049
-0.001822
-0.006974
0.007960
0.003694
-0.020011
-0.017333
0.004211
0.013031
0.018458
0.019384
0.015223
0.014826
0.010006
0.009233
0.007223
0.011940
0.007258
-0.006829
-0.003627
0.009629
0.005084
-0.001598
0.001759
0.007673
0.010145
0.011222
0.018012
0.020521
0.012710
0.003628
0.014910
0.012076
-0.002369
-0.000691
0.003849
0.003993
0.010055
-0.000227
-0.000011
-0.003943
-0.001423
0.007239
0.015466
0.011225
0.002117
-0.010766
-0.003513
0.007256
0.000393
-0.006348
0.001164
-0.001302
-0.023998
-0.021980
0.008487
0.018841
0.011890
0.006337
0.014213
0.018082
0.006152
0.001705
0.003029
0.007433
0.006948
0.000953
0.009268
0.005140
-0.012068
-0.013396
0.008202
0.019016
0.018026
0.016521
0.022026
0.026182
0.014764
0.005581
0.013957
0.017622
0.007104
0.001018
0.003330
0.006195
0.005630
0.005348
0.009099
0.012070
0.010699
0.017308
0.014778
0.011798
0.007418
0.002444
0.006893
0.011431
-0.002272
-0.001585
0.007361
0.011545
-0.003069
-0.002235
0.017908
0.027761
0.017605
0.028439
0.025669
0.026554
0.021954
0.020094
0.018324
0.026239
0.017786
0.011528
0.016694
0.024556
0.003510
-0.004200
0.021158
0.038751
0.038728
0.038632
0.033577
0.047414
0.050101
0.040812
0.036002
0.045896
0.037425
0.032287
0.035456
0.044734
0.030046
0.025025
0.022764
0.036978
0.042531
0.034777
0.029365
0.031683
0.023092
0.012758
0.018041
0.023705
0.008488
0.005048
0.012148
0.031770
0.022175
0.008271
0.016627
0.026950
0.016420
0.011741
0.010410
0.009504
0.001769
-0.011074
-0.000507
0.004555
-0.019479
-0.025483
-0.002836
-0.004691
-0.005823
-0.002361
0.001825
0.001863
0.004813
0.000036
0.005675
0.004864
0.001472
-0.010247
-0.007402
-0.003857
-0.008482
-0.007520
0.000888
-0.008079
-0.006731
-0.006116
-0.001215
-0.003273
0.013070
0.011506
0.015318
0.006223
0.015712
0.005926
0.010639
0.004003
-0.013511
-0.013472
-0.001383
-0.000441
-0.008750
-0.011567
0.005513
0.007087
0.000791
-0.000845
-0.002142
-0.004622
-0.003042
-0.011597
-0.008690
-0.001677
-0.015387
-0.027405
-0.003088
-0.000083
-0.020173
-0.020588
-0.008663
0.001446
-0.002472
-0.001113
0.002354
0.003539
0.005311
0.003644
0.009292
0.010044
0.001998
-0.015567
-0.003236
0.003449
-0.007097
-0.003838
0.016213
0.027970
0.031733
0.033397
0.018109
0.013501
0.012502
0.011459
0.006736
0.006214
-0.007102
-0.006837
0.007147
0.011222
-0.011056
-0.011432
0.017394
0.029950
0.016787
0.006531
0.006169
0.005655
0.006683
0.004424
-0.001445
-0.002514
-0.006295
-0.020808
0.005308
0.008409
-0.008355
-0.016778
0.002627
0.006587
-0.001745
0.001610
0.007245
0.001076
0.005343
0.000791
-0.001838
-0.004725
-0.013668
-0.021905
-0.005612
-0.010518
-0.013335
-0.010726
0.000369
-0.003417
-0.004410
0.006299
0.013556
0.007135
0.007061
0.000601
-0.005195
-0.004022
-0.005051
-0.007931
0.002416
-0.004105
-0.014453
-0.009350
0.006706
0.008517
0.007842
0.012426
0.015525
0.008651
0.005295
0.002811
0.004378
0.003989
-0.013628
-0.015854
-0.004474
-0.007889
-0.018670
-0.017073
0.004168
0.015639
0.005656
0.002806
0.003744
0.000541
-0.000188
0.004560
0.003251
0.005169
-0.008752
-0.014250
0.008024
0.004366
-0.013323
-0.017842
0.002905
0.002118
-0.004650
-0.012727
-0.003162
-0.002168
0.003716
-0.011917
-0.014475
-0.004589
-0.013730
-0.021728
-0.002157
-0.005708
-0.016364
-0.006573
0.010348
0.013913
0.008899
0.012305
0.020824
0.012813
0.001867
-0.004416
0.000688
0.004559
-0.000526
-0.003814
0.003608
-0.001165
-0.018570
-0.017814
0.002658
0.008967
0.001624
0.003072
0.010776
0.014611
-0.000554
-0.006156
0.002370
0.005543
-0.004034
-0.006426
0.001776
0.002611
-0.011298
-0.008836
0.001768
0.012931
0.018758
0.018258
0.013554
0.014137
0.002240
-0.008713
-0.000194
0.010200
0.003458
-0.008915
-0.000080
0.002518
-0.004570
-0.007166
0.002695
0.009318
0.008538
0.008326
0.011960
0.011024
0.003660
-0.004826
0.004844
0.005980
-0.004745
-0.011463
0.003411
0.007443
-0.003701
-0.011432
0.002437
0.004882
-0.002343
0.000867
0.009181
0.006011
-0.000767
-0.009083
0.005256
0.006591
-0.004132
-0.006521
0.002842
-0.005697
-0.014460
-0.015229
0.001952
0.002019
0.003656
0.003851
0.001636
-0.000330
0.002641
-0.004633
0.000747
-0.001907
-0.010873
-0.008101
0.007380
0.006535
-0.011846
-0.008242
0.011563
0.017347
0.009803
0.007966
0.003344
-0.002471
0.001871
-0.000496
0.000886
-0.000397
-0.011179
-0.015864
0.001075
0.003205
-0.006742
-0.007284
0.012465
0.020207
0.009158
0.005215
-0.005853
-0.005269
0.007765
-0.010517
-0.013267
-0.008406
-0.015373
-0.017536
-0.012862
-0.011470
-0.006467
-0.009750
0.001191
0.001771
0.005416
0.006304
0.005402
-0.001343
0.006770
-0.007665
-0.009087
-0.010965
-0.007975
-0.011658
-0.004127
-0.008083
0.001921
-0.004190
-0.000365
-0.012664
-0.016115
-0.005979
0.002993
-0.000295
0.005280
-0.010894
-0.006294
0.005865
-0.008607
-0.017218
-0.006944
-0.007651
-0.021370
-0.019744
0.002378
0.010832
0.004120
0.000721
0.006896
0.010184
0.004014
0.001179
0.001599
0.000854
0.000217
-0.003637
0.003828
0.002476
-0.001996
-0.004757
0.000086
0.005548
0.014772
0.002974
-0.000350
0.002405
-0.001894
-0.016855
-0.008324
-0.000979
-0.012408
-0.021831
-0.013148
-0.007157
0.003485
-0.008000
-0.023818
-0.026347
-0.010662
-0.007460
0.003927
0.000255
-0.003669
-0.017079
-0.010270
-0.004220
-0.009957
-0.006362
0.003992
-0.011412
-0.030984
-0.028104
0.002705
0.014269
0.005389
0.002869
0.010030
0.014394
0.005848
-0.005643
0.000295
0.009067
0.005303
-0.010963
0.000397
-0.000476
-0.010196
-0.007724
0.002898
0.008032
0.006715
0.007038
0.008719
0.008907
0.002874
-0.012989
-0.008131
-0.003882
-0.007192
-0.012048
-0.001213
0.000647
-0.009828
-0.018023
-0.000950
0.010229
0.002078
-0.002948
-0.000514
0.002656
0.000186
-0.005780
0.004287
0.002718
-0.010458
-0.014837
-0.002787
0.000253
-0.013714
-0.017972
0.006799
0.012962
-0.000024
-0.005035
0.000332
0.002492
0.003698
-0.010065
-0.006315
-0.004692
-0.012996
-0.019039
0.005228
-0.003978
-0.013647
-0.013251
0.007442
0.005137
0.000953
-0.007723
-0.006714
-0.002977
0.007127
-0.017559
-0.015833
-0.005022
-0.028050
-0.038364
-0.008185
-0.013572
-0.018354
-0.025120
0.000541
0.004986
-0.013323
-0.020766
-0.004034
-0.001558
-0.009270
-0.021727
-0.013557
0.001116
-0.019099
-0.030177
-0.004964
-0.001937
-0.022228
-0.024986
0.002592
0.007857
0.002757
-0.003700
-0.001743
0.003733
0.008369
-0.003820
-0.002187
0.009353
-0.000452
-0.016863
-0.003336
-0.004581
-0.009230
-0.016231
-0.006005
-0.006790
-0.001837
-0.003383
-0.002807
-0.006535
-0.004515
-0.018578
-0.009217
0.000042
-0.018537
-0.026670
-0.014097
-0.013732
-0.015592
-0.009333
0.000412
0.001645
-0.004999
-0.008726
0.003030
0.005609
0.008497
-0.011129
-0.011092
0.002457
-0.011091
-0.021240
-0.010841
-0.010054
-0.027491
-0.025545
0.003986
0.016110
0.004534
-0.004892
-0.001884
0.007773
0.007036
-0.007530
-0.003232
0.002492
-0.005357
-0.016762
0.000715
-0.002342
-0.014858
-0.011672
0.003048
0.005229
0.004043
0.013106
0.013433
0.008249
-0.000243
-0.008735
-0.003693
0.001110
-0.008273
-0.015269
-0.006397
-0.000029
-0.007555
-0.010959
0.003761
0.011847
0.010369
-0.000880
-0.002484
0.004137
-0.002151
-0.015412
-0.002807
0.008055
-0.011502
-0.016974
-0.002186
0.003424
-0.010723
-0.013763
0.005199
0.011900
0.009097
0.009786
-0.003460
-0.004278
0.001023
-0.004685
-0.004129
-0.001179
-0.007502
-0.016256
-0.007049
-0.007194
-0.010161
-0.002216
0.013731
0.016204
0.008909
0.007099
0.001658
0.006203
0.012367
-0.000842
-0.000381
-0.002230
-0.012071
-0.014807
-0.007008
-0.008916
-0.011229
-0.011660
0.005795
0.007973
0.004941
-0.000121
0.004144
0.001341
0.011048
0.002153
0.006746
0.001988
-0.011540
-0.019751
-0.003659
-0.008639
-0.008344
-0.006100
0.008250
0.004806
-0.004859
-0.009216
0.009152
0.012563
0.006822
-0.010926
-0.008704
0.003258
-0.007548
-0.014400
0.008423
0.012272
-0.016254
-0.016183
0.009483
0.018717
0.008731
0.000741
0.004826
0.003948
0.004949
-0.000229
-0.010076
-0.000034
-0.010682
-0.022473
-0.009173
-0.009368
-0.024620
-0.020022
0.002683
0.009051
-0.000375
-0.000252
0.005699
0.006884
0.004419
-0.005113
-0.000906
0.002334
-0.012079
-0.019812
-0.007402
-0.003963
-0.011346
-0.013171
0.002192
0.011127
0.010925
0.002473
0.010983
0.010006
0.009710
-0.003341
0.002161
-0.001909
-0.008890
-0.008479
0.011436
0.003594
0.001153
-0.004075
-0.002995
-0.006853
-0.009288
0.001274
0.008803
0.006017
0.005969
0.000277
-0.004592
0.001316
0.011809
0.003086
-0.000083
-0.004815
-0.032950
-0.063361
-0.054968
