-0.016095
-0.008206
-0.018135
0.014587
-0.014234
-0.011447
0.010923
0.002154
0.016950
0.011829
0.019570
0.016373
0.026874
0.020530
0.020779
0.022399
0.035297
0.042436
0.053048
0.048800
0.063803
0.075741
0.076259
0.078386
0.103413
0.155996
0.225844
0.285382
0.362483
0.396116
0.415878
0.413891
0.366279
0.283973
0.223570
0.181515
0.169838
0.146187
0.127122
0.113838
0.110857
0.112050
0.115901
0.104953
0.099350
0.097195
0.103466
0.093661
0.076263
0.067848
0.063563
0.057836
0.061682
0.046989
0.039362
0.028776
0.023157
0.023634
0.019227
0.019662
0.024243
0.029024
0.023587
0.011544
0.012166
0.023149
0.028039
0.026742
0.034918
0.041924
0.043234
0.026451
0.029525
0.027408
0.027095
0.037911
0.049329
0.072189
0.095574
0.083886
0.073848
0.065305
0.064136
0.062099
0.073985
0.069389
0.063363
0.045461
0.046441
0.045627
0.052301
0.051274
0.062210
0.093879
0.125053
0.131132
0.115192
0.091357
0.079007
0.078789
0.087249
0.073942
0.061494
0.048857
0.046569
0.042733
0.049100
0.038630
0.040121
0.039792
0.042373
0.029706
0.033259
0.041568
0.042565
0.052858
0.061241
0.051973
0.056781
0.049695
0.042092
0.034595
0.037507
0.032728
0.042411
0.049951
0.053169
0.044426
0.047112
0.052247
0.047717
0.047382
0.047231
0.032357
0.028891
0.020152
0.022337
0.019506
0.020824
0.019640
0.026916
0.022037
0.031481
0.036771
0.045968
0.043308
0.039131
0.037431
0.042664
0.034882
0.025931
0.019085
0.018920
0.013631
0.010988
0.011897
0.023733
0.028313
0.034645
0.033687
0.035281
0.037352
0.040624
0.045338
0.054930
0.049126
0.046419
0.036591
0.036295
0.025443
0.016902
0.024878
0.030352
0.028692
0.022776
0.015917
0.019417
0.030674
0.037864
0.034623
0.037738
0.036121
0.030070
0.032398
0.043691
0.027883
0.026070
0.029643
0.035053
0.032035
0.030876
0.030978
0.031559
0.038228
0.044989
0.042787
0.038565
0.028340
0.017055
0.014689
0.022166
0.015283
0.016306
0.015121
0.021259
0.014735
0.012039
0.015136
0.019862
0.022037
0.022393
0.023439
0.026063
0.014100
0.000911
0.000402
0.010331
0.003204
0.003316
0.004843
0.006209
-0.001714
-0.005695
0.001556
0.002885
0.008928
0.012730
0.006177
0.000985
-0.003073
-0.001794
0.007453
0.002010
-0.001842
0.002197
0.007160
0.003362
-0.010476
-0.013803
0.005367
0.014460
0.010663
0.008084
0.000831
0.005910
0.007041
-0.003083
0.002828
0.006544
-0.000007
-0.006452
-0.000550
-0.003247
-0.003358
-0.006338
0.004087
0.003281
0.000416
-0.000683
0.003002
0.006924
0.002961
-0.010737
-0.003630
0.002861
0.000079
-0.000241
0.011774
-0.000256
-0.009434
-0.008699
0.004232
0.004697
0.009942
0.005157
0.001746
-0.000066
0.004067
-0.000904
0.002674
-0.000760
-0.010864
-0.015819
0.000275
0.000784
-0.005963
-0.005924
0.005193
0.006501
0.007009
0.015263
0.011353
0.009254
0.007925
0.006702
0.006101
0.013157
0.005186
-0.005036
0.005310
0.001556
-0.018598
-0.010386
0.007155
0.019113
0.021645
0.028524
0.027931
0.034723
0.027879
0.024555
0.019817
0.026156
0.025866
0.036158
0.040636
0.040247
0.065295
0.097796
0.112089
0.089115
0.077681
0.066462
0.040083
0.034906
0.021774
0.013315
0.014385
0.022241
0.020917
0.025788
0.025252
0.024341
0.017918
0.020525
0.025103
0.030313
0.033328
0.037734
0.036564
0.038209
0.032825
0.026810
0.015706
0.020914
0.017896
0.019595
0.015357
0.021121
0.012344
0.008414
0.019903
0.035624
0.036520
0.040418
0.034353
0.045915
0.042590
0.034086
0.030248
0.042808
0.039125
0.033489
0.024219
0.030563
0.019068
0.011956
0.010108
0.019825
0.028884
0.040031
0.028949
0.021113
0.007968
0.003882
0.005431
0.017128
0.014338
0.002583
0.013439
0.016505
0.004364
-0.002929
0.005898
0.012890
0.012827
0.022887
0.023270
0.023158
0.014575
0.016266
0.018359
0.030709
0.019515
0.015407
0.022840
0.021060
-0.004806
0.000771
0.018774
0.032376
0.041513
0.043783
0.033409
0.032100
0.022581
0.023358
0.020736
0.025386
0.014791
0.013443
0.012409
0.026841
0.014771
0.016530
0.020460
0.042163
0.059357
0.077211
0.099270
0.135244
0.174787
0.241900
0.274684
0.314304
0.381277
0.510755
0.645216
0.742893
0.731400
0.717087
0.689401
0.604531
0.489318
0.351148
0.242780
0.212183
0.172342
0.126564
0.103680
0.107060
0.101090
0.119635
0.108486
0.092386
0.082906
0.096754
0.100750
0.087161
0.074675
0.092914
0.105026
0.111660
0.106334
0.118525
0.113766
0.099724
0.085127
0.086156
0.076101
0.075653
0.074178
0.077063
0.066889
0.057683
0.061169
0.068040
0.053041
0.055680
0.055165
0.054755
0.040830
0.034682
0.034651
0.043566
0.046675
0.051682
0.083539
0.111315
0.125040
0.113931
0.093009
0.080474
0.071060
0.078099
0.063440
0.055330
0.047462
0.037690
0.022119
0.022556
0.030361
0.043455
0.037899
0.028695
0.025146
0.037110
0.042233
0.047048
0.042296
0.061420
0.068021
0.069776
0.060018
0.057740
0.048001
0.050539
0.053544
0.064674
0.078385
0.105473
0.108266
0.103865
0.086550
0.071510
0.063202
0.053943
0.029725
0.028552
0.027167
0.025399
0.015528
0.020605
0.018460
0.031160
0.024543
0.010643
0.016035
0.027477
0.030800
0.027224
0.015217
0.009625
0.000288
-0.003483
0.001125
0.001514
-0.008692
-0.004793
0.006204
0.012359
0.000687
-0.005956
0.001359
0.009675
0.010084
0.010326
0.007926
0.005359
-0.002296
-0.004159
-0.001240
0.001174
-0.003538
-0.013869
-0.005950
-0.008315
-0.016479
-0.014997
0.001040
0.002984
0.000374
0.004826
0.012840
0.006812
0.001057
0.007245
0.007851
0.005725
0.003138
0.003700
0.002935
0.004645
-0.009351
-0.013190
0.003833
0.012775
0.018326
0.019803
0.011436
0.011390
0.006232
0.005815
0.009470
0.010362
0.007040
0.006163
0.005563
0.008381
0.003516
-0.001115
-0.002429
0.002470
0.012975
0.014337
0.004711
0.003643
0.002812
-0.002573
0.001339
0.005982
0.001271
-0.002531
0.001827
0.003824
-0.005616
-0.009947
-0.000058
0.011785
0.008626
0.011388
0.011357
0.015008
0.010911
0.002035
0.004357
0.017337
0.014967
0.010674
0.009874
0.007781
-0.006498
-0.008485
0.010436
0.019468
0.020435
0.017864
0.012150
0.011473
0.004380
-0.000342
0.006092
0.013113
0.006312
0.005995
0.005914
0.011032
-0.004212
-0.009059
0.002174
0.012387
0.015913
0.016698
0.014214
0.012130
-0.001641
0.000504
0.009884
0.015004
0.006831
0.005671
0.008570
0.012761
0.001243
-0.003735
0.004579
0.014244
0.019150
0.016993
0.005767
-0.000887
0.001296
-0.003744
-0.000766
0.002193
-0.013155
-0.018713
-0.009241
-0.004288
-0.008389
-0.008855
0.007682
0.012339
0.011171
0.006368
0.006186
0.004089
0.009875
-0.007801
-0.007579
0.000364
-0.013342
-0.015227
-0.008666
-0.011610
-0.020939
-0.017506
0.002211
0.012058
0.004101
-0.009094
-0.003088
-0.001569
0.008652
-0.013945
-0.012750
-0.005596
-0.023585
-0.032726
-0.011390
-0.018452
-0.014564
-0.025033
0.006635
0.012026
-0.003929
-0.024219
-0.024821
-0.019082
0.015355
0.001519
-0.009886
-0.006630
-0.025601
-0.034776
-0.007735
-0.036124
-0.024847
-0.036806
0.007408
-0.017354
-0.031774
-0.040945
-0.011935
-0.017906
-0.002117
-0.011979
-0.006209
0.001336
-0.016138
-0.018169
-0.003988
-0.016471
-0.038107
-0.031565
0.006289
0.013487
0.005123
0.002823
0.008314
0.008254
0.003114
0.001553
0.005075
0.009491
0.008386
0.002801
0.006515
0.002859
-0.006799
-0.000816
0.012225
0.014974
0.013971
0.019302
0.018466
0.011816
0.002285
0.000834
0.005405
0.006966
0.002263
0.004505
0.002487
-0.002933
-0.008462
-0.006977
0.010112
0.013626
0.009592
0.005711
0.003540
0.003662
0.004016
-0.009667
-0.003406
-0.001860
-0.009224
-0.011368
-0.000563
-0.009445
-0.012137
-0.012927
0.002040
-0.000106
0.000526
0.008758
0.011847
0.004489
0.007866
0.005351
0.002084
0.003816
0.003001
-0.005934
0.003511
-0.001112
-0.014151
-0.014040
0.006394
0.019864
0.031323
0.030596
0.022339
0.015043
0.013272
-0.000121
0.003269
0.004478
0.001998
0.002045
0.011404
0.005846
-0.007342
-0.003425
0.010951
0.020849
0.022965
0.022317
0.011086
0.005794
-0.004159
-0.007870
-0.004271
-0.000340
-0.008631
-0.008825
0.004163
-0.003686
-0.008449
-0.010210
-0.004558
-0.007857
-0.011826
-0.003544
0.006007
0.013065
0.006427
-0.001583
0.004632
0.018240
0.007381
0.000779
0.013509
0.015976
-0.004918
0.002027
0.030573
0.040512
0.038039
0.042095
0.041808
0.053788
0.046924
0.041465
0.033287
0.033781
0.027756
0.025885
0.027713
0.031211
0.036402
0.038790
0.023334
0.019440
0.033199
0.039597
0.034758
0.029916
0.025863
0.019996
0.017184
0.015160
0.012354
0.013192
0.012164
0.017858
0.012698
0.009287
0.013522
0.022991
0.029427
0.031392
0.028085
0.016802
0.002071
0.005528
0.011564
0.020373
0.009691
0.004873
0.014288
0.018121
0.013898
0.008799
0.009496
0.007256
0.007399
0.010512
0.002654
-0.000911
0.007719
-0.006048
-0.002808
-0.001774
-0.009108
-0.006697
0.000955
-0.006754
-0.020887
-0.018591
0.001035
0.011526
0.013685
0.009738
0.007324
0.009892
0.004294
-0.006084
-0.000691
0.001951
-0.005609
-0.005233
0.000518
-0.000580
-0.013952
-0.014287
0.003101
0.013302
0.008293
0.008813
0.006477
0.006739
-0.000849
-0.000304
0.005264
0.011598
0.008741
0.006356
0.006557
0.008430
-0.004080
-0.006202
-0.000000
0.005273
0.009406
0.012661
0.010017
0.015018
0.003839
-0.000189
0.006653
0.014092
0.005878
0.002099
0.003548
0.006921
-0.002703
-0.006653
0.001137
0.009542
0.015075
0.021422
0.019969
0.017754
0.007447
0.005081
0.012699
0.018055
0.006711
0.003779
0.007705
0.013861
-0.000343
-0.009020
0.001909
0.014318
0.018501
0.018244
0.007538
0.007529
0.002914
-0.006658
0.004932
0.004384
-0.006309
-0.011187
0.000468
0.000384
-0.004238
-0.006982
0.004483
0.007248
0.007483
0.014441
0.012031
0.007168
0.001587
-0.007090
0.000083
0.001723
-0.004564
-0.008635
0.003876
-0.001568
-0.013248
-0.014727
0.002113
0.006223
0.003510
0.008076
0.009823
0.012255
0.011254
0.010543
0.011760
0.011122
0.005844
0.000906
0.005702
0.000343
-0.013640
-0.011388
0.002944
0.007865
0.015492
0.018695
0.020240
0.015281
0.002577
0.003288
0.009993
0.013109
0.008818
0.005829
0.002408
0.005353
0.000316
-0.003060
-0.002427
0.006025
0.017059
0.015560
0.008137
0.008547
-0.000823
-0.004383
0.005560
0.013994
0.004909
-0.003418
0.003579
0.008478
-0.003221
-0.011104
0.000480
0.005780
0.010584
0.011983
0.007515
0.007047
0.006468
0.002887
0.006532
0.011724
0.004614
0.000114
0.005036
0.009186
-0.001528
-0.006329
0.005594
0.014344
0.017663
0.012824
0.006701
0.009903
0.003665
-0.004077
0.003554
0.007906
-0.000097
-0.002988
0.004856
0.008721
-0.004611
-0.008235
0.006483
0.017062
0.017498
0.016895
0.013166
0.013465
0.004340
0.001581
0.007125
0.012004
0.005092
-0.004725
0.000183
0.004941
-0.005321
-0.007161
0.008948
0.017320
0.014500
0.013587
0.009338
0.007734
-0.004711
-0.014843
-0.004515
0.004195
-0.003860
-0.009222
-0.000028
-0.002269
-0.015985
-0.011890
0.000861
0.011563
0.014345
0.012356
0.011589
0.013971
-0.002083
-0.006336
0.005075
0.011583
0.007584
0.000397
0.010198
0.008710
-0.001675
0.001551
0.010344
0.016211
0.023031
0.023346
0.022031
0.022282
0.018396
0.006931
0.000686
0.008291
0.010855
0.008823
0.016348
0.009506
-0.000690
-0.000857
0.008169
0.009753
0.021854
0.022860
0.012816
0.003717
0.006550
0.003878
0.001184
0.000639
-0.005456
-0.008900
0.001487
-0.002339
-0.016220
-0.009753
0.011793
0.017301
0.009712
0.004568
0.002199
0.005953
0.012459
-0.002607
-0.000439
0.002281
-0.009311
-0.014452
0.006837
-0.000403
-0.015049
-0.015109
0.003428
0.005536
0.002600
-0.000931
-0.004155
-0.003271
0.002589
-0.009411
-0.005583
-0.000935
-0.003835
-0.011473
-0.002719
-0.009497
-0.015393
-0.014838
0.000248
0.001969
0.002830
0.003509
0.008533
0.007550
0.006052
0.000349
0.003310
0.002569
0.000881
0.003132
0.008024
-0.002417
-0.015379
-0.009646
0.006915
0.013729
0.014551
0.011816
0.005594
0.004414
0.005697
-0.003587
-0.000055
0.004343
-0.012112
-0.023261
0.000551
0.004884
-0.007004
-0.008842
0.002850
0.008612
0.006924
0.010257
0.002435
0.007489
0.013210
-0.002664
-0.007395
0.003358
-0.000141
-0.005943
0.006474
-0.000499
-0.014004
-0.012720
-0.001765
0.008255
0.011894
0.015264
0.013990
0.015086
0.007734
0.002821
0.005080
0.005256
-0.001222
-0.004609
0.005751
0.002460
-0.010219
-0.014572
0.001669
0.010697
0.010715
0.012889
0.010080
0.013488
0.008391
0.004741
0.005752
0.008521
0.005342
-0.001000
0.000119
0.005826
-0.003401
-0.003859
0.006860
0.016351
0.020693
0.030064
0.033562
0.034299
0.027767
0.031823
0.021706
0.028139
0.025977
0.028098
0.024047
0.034248
0.031600
0.041502
0.043930
0.048871
0.050435
0.053346
0.069809
0.076326
0.059829
0.068689
0.072014
0.068432
0.052565
0.052609
0.048944
0.050789
0.038378
0.034632
0.034803
0.039481
0.051532
0.054985
0.054889
0.052959
0.046133
0.031457
0.026953
0.031520
0.023280
0.020268
0.022444
0.024884
0.008718
0.002151
0.009641
0.020247
0.025762
0.026568
0.015680
0.013384
0.006535
0.003862
0.006314
0.015427
0.010557
0.011241
0.019871
0.010601
0.012474
0.009202
0.001521
-0.003785
0.015770
0.029968
0.021086
0.005627
-0.001732
-0.001700
0.003113
0.003678
-0.000961
-0.000456
0.003551
-0.003586
-0.022158
-0.023950
0.001456
0.013168
0.010763
0.004992
0.005099
0.010901
0.005974
-0.009860
-0.003827
0.003842
-0.001000
-0.000035
0.007633
0.009057
-0.004874
-0.004721
0.013308
0.028241
0.024975
0.018736
0.005802
0.012635
0.019323
0.010174
0.006246
0.009301
-0.012108
-0.017866
0.002374
0.006515
-0.006570
-0.011425
0.006207
0.011113
-0.000801
0.004240
0.005707
0.004307
-0.003319
-0.000703
0.003253
0.006543
0.003604
0.000315
0.007361
0.000203
-0.013944
-0.015338
0.006580
0.013459
0.014859
0.014199
0.014801
0.009272
0.003897
0.001788
0.002780
0.005171
0.005115
0.000342
-0.001164
0.001558
-0.010412
-0.017409
-0.003467
0.005262
0.010204
0.012410
0.008087
0.013169
0.004758
0.002518
0.008716
0.014788
0.008061
0.000806
0.001025
0.010589
0.001119
-0.003715
0.000195
0.008406
0.014903
0.014540
0.009504
0.010001
0.003782
0.005479
0.009315
0.015356
0.007349
0.002683
0.011046
0.016706
0.002500
-0.007003
0.002018
0.012907
0.015317
0.012858
0.004809
0.004444
-0.000582
-0.002486
0.000419
0.009747
-0.002486
-0.009920
0.000752
0.006885
-0.011568
-0.015028
0.005021
0.013582
0.002590
0.006722
0.004796
0.010068
0.008787
-0.001392
0.000853
0.006932
-0.000216
-0.005439
0.004455
0.001294
-0.013051
-0.010553
0.003942
0.008896
0.012953
0.014665
0.011003
0.008459
-0.000438
0.002139
0.008172
0.012003
0.005359
0.005935
0.011044
0.009804
-0.002545
-0.001369
0.013567
0.018130
0.018665
0.020002
0.015909
0.014288
0.013207
0.008357
0.005155
0.013738
0.013209
0.005482
0.004996
0.003095
-0.002852
-0.001616
0.011699
0.015735
0.023819
0.023732
0.010596
0.010172
0.013549
-0.001072
-0.002366
0.002461
-0.002964
-0.007038
0.001700
0.003142
-0.012024
-0.013615
0.003361
0.016674
0.013531
0.008001
0.003185
0.008260
0.007940
-0.000809
0.001807
0.005807
-0.003807
-0.011817
0.003873
0.004873
-0.007446
-0.006609
0.002321
0.005528
0.009205
0.017437
0.010742
0.010152
0.004794
-0.002679
0.001214
0.004728
0.003188
-0.000042
-0.002074
-0.000125
-0.007326
-0.010835
0.003203
0.014243
0.021401
0.019967
0.018337
0.020216
0.007916
0.004948
0.010082
0.011028
0.008485
0.008061
0.006668
0.008182
-0.001554
-0.008794
-0.002036
0.002413
0.010975
0.018506
0.011592
0.004850
0.000767
0.004587
0.006517
0.008265
0.000696
0.001447
-0.000213
0.007704
-0.003868
-0.010091
-0.001409
0.008972
0.017532
0.016636
0.005011
0.003376
0.004485
0.005157
0.008089
0.009858
0.000589
-0.003478
0.002618
0.005506
-0.004013
-0.006241
0.005094
0.015423
0.015296
0.014664
0.011103
0.008141
0.004976
-0.003775
-0.001931
0.002756
-0.003916
-0.010355
-0.004606
-0.001341
-0.001908
-0.013896
-0.007010
0.003683
-0.000078
-0.003722
0.007757
0.016837
0.011169
-0.011440
-0.002068
0.006221
-0.002325
-0.006817
0.001008
-0.004614
-0.016549
-0.016849
-0.002751
0.002257
0.009826
0.015371
0.010940
0.004022
0.000684
0.002045
0.011069
0.009193
0.001122
-0.000665
-0.000610
0.000484
-0.006906
-0.005791
0.003972
0.012852
0.017189
0.015753
0.006686
0.006709
-0.001898
-0.007100
0.002244
0.009017
0.001614
0.001195
0.005394
0.009880
-0.000497
-0.003952
0.006140
0.019812
0.018585
0.015079
0.012454
0.018432
0.010434
0.001633
0.001511
0.011499
0.012924
0.003080
0.005767
0.002349
-0.003749
0.000571
0.007730
0.008203
0.018065
0.024172
0.014094
0.009385
0.008056
-0.002342
-0.003550
0.000845
0.000862
-0.004519
-0.005486
-0.006704
-0.013068
-0.011501
-0.000543
0.010748
0.015934
0.018515
0.016461
0.015292
0.009191
0.000326
0.001944
0.008094
0.008775
0.006841
0.006980
0.004890
-0.008749
-0.012965
-0.000069
0.007828
0.017761
0.023151
0.014202
0.011444
0.004812
0.005614
0.011155
0.016843
0.005196
-0.000143
0.002966
0.009570
-0.000282
-0.002140
0.007512
0.011227
0.020293
0.018337
0.014695
0.008747
0.003838
-0.002826
-0.000529
0.003418
-0.002023
-0.009253
-0.001352
-0.000631
-0.001932
-0.005433
-0.004560
0.000268
0.000223
0.008024
0.003959
-0.000928
-0.004113
-0.004659
0.004885
0.005692
-0.000280
-0.009325
0.007632
-0.001388
-0.009170
-0.013513
-0.003671
0.001147
0.010092
0.015214
0.015666
0.016841
0.013416
0.001253
0.005823
0.012026
0.005509
0.001603
0.006563
0.000874
-0.010451
-0.009551
0.007653
0.011920
0.006034
0.006672
0.003540
0.004781
0.005634
-0.006072
-0.004907
-0.000275
-0.008332
-0.014335
-0.003270
0.000818
-0.006498
-0.015256
-0.001100
0.006934
0.000578
-0.003732
0.005099
0.013730
0.003900
-0.005671
0.003779
0.011672
0.006873
0.002856
0.003437
0.001785
-0.013192
-0.010093
0.006809
0.011688
0.014250
0.015620
0.014102
0.010444
0.000539
-0.006915
0.001982
0.011776
0.005707
0.004640
0.010205
0.007560
-0.004376
-0.003472
0.008344
0.014458
0.016609
0.017864
0.011284
0.010038
0.004852
0.002518
0.010877
0.015093
0.004819
0.002493
0.006290
0.006328
-0.004927
-0.009079
0.001575
0.008095
0.011737
0.012782
0.007599
0.003970
-0.003538
-0.009177
-0.001130
0.002825
-0.009729
-0.011750
-0.008862
-0.001076
-0.010488
-0.016022
0.002285
0.013288
0.003669
0.000782
-0.002678
0.001519
0.000995
-0.008029
-0.001760
0.003902
-0.008618
-0.016597
-0.003404
-0.002308
-0.017963
-0.021662
0.004995
0.015191
0.010228
0.012953
0.007807
0.010552
0.001983
-0.005604
0.003482
0.007704
0.000218
-0.003877
0.000479
0.006996
-0.006111
-0.011419
0.004573
0.013587
0.015854
0.014030
0.004575
0.001961
0.000561
0.001642
0.009027
0.007518
0.000968
-0.003920
-0.003529
-0.001033
-0.010187
-0.014596
-0.003633
0.004835
0.009597
0.012707
0.008629
0.007577
0.003181
0.000363
0.005340
0.007189
0.004546
0.003959
0.002040
0.008223
-0.000996
-0.006639
0.004911
0.014622
0.022840
0.023235
0.019121
0.017560
0.025738
0.018109
0.008830
0.012623
0.007346
0.006760
0.007277
0.005273
-0.011771
-0.011993
0.006476
0.013577
0.012604
0.015659
0.010201
0.012649
0.015474
0.007879
0.007953
0.010721
0.000288
-0.002365
0.005130
0.009770
-0.000319
-0.005088
0.003892
0.014452
0.013443
0.008896
-0.000393
0.004317
0.007327
-0.003556
-0.004440
-0.000659
-0.003480
-0.011524
0.000804
0.001126
0.000515
-0.001561
0.001617
0.001845
-0.000241
0.007023
0.014718
0.010742
0.005991
0.001423
0.002863
0.002339
-0.001509
-0.003057
0.009127
0.000013
-0.014534
-0.018490
-0.001362
0.005232
0.006338
0.005742
0.001619
0.005251
0.000806
-0.002951
0.002762
0.011231
0.006043
-0.006307
-0.000855
0.001552
-0.010169
-0.013939
-0.002484
0.003760
0.011191
0.009451
0.001189
-0.002166
-0.000721
-0.017591
-0.010741
-0.007398
-0.021836
-0.022276
-0.008742
-0.008269
-0.004933
-0.005321
0.006245
0.002649
-0.010323
-0.001776
-0.008885
-0.007446
0.008080
-0.000259
-0.004608
0.002091
0.010200
0.000616
0.007752
0.003086
-0.026086
-0.054339
-0.056017
