-0.016341
-0.002054
-0.004131
0.028203
0.015726
0.029243
0.052267
0.036410
0.042366
0.051516
0.069567
0.087501
0.112431
0.153958
0.187880
0.189628
0.161632
0.132282
0.130224
0.123253
0.127015
0.107656
0.085478
0.055040
0.052820
0.046027
0.048504
0.038782
0.053001
0.059506
0.058866
0.055882
0.055538
0.055310
0.059540
0.050332
0.045306
0.030936
0.034390
0.036722
0.041059
0.031972
0.035936
0.030079
0.029389
0.010768
0.011441
0.019108
0.025712
0.032160
0.041633
0.030998
0.033279
0.030095
0.018595
0.016145
0.024816
0.015769
0.003661
0.016243
0.019617
0.013276
0.018961
0.025955
0.030825
0.047655
0.058699
0.044820
0.025213
0.013808
0.021409
0.024117
0.014858
0.001993
0.002687
0.011818
0.011471
-0.001628
-0.000693
0.018039
0.021354
0.029347
0.042830
0.020920
0.018493
0.029693
0.027665
0.020688
0.029295
0.021657
0.010116
0.008376
0.015810
0.006106
0.004675
0.020961
0.036852
0.036586
0.037975
0.038118
0.042368
0.023729
0.016201
0.021512
0.029058
0.023321
0.021921
0.030935
0.030428
0.018663
0.029301
0.029585
0.037736
0.053292
0.063536
0.076563
0.091246
0.085825
0.087920
0.081532
0.073032
0.047054
0.052230
0.056434
0.063819
0.082813
0.102635
0.103446
0.086298
0.080245
0.082047
0.082866
0.088986
0.082467
0.069564
0.056777
0.057842
0.053550
0.065739
0.058546
0.071067
0.108280
0.145580
0.159589
0.130802
0.107279
0.117398
0.094744
0.086683
0.063733
0.048612
0.037506
0.036390
0.039765
0.051584
0.046189
0.035591
0.019769
0.017889
0.030699
0.036233
0.038118
0.031223
0.009655
0.016800
0.020721
0.009484
0.003533
0.012899
-0.007207
-0.020110
0.004672
0.009432
-0.007179
-0.007275
0.016991
0.016481
0.007589
0.013700
0.010640
0.008624
0.009028
0.007663
0.010208
0.010608
-0.015555
-0.022873
0.005280
0.003865
-0.003680
0.007382
0.025327
0.024566
0.019372
0.004899
0.009519
0.009839
0.020758
-0.001427
-0.005100
0.000157
-0.019604
-0.029270
0.007463
-0.000266
-0.002026
-0.010591
0.013539
0.016294
0.004047
-0.003086
-0.010125
-0.004368
0.004645
-0.002755
-0.000930
0.005606
-0.011340
-0.020816
0.001116
0.001430
-0.008404
0.000135
0.021293
0.013873
-0.001804
0.001483
0.006629
0.001400
-0.003472
-0.000016
0.004766
0.006976
0.002822
-0.000452
0.015378
0.014203
-0.008696
-0.014247
0.007789
0.025090
0.027434
0.028449
0.029951
0.026994
0.012085
0.012602
0.016395
0.021386
0.011797
0.008147
0.009758
0.015582
0.001496
-0.001399
0.013671
0.026999
0.031107
0.024510
0.015838
0.013655
0.013262
-0.005478
-0.007532
-0.006149
-0.014667
-0.012342
0.005869
0.003688
-0.002015
-0.005061
0.006969
0.011877
0.010507
-0.007331
-0.008310
-0.003067
0.004959
-0.001775
-0.014393
-0.012318
-0.030393
-0.034673
0.003251
-0.020883
-0.016264
-0.018421
0.014232
-0.001471
-0.012073
-0.034661
-0.024785
-0.027066
0.013244
0.000572
0.002290
-0.002531
-0.005324
-0.037356
0.001677
-0.043796
-0.007394
-0.042508
0.010460
-0.051233
-0.035241
-0.095279
-0.093270
-0.060497
-0.037160
-0.092771
-0.098106
-0.039452
-0.056086
-0.091234
-0.051931
-0.091029
-0.044878
-0.080861
-0.015022
-0.054928
-0.062562
-0.103630
-0.053458
-0.051008
-0.012205
-0.042538
-0.044943
-0.017985
-0.048396
-0.057626
-0.020755
-0.048840
-0.062644
-0.061580
0.008523
-0.000458
-0.019733
-0.041316
-0.023475
-0.007905
0.007837
-0.010695
-0.015629
0.000099
-0.019744
-0.039239
-0.001168
-0.011636
-0.021456
-0.023446
0.014643
0.006344
0.001281
-0.020120
-0.007756
-0.007317
0.023075
-0.009098
-0.035533
-0.014104
-0.042499
-0.060087
-0.020401
-0.028249
-0.013970
-0.036417
0.012046
-0.012375
-0.031690
-0.062814
-0.034512
-0.035639
-0.017880
-0.028919
-0.030971
-0.012902
-0.042366
-0.048152
-0.016891
-0.035261
-0.054120
-0.039931
0.007845
-0.001314
-0.013562
-0.008592
-0.003323
0.001451
0.012737
0.009215
0.011843
0.017863
0.007196
0.000032
0.008815
0.006448
-0.011359
-0.009744
0.018781
0.028502
0.032554
0.039431
0.035390
0.043451
0.042155
0.030246
0.023025
0.031738
0.034825
0.038993
0.031824
0.040008
0.057370
0.087273
0.092961
0.088838
0.096814
0.114641
0.130225
0.176041
0.230943
0.274848
0.305219
0.327018
0.375669
0.481244
0.579798
0.678482
0.685830
0.684988
0.670489
0.594797
0.478474
0.375485
0.304809
0.281499
0.242672
0.192103
0.161913
0.140285
0.108761
0.103390
0.062503
0.066372
0.058113
0.041115
0.044794
0.050788
0.052982
0.061545
0.053916
0.046133
0.025726
0.018605
0.018992
0.025396
0.015061
0.012809
0.015721
0.022720
0.001984
0.001502
0.017216
0.028041
0.025090
0.028767
0.026058
0.030046
0.024921
0.024380
0.022792
0.025146
0.013991
0.011130
0.021384
0.029724
0.007157
0.006555
0.027246
0.046155
0.042755
0.026215
0.020856
0.030583
0.035665
0.026977
0.027983
0.034711
0.011685
0.007075
0.012620
0.010990
0.008896
0.005706
0.027137
0.019870
0.006526
0.001933
0.005695
-0.002966
0.008886
0.000133
-0.007493
-0.003496
-0.031172
-0.036440
0.005907
-0.004401
-0.019765
-0.027619
0.024861
0.016788
-0.023194
-0.051410
-0.031329
-0.016755
-0.001326
-0.007538
-0.022767
-0.002398
-0.038997
-0.051411
-0.007566
-0.008775
-0.032880
-0.037444
-0.000804
0.005588
-0.004624
-0.014032
0.001976
0.007616
0.000975
-0.011117
-0.004534
0.011039
-0.004399
-0.020804
0.004152
0.002211
-0.025129
-0.018375
0.013551
0.027994
0.028609
0.030000
0.032433
0.034713
0.018378
0.011661
0.014132
0.023625
0.016653
0.008950
0.011235
0.015713
0.003165
-0.004354
0.005539
0.021332
0.025027
0.025984
0.018532
0.012029
-0.000135
0.004025
0.012508
0.007064
-0.002783
-0.007729
-0.004413
0.006267
-0.000244
-0.007827
0.008158
0.021969
0.012167
0.008059
0.003294
0.010071
0.005012
-0.003030
0.002619
0.007582
-0.007411
-0.014307
-0.008460
-0.000712
-0.006370
-0.006635
0.002115
0.012223
0.010306
0.004015
0.016020
0.022521
0.003490
-0.002306
0.007058
0.019660
0.013488
0.002685
0.012845
0.015923
0.001048
-0.002662
0.000164
0.009258
0.021658
0.025765
0.026984
0.026260
0.019024
0.007879
0.009432
0.013374
0.011641
0.007744
0.012555
0.009827
-0.008414
-0.010986
0.007549
0.018638
0.019244
0.020996
0.022904
0.022634
0.013277
0.011457
0.011583
0.012701
0.005368
0.002228
0.007896
0.013442
-0.001325
-0.007490
0.008731
0.022450
0.017869
0.011666
0.008825
0.010674
0.005095
0.002842
0.010492
0.009437
-0.005229
-0.010044
0.001714
0.006613
-0.005157
-0.014835
0.000235
0.011118
0.003621
-0.004311
-0.000999
0.005097
0.007046
-0.007922
-0.003379
0.000588
-0.008174
-0.015561
0.002182
0.007434
-0.000775
-0.008821
0.003883
0.010924
0.006288
0.005504
0.007693
0.004758
-0.003544
-0.012290
-0.001795
0.000976
-0.002229
-0.007779
0.005015
-0.001413
-0.014296
-0.006948
0.015843
0.022749
0.008274
0.007634
0.011446
0.005918
-0.004052
0.004738
0.008284
0.002819
-0.011377
-0.005925
0.014376
0.010153
0.009612
0.007188
0.017768
0.006924
0.009259
0.014351
-0.008909
-0.010774
0.011320
0.003518
-0.012133
-0.012374
-0.023979
-0.030161
-0.010906
-0.002299
-0.008734
-0.024068
0.004256
0.009446
0.001059
-0.003759
-0.007159
0.002616
0.013105
-0.003618
-0.006484
0.003585
-0.018992
-0.034309
0.004249
0.003609
-0.017449
-0.009799
0.009466
0.015405
0.013074
0.010823
0.008953
0.020010
0.028959
0.009877
0.002993
0.011253
0.005539
-0.005740
0.005854
0.008802
0.018099
0.014992
0.009648
0.011473
0.031686
0.033953
0.024867
0.029887
0.019174
0.003611
0.006198
0.004199
0.001997
0.005803
0.004420
-0.003113
-0.011825
-0.013177
0.001463
0.008442
0.015583
0.019620
0.030560
0.034243
0.017058
0.001943
0.006963
0.022546
0.020028
0.012364
0.011633
0.008877
0.002210
-0.002697
0.006823
0.017026
0.034352
0.036155
0.028460
0.017852
0.015840
0.012051
0.011989
0.013862
0.002091
-0.000577
0.011649
0.016537
0.018419
0.014426
0.003646
0.005863
0.018852
0.025594
0.020692
0.016657
0.009918
0.010969
0.012701
0.020846
0.015646
0.012004
0.019003
0.010824
0.006335
0.013639
0.008416
0.004054
0.027031
0.030345
0.019319
0.007486
0.002898
-0.002284
-0.003280
-0.005421
-0.007722
-0.004500
0.017937
0.009560
-0.002052
-0.005342
0.009635
0.004902
0.003922
0.011435
-0.009365
-0.009397
0.005852
0.001440
-0.014614
0.000770
0.001873
-0.005109
0.009820
0.002053
-0.029200
-0.016847
0.020872
0.038423
0.044471
0.057731
0.074705
0.080168
0.057242
0.044213
0.038220
0.043903
0.041767
0.040778
0.032641
0.032571
0.023602
0.024919
0.025734
0.025719
0.027319
0.031743
0.031570
0.027554
0.011262
0.007434
0.016929
0.021307
0.010837
0.011933
0.009390
0.016734
0.011150
0.002100
0.003869
0.018079
0.023028
0.020891
0.015512
0.013555
0.002018
-0.000622
0.002301
0.006566
-0.006848
-0.006476
0.004328
0.014466
-0.001954
-0.004120
0.012151
0.027992
0.025908
0.025880
0.017691
0.014990
0.012459
0.011732
0.012234
0.011208
0.001874
0.003187
0.011759
0.007156
0.000813
0.000778
0.005043
0.009436
0.007221
0.008368
0.016265
0.020113
0.013571
0.007270
0.007797
0.004305
-0.002982
-0.004664
0.002589
0.004076
-0.012162
-0.016535
-0.001038
0.015903
0.015780
0.015589
0.015161
0.015643
0.003285
0.003020
0.007228
0.009967
0.007178
-0.001270
0.005385
0.011226
0.005836
0.000184
0.010022
0.018945
0.021100
0.021039
0.023128
0.015367
0.008007
0.009818
0.006669
0.007926
0.012126
0.010019
0.011560
0.009440
-0.006179
-0.005053
0.008621
0.021092
0.025250
0.030443
0.022784
0.017498
0.007865
0.004203
0.006124
0.008470
0.006669
0.000893
0.001840
0.002404
-0.006138
-0.005038
0.009055
0.020378
0.023134
0.024795
0.021385
0.019829
0.008168
0.004184
0.011335
0.012160
0.001475
0.000704
0.004334
0.006473
0.001417
-0.005345
0.001277
0.010710
0.009408
0.012837
0.011380
0.016404
0.012658
-0.001390
-0.004657
-0.000180
0.001634
-0.005422
0.003406
0.003119
-0.014537
-0.015424
0.001376
0.007882
0.006463
0.006769
0.001790
0.007706
0.008551
-0.002578
-0.005899
-0.000529
-0.000162
-0.005126
0.007323
0.002060
-0.003128
0.001824
0.009920
0.012963
0.019115
0.023754
0.020298
0.012549
0.009560
0.010797
0.007334
0.010810
-0.001727
-0.008920
0.005377
0.005178
-0.010380
-0.011711
0.001418
0.010720
0.008327
0.006982
0.008706
0.011560
0.003774
-0.002729
0.006827
0.009165
-0.000949
-0.005368
-0.004199
-0.002080
-0.005320
-0.006399
-0.000429
0.005996
0.007981
0.002533
0.008051
0.012104
0.003772
-0.007282
0.000826
0.004708
-0.005945
-0.010975
-0.005600
0.001529
-0.005830
-0.015234
-0.004450
0.008707
0.005356
0.000143
0.006277
0.008877
0.004747
0.000121
0.001526
0.004894
0.006467
-0.006802
-0.002664
-0.000013
-0.009734
-0.010388
0.002451
0.014612
0.019086
0.023584
0.014047
0.010915
0.007497
0.001485
0.002218
0.002382
-0.008145
-0.012551
-0.001686
0.000522
-0.010927
-0.011063
0.006773
0.023700
0.021204
0.011584
0.013507
0.022231
0.012525
-0.002608
-0.001929
0.000087
0.000270
-0.001425
-0.001802
-0.004510
0.004829
0.004513
-0.001991
-0.004756
0.011817
0.018181
0.024898
0.016750
0.013559
-0.001131
-0.001414
0.001888
0.007187
0.000696
0.005216
-0.000579
-0.012467
-0.015032
0.001520
0.015298
0.013254
0.011574
0.021408
0.024513
0.009346
0.003727
0.007144
0.015737
0.003621
0.001101
0.007988
0.006641
-0.008283
-0.005079
0.006656
0.016067
0.016711
0.019162
0.019598
0.013663
-0.000597
-0.004084
0.000483
0.005762
-0.002090
-0.012304
-0.003821
0.001005
-0.008987
-0.017906
-0.002154
0.010924
0.012974
0.008979
0.015288
0.014917
0.010745
0.002455
0.007904
0.010812
-0.006067
-0.019206
-0.001715
0.005927
-0.007975
-0.010972
0.001439
0.011650
0.005949
-0.001597
0.015534
0.015365
-0.000335
-0.010145
-0.002064
-0.000011
-0.011876
-0.015330
-0.003206
-0.004716
-0.013681
-0.011349
-0.000249
0.007836
0.004243
0.002410
0.011163
0.012560
0.001588
-0.006664
0.003303
0.011643
0.006428
-0.002184
0.004409
0.000362
-0.012150
-0.013794
0.001538
0.006144
0.014246
0.017039
0.013120
0.011144
0.013864
-0.000437
0.001326
-0.000170
-0.011808
-0.010494
0.001887
-0.000418
0.003714
-0.003857
0.002665
-0.001600
-0.009412
-0.005184
0.007081
0.003064
0.003754
-0.002191
0.005517
0.003430
-0.000123
-0.003577
0.001695
-0.013013
-0.013475
-0.005333
0.011452
0.001893
0.003371
0.002347
0.010537
0.009305
0.021535
-0.002249
-0.007099
-0.003099
-0.007276
-0.013489
0.001202
-0.006487
-0.011344
-0.008385
0.012535
0.015241
-0.000663
-0.013468
-0.000744
0.007567
0.012655
-0.001411
-0.007580
-0.000238
-0.018792
-0.025087
0.002140
-0.018411
-0.022829
-0.012471
0.005845
-0.010268
-0.022263
-0.012744
0.000483
-0.008257
0.008684
-0.004932
-0.022079
-0.004897
-0.005168
-0.016600
0.003099
-0.009621
-0.037437
-0.020646
0.012840
0.028149
0.038193
0.049601
0.056788
0.060880
0.060071
0.054524
0.052365
0.051911
0.046394
0.029092
0.026898
0.027375
0.012222
0.009290
0.023731
0.036589
0.039927
0.036936
0.030262
0.031823
0.020558
0.008744
0.010460
0.010900
-0.006367
-0.011376
0.010238
0.023541
0.005961
-0.007122
0.019117
0.028607
0.020580
0.003492
0.009217
0.016810
0.012115
-0.001814
0.005592
0.007939
-0.007129
-0.017355
0.011304
0.004071
-0.006967
-0.007049
-0.000492
0.001622
0.007851
0.007799
0.012889
0.010255
-0.000636
-0.011040
-0.002104
0.002899
-0.006803
-0.009049
0.002606
0.003050
-0.018674
-0.015076
0.016647
0.024637
0.007720
0.004867
0.006105
0.007197
0.010080
-0.001433
-0.002519
0.002745
-0.010560
-0.019599
-0.003605
0.000684
-0.005854
-0.008089
-0.000478
0.006298
0.001000
0.002009
0.008437
0.007752
-0.008411
-0.015792
-0.003941
0.005109
-0.005797
-0.013871
0.000232
0.010799
-0.003639
-0.003911
0.013876
0.026132
0.009920
0.009085
0.006569
0.019579
0.013919
0.001166
0.006467
0.019838
-0.010594
-0.021653
-0.004121
0.004938
0.004412
0.009199
0.011595
0.013672
0.004935
0.000474
0.010289
0.009796
0.006951
0.003932
0.004605
0.001821
-0.010973
-0.023095
-0.000503
0.007590
0.002155
-0.004454
0.014972
0.014946
0.000668
-0.001670
0.000677
-0.002991
0.011469
0.001336
-0.004753
-0.004623
-0.017433
-0.023341
-0.007866
-0.004849
-0.009715
-0.016780
-0.004345
-0.000792
-0.004381
-0.006219
-0.006290
-0.002496
0.003086
-0.009244
-0.004484
0.001238
-0.013011
-0.020011
0.001531
0.003336
-0.014306
-0.017850
0.002980
0.010764
0.006272
0.006766
0.017538
0.020370
0.011841
0.012073
0.015924
0.014369
0.009092
0.006429
-0.000535
-0.001332
-0.008324
-0.012749
0.002071
0.016241
0.022500
0.023825
0.018319
0.014346
0.007349
0.006485
0.009404
0.011974
0.003432
0.000008
0.003556
0.010683
-0.003622
-0.005420
0.010689
0.023202
0.017257
0.013545
0.012656
0.010993
-0.003952
-0.006824
0.003771
0.006618
-0.005990
-0.009367
0.008248
0.009919
-0.005129
-0.005638
0.000852
0.012462
0.011079
0.010768
0.010459
0.011657
-0.004701
-0.006383
0.002065
0.008680
0.002491
-0.005804
0.008067
0.006037
-0.007949
-0.010710
-0.001573
0.005677
0.008693
0.012109
0.015493
0.012876
0.005803
-0.001208
-0.000359
0.008371
0.007334
0.000392
0.011414
0.010699
-0.001334
-0.010388
0.002878
0.012087
0.021571
0.021229
0.022468
0.019881
0.017102
-0.001211
0.002198
0.010831
-0.002579
-0.007378
0.007741
0.006652
-0.013312
-0.015165
0.001743
0.016956
0.016412
0.020843
0.018428
0.024180
0.011744
0.006736
0.007873
0.028174
0.020399
0.014696
0.019516
0.020237
0.010335
0.024918
0.036445
0.039312
0.043756
0.042950
0.031438
0.019806
0.012286
0.009717
0.007682
0.007596
-0.000656
-0.000035
0.006502
0.010612
-0.002898
-0.007727
0.006848
0.022856
0.024209
0.018231
0.012183
0.015635
0.013354
0.002280
0.000343
0.011036
0.002483
-0.005155
0.005718
0.001315
-0.001746
0.004805
0.001872
-0.001297
0.005474
0.007742
-0.000230
-0.004820
0.001378
-0.008006
-0.014772
-0.009404
-0.010064
-0.011057
0.001740
-0.007479
-0.024977
-0.019245
0.007641
0.019374
0.011372
0.011163
0.011500
0.013278
0.005527
-0.004844
0.004695
0.015710
-0.002176
-0.010932
0.000811
0.005208
-0.004682
-0.009859
0.005449
0.013327
0.009128
0.005080
0.009078
0.013233
0.009813
-0.002451
-0.002713
0.005552
0.004806
-0.006033
0.002544
0.001262
-0.008589
-0.005156
0.009975
0.017538
0.019222
0.021318
0.021190
0.020023
0.008736
0.003616
0.004280
0.010741
0.000624
-0.002859
0.002818
0.008133
0.001292
-0.003445
0.011293
0.017500
0.011108
0.012713
0.010096
0.006469
0.006691
0.002643
-0.001105
0.002098
-0.007073
-0.015817
0.000552
0.008117
-0.008133
-0.013528
0.002384
0.014134
0.011713
0.010274
0.009046
0.008973
0.001311
-0.001948
0.006987
0.008822
-0.004767
-0.008673
-0.000599
-0.002140
-0.014374
-0.012849
0.002723
0.014332
0.011992
0.007212
0.007802
0.010896
-0.001719
-0.009449
0.001202
0.006323
-0.003131
-0.009171
-0.001694
0.005398
-0.008456
-0.012817
0.004976
0.014517
0.013157
0.014414
0.010223
0.005826
0.006764
-0.001743
0.001164
0.002562
-0.009795
-0.015630
-0.001427
0.006887
-0.000102
-0.011483
0.000871
0.007574
-0.002794
0.003357
0.006799
0.005532
-0.007182
-0.010817
-0.002819
0.007206
-0.003911
-0.011593
-0.000784
0.003656
-0.009143
-0.009205
0.004973
0.007324
0.004402
0.010503
0.021742
0.017094
0.016122
0.016170
0.014390
0.023472
0.029021
0.027412
0.021942
0.015109
0.020660
0.015383
0.025735
0.028295
0.038098
0.036420
0.024724
0.016864
0.013758
0.016456
0.017510
0.011906
0.011079
0.012834
0.008307
0.012591
0.003207
-0.003340
0.011147
0.022711
0.025343
0.023471
0.017420
0.017536
0.015174
0.006763
0.003127
0.010487
0.004391
-0.005928
-0.002918
0.006577
-0.001674
-0.011168
-0.000740
0.012928
0.011559
0.011926
0.011596
0.010485
0.006906
-0.005162
-0.002702
0.003083
0.001155
-0.006898
-0.006219
0.000990
-0.006549
-0.010830
-0.002056
0.002022
-0.000114
-0.002977
0.004531
0.004492
-0.003823
-0.009480
0.000350
0.003907
-0.001981
-0.006172
0.010440
0.009464
-0.003251
-0.003736
0.007688
0.019478
0.020596
0.018258
0.003223
0.006491
0.011709
0.002867
0.000024
-0.000345
-0.008587
-0.015037
-0.013328
-0.007050
-0.006461
-0.010208
-0.001242
0.007423
0.005906
0.001807
0.011415
0.016686
0.008658
-0.001529
0.009160
0.015704
0.008414
-0.001358
0.006707
0.012802
-0.004220
-0.013323
0.006797
0.020512
0.011697
0.009871
0.005586
0.017515
0.010764
-0.005419
-0.003183
0.015910
0.008471
-0.002048
0.007711
0.007124
-0.009067
0.003447
0.022854
0.020445
0.024853
0.032155
0.019595
0.008977
0.016512
0.011342
0.003603
0.003086
0.010506
0.012786
0.013445
0.000049
-0.008203
0.001622
0.020523
0.021247
0.025136
0.022147
0.024770
0.021051
0.019650
0.015942
0.011661
0.008805
0.007603
0.009263
0.009911
0.004973
-0.001683
-0.006736
0.002276
0.012770
0.015387
0.008704
0.007493
0.006990
0.004394
0.002951
0.005594
0.007843
0.010197
0.000210
0.001127
0.003455
-0.000038
-0.008319
0.002895
0.004297
0.009255
0.009301
0.003277
0.001055
0.010983
0.002219
0.001702
-0.001368
-0.013211
-0.014036
0.002194
0.004868
-0.013383
-0.009784
0.008819
0.023249
0.016054
0.007935
0.001598
0.012966
0.010884
-0.003265
-0.000766
0.004187
-0.017627
-0.024461
-0.002110
0.006798
-0.011649
-0.018187
0.000657
0.015266
0.004074
0.000691
0.006285
0.006589
-0.001480
-0.007543
-0.000339
0.003304
-0.001274
-0.012437
0.001490
0.002238
0.001107
0.000275
0.002819
0.003133
0.000358
-0.000438
0.007836
0.012696
0.011689
-0.007597
-0.007783
-0.002626
-0.003806
-0.013177
-0.002247
-0.004396
-0.011458
-0.015220
0.004735
0.009330
0.004592
0.000910
0.006637
0.009532
0.012776
0.002414
0.007206
0.007225
0.003050
-0.009415
-0.002523
-0.007221
-0.016761
-0.013010
0.006460
0.010299
0.010792
0.017315
0.013283
0.002293
-0.000507
0.001504
0.007926
0.008736
-0.002480
-0.005611
0.007528
0.008857
-0.010971
-0.007915
0.009549
0.022050
0.020756
0.016507
0.011421
0.013484
0.006113
-0.002115
0.006322
0.012814
0.000425
-0.007683
-0.000727
0.003861
-0.002675
-0.005375
0.007869
0.017548
0.007503
0.016729
0.006984
0.010358
0.003953
0.002022
0.002977
0.008556
0.019227
0.008739
0.006487
0.009425
-0.014317
-0.049714
-0.057870
