-0.011684
-0.009416
-0.006746
-0.001747
-0.038999
-0.017835
-0.021584
-0.037590
-0.016630
-0.021822
-0.013399
-0.005308
0.004729
-0.005259
-0.000227
0.005229
0.030148
0.035339
0.048495
0.043571
0.057086
0.059292
0.045077
0.051067
0.078032
0.114343
0.176290
0.262589
0.336744
0.395655
0.439862
0.463931
0.412159
0.308209
0.232390
0.154135
0.127913
0.082120
0.046428
0.040719
0.039003
0.034048
0.035532
0.024375
0.025560
0.015469
0.009098
0.015327
0.025344
0.026998
0.031157
0.036836
0.036209
0.031834
0.034681
0.033149
0.032237
0.030559
0.031541
0.035132
0.040157
0.046916
0.054720
0.057495
0.057592
0.068720
0.073757
0.049426
0.036810
0.034606
0.039433
0.022206
0.023467
0.024638
0.032119
0.023700
0.022598
0.010793
0.015836
0.024347
0.039742
0.046274
0.057448
0.057073
0.053568
0.046789
0.050129
0.040420
0.044160
0.022822
0.012684
0.025198
0.039310
0.012445
0.000269
0.023959
0.045233
0.035033
0.030370
0.022255
0.027565
0.025126
0.020596
0.005908
0.012139
0.007263
0.004319
0.010316
0.009548
-0.012885
0.009848
0.030524
0.045420
0.051228
0.073113
0.106810
0.117248
0.113471
0.101552
0.103112
0.098563
0.091205
0.073342
0.049804
0.052957
0.072832
0.087079
0.114405
0.111353
0.110918
0.112708
0.125045
0.130222
0.112939
0.089624
0.071066
0.073146
0.059332
0.044108
0.030274
0.037410
0.028958
0.019747
0.028390
0.035095
0.050656
0.058227
0.033942
0.016188
0.014443
0.013790
0.000734
0.004623
0.005283
0.006191
0.014154
0.021959
0.003098
0.003020
0.025501
0.044904
0.043427
0.046350
0.036853
0.043451
0.039756
0.042181
0.046679
0.057856
0.041488
0.028422
0.030566
0.028745
0.003028
0.005457
0.015804
0.024027
0.028991
0.034732
0.034059
0.037480
0.028999
0.014890
0.013423
0.025656
0.012237
0.005162
0.010449
0.020229
0.001785
-0.000553
0.020420
0.051193
0.060304
0.035054
0.026554
0.026047
0.022652
0.010511
0.014938
0.021202
0.005845
-0.006971
0.004985
0.001482
0.017100
-0.001126
0.005469
-0.012123
-0.034273
-0.040940
-0.016355
-0.019483
-0.010049
-0.026001
-0.015355
-0.012865
-0.030609
-0.033287
-0.012145
-0.022544
-0.019531
-0.014509
0.006921
0.003115
-0.002969
-0.015966
-0.008303
0.003719
0.012511
-0.014309
-0.013747
0.000781
-0.013623
-0.021258
-0.000444
-0.004340
-0.021601
-0.024872
0.003405
0.008289
0.000710
-0.011071
-0.005737
-0.001489
0.006381
-0.010591
-0.010044
-0.008948
-0.026189
-0.024445
-0.005322
-0.010559
-0.020077
-0.016824
-0.000129
0.000860
-0.001734
-0.014257
-0.004116
-0.003658
-0.002120
-0.022587
-0.018743
-0.005493
-0.024600
-0.034870
-0.007017
-0.006063
-0.008518
-0.021684
0.001861
-0.003416
-0.006937
-0.031197
-0.028187
-0.012886
0.017664
-0.019910
-0.034404
-0.015514
-0.036460
-0.049682
-0.032913
-0.037841
-0.028862
-0.037181
-0.002729
-0.000694
-0.022589
-0.030055
-0.026685
-0.009677
0.016983
0.000550
0.001893
0.013282
-0.007682
-0.026256
0.000763
0.008060
-0.019691
-0.022212
0.026479
0.031409
0.010286
-0.006590
0.007606
0.009173
-0.000786
-0.033901
-0.027243
-0.013856
-0.030108
-0.043977
-0.016174
-0.015166
-0.003574
-0.021104
0.002971
-0.004604
-0.024053
-0.049159
-0.023570
-0.028877
-0.002628
-0.023615
-0.043135
-0.020798
-0.052740
-0.075941
-0.042496
-0.039697
-0.020836
-0.056192
-0.015489
-0.019669
-0.053191
-0.074493
-0.023620
-0.001739
0.034098
0.011576
0.005306
0.011219
-0.027622
-0.061091
-0.018225
-0.004477
-0.037545
-0.056196
-0.002716
0.010495
-0.005230
-0.034395
-0.013916
-0.000518
-0.000717
-0.021955
0.000584
0.001836
-0.039891
-0.056408
-0.014048
-0.010175
-0.025637
-0.038374
0.021829
0.004393
-0.021933
-0.049193
-0.038115
-0.027829
0.010350
-0.022988
-0.036195
-0.023318
-0.054463
-0.078481
-0.033406
-0.047156
-0.030991
-0.065647
-0.002502
-0.025235
-0.042233
-0.063028
-0.054961
-0.039193
-0.000999
-0.025550
-0.039793
-0.002722
-0.036827
-0.049717
-0.018830
-0.026279
-0.055590
-0.035329
0.021612
0.041037
0.023603
0.016932
0.015102
0.017751
0.018003
0.019233
0.015035
0.018825
-0.001865
-0.012779
0.004539
0.019473
-0.005598
-0.004135
0.027383
0.057008
0.087085
0.118216
0.146386
0.213866
0.303533
0.377007
0.452292
0.567145
0.669609
0.822943
0.929984
0.968458
0.968819
0.964063
0.956838
0.901647
0.816812
0.618020
0.445899
0.376607
0.319341
0.241612
0.215883
0.214008
0.224799
0.227769
0.146997
0.092180
0.067894
0.041825
0.038413
0.049492
0.061482
0.069778
0.058536
0.052109
0.041394
0.038678
0.028504
0.023448
0.006122
0.004720
0.019625
0.031018
0.012904
0.008832
0.024437
0.038354
0.025648
0.027942
0.025071
0.045750
0.044615
0.026952
0.029680
0.044355
0.027995
0.021948
0.027023
0.035559
0.053680
0.069991
0.089796
0.080155
0.099093
0.106043
0.083642
0.069693
0.049449
0.046132
0.047465
0.047997
0.035007
0.033914
0.030756
0.028434
0.015178
0.011127
0.032973
0.046381
0.055313
0.073028
0.080685
0.092089
0.096763
0.088533
0.088278
0.091954
0.070214
0.057522
0.052095
0.069976
0.096353
0.121987
0.139480
0.107625
0.095895
0.079865
0.053357
0.044195
0.020244
0.005730
0.012453
-0.002215
-0.007500
0.005644
0.002548
0.005260
0.008707
-0.004101
0.010466
0.013867
0.006462
-0.005997
-0.003408
0.000852
0.003759
-0.007214
-0.006650
-0.004049
-0.024578
-0.031660
-0.002813
-0.005623
-0.018336
-0.019789
0.002181
0.005311
-0.008474
-0.016306
-0.013984
-0.009184
-0.000501
-0.016926
-0.008147
0.000385
-0.024977
-0.035724
-0.019388
-0.014461
-0.022317
-0.020912
0.002013
0.008138
-0.004254
-0.004676
-0.006809
-0.007908
-0.006713
-0.007223
-0.003043
-0.002477
-0.013938
-0.016362
0.003383
0.001075
-0.019389
-0.016451
0.008107
0.014320
0.003899
0.012091
0.011042
0.014827
0.010538
0.011812
0.010864
0.016565
0.005722
-0.002804
0.009323
0.007093
-0.006532
-0.011960
-0.000687
0.009319
0.013457
0.007050
0.003519
0.004192
0.004319
-0.009518
-0.006352
-0.006726
-0.013084
-0.017252
0.002577
0.007632
0.006221
-0.007119
-0.000481
0.000818
-0.007764
-0.009785
-0.002407
-0.002069
-0.000306
-0.016655
-0.004409
-0.001821
-0.015839
-0.024071
-0.009042
-0.012880
-0.015064
-0.011549
0.003376
0.000090
-0.009435
-0.009708
-0.001109
0.006393
0.012985
-0.002205
-0.003664
0.000801
-0.005941
-0.016217
-0.003445
-0.007056
-0.020249
-0.013008
0.006132
0.009461
0.017226
0.020490
0.012228
0.004633
0.007577
0.004050
0.005752
0.004369
-0.006267
-0.012395
0.002863
0.004823
-0.010306
-0.008584
0.006331
0.015037
0.007048
0.005814
0.005655
0.012363
0.004011
-0.004908
-0.003442
0.001195
-0.008607
-0.017333
0.001289
0.002279
-0.006380
-0.003964
0.011994
0.015426
0.015173
0.013188
0.008776
0.008712
0.007035
-0.005152
-0.004046
-0.002757
-0.004275
-0.009609
0.004903
0.003068
-0.003438
0.002605
0.015363
0.021667
0.029406
0.019087
0.009308
0.004725
0.013583
0.009148
0.002816
-0.005781
-0.015819
-0.028844
-0.015170
-0.009214
0.004805
-0.024208
0.000470
0.001046
-0.007728
-0.040240
-0.039521
-0.022932
-0.000383
-0.009416
-0.003864
-0.005955
-0.031157
-0.051299
-0.010054
-0.027142
-0.014240
-0.021273
0.023857
-0.011781
-0.041523
-0.066209
-0.039764
-0.038656
-0.020040
-0.048728
-0.046682
-0.015956
-0.050434
-0.056152
-0.030111
-0.046350
-0.055120
-0.064818
-0.005892
-0.011793
-0.029224
-0.051719
-0.027315
-0.019294
0.004469
-0.006270
-0.008318
-0.007076
-0.017192
-0.027917
-0.005529
-0.012928
-0.031041
-0.027214
0.001997
0.009383
0.004802
0.008374
0.007629
0.005457
0.006606
0.001944
-0.001943
0.001122
-0.000440
-0.009128
0.002994
0.000361
-0.014914
-0.015884
0.001603
0.015966
0.012162
0.006924
-0.000937
-0.000021
-0.008741
-0.015981
-0.005238
0.001070
-0.008281
-0.013136
0.000856
0.004079
-0.010362
-0.011058
0.002934
0.010661
0.007799
0.004395
-0.002241
0.001720
-0.002275
-0.009760
-0.006310
-0.001808
-0.009982
-0.013160
-0.005913
0.001113
-0.005414
-0.011895
0.007581
0.018143
0.012242
0.004181
0.003685
0.004834
0.003580
-0.003505
0.002148
0.002228
-0.018107
-0.033338
-0.012276
0.005607
0.003042
-0.013000
0.004842
0.009137
-0.001404
-0.013562
-0.021011
-0.018939
0.008222
-0.012224
-0.022632
-0.013675
-0.041806
-0.058396
-0.036700
-0.038278
-0.012882
-0.025353
-0.000009
-0.013416
-0.029001
-0.042489
-0.027564
-0.029486
0.004754
-0.018959
-0.038750
-0.022045
-0.048876
-0.054322
-0.029437
-0.040420
-0.045002
-0.052564
0.001335
0.008863
-0.015753
-0.035850
-0.014385
-0.000897
0.005710
0.003380
0.001885
0.009524
-0.018737
-0.032850
-0.000752
0.003153
-0.029071
-0.026682
0.017580
0.030613
0.001657
-0.009870
-0.008484
0.013288
0.016360
-0.008104
-0.002569
0.001860
-0.027330
-0.038307
-0.014063
0.004392
-0.009193
-0.021197
-0.000544
0.012557
0.001935
-0.005602
-0.002679
-0.003590
-0.003478
-0.002015
0.012577
0.005461
-0.015712
-0.023450
-0.003146
-0.001128
-0.012781
-0.016382
0.007298
0.006375
-0.003276
-0.004491
0.000613
0.005013
0.007973
-0.008198
-0.003924
-0.000862
-0.008216
-0.014890
0.005037
-0.000501
-0.022541
-0.018855
0.014579
0.016028
0.006639
0.005810
0.004201
0.005723
0.004761
-0.006725
-0.006935
-0.003549
-0.010335
-0.017863
0.002265
0.002064
-0.010590
-0.011365
0.000830
0.010424
0.011330
0.008915
0.006290
0.005148
-0.004585
-0.010202
-0.001128
-0.002440
-0.010791
-0.019097
-0.005235
-0.005989
-0.012133
-0.009115
0.000397
0.006430
0.009977
0.011627
0.004657
-0.000248
0.000026
-0.008665
-0.008314
-0.007475
-0.016788
-0.021817
-0.007048
-0.000049
-0.008389
-0.011437
0.006195
0.016938
0.006143
-0.000776
0.001509
0.006355
0.008672
-0.002423
-0.001580
-0.002491
-0.015436
-0.022922
-0.008219
-0.000629
-0.014902
-0.017745
-0.003700
0.004877
0.003650
0.001436
-0.002104
0.004565
-0.007005
-0.013094
-0.002636
0.010869
0.004016
-0.005793
-0.004663
0.006927
-0.009123
-0.011647
-0.001109
0.016088
0.013655
0.007906
0.007669
0.008082
-0.000683
-0.003696
0.000302
-0.000174
-0.003268
-0.006281
0.000108
0.005191
-0.002291
-0.008448
0.005740
0.013560
0.005395
-0.000839
-0.000576
0.005285
0.005118
-0.014094
-0.010197
-0.002428
-0.017617
-0.026643
-0.002872
-0.001715
-0.010713
-0.012748
-0.003155
-0.003194
-0.004136
-0.007973
-0.002401
-0.004870
-0.002535
-0.009758
-0.004351
-0.008080
-0.019279
-0.020944
-0.002596
-0.002271
-0.011414
-0.017343
0.002784
0.011542
0.002534
-0.006345
-0.009370
-0.004241
-0.001383
-0.010434
-0.008348
-0.000642
-0.006973
-0.021673
-0.004349
-0.001556
-0.015275
-0.020042
-0.004874
0.003236
0.002400
0.007482
-0.003529
-0.005641
-0.001508
-0.005190
-0.004514
-0.007340
-0.015432
-0.014103
-0.003726
-0.005533
-0.015531
-0.016782
0.002286
0.013208
0.006679
0.006652
0.005041
0.011126
0.005769
0.001392
0.002766
0.004957
-0.000822
-0.007210
-0.002485
0.002704
-0.004278
-0.006781
0.006227
0.013439
0.013021
0.013314
0.005931
0.000316
0.002026
0.004122
-0.000990
-0.008679
-0.009543
-0.010834
-0.004227
-0.002370
-0.007454
-0.011015
0.007563
0.013454
0.006960
0.004587
-0.007400
-0.005450
0.000746
-0.012222
-0.003937
-0.000879
-0.019207
-0.027938
-0.010648
-0.002722
-0.014189
-0.018972
-0.000561
0.010635
0.003558
0.005424
0.001451
0.001614
-0.000065
-0.005982
-0.002264
-0.003659
-0.010909
-0.011940
-0.005778
-0.009208
-0.017811
-0.018324
-0.001674
0.001960
0.003331
-0.000061
-0.003423
-0.000546
-0.002802
-0.012452
-0.003425
0.003624
-0.005378
-0.013187
-0.004847
0.002852
-0.009177
-0.012639
0.008571
0.018256
0.009253
0.010088
0.010389
0.007895
-0.000625
0.001168
0.000314
0.002882
-0.003755
-0.002428
-0.000273
0.000832
-0.010785
-0.009410
0.000008
0.008324
0.000740
0.005342
0.000494
0.002382
-0.007991
-0.009957
0.001122
0.004209
-0.001430
-0.013197
-0.007652
0.002062
-0.008708
-0.012611
0.012521
0.022520
0.014635
0.009744
0.003841
0.008008
0.011350
-0.002312
0.003510
0.001896
-0.004463
-0.009889
-0.000565
0.004504
0.003871
-0.007375
0.009607
0.017135
0.011239
0.010181
0.001322
0.000653
0.014784
0.006362
-0.002830
-0.007625
-0.012762
-0.017344
-0.001863
0.003637
-0.007767
-0.006251
0.011931
0.019056
0.020913
0.016825
0.013743
0.014541
0.010024
-0.002880
-0.005488
-0.001881
-0.007804
-0.016025
-0.006975
-0.006131
-0.004933
-0.002957
0.004460
0.004362
0.003142
0.010916
-0.006302
-0.006190
0.002324
-0.016914
-0.016274
-0.002640
-0.012550
-0.024501
-0.008032
-0.001801
-0.016798
-0.016032
0.001003
0.012296
0.016067
0.004400
-0.002586
0.002144
0.008992
-0.004687
-0.006682
-0.007565
-0.020970
-0.031212
-0.016519
-0.002568
-0.002558
-0.011527
0.000228
0.002476
-0.001329
0.009781
-0.002010
-0.000348
0.009005
-0.016344
-0.020247
-0.002539
-0.013956
-0.026941
-0.007639
0.000335
-0.028430
-0.029264
0.004180
0.027551
0.034433
0.037213
0.035354
0.041610
0.036312
0.034497
0.031990
0.040412
0.034129
0.039539
0.041640
0.057880
0.101709
0.163534
0.205483
0.193972
0.171482
0.177632
0.203553
0.224002
0.218732
0.212892
0.213800
0.207443
0.180322
0.173654
0.169834
0.176289
0.168866
0.171652
0.155954
0.128091
0.104623
0.090504
0.094266
0.076170
0.046449
0.035121
0.038155
0.041016
0.029952
0.035159
0.029083
0.029868
0.014918
0.016619
0.008522
0.013354
0.017694
0.019251
0.008827
0.002487
0.004774
-0.006837
-0.003821
-0.005735
-0.017096
-0.022155
-0.005593
0.004982
0.000122
-0.012129
0.003221
0.012452
0.008219
-0.006910
-0.008253
0.000501
0.009185
-0.008157
-0.007476
-0.001554
-0.013724
-0.020733
-0.004896
-0.008013
-0.025584
-0.023019
0.004586
0.017724
0.007730
-0.004185
-0.007944
0.001598
0.005616
-0.009689
-0.008381
-0.003132
-0.014451
-0.024359
-0.000248
0.004500
-0.000465
-0.014071
-0.003954
-0.003622
-0.004968
-0.015025
-0.014233
-0.014105
-0.001263
-0.009492
-0.018982
-0.014938
-0.037871
-0.048124
-0.011654
-0.013922
-0.012992
-0.025207
0.006997
-0.010823
-0.028525
-0.037670
-0.015428
-0.027247
0.004793
-0.014397
-0.023207
-0.019779
-0.032814
-0.037951
-0.008567
-0.029366
-0.040999
-0.040241
0.000750
-0.005518
-0.013512
-0.014538
-0.013681
-0.014436
-0.003177
-0.013718
-0.004590
-0.000876
-0.015616
-0.017893
-0.004143
-0.006135
-0.022750
-0.022228
-0.000709
0.011316
0.008536
0.008118
0.007012
0.005314
0.000653
-0.002925
-0.001727
0.000574
-0.004408
-0.008629
0.001544
-0.000190
-0.015954
-0.017656
0.002980
0.011990
0.010591
0.009823
0.009937
0.009456
0.002414
-0.003811
-0.000763
0.000659
-0.007788
-0.008311
0.002623
0.004609
-0.006166
-0.010378
0.005524
0.007541
0.002677
0.004282
-0.000098
0.000646
-0.001341
-0.005689
0.000274
0.002672
-0.003973
-0.009228
-0.006955
-0.008067
-0.016511
-0.012770
0.001366
0.005758
0.004689
0.003167
0.007981
0.012000
-0.000160
-0.003978
0.004575
0.005953
0.001290
-0.000048
0.001559
0.008273
-0.002736
-0.008444
0.005421
0.017408
0.014399
0.011851
0.002235
0.006927
0.002764
-0.003998
0.006151
0.011314
-0.000469
-0.005026
0.003098
0.007860
0.002799
-0.001809
0.012030
0.014910
0.010385
0.004244
0.015849
0.013334
0.002551
-0.007948
-0.001496
0.003088
-0.003177
-0.014367
0.001344
0.001177
-0.004662
-0.007659
0.004729
0.009761
0.009328
0.012621
0.006449
-0.000855
0.000276
-0.003071
-0.004971
-0.003479
-0.006887
-0.009812
-0.003316
0.004181
-0.007751
-0.015394
0.004290
0.017254
0.009729
0.003579
-0.002401
-0.000385
-0.002853
-0.015145
-0.012998
-0.006537
-0.011796
-0.017305
0.002992
0.003472
-0.005555
-0.010458
0.008291
0.008613
-0.001354
-0.003993
-0.000861
0.006997
0.014136
-0.004477
-0.007382
-0.004287
-0.017637
-0.023459
-0.008815
-0.003343
-0.013101
-0.018965
-0.002345
0.008431
0.000377
-0.003271
-0.003829
0.003187
0.004950
-0.012634
-0.007909
-0.002111
-0.014419
-0.026515
-0.005294
-0.001729
-0.015113
-0.020001
-0.005613
0.005840
0.005554
0.001274
-0.004070
-0.000665
-0.003948
-0.014738
-0.001979
0.001620
-0.005280
-0.018074
-0.005448
-0.006675
-0.014555
-0.015800
-0.000056
0.000889
-0.001565
0.001829
0.006928
0.007050
0.004802
-0.006592
-0.003224
-0.000394
-0.000457
-0.007829
-0.005960
-0.001507
-0.007883
-0.016508
-0.001879
0.009099
0.009519
0.006222
0.012514
0.012411
0.003067
-0.007850
-0.004516
-0.000090
-0.002575
-0.013068
0.000994
0.004469
-0.008903
-0.013739
-0.000346
0.010125
0.003742
0.001295
0.004527
0.006208
0.004016
-0.002906
-0.000814
-0.005605
-0.018862
-0.031423
-0.008253
0.004721
-0.000267
-0.010824
0.005595
0.012618
0.004030
-0.002548
-0.006534
-0.008667
-0.011208
-0.024738
-0.009309
-0.000336
-0.022672
-0.027702
-0.004382
-0.003180
-0.022921
-0.022153
0.000533
0.006401
0.000830
0.000796
-0.002574
-0.006684
-0.000023
-0.005704
-0.006459
-0.008457
-0.018094
-0.024140
-0.008824
-0.008271
-0.014099
-0.015804
0.001454
0.004121
0.003727
-0.000041
-0.002541
-0.003679
-0.006260
-0.011333
-0.002981
0.000840
-0.009200
-0.012977
-0.007402
-0.005377
-0.018069
-0.017252
-0.003593
0.006337
0.002178
0.000155
0.003754
0.006274
-0.001691
-0.000923
0.010044
0.012770
-0.002099
-0.004087
0.004104
0.008208
-0.001910
-0.005504
0.006430
0.013907
0.013085
0.010054
0.007710
0.006450
0.004347
0.006625
0.007558
0.000525
-0.008836
-0.005185
-0.001305
-0.003503
-0.009186
-0.004698
0.002781
0.011303
0.007561
0.010141
0.000001
0.001905
0.002603
-0.014126
-0.011956
-0.007899
-0.011246
-0.016381
0.000772
0.001822
-0.016022
-0.017029
0.003241
0.013905
0.004146
0.004940
0.003320
0.005354
0.000622
-0.003613
-0.001482
-0.000717
-0.013098
-0.019340
-0.004000
0.000070
-0.005526
-0.005134
0.009538
0.013157
0.000573
0.000717
-0.004250
-0.006505
-0.004768
-0.017260
-0.014461
-0.006401
-0.019986
-0.022552
-0.002347
-0.007667
-0.028020
-0.022476
0.014185
0.015305
0.000030
0.000301
-0.002247
0.002503
0.003729
-0.014130
-0.010474
0.001944
-0.011600
-0.023791
-0.002792
0.002651
-0.011337
-0.011888
0.008132
0.012753
0.002753
0.003056
-0.007937
-0.003733
-0.002376
-0.006627
-0.001049
0.003911
-0.010630
-0.019293
-0.012878
-0.006117
-0.014589
-0.015387
0.001627
0.010227
0.012017
0.017375
0.010073
0.013593
0.004651
-0.004621
0.000173
0.004308
-0.003895
-0.010628
0.001207
0.004991
-0.007336
-0.009810
0.004449
0.013217
0.015795
0.013427
0.010306
0.010282
-0.001576
-0.003949
0.004647
-0.000182
-0.005382
-0.002732
0.000955
0.001654
0.004730
0.002168
0.009049
0.007318
0.013352
0.016206
0.005435
-0.001441
0.008581
0.001648
-0.002200
-0.008488
-0.016205
-0.014405
0.000165
-0.003577
-0.015952
-0.015116
0.004982
0.013214
0.009453
0.007846
0.000163
0.004104
0.005442
-0.000372
0.002442
0.000955
-0.006725
-0.011245
-0.001205
-0.001858
-0.008118
-0.009564
0.004715
0.006155
0.009319
0.006304
0.000326
0.000935
0.006723
-0.007398
-0.004574
-0.005360
-0.012993
-0.015332
-0.008886
-0.012399
-0.019034
-0.013637
0.003863
0.007823
0.008894
0.002553
-0.002305
-0.000530
0.003567
-0.005054
-0.000212
0.000329
-0.007923
-0.011146
0.003477
0.002945
-0.010486
-0.006990
0.011129
0.016911
0.006589
0.011302
0.005902
0.002534
0.008693
0.000127
-0.007156
-0.009028
-0.022486
-0.026626
-0.003907
-0.003807
-0.014600
-0.011899
0.005331
0.010210
-0.000470
-0.004756
-0.004927
-0.003755
-0.007093
-0.016011
-0.011945
-0.008110
-0.022744
-0.026732
0.003109
0.001337
-0.009004
-0.014614
0.009380
0.004322
0.004646
-0.012040
-0.016119
-0.016795
-0.006120
-0.018103
-0.010005
-0.003756
-0.020525
-0.025754
0.001764
-0.004829
-0.019068
-0.016620
0.003978
0.006359
0.009771
0.009707
0.002135
0.001315
0.001362
-0.012571
-0.007997
0.000772
-0.006740
-0.015280
-0.004563
-0.002198
-0.015187
-0.013123
0.009320
0.020131
0.016797
0.006092
-0.004273
0.001027
0.005809
-0.008147
-0.010388
-0.011897
-0.024114
-0.026066
-0.009485
-0.005926
-0.002370
-0.010887
-0.003283
-0.006585
-0.003861
0.003844
-0.006460
-0.017097
-0.007432
-0.010635
-0.008593
-0.008733
-0.016268
-0.019523
-0.012720
-0.009846
-0.014529
-0.013288
0.011208
0.022083
0.006711
0.002772
0.007821
0.006080
-0.001793
-0.001316
0.003158
0.004370
-0.002510
-0.006567
-0.002457
0.000525
-0.015887
-0.015620
0.005320
0.019506
0.010043
0.007662
0.005734
0.011534
0.009673
0.006065
0.003127
0.005402
-0.001727
-0.010994
-0.000137
0.000480
-0.007413
-0.009554
-0.001942
0.002967
0.002579
0.003910
0.006198
0.008173
-0.000719
-0.008071
-0.001162
0.004858
0.015208
0.009357
0.005573
0.005510
-0.018188
-0.045913
-0.056348
