0.086630
0.166060
0.135401
0.162513
0.213520
0.049298
0.073730
0.178594
0.144010
0.154256
0.088166
0.083600
0.043859
0.008167
-0.031289
0.105639
0.048526
0.194974
-0.004422
0.057444
0.073227
0.154319
-0.002306
0.013836
-0.036454
0.194406
0.167443
0.341576
0.106564
0.261443
0.215066
0.493154
0.410548
0.409231
0.352912
0.290715
0.182778
0.170176
0.030732
0.283943
0.132854
0.220668
0.185750
-0.003779
0.105984
0.078630
-0.053215
0.236752
0.219922
0.167629
0.108542
0.131130
0.185416
0.067959
0.107620
0.221778
0.103040
0.074718
0.019055
0.260110
0.014447
0.002048
0.120899
0.120823
0.009838
0.113348
0.050488
0.080824
0.164049
0.170105
0.075965
0.096810
0.220060
0.177617
0.137398
0.194218
0.201439
0.125456
0.105601
0.337390
0.339077
0.220416
0.170110
0.352931
0.174131
0.207735
0.100490
0.222643
0.141485
0.054546
0.145326
0.146078
-0.056413
0.102350
0.076524
0.152165
0.117017
0.073095
0.007943
-0.015821
0.083752
0.085222
-0.024087
0.082596
0.065623
0.143868
0.140999
0.055055
0.087018
0.026192
0.004234
0.071715
0.012050
0.165460
-0.056729
0.114756
0.089969
0.190787
0.101284
0.258084
0.111770
0.258353
0.170450
0.217888
0.093794
0.041370
0.067885
0.283792
0.171580
0.182247
0.107426
0.078074
0.111064
0.100045
0.028272
0.117518
0.164744
0.170718
0.163056
0.041175
0.179260
0.279612
0.310845
0.314085
0.396389
0.323511
0.338005
0.294604
0.335384
0.298344
0.018138
0.225343
0.194653
0.182321
0.117053
0.334095
0.138036
0.228351
0.176037
0.233314
0.299874
0.194926
0.184539
0.112743
0.204098
0.307001
0.235592
0.393376
0.294388
0.270748
0.243282
0.454450
0.261834
0.564807
0.530811
0.540458
0.477393
0.406869
0.413825
0.248095
0.250238
0.257501
0.083706
0.288320
0.224030
0.242646
0.246804
0.252648
0.058830
0.177233
0.097080
0.181698
0.135053
0.217802
0.136898
0.182923
0.148921
0.152817
0.159898
0.210087
0.196577
0.184056
0.073512
0.072667
0.042661
0.109338
0.070932
0.018409
-0.031493
0.136538
0.085346
0.148574
0.086685
0.046469
0.183915
0.134663
0.182863
0.094708
0.251045
0.131296
0.076219
0.173397
0.254548
0.234149
0.264467
0.252908
0.263913
0.218591
0.089032
0.224401
0.062583
0.202459
0.089011
0.165592
0.086059
0.337369
0.138232
0.177097
0.214937
0.301296
0.206694
0.372411
0.246457
0.217336
0.123783
0.091302
0.083599
0.149157
0.128285
0.111427
0.101053
0.198099
0.100639
0.102258
0.006943
0.155007
0.026450
0.148196
0.135341
0.297776
0.100384
0.323826
0.082982
0.338564
0.320374
0.306822
0.274554
0.187691
0.144302
0.170765
0.077169
0.119638
0.095789
0.079835
0.184260
0.272598
0.185060
0.260846
0.142549
0.412813
0.303351
0.293217
0.255574
0.262506
0.405246
0.256092
0.339725
0.400322
0.200643
0.398987
0.272185
0.259677
0.345417
0.412468
0.181929
0.270686
0.222195
0.241235
0.282634
0.177889
0.065141
0.283469
0.077499
0.209249
0.092572
-0.003999
0.092660
-0.001671
0.059549
0.137431
0.001268
0.174157
0.127745
0.200207
0.061536
0.162369
0.110574
0.132750
-0.016033
0.022113
0.061933
-0.004016
0.120655
-0.038660
0.119854
0.196892
0.062034
0.291870
0.242196
0.224630
0.184630
0.260225
0.191554
0.260420
0.055326
0.208951
0.071928
0.052967
0.163834
0.330628
0.152342
0.215593
0.092319
0.234412
0.215525
0.176379
0.200742
0.303777
0.182335
0.160074
0.084655
0.223081
0.137730
0.242808
0.362873
0.332452
0.277752
0.198506
0.082066
0.381497
0.278971
0.275813
0.219127
0.230026
0.044568
0.261489
0.329982
0.392498
0.277952
0.346955
0.367291
0.372244
0.369169
0.223745
0.385638
0.323487
0.270024
0.276522
0.211731
0.306448
0.215664
0.358386
0.371579
0.578758
0.442190
0.558611
0.533560
0.503636
0.438161
0.536621
0.305483
0.461937
0.384446
0.213406
0.249379
0.351577
0.273502
0.339986
0.197048
0.468162
0.210119
0.317771
0.187364
0.114087
0.258938
0.203353
0.326223
0.138915
0.244243
0.196548
0.189826
0.282673
0.347416
0.273234
0.271279
0.348924
0.228954
0.318235
0.246480
0.569552
0.352143
0.592414
0.516647
0.673688
0.481710
0.740658
0.695111
0.833361
0.697537
0.826088
0.814691
0.917663
0.923148
0.889572
0.862141
0.903701
0.867480
0.950082
0.923322
0.961215
0.937565
0.940936
0.916933
0.927863
0.852385
0.877864
0.877937
0.851836
0.782301
0.674117
0.644782
0.497254
0.432598
0.436809
0.331822
0.294149
0.223593
0.344960
0.280610
0.529365
0.464346
0.702881
0.553565
0.724642
0.677182
0.594205
0.608098
0.632395
0.461855
0.651736
0.529844
0.631660
0.484129
0.600404
0.555533
0.426932
0.406451
0.589473
0.277216
0.652916
0.537446
0.723458
0.637671
0.752260
0.770734
0.744986
0.666837
0.623723
0.544999
0.631674
0.417932
0.536173
0.508599
0.419817
0.447291
0.395755
0.333037
0.463224
0.454265
0.310182
0.295611
0.448084
0.467924
0.656573
0.598516
0.581984
0.499736
0.696593
0.654812
0.646491
0.564977
0.617114
0.578877
0.667112
0.660884
0.755286
0.674901
0.760451
0.517236
0.725196
0.686243
0.606511
0.580459
0.640013
0.566705
0.610639
0.514045
0.520556
0.425180
0.473065
0.394211
0.550614
0.414377
0.530862
0.464005
0.651379
0.554708
0.472026
0.572114
0.662337
0.598292
0.799484
0.573687
0.829124
0.791408
0.774021
0.739427
0.820338
0.720478
0.911443
0.892101
0.886142
0.898211
0.915656
0.930792
0.935290
0.862853
0.950829
0.902953
0.965119
0.918734
0.921329
0.917204
0.919865
0.924352
0.925520
0.786820
0.870427
0.784378
0.838696
0.855489
0.858723
0.766763
0.769143
0.857917
0.812648
0.853304
0.766203
0.769661
0.729375
0.585040
0.792560
0.560254
0.634544
0.600548
0.541021
0.508266
0.599008
0.530726
0.570382
0.519688
0.622888
0.472187
0.769191
0.728728
0.829992
0.805090
0.830035
0.808583
0.911372
0.881622
0.820600
0.767979
0.690876
0.583661
0.616348
0.633354
0.631241
0.606194
0.572499
0.644508
0.597075
0.542971
0.611705
0.435511
0.446012
0.510410
0.468307
0.314316
0.505434
0.365948
0.586621
0.479097
0.701123
0.646168
0.615328
0.401754
0.545556
0.461509
0.506826
0.360550
0.344068
0.321393
0.539177
0.371726
0.499074
0.499564
0.538824
0.520624
0.512132
0.511054
0.475217
0.424949
0.236328
0.296736
0.529962
0.486974
0.575409
0.512367
0.643972
0.635616
0.670677
0.580635
0.699869
0.630896
0.600053
0.453260
0.550630
0.574782
0.570774
0.601364
0.400726
0.264224
0.336568
0.332498
0.262098
0.096338
0.240587
0.197688
0.163334
0.094289
0.052580
-0.031469
0.092340
0.090252
0.256203
0.142804
0.194877
0.249086
0.251248
0.241111
0.364702
0.163866
0.296226
0.448434
0.395974
0.380522
0.701645
0.676238
0.597494
0.662872
0.568032
0.644218
0.675253
0.617351
0.655901
0.579979
0.553445
0.509942
0.478163
0.533895
0.419835
0.434714
0.536876
0.442675
0.622717
0.480365
0.683095
0.602546
0.538713
0.428198
0.421304
0.479927
0.362000
0.352078
0.393656
0.207555
0.622774
0.616684
0.755749
0.736079
0.683966
0.710813
0.677555
0.651203
0.679337
0.434554
0.578496
0.434118
0.568867
0.448061
0.551937
0.530106
0.634001
0.533703
0.797846
0.808680
0.780384
0.826906
0.817307
0.859985
0.826711
0.814456
0.801238
0.818120
0.689381
0.602356
0.614617
0.484990
0.440020
0.356978
0.452334
0.355675
0.316891
0.423964
0.432621
0.402616
0.409565
0.364695
0.427508
0.357648
0.497319
0.316283
0.417573
0.327899
0.466947
0.303119
0.574398
0.473431
0.461166
0.337308
0.397788
0.295264
0.396434
0.240945
0.296336
0.270186
0.377782
0.274188
0.206458
0.303105
0.282411
0.256757
0.462796
0.321117
0.456722
0.548196
0.494808
0.464771
0.416332
0.370645
0.320062
0.196721
0.164089
0.256948
0.346454
0.188651
0.552562
0.423673
0.511787
0.483573
0.324587
0.380687
0.382051
0.402086
0.289768
0.242559
-0.014786
0.116781
0.209421
0.046900
0.355059
0.154294
0.227054
0.157934
0.404313
0.285420
0.404450
0.448203
0.429036
0.542562
0.620382
0.449466
0.733067
0.616202
0.721252
0.680850
0.670831
0.669474
0.821111
0.692753
0.892468
0.833804
0.777845
0.790534
0.827615
0.816033
0.791338
0.652396
0.785339
0.656195
0.605276
0.553000
0.590715
0.499336
0.529132
0.419593
0.455523
0.323825
0.344045
0.377094
0.417968
0.212196
0.385620
0.155259
0.208901
0.163471
0.191957
0.185667
0.202582
0.108775
0.209714
0.138379
0.137573
0.174515
0.045671
0.115943
0.142246
0.086283
0.231476
0.079464
0.268235
0.115282
0.183152
0.068325
0.036712
0.131279
0.180521
-0.071558
0.062804
0.037147
0.108575
-0.016665
0.217373
0.152338
0.111799
0.195429
0.244655
0.049684
0.284427
0.132534
0.400539
0.207199
0.329924
0.280016
0.376393
0.268008
0.350315
0.348289
0.366686
0.244056
0.252819
0.210240
0.222199
0.103725
0.144871
0.020122
0.176792
0.109917
0.192354
0.031399
0.201337
0.174954
0.149703
0.003946
0.126723
0.205689
0.079240
0.128623
0.219759
0.211155
0.064249
0.191703
0.133347
0.086896
0.036688
0.026027
-0.001667
0.124277
0.089155
0.114053
0.136910
0.145181
0.055849
-0.033116
0.087067
0.096885
0.157155
-0.041085
-0.055339
-0.008281
0.111038
-0.001237
0.084037
-0.145030
0.024658
0.139952
0.064596
0.191757
-0.020729
0.093967
0.103321
0.061333
0.115093
0.204650
0.170288
0.176298
0.264755
0.177480
0.304083
0.306464
0.386777
0.467811
0.464808
0.199586
0.332361
0.257291
0.435404
0.296895
0.253485
0.317234
0.347132
0.317420
0.188223
0.325915
0.252629
0.171752
0.333390
0.371766
0.264140
0.205185
0.275550
0.193454
0.354028
0.301485
0.216926
0.255420
0.169324
0.291092
0.170208
0.184175
0.238046
0.258510
0.241034
0.259700
0.346838
0.345734
0.302059
0.232351
0.287202
0.167700
0.146010
0.026315
0.197871
-0.047542
0.216519
0.119575
0.231985
0.215365
0.128878
0.255448
0.184247
0.187360
0.196644
0.165903
0.419390
0.160249
0.304205
0.242808
0.485123
0.214876
0.339580
0.185256
0.050128
