0.061208
0.041273
0.100000
-0.093138
0.027502
0.030409
0.053898
-0.001317
0.005155
-0.026085
0.060798
0.070145
0.178664
0.026019
0.061631
0.077810
0.179184
0.093604
0.089849
-0.034359
0.101819
-0.029563
0.026886
-0.004924
0.053243
0.134823
0.147645
0.125981
0.114110
0.085762
0.027738
0.081534
-0.008593
0.147099
-0.033386
0.008416
0.076033
0.019891
0.228879
-0.010053
0.002392
0.064739
0.037216
0.085309
0.028509
-0.043568
0.063882
-0.078298
0.002582
0.054647
0.102036
-0.075641
0.041434
-0.027678
0.057797
0.020586
0.095690
0.070625
0.141335
0.093878
0.042072
-0.039343
0.019842
0.111106
0.111677
0.120266
0.094272
0.158746
0.004277
0.043057
0.025546
0.086040
0.116439
0.149324
0.002016
0.043028
0.019955
0.039416
0.035710
0.000992
-0.097214
-0.075076
0.055129
-0.022873
0.044000
0.046686
0.116811
-0.005605
0.118531
0.041496
0.061217
0.073337
0.050335
-0.065040
0.071100
0.021560
-0.004055
-0.002028
0.002024
0.051707
0.072848
0.025056
0.101912
0.006285
0.050280
0.136108
0.071872
0.052212
0.158202
0.051145
0.149513
0.007253
0.082619
0.093655
0.049292
-0.083910
0.070154
0.115439
0.071137
0.039777
0.094881
0.090999
0.016207
0.049041
0.138922
-0.092279
0.178421
0.009568
0.023634
0.060158
0.012637
0.053460
0.073424
-0.038652
0.130143
-0.032738
0.000870
0.031729
0.013171
0.037299
-0.025327
-0.012021
0.075934
0.018647
-0.007433
0.063455
0.011655
0.040267
0.050955
0.014882
0.063936
0.136446
0.132574
-0.039681
0.081090
0.037126
0.070303
0.034394
0.097750
0.122419
0.030150
0.099600
0.200571
0.057853
0.114769
0.290581
0.154591
0.202916
0.086314
0.305566
0.123259
0.155445
0.314230
0.055188
0.269750
0.284806
0.280688
0.189264
0.155837
0.187891
0.202210
0.200503
0.154674
0.216344
0.234867
-0.022257
0.087369
0.133644
0.117118
0.029337
-0.052757
-0.000380
0.009068
0.003974
0.079728
-0.030052
0.046447
0.017641
0.025525
0.028380
0.035985
0.098754
-0.008471
-0.071743
0.013185
0.065244
0.067486
0.015278
0.012363
-0.001352
0.004868
0.054821
-0.053907
0.039246
0.028696
0.007198
0.117333
0.115073
0.038471
0.213907
0.113648
-0.064012
0.069921
0.035868
-0.005984
0.006601
-0.000861
0.148175
0.138361
-0.135028
0.175041
0.062566
-0.001959
0.028910
0.026668
0.102256
0.050211
-0.027849
0.074398
0.048566
0.064631
-0.003132
0.123258
0.115078
0.153582
-0.002434
0.082579
0.074223
0.101354
0.104926
0.048569
0.054485
-0.011462
0.009561
-0.019325
-0.023253
0.065314
0.062285
0.119323
0.064469
0.075897
-0.003006
0.067546
0.175837
0.143255
0.083195
-0.016135
0.186687
0.069479
0.059738
0.062853
0.239959
0.114120
0.161040
0.159741
0.113186
0.186924
0.120175
0.066502
0.006129
0.057504
0.057952
0.117688
0.154812
0.126810
0.182561
-0.079886
0.111746
0.055383
0.085023
-0.008834
0.090506
0.238830
0.048970
0.151958
0.011344
0.090216
0.121563
0.092065
0.014159
0.044955
0.065344
0.009910
0.069575
0.010168
-0.034685
0.070758
0.040331
0.098341
0.042556
0.096231
-0.017500
0.053955
0.031469
0.080440
0.013068
0.022238
-0.007221
0.131804
0.056804
0.045637
0.101968
0.058498
0.040482
-0.004548
0.087493
-0.029657
-0.013758
0.016178
-0.026439
0.100321
0.081908
0.042652
0.110847
0.088555
0.124197
0.149781
0.106743
0.141747
0.101995
0.179857
0.131315
0.049408
0.223588
0.116353
0.177290
0.045101
0.137066
-0.004686
0.049487
0.127662
0.091258
0.028107
0.029544
0.001322
-0.007793
0.012740
-0.084264
-0.011565
-0.084868
0.028019
-0.003574
0.092508
-0.067889
-0.045905
-0.027324
-0.028271
-0.021889
-0.042764
-0.000063
0.004123
0.152590
-0.044570
-0.028619
-0.027408
0.090897
0.028741
0.047650
-0.004873
0.057162
-0.037855
0.026210
0.082675
0.112271
0.075875
0.120025
0.223825
0.031309
0.145156
0.122075
0.090818
0.015514
-0.023977
0.089877
0.070110
0.084617
-0.002344
-0.077265
0.101761
0.198087
0.127089
0.247638
0.072488
0.163558
0.183056
0.159692
0.032591
0.226861
0.045599
0.151580
0.141747
-0.025909
0.207314
-0.027356
0.012863
0.096030
0.045740
0.108257
0.096562
0.005462
0.179548
0.247911
0.095882
0.135425
0.191821
0.126799
0.118209
0.035929
0.140396
0.068687
0.141269
0.079244
0.124606
0.254828
0.182889
0.307425
0.230658
0.285944
0.252842
0.420651
0.343076
0.359054
0.403735
0.454061
0.264112
0.521681
0.655958
0.750723
0.705142
0.731437
0.703403
0.800900
0.743343
0.721739
0.657077
0.672460
0.642330
0.777660
0.652920
0.759974
0.605378
0.639932
0.674851
0.709210
0.753408
0.708265
0.644608
0.650286
0.644347
0.698563
0.635967
0.799520
0.780790
0.756911
0.684299
0.779702
0.628782
0.668079
0.525140
0.281819
0.377000
0.398922
0.326932
0.437981
0.401893
0.585771
0.499958
0.698596
0.699623
0.768196
0.750626
0.685006
0.593382
0.793539
0.705798
0.861454
0.768352
0.842026
0.859370
0.871460
0.897438
0.874956
0.814262
0.822631
0.782627
0.758702
0.791115
0.804924
0.750883
0.778904
0.776552
0.846792
0.747881
0.735532
0.624119
0.537633
0.462557
0.618901
0.576155
0.493348
0.457394
0.659028
0.606296
0.732196
0.676477
0.751684
0.836515
0.902889
0.845628
0.851994
0.862042
0.831848
0.781743
0.858858
0.729982
0.814601
0.787423
0.768674
0.752174
0.817283
0.825772
0.748796
0.633571
0.678825
0.600116
0.772705
0.774230
0.882198
0.820650
0.868269
0.825414
0.892230
0.863052
0.891108
0.898291
0.904936
0.879546
0.887272
0.902147
0.914337
0.882527
0.913014
0.870164
0.910781
0.847680
0.916854
0.902776
0.912863
0.871143
0.886319
0.870681
0.886411
0.808304
0.908731
0.885410
0.903283
0.922064
0.870034
0.894822
0.898145
0.890694
0.910594
0.880815
0.915808
0.893751
0.866053
0.908155
0.858234
0.796581
0.780163
0.674758
0.623456
0.643167
0.656823
0.667366
0.643108
0.615661
0.651859
0.595845
0.564309
0.638422
0.638626
0.521058
0.586986
0.458678
0.359127
0.378462
0.301809
0.280661
0.363223
0.313579
0.177247
0.253477
0.308481
0.175141
0.280576
0.253242
0.572091
0.505128
0.611290
0.587122
0.662041
0.595636
0.805514
0.713541
0.836707
0.852116
0.806218
0.882602
0.911543
0.875814
0.953866
0.941434
0.941879
0.905178
0.890882
0.814488
0.880346
0.902565
0.947006
0.896899
0.898473
0.894230
0.852267
0.789116
0.850926
0.781237
0.826946
0.769315
0.750913
0.699063
0.689507
0.567312
0.684706
0.593629
0.718557
0.713573
0.686761
0.761251
0.758333
0.634946
0.734932
0.638202
0.733221
0.661535
0.555096
0.548245
0.626570
0.548910
0.467868
0.397853
0.305191
0.355402
0.346510
0.377159
0.411578
0.268969
0.328285
0.048734
0.232080
0.213476
0.124113
0.215992
0.151668
0.239354
0.424440
0.242789
0.279264
0.361317
0.350438
0.379076
0.487671
0.468700
0.471256
0.370019
0.571315
0.512114
0.622170
0.564744
0.715149
0.606429
0.727544
0.652341
0.767121
0.654277
0.706549
0.693880
0.729846
0.711085
0.766427
0.739507
0.716197
0.688433
0.712407
0.636437
0.647260
0.607388
0.580465
0.565548
0.495407
0.406228
0.435571
0.375316
0.353904
0.276987
0.353926
0.134078
0.415230
0.318279
0.385823
0.327102
0.321663
0.309903
0.316007
0.225558
0.376937
0.419498
0.371166
0.373661
0.417620
0.286572
0.593872
0.408376
0.472252
0.446116
0.522756
0.510684
0.241421
0.327563
0.213936
0.202403
0.387702
0.300475
0.229520
0.323166
0.349793
0.235229
0.289603
0.204202
0.224953
0.192246
0.400611
0.352665
0.567005
0.483305
0.613379
0.664065
0.701071
0.712291
0.592301
0.655727
0.575219
0.619156
0.649013
0.429295
0.569884
0.519390
0.426005
0.342156
0.434168
0.451925
0.553280
0.461975
0.646730
0.543921
0.658348
0.597230
0.736321
0.650286
0.680528
0.721252
0.707372
0.753622
0.525156
0.551255
0.549027
0.456154
0.401827
0.184828
0.227220
0.190562
0.184331
0.161172
0.339286
0.182373
0.305197
0.365966
0.504430
0.482553
0.355144
0.304976
0.237068
0.206583
0.135628
0.086970
0.143170
0.076180
0.126029
0.079915
0.126828
0.217645
0.273900
0.162014
0.396289
0.339046
0.282679
0.372912
0.542871
0.508719
0.749008
0.741969
0.811577
0.816313
0.813732
0.912109
0.929637
0.888876
0.915713
0.854912
0.915195
0.884100
0.905848
0.895605
0.849197
0.763344
0.761647
0.793683
0.807285
0.767146
0.761489
0.739042
0.723021
0.666051
0.611464
0.556576
0.593013
0.628088
0.518874
0.506269
0.323875
0.333106
0.242750
0.310033
0.436680
0.323138
0.312810
0.300976
0.238655
0.230545
0.129827
0.133396
-0.033412
0.049038
0.133260
0.002881
0.168929
0.070677
0.043902
0.155856
0.210710
0.163298
0.204325
0.114052
0.080831
0.085632
0.105731
0.008160
0.200896
0.140517
0.214818
0.107358
0.261914
0.157229
0.365803
0.199668
0.395697
0.349716
0.276247
0.263309
0.236036
0.243202
0.274267
0.204567
0.302958
0.184521
0.130151
0.222288
0.229235
0.208910
0.185590
0.291224
0.243917
0.313178
0.205944
0.101486
0.031947
0.075046
0.065074
0.048827
0.139622
0.176583
0.091888
0.115897
0.082038
0.015036
-0.073244
0.063372
0.065728
-0.035177
0.044068
0.022373
0.064330
0.061535
0.051410
0.241940
0.098607
0.138461
0.113145
0.089331
0.232984
0.039001
0.059542
0.037867
0.168939
0.160720
0.142355
0.075524
0.187471
0.250149
0.259312
0.050381
0.241249
0.242503
0.084410
0.147754
0.131317
0.096941
0.045842
0.075445
0.135774
0.154931
0.115023
0.101032
0.009097
0.169813
0.132306
0.059620
0.076007
0.094854
0.143696
0.013022
0.091360
0.107980
0.037176
-0.013435
0.122650
0.007441
0.093289
0.037336
0.051280
0.116252
0.120926
0.067441
0.231703
0.055682
0.064091
0.018996
0.076339
-0.013575
0.100727
0.028704
0.043199
-0.021446
0.168970
0.111652
0.085587
0.077060
0.131716
0.181848
0.198467
0.200155
0.263790
0.275666
0.276446
0.214940
0.233912
0.374246
0.309123
0.242167
0.169997
0.178628
0.139708
0.182429
0.085718
0.080838
0.106563
0.142612
0.206031
0.220983
0.163344
0.039364
0.165058
0.141317
-0.012744
