0.052192
-0.048651
0.074629
0.036941
-0.004548
0.027324
0.071301
0.077286
0.099719
0.011698
0.112825
0.113495
0.152725
-0.043418
0.067596
0.068022
0.155065
0.216536
-0.061036
-0.028017
0.094756
0.162056
0.093392
0.165344
0.086000
0.056348
0.002655
0.134327
0.084754
0.193496
0.050049
0.123061
0.053599
0.076965
0.087921
0.003690
0.067678
0.097776
0.140063
0.166821
0.154430
0.259150
0.334140
0.376428
0.176612
0.267772
0.111857
0.206119
0.270859
0.150428
0.095881
0.183778
0.257350
0.219307
0.229294
0.206000
0.267276
0.147942
0.195836
0.155552
-0.011485
0.167017
0.053146
0.209457
0.119341
0.093024
-0.006669
-0.089056
0.053878
0.029431
0.058431
0.017286
-0.036497
0.127212
0.010710
0.035481
0.087794
0.015044
0.153096
-0.023210
0.008055
-0.019282
0.013857
-0.060386
-0.042314
-0.002745
0.023776
0.044891
0.172569
-0.028152
0.069658
0.215165
-0.044824
0.091618
0.061503
0.091531
0.183205
0.157344
0.179664
0.089959
0.027039
0.184798
0.018904
0.058065
0.103223
0.182428
0.187645
0.325774
0.190944
0.001380
0.116195
0.394534
0.185066
0.366172
0.302566
0.312930
0.406822
0.220739
0.210215
0.375275
0.337013
0.355547
0.303127
0.364917
0.408479
0.344055
0.298360
0.330803
0.239482
0.270821
0.097981
0.110751
0.203603
0.214847
0.246752
0.286467
0.199868
0.221842
0.163637
0.190731
0.050810
0.121940
0.194274
0.185559
0.121527
0.020206
0.115680
0.040481
-0.034157
0.024964
0.067427
0.022248
0.078138
0.033575
0.037872
0.110697
-0.085424
-0.004945
0.007862
-0.038401
0.136477
0.077147
0.025986
0.097485
0.131695
-0.025026
0.115554
0.044760
-0.013248
0.068084
-0.044778
0.032466
-0.067219
-0.075756
0.066725
0.072276
0.022656
0.086081
0.105021
0.109462
0.077564
0.121639
0.145778
0.228757
0.133300
0.285947
0.102473
0.232271
0.120870
0.206768
0.237685
0.331685
0.313944
0.226757
0.218574
0.083819
0.119825
0.088199
0.045419
0.073958
0.054885
0.141049
0.122143
0.152312
0.154297
0.119998
0.109320
0.073002
0.097478
0.152086
0.073653
0.007096
0.144124
0.090320
0.088640
0.103835
0.023667
0.046352
-0.045865
-0.120701
0.149375
0.154738
0.034737
0.162578
0.085687
0.081965
0.153869
0.235486
0.082880
0.188394
0.089168
0.253357
0.230301
0.283437
0.278029
0.278178
0.182605
0.053129
0.048743
0.164449
0.067264
0.103210
0.132399
0.077836
0.133654
0.181538
0.151299
0.146937
0.159528
0.114092
0.107379
0.039405
0.220318
0.090168
0.110327
0.075759
0.107806
0.040460
-0.005396
0.017695
0.065381
0.028977
0.099158
0.003425
0.054020
0.073726
0.043382
-0.079480
0.015168
0.022381
0.150273
-0.027694
0.151299
0.143334
0.038073
0.082958
0.128814
0.057188
0.048548
0.098328
0.130522
0.077466
0.050934
0.152006
0.043992
0.002046
-0.035327
0.104353
0.091461
0.132769
0.103925
0.143762
0.211643
0.352501
0.261587
0.540085
0.311394
0.421669
0.117889
0.228967
0.388205
0.108552
0.025197
0.179591
0.073034
0.258504
0.151488
0.169061
0.245961
0.210628
0.242507
0.403921
0.249690
0.180133
0.173962
0.272245
0.119540
0.168642
0.260112
0.181245
0.144246
0.184430
0.120067
0.126398
0.104364
0.112890
0.099950
0.184593
0.085893
0.122270
0.197530
0.019214
0.169419
0.217883
0.146766
0.158774
0.140059
0.178710
0.314851
0.312988
0.361734
0.495359
0.329457
0.642937
0.525482
0.608030
0.600416
0.614068
0.515590
0.678172
0.646385
0.834067
0.728380
0.702452
0.688758
0.621623
0.598045
0.375712
0.328259
0.265359
0.167777
0.336219
0.220108
0.240522
0.170962
0.299532
0.160635
0.326573
0.386915
0.423879
0.464595
0.597054
0.464469
0.497464
0.579765
0.744678
0.434920
0.624234
0.385257
0.386709
0.321762
0.445787
0.432414
0.502326
0.493600
0.338364
0.371978
0.306641
0.371991
0.453302
0.416953
0.646638
0.633201
0.734699
0.545403
0.760110
0.767707
0.779958
0.789949
0.828971
0.709893
0.725808
0.760627
0.694941
0.686540
0.631929
0.510083
0.453648
0.379213
0.509014
0.408611
0.473787
0.437388
0.411862
0.326952
0.469582
0.363132
0.365487
0.343990
0.404684
0.334347
0.440018
0.353163
0.410035
0.444291
0.288583
0.232758
0.136979
0.185693
0.201762
0.016152
0.093628
0.037316
0.046859
0.032893
0.192097
0.070054
0.038643
0.128537
0.010439
0.103446
0.032989
0.026921
0.152586
0.082663
0.039873
0.151448
0.186284
0.044881
0.141959
0.133270
0.111868
0.135411
0.111959
0.023651
0.227567
0.212391
0.131640
0.110827
-0.017872
0.137813
0.039496
0.069043
0.126109
0.028135
0.095492
0.051410
0.101829
0.060532
0.040606
0.038878
0.075530
0.104432
0.171087
0.148548
0.205586
0.247763
0.136574
0.111371
0.425469
0.189408
0.558854
0.367073
0.411889
0.406793
0.480284
0.283458
0.525306
0.525126
0.731880
0.549003
0.734512
0.618549
0.854046
0.879406
0.963008
0.949253
0.929507
0.926511
0.937955
0.880090
0.929971
0.899922
0.842832
0.847937
0.935148
0.865551
0.954337
0.950021
0.968798
0.954779
0.986810
0.981098
0.971633
0.949006
0.877930
0.927253
0.919749
0.822495
0.875231
0.857397
0.763414
0.756667
0.712421
0.570143
0.609189
0.538953
0.458508
0.464494
0.313125
0.236492
0.437681
0.366162
0.265642
0.214425
0.370656
0.144028
0.226753
0.226105
0.264633
0.116577
0.348103
0.081296
0.208872
0.053418
0.186203
0.221916
0.364140
0.240720
0.368333
0.422383
0.439437
0.424114
0.555603
0.454013
0.435911
0.511520
0.572483
0.581799
0.665461
0.650598
0.632558
0.616528
0.651724
0.640685
0.603904
0.592819
0.645029
0.440371
0.743712
0.720122
0.811287
0.703797
0.852336
0.763901
0.842341
0.764344
0.804129
0.757325
0.820792
0.758322
0.841047
0.780232
0.779957
0.801451
0.650293
0.628377
0.667331
0.512485
0.589492
0.487437
0.732284
0.658013
0.594958
0.584677
0.411166
0.387093
0.412894
0.119365
0.149173
0.240470
0.329374
0.123594
0.312316
0.244530
0.256954
0.187484
0.344967
0.216615
0.210356
0.209131
0.096976
0.114829
0.144488
0.013160
0.060508
0.012973
-0.033781
0.050422
0.162984
0.059994
0.164002
0.045076
0.209983
0.099930
0.073478
0.003929
0.061067
0.114375
0.093174
0.056975
0.233537
0.141018
0.163213
0.240716
-0.004173
0.166011
0.120286
0.069206
0.025838
0.069040
0.149702
0.037389
0.134909
0.186988
0.163791
0.140469
0.239625
0.258333
0.224800
0.423310
0.579436
0.404395
0.582842
0.459418
0.746274
0.681673
0.766534
0.634509
0.723605
0.771254
0.763787
0.663505
0.752806
0.716654
0.762112
0.739482
0.732079
0.617550
0.770238
0.689706
0.791315
0.724176
0.781595
0.809988
0.639937
0.653329
0.580023
0.576105
0.566993
0.670934
0.544235
0.534845
0.467051
0.544952
0.443922
0.446190
0.324410
0.225284
0.337374
0.310465
0.189303
0.242356
0.199707
0.240780
0.076781
0.118872
0.196065
0.190544
0.307115
0.214284
0.186349
0.229788
0.333801
0.219139
0.295431
0.223633
0.064533
0.094178
0.101624
0.089247
0.061448
-0.012274
0.108271
0.119599
0.086833
0.109795
0.162899
0.048490
0.135706
0.160439
0.272215
0.178139
0.347673
0.462031
0.526592
0.280664
0.649003
0.543026
0.622797
0.502079
0.543560
0.435354
0.649985
0.501110
0.453998
0.295211
0.363802
0.385841
0.311911
0.290047
0.463594
0.270110
0.514662
0.371322
0.336573
0.186547
0.242241
0.276931
0.357511
0.186129
0.152898
0.229160
0.191621
0.095596
0.197387
0.117707
0.129943
0.114486
0.081609
0.110559
0.170671
-0.006465
-0.003460
-0.015121
0.065428
0.040377
0.010458
0.058386
0.087330
0.170454
0.009672
0.061703
0.188618
0.045580
0.022937
0.134841
0.018642
0.009854
-0.143108
0.003226
0.097275
0.017981
0.012440
0.038971
0.053440
0.056564
-0.015409
0.107836
0.017925
0.088544
-0.048748
0.023193
0.056334
0.089358
0.030851
0.034749
0.065277
0.094585
0.102114
-0.010928
0.034584
0.014163
0.111789
0.073995
0.124340
0.069738
0.188825
0.154067
0.064214
0.017159
0.167509
0.044879
0.182426
0.142452
0.172414
0.124688
0.022823
0.152309
0.047343
0.151567
0.110268
0.107745
0.124894
0.163842
0.161633
0.042022
0.145999
0.155386
0.027949
0.115318
0.166140
0.135476
0.202562
0.117286
0.327341
0.313848
0.260930
0.360972
0.620033
0.490002
0.538710
0.514887
0.605462
0.492705
0.691797
0.703999
0.813343
0.827362
0.782451
0.706084
0.508455
0.560456
0.447948
0.242588
0.331339
0.263065
0.486286
0.397375
0.451537
0.444759
0.577191
0.629485
0.794499
0.740017
0.752414
0.763050
0.692154
0.589256
0.670248
0.587331
0.621208
0.521811
0.391918
0.580704
0.528867
0.392945
0.512376
0.524114
0.558584
0.487392
0.452786
0.486147
0.496400
0.342176
0.395075
0.322784
0.453652
0.487693
0.510284
0.608314
0.388860
0.419135
0.467380
0.264060
0.586143
0.549195
0.560140
0.485070
0.661215
0.637804
0.728828
0.633861
0.731226
0.744865
0.792105
0.705373
0.581469
0.734284
0.685962
0.461217
0.690357
0.560935
0.458761
0.513683
0.388996
0.267148
0.300111
0.263241
0.376286
0.314572
0.203559
0.210332
0.111875
0.162976
0.171655
0.080392
0.194088
0.149250
0.207594
0.089877
0.170952
0.313969
0.194378
0.074128
0.154708
0.093875
0.128764
0.007043
-0.174829
0.146493
0.187911
0.040005
0.035005
-0.094498
0.012078
0.117185
0.017042
0.104635
0.039264
0.010146
0.163457
0.155279
0.051941
0.082303
0.251114
0.092930
0.053643
0.077521
0.217979
-0.020867
0.084742
0.065363
0.206615
0.122074
0.117884
0.088638
0.200759
0.164646
0.206323
0.164201
0.148354
0.206073
0.061562
0.267288
0.144443
0.166033
0.323600
0.249276
0.297759
0.089191
0.103023
0.077197
0.127030
0.223347
0.122910
0.177673
0.155192
-0.028018
-0.013757
0.054972
0.116507
0.054554
-0.043609
-0.020036
-0.004655
0.091957
0.133486
0.041993
0.006887
0.008041
-0.075781
0.005546
-0.058924
0.039905
0.101192
-0.091382
0.138423
0.094634
0.078244
0.134858
0.078327
0.013490
0.074276
0.118291
0.057591
0.139108
-0.036428
0.081199
0.139509
-0.002504
0.023373
0.077867
-0.024646
