0.057150
0.098920
0.130539
0.026730
0.043836
0.046551
0.156987
0.190757
0.079907
0.158471
0.017574
0.066513
0.016238
0.029784
-0.027337
0.139698
-0.001195
0.169926
0.012523
0.137816
0.136378
0.129254
0.062944
0.291781
0.138931
0.133288
0.132503
0.179659
-0.012287
0.104531
0.027770
0.190703
0.141831
0.198757
0.126524
0.211553
0.198620
0.187213
0.012132
0.122709
0.097448
0.094204
0.032003
0.122394
0.091134
0.099870
0.020263
0.017410
0.042159
0.111840
0.148515
0.030047
0.032897
0.090171
0.070442
-0.059386
0.067579
0.008197
0.007002
-0.014995
0.048951
-0.024639
-0.003349
0.048399
-0.031241
0.068032
-0.011155
0.103750
0.101870
-0.018012
0.046395
0.063286
0.089847
0.158263
0.111352
0.262455
0.162960
0.246364
0.471734
0.670848
0.616059
0.573492
0.446480
0.196565
0.376514
0.452653
0.228241
0.331357
0.169624
0.346610
0.273196
0.282561
0.243386
0.178727
0.114705
0.123104
0.189972
0.194606
0.143311
0.067508
0.101286
0.247525
0.191875
0.089827
0.174971
0.215100
0.062094
0.082748
0.174596
0.195965
0.122906
0.123620
0.046130
0.209128
0.061124
0.131211
0.115181
0.047591
0.171570
0.166750
0.135349
0.048814
0.107511
0.166645
0.074477
0.120459
0.026382
0.160327
0.060973
0.137239
0.113593
0.074668
0.150377
0.060218
0.069381
0.263643
0.068650
0.226741
0.206534
0.183947
0.105426
0.000821
0.114740
0.189233
0.083001
0.183944
0.127976
0.112234
0.128540
0.219174
0.048721
0.246856
0.239714
0.328694
0.217542
0.336639
0.314016
0.477788
0.458546
0.665765
0.584718
0.495043
0.523115
0.556950
0.434907
0.447910
0.379463
0.327566
0.253185
0.119081
0.203405
0.205836
0.092925
0.142371
0.140311
0.101620
-0.020788
0.080126
0.037159
0.088322
0.096415
0.012420
0.054994
0.058215
0.026767
-0.028405
0.046177
0.028112
0.078785
0.034455
0.067094
0.146192
-0.036292
0.123767
0.108536
0.114507
0.135873
0.094721
0.059960
0.137990
0.067242
0.141390
0.234645
0.173226
0.176320
0.300479
0.171358
0.266764
0.232518
0.266231
0.272953
0.233256
0.279487
0.287169
0.208665
0.202121
0.331843
0.135562
0.232492
0.129917
0.093884
0.207250
0.082182
0.221269
0.186397
0.225901
0.185748
0.142772
0.251639
0.182914
0.127132
0.152266
0.136605
0.107529
0.011388
0.046192
0.111373
0.298387
0.227929
0.262233
0.165615
0.311405
0.289559
0.402613
0.377905
0.399864
0.278880
0.358725
0.252803
0.234765
0.213592
0.221776
0.261485
0.342856
0.213346
0.510323
0.404273
0.437545
0.437907
0.262904
0.337055
0.171837
0.188619
0.249856
0.243617
0.254213
0.295094
0.359911
0.227505
0.412848
0.339867
0.654325
0.547745
0.582910
0.545037
0.605617
0.483192
0.582396
0.460266
0.641272
0.518202
0.421198
0.257830
0.192019
0.274913
0.231962
0.226202
0.284981
0.111419
0.188453
0.212198
0.122749
0.136058
0.009498
0.067507
0.008214
0.080397
0.029045
-0.026435
0.060202
-0.055737
0.073644
-0.029246
-0.002116
0.018325
0.021793
-0.075365
0.057556
0.063003
0.027540
0.086961
0.113803
0.015710
-0.063729
-0.057135
-0.095909
0.001540
0.075302
-0.000550
0.016127
0.018124
0.042067
0.022859
0.079363
0.065000
0.109604
0.019859
0.089417
0.053111
0.120091
0.042507
0.074760
0.046896
-0.009094
0.135722
0.068700
0.055122
0.137644
0.010950
0.045353
0.115074
0.035152
0.096567
0.027461
0.078225
0.154852
0.080805
0.090219
0.130937
0.039722
0.024126
0.156256
-0.023929
0.186120
0.111530
0.046363
0.159420
0.092741
0.066590
0.035554
0.091790
0.114869
0.028274
-0.067488
0.118809
0.082873
0.107765
0.020362
0.032089
0.174705
0.110270
0.062464
0.120937
0.084340
0.085857
0.201302
0.075323
0.214451
0.133649
0.024277
0.169259
0.291398
0.147867
0.512844
0.425864
0.408326
0.498417
0.573763
0.492408
0.508701
0.555104
0.585739
0.483435
0.550642
0.479858
0.539019
0.430358
0.541101
0.245575
0.390039
0.198841
0.375387
0.530466
0.489324
0.529700
0.501326
0.449791
0.578830
0.576017
0.536197
0.328085
0.311518
0.198709
0.243384
0.259903
0.323538
0.380962
0.224585
0.221358
0.298222
0.199246
0.226860
0.122430
0.186734
0.098399
0.170130
0.107565
0.045452
0.197488
0.104481
0.116870
0.137199
0.085338
0.119616
0.115772
0.086346
0.109036
0.007873
0.099872
0.170360
0.105311
0.157472
0.220762
0.096653
0.127729
0.147500
-0.044462
0.085688
0.064148
-0.003894
0.116375
0.040493
0.142578
0.161694
0.028834
0.068597
0.007025
0.039788
-0.013700
0.091620
0.130119
0.075880
0.041635
0.149223
0.082878
0.100163
0.029342
0.104147
0.096951
0.074529
0.141318
0.106909
0.122300
0.063562
0.155408
0.270836
0.009239
0.078911
0.168612
0.156605
0.135183
0.171441
0.074196
0.039709
0.150960
0.109187
0.098994
0.059786
0.139310
0.084226
0.056292
0.090674
0.117071
0.027512
0.142144
0.106771
0.282403
0.375934
0.456664
0.590937
0.490109
0.593464
0.548240
0.632722
0.560221
0.740573
0.727006
0.645810
0.743158
0.740559
0.725454
0.886763
0.792219
0.832699
0.750977
0.724035
0.583003
0.606978
0.543532
0.524921
0.576703
0.673985
0.519073
0.704476
0.602399
0.584168
0.628059
0.628994
0.657576
0.465617
0.554628
0.638356
0.583757
0.683156
0.469428
0.570438
0.595471
0.625206
0.584411
0.783482
0.620834
0.868513
0.763169
0.912690
0.874838
0.858973
0.890276
0.893423
0.873605
0.876694
0.897415
0.833756
0.794900
0.862139
0.760627
0.845379
0.755022
0.795347
0.769194
0.871132
0.867416
0.809000
0.737627
0.640632
0.608516
0.538553
0.580238
0.353324
0.413116
0.371878
0.357102
0.241388
0.143192
0.214649
0.185834
0.264950
0.262222
0.217799
0.130566
0.169726
0.168720
0.110791
0.212562
0.300048
0.217691
0.336749
0.329964
0.177853
0.417641
0.388907
0.351796
0.390576
0.234409
0.642324
0.638666
0.805264
0.712231
0.812437
0.727188
0.868425
0.836412
0.760432
0.721725
0.752830
0.605946
0.697798
0.683511
0.759706
0.654979
0.743926
0.731907
0.785122
0.650737
0.767162
0.640818
0.805901
0.697584
0.798111
0.741701
0.742877
0.746919
0.847679
0.737692
0.866781
0.798213
0.826252
0.814284
0.788828
0.726777
0.777266
0.654356
0.709652
0.625860
0.716666
0.725994
0.815662
0.650123
0.804361
0.740636
0.814856
0.715603
0.794071
0.714429
0.652746
0.593017
0.602768
0.559054
0.477140
0.387108
0.396495
0.400345
0.291806
0.486809
0.457193
0.498724
0.537423
0.611912
0.433769
0.402170
0.260704
0.348494
0.245795
0.138979
0.132093
0.125109
0.167736
0.140184
0.370041
0.221964
0.393902
0.443087
0.555781
0.638161
0.703733
0.665731
0.751981
0.729019
0.697715
0.656573
0.834448
0.669480
0.755097
0.749305
0.707452
0.484167
0.753997
0.617229
0.831628
0.765591
0.710307
0.579249
0.493761
0.519816
0.441519
0.378775
0.329119
0.235576
0.364222
0.178639
0.172000
0.311213
0.168766
0.205051
0.186719
0.074760
0.298095
0.229391
0.261362
0.332497
0.430261
0.341463
0.454973
0.496355
0.376130
0.362430
0.311092
0.189366
0.067721
0.134206
0.115172
0.151558
0.210535
0.239204
0.326623
0.124180
0.256829
0.111579
0.340461
0.229897
0.143702
0.149408
0.062258
0.035912
0.214051
0.209974
0.341288
0.383791
0.263825
0.293642
0.320046
0.310141
0.228299
0.196640
0.191016
0.113078
0.352409
0.257091
0.371534
0.335503
0.400885
0.487280
0.476188
0.333321
0.460738
0.429876
0.375683
0.264028
0.426212
0.167900
0.412691
0.361835
0.583174
0.442910
0.477364
0.492842
0.597701
0.579277
0.713403
0.604200
0.674591
0.557220
0.489050
0.511255
0.465624
0.287021
0.427002
0.166537
0.223076
0.169828
0.310720
0.360514
0.320967
0.295202
0.468365
0.335276
0.380004
0.373582
0.190032
0.308581
0.306408
0.262006
0.402502
0.340842
0.260990
0.319955
0.033534
0.167443
0.095267
0.188297
0.044475
0.126319
0.047695
0.029371
0.070874
0.035162
0.037781
0.110670
0.087118
0.204316
0.178379
0.144142
0.109774
0.074145
0.052481
0.057840
0.109316
0.123290
0.164045
-0.009697
0.099601
0.118667
-0.028441
0.019706
0.045045
-0.029317
0.140044
0.060269
-0.007174
0.061819
-0.041377
0.113719
0.040903
0.049322
0.044527
0.120740
0.048581
0.210314
0.185557
-0.021444
0.312711
0.177002
0.268083
0.150440
0.095871
0.187583
0.086785
0.016916
0.130924
0.025650
0.160469
0.203257
0.384795
0.120785
0.168020
0.195937
0.331984
0.178054
0.164868
0.340181
0.212324
0.161867
0.217939
0.268564
0.302837
0.260012
0.242756
0.234099
0.158731
0.222183
0.388165
0.151849
0.198959
0.282480
0.190806
0.267370
0.110295
0.185164
0.164606
0.128781
0.263316
0.283648
0.402947
0.197953
0.225727
0.315776
0.342558
0.173637
0.191788
0.093542
0.071972
0.062376
0.011498
0.150860
0.163354
0.057809
0.110844
0.067390
0.022268
0.025288
-0.014301
0.054079
0.086182
0.033144
0.078493
0.074039
0.104332
-0.036112
0.002598
0.084715
0.068793
0.074241
0.084517
0.030063
0.115446
0.099369
0.079969
0.051809
0.185447
-0.025351
0.296274
0.140516
0.318054
0.179154
0.135389
0.103282
-0.041184
0.129163
0.117525
0.125988
0.050423
0.041508
0.057121
0.028229
0.152451
0.034553
0.070077
0.081381
0.115389
0.052121
0.247532
0.210474
0.196811
0.087838
0.157846
0.160476
0.199201
0.161106
0.265412
0.302157
0.223991
0.029269
0.322327
0.193634
0.104279
0.215219
0.054771
0.138669
0.176061
0.037507
0.103908
0.118354
0.358765
0.150178
0.274104
0.384078
0.321396
0.374052
0.470786
0.380425
0.446514
0.297154
0.126058
0.133936
0.303894
0.204796
0.418781
0.455087
0.323415
0.308875
0.147985
0.306195
0.176500
0.175006
0.189280
0.050798
0.101641
0.218478
0.154497
0.264499
0.207159
0.183848
0.129752
0.165235
0.200660
0.136121
0.166591
0.120802
0.263007
0.285538
0.361756
0.333871
0.338962
0.298238
0.375042
0.305231
0.414685
0.236261
0.365369
0.276656
0.424973
0.206922
0.363589
0.433501
0.431335
0.385390
0.475733
0.373222
0.453019
0.497877
0.371793
0.347495
0.325280
0.309026
0.053875
