0.044220
0.084758
0.122139
0.116989
0.170292
0.077994
0.152355
0.056284
0.013603
-0.027113
-0.018809
0.009617
-0.061060
0.051264
-0.026181
0.180441
0.074224
0.292259
0.082929
0.058335
0.186701
0.232174
0.114507
0.290378
0.196130
0.218137
0.073512
0.264786
0.148946
0.342368
0.214597
0.293103
0.367537
0.309492
0.297684
0.151789
0.072270
0.099074
0.069775
0.142575
0.140502
0.052461
0.117443
0.002739
0.185956
0.063876
0.067761
0.009288
0.023813
0.084263
0.051001
0.152072
0.068392
0.081285
0.090912
0.165530
0.224363
0.018683
0.193864
0.362907
-0.010820
0.323017
0.209056
0.395201
0.116171
0.224143
0.138602
0.152120
-0.005511
-0.081475
0.061126
0.019376
0.045354
0.053087
0.065092
0.109591
0.040743
0.031687
0.077340
0.123586
0.013530
0.074201
-0.021110
-0.040169
0.137638
0.151828
0.062321
0.213423
0.183863
0.100507
0.054938
0.087098
0.096184
0.092787
0.191559
0.274585
0.183435
0.216538
0.364263
0.336149
0.200714
0.245901
0.213293
0.145791
0.124727
0.264149
0.254041
0.269454
0.258698
0.055153
0.226565
0.161327
0.240140
0.337898
0.385643
0.396685
0.430323
0.492067
0.346470
0.500036
0.426887
0.306605
0.332103
0.300120
0.267659
0.276178
0.328857
0.330745
0.402394
0.238645
0.377911
0.237187
0.338656
0.316160
0.266480
0.328137
0.353605
0.319189
0.226595
0.406656
0.367622
0.509189
0.364207
0.529018
0.300087
0.374579
0.292610
0.337243
0.169546
0.107385
0.167702
0.211049
0.094174
-0.001600
0.062838
0.205574
-0.008211
0.156574
0.048932
0.130785
0.171976
-0.007935
0.208108
0.018844
0.054855
0.076944
0.015485
0.153811
0.102044
-0.005374
0.052304
0.103745
-0.076937
-0.035253
-0.058309
0.101169
0.057964
0.113011
0.206140
0.078562
0.110662
0.108413
0.108304
0.143493
0.049457
0.045128
0.169105
0.220728
0.009543
0.043900
0.113799
0.240929
0.071200
0.170969
0.127406
0.020227
0.108443
0.196215
0.070521
0.075677
0.093693
0.065468
0.120870
0.210644
0.166978
0.191145
0.206880
0.181536
0.286464
0.049755
0.168963
0.099999
0.276398
0.125919
0.059443
0.064162
0.123476
0.104400
-0.062613
0.053822
0.043467
0.149368
0.029105
0.174120
0.122604
-0.009653
0.112721
0.046107
0.102688
0.082732
0.121982
0.166243
0.099475
0.044256
0.030225
0.287356
0.014173
-0.011896
0.097173
0.023085
0.095529
0.072970
0.102244
0.099760
0.140966
0.174322
0.055953
0.106946
0.084526
0.139605
0.079080
-0.005526
-0.005378
0.029433
0.007278
0.098624
0.153754
0.029774
-0.019806
0.233419
0.161535
0.019564
0.014038
0.042925
0.022197
0.171876
0.096355
0.341219
0.177522
0.189641
0.224229
0.206547
0.065317
0.223545
0.188420
0.272604
0.073381
0.050605
0.121453
0.040764
0.032494
0.022458
0.152757
-0.017413
0.045313
-0.028172
-0.046472
0.021890
-0.130964
0.049603
0.075863
0.006553
0.049155
0.011263
0.101946
-0.047312
0.006488
0.017736
-0.066696
-0.061767
0.000055
-0.004602
0.082288
0.043331
-0.075614
0.010659
0.055314
0.061048
-0.010525
0.058931
-0.002096
0.042583
0.024319
0.038111
0.104671
0.085212
0.064249
0.071920
0.071722
0.081203
0.081951
0.070089
0.002233
0.071307
0.028867
-0.022817
0.039000
0.111713
0.130292
0.117936
0.056580
0.048141
-0.001299
0.179497
0.130094
0.106954
0.065737
0.044369
-0.014261
0.008211
0.008338
-0.064010
0.066043
0.039360
0.097893
0.007800
0.086796
-0.149924
-0.037956
0.054678
0.048620
-0.017175
-0.031038
0.023132
0.000325
0.048265
0.034693
0.009142
0.034291
0.119713
0.051544
0.079166
0.122224
-0.069952
0.141361
0.069176
0.071646
0.025609
-0.030057
0.104592
0.091915
0.025032
0.096932
0.143852
0.134671
0.164577
0.185193
0.228600
0.192000
0.218680
0.143156
0.447641
0.377364
0.677785
0.647964
0.493403
0.422345
0.227742
0.302927
0.323111
0.154672
0.448185
0.270830
0.350636
0.408426
0.413371
0.398318
0.192313
0.146781
0.086510
0.162130
0.196446
0.146452
0.166437
0.172386
0.319472
0.308882
0.401762
0.520570
0.449312
0.385557
0.435736
0.403860
0.422627
0.447901
0.530665
0.398777
0.396381
0.460692
0.411750
0.386132
0.544318
0.296747
0.452340
0.433464
0.621228
0.585353
0.692231
0.620788
0.762249
0.645424
0.855706
0.734333
0.712578
0.702840
0.648198
0.645886
0.746359
0.572812
0.749119
0.631365
0.787486
0.685484
0.750336
0.756810
0.779970
0.698575
0.820690
0.714393
0.581024
0.642079
0.420934
0.460089
0.230866
0.356446
0.343277
0.289224
0.294527
0.122249
0.174450
0.221535
0.275957
0.227871
0.223832
0.212799
0.257256
0.310678
0.171361
0.119407
0.169745
0.199050
0.296391
0.162737
0.315992
0.250426
0.477085
0.483841
0.298797
0.317751
0.604659
0.601747
0.682974
0.481146
0.684586
0.571017
0.797298
0.655031
0.767801
0.658347
0.684013
0.709790
0.773958
0.698597
0.805662
0.581416
0.864723
0.767202
0.843682
0.814304
0.887009
0.897503
0.926566
0.896306
0.921017
0.904057
0.886403
0.867390
0.880146
0.824286
0.829716
0.866092
0.905452
0.832862
0.851354
0.795638
0.758643
0.782912
0.871815
0.827602
0.917175
0.919636
0.955540
0.912552
0.943345
0.939141
0.966880
0.959700
0.964971
0.960324
0.952431
0.959009
0.959558
0.955687
0.962163
0.908634
0.944678
0.944068
0.941116
0.852937
0.913671
0.782416
0.932223
0.904179
0.929750
0.927151
0.860064
0.862919
0.852407
0.713712
0.915698
0.878402
0.907319
0.808393
0.820146
0.776342
0.796524
0.727570
0.720296
0.493971
0.671619
0.521282
0.537499
0.529839
0.347348
0.369343
0.490940
0.465090
0.388852
0.367133
0.396101
0.285424
0.321787
0.253835
0.441018
0.319164
0.518811
0.529457
0.524367
0.622606
0.568285
0.578600
0.629601
0.547475
0.811545
0.772266
0.743261
0.851082
0.897321
0.846250
0.952496
0.942083
0.967145
0.970211
0.955655
0.937047
0.971946
0.957696
0.977425
0.935049
0.964281
0.973038
0.918532
0.948008
0.956269
0.898472
0.941078
0.888937
0.888394
0.908360
0.892984
0.840393
0.890635
0.846255
0.921675
0.910358
0.934722
0.911766
0.932374
0.875281
0.898497
0.896825
0.926402
0.908390
0.946090
0.940304
0.929369
0.919045
0.895965
0.920989
0.905967
0.804802
0.864346
0.816557
0.909878
0.837081
0.812357
0.706881
0.888918
0.912013
0.959759
0.921869
0.968679
0.979332
0.970189
0.963755
0.978306
0.945257
0.973383
0.962182
0.965596
0.954798
0.968226
0.958194
0.975441
0.983779
0.988650
0.987912
0.987224
0.980534
0.986720
0.971239
0.987182
0.967034
0.978897
0.950998
0.940318
0.950369
0.918381
0.807497
0.926773
0.920701
0.913911
0.928837
0.879843
0.899956
0.945432
0.905064
0.958795
0.924232
0.924908
0.878795
0.872424
0.881765
0.889328
0.858897
0.741955
0.704746
0.629938
0.572615
0.679354
0.647997
0.716104
0.654110
0.802341
0.720270
0.862993
0.842081
0.717992
0.706193
0.627436
0.649971
0.697138
0.554133
0.634581
0.629576
0.553435
0.384525
0.433614
0.371923
0.570791
0.305293
0.522704
0.354293
0.496233
0.400277
0.683235
0.613439
0.771664
0.695671
0.835674
0.757273
0.877055
0.872831
0.917724
0.899276
0.918621
0.715659
0.925523
0.822596
0.888917
0.863431
0.874708
0.824871
0.820822
0.793954
0.923331
0.843840
0.876714
0.893523
0.914508
0.884685
0.915783
0.827820
0.864143
0.882478
0.809646
0.623504
0.595902
0.614683
0.521623
0.541685
0.382927
0.338717
0.281704
0.291850
0.336422
0.280884
0.526656
0.330891
0.565806
0.568639
0.559283
0.689108
0.715198
0.686895
0.720842
0.786502
0.851489
0.756511
0.683618
0.717432
0.541206
0.577554
0.479358
0.363000
0.411131
0.217878
0.203864
0.286846
0.584457
0.276343
0.637073
0.345692
0.564000
0.572219
0.548974
0.469171
0.249283
0.230029
0.279615
0.235361
0.214353
0.362461
0.270611
0.247725
0.298906
0.324448
0.291195
0.282601
0.249209
0.271192
0.092901
0.270186
0.258634
0.113291
0.146682
0.006542
0.160599
0.117747
0.118816
0.012166
0.280605
0.051748
0.187384
0.175160
0.170292
0.098876
0.119947
-0.005124
0.107684
0.093231
0.077691
0.028480
0.305077
0.213548
0.275554
0.296191
0.230906
0.136214
0.070664
0.169313
0.101954
0.176860
0.127026
0.122531
0.348608
0.178298
0.238117
0.048331
0.221683
0.126836
0.453931
0.178958
0.448726
0.387433
0.614290
0.553668
0.588555
0.733218
0.503636
0.616680
0.580501
0.462048
0.543338
0.345436
0.637518
0.611681
0.394567
0.316492
0.297793
0.306020
0.491632
0.251305
0.271666
0.203865
0.194723
0.253987
0.237328
0.009561
0.138911
0.073690
0.129251
0.165774
0.091155
0.087414
-0.011407
0.177048
0.142559
0.104732
0.133594
0.081320
0.118285
0.093002
0.013922
0.029897
0.093824
0.025762
0.079066
0.055981
0.106316
-0.011535
0.101475
-0.075285
0.087445
0.034941
0.107582
0.023881
0.181615
-0.024658
-0.046653
0.152385
0.006882
-0.022789
0.050557
0.112332
0.031725
0.020091
-0.000126
-0.024703
0.123857
0.065954
0.126972
0.101575
0.023210
0.036311
0.077227
0.025237
0.045633
-0.013534
0.095205
0.053606
0.032907
0.009540
0.273628
0.111045
-0.022006
0.127876
0.164853
0.219819
0.143767
0.102999
0.057994
0.183025
0.144611
0.176946
0.165895
0.109465
0.109577
0.088985
0.020614
0.125362
0.207702
0.115943
0.209542
0.027974
0.171178
0.063844
0.190078
0.149725
0.005293
0.085050
0.207183
0.017320
0.028908
0.088175
-0.099790
0.137208
0.103020
0.060980
0.048919
0.046877
0.095352
0.060041
0.107681
-0.020072
0.110382
0.134173
0.153642
0.182907
0.129886
0.115199
0.229135
0.085635
0.143638
0.086055
0.177776
0.101730
0.124094
0.069666
0.070455
0.030794
0.159435
0.150666
0.073898
0.075113
0.093039
0.068595
0.074451
0.062256
0.206848
0.040681
0.290364
0.205171
0.022779
0.107960
0.144379
0.093833
0.094203
0.108257
0.066747
0.091670
0.156353
0.012394
-0.037144
0.077183
0.192635
0.163139
0.031311
0.050717
-0.046159
-0.016314
0.076761
-0.048304
0.009500
0.038637
0.157397
0.068233
0.100867
0.187043
0.344014
0.082046
0.218249
0.149929
0.029648
