0.060933
0.097811
0.061340
0.001510
0.116615
0.074397
0.100262
0.074972
0.054862
0.133078
0.078258
0.041927
0.187365
0.068411
0.055489
0.157149
0.119230
0.100034
0.110636
0.019577
-0.005192
0.011194
0.054860
0.022608
0.075590
0.076814
0.117062
-0.064535
0.005275
0.024596
0.045297
0.046713
0.060224
0.047239
0.022727
0.041234
0.097051
-0.002299
0.089570
0.067138
0.064464
0.086188
0.101863
0.038469
0.107361
0.122939
0.038295
-0.016219
0.039985
0.072485
0.051718
0.018337
0.057880
0.017970
-0.035702
0.029161
0.092245
0.091284
0.096049
0.134631
0.050218
0.079880
0.076602
0.151693
0.061601
0.106986
0.120587
0.078274
0.019605
0.099946
0.078280
0.078412
0.110287
0.165057
0.122844
0.024564
0.124949
-0.039019
0.011452
0.087540
0.069304
0.119835
0.075291
0.013961
0.146924
0.117689
0.065598
0.060914
0.105488
0.160161
0.122658
0.144941
0.140333
-0.109342
0.106719
0.031411
0.043810
0.162890
0.132971
0.140417
0.103375
0.040901
-0.002664
0.113257
0.099929
0.124711
0.042762
0.030563
0.070104
0.013717
0.083825
0.098814
0.068912
0.111446
-0.001523
0.050326
0.162248
0.132329
0.033924
0.184557
0.173359
0.051032
0.042172
0.040428
0.146813
0.091098
-0.076336
0.083616
0.093416
0.125258
0.126307
-0.035767
0.133209
0.311799
0.138029
0.378939
0.309384
0.273353
0.237432
0.219633
0.137927
0.172018
0.108443
0.116659
0.194418
0.094144
0.113261
0.231227
0.260387
0.304103
0.199153
0.161377
0.130699
0.124443
0.094646
0.048047
0.180564
0.080486
0.098868
0.065858
0.114677
0.192395
0.148458
0.250409
0.192600
0.201551
0.059574
0.212059
0.098441
0.000379
0.012778
0.126294
0.095882
0.151912
0.070117
0.146625
0.011445
0.104151
-0.003283
0.099180
0.089336
0.106567
0.070043
0.051227
0.193795
0.070531
0.113071
0.020420
0.065775
-0.039556
0.103445
0.011676
0.084062
0.146890
0.080655
0.223397
0.130638
0.152191
0.049125
0.034958
0.009120
0.094609
0.107080
0.033423
0.024185
0.018706
0.098335
0.113732
0.209472
0.182435
0.064565
0.059065
0.021452
0.128763
0.097307
0.016309
0.019262
0.122986
0.175499
0.197878
0.244036
0.233691
0.000425
0.210761
0.075525
0.085032
0.037076
0.214098
0.200502
0.374642
0.245388
0.407018
0.203413
0.253315
0.291326
0.311568
0.236800
0.190587
0.101830
0.353135
0.185770
0.236603
0.224087
0.073091
0.254252
0.182133
0.058212
0.029350
0.117544
0.137574
0.072786
-0.009562
0.025420
0.084586
0.118319
0.042110
0.126623
-0.045056
0.111631
0.036769
-0.038923
0.084084
-0.016446
0.020040
0.053196
0.049092
0.011168
0.061649
-0.055323
-0.007652
-0.028659
-0.036218
-0.085312
-0.030189
0.080654
0.105659
0.058301
-0.049302
0.081159
0.188030
0.189702
0.112638
0.144078
0.128203
0.031087
0.094888
0.077125
0.051162
0.136687
0.121399
0.199719
0.015892
0.037194
0.087962
-0.005166
0.081420
0.167842
0.003025
0.042914
0.078445
-0.021891
-0.003553
0.009026
0.034021
-0.067693
-0.077370
0.092139
0.017127
0.001514
-0.047424
0.038957
0.007684
0.039798
0.120235
0.106247
0.047984
0.086171
-0.068698
0.103192
0.097913
0.145049
0.134695
0.119114
0.018950
0.140973
0.007794
0.166397
0.189082
0.180517
0.296261
0.113917
0.104244
0.048297
0.106407
0.067919
0.063795
0.068207
0.129046
0.111354
0.177463
0.277041
0.167764
0.125311
0.354901
0.300849
0.465931
0.343759
0.497657
0.398971
0.289537
0.407259
0.575936
0.532747
0.517703
0.691460
0.675977
0.727508
0.820820
0.640540
0.854966
0.726897
0.684986
0.640884
0.673361
0.499114
0.768175
0.617154
0.636639
0.586274
0.503082
0.405160
0.301815
0.422241
0.398850
0.199296
0.245397
0.212685
0.240183
0.175243
0.262818
0.119858
0.273960
0.232514
0.417506
0.432980
0.422359
0.461625
0.393693
0.410613
0.547036
0.443454
0.581122
0.489100
0.663463
0.605836
0.590231
0.651040
0.615918
0.596573
0.571570
0.577623
0.697761
0.679213
0.783722
0.703650
0.839809
0.835679
0.892457
0.874774
0.848940
0.821584
0.863264
0.813331
0.906862
0.911802
0.947386
0.923025
0.925268
0.936851
0.949814
0.928919
0.919199
0.767886
0.833984
0.766776
0.758565
0.694901
0.535083
0.409733
0.563047
0.533054
0.542023
0.688332
0.544298
0.527672
0.445743
0.539215
0.544356
0.520726
0.557638
0.445034
0.475786
0.471440
0.305437
0.418709
0.429802
0.440624
0.357156
0.419894
0.279070
0.407284
0.215176
0.275748
0.252093
0.142523
0.323623
0.275277
0.293423
0.173247
0.179867
0.181299
0.173602
0.176791
0.177973
0.140020
0.260468
0.321441
0.268229
0.197191
0.255545
0.250229
0.167408
0.172544
0.192241
0.114587
0.197598
0.145742
-0.021684
0.072090
0.101732
0.084029
0.096191
0.049972
0.000409
0.111130
0.001430
0.038951
0.159908
0.062726
0.078134
0.114129
0.091193
0.113452
0.178461
0.055540
0.019540
0.048935
0.142704
0.050840
0.031262
0.080142
0.172105
0.035109
0.129670
0.213075
0.189694
0.132103
0.022220
0.177100
-0.000006
0.150591
0.044318
0.058079
0.102369
-0.024791
-0.050814
0.069689
0.053931
0.051270
-0.030811
0.098416
0.103432
0.010304
0.054660
0.032454
-0.099096
0.065877
0.075524
0.080147
0.041153
-0.029364
-0.038959
0.061271
0.029668
-0.062635
0.107813
0.043011
0.188151
0.100871
0.174778
0.185428
0.229807
0.389156
0.446696
0.453266
0.421652
0.543708
0.513944
0.398109
0.521515
0.365388
0.464742
0.543000
0.651480
0.454782
0.603615
0.424848
0.716738
0.694523
0.785630
0.677029
0.774834
0.817888
0.810993
0.854816
0.826703
0.731266
0.820856
0.834171
0.823047
0.792194
0.801770
0.808892
0.711305
0.764821
0.742586
0.738793
0.742459
0.716166
0.696759
0.585513
0.707413
0.556995
0.752133
0.630213
0.655112
0.635286
0.656824
0.584354
0.753420
0.639962
0.810379
0.728077
0.696485
0.703062
0.685317
0.608045
0.655420
0.557098
0.589197
0.508046
0.509051
0.553194
0.564782
0.508044
0.542204
0.347781
0.425220
0.525390
0.681296
0.691462
0.829938
0.716228
0.909804
0.824087
0.925988
0.888990
0.854007
0.847114
0.839930
0.718108
0.898694
0.850085
0.880856
0.839159
0.849821
0.818839
0.858490
0.762114
0.837448
0.730361
0.750376
0.732224
0.722810
0.756239
0.797649
0.733137
0.871753
0.818061
0.924775
0.889517
0.929892
0.888209
0.871715
0.873784
0.886262
0.785344
0.857081
0.841309
0.847941
0.812918
0.848250
0.795981
0.784200
0.764165
0.735815
0.699485
0.534738
0.474053
0.365718
0.465122
0.535358
0.359602
0.489042
0.369424
0.368443
0.215036
0.494631
0.318099
0.412468
0.350801
0.205585
0.092800
0.084604
0.085701
0.074653
0.194408
0.162919
0.128424
0.258100
0.250373
0.202583
0.265574
0.343978
0.156878
0.104039
0.120059
0.345115
0.182930
0.266714
0.207325
0.176661
0.269844
0.169204
0.185283
0.387565
0.214058
0.194089
0.201017
0.166253
0.170824
0.147094
0.051945
0.147533
0.104616
0.282606
0.161107
0.310035
0.375551
0.349103
0.192158
0.435529
0.226199
0.416318
0.304318
0.156933
0.280811
0.135140
0.149801
0.279579
0.242612
0.421512
0.380038
0.513060
0.389360
0.510081
0.343213
0.594670
0.492291
0.694489
0.630555
0.699850
0.536529
0.686600
0.633154
0.783045
0.741875
0.694587
0.770084
0.714755
0.625446
0.584111
0.506661
0.386671
0.339560
0.327879
0.216496
0.483539
0.281037
0.304525
0.248018
0.352014
0.376349
0.455122
0.453164
0.536620
0.474474
0.622757
0.397588
0.443519
0.393622
0.522472
0.491753
0.537837
0.611789
0.543597
0.463789
0.655627
0.668277
0.529437
0.521497
0.253657
0.330428
0.304872
0.280110
0.245285
0.193062
0.251864
0.195237
0.221053
0.110587
0.053095
0.091747
0.187307
0.081713
0.139795
0.125072
0.128203
0.007855
0.133863
0.142625
0.020170
0.198517
0.123094
0.148358
-0.011331
0.038861
0.049269
0.071522
0.051760
0.067352
0.129237
0.079106
0.116553
0.165063
0.112086
-0.026679
0.211379
0.170682
0.263809
0.150815
0.338782
0.108198
0.136828
0.192017
0.326399
0.269295
0.074567
0.109722
0.169359
0.140719
0.249985
0.129700
0.122377
0.155153
0.125076
0.118118
0.127756
0.108398
0.118600
0.152380
0.104414
0.060002
0.075864
0.152718
0.112866
0.137804
0.091340
0.006390
0.108039
0.132316
0.091502
0.138043
0.156999
0.007589
0.140087
0.213493
0.388794
0.402218
0.230408
0.202830
0.131904
0.104507
0.137808
0.041829
0.080984
0.155567
0.138305
0.120307
0.064671
0.110434
0.093435
0.065185
0.227181
-0.000825
0.263272
0.007227
0.126134
0.038444
0.024996
0.043148
0.187032
0.102519
0.082933
0.049685
0.033882
-0.029945
0.096301
0.078889
0.100142
0.004962
0.002039
0.015769
-0.084404
0.034375
-0.019722
0.051327
-0.006071
-0.002425
0.108772
0.084616
0.124387
0.088405
0.045881
0.036650
0.075551
0.041034
0.130083
0.080775
-0.013437
0.116567
0.140783
0.104986
0.111710
0.148194
0.124340
0.058287
0.182851
0.125470
0.017003
0.136166
0.058793
0.154300
0.185944
0.076287
0.272641
0.184642
0.095413
0.159500
0.247243
0.138254
0.263354
0.075158
0.246900
0.151635
0.117837
0.108463
0.377624
0.328582
0.209139
0.016412
0.131507
0.175508
0.185565
0.219597
0.238435
0.223815
0.214407
0.052115
0.087028
0.133137
0.139049
0.006529
0.205160
0.148596
0.136778
0.125656
0.001783
0.121719
0.120508
0.139282
0.072984
0.088632
0.204779
0.146297
0.099138
0.178673
0.062257
0.123064
0.205308
0.142803
0.106573
0.136284
0.152128
0.148981
0.153512
0.050623
0.116644
0.165021
0.096825
0.108558
0.118084
0.081707
0.067249
0.194932
0.119380
0.114323
0.034103
0.077745
0.001248
0.056675
0.028355
0.073297
0.036465
-0.088043
0.076858
0.037198
0.126697
0.079382
-0.124795
0.122209
0.077324
0.084287
0.058875
0.113278
0.033607
0.130196
0.044291
0.050398
0.018647
0.102224
0.061474
0.000001
0.129491
0.003025
0.014457
0.094404
0.000450
0.157707
0.023150
0.123141
0.073297
0.174578
0.031024
0.164667
0.182241
0.155408
0.268268
0.215178
0.170719
0.067588
0.085301
0.066509
-0.018633
