0.035304
-0.056591
-0.021779
-0.019467
0.016048
-0.066704
0.108960
-0.139527
0.005657
0.098637
0.076483
0.044937
0.023366
0.068199
0.118336
-0.000226
0.078399
0.117170
0.021928
0.042634
0.087123
-0.016336
0.021981
-0.002820
0.024238
0.109464
0.234572
0.155426
0.229773
0.033269
-0.006088
0.175980
0.094615
0.058280
0.092067
0.165500
0.051723
0.224809
0.171909
0.203965
0.103672
0.157040
-0.012993
0.122167
0.125144
0.210204
0.254599
0.091708
0.228861
0.165072
-0.043140
0.090453
0.039451
0.020797
0.003859
0.118609
0.029894
0.082070
0.079144
0.156688
0.062932
0.133812
0.107696
0.109125
0.030747
0.069275
0.210763
0.153992
0.249380
0.113771
0.149252
0.184199
0.221276
0.017882
0.029998
0.195194
0.109235
0.095627
0.092227
0.299274
0.211468
0.292174
0.175118
0.160678
0.131300
0.173978
-0.083553
0.147660
0.076821
0.022068
0.109352
0.270942
-0.039993
0.080408
0.138169
0.163616
0.113567
0.007831
0.130556
0.174253
0.004210
0.142671
-0.012222
0.112095
0.098330
0.069455
0.065501
0.242034
0.110034
0.188278
0.188305
0.187813
0.195098
0.222663
0.262083
0.187634
0.152426
0.211274
0.077342
0.234685
0.245565
0.114755
0.068152
0.140883
-0.011367
0.196026
0.001486
0.203806
0.007235
0.179084
0.001463
0.045267
0.119540
0.090939
0.103487
0.019749
0.017204
0.089107
0.016166
0.140829
0.112234
0.169030
0.179139
0.192376
0.088246
0.252306
-0.062755
0.154492
0.167811
0.127960
0.117429
0.222020
0.083031
0.351494
0.233759
0.362152
0.322418
0.605072
0.654421
0.724163
0.714901
0.664128
0.689390
0.630228
0.593720
0.638157
0.449505
0.720572
0.646802
0.602178
0.598337
0.546094
0.507911
0.580654
0.500878
0.625038
0.551767
0.330471
0.404458
0.442885
0.342124
0.368075
0.206092
0.258832
0.269699
0.220824
0.220932
0.289306
0.218144
0.120838
0.164890
0.328856
0.253749
0.169540
0.214438
0.051476
0.198269
0.138052
0.047218
0.110610
0.065514
0.007437
0.071894
-0.037392
0.075626
0.124639
0.035507
0.076139
0.015268
-0.095789
-0.028796
0.036934
-0.027984
0.119849
0.070788
0.182675
0.176454
-0.002693
0.042181
0.264541
0.021001
0.015471
0.051926
0.197443
0.226167
0.057736
0.076247
0.277015
0.263382
0.197832
0.310066
0.132081
0.129745
0.083095
0.037710
0.277355
0.004733
0.081896
0.099745
-0.042505
-0.012049
0.038416
0.139114
-0.008729
-0.026801
0.102703
-0.013438
0.119308
-0.010149
0.020359
0.014303
0.012242
0.105640
0.120320
-0.088396
0.042411
-0.020366
0.184668
0.203359
0.239544
0.293368
0.215681
0.158654
0.252375
0.162531
0.126928
0.107856
0.249453
0.177538
0.374510
0.247697
0.354679
0.291705
0.223640
0.234202
0.232712
0.202620
0.184993
0.102617
0.313443
0.242359
0.333477
0.157570
0.094046
0.274193
0.314766
0.220825
0.285684
0.300655
0.199872
0.364777
0.340267
0.336599
0.305829
0.121423
0.312590
0.182138
0.236484
0.232039
0.143632
0.227301
0.158573
0.115710
0.089208
0.221802
0.052604
0.097105
0.172657
0.083486
0.214885
0.057628
0.332123
0.196446
0.245669
0.234542
0.191107
0.267687
0.167082
0.154882
0.157716
0.120989
0.084764
0.154540
0.163966
0.181351
0.203281
0.035818
0.278124
0.062436
0.243225
0.159265
0.363937
0.373216
0.399348
0.341729
0.348468
0.203092
0.110455
0.086973
0.098715
-0.030165
0.121444
0.072167
0.076105
0.065281
-0.022060
0.078767
-0.132039
0.005424
0.090387
-0.025817
0.032830
-0.019269
0.047740
-0.063969
0.059782
0.195414
0.101424
0.124633
0.218626
0.123572
0.122964
0.155702
0.176952
0.123163
0.114675
0.130699
0.129951
0.095282
0.153313
0.019455
0.058561
-0.070445
0.009887
0.083008
0.121839
0.103689
0.064930
0.118954
0.179297
0.220452
0.064847
0.194385
0.137696
0.198919
0.096923
0.151736
0.102611
0.129568
-0.027904
0.052699
0.099248
0.074506
0.128508
0.132407
0.139475
0.131570
0.149635
0.088097
0.416121
0.199468
0.145472
0.191000
0.051519
0.246376
0.209163
0.084440
0.259393
0.335344
0.161676
0.115681
0.285293
0.056158
0.299033
0.258893
0.326466
0.296479
0.238819
0.308093
0.191363
0.166889
0.338420
0.163509
0.468847
0.240072
0.377820
0.245252
0.239814
0.275248
0.464074
0.335804
0.592079
0.446072
0.600504
0.446601
0.552323
0.657179
0.494778
0.517918
0.734687
0.317029
0.484346
0.452425
0.510042
0.390852
0.595495
0.456389
0.590735
0.657374
0.524612
0.469255
0.494723
0.447249
0.665977
0.537791
0.683385
0.632069
0.764263
0.736210
0.805500
0.636334
0.877151
0.679193
0.842480
0.705554
0.686843
0.761430
0.618774
0.557205
0.663346
0.623358
0.701271
0.621370
0.636727
0.659331
0.608994
0.504970
0.511967
0.329628
0.350162
0.415153
0.425901
0.457669
0.495449
0.490622
0.587014
0.439282
0.629288
0.607322
0.518813
0.531275
0.487132
0.447039
0.440265
0.350322
0.302777
0.258278
0.354623
0.220918
0.282856
0.182853
0.341299
0.273663
0.336828
0.290493
0.274372
0.159743
0.441973
0.328596
0.424925
0.449247
0.412988
0.485618
0.443932
0.429460
0.458387
0.453092
0.414803
0.405689
0.598593
0.473401
0.610651
0.521250
0.548135
0.581040
0.773866
0.625677
0.804418
0.771903
0.691400
0.778450
0.833869
0.801305
0.831673
0.784159
0.847174
0.771371
0.756261
0.731599
0.836191
0.755804
0.849479
0.808659
0.813581
0.745370
0.648506
0.589773
0.572871
0.495777
0.539297
0.399787
0.582077
0.565762
0.453619
0.356656
0.249811
0.304908
0.288874
0.323827
0.370374
0.445537
0.435086
0.608641
0.554177
0.493744
0.617595
0.424208
0.636501
0.502740
0.509558
0.389202
0.435140
0.586479
0.603509
0.529912
0.813957
0.809658
0.849567
0.815493
0.780891
0.740531
0.826088
0.788057
0.893498
0.907375
0.839956
0.722870
0.654159
0.670303
0.616676
0.310672
0.386615
0.222280
0.493232
0.234784
0.364545
0.397264
0.305219
0.457769
0.352674
0.397446
0.309618
0.371418
0.520760
0.307809
0.469387
0.326253
0.526308
0.546068
0.542372
0.462022
0.610545
0.600610
0.677594
0.400707
0.690377
0.558451
0.546925
0.444541
0.633327
0.509801
0.770541
0.613010
0.795159
0.754896
0.724971
0.773889
0.741776
0.576636
0.760407
0.445066
0.674995
0.637814
0.458507
0.422927
0.451569
0.308609
0.584345
0.362525
0.669586
0.432451
0.552909
0.497612
0.569941
0.674566
0.669612
0.581099
0.602413
0.625230
0.539906
0.536563
0.186027
0.254966
0.420649
0.248978
0.305763
0.344816
0.363136
0.299470
0.380205
0.304544
0.261222
0.199836
0.153720
0.149397
0.231368
0.052436
0.031774
0.059468
0.211951
0.235164
0.109228
0.078689
0.120700
0.044104
0.035468
0.158769
0.176457
0.144167
0.161146
0.176198
0.279089
0.123683
0.058661
0.134938
0.119379
0.071763
0.111873
0.191082
0.139092
-0.019771
0.103549
0.305648
0.282688
0.241254
0.402934
0.305957
0.315376
0.412309
0.399511
0.469815
0.413840
0.365567
0.622212
0.491471
0.670312
0.599278
0.612000
0.602077
0.545655
0.551118
0.663093
0.558580
0.700922
0.570274
0.659459
0.534602
0.655418
0.635840
0.804690
0.763535
0.764539
0.799488
0.825173
0.805755
0.813024
0.837772
0.900835
0.826478
0.830303
0.672452
0.515665
0.464515
0.434022
0.349595
0.392116
0.383735
0.461880
0.421930
0.521563
0.388675
0.373330
0.420894
0.503073
0.311117
0.494069
0.408933
0.446327
0.440922
0.398978
0.331001
0.385843
0.462436
0.507614
0.545438
0.719162
0.708999
0.759916
0.617615
0.769456
0.718605
0.778814
0.764881
0.610780
0.493583
0.729443
0.713661
0.909191
0.863839
0.807934
0.843365
0.822920
0.771020
0.744125
0.726944
0.733751
0.690241
0.630632
0.621045
0.706249
0.532294
0.716940
0.546176
0.687342
0.719333
0.660770
0.690580
0.650432
0.641307
0.674268
0.624858
0.814961
0.770812
0.797791
0.729273
0.764314
0.691112
0.493940
0.346136
0.302496
0.149504
0.225466
0.369791
0.497691
0.302854
0.394752
0.131469
0.346931
0.361175
0.342696
0.343642
0.223401
0.262226
0.379522
0.242994
0.431413
0.318121
0.394448
0.482242
0.366493
0.337802
0.678901
0.517035
0.672640
0.663819
0.617041
0.651799
0.783243
0.823982
0.916797
0.733517
0.940406
0.922661
0.932578
0.943305
0.934813
0.919045
0.935724
0.899158
0.942089
0.938808
0.921930
0.843164
0.816389
0.783392
0.775854
0.622897
0.613271
0.672800
0.570209
0.475330
0.348936
0.300844
0.404577
0.312309
0.369607
0.375944
0.366369
0.289014
0.256261
0.039166
0.323795
-0.025712
0.168706
0.084637
0.133781
0.072049
0.176326
0.145415
0.083548
0.032420
-0.035810
0.101641
0.055391
0.063233
-0.014951
0.079582
0.143435
0.053578
0.142874
0.111880
0.101729
0.123984
0.075231
0.147373
0.185612
0.103983
0.283464
0.222884
0.294572
0.213893
0.519326
0.274849
0.262913
0.218921
0.333651
0.245091
0.303813
0.458659
0.425699
0.363388
0.452607
0.439747
0.691962
0.675226
0.595802
0.497850
0.521438
0.385921
0.489986
0.323303
0.473811
0.275361
0.254504
0.066125
0.263637
0.177606
0.121146
0.176200
0.264967
0.208839
0.109516
0.093482
0.031406
-0.062593
0.082359
0.006296
0.070785
-0.016268
0.013908
0.062033
0.136645
0.036569
-0.001279
0.075522
0.005061
0.051478
-0.019026
0.040810
0.088270
-0.101524
-0.043680
0.085613
0.122994
0.072610
0.118736
0.058990
0.117632
0.132321
-0.002239
0.017269
0.067274
0.042661
0.005973
0.082428
0.138768
-0.067426
0.063358
0.060265
0.055150
0.150306
0.074486
0.193787
0.066679
0.113111
0.163962
0.133995
0.215239
0.163313
0.167551
0.138989
0.135822
0.091770
0.273101
0.146379
0.237517
0.168976
0.029922
0.136792
0.167768
0.185622
0.154272
0.017762
0.205199
0.037295
0.187736
0.153383
0.317376
0.107517
0.298623
0.158949
0.194141
-0.012860
0.395944
0.337442
0.493367
0.364175
0.593465
0.545280
0.812055
0.761250
0.803364
0.751271
0.594004
0.559021
0.671559
0.502664
0.471649
0.434178
0.250428
0.252014
0.267484
0.066664
0.173714
0.242512
0.342207
0.268262
0.170880
0.408162
0.324015
0.107185
0.265963
0.127371
-0.039861
