0.041660
0.082558
0.182771
0.013365
0.160698
0.072194
0.086974
-0.022331
0.020191
0.166033
0.032657
0.211088
0.124945
0.209307
0.174412
0.258978
0.239414
0.356169
0.158887
0.291336
0.208962
0.385193
0.238568
0.465571
0.254938
0.322929
0.369188
0.511810
0.304625
0.531307
0.348726
0.537867
0.395238
0.408002
0.526728
0.425595
0.279363
0.271945
0.280653
0.219700
0.201773
0.186245
0.203906
0.101533
0.083538
0.348660
0.070592
0.460083
0.203464
0.426309
0.252182
0.309037
0.280087
0.442436
0.179803
0.338318
0.367691
0.087456
0.198316
0.089917
0.129768
0.235938
0.082489
0.227913
0.083023
0.103913
0.097245
0.200367
0.149853
0.160056
0.026647
0.085703
0.033439
0.139424
0.134029
0.071008
0.074364
0.082456
0.038495
0.111610
0.158762
0.013526
0.092847
0.089116
0.052030
0.126809
0.081305
0.036665
0.236971
0.208238
0.098085
0.325311
0.113576
0.018127
0.016650
-0.056302
0.032698
0.053168
0.140997
-0.021333
0.014630
0.258788
0.055287
0.085502
0.149936
0.101444
0.154475
0.083399
0.149086
0.256564
0.115788
0.269111
0.343997
0.194162
0.062513
0.200778
0.121180
0.243024
0.244319
0.184119
0.063601
0.125528
0.081585
0.096266
0.137733
0.135111
0.102596
-0.035595
0.028469
-0.019850
-0.095613
-0.149361
-0.035159
0.081304
0.077408
0.017950
0.064296
0.112891
0.045534
0.252960
0.070428
0.194106
0.138222
0.142239
0.252594
0.094578
0.041247
0.347468
0.051068
0.257348
0.144303
0.206995
0.153735
0.283883
0.193234
0.217202
0.249025
0.107792
0.115408
0.288275
0.260044
0.248760
0.391096
0.056464
0.249638
0.295124
0.127988
0.015137
0.179241
0.167766
0.207855
0.338344
0.077396
0.182676
0.119715
0.371537
0.289042
0.300098
0.107487
0.241046
0.176624
0.130874
0.086838
0.189770
0.060762
0.200597
-0.034265
0.164154
0.103282
0.180926
0.108044
0.182103
0.174709
0.202903
0.106521
0.166218
0.196054
0.240693
0.144316
0.274643
0.224925
0.189016
0.068111
0.483341
0.193034
0.276230
0.178163
0.312896
0.133511
0.229726
0.206152
0.186805
0.273645
0.138546
0.172702
0.282835
0.128374
0.278612
0.094361
0.276054
0.133948
0.225205
0.324875
0.274550
0.315757
0.274976
0.345904
0.365376
0.292933
0.319513
0.109390
0.455518
0.236963
0.140911
0.161415
0.174086
0.149425
0.155495
0.067492
0.152414
0.129861
-0.042922
-0.027782
0.052601
0.017832
0.118102
-0.022264
-0.018161
0.050256
0.085770
0.106126
0.086927
0.105904
0.089271
0.213938
0.115975
0.112352
0.264437
0.097267
0.155914
0.009610
0.150499
0.158904
0.233561
0.278882
0.340335
0.141807
0.301378
0.207164
0.205791
0.314844
0.378331
0.270664
0.432818
0.434678
0.316383
0.332850
0.253359
0.057617
0.226205
0.107477
0.135277
0.101789
0.045070
0.131167
0.046531
0.221296
0.196884
0.199744
0.043148
0.144117
0.138269
0.132440
0.012669
0.064228
0.077753
0.115244
0.076505
-0.046567
0.154822
0.081401
0.139695
0.170568
0.105861
0.130629
0.190261
0.062024
0.178172
0.087414
0.095949
-0.061430
-0.012700
0.034529
0.018328
0.145961
0.065495
-0.026879
-0.034078
-0.042263
0.130810
-0.066690
0.055646
0.047251
0.073579
0.051615
0.092586
0.030920
0.128903
0.027933
0.078665
0.180828
0.231817
0.071740
0.130211
0.235928
0.424987
0.337659
0.235073
0.216297
0.430349
0.203029
0.263909
0.209387
0.239400
0.132592
0.049711
0.213574
0.292967
0.138659
0.232052
0.317547
0.361224
0.342244
0.304853
0.299678
0.355198
0.394654
0.291731
0.124837
0.402651
0.241958
0.191157
0.017824
0.226700
0.081794
0.385822
0.334348
0.259607
0.429834
0.286099
0.203288
0.218043
0.072910
0.336583
0.004639
0.197498
0.114192
0.284249
0.141864
0.388572
0.095420
0.238652
0.140965
0.221759
0.323606
0.145411
0.173773
0.257011
0.365805
0.325472
0.095444
0.192459
0.208597
0.168904
0.249801
0.376934
0.225282
0.445685
0.167685
0.643878
0.534903
0.594822
0.675385
0.712608
0.673253
0.793837
0.684955
0.856552
0.792328
0.772718
0.662648
0.682013
0.603595
0.702751
0.422938
0.633477
0.505809
0.561917
0.371603
0.318346
0.381790
0.309721
0.190352
0.312335
0.157463
0.222392
0.090241
0.120882
0.146327
0.191086
0.121711
0.206462
0.033273
0.100272
-0.000841
0.192418
0.151267
-0.000988
0.132028
0.222154
0.187269
0.061359
0.125549
0.207312
0.063660
0.097293
0.140082
0.225750
0.302949
0.192997
0.348256
0.260154
0.206935
0.195380
0.144095
0.229867
0.185478
0.184085
0.050655
-0.008741
-0.065075
0.162037
0.127128
0.077546
0.106105
0.214521
0.151475
0.132947
0.115367
0.077810
0.036111
0.143233
0.043794
-0.035424
-0.033148
0.166003
0.147056
0.128542
0.130941
0.154909
-0.074697
-0.024970
-0.051753
-0.046392
0.072497
0.114022
0.078225
0.129609
0.045991
-0.033454
0.053115
0.035407
0.025513
0.092674
0.060863
0.043037
0.246555
0.247040
0.087338
0.176789
0.110726
0.132613
0.038229
0.093468
0.126877
0.084285
-0.009880
0.007645
-0.040184
0.055630
-0.042422
0.010696
-0.016160
0.061965
0.025283
0.196484
0.202121
0.071080
-0.030208
0.260321
0.102835
0.074167
0.115494
0.379767
0.241812
0.524352
0.513632
0.622873
0.533509
0.614012
0.632413
0.801740
0.657833
0.772311
0.558171
0.735781
0.615323
0.698318
0.760415
0.751511
0.689156
0.882674
0.830855
0.937889
0.930280
0.837968
0.806000
0.760165
0.725984
0.766469
0.603289
0.805253
0.714681
0.741557
0.667666
0.604071
0.662935
0.588434
0.622468
0.706046
0.608626
0.625225
0.493904
0.683988
0.556753
0.641659
0.437085
0.608066
0.423023
0.526710
0.247686
0.359245
0.419794
0.261820
0.384388
0.430605
0.399053
0.391519
0.395191
0.368659
0.376164
0.580430
0.435794
0.690372
0.686147
0.472685
0.558964
0.542946
0.475517
0.627008
0.418142
0.375170
0.488412
0.271709
0.278024
0.320312
0.219285
0.380865
0.208638
0.458628
0.205672
0.274994
0.399577
0.359124
0.248172
0.316797
0.081793
0.364058
0.132910
0.160099
0.240525
0.259623
0.382089
0.353773
0.376496
0.383640
0.269401
0.429397
0.365834
0.589033
0.409849
0.548777
0.490407
0.670733
0.693819
0.660242
0.548370
0.560946
0.489781
0.586991
0.412985
0.574291
0.471477
0.522911
0.473661
0.385730
0.391650
0.494170
0.214491
0.495499
0.349026
0.450614
0.231222
0.148283
0.153972
0.224257
-0.009549
0.288045
0.201085
0.287044
0.113602
0.124157
0.203069
0.224981
0.107953
0.234872
0.148544
0.294416
0.280210
0.366898
0.368967
0.519297
0.311200
0.579630
0.639817
0.580098
0.398500
0.569633
0.391445
0.391391
0.354594
0.459755
0.444711
0.630748
0.602545
0.664275
0.474353
0.629153
0.476053
0.561447
0.469463
0.519473
0.370425
0.488670
0.322152
0.374697
0.386227
0.477602
0.479513
0.341270
0.237463
0.516280
0.256498
0.452540
0.312235
0.500293
0.322393
0.425293
0.336987
0.394611
0.441651
0.453552
0.209735
0.415090
0.260114
0.265937
0.146276
0.128827
0.130441
0.310116
0.127247
0.256751
0.219297
0.168750
0.022985
0.146534
-0.030564
0.248187
-0.038076
0.137262
0.113095
0.165422
0.167897
0.232851
0.052945
0.138891
0.085304
0.347139
0.251477
0.175375
0.213151
0.209191
0.123577
0.104835
0.178538
0.333140
0.163466
0.345029
0.171606
0.247543
0.274548
0.311923
0.268806
0.222373
0.234099
0.290355
0.102075
0.202996
0.245139
0.206090
0.097781
0.142837
0.131779
0.191815
0.098985
0.122192
0.073046
0.092094
0.215411
-0.011911
0.066572
0.069140
-0.038652
0.070100
0.030462
0.112305
0.038302
0.045913
-0.100390
0.020169
-0.052181
0.003048
-0.031578
-0.103899
0.135241
0.097472
0.013214
-0.001194
0.011553
0.106920
-0.020632
0.088188
0.031904
0.051476
0.051447
0.069697
0.003898
-0.032800
-0.010696
0.092943
0.064760
0.026396
0.147718
0.015948
0.144161
0.247396
0.081289
0.195400
0.184307
0.150748
0.111312
0.247202
0.107526
0.375007
0.138906
0.251359
0.066828
0.157007
-0.015499
0.185871
0.063783
0.116907
-0.017369
0.113340
0.035062
0.124688
0.118603
0.084779
0.026025
-0.006868
0.073885
0.118282
0.048782
0.181913
0.141665
0.037575
0.123268
0.237062
0.005358
0.029009
0.095187
0.114845
-0.010189
0.080703
0.108396
0.111629
0.051130
0.001144
0.108147
0.008996
-0.078738
-0.127246
0.053638
0.047338
0.010921
0.007508
0.209080
0.000345
0.022289
0.004626
0.001272
0.112339
0.101781
0.167531
-0.012751
0.192998
0.095456
0.196817
0.046000
0.127989
0.089450
0.383291
0.291979
0.423627
0.472972
0.544666
0.537403
0.696490
0.470537
0.672617
0.702708
0.861299
0.811167
0.747095
0.695557
0.744668
0.661728
0.623983
0.649547
0.638888
0.547228
0.509689
0.467657
0.287709
0.370986
0.436335
0.347050
0.392931
0.397725
0.689604
0.701538
0.774953
0.800155
0.880641
0.875676
0.936593
0.903846
0.841447
0.893433
0.594897
0.688109
0.834026
0.635742
0.812087
0.827911
0.796352
0.721245
0.722364
0.516939
0.528977
0.645045
0.622686
0.661818
0.501925
0.612122
0.638443
0.542396
0.606928
0.413772
0.608643
0.506250
0.670115
0.553323
0.599307
0.634454
0.672449
0.551832
0.591866
0.438364
0.219629
0.087270
0.225748
0.344824
0.427689
0.339720
0.529857
0.391832
0.344185
0.187828
0.377318
0.203720
0.395669
0.304076
0.282831
0.322070
0.390278
0.354882
0.572428
0.335761
0.553976
0.236836
0.464287
0.310361
0.581736
0.548597
0.554093
0.426784
0.563130
0.425043
0.655350
0.639836
0.637183
0.655963
0.727819
0.626979
0.669520
0.496781
0.554299
0.612610
0.525278
0.506103
0.527505
0.373747
0.730976
0.598775
0.828687
0.716574
0.754625
0.731314
0.690296
0.632654
0.607207
0.412390
0.577636
0.709985
0.501115
0.564856
0.517989
0.162361
0.360387
0.111226
0.366752
0.390371
0.376830
0.336826
0.303913
0.329027
0.380310
0.254354
0.324436
0.326632
0.289619
0.367061
0.478218
0.649082
0.556719
0.568233
0.639204
0.630693
0.668139
0.397299
0.571695
0.500935
0.389124
0.424589
0.465842
0.239917
0.449102
0.365575
0.532453
0.272451
0.349274
0.217269
-0.003465
