0.058118
0.086760
0.132829
0.099885
0.173260
0.129601
0.075902
0.096791
0.067609
0.162758
0.061073
0.014271
0.141406
-0.024866
0.101186
0.039693
0.057892
0.074568
0.034478
0.137192
0.023867
0.108516
0.077872
0.111360
0.033924
0.155244
0.095406
0.145350
0.099707
0.010466
0.066175
0.103957
0.140930
0.160584
-0.006500
0.061083
0.076066
0.087896
-0.020686
0.131100
0.130782
0.061044
0.141343
0.105212
0.117860
0.008955
0.103048
0.053015
0.061731
0.039670
0.112925
0.097198
0.126652
0.110188
0.131848
0.049166
0.075740
0.074604
0.042820
-0.004539
0.092502
0.049169
0.087937
0.061715
0.084325
0.040822
0.062145
0.055318
0.019706
0.159570
0.047840
0.125636
0.111933
0.066299
0.118282
0.234164
0.081466
0.070105
0.209612
0.213001
0.188244
0.186471
0.193433
0.217384
0.219311
0.335249
0.132740
0.454313
0.277026
0.405549
0.357791
0.365734
0.242073
-0.004764
0.179152
0.427872
0.267099
0.303945
0.306392
0.206198
0.164190
0.243611
0.144504
0.056433
0.125275
0.183541
0.126243
0.024226
0.125491
-0.017535
0.125835
-0.040971
-0.016107
0.125867
0.102413
0.163463
0.124267
0.082526
0.184499
0.145842
0.132261
0.184604
0.236808
0.343376
0.214380
0.178977
0.262612
0.307033
0.235495
0.127197
0.147464
0.114223
0.065922
0.228642
0.011229
0.244536
0.167711
0.005685
0.139525
0.172601
0.042548
0.026603
0.022218
0.037421
0.008123
-0.003855
0.036659
0.030361
-0.004868
0.010516
-0.004312
0.118097
0.122150
0.022043
0.152071
0.155006
0.023045
-0.001566
0.132602
0.186937
0.037633
0.110454
0.066852
0.125096
0.116355
0.175450
-0.064421
0.079278
0.053517
0.194417
0.049605
0.154626
0.261240
0.120541
0.228336
0.279942
0.106868
0.281972
0.235263
0.239104
0.131390
0.215126
0.095111
0.324757
0.127072
0.173188
0.166548
0.141836
0.134184
0.316374
0.073285
0.074834
0.124187
0.210145
0.142355
0.203028
0.185855
0.229346
0.218201
0.226378
0.232388
0.150212
0.122248
0.271512
0.212096
0.134294
0.232117
0.171304
0.118977
0.174424
0.151568
0.092937
0.158348
0.147757
0.071056
0.088080
0.106711
0.072781
0.131578
0.091054
0.017453
0.158542
0.155604
0.125986
0.310635
0.129390
0.109954
0.234656
0.099215
0.155073
0.061333
0.209971
0.137642
0.224578
0.152997
0.250978
0.112090
0.242942
0.214060
0.244847
0.233582
0.199125
0.196316
0.077268
0.283658
0.201882
0.101807
0.213524
0.042212
0.099114
0.036465
0.120465
0.009143
0.095078
-0.018905
0.226291
0.243843
0.127425
0.085459
0.097849
0.068011
0.093107
0.135156
0.175317
0.195039
0.114463
0.050372
0.172334
0.160705
-0.023376
0.107937
0.065769
0.025106
0.096216
0.068329
0.074441
0.006365
-0.039012
0.141803
0.199546
-0.014382
0.062423
0.065355
0.209090
0.143327
0.242204
0.227996
0.307961
0.212224
0.246522
-0.051478
0.130735
0.049631
0.106772
0.010418
0.087138
0.132150
0.094387
0.161807
-0.033157
0.047664
0.187365
0.127706
0.253180
0.149696
0.025724
0.188106
0.060212
0.127861
0.033968
0.186904
0.082501
0.102614
-0.013909
0.080878
0.180666
0.041629
-0.002519
0.138094
0.017913
0.213220
0.132912
0.060269
0.188654
0.167267
0.096501
0.142236
0.069908
0.110724
0.136939
0.077721
-0.024228
0.045304
0.032012
0.044555
0.044613
0.057826
-0.017213
0.135605
0.099682
0.101146
0.188608
0.017278
0.118973
0.118741
0.151489
0.085348
0.062224
0.266955
0.238929
0.225322
0.307202
0.324367
0.140733
0.365559
0.303246
0.132339
0.205567
0.141358
0.074166
0.082666
0.129511
0.113475
0.116336
0.109088
0.117171
0.183174
0.132359
0.179507
0.335547
0.238710
0.368153
0.413808
0.243304
0.171147
0.223516
0.160936
0.232099
0.134863
0.260157
0.135976
0.132510
0.263632
0.310216
0.227037
0.332053
0.353882
0.297272
0.362024
0.230822
0.220335
0.398032
0.362266
0.292342
0.381367
0.480276
0.399438
0.404016
0.446407
0.592886
0.610897
0.677065
0.662793
0.574288
0.545349
0.603596
0.406557
0.558558
0.575447
0.479918
0.542737
0.389674
0.476965
0.678837
0.647834
0.830503
0.753218
0.707257
0.714698
0.703645
0.570652
0.578855
0.399606
0.283755
0.199669
0.385603
0.290523
0.329371
0.237820
0.273714
0.296568
0.334253
0.429688
0.426581
0.477330
0.511739
0.458164
0.537190
0.563623
0.622341
0.521139
0.735428
0.598670
0.762658
0.688362
0.803305
0.811955
0.828175
0.769910
0.770063
0.769373
0.735628
0.733085
0.708139
0.604694
0.757857
0.775411
0.773144
0.652155
0.657138
0.613241
0.424754
0.426393
0.448047
0.465098
0.521300
0.377321
0.478413
0.472040
0.632007
0.610567
0.720936
0.704910
0.656557
0.646564
0.453530
0.333946
0.388589
0.160312
0.341346
0.213089
0.333481
0.220095
0.328798
0.210802
0.367615
0.366611
0.461193
0.355327
0.473472
0.374566
0.250028
0.453317
0.293432
0.346610
0.423402
0.369216
0.367836
0.297543
0.502448
0.491047
0.379976
0.357668
0.476114
0.295093
0.521078
0.426704
0.419658
0.368578
0.448186
0.397916
0.542567
0.455898
0.665898
0.552224
0.493116
0.462150
0.741814
0.720887
0.816656
0.847036
0.688986
0.763607
0.711605
0.726464
0.746696
0.705389
0.765542
0.583940
0.609058
0.527572
0.587123
0.528492
0.604905
0.512491
0.417935
0.539699
0.413740
0.371716
0.436619
0.358352
0.490712
0.475401
0.468558
0.373923
0.492487
0.543455
0.722969
0.593865
0.776384
0.712164
0.785347
0.770516
0.690514
0.688885
0.757406
0.584747
0.621961
0.577513
0.558048
0.536556
0.517479
0.442098
0.266003
0.355326
0.450297
0.522038
0.449933
0.502320
0.479308
0.412228
0.509224
0.467893
0.366911
0.374243
0.447583
0.409874
0.436952
0.478179
0.263239
0.326320
0.304441
0.128390
0.270050
0.088195
0.209927
0.098775
0.175503
0.136280
0.401808
0.232509
0.431142
0.283055
0.280379
0.225663
0.151888
0.213212
0.147979
0.071401
0.227988
0.287504
0.244992
0.350186
0.420365
0.379181
0.263811
0.390389
0.236365
0.166850
0.183482
0.122121
0.243877
0.096514
0.393176
0.225534
0.382971
0.270538
0.354781
0.232543
0.101439
0.120802
0.263273
0.283628
0.470692
0.342979
0.227868
0.241590
0.167077
0.205444
0.196768
0.107159
0.056009
0.044169
0.019353
0.131184
0.166096
0.104452
0.142281
0.282531
0.285500
0.162797
0.150071
0.225389
0.229595
0.273534
0.425316
0.339033
0.421575
0.401607
0.188727
0.216648
0.297938
0.346262
0.306132
0.199799
0.120306
0.153028
0.331563
0.208354
0.187708
0.242083
0.325365
0.204188
0.346594
0.271278
0.135944
0.325051
0.335889
0.157251
0.486772
0.280999
0.527960
0.339390
0.496544
0.500389
0.546882
0.476062
0.540609
0.460757
0.551564
0.324838
0.298111
0.330091
0.462634
0.409235
0.521181
0.410494
0.550226
0.427914
0.375034
0.261010
0.180573
0.357541
0.121099
0.275838
0.301846
0.168856
0.073817
0.074921
0.128450
0.012266
0.073844
-0.014883
0.098023
0.052790
0.109732
0.089787
0.103691
0.221682
0.130886
0.147095
0.272537
0.178958
0.260436
0.355863
0.398512
0.268940
0.163730
0.338815
0.218405
0.115092
0.312803
0.218701
0.238734
0.312685
0.304346
0.172891
0.180082
0.139268
0.355929
0.287485
0.293327
0.457936
0.235912
0.277840
0.333381
0.272290
0.260564
0.263586
0.214228
0.211422
0.113581
0.120210
0.162958
0.125706
0.258499
0.030237
0.012965
0.129300
0.149248
0.065039
0.078044
0.044178
0.127276
-0.023669
0.148597
0.049955
-0.034549
0.031416
-0.007107
0.109971
0.095356
0.064784
0.017398
0.061021
0.128701
0.064140
0.119089
0.044106
0.037560
0.161949
-0.099373
0.088170
0.022921
0.082035
-0.002150
0.042681
0.136941
0.040676
0.015926
0.028376
-0.050709
0.037814
-0.012353
-0.065074
-0.040763
0.041386
-0.044442
0.006598
-0.031587
0.150767
0.092401
0.058390
0.210720
0.141884
0.145277
0.134967
0.134498
0.163104
0.277830
0.300936
0.143809
0.312147
0.207842
0.247576
0.218839
0.169307
0.259389
0.082348
0.248151
0.194317
0.316697
0.246304
0.399754
0.224890
0.621100
0.577688
0.579058
0.589416
0.508783
0.531752
0.540965
0.414491
0.634480
0.683434
0.503899
0.623848
0.413081
0.238380
0.419651
0.339461
0.258006
0.315225
0.491949
0.343917
0.416713
0.376951
0.284278
0.068583
0.335250
0.117701
0.492460
0.407839
0.470340
0.476917
0.596827
0.601224
0.744149
0.816753
0.800938
0.788449
0.874397
0.808358
0.876032
0.796706
0.770845
0.707786
0.640925
0.619478
0.573194
0.515313
0.719182
0.626040
0.749014
0.527562
0.452309
0.498411
0.303111
0.152337
0.297872
0.191721
0.174794
0.242889
0.173716
0.282653
0.150306
0.152430
0.222553
0.100233
0.218445
0.250420
0.207354
0.266575
0.098860
0.105978
0.173707
0.056005
0.223665
0.191005
0.096841
0.127203
0.112422
0.170242
0.221544
0.099645
0.250370
0.004914
0.322264
0.311636
0.308868
0.368221
0.420833
0.291743
0.571640
0.555664
0.609731
0.364367
0.166858
0.249484
0.469053
0.149030
0.364298
0.216147
0.340895
0.308062
0.475414
0.524283
0.640005
0.386432
0.660988
0.567575
0.509330
0.604746
0.562040
0.404321
0.763645
0.671297
0.856611
0.776679
0.781345
0.790489
0.819044
0.764175
0.723813
0.693353
0.533532
0.458037
0.553431
0.451601
0.629165
0.392752
0.484162
0.280856
0.209386
0.142533
0.271675
0.249911
0.277783
0.202702
0.215323
0.296468
0.315302
0.247054
0.276412
0.226309
0.265508
0.395683
0.462239
0.376928
0.439840
0.418607
0.613605
0.654621
0.695717
0.579033
0.543130
0.475700
0.528827
0.392423
0.404139
0.274518
0.373644
0.293477
0.272062
0.245091
0.309739
0.328269
0.298492
0.219062
0.388598
0.292639
0.345682
0.376050
0.312742
0.228833
0.324974
0.283066
0.164755
0.364841
0.357233
0.511173
0.565129
0.423581
0.434920
0.286510
0.137997
0.123859
0.139986
0.032135
0.099647
0.039195
0.080181
0.197273
0.105048
0.075152
0.233174
0.084740
0.299278
0.267689
0.351411
0.366709
0.309071
0.324176
0.301082
0.014499
0.244293
0.237977
0.271349
0.216432
0.283865
0.219876
0.124995
0.266577
0.051361
