0.040349
0.082066
0.130816
0.029842
0.179293
0.124644
0.082774
0.076904
0.133665
-0.004746
0.063105
0.038575
0.100632
0.082042
0.039767
0.102106
0.033795
0.135645
0.017304
0.067502
0.037760
0.055611
0.062086
-0.098394
-0.041834
0.005510
0.030041
0.100814
-0.058578
-0.154660
0.065615
0.119213
0.062133
0.193046
0.073391
0.155830
0.266771
0.277169
0.190315
0.353224
0.214914
0.209929
0.232113
0.271492
0.257999
0.077511
0.190441
0.232180
0.248972
0.165011
0.243384
0.074503
0.124120
0.014448
0.145625
0.059061
0.085873
0.045874
0.043474
0.134414
0.123909
0.054124
0.053403
0.121457
0.098891
0.207825
0.041677
0.100008
0.047752
0.125394
0.130792
0.127457
0.014338
0.091287
-0.018925
0.061896
0.086154
0.052577
-0.005601
0.095469
0.097744
0.124049
0.110436
0.041204
0.143407
0.015624
-0.007309
0.194764
0.082415
0.165459
0.092467
-0.042260
0.140390
0.092674
0.056595
0.131362
0.054223
0.078994
0.047534
0.231258
0.156776
0.184630
0.044258
0.204049
0.132222
0.299385
0.266008
0.294945
0.379276
0.562092
0.390155
0.586130
0.421180
0.418107
0.394141
0.180218
0.349227
0.424158
0.153829
0.331502
0.402571
0.283900
-0.004429
0.097090
0.210507
0.232852
0.156881
0.139359
0.153012
0.097222
0.096835
0.188927
0.080650
0.097265
0.112019
0.126321
0.066965
-0.035461
0.070886
0.179950
0.112177
0.189575
0.082519
0.261096
0.282467
0.200776
0.231669
0.268397
0.190744
0.074531
0.105704
0.137841
0.077374
0.043379
0.038197
0.208002
0.078198
0.093124
0.025612
0.057280
0.035315
0.079725
0.085438
0.122602
0.229957
0.055095
0.049611
0.334008
0.124986
0.086757
0.118102
0.046979
-0.028432
0.106424
-0.004790
0.074563
0.100686
0.243204
0.198910
0.104634
0.186412
0.230708
0.049684
0.083658
0.100589
0.075408
0.053369
0.140120
0.089361
0.091036
0.016386
0.067018
0.126102
-0.041588
0.057434
-0.082171
0.004999
0.028187
0.068312
0.055554
0.090593
0.088153
0.086282
-0.067088
0.009468
0.014520
-0.036404
0.041808
-0.015040
0.160144
0.046531
-0.025622
0.110104
0.133968
0.069623
0.225927
0.098554
0.207591
-0.020824
0.020430
0.170566
-0.042789
0.049637
0.201202
0.222553
0.150146
0.089188
0.108087
0.076385
0.064617
0.151587
0.090743
0.020340
0.055184
-0.061369
-0.002433
-0.044999
0.056736
0.047144
0.247703
-0.007001
0.009617
-0.010498
-0.021218
0.170292
0.009786
0.107402
0.100111
0.047942
0.099917
0.059599
0.170710
0.078244
0.055658
0.090391
-0.004594
0.021939
0.127849
0.156313
0.047358
0.095522
0.133680
0.165224
0.218796
0.282834
0.374382
0.225608
0.170651
0.246679
0.001810
0.162223
0.139586
0.207907
0.140516
0.104815
0.143253
0.110955
0.111938
0.076061
0.226948
0.039914
0.137974
0.053815
0.197071
0.096476
0.140608
0.095590
0.184098
0.313784
0.205293
0.236352
0.209326
0.056479
0.131115
0.139877
-0.002563
0.078465
0.172321
-0.002783
0.214536
-0.026409
0.104716
0.062264
0.074575
0.075241
0.048758
-0.133241
0.101361
0.042646
0.003060
0.044995
0.091263
0.122139
0.017512
-0.005904
0.121448
0.052263
0.048515
0.007199
-0.039655
-0.061499
-0.077488
-0.061335
-0.075391
0.065067
-0.014253
0.064116
0.045671
0.136814
-0.019197
0.092391
0.136673
0.089533
-0.063667
0.021390
0.044382
0.037509
-0.106758
-0.064014
0.013037
0.058791
0.121122
0.053930
0.042652
0.062121
0.084668
0.045853
0.051378
-0.049518
-0.013115
0.034210
0.002477
-0.040093
0.063991
-0.021101
-0.100657
0.011087
0.068170
0.017715
0.008207
0.034231
-0.001308
0.023889
-0.011171
0.023242
-0.032282
-0.024293
0.125833
-0.103086
0.074332
0.120013
0.064036
0.052089
0.071008
-0.005525
0.088776
0.073509
0.176593
0.071364
0.085921
0.201242
0.033939
0.105911
0.112739
0.151599
0.131243
0.027735
0.003137
0.175248
0.074317
0.069240
0.116998
0.159484
0.008334
0.023561
0.029917
0.171905
0.017185
0.270055
0.002908
0.149232
0.004158
-0.001352
0.116885
-0.008954
0.043898
0.096369
-0.003088
-0.013986
-0.003033
-0.017077
-0.007748
-0.037831
0.007568
-0.025394
0.055814
-0.015351
-0.082024
0.036191
0.062087
-0.030349
-0.095621
0.056069
-0.033419
0.107293
0.064332
0.113055
0.026526
-0.006115
0.043363
0.030408
-0.021869
0.013816
0.067282
0.089548
0.142260
-0.071485
0.068716
0.067592
-0.109786
0.050289
0.070777
0.065639
0.020274
0.005399
0.033343
0.053078
-0.007747
-0.045618
0.049886
0.033848
0.012702
0.031152
0.027539
0.046387
0.190187
0.193499
0.185001
0.130479
0.127499
0.282394
0.186156
0.191593
0.303841
0.329365
0.280061
0.210678
0.208441
0.243810
0.296001
0.241733
0.547571
0.429502
0.524306
0.520434
0.572915
0.533905
0.636462
0.577781
0.710496
0.808275
0.656204
0.694879
0.668598
0.600255
0.648764
0.500207
0.450352
0.609331
0.400936
0.288190
0.217771
0.356612
0.430243
0.219410
0.387726
0.249023
0.317324
0.268621
0.472396
0.341243
0.520349
0.351011
0.604102
0.583804
0.685471
0.535717
0.602233
0.659056
0.662487
0.688691
0.683041
0.747536
0.735762
0.769079
0.781932
0.727161
0.850291
0.732883
0.904042
0.888943
0.901896
0.902836
0.947846
0.938116
0.927615
0.927383
0.923726
0.845316
0.867678
0.853861
0.718581
0.766559
0.773708
0.721552
0.815811
0.718396
0.698845
0.640197
0.598524
0.398716
0.383340
0.182743
0.339160
0.233700
0.228690
0.199718
0.212253
0.207702
0.176061
0.244452
0.537687
0.413311
0.201480
0.295464
0.265572
0.154679
0.092479
0.038149
0.171158
0.159948
0.158882
0.230711
0.205293
0.217653
0.288497
0.175111
0.332662
0.198973
0.230071
0.427871
0.465290
0.306510
0.726904
0.669734
0.814905
0.726089
0.863788
0.884578
0.919562
0.905013
0.921472
0.880551
0.902523
0.902533
0.943421
0.938021
0.967603
0.953696
0.984111
0.982804
0.993480
0.989916
0.993626
0.989875
0.989570
0.981794
0.992159
0.982961
0.986695
0.987454
0.988072
0.978551
0.984545
0.973641
0.985330
0.980737
0.988097
0.987633
0.987050
0.980564
0.980928
0.977278
0.991205
0.982515
0.991750
0.986606
0.985037
0.980932
0.955503
0.965372
0.973609
0.954979
0.967780
0.934990
0.918913
0.920095
0.970673
0.948540
0.955319
0.946290
0.937119
0.901726
0.920886
0.925936
0.933437
0.825899
0.939959
0.911877
0.935795
0.922849
0.928508
0.940674
0.924258
0.911446
0.941459
0.900333
0.956527
0.925406
0.939847
0.931610
0.861209
0.855395
0.838474
0.855501
0.856544
0.847344
0.843654
0.859003
0.913248
0.859705
0.874888
0.821883
0.853947
0.820872
0.858722
0.839546
0.758123
0.754358
0.738236
0.776793
0.763639
0.752279
0.780849
0.797017
0.779581
0.625924
0.754992
0.704689
0.706244
0.747739
0.720012
0.743109
0.802947
0.689552
0.758118
0.729699
0.824618
0.811954
0.846468
0.839408
0.862943
0.842269
0.891633
0.833055
0.910622
0.936432
0.914959
0.913673
0.927249
0.875082
0.966956
0.941056
0.967908
0.952725
0.928526
0.852352
0.830996
0.838704
0.878718
0.724260
0.808635
0.799012
0.823309
0.749717
0.831251
0.685499
0.714054
0.565695
0.629059
0.646926
0.434578
0.642521
0.554045
0.557766
0.531433
0.427085
0.551094
0.464617
0.538931
0.412312
0.394156
0.408959
0.466053
0.487946
0.339921
0.367798
0.369730
0.195347
0.312996
0.299493
0.389334
0.108786
0.256175
0.158834
0.314409
0.236653
0.166689
0.237697
0.095492
0.216809
0.375149
0.295921
0.312649
0.277402
0.197506
0.265709
0.341563
0.192912
0.483660
0.358489
0.556454
0.420922
0.597293
0.520588
0.542973
0.482540
0.714263
0.553810
0.652621
0.667613
0.699499
0.682285
0.721853
0.528506
0.723948
0.604645
0.771762
0.780000
0.610981
0.593699
0.481277
0.697853
0.711460
0.608951
0.507012
0.432587
0.332292
0.300211
0.163308
0.182562
0.228256
0.131673
0.270034
0.204682
0.213414
0.112885
-0.040563
0.096344
0.096333
0.122106
0.077457
0.152710
0.109756
0.201886
0.098102
0.112524
0.260916
0.167084
0.172124
0.129378
0.107418
0.050982
0.000976
0.046038
0.034702
0.004626
0.087072
0.013543
0.007148
0.049684
0.033188
0.058323
0.162070
0.083093
0.374872
0.242268
0.449037
0.469446
0.462920
0.433163
0.685616
0.559284
0.821380
0.771138
0.831358
0.779345
0.805531
0.680574
0.772909
0.802662
0.856622
0.780316
0.761488
0.762345
0.802384
0.752055
0.804590
0.702941
0.760706
0.569502
0.616575
0.533393
0.691624
0.633314
0.614952
0.569630
0.582738
0.489312
0.518454
0.440539
0.560774
0.576247
0.500573
0.622443
0.515801
0.576530
0.454774
0.301078
0.358319
0.274992
0.288860
0.450125
0.250548
0.366429
0.347978
0.174657
0.489756
0.426424
0.596918
0.589405
0.560353
0.527910
0.458069
0.392815
0.432003
0.389464
0.529379
0.408212
0.282154
0.298675
0.277610
0.116710
0.141688
0.103956
-0.015139
0.076180
0.083960
0.072677
0.180030
0.128777
0.155659
0.277427
0.126411
0.138307
0.181288
0.137019
0.114646
0.169735
0.113279
0.174744
0.118114
0.136652
0.126197
0.047202
0.018416
0.022712
0.117850
0.022137
0.163544
0.081970
0.208088
0.054363
0.101455
0.283532
0.179019
0.054009
0.070388
0.133373
0.167446
0.189991
0.151519
0.068970
0.051272
0.036820
0.001297
0.074052
-0.005579
0.054173
0.006086
0.158077
0.091109
0.161176
-0.021055
0.033836
0.118868
0.080919
0.011667
0.108474
0.044010
0.115487
-0.002327
0.004442
0.105777
0.151864
0.019836
0.246434
0.079114
0.077207
0.065443
0.143556
0.110704
-0.000735
0.099112
0.092911
0.167043
0.239645
0.455465
0.340199
0.270320
0.101213
0.168738
0.202394
0.262887
0.089618
0.273024
0.085807
0.159554
0.177501
0.192846
0.141309
0.148425
0.048378
0.024216
0.025909
0.091244
0.093247
0.112411
0.093985
0.215537
0.006854
0.177366
0.026100
0.208182
0.120149
0.101843
0.231857
0.107403
0.125772
0.073690
0.144213
0.239738
0.051884
-0.029962
0.261548
0.202149
0.161927
0.155408
-0.005478
0.124458
0.072954
0.161914
0.062168
0.142675
0.054572
0.175044
-0.010643
0.125970
0.206369
0.147675
0.089532
0.135218
0.096153
-0.017647
