0.058585
0.071952
0.146824
0.053227
0.169277
0.046787
0.139816
0.121620
0.184228
0.228178
0.135133
0.109701
0.146090
0.139461
0.208858
0.105376
0.165593
0.131185
0.048759
0.110067
0.117553
0.149598
-0.015181
0.163190
0.116435
0.082386
0.045906
0.133247
0.036399
-0.043539
0.193969
0.003200
0.056065
-0.013105
0.077813
-0.054596
0.077003
0.057002
0.053092
0.123039
0.005339
-0.030898
0.084070
0.117689
0.086933
0.050033
0.023386
0.024968
0.049894
0.158655
0.139037
0.248202
0.241687
0.271777
0.342680
0.238722
0.237372
0.075292
0.074776
0.138700
0.014702
0.081484
0.025054
0.066207
0.132479
-0.040866
0.072191
0.051095
0.093452
0.059754
-0.010312
0.109608
0.095688
0.090136
0.102025
0.112782
0.155388
0.085567
0.095058
0.193419
0.025143
0.031631
0.034562
0.023628
0.140975
0.110862
-0.007540
-0.062901
0.128535
0.066532
0.028452
0.024878
0.070662
-0.036116
0.086096
0.010179
-0.046882
0.089112
0.086676
-0.017158
0.025470
0.062209
-0.031924
0.074550
0.062716
0.054554
0.093822
-0.047329
0.090648
-0.007567
0.076855
-0.049105
-0.001106
0.010304
0.041989
-0.062105
0.000263
0.118325
0.006746
0.112393
0.038990
0.069962
0.144508
0.082047
0.118260
0.058061
0.020643
0.031993
0.155755
0.050085
0.163078
0.175178
0.055280
0.137168
0.115248
0.196597
0.225346
0.035073
0.147586
0.062037
0.000686
-0.013951
0.093124
0.097467
0.083163
-0.042663
0.033195
-0.011827
0.075017
-0.011132
0.051904
0.050471
0.002273
0.048849
0.037564
-0.033314
-0.000494
0.073084
0.106593
0.069785
0.152534
0.079464
-0.048582
0.168299
0.057395
0.052830
0.123624
0.130337
0.106459
0.192989
0.041828
0.163901
0.146048
0.006931
0.203584
0.205648
0.200105
0.252321
0.143278
0.221863
0.094215
0.206743
0.068220
0.209403
0.215976
0.361642
0.413751
0.509404
0.492487
0.451284
0.423809
0.460203
0.456830
0.400936
0.258801
0.342788
0.211858
0.222173
0.140085
0.351805
0.211652
0.361929
0.147023
0.264492
0.309418
0.283440
0.324131
0.418778
0.224575
0.378497
0.236320
0.215350
0.326244
0.384834
0.198874
0.244759
0.194305
0.308024
0.183364
0.263442
0.244308
0.157514
0.120362
0.211024
0.238190
0.187759
0.149230
0.160611
0.087213
0.204032
0.092982
0.057439
0.147942
0.128272
0.050806
-0.019160
-0.013010
0.050204
-0.012546
0.107433
0.048380
0.181509
0.049657
-0.013855
0.131242
0.024173
0.088738
0.057061
0.074394
0.112304
0.064101
-0.021246
0.185893
0.049141
0.023548
0.091890
0.056685
0.127054
0.031439
0.014042
0.121449
0.120407
0.027449
0.121381
0.112126
0.084831
0.115153
0.173765
0.160570
0.100006
0.207859
0.264858
0.020773
0.210768
0.096451
0.057723
0.022046
0.134862
0.144745
0.163997
0.085149
0.136724
0.085438
-0.045857
0.175187
0.068007
0.010840
0.067891
0.123435
0.090209
-0.008399
0.019467
0.084570
0.100012
0.126846
0.126856
0.103046
0.036880
-0.098904
0.047305
-0.083318
0.122954
-0.012654
0.139991
0.076497
0.012927
0.051471
0.022568
0.069018
0.044691
0.092592
0.059920
0.078129
0.166117
0.065835
0.089248
0.082111
0.023300
0.075705
0.183058
0.158953
0.137378
0.079990
-0.015011
0.052750
0.144120
0.046065
0.028526
0.062914
0.028632
0.046693
0.181117
0.158625
-0.056317
0.081754
0.091918
0.139372
0.083543
0.122554
0.184788
0.051675
0.258342
0.196500
0.289663
0.166356
0.099050
0.099504
0.031211
0.176265
0.060156
0.045073
0.131940
0.046664
0.119825
0.115876
0.091785
0.079784
0.259039
0.174306
0.315539
0.274475
0.391301
0.278026
0.350709
0.267037
0.134468
0.209550
0.119544
0.228145
0.309414
0.300383
0.350600
0.459931
0.395381
0.275524
0.512812
0.248461
0.490350
0.506614
0.486614
0.507106
0.586739
0.567671
0.836183
0.778720
0.582503
0.474600
0.259518
0.251784
0.342117
0.196070
0.062135
0.053836
0.167331
0.186475
0.266533
0.235309
0.159471
0.301392
0.331105
0.331405
0.425975
0.387065
0.552731
0.473349
0.620030
0.512954
0.647485
0.500850
0.722974
0.730940
0.840727
0.853834
0.815108
0.889571
0.888638
0.875361
0.860085
0.872178
0.901908
0.884782
0.923318
0.892045
0.871505
0.848076
0.887835
0.898662
0.856918
0.877277
0.902473
0.872049
0.939962
0.915487
0.935110
0.919441
0.926504
0.912259
0.924256
0.867693
0.906601
0.906024
0.922243
0.893799
0.931610
0.899795
0.908267
0.843600
0.942261
0.864278
0.892122
0.877449
0.862978
0.853014
0.902030
0.922808
0.947955
0.932151
0.935103
0.912546
0.924911
0.888336
0.849589
0.780797
0.797371
0.685706
0.788424
0.701585
0.763161
0.676483
0.732283
0.730915
0.719568
0.711115
0.616039
0.476663
0.430333
0.294299
0.343862
0.234087
0.244895
0.279034
0.199782
0.400516
0.158778
0.118142
0.231742
0.029486
0.200195
0.207620
0.267303
0.183606
0.355105
0.202774
0.417526
0.386452
0.608912
0.648133
0.465596
0.303907
0.556070
0.329828
0.346349
0.175332
0.389926
0.239544
0.423822
0.362733
0.427986
0.469025
0.598573
0.305630
0.552194
0.538708
0.621846
0.744266
0.829788
0.784454
0.879198
0.805823
0.872877
0.881163
0.796219
0.779636
0.847675
0.727233
0.837494
0.810919
0.855175
0.842785
0.881965
0.900378
0.928432
0.913035
0.897517
0.884192
0.902456
0.908295
0.901048
0.765809
0.796250
0.596273
0.714587
0.656428
0.669065
0.623286
0.586443
0.533986
0.389377
0.506928
0.393030
0.261361
0.315276
0.231414
0.285672
0.305847
0.131751
0.384456
0.220522
0.320644
0.342465
0.247568
0.526600
0.434230
0.534042
0.306282
0.561894
0.520608
0.630913
0.577926
0.536333
0.500830
0.605669
0.384126
0.475742
0.265090
0.485279
0.312856
0.343710
0.444902
0.485102
0.474787
0.639967
0.411811
0.588803
0.398730
0.489326
0.487084
0.534829
0.565912
0.650382
0.646871
0.833565
0.762338
0.687686
0.791518
0.709661
0.712985
0.584806
0.479470
0.450928
0.384952
0.369000
0.341101
0.304228
0.303782
0.378815
0.350711
0.362056
0.250451
0.290242
0.291061
0.368938
0.393980
0.506390
0.307431
0.503063
0.349839
0.530015
0.345256
0.456609
0.426407
0.502952
0.490133
0.531114
0.550532
0.513176
0.499823
0.533767
0.515420
0.465198
0.519049
0.708356
0.610899
0.754618
0.787413
0.810905
0.725366
0.756345
0.678555
0.777598
0.713108
0.801713
0.810449
0.879993
0.855070
0.896098
0.832413
0.917432
0.859465
0.842858
0.824660
0.692469
0.649778
0.758523
0.657004
0.759900
0.578400
0.780925
0.819742
0.855723
0.795266
0.824101
0.764696
0.762840
0.576288
0.615058
0.601263
0.609744
0.565173
0.639828
0.661093
0.731743
0.667211
0.726412
0.592576
0.798137
0.791303
0.697179
0.652205
0.795272
0.689896
0.747183
0.691924
0.590611
0.585221
0.793633
0.818922
0.787679
0.813032
0.818386
0.764494
0.800606
0.743197
0.743967
0.566808
0.718749
0.678461
0.650836
0.516779
0.687951
0.672753
0.718574
0.681917
0.674716
0.716409
0.580097
0.451309
0.490321
0.282815
0.522555
0.414428
0.351674
0.428528
0.353068
0.279998
0.201991
0.114718
0.224432
0.043972
0.136072
0.055905
0.043073
-0.041881
0.178015
0.067168
0.139665
-0.034243
0.116957
0.041076
0.081867
0.029395
0.147617
0.020599
0.206300
0.190272
0.134583
0.080079
0.002885
0.169802
0.082647
0.091946
0.156957
0.100553
0.118492
0.136766
0.155913
0.125507
0.036199
0.097419
0.065197
0.115309
0.126923
-0.006995
0.111928
0.019590
0.128857
0.120618
0.016794
0.073337
0.064183
-0.045838
0.086584
0.050106
-0.058976
0.009440
-0.020174
0.045514
0.080378
-0.024440
0.128145
0.022671
0.036294
0.101292
0.116800
0.032199
0.159412
0.209442
0.072716
0.063833
0.086960
0.063281
0.175052
0.043209
0.140711
0.104311
0.059618
0.130513
0.009954
0.070701
0.016114
0.091362
0.034508
0.064019
0.183799
0.083154
-0.051617
-0.026221
0.147791
0.101542
0.266010
0.129131
0.207500
0.191317
0.349627
0.218351
0.224651
0.013628
0.160646
0.075280
0.176955
0.201762
0.334873
0.148751
0.501536
0.447750
0.731284
0.627646
0.595935
0.595852
0.368292
0.441665
0.320514
0.292840
0.212747
0.099623
0.243826
0.212524
0.027759
0.232154
0.210336
0.144302
0.028066
0.139175
0.111241
0.092607
0.240856
0.070792
0.138589
0.054331
0.243314
0.181187
0.286787
0.278128
0.297350
0.217266
0.403723
0.405425
0.627365
0.612611
0.493419
0.539338
0.520544
0.424721
0.510816
0.341476
0.478003
0.509741
0.425654
0.508783
0.661050
0.572105
0.616901
0.542795
0.669307
0.587630
0.670478
0.706473
0.675079
0.705844
0.676527
0.535944
0.775222
0.675759
0.690469
0.594282
0.783675
0.623049
0.758182
0.723673
0.823193
0.813785
0.749134
0.789681
0.687991
0.675399
0.790481
0.651939
0.795236
0.755315
0.679233
0.765557
0.565248
0.502288
0.416297
0.388781
0.264679
0.318752
0.149836
0.201098
0.175180
0.228361
0.165865
0.103504
0.082448
0.167653
0.161324
0.133419
-0.047425
0.075222
0.126217
0.137580
0.199484
0.161425
0.061901
0.050361
0.105822
0.005286
-0.005684
0.054581
-0.024365
-0.005408
0.065828
0.011141
0.137812
0.155631
0.146349
0.211596
0.193092
0.162916
0.166391
0.129489
0.071051
0.104353
0.113075
-0.054731
0.002581
0.058512
0.113569
0.172448
0.046869
0.204046
0.010096
0.097168
0.068852
0.065312
0.020409
0.132501
-0.057173
-0.032648
-0.045950
0.059125
0.054797
-0.013632
0.005567
0.116660
0.193020
0.070326
0.152765
0.096038
0.152408
0.063865
0.076861
0.015768
0.034146
0.095767
0.090919
0.134965
0.176537
0.233672
0.163766
0.014524
0.200065
0.072610
0.182905
0.108036
0.338512
0.146292
0.192505
0.166230
0.047315
0.165937
0.121674
0.091501
0.079956
0.078456
0.039790
0.105145
0.035812
0.179336
0.056137
0.130489
0.008439
0.073572
0.067017
-0.063504
0.116303
0.069051
0.117968
0.072546
-0.017127
0.111326
0.046326
-0.015924
-0.067535
0.045672
0.080020
0.147674
0.213438
0.016738
0.063174
0.192393
0.101216
0.046166
0.061053
-0.000987
0.198795
0.027635
0.137497
0.057900
0.197144
0.005390
0.072309
0.130353
-0.052777
