0.036277
-0.079307
0.081854
-0.112932
0.096458
0.016987
-0.022078
0.034159
0.041766
0.088010
0.057795
-0.031695
0.057525
-0.038247
0.029198
0.052940
-0.044195
0.151709
0.021055
0.134376
0.152511
0.125348
0.042107
0.146725
0.169725
0.089371
0.122439
0.080123
0.063993
0.126592
0.018723
0.148756
0.041320
0.177543
0.131774
0.260513
0.105374
-0.033668
0.064893
0.224334
0.167785
0.319523
0.025565
0.120213
0.189748
0.177624
0.046109
0.172915
0.148679
0.172545
0.108721
0.099053
0.126817
0.147535
-0.013673
0.119154
0.110272
-0.004379
-0.043328
0.014841
-0.036952
0.240250
0.131946
0.154339
0.001757
0.110780
0.049917
0.000023
0.150538
0.207359
0.088758
0.228774
0.177699
0.113815
0.137366
0.425120
0.387141
0.277046
0.366532
0.265674
0.174932
0.239560
0.171273
0.282756
0.162158
0.191669
0.138104
0.054209
0.164437
0.067462
0.152764
0.070636
-0.050060
0.095933
0.083571
0.082592
0.044599
0.143960
0.031925
0.086743
0.026443
0.092239
-0.027548
0.014831
0.045401
-0.008250
0.099177
0.047135
0.125137
-0.032460
-0.033435
-0.004840
0.049160
0.029200
-0.016863
-0.074642
0.125212
-0.051458
0.091426
0.050150
0.028133
0.005258
0.082945
-0.036603
0.043329
0.067305
-0.057832
0.151222
0.044449
0.072029
0.019780
0.143720
0.014474
0.055033
-0.006397
-0.096228
0.041009
0.062048
0.115643
0.204843
0.028414
0.206444
0.120886
0.396614
0.185059
0.397281
0.198914
0.343494
0.199409
0.355698
0.283166
0.306829
0.225392
0.177233
0.123285
0.109135
0.038205
0.142161
0.063621
0.145685
0.119929
0.151011
0.138232
0.167849
0.157993
0.193516
0.133979
0.079989
0.087239
0.178434
0.109174
0.195712
0.203319
0.163222
0.146167
0.202752
0.192024
0.205330
0.232210
0.177605
0.078419
0.173775
0.104834
0.252372
0.160719
0.205972
0.138520
0.100145
0.194584
0.075915
-0.038754
0.067089
0.031732
0.113484
0.063354
0.111783
0.098792
0.162402
0.102083
0.066350
0.250100
0.112214
0.181855
0.148245
0.066797
-0.022965
-0.039278
0.134682
0.047841
-0.036412
0.026578
0.058663
-0.009353
0.050151
0.050999
0.038037
0.009202
0.105731
-0.033906
0.163966
-0.036787
-0.112884
0.167523
0.043311
0.025221
0.050197
0.121185
0.033905
0.060172
0.053093
0.029663
-0.079250
-0.022510
0.097832
0.049219
0.007621
0.098094
0.134984
0.076756
0.119112
0.090117
0.090692
0.146385
0.173462
0.099246
0.077543
0.031583
0.045344
0.086880
0.006375
0.019203
0.065686
0.019729
0.069041
0.074360
0.041809
0.056530
0.177597
0.134917
0.177735
0.176296
0.222687
0.084269
0.156750
0.152183
0.057200
0.104084
0.106861
0.220440
0.131526
0.124311
0.307613
0.165040
0.128167
0.257944
0.087837
0.051727
0.177992
0.028187
0.248172
0.244760
0.352673
0.192033
0.308151
0.293248
0.142850
0.246594
0.312402
0.286285
0.314889
0.238079
0.224308
0.334695
0.306969
0.411064
0.533080
0.371905
0.237787
0.256250
0.230986
0.203821
0.118813
0.179351
0.058125
0.152329
0.138579
0.061852
0.060783
0.065600
0.081267
-0.118524
0.306420
0.163627
0.111424
-0.006081
0.068979
0.068728
0.025770
0.040282
0.190269
0.113635
0.143594
0.139741
0.147557
0.122387
0.223403
0.058655
0.226300
0.086784
0.163021
0.172654
0.169494
0.208671
0.117448
-0.038938
0.109190
0.054465
0.083525
0.176846
0.101277
0.025343
0.222097
0.117725
0.082617
0.250708
0.330680
0.306467
0.410686
0.377193
0.301453
0.308918
0.551128
0.570982
0.503113
0.475548
0.434525
0.414855
0.278040
0.197525
0.284943
0.180701
0.188369
0.136635
0.185424
0.000238
0.278788
0.107912
0.138751
0.165637
0.157740
0.063976
0.168161
0.310595
0.194338
0.108029
0.130110
0.070174
0.039363
-0.043449
0.203479
0.036202
0.064981
0.079487
0.119309
0.103188
0.060506
0.046517
0.058488
-0.034835
0.140330
0.042186
0.080941
0.063496
0.134733
0.082886
0.340337
0.129738
0.146344
0.111968
0.213982
0.215468
0.386988
0.166731
0.298610
0.320603
0.292538
0.279576
0.423584
0.292755
0.179401
0.117053
0.166408
0.031345
0.075015
0.207028
0.233816
0.130989
0.240972
0.169177
0.232654
0.172278
0.176044
0.033258
0.106850
0.063636
0.075112
0.135112
0.237113
0.090587
0.198284
0.207653
0.392969
0.238614
0.380709
0.327207
0.246027
0.389374
0.221117
0.315429
0.607429
0.546441
0.769273
0.661785
0.716555
0.645392
0.758659
0.677182
0.849800
0.901762
0.804898
0.865480
0.857531
0.789329
0.871674
0.719915
0.831751
0.819431
0.823877
0.701815
0.553321
0.516972
0.527175
0.475068
0.311642
0.226295
0.360824
0.305852
0.358686
0.310598
0.304123
0.310214
0.293022
0.152977
0.123737
0.270661
0.289142
0.189770
0.162807
0.042109
0.248452
0.186110
0.280369
0.264433
0.453092
0.420651
0.636684
0.532033
0.721725
0.724711
0.710286
0.674415
0.747901
0.638184
0.766719
0.823829
0.886196
0.871255
0.866993
0.819667
0.863500
0.825149
0.898769
0.743228
0.815449
0.818728
0.775860
0.728851
0.606079
0.615092
0.649218
0.551987
0.673056
0.622333
0.570846
0.601910
0.575307
0.566442
0.668727
0.487936
0.721731
0.612345
0.720219
0.726609
0.744984
0.624735
0.770774
0.755441
0.775362
0.775625
0.781390
0.721161
0.775762
0.789692
0.874754
0.835783
0.840200
0.830328
0.752042
0.630532
0.547541
0.553399
0.543637
0.447837
0.484390
0.407705
0.598008
0.614211
0.650440
0.676462
0.746116
0.728161
0.862323
0.755320
0.836740
0.804999
0.866337
0.801850
0.894563
0.835428
0.933453
0.928913
0.875269
0.873352
0.822905
0.830163
0.746183
0.584007
0.585703
0.672996
0.589337
0.653471
0.636087
0.489135
0.699580
0.666982
0.845199
0.872896
0.738569
0.753969
0.705898
0.618956
0.858783
0.745257
0.799051
0.799929
0.795705
0.761375
0.824821
0.735157
0.684956
0.625727
0.611831
0.582734
0.645696
0.581182
0.511823
0.522256
0.623527
0.611764
0.762183
0.623844
0.704267
0.665842
0.761064
0.625679
0.694787
0.654012
0.781817
0.762373
0.815765
0.776419
0.743909
0.785619
0.759570
0.780305
0.805728
0.814808
0.876236
0.787162
0.826873
0.770103
0.826460
0.746098
0.780421
0.800010
0.768870
0.803912
0.661204
0.598013
0.658902
0.538397
0.542844
0.608792
0.450823
0.401040
0.294711
0.213303
0.335474
0.311908
0.470603
0.459388
0.422897
0.522136
0.617116
0.564120
0.762215
0.677866
0.807798
0.739083
0.836408
0.797236
0.891610
0.789282
0.886793
0.934958
0.937420
0.939028
0.887184
0.819740
0.800463
0.750656
0.781003
0.660882
0.746333
0.677281
0.718424
0.575648
0.276421
0.261608
0.402857
0.203495
0.195988
0.073397
0.204193
0.041383
0.248665
0.219042
0.189571
0.059319
0.133206
0.084585
0.189221
0.175581
0.299523
0.287089
0.523284
0.476096
0.724494
0.680621
0.677791
0.627750
0.706652
0.668000
0.846022
0.740907
0.896931
0.907838
0.926013
0.924563
0.941384
0.919252
0.914611
0.904364
0.872430
0.873560
0.856913
0.831118
0.895536
0.862581
0.870136
0.870675
0.887062
0.839091
0.817145
0.763282
0.794369
0.633823
0.827967
0.722250
0.874229
0.829188
0.870074
0.891995
0.887102
0.865208
0.863248
0.670803
0.791279
0.692487
0.848616
0.815634
0.836389
0.736290
0.784374
0.833671
0.883897
0.854385
0.898643
0.847260
0.867001
0.791360
0.908640
0.895470
0.953108
0.916786
0.937090
0.932773
0.930276
0.899674
0.926685
0.895113
0.842845
0.857110
0.762208
0.759943
0.766251
0.624739
0.641432
0.509281
0.565479
0.377403
0.389873
0.415036
0.404114
0.336196
0.343171
0.222366
0.312895
0.239523
0.337265
0.409915
0.316266
0.428785
0.359018
0.411258
0.411534
0.315105
0.354182
0.235994
0.374507
0.327569
0.452969
0.487876
0.614160
0.433609
0.405953
0.340572
0.214558
0.296539
0.288111
0.266626
0.197894
0.159806
0.148374
0.197301
0.282206
0.132147
0.222901
0.169634
0.162678
0.267821
0.252376
0.351117
0.383718
0.251691
0.508010
0.374115
0.530982
0.552383
0.291652
0.336515
0.410345
0.372962
0.355165
0.295878
0.493980
0.422045
0.422903
0.457656
0.414565
0.223616
0.275219
0.153324
0.182694
0.212686
0.174764
0.153140
0.235829
0.060468
0.257998
0.231884
0.393276
0.265378
0.241333
0.421589
0.342398
0.454564
0.326313
0.301815
0.480521
0.206068
0.177360
0.260779
0.232730
0.219140
0.291358
0.172153
0.325960
0.192051
0.322413
0.369797
0.377508
0.359350
0.314656
0.107051
0.326108
0.189631
0.262723
0.285352
0.385110
0.325693
0.453559
0.333228
0.471563
0.210880
0.359703
0.297972
-0.003260
0.211779
0.123372
0.091017
0.112346
0.071796
0.089702
0.116378
0.083890
0.136077
0.036652
-0.060167
0.112951
-0.037802
0.154643
0.038770
0.099406
0.143700
0.137788
0.055939
0.093240
0.062589
0.059638
0.084230
0.143435
0.114386
0.071625
0.042871
0.180291
0.144335
0.044343
0.034347
0.073840
0.143349
0.069671
-0.037432
0.120983
0.131661
0.149944
0.063401
0.191597
0.105562
0.090209
-0.025704
0.126537
0.075283
0.135159
0.177755
0.262259
0.241348
0.246665
0.067018
0.382730
0.120937
0.121598
0.168800
0.171229
0.140890
-0.042684
0.002670
0.009646
0.102506
0.100442
0.126083
0.006128
0.197420
0.144206
0.095743
0.305618
0.208394
0.080678
0.100433
0.147027
0.188158
0.045710
0.096488
0.326487
0.318223
0.345348
0.297959
0.301046
0.278052
0.286411
0.209974
0.227964
0.092653
0.178160
0.051083
0.200586
0.227332
0.054118
0.156995
0.210561
0.123766
0.234383
0.169064
0.310321
0.099442
0.187120
0.014258
0.196201
0.088784
0.302905
0.240345
0.429769
0.400032
0.329665
0.467328
0.541745
0.590467
0.513672
0.416480
0.386934
0.340098
0.402139
0.326862
0.335323
0.326484
0.178969
0.275894
0.171422
0.151367
0.091179
0.141654
0.025830
-0.008722
-0.005594
0.036334
-0.039691
0.056090
0.087773
0.023765
0.081452
0.004505
0.073377
-0.001306
0.024389
0.224351
0.141192
0.161720
0.105309
0.039909
0.017000
0.045774
0.003176
0.119664
-0.030153
0.073129
0.109614
0.046306
0.089353
0.259407
0.222455
0.056657
0.123708
0.124246
-0.040660
