0.034476
0.073344
0.060852
0.058684
0.120926
0.128715
0.138060
0.057342
0.128869
0.145529
0.032745
-0.016045
0.106638
0.138919
0.198313
0.213731
0.279152
0.297183
0.321455
0.432537
0.273581
0.189403
0.293366
0.357262
0.255269
0.468671
0.298101
0.621143
0.286123
0.492103
0.510011
0.579470
0.575515
0.537777
0.535013
0.526392
0.530164
0.534330
0.500748
0.399578
0.366722
0.362244
0.323784
0.265193
0.206866
0.105263
0.226880
0.302437
0.249745
0.144053
0.057612
0.209483
0.055543
0.221301
0.087423
0.068467
0.047900
0.182327
0.122509
0.255677
0.119730
-0.009984
-0.031787
0.107988
-0.009054
0.040202
0.115683
0.177497
0.209140
0.217589
-0.010679
0.166887
0.119450
0.004962
0.033316
0.145826
-0.024414
0.168887
0.071085
0.098793
0.115686
0.035664
-0.018662
0.057867
-0.048381
0.087608
0.061912
0.083681
0.166736
0.041347
0.066037
0.023972
0.094340
0.064523
-0.023663
0.189317
0.123846
0.228777
0.225939
0.372232
0.244660
0.482952
0.432633
0.561417
0.475664
0.384787
0.363889
0.385558
0.272475
0.504719
0.257515
0.498179
0.395480
0.407725
0.264516
0.371046
0.181329
0.320898
0.160979
0.224367
0.247626
0.457453
0.232135
0.285579
0.165245
0.254638
0.128030
0.027286
-0.025889
0.115665
0.145228
0.066441
0.099600
0.164797
0.120507
0.008996
0.051381
0.210621
0.060021
0.191147
0.154991
0.009892
0.187932
0.215733
0.107002
0.178978
0.056012
0.061057
0.114684
0.071376
0.028966
-0.030687
-0.075522
-0.046808
0.020157
-0.052827
0.038521
0.103291
0.073602
0.000113
0.026139
-0.070214
0.000283
0.068264
-0.017294
-0.001006
0.052292
-0.039231
0.182340
0.073041
0.091034
0.184457
0.104841
-0.036215
0.103932
0.176820
-0.006395
0.060977
0.049172
-0.034978
0.231186
0.130250
0.001918
0.226537
0.122896
0.054000
0.130454
0.047407
-0.043344
0.092207
0.046816
-0.003607
0.174047
0.061878
0.071801
-0.008460
-0.066570
-0.038378
0.123303
0.110270
0.119707
0.138664
-0.040690
0.113590
0.134910
0.186894
0.205554
0.385919
0.336161
0.519772
0.458446
0.460888
0.446273
0.160062
0.288273
0.197812
0.157871
0.338337
0.206352
0.298084
0.305157
0.180252
0.239166
0.345595
0.213841
0.420837
0.170537
0.177593
0.149287
0.175208
0.107862
0.225801
0.141941
0.395942
0.329378
0.341995
0.395232
0.538324
0.517375
0.705688
0.601104
0.473870
0.562518
0.484109
0.409811
0.423034
0.388628
0.431873
0.321905
0.251739
0.430812
0.294851
0.183780
0.221825
0.093249
0.085209
-0.011170
0.065186
0.053766
0.097036
0.108524
0.011638
0.008836
0.004557
0.045952
-0.017950
0.093561
0.049524
0.082660
0.103827
0.008772
-0.041944
-0.008819
-0.014576
-0.024790
-0.003395
-0.072407
0.095234
0.185498
-0.044467
0.061163
-0.014437
0.081033
-0.051401
0.006964
0.040008
0.083065
0.054686
-0.007974
0.051941
0.102649
0.036450
0.070584
0.055514
0.136051
0.033094
-0.091626
0.040172
0.083507
-0.003690
0.105816
0.173502
0.140627
0.303016
0.145324
0.210119
0.220169
0.277496
0.346816
0.224817
0.130522
0.324463
0.293178
0.181313
0.193881
0.099871
0.040153
0.054583
0.049341
0.151512
0.069096
0.072195
0.118146
0.041482
0.051322
0.009703
0.114427
0.048382
0.112866
0.000481
0.033670
0.138015
-0.007170
0.101166
0.006117
0.020539
0.007508
0.022130
0.071883
0.126035
0.120111
0.076853
0.088734
0.180328
0.043535
0.149060
0.080514
0.082645
0.167373
0.222271
0.185639
0.425831
0.370183
0.298055
0.384666
0.320254
0.293281
0.413753
0.272862
0.360384
0.393939
0.236419
0.188420
0.527711
0.399436
0.633857
0.500063
0.661619
0.627910
0.423471
0.488746
0.501578
0.439385
0.532734
0.397551
0.454718
0.336432
0.399019
0.466237
0.614029
0.434784
0.493164
0.482804
0.338075
0.271504
0.263277
0.226041
0.269564
0.253420
0.262963
0.259242
0.190978
0.268624
0.291081
0.175445
0.207223
0.245397
0.300447
0.327226
0.135584
0.287104
0.153321
0.128570
0.198571
0.190260
0.221999
0.226306
0.043620
0.033557
0.131662
0.151106
0.273445
0.097816
0.160985
0.083997
0.149089
0.174458
0.144621
-0.007766
0.218826
0.144838
-0.024800
-0.019595
-0.071467
0.062164
-0.006203
-0.004467
0.096416
0.040946
0.015479
0.194134
0.096339
0.093513
0.044354
0.004848
-0.047042
0.041141
0.002374
0.129871
-0.008800
0.045926
0.023443
-0.123225
0.090544
0.014268
0.019198
-0.010231
0.039280
0.043779
0.148221
0.189741
0.205166
0.301487
0.289900
0.167187
0.339644
0.329071
0.415652
0.306983
0.396623
0.334351
0.511352
0.635391
0.784054
0.779387
0.641511
0.615413
0.554465
0.429434
0.561445
0.324313
0.526615
0.256524
0.555452
0.371890
0.446771
0.378142
0.403085
0.466331
0.529565
0.513944
0.458849
0.406271
0.512408
0.560566
0.624516
0.350255
0.597900
0.430437
0.594571
0.411934
0.557206
0.508791
0.395677
0.446589
0.595557
0.479923
0.442315
0.373705
0.247798
0.273357
0.249350
0.124022
0.320129
0.247880
0.493308
0.193461
0.592762
0.394369
0.568938
0.430555
0.743512
0.684413
0.746069
0.779812
0.624512
0.649316
0.684442
0.691535
0.676762
0.683227
0.493323
0.407434
0.310978
0.344677
0.202832
0.236275
0.261430
0.260417
0.114409
0.067984
0.169194
0.191788
0.059738
0.076771
0.151039
0.017708
0.144213
0.061118
0.175423
0.231310
-0.015381
0.270251
0.370720
0.478166
0.398334
0.281749
0.307787
0.359531
0.403466
0.030135
0.459833
0.261660
0.473781
0.411503
0.527654
0.397031
0.424228
0.473105
0.676999
0.702208
0.618336
0.656934
0.764574
0.512578
0.534738
0.446918
0.457628
0.380391
0.553509
0.577772
0.646722
0.493287
0.625915
0.615228
0.807653
0.714819
0.718690
0.785545
0.838083
0.777664
0.875394
0.806142
0.881213
0.746212
0.821874
0.691650
0.694554
0.670963
0.646986
0.568315
0.733666
0.657654
0.557467
0.586024
0.662551
0.526259
0.585171
0.419089
0.548310
0.499545
0.574890
0.542667
0.407113
0.347087
0.516694
0.312795
0.456840
0.430005
0.254618
0.398354
0.359693
0.384913
0.373058
0.178544
0.251331
0.338684
0.084831
0.136392
0.420618
0.181080
0.324728
0.342740
0.240977
0.304175
0.166799
0.249591
0.059043
0.082712
0.232677
0.139069
0.157238
0.150136
0.040410
0.114532
0.091393
0.183159
0.143546
0.287316
0.388223
0.336112
0.577027
0.427838
0.644810
0.606060
0.530948
0.468449
0.605024
0.506060
0.372676
0.281081
0.517094
0.244468
0.478782
0.382820
0.543248
0.450303
0.322239
0.201123
0.167346
0.263749
0.084152
0.147333
0.283288
0.147203
0.181179
0.335034
0.418705
0.496845
0.520776
0.336313
0.488178
0.300489
0.504845
0.516725
0.592885
0.528939
0.589328
0.473080
0.556851
0.567044
0.578534
0.527659
0.567054
0.427274
0.633277
0.601102
0.819338
0.770122
0.577376
0.646699
0.442942
0.559284
0.580603
0.496180
0.502158
0.414933
0.453524
0.547990
0.483383
0.546327
0.475454
0.425531
0.424971
0.259784
0.348419
0.395726
0.537080
0.506737
0.578344
0.453591
0.596234
0.557448
0.356125
0.464963
0.522069
0.308041
0.694245
0.503215
0.575643
0.611736
0.305022
0.227839
0.269704
0.250687
0.260015
0.119992
0.169988
0.171841
0.072751
0.111342
0.207773
0.076153
0.108444
0.129760
0.240401
0.130955
0.133552
0.001350
0.025450
0.208855
0.232868
0.132843
0.099606
0.150021
0.224536
0.198546
0.394218
0.196594
0.337771
0.364885
0.314057
0.425303
0.336663
0.344569
0.135512
0.086781
0.238107
0.103900
0.156656
0.255665
0.268365
0.176147
0.325292
0.241951
0.293531
0.253220
0.424911
0.358533
0.380035
0.356045
0.438404
0.402374
0.521038
0.281698
0.447667
0.340085
0.376689
0.405490
0.367631
0.259827
0.242132
0.384499
0.158586
0.232484
0.210402
0.151710
0.216293
0.251739
0.231422
0.292973
0.473845
0.251526
0.507692
0.400347
0.618331
0.529395
0.511967
0.402080
0.624755
0.554211
0.465801
0.245400
0.369704
0.411141
0.298055
0.385686
0.418690
0.272204
0.390814
0.340570
0.462344
0.107393
0.524213
0.399125
0.578155
0.565743
0.447285
0.344857
0.503843
0.537475
0.546961
0.377949
0.584699
0.457503
0.653497
0.519473
0.554491
0.492706
0.683314
0.630522
0.783967
0.672283
0.769853
0.683262
0.681231
0.580142
0.610641
0.542743
0.445374
0.362874
0.242528
0.280649
0.214981
0.296350
0.068353
0.235325
0.058110
0.148511
0.128454
0.038669
-0.131664
0.024369
0.195275
0.074381
0.200426
0.120061
-0.061116
0.043095
0.081379
0.060909
0.062715
0.115338
0.078796
0.111011
0.096325
0.051693
0.148327
-0.043678
0.176874
-0.014233
0.128029
0.042899
0.140523
0.088220
0.042196
0.038237
0.224153
0.254099
0.398134
0.352500
0.329463
0.348111
0.381594
0.355928
0.396245
0.338682
0.418428
0.162507
0.336408
0.308785
0.367348
0.241552
0.508527
0.292282
0.536337
0.497669
0.477272
0.558406
0.584581
0.521288
0.495059
0.332564
0.422710
0.236624
0.252809
0.109591
0.222139
0.076475
0.254530
0.168012
0.154326
0.252210
0.069324
-0.091692
0.009316
0.023013
-0.007564
0.031482
0.013549
-0.030320
0.022839
-0.106433
0.169124
0.084323
0.311803
0.098829
0.296445
0.290109
0.272985
0.225698
0.425312
0.228045
0.207454
0.129794
0.230029
0.108448
-0.003835
0.108248
0.061976
-0.041871
0.057547
0.093145
0.094242
0.109219
0.060140
0.076946
-0.089868
0.063245
0.209146
-0.024490
0.201897
0.153380
0.072721
0.003455
0.137903
0.178224
0.037080
0.163651
0.091962
0.127870
0.109799
0.040331
0.058343
0.056138
0.047146
0.090527
-0.043747
0.023802
0.069962
-0.028939
-0.102449
0.072086
0.004235
0.128382
0.011026
0.092594
0.047462
0.019193
0.046366
0.086651
0.124519
0.103493
0.172905
0.147605
0.116708
0.178557
0.225402
0.113122
0.270075
0.157887
0.424859
0.333191
0.125157
0.160706
-0.023290
0.133473
0.162354
0.170924
0.250118
0.043512
0.065493
0.074424
0.281555
0.098110
0.182362
-0.101338
0.187674
-0.012083
0.205546
0.094715
0.118992
0.244485
-0.003104
0.152929
0.274741
0.211894
0.243101
0.167482
0.249866
0.190727
0.013410
0.163531
0.053031
