0.062280
0.171034
0.206758
0.155115
0.277368
0.195719
0.185889
0.231723
0.197716
0.380911
0.356344
0.253761
0.394580
0.210879
0.286737
0.508024
0.444550
0.463876
0.357354
0.244112
0.306354
0.416820
0.216268
0.408731
0.339156
0.189861
0.116597
0.068971
0.151606
0.085182
0.042362
0.101957
0.079054
0.192340
0.058788
0.094518
0.171391
0.046737
0.078721
0.027213
0.047358
0.025711
0.050412
0.089236
0.067648
0.117076
0.026760
0.140206
0.120644
0.128238
0.240790
0.061130
0.207369
0.124949
0.043116
0.099592
0.122271
0.137499
0.067730
0.000315
0.044109
0.113964
0.121418
0.097189
0.182026
0.244118
0.095831
0.137762
0.134565
-0.027404
0.166297
0.086733
0.066686
0.080555
0.044349
0.087446
0.059520
0.051064
-0.003160
0.088813
-0.003071
0.045965
0.194750
0.045681
0.049590
0.107904
0.048583
0.088895
0.079921
0.111227
0.015602
-0.001575
0.164814
0.037441
0.028239
0.043359
0.062466
0.038339
0.051188
0.022804
0.051527
0.117109
0.055739
0.185775
0.070892
0.137247
0.135437
0.251489
0.169251
0.298519
0.205441
0.243572
0.378905
0.375024
0.220107
0.269272
0.200382
0.315231
0.097752
0.221100
0.296933
0.265401
0.185969
0.243842
0.337160
0.391715
0.211094
0.650880
0.454480
0.499088
0.403372
0.203845
0.222560
0.271090
0.171643
0.112258
0.117141
0.058563
0.062365
0.080439
0.140098
0.120692
0.075962
0.148436
0.109708
0.042239
0.066032
0.163555
0.002902
-0.001955
-0.073614
0.038602
-0.030579
0.001095
0.071273
0.158988
0.035417
0.037762
0.067760
0.040448
0.097512
0.058226
0.110715
0.124139
0.061149
0.102056
0.090900
0.199753
0.180933
0.449768
0.181415
0.429743
0.437198
0.299671
0.312243
0.454625
0.274106
0.426574
0.455007
0.473298
0.427161
0.560356
0.502046
0.672165
0.525103
0.478492
0.463223
0.352512
0.317992
0.277105
0.246484
0.134571
0.129436
0.134499
0.164097
0.178276
0.166500
0.223611
0.105569
0.081021
0.113487
0.168198
0.114462
0.127659
0.032378
0.124001
0.142063
0.277835
0.296087
0.447371
0.374187
0.387543
0.414098
0.376820
0.229610
0.254311
0.122885
0.162294
0.120482
0.146528
0.097720
-0.002068
0.117025
0.034265
0.080372
0.006767
-0.051973
0.005870
0.114131
0.061376
0.015865
0.120456
-0.014134
-0.011933
0.051636
0.067577
0.051622
-0.088870
-0.070678
0.206795
0.083060
0.139734
0.065043
0.128136
0.165458
0.212348
0.066397
0.107744
0.108977
0.116431
0.059703
0.109961
0.039300
0.027419
0.047845
0.104592
0.101192
0.096534
0.111546
0.009759
0.101704
-0.050995
0.002369
0.110637
0.025098
0.186496
-0.046597
0.043495
0.101824
0.047017
0.160069
-0.022073
0.043083
0.245041
0.090819
0.106326
0.238552
0.031509
0.119868
0.098928
0.080173
0.093006
0.144516
0.086511
0.100506
0.219770
0.109759
0.143672
0.082509
0.132919
0.073403
0.112799
0.167337
0.144639
0.091432
0.202160
0.117758
0.181771
0.094453
0.098846
0.062590
-0.100264
-0.072023
0.090671
0.064051
0.061537
0.067231
0.033594
0.052054
-0.018338
0.115100
-0.028165
0.044213
0.138305
0.092661
0.207272
0.102415
0.192039
0.271080
0.254411
0.243101
0.207987
0.116946
0.068772
0.155946
0.118849
0.148941
0.082049
0.189817
0.060647
0.013836
0.135576
-0.038034
-0.012690
0.123211
-0.001512
0.140559
0.123825
0.115356
0.001250
0.173694
0.057593
0.039847
0.038525
0.019007
0.098461
0.206678
0.022967
0.153261
0.039656
0.065011
0.033224
0.091118
0.089918
0.212253
0.350057
0.099975
0.062151
0.086360
0.046775
0.094574
0.304010
0.132096
0.188754
0.137517
0.059912
0.234853
0.312494
0.321250
0.438036
0.329861
0.395373
0.371323
0.545962
0.442731
0.632580
0.569113
0.643091
0.570603
0.696372
0.608563
0.615013
0.697369
0.641146
0.508225
0.533566
0.602647
0.613863
0.475971
0.674100
0.588858
0.743198
0.617964
0.653891
0.632310
0.649935
0.565285
0.429682
0.378908
0.338640
0.289003
0.293214
0.305864
0.278773
0.056214
0.156022
0.147774
0.204089
0.066400
0.137001
0.003137
-0.029879
0.032274
0.137921
0.126519
0.285784
0.383998
0.444720
0.317262
0.183815
0.208293
0.165826
-0.007038
0.043870
0.094536
0.099640
0.147037
0.023678
-0.017456
0.029648
0.024382
-0.020312
-0.032083
-0.003245
0.048519
-0.002193
-0.042574
0.048243
0.006936
0.055005
0.064436
-0.045989
-0.008695
0.020677
0.023684
-0.042784
0.086596
0.003978
-0.039632
0.031406
-0.033004
0.136032
0.082107
0.061065
0.183126
0.029673
0.047603
0.013107
-0.098981
0.182840
0.125453
-0.034366
0.044489
0.201481
0.111645
0.125474
-0.035407
0.088410
0.197152
0.066578
0.016819
0.247145
0.176319
0.139507
0.160318
0.359154
0.303797
0.236179
0.294498
0.395020
0.494472
0.400338
0.294166
0.249390
0.214742
0.300598
0.198267
0.430754
0.429986
0.467649
0.356766
0.653742
0.281647
0.436093
0.574832
0.403279
0.605871
0.475786
0.639880
0.803982
0.759895
0.761758
0.637146
0.735764
0.691063
0.673235
0.672769
0.535019
0.562890
0.403883
0.479309
0.376583
0.386189
0.262298
0.075928
0.177935
0.075943
0.218586
0.112556
0.086817
0.153897
0.235244
0.182525
0.172009
-0.065393
0.039514
-0.033520
0.063095
-0.006574
0.065015
0.153381
0.189629
0.143614
0.048758
0.061609
0.121658
0.050855
0.087488
0.021020
0.117492
0.073512
-0.039497
0.065619
0.223504
0.204108
0.270172
0.275580
0.326225
0.340868
0.349103
0.315062
0.322850
0.456863
0.425090
0.277705
0.287349
0.257551
0.365523
0.402716
0.524624
0.505893
0.744616
0.789573
0.809125
0.719369
0.725496
0.627044
0.719068
0.562859
0.814474
0.736591
0.791642
0.797991
0.711645
0.813721
0.814229
0.798119
0.705824
0.622204
0.700440
0.750496
0.696960
0.576519
0.647119
0.544170
0.619398
0.653057
0.574257
0.558223
0.668195
0.546183
0.748849
0.608696
0.699380
0.684916
0.700419
0.682947
0.636475
0.649535
0.615088
0.593433
0.588810
0.478829
0.618354
0.467042
0.557689
0.603202
0.540500
0.452989
0.534890
0.453492
0.471403
0.530382
0.617189
0.483055
0.650138
0.603716
0.477344
0.581652
0.478611
0.453442
0.594508
0.452998
0.524902
0.376250
0.546580
0.660157
0.790245
0.676150
0.852728
0.705168
0.851053
0.852021
0.860035
0.784030
0.806321
0.726150
0.814846
0.757983
0.827346
0.616013
0.762988
0.705903
0.783689
0.640914
0.727312
0.636269
0.786469
0.703865
0.725130
0.680381
0.673938
0.671208
0.692113
0.523225
0.721049
0.613576
0.565250
0.490237
0.438295
0.561363
0.491429
0.454718
0.476919
0.439040
0.409432
0.224282
0.451462
0.348401
0.167687
0.236470
0.216671
0.293845
0.228037
0.298727
0.444622
0.328848
0.358809
0.311381
0.386166
0.503659
0.517647
0.480844
0.626907
0.490566
0.561306
0.544579
0.715670
0.628703
0.526757
0.431461
0.349065
0.462631
0.550040
0.484679
0.681190
0.567866
0.355856
0.550908
0.544463
0.368270
0.592044
0.377688
0.487182
0.393559
0.508139
0.559950
0.625635
0.624296
0.659915
0.675806
0.732344
0.624234
0.767475
0.667421
0.722421
0.762238
0.765626
0.676163
0.848815
0.798194
0.788137
0.811357
0.777828
0.723605
0.786352
0.649360
0.851557
0.797193
0.835998
0.852076
0.872219
0.824038
0.935582
0.910857
0.969777
0.957162
0.946321
0.942031
0.944736
0.901940
0.955263
0.905418
0.899469
0.925286
0.898082
0.887983
0.841755
0.799557
0.801439
0.787565
0.790646
0.812052
0.773922
0.683052
0.704770
0.651888
0.778269
0.695523
0.790017
0.673402
0.658154
0.739645
0.503814
0.467214
0.451469
0.299886
0.499497
0.286108
0.441706
0.306467
0.418003
0.388242
0.348178
0.334153
0.372026
0.462411
0.298263
0.266553
0.234469
0.163668
0.226955
0.192118
0.284900
0.261826
0.252846
0.305361
0.430378
0.262282
0.501744
0.400822
0.482949
0.333688
0.549420
0.318526
0.284182
0.461354
0.373393
0.399245
0.318991
0.369408
0.290809
0.357538
0.286142
0.386519
0.271792
0.312290
0.271975
0.246795
0.249867
0.094230
0.092197
0.076784
0.083667
0.053474
0.248623
0.120450
0.208933
0.259294
0.311576
0.208347
0.098913
0.124497
0.283338
0.011190
0.274584
0.154776
0.138319
0.092029
0.115623
0.166780
0.232641
0.150582
0.258185
0.182791
0.283029
0.236315
0.382086
0.065913
0.311250
0.274134
0.348472
0.207862
0.296428
0.106375
0.329011
0.296449
0.515386
0.431948
0.462505
0.519343
0.456471
0.485673
0.370638
0.418362
0.431888
0.295059
0.347973
0.311704
0.238117
0.224557
0.090664
0.054360
0.036295
0.063300
0.125569
0.105028
0.070180
0.098677
0.092617
0.127069
0.091509
0.161625
0.223537
0.210893
0.221587
0.237076
0.308737
0.447299
0.702562
0.560656
0.725098
0.594607
0.553398
0.610312
0.482332
0.304075
0.402114
0.334082
0.358032
0.274833
0.178399
0.112679
0.036960
0.109291
0.079410
0.102620
0.092360
0.108767
0.095807
-0.041393
0.064731
-0.031838
0.165993
0.076499
0.136804
0.012259
0.023262
0.054617
0.026902
0.020609
0.102850
0.112789
0.105916
0.041523
0.164687
0.099659
0.076850
0.102516
0.210109
0.081698
0.029436
0.118241
0.147404
0.158425
0.128175
0.146088
0.220648
0.213251
0.264226
0.210581
0.291299
0.098993
0.446286
0.328581
0.353565
0.351107
0.309305
0.108374
0.195465
0.120019
0.093984
0.106737
0.190984
0.153369
0.147240
0.046912
0.126185
0.241714
0.184207
0.105870
0.184461
0.170718
0.168251
0.079283
0.084467
0.117012
0.004452
0.057630
0.020285
0.128284
0.128493
0.190703
0.081328
0.082307
0.159055
0.132385
-0.006723
0.088182
0.073553
0.131622
0.148157
-0.094865
0.017468
0.054907
0.043067
-0.006768
-0.032800
-0.053559
0.008858
-0.084589
-0.006748
0.083061
-0.041162
-0.019446
-0.039079
0.073057
0.087162
-0.024183
-0.077038
0.014872
0.032325
-0.020352
0.073050
0.074968
-0.113306
0.057571
0.031685
0.002440
-0.002549
-0.000093
0.105429
0.010609
0.193528
-0.006772
-0.106776
0.034676
0.084030
0.061525
0.024518
0.069194
0.082235
0.086835
0.010616
-0.002089
0.081316
0.127396
0.209185
0.126428
0.177382
0.073119
0.112946
0.084967
-0.056219
