0.094050
0.093290
0.087014
0.057327
0.127320
0.102660
0.029527
0.088653
0.060465
0.126304
-0.012321
-0.060482
0.103722
0.114547
0.103349
0.100813
-0.032865
0.120314
0.011334
0.074321
0.090921
0.027339
0.113316
0.001494
0.028043
0.100815
0.099722
-0.026230
0.141454
0.057846
0.069248
0.071277
0.002476
0.096045
0.097363
0.118932
0.047817
0.117221
-0.001169
0.019377
0.075854
0.140390
0.025440
0.020207
-0.043551
-0.009365
0.004705
0.093167
0.049820
0.130612
0.081253
-0.036598
0.089727
0.289313
0.088488
0.058682
0.191966
0.116634
0.233959
0.127225
0.174493
0.129172
0.023782
0.358995
0.219682
0.212477
0.246290
0.224392
0.119793
0.160482
0.215056
0.094830
0.086543
0.067745
-0.031792
0.039536
-0.032001
-0.030370
0.110538
0.024813
0.111943
0.039100
-0.091212
0.099630
0.051142
-0.039945
0.022396
-0.015999
0.003455
0.016398
-0.000617
0.086641
0.027413
0.036807
0.001127
0.051252
0.003197
0.050196
0.080385
0.094202
0.076007
0.129068
-0.076015
0.034648
0.047405
0.006720
0.085005
0.125682
-0.006585
0.294535
0.207484
0.348884
0.178647
0.206716
0.035780
0.203831
0.203745
0.103123
0.173923
0.206779
0.143792
0.241213
0.219841
0.220373
0.159665
0.034363
0.055512
0.188474
0.079745
0.199557
0.179620
0.215124
0.117238
0.051853
0.097295
0.137558
0.173697
0.219956
0.094464
0.022527
-0.022360
0.115450
0.027456
0.133497
0.036381
0.122604
0.098245
0.156206
0.221694
0.131261
0.076517
0.165619
0.047208
0.123701
-0.068428
0.119177
0.098496
0.306101
0.036988
0.402750
0.202830
0.203945
0.076563
0.040355
0.208957
0.305783
0.267058
0.315230
0.251930
0.231637
0.271956
0.314184
0.282076
0.127644
0.207687
0.107306
0.005815
-0.001032
-0.028810
-0.042945
0.119520
0.086389
-0.067841
0.145652
0.190271
0.066971
0.127205
0.113387
0.095668
-0.003336
-0.000238
0.132336
0.030327
0.036122
0.023348
0.030893
0.097176
-0.022190
0.146260
0.078420
0.057166
0.050540
0.080878
0.071195
0.004643
0.105635
0.024554
0.108344
0.009037
0.017312
0.075736
0.180515
0.158933
0.015239
0.072787
0.044797
0.068895
0.084770
-0.042237
0.023315
0.033284
0.236200
0.382633
0.364576
0.140070
0.070830
0.188042
0.031566
0.108289
0.003982
0.027281
0.070008
0.005858
-0.024437
0.080242
-0.063071
0.214862
0.252900
0.108312
-0.011146
0.166533
0.172911
-0.129997
0.188482
0.047209
0.004159
-0.003228
0.077793
0.029975
-0.032205
-0.029086
0.188310
0.038417
0.153164
0.115443
0.213780
0.086788
0.140042
0.090832
0.103063
0.049626
0.078701
0.067620
0.023749
0.102276
0.061482
0.033665
0.053044
0.145081
0.139954
0.014838
0.189225
0.111431
-0.018285
0.093089
0.206879
0.206024
0.238144
0.174341
0.362993
0.211102
0.163996
0.088771
0.046970
0.114894
0.155074
0.206544
0.245469
0.238488
0.186625
0.233825
0.055342
0.101742
0.118285
0.163880
0.207853
0.064257
0.196010
0.028467
0.190491
0.017206
0.084106
-0.023108
0.131299
0.057947
0.096765
0.007584
0.031147
0.151954
0.020866
0.068592
0.078323
0.115351
0.080468
0.114265
-0.011761
0.126685
0.041559
0.130662
0.181238
0.061095
0.042230
0.091803
0.065239
0.190265
0.267553
0.111639
0.298329
0.233820
0.190147
0.078230
0.181334
0.115412
0.102071
-0.054829
0.105782
0.065610
0.075798
0.085808
0.171073
0.192412
-0.005420
0.104056
0.029016
0.045544
-0.054593
0.012565
0.016453
-0.058375
0.050902
0.033616
0.173461
0.088852
0.207808
0.225701
0.236601
0.224595
0.323933
0.146716
0.321672
0.248068
0.134635
0.090338
0.152800
0.127032
0.095297
0.162133
0.205828
0.153216
0.152531
0.236250
0.128762
0.121500
-0.025097
0.069135
0.087146
0.151527
0.194318
0.123096
0.132075
0.090726
0.135244
0.325484
0.394289
0.392795
0.372498
0.155991
0.412380
0.191395
0.162910
0.138716
0.127648
0.031805
0.162037
0.119534
0.302824
0.165927
0.425587
0.394151
0.597389
0.404344
0.661024
0.698150
0.742838
0.735015
0.771232
0.654001
0.820565
0.754712
0.674938
0.666505
0.704637
0.698209
0.693776
0.660886
0.547262
0.540331
0.450088
0.449354
0.393425
0.399832
0.429891
0.166943
0.431936
0.169307
0.273666
0.174114
0.181825
0.276723
0.227761
0.184192
0.491575
0.342420
0.360861
0.379051
0.059347
0.102772
0.213760
0.078308
0.269067
0.105541
0.047256
0.133602
0.200982
-0.009892
0.078515
-0.090137
0.137751
-0.003185
0.068106
0.005593
-0.012771
0.025416
0.200782
0.013918
0.164726
0.022811
0.063339
0.031307
0.182076
0.104275
0.135605
0.091226
0.375736
0.191793
0.328841
0.320521
0.525930
0.378659
0.517283
0.464961
0.550814
0.458302
0.634681
0.612318
0.654350
0.773947
0.741751
0.680812
0.654946
0.666097
0.638424
0.559414
0.584836
0.559353
0.608590
0.559518
0.624838
0.538130
0.625583
0.535256
0.750225
0.694946
0.851455
0.819920
0.901835
0.894277
0.866727
0.876601
0.731322
0.812169
0.832625
0.740066
0.831023
0.784309
0.836768
0.814771
0.764335
0.827672
0.811222
0.763055
0.845348
0.801385
0.800600
0.771927
0.837610
0.773031
0.858610
0.757094
0.904111
0.870355
0.890644
0.859961
0.895110
0.822815
0.954626
0.899564
0.903869
0.947848
0.945877
0.955710
0.988412
0.980700
0.983066
0.964742
0.985698
0.976790
0.983344
0.968720
0.976204
0.965364
0.987682
0.976848
0.986490
0.980811
0.956881
0.949671
0.931325
0.914299
0.950028
0.926843
0.938892
0.912697
0.927145
0.886918
0.930815
0.880280
0.889223
0.839962
0.789084
0.834967
0.821672
0.789420
0.834492
0.834182
0.859448
0.772985
0.807445
0.794737
0.793709
0.800122
0.814712
0.697923
0.748995
0.776591
0.722734
0.746367
0.694323
0.668048
0.669145
0.496376
0.565726
0.570618
0.683903
0.663483
0.746670
0.640120
0.645320
0.661882
0.590196
0.529795
0.689862
0.630133
0.692290
0.542145
0.348847
0.616492
0.653556
0.668123
0.753955
0.749752
0.864131
0.767817
0.874492
0.841794
0.852549
0.852161
0.903121
0.912132
0.893647
0.866128
0.855878
0.829341
0.876299
0.780282
0.906433
0.851668
0.872573
0.844553
0.906447
0.808083
0.863028
0.787964
0.797856
0.797453
0.867046
0.772725
0.883553
0.875586
0.847667
0.833494
0.838242
0.774039
0.830200
0.771134
0.833838
0.637809
0.874936
0.835142
0.930631
0.855370
0.910709
0.849116
0.806722
0.778487
0.818996
0.791697
0.842179
0.666442
0.818099
0.806085
0.845824
0.802283
0.898114
0.891273
0.939164
0.941571
0.894643
0.914998
0.891084
0.848092
0.845417
0.723350
0.699639
0.733530
0.681687
0.613796
0.552504
0.398904
0.513462
0.430365
0.374980
0.491281
0.530101
0.553030
0.659531
0.621552
0.550321
0.585300
0.549171
0.334630
0.567728
0.481709
0.642034
0.555743
0.688779
0.563780
0.767526
0.756281
0.737767
0.655264
0.770256
0.727632
0.836715
0.762716
0.781137
0.685151
0.678145
0.669932
0.518042
0.426589
0.347080
0.324728
0.276084
0.239210
0.295959
0.200204
0.299298
0.312017
0.612529
0.391491
0.574916
0.604482
0.509585
0.458097
0.264708
0.312938
0.269985
0.308815
0.287668
0.369464
0.709235
0.785493
0.878697
0.785678
0.870811
0.716693
0.916472
0.873565
0.841810
0.847691
0.754593
0.668710
0.809425
0.817946
0.866004
0.845364
0.836547
0.770273
0.854402
0.803165
0.838803
0.692150
0.671870
0.702673
0.511750
0.394418
0.329566
0.371597
0.379739
0.373823
0.398621
0.317820
0.291049
0.378719
0.483436
0.377903
0.619893
0.453408
0.573038
0.560313
0.630054
0.554551
0.663011
0.643236
0.493963
0.424690
0.523598
0.462206
0.514056
0.381210
0.317343
0.294850
0.316264
0.192231
0.493372
0.333909
0.234377
0.452033
0.335046
0.353364
0.267992
0.206064
0.251837
0.187809
0.502136
0.392919
0.511680
0.396322
0.663145
0.650220
0.845027
0.782828
0.607574
0.644105
0.463657
0.499255
0.572649
0.359732
0.648964
0.617500
0.526636
0.434090
0.467165
0.341845
0.416380
0.097348
0.270675
0.184726
0.159829
0.221939
0.145528
0.149643
0.045869
0.138676
0.125689
0.074104
0.152616
0.142567
0.159991
0.154213
0.308527
0.140955
0.374535
0.161828
0.229752
0.150454
0.120226
0.077075
0.216177
0.164097
0.326710
0.285353
0.275862
0.238127
0.400818
0.329139
0.476524
0.257672
0.386179
0.233422
0.347081
0.138295
0.160772
0.212261
0.196733
0.175209
0.287793
0.034806
0.218150
0.213082
0.191057
0.277840
0.256378
0.164957
0.210939
0.176655
0.325281
0.165460
0.258035
0.262919
0.290383
0.273670
0.379531
0.519390
0.379199
0.424753
0.215727
0.189781
0.340262
0.137015
0.179529
0.197886
0.265231
0.295752
0.136286
0.205626
0.232813
0.101210
0.036616
0.044726
0.007509
0.030139
-0.043133
0.116901
0.011760
0.091894
0.074958
0.079141
0.081579
0.094365
-0.020729
0.117525
0.033761
0.140609
0.012952
0.016633
-0.064991
0.076842
0.239380
0.063764
-0.008770
0.204895
0.231581
0.073128
0.157128
0.030396
0.384874
0.210768
-0.061635
0.045147
0.120342
0.056754
0.192706
0.160349
0.074702
0.085213
0.238683
0.156678
0.296048
0.083039
0.372454
0.152116
0.266403
0.276948
0.130671
0.139895
0.153923
0.113916
0.062961
0.122868
0.065646
0.143705
0.179815
-0.026687
0.051537
0.015977
-0.043854
0.083527
0.030210
0.084950
0.182749
0.123959
0.227121
0.271155
0.097633
0.067007
0.221813
0.099740
0.178594
0.162047
0.195771
-0.025562
0.156756
0.102146
0.065628
0.179162
0.098803
0.052695
0.039862
0.215107
0.216937
0.235180
0.069902
0.136184
0.119216
0.182380
0.069021
0.122438
0.186855
0.133308
0.106454
0.048441
0.299812
0.133927
0.332613
0.185574
0.315487
0.342252
0.335566
0.331423
0.233863
0.140161
0.337276
0.247611
0.309050
0.292267
0.523511
0.285724
0.397895
0.222303
0.386489
0.241778
0.240815
0.362700
0.092028
0.176980
0.186094
0.135601
0.119193
0.083761
0.143748
0.070062
0.085429
0.216259
0.224644
0.056275
0.108497
0.094225
0.290872
0.290168
0.392889
0.305576
0.114709
0.257384
0.215049
0.209398
0.322955
0.357379
0.303369
0.173106
0.307422
0.265676
0.103319
