0.064354
0.112981
0.068989
0.032087
0.172280
0.146792
0.138629
0.075626
0.080321
0.182502
0.001593
0.059254
0.018836
0.036068
0.106373
0.190176
0.162137
0.141450
0.115215
0.190906
0.029656
0.048784
0.028385
0.032350
0.070556
0.058716
-0.002700
0.146692
0.037824
0.236303
0.055748
-0.001430
0.065271
0.018342
-0.007118
0.113899
0.027935
0.021765
-0.020073
0.099899
0.049986
-0.020205
0.062596
-0.038112
-0.129035
0.017365
0.127835
-0.044446
0.042623
0.071864
-0.085675
-0.046493
-0.009503
-0.066405
0.043502
0.002817
0.067675
0.083579
0.117312
0.070313
-0.066194
-0.001349
0.077697
0.003575
0.095915
-0.014715
0.009119
-0.090666
0.199262
0.091920
0.076683
0.200067
0.152950
0.110660
0.024963
-0.012148
0.032555
0.067086
0.062171
0.081290
0.004481
0.168086
0.105912
0.130012
0.028909
-0.044022
0.004908
0.058162
0.094064
-0.086297
0.049928
0.188906
-0.007319
0.113586
-0.079749
0.118038
-0.030272
-0.037102
0.013663
0.120256
0.105299
-0.034352
0.031272
0.020293
0.066186
0.025301
0.112462
0.121639
0.011260
0.107035
-0.004077
0.166545
0.067976
0.048036
0.059998
-0.033012
0.049682
0.040109
0.007501
0.124278
0.069942
0.026000
-0.027055
-0.035076
0.042646
0.009632
0.087790
0.062011
0.006843
-0.001980
0.092962
0.116270
0.099511
-0.045106
0.133672
-0.062292
-0.003027
0.090611
0.038751
-0.009914
0.150460
0.041159
0.088145
0.240299
0.129992
0.060533
-0.005708
0.083985
0.036695
0.104862
0.018548
0.064572
0.086234
0.089627
0.063442
0.009698
0.020483
0.123652
0.022856
0.056770
-0.052969
-0.027242
0.016151
0.022288
0.078763
-0.023319
0.047323
0.086004
0.016283
0.068120
0.093623
0.012626
-0.059204
0.102438
0.003083
0.006807
0.170790
0.088803
0.084091
-0.007883
0.111983
0.080316
0.075287
0.034295
0.035989
0.098803
0.108970
0.061647
0.050773
0.171017
0.073312
0.222652
0.172912
0.262093
0.253966
0.190615
0.303129
0.207842
0.173932
0.286901
0.237071
0.120445
0.236229
0.171017
0.088220
0.221678
0.229716
0.085142
0.176760
0.144223
0.128251
0.194251
0.136476
0.151233
-0.011381
0.152061
0.058880
0.135533
0.047770
0.093637
-0.016484
0.045353
0.115463
0.146427
0.051611
0.033988
-0.032236
-0.137266
0.108040
0.073379
0.010827
-0.056441
-0.042665
-0.074710
0.057486
-0.077271
0.008464
0.136245
-0.021862
-0.058425
0.094874
0.026437
-0.058701
0.169819
0.051201
-0.036650
0.104189
0.136247
0.225043
0.119146
0.109087
0.111827
0.066749
0.144921
0.100814
0.196933
0.083690
0.132849
0.107748
0.113113
0.130571
0.094362
0.134882
0.089795
0.091301
0.139209
-0.031115
0.019062
0.072507
0.059652
0.084146
0.081865
0.053259
-0.057427
0.005177
0.073741
0.025737
0.074370
0.008293
-0.022301
0.110703
0.035545
0.108692
0.176575
-0.090181
0.034217
0.083569
0.081011
0.052712
0.036957
0.124427
0.391731
0.309374
0.275803
0.249498
0.299228
0.206040
0.223565
0.107423
0.260509
0.166639
0.208166
0.266618
0.370700
0.306059
0.312039
0.207231
0.311721
0.173079
0.292926
0.244193
0.178033
0.218302
0.287411
0.216774
0.322831
0.139140
0.344613
0.411532
0.599689
0.373112
0.244784
0.222455
0.255004
0.173916
0.222068
0.148752
0.153967
0.133514
0.228944
0.102748
0.269726
0.250547
0.241045
0.138387
0.338091
0.259300
0.389437
0.228239
0.093194
0.074129
0.325078
-0.050092
0.135550
0.099055
0.041068
0.134220
0.020414
0.180268
0.117499
0.083737
0.227360
0.153506
0.028641
0.056081
0.148651
0.109698
0.146551
0.098415
0.168624
0.072518
0.182696
0.169082
0.313413
0.227530
0.163856
0.210672
0.476312
0.396094
0.287279
0.277337
0.157555
0.235488
0.307738
0.252920
0.364390
0.252001
0.351101
0.364938
0.372034
0.262882
0.132827
0.199828
0.437213
0.401191
0.355736
0.257176
0.201349
0.179141
0.188054
0.206406
0.158127
0.172568
0.109437
0.123897
0.242161
0.044215
-0.019595
0.067599
0.035360
0.017403
0.130622
0.047062
0.087126
0.188973
0.265955
0.129843
0.247149
0.102926
0.008991
-0.026333
0.208088
0.111479
0.166499
-0.019162
0.203656
0.230836
0.103217
0.112849
0.199193
0.289739
0.127162
-0.010698
0.014346
0.128643
0.071969
0.158910
0.112123
0.039970
-0.052921
0.070286
0.084620
0.110934
0.019760
-0.008168
-0.038356
0.015461
0.203596
0.039457
-0.016618
0.047033
0.178811
0.210593
0.082224
0.212387
0.216450
0.205508
0.162954
0.171963
0.217556
0.096595
0.148227
0.120444
0.072225
0.114048
0.017855
0.108288
-0.052235
0.187914
0.186519
0.045546
0.114173
-0.084736
0.123047
0.034633
0.242743
0.066367
0.500669
0.278938
0.485518
0.321873
0.576196
0.472071
0.527170
0.615835
0.560239
0.355858
0.665517
0.608661
0.822541
0.853959
0.614167
0.741689
0.616759
0.512850
0.553220
0.293542
0.458740
0.420583
0.372731
0.281494
0.336877
0.114621
0.397437
0.398662
0.529758
0.556904
0.384376
0.488511
0.452460
0.439998
0.303368
0.214107
0.313726
0.239267
0.130190
0.179618
0.189801
0.073674
0.291862
0.215101
0.352548
0.285100
0.456977
0.548590
0.524639
0.540159
0.520545
0.291690
0.460224
0.400636
0.275957
0.189367
0.366611
0.364134
0.607705
0.413537
0.787321
0.686637
0.680077
0.791717
0.663002
0.671686
0.720996
0.554233
0.718380
0.674561
0.540791
0.612266
0.662123
0.471469
0.420361
0.309217
0.440489
0.414811
0.492319
0.358890
0.447545
0.372412
0.652803
0.549320
0.716394
0.578345
0.590401
0.608960
0.627665
0.604373
0.620543
0.574991
0.657788
0.573770
0.660976
0.411232
0.546470
0.483048
0.650775
0.437453
0.505607
0.427304
0.312796
0.345369
0.499291
0.261411
0.532747
0.317518
0.612020
0.462066
0.710345
0.649773
0.693583
0.767551
0.866998
0.845976
0.908774
0.866432
0.917581
0.852409
0.868657
0.867482
0.925955
0.903992
0.970107
0.970023
0.907643
0.924127
0.915621
0.820616
0.923342
0.857091
0.745323
0.774261
0.760364
0.677537
0.760597
0.510228
0.662936
0.576246
0.684864
0.554896
0.617920
0.595468
0.598472
0.611936
0.710431
0.531977
0.671968
0.662969
0.503002
0.555578
0.530866
0.381355
0.568000
0.319796
0.463101
0.314198
0.373103
0.306737
0.421186
0.511858
0.502686
0.355294
0.346266
0.379242
0.384803
0.405521
0.440309
0.363230
0.234008
0.303748
0.273045
0.425191
0.363349
0.300988
0.177993
0.192807
0.100048
0.106403
0.273493
0.155017
0.224122
0.286077
0.194300
0.123588
0.123030
0.161435
0.124209
-0.010527
0.150600
0.194691
0.244735
0.166007
0.286943
0.310597
0.382264
0.333583
0.463480
0.505895
0.438719
0.584202
0.711781
0.705617
0.857786
0.773737
0.652964
0.661464
0.606800
0.632487
0.647135
0.475018
0.467471
0.232017
0.616939
0.494570
0.735787
0.571627
0.812346
0.707321
0.834436
0.795489
0.900455
0.866270
0.919609
0.850188
0.910086
0.831790
0.910889
0.847593
0.881880
0.860690
0.862768
0.795656
0.776852
0.783960
0.749154
0.856559
0.774472
0.676196
0.753220
0.683147
0.806644
0.712708
0.691248
0.674881
0.855669
0.845074
0.920889
0.918729
0.963288
0.964381
0.986643
0.975858
0.953213
0.959725
0.953693
0.948218
0.957453
0.949757
0.916149
0.911325
0.941001
0.922936
0.973906
0.969759
0.961435
0.956889
0.961391
0.933170
0.942378
0.918479
0.935920
0.874033
0.942441
0.883299
0.966289
0.953355
0.904494
0.918092
0.876728
0.796234
0.813444
0.645732
0.558926
0.603377
0.473677
0.355825
0.241236
0.291521
0.233244
0.199038
0.214323
0.166131
0.029258
0.078526
0.051614
0.146220
0.192769
0.022836
0.049812
0.064761
0.099973
0.135338
0.127838
0.053675
0.180973
0.124419
0.303166
0.464025
0.179079
0.301113
0.191098
-0.003319
0.119732
-0.080125
0.128595
-0.000416
0.271459
0.201043
0.267679
0.232826
0.288358
0.260913
0.339295
0.258058
0.396849
0.256818
0.533300
0.530380
0.635136
0.593076
0.825159
0.703110
0.773053
0.766247
0.782340
0.772120
0.863481
0.772554
0.814349
0.801811
0.736694
0.643478
0.644190
0.499365
0.668365
0.580818
0.390691
0.561997
0.447931
0.295015
0.282513
0.243797
0.256725
0.140311
0.208830
0.249097
0.196172
0.108894
0.155697
0.133377
0.256808
0.276059
0.259522
0.310456
0.416804
0.486599
0.499095
0.386501
0.424239
0.296974
0.450649
0.380970
0.337636
0.320105
0.359539
0.224768
0.454391
0.367554
0.724286
0.664512
0.581117
0.527521
0.420880
0.417127
0.507421
0.311242
0.522448
0.345834
0.236048
0.305802
0.435213
0.172327
0.596279
0.431543
0.608226
0.572643
0.708166
0.726061
0.830593
0.800284
0.804698
0.711591
0.775000
0.727633
0.759426
0.763838
0.721742
0.708658
0.695088
0.727776
0.658996
0.660207
0.661799
0.516550
0.535747
0.445799
0.575636
0.578103
0.623170
0.510109
0.514223
0.522053
0.500100
0.379804
0.411674
0.558799
0.543610
0.507370
0.504283
0.494732
0.658320
0.570866
0.626438
0.492779
0.502508
0.523749
0.458247
0.521981
0.479865
0.363163
0.421131
0.244593
0.561348
0.571693
0.525230
0.595922
0.662867
0.441628
0.449919
0.400209
0.387392
0.239404
0.240968
0.374857
0.264033
0.215187
0.259640
0.224655
0.393786
0.236737
0.431679
0.301703
0.255442
0.346677
0.166322
0.285607
0.202931
0.123620
0.235491
0.086253
0.095553
0.154872
0.083169
0.030814
0.068476
-0.043912
0.113328
0.013404
0.053761
-0.060212
0.099140
0.105527
0.100392
0.327263
0.166859
0.133130
0.102340
0.113917
0.101568
0.024429
0.159275
0.183877
0.098821
0.170230
0.016993
0.114873
0.066674
0.006254
0.145610
0.070921
0.005228
0.115717
0.077381
0.096496
0.074461
0.123429
-0.022440
-0.012267
0.052860
0.034567
0.217457
0.019757
0.134963
0.059935
0.189516
0.000298
0.148778
0.029474
0.216682
0.194718
0.109391
0.149416
0.053360
0.048709
0.078480
0.071235
0.140678
0.152077
0.132930
0.011930
0.202923
0.211849
0.094530
0.209702
0.504630
0.207667
0.361667
0.206175
0.408745
0.313530
0.309825
0.172458
0.260424
0.253575
0.284848
0.159956
0.414007
0.222565
0.349278
0.441991
0.430815
0.223717
0.216858
0.298696
0.050198
