0.054251
0.086846
0.075753
0.069125
0.173540
0.118335
0.169949
0.137103
0.084493
0.257525
0.120394
0.222943
0.190004
0.261118
0.169318
0.241594
0.165429
0.139255
0.299915
0.255230
0.188151
0.188105
0.100959
0.133371
0.170182
0.176539
0.096697
0.169849
0.132458
0.178995
0.124051
0.210309
0.176847
0.132820
0.086328
0.009181
0.127701
0.129191
0.029259
0.119490
0.065397
0.092693
0.113297
0.138752
-0.068798
0.170212
0.111239
0.189765
0.143066
-0.051692
0.060867
-0.031798
0.090609
0.093247
0.057397
0.120006
0.065858
0.139192
0.009271
-0.028728
0.100507
0.140986
0.015807
0.046600
0.026354
0.062742
0.032526
0.049121
0.030719
0.180996
-0.037984
0.232876
0.072194
0.049062
0.054245
-0.063440
0.064052
0.155743
0.141775
0.100612
0.157395
0.315470
0.113170
0.129139
0.159473
0.130623
0.087864
0.093017
0.142931
0.078419
0.132093
0.040628
0.119575
0.003357
0.019580
0.131337
0.152762
0.168232
0.054453
-0.048130
0.109765
0.007927
0.078121
0.054650
0.032283
0.015574
0.110250
0.116607
0.091175
-0.009790
0.062191
0.106790
-0.004867
0.127666
0.071602
0.111186
0.182087
0.046476
0.061409
0.043811
0.090923
-0.142946
0.095731
0.115549
-0.023658
0.023574
0.111987
0.063191
0.161815
0.204543
0.172297
0.098559
0.097513
0.138719
0.250489
0.338018
0.358050
0.264646
0.133187
0.274947
0.099047
0.078457
0.073220
0.199480
0.243699
0.136465
0.095477
0.189265
0.185385
0.115456
-0.035975
0.126519
0.014934
0.143195
0.111102
0.100897
0.070113
0.041162
0.148481
-0.075108
-0.034971
0.065527
0.032642
-0.042337
0.132551
0.029104
0.021740
-0.071756
-0.021442
-0.045716
0.053192
0.026218
0.154620
0.148196
0.086703
0.152503
0.142706
0.083042
-0.061604
0.083449
0.029335
0.100256
0.122002
0.083667
-0.015388
-0.020143
0.001204
0.049075
0.117769
0.170472
0.097324
0.189974
0.159300
0.084349
0.062697
0.272495
0.228206
0.301295
0.127210
0.197495
0.033292
0.164356
0.091112
0.266947
0.006229
-0.100158
-0.080590
0.150262
0.066479
0.049579
0.027425
0.142209
0.141687
0.126921
0.166834
0.195722
0.226954
0.091912
0.094947
0.134290
0.026245
0.087885
-0.028071
0.144653
-0.023218
0.088186
-0.010761
0.052306
-0.025962
-0.040999
-0.015882
-0.030927
-0.030392
-0.004098
0.047199
0.075983
0.056432
0.093390
0.069333
-0.023922
0.012734
-0.028580
0.095939
-0.041893
0.015658
-0.031172
0.095870
0.084628
0.119964
0.091783
0.090328
-0.028070
0.054409
-0.021190
0.037139
0.045913
0.148722
-0.014318
0.120478
0.173390
0.022658
0.023843
0.084251
0.015819
0.129894
0.053961
0.012388
0.084639
-0.002800
-0.063573
0.039935
0.072126
0.123919
0.069438
-0.018976
0.088347
0.073695
0.039105
0.094943
0.060480
0.085245
0.083269
0.124378
0.108526
0.195676
0.038876
0.041343
0.098208
0.088998
0.141154
0.156889
0.072271
0.100555
0.074821
0.017934
0.028343
0.129284
0.076515
0.032034
0.209246
0.074418
0.107177
0.252315
0.239950
0.220160
0.241526
0.094394
0.197972
0.082615
0.111656
0.077296
0.182083
0.043901
0.064825
0.112103
0.093454
0.077353
0.054985
0.074846
-0.041046
0.050790
0.013540
0.044622
-0.024726
0.042841
-0.003780
-0.019351
-0.067792
0.028340
0.091487
0.071535
0.064718
0.028649
-0.018379
0.048487
0.041034
0.104978
0.049997
0.121573
0.105451
0.049335
0.190855
0.049352
0.103562
-0.002001
0.223528
0.115770
0.175677
0.035806
-0.034421
0.031954
0.158692
0.070972
0.079933
0.012741
0.156899
0.033896
-0.120037
-0.022174
0.057300
0.003847
-0.008989
0.012092
0.009740
0.129594
0.170683
0.045221
-0.002487
0.047696
-0.125669
0.063483
0.124120
0.101318
-0.016002
-0.017432
0.014044
-0.012483
-0.021829
0.033499
0.267854
-0.065301
0.081813
0.045386
0.218495
0.098717
0.080606
0.169048
0.268382
0.218058
0.158220
0.172780
0.174133
0.157015
0.231422
0.117292
0.248337
0.236431
0.408259
0.386399
0.647253
0.565470
0.522656
0.203124
0.266319
0.306059
0.174106
0.176021
0.173562
0.072071
0.305839
0.246572
0.473807
0.304781
0.466736
0.374829
0.392546
0.331868
0.436750
0.402276
0.340331
0.310906
0.447296
0.354769
0.416534
0.410473
0.354398
0.229396
0.395444
0.221110
0.345895
0.202937
0.357463
0.306856
0.409625
0.459511
0.406819
0.378846
0.458622
0.426283
0.380836
0.363871
0.471431
0.419469
0.563580
0.414252
0.379979
0.429183
0.506738
0.540676
0.413280
0.482683
0.557303
0.573042
0.590281
0.582177
0.707375
0.542790
0.513510
0.377079
0.298421
0.392123
0.324206
0.175528
0.318040
0.241990
0.278001
0.388363
0.408308
0.172957
0.348733
0.163791
0.372463
0.295943
0.259654
0.382914
0.254066
0.259762
0.432943
0.389096
0.592065
0.597064
0.505154
0.437093
0.582214
0.698160
0.669400
0.436720
0.631963
0.510155
0.433545
0.299783
0.425871
0.136387
0.287100
0.171031
0.333821
0.138671
0.182652
0.161495
0.259116
0.218886
0.208035
0.245893
0.249277
0.114368
0.207975
0.165600
0.157493
0.073097
0.299101
0.302113
0.250930
0.286701
0.294674
0.304100
0.281202
0.148857
0.212080
0.178102
0.234129
0.131031
0.333175
0.356868
0.373842
0.415865
0.568745
0.566588
0.714305
0.553846
0.641020
0.691155
0.614597
0.669540
0.583707
0.534139
0.512508
0.226178
0.234173
0.295591
0.288948
0.297911
0.077922
0.355947
0.200260
0.284878
0.412880
0.379571
0.583287
0.418791
0.625519
0.513424
0.574952
0.665088
0.676028
0.571562
0.548370
0.444395
0.487317
0.373895
0.617807
0.330290
0.598708
0.695542
0.756240
0.789532
0.820456
0.533586
0.748021
0.615244
0.641699
0.691450
0.697709
0.670168
0.791743
0.787596
0.791333
0.728362
0.698550
0.697938
0.722071
0.707717
0.775839
0.558668
0.793438
0.644331
0.757043
0.643628
0.714657
0.612666
0.740531
0.737763
0.895179
0.869531
0.925670
0.907920
0.889533
0.874714
0.915547
0.856331
0.920699
0.876097
0.882748
0.882477
0.804995
0.782201
0.748148
0.716515
0.759391
0.676464
0.709168
0.628829
0.608101
0.600944
0.824119
0.752005
0.847122
0.815298
0.771035
0.748625
0.795260
0.726580
0.706501
0.750126
0.610989
0.586564
0.549046
0.335410
0.596585
0.524706
0.580548
0.429269
0.377945
0.292617
0.387771
0.284267
0.358360
0.302007
0.382291
0.347264
0.339693
0.380091
0.320732
0.311141
0.312005
0.334495
0.584758
0.288553
0.628332
0.593735
0.610738
0.662718
0.740878
0.618526
0.677503
0.712672
0.627380
0.703616
0.607417
0.629722
0.497914
0.543515
0.572017
0.486965
0.575771
0.520541
0.606992
0.574017
0.538491
0.500024
0.680192
0.533927
0.767303
0.582661
0.503897
0.603759
0.613935
0.526691
0.633413
0.575886
0.660270
0.592886
0.586756
0.523223
0.336867
0.447344
0.390560
0.276493
0.307687
0.275136
0.287325
0.263077
0.319865
0.148305
0.223497
0.185715
0.262317
0.236670
0.272119
0.225524
0.305669
0.256260
0.467439
0.180084
0.622907
0.537278
0.542032
0.550980
0.520972
0.378726
0.482674
0.300798
0.447451
0.358057
0.410395
0.461171
0.445611
0.326438
0.447915
0.422684
0.663769
0.533423
0.471301
0.606381
0.461018
0.588697
0.683611
0.442074
0.667588
0.629914
0.568654
0.432328
0.664808
0.593630
0.541685
0.328006
0.560040
0.461775
0.472746
0.374034
0.245148
0.322456
0.228102
0.123857
0.241190
0.219969
0.299262
0.260754
0.115834
0.155628
0.203037
0.087631
0.159998
0.099272
0.126121
0.110433
0.131711
0.137696
0.092408
0.071446
0.220640
0.140275
0.165374
0.104060
0.137259
0.011665
0.224428
0.060054
0.098053
0.150720
0.136385
0.201301
0.141251
0.148370
0.176507
0.064628
0.283519
0.161549
0.319344
0.193771
0.284621
0.312175
0.263833
0.308313
0.334429
0.273397
0.364591
0.250949
0.423293
0.474323
0.408755
0.302216
0.541056
0.486675
0.388673
0.382331
0.486466
0.353374
0.558566
0.389062
0.552211
0.430209
0.456116
0.406183
0.277349
0.380368
0.397152
0.300393
0.331250
0.180680
0.281911
0.173337
0.154565
0.246403
0.237662
0.216077
0.361015
0.288796
0.279327
0.349703
0.371848
0.272581
0.286847
0.202689
0.378963
0.315673
0.249531
0.227672
0.154599
0.204510
0.091956
0.184961
0.100981
0.022275
0.153978
0.137969
0.213914
0.142410
0.041145
0.013159
0.258830
0.045858
0.152724
0.163645
0.433335
0.282621
0.506639
0.409204
0.720202
0.694433
0.777130
0.714496
0.834710
0.788390
0.801863
0.764266
0.793666
0.702247
0.796189
0.654551
0.658005
0.635286
0.608685
0.623299
0.774670
0.774279
0.613830
0.544720
0.429899
0.399315
0.329374
0.298719
0.416393
0.397013
0.268613
0.222860
0.279206
0.141255
0.266356
0.212832
0.186022
0.155707
0.249213
-0.034231
0.195289
0.158919
0.144739
0.161217
0.169260
0.162471
0.248470
0.297822
0.343375
0.324066
0.484904
0.305092
0.727673
0.583767
0.628127
0.593375
0.517112
0.648507
0.781499
0.690918
0.772607
0.755224
0.818556
0.843646
0.863713
0.802392
0.785016
0.701389
0.793674
0.772249
0.734486
0.722317
0.795987
0.709665
0.658791
0.606594
0.435128
0.539290
0.412869
0.259718
0.266611
0.116227
0.181810
0.089086
0.099446
0.158649
0.143440
0.079884
0.192650
0.035174
0.251127
0.154987
0.288933
0.279318
0.365814
0.119779
0.415429
0.273325
0.321238
0.243310
0.229744
0.187405
0.160258
0.220506
0.098300
0.162335
0.103026
0.104460
0.201986
0.157526
0.152880
0.136464
0.154765
0.128437
0.197321
0.088744
0.339942
0.299379
0.402507
0.407281
0.411832
0.250115
0.278056
0.243884
0.256417
0.162768
0.318350
0.185532
0.308837
0.223373
0.293265
0.318716
0.486723
0.311746
0.417617
0.260909
0.218682
0.279071
0.265281
0.150514
0.308388
0.207204
0.278511
0.128653
0.273507
0.202026
0.089994
0.110065
0.104116
0.014568
-0.049169
0.015099
-0.040936
0.137261
0.065593
0.027991
0.134210
-0.087286
0.037493
0.107918
0.080198
0.031675
0.001264
0.054955
0.065863
0.181528
0.058732
0.049068
0.036354
0.038369
0.061950
0.025693
0.022312
0.061422
0.074395
0.191285
0.203627
0.056644
0.112200
0.155743
-0.051687
