0.050299
0.043515
0.058850
0.024558
0.097493
0.020468
0.113305
0.099403
0.047100
0.099773
0.062813
0.142981
0.117399
0.238362
0.068167
0.110711
0.215328
0.104602
-0.014815
0.241654
-0.027235
0.065140
-0.015629
0.169621
0.021797
0.066086
0.211110
0.065087
-0.004193
0.001930
0.002041
0.061882
-0.020923
0.024183
0.052193
0.134503
0.104507
0.094745
0.059487
0.061945
0.101486
-0.018486
-0.049408
0.255682
0.058857
-0.051444
-0.093499
0.098635
0.026380
0.066356
0.012045
-0.084885
0.109153
0.115512
0.076784
-0.036063
-0.014667
0.006056
0.017039
0.121049
-0.036786
0.143000
0.092229
0.191190
0.204402
0.136189
0.221186
0.074691
0.028207
0.149129
0.047980
0.053034
0.031004
0.029825
0.023718
-0.070906
0.107173
0.110466
0.094037
0.052425
0.007608
0.096935
0.116748
0.158431
0.145189
0.131044
0.124484
0.230021
0.233452
0.017004
0.161165
0.128262
-0.039339
0.112004
0.032542
0.098584
-0.079658
0.002093
0.075718
0.145154
0.088426
0.093544
0.058519
-0.013171
-0.002334
0.103694
0.086437
0.040546
0.087675
0.010763
0.121514
0.062377
0.042501
0.084286
0.091255
-0.006117
-0.033267
0.168475
-0.026045
0.139027
0.109861
0.056764
0.054384
0.027951
-0.030121
0.070477
0.020204
0.156380
-0.021889
-0.026436
0.045812
0.155522
0.085324
0.082414
0.015068
0.030747
0.019272
0.085730
-0.016401
0.038306
0.013572
0.032814
0.044600
0.003573
0.146944
0.118670
0.004030
0.065125
0.052688
-0.015527
0.014057
0.125706
0.062989
0.141897
0.066817
0.122691
0.163086
0.035791
0.059343
0.225916
0.092903
0.168648
0.076841
0.201834
-0.001661
0.285588
0.023539
0.240628
0.189405
0.150597
0.069622
0.141796
0.109580
-0.032920
0.088197
0.001372
0.045905
-0.012425
0.100603
0.119869
0.165403
-0.004910
0.032899
0.092332
0.068158
0.068179
-0.053475
0.077249
0.018813
0.090853
0.087545
0.176807
0.191310
0.123760
0.196526
0.210180
0.198014
0.177766
0.028555
0.155232
0.112153
0.070650
0.123700
-0.046246
-0.025207
0.153888
0.004419
-0.008990
-0.016269
0.062450
0.011942
0.066500
0.011417
0.027958
0.049393
0.198361
0.123029
0.103901
0.185367
0.210880
0.173344
0.168292
0.084630
0.396679
0.346255
0.297766
0.327153
0.385356
0.266346
0.322305
0.164029
0.259457
0.292905
0.204727
0.150005
0.319022
0.161958
0.353741
0.330311
0.574559
0.563444
0.379875
0.490368
0.407015
0.349213
0.523436
0.095661
0.521774
0.210952
0.231786
0.249482
0.166775
0.072573
0.252961
0.142181
0.258467
0.221658
0.146377
0.150325
0.094917
0.302803
0.185994
0.243343
0.071862
0.098663
0.136534
0.127018
0.044771
0.104635
0.163674
0.098376
0.093242
0.238887
0.039627
0.185774
0.044172
0.096739
0.080785
-0.010273
0.054777
0.050888
0.033988
0.045693
0.118060
0.159406
0.021076
0.009826
0.135706
-0.021630
-0.035259
0.012806
0.024883
-0.111152
0.015611
0.026543
0.017989
0.092653
-0.006038
0.044375
0.028009
-0.022538
0.104027
0.004633
0.005760
-0.028102
0.101644
0.029137
0.113560
0.188462
0.030039
0.077698
0.051763
0.024093
0.052732
0.058445
0.016328
0.157800
0.136580
0.117396
0.092314
0.059799
0.078691
0.116985
0.038697
0.215353
0.203592
0.065548
0.279208
0.294594
0.390330
0.138341
0.455041
0.351759
0.588543
0.443862
0.742381
0.612515
0.490947
0.365982
0.286995
0.245082
0.244850
0.131140
0.251129
0.107449
0.271309
0.118495
0.110914
0.129895
0.171757
-0.000470
0.148307
0.139005
0.382656
0.188149
0.182206
0.255353
0.268878
0.107998
0.235753
0.198289
0.279292
0.125976
0.152813
0.140542
0.093820
0.111143
0.257687
0.168437
0.414385
0.256310
0.171467
0.114434
0.184428
0.189685
0.211286
0.264485
0.387384
0.364549
0.434461
0.448502
0.488853
0.425355
0.530973
0.463593
0.647769
0.583858
0.584402
0.525116
0.652265
0.657677
0.700539
0.694615
0.613577
0.470236
0.553364
0.450255
0.552303
0.448106
0.626715
0.411233
0.421858
0.402346
0.416174
0.522416
0.455385
0.266559
0.475299
0.492441
0.507206
0.370196
0.497127
0.514483
0.600539
0.486443
0.736872
0.693509
0.638681
0.551963
0.541802
0.298686
0.548388
0.329695
0.538569
0.426464
0.417576
0.446638
0.373176
0.445223
0.258172
0.272530
0.396412
0.264156
0.482886
0.334886
0.417785
0.437003
0.457441
0.323220
0.683050
0.628989
0.378759
0.565616
0.486452
0.260158
0.602645
0.441739
0.633623
0.555111
0.569287
0.473935
0.401198
0.474436
0.452039
0.511967
0.388750
0.356309
0.435712
0.299737
0.460511
0.405974
0.580616
0.479033
0.651903
0.567122
0.647511
0.487053
0.638795
0.428024
0.491089
0.419612
0.301464
0.406480
0.401999
0.375032
0.567133
0.490565
0.687710
0.683652
0.794591
0.700621
0.807873
0.801795
0.864777
0.826654
0.890130
0.864929
0.901055
0.871970
0.879759
0.789217
0.812265
0.775776
0.877877
0.833574
0.910639
0.871183
0.890334
0.916948
0.919976
0.910338
0.957672
0.941675
0.933868
0.934960
0.944907
0.970342
0.979738
0.980410
0.976669
0.985710
0.988018
0.982809
0.975988
0.964822
0.972061
0.954938
0.984027
0.950944
0.983656
0.979818
0.989074
0.978321
0.985221
0.974972
0.983643
0.978859
0.968526
0.948758
0.977553
0.983577
0.994274
0.983961
0.996496
0.990999
0.996916
0.992494
0.994616
0.996350
0.996493
0.994656
0.997029
0.995245
0.997266
0.992086
0.993210
0.992861
0.992362
0.987510
0.989681
0.986098
0.985565
0.982474
0.985318
0.981049
0.969695
0.947725
0.961506
0.952675
0.951105
0.922626
0.928847
0.920354
0.905591
0.908743
0.926124
0.900816
0.899361
0.775296
0.855306
0.696225
0.732129
0.639422
0.818399
0.695799
0.810172
0.750214
0.732268
0.564116
0.683071
0.537263
0.580331
0.384444
0.621554
0.655000
0.731226
0.721094
0.782508
0.676346
0.715001
0.732128
0.707862
0.695033
0.753439
0.622636
0.745388
0.648054
0.768929
0.666843
0.649842
0.494821
0.580115
0.626937
0.673527
0.640341
0.744011
0.801364
0.859394
0.824025
0.912655
0.871226
0.942422
0.884430
0.963073
0.921676
0.961472
0.936457
0.949550
0.957377
0.946025
0.946392
0.950971
0.901169
0.966220
0.924608
0.980974
0.948145
0.983483
0.967074
0.987310
0.967751
0.981356
0.964976
0.978220
0.974768
0.982701
0.963183
0.966979
0.965802
0.927580
0.917233
0.921189
0.900431
0.861050
0.855812
0.877371
0.869914
0.892705
0.849400
0.752290
0.833289
0.668944
0.644074
0.658859
0.650844
0.588281
0.530622
0.478096
0.511596
0.734788
0.606940
0.787994
0.670751
0.623644
0.637892
0.712913
0.675369
0.666294
0.657602
0.572899
0.586855
0.470679
0.418840
0.548317
0.624656
0.799167
0.763339
0.840221
0.758393
0.811122
0.723946
0.846568
0.827796
0.852985
0.817764
0.933861
0.856378
0.963097
0.936121
0.897689
0.914725
0.840237
0.842866
0.894028
0.752070
0.684685
0.623793
0.715492
0.609731
0.756843
0.618766
0.854023
0.786856
0.913224
0.930671
0.870939
0.870376
0.862545
0.840980
0.915211
0.865634
0.911550
0.860340
0.826408
0.744928
0.585626
0.373886
0.480367
0.430941
0.456374
0.441363
0.298611
0.380356
0.323974
0.237404
0.250550
0.178519
0.122503
0.067280
0.160041
0.245714
0.293112
0.036176
0.133645
0.024116
0.221671
0.200609
0.433435
0.310026
0.486837
0.436530
0.373714
0.293455
0.495183
0.466628
0.368392
0.217699
0.199712
0.140216
0.115225
0.115366
0.046588
-0.023793
0.083795
0.085265
0.175062
0.084179
0.191116
0.126974
0.228985
0.307170
0.165151
0.155569
0.313196
0.248728
0.051637
0.266778
0.305181
0.310315
0.325668
0.193345
0.315462
0.336794
0.551315
0.178990
0.522662
0.360687
0.426416
0.367405
0.429767
0.327268
0.475696
0.407049
0.522599
0.519644
0.591015
0.560043
0.530037
0.551584
0.712636
0.522419
0.803495
0.814590
0.815315
0.802601
0.863080
0.769969
0.812798
0.760356
0.854419
0.815418
0.819941
0.782287
0.794698
0.763352
0.874789
0.774676
0.843984
0.802538
0.797572
0.799779
0.725094
0.735181
0.688268
0.761296
0.739907
0.714712
0.873714
0.852342
0.958276
0.905578
0.951753
0.931437
0.952850
0.898078
0.941353
0.944236
0.922374
0.912740
0.932335
0.926033
0.961224
0.955681
0.889209
0.923255
0.854224
0.832417
0.770426
0.726151
0.607233
0.637667
0.759439
0.642086
0.695327
0.651232
0.465971
0.529942
0.529359
0.497076
0.482868
0.426121
0.469130
0.274282
0.332230
0.266997
0.326567
0.298616
0.161309
0.173009
0.126710
0.049525
0.100813
-0.017168
0.087675
0.044142
0.025116
0.117543
-0.120315
0.126505
0.162204
0.065555
0.078268
0.118316
0.033715
0.038795
0.086972
0.071974
0.115954
0.060721
0.178197
0.003746
0.122976
0.084275
0.038783
-0.067080
0.006873
0.024022
0.063917
0.022516
0.070995
0.027354
0.019268
0.078204
0.102151
0.073479
0.044873
0.055872
0.050917
-0.074828
0.021454
0.034675
0.059753
0.101850
0.018039
0.106108
0.031079
0.034622
0.010900
-0.094471
0.002045
0.006610
0.027634
-0.067131
0.034667
-0.077578
-0.061105
-0.066223
0.087548
0.065862
0.038766
-0.006834
-0.103965
0.041122
-0.069447
0.012100
-0.023533
0.043014
-0.021366
-0.054971
0.003029
0.030294
0.148216
0.026418
0.069861
-0.014807
-0.034219
0.114614
0.057638
0.131001
0.085114
0.147685
0.042539
0.098544
0.056399
0.151437
0.061351
-0.007714
0.093492
0.036396
0.052293
-0.011765
0.300646
0.151105
-0.020042
0.070696
0.100197
-0.028926
0.146617
0.081682
0.033310
-0.063779
0.315648
0.225049
0.166410
0.468066
0.226826
0.085321
0.257876
0.191798
0.281174
0.155136
0.192508
0.134254
0.195633
0.136681
0.358588
0.216635
0.271667
0.235534
0.299332
0.280987
0.155221
0.148962
0.178811
0.130288
0.078949
0.082320
0.198084
0.194671
0.199239
0.065827
0.189932
0.100073
0.117564
0.069933
0.240179
0.271697
0.170513
0.114875
0.073355
0.056510
0.195168
0.154369
0.301701
0.327092
0.439217
0.358657
0.411939
0.384280
0.296188
0.245676
0.230432
0.311740
0.201492
0.178005
0.196058
0.147872
0.323716
0.361296
0.184113
0.106788
0.182181
0.163332
0.034221
