0.052131
0.150889
0.105412
0.120012
0.105796
0.052486
0.088322
-0.004455
0.079764
0.119450
0.067975
0.014887
0.079547
0.007934
0.075549
0.023340
0.109348
0.107858
0.042791
0.037805
0.090473
0.147796
0.037404
0.115296
-0.012735
0.118139
0.028455
-0.056543
0.017970
0.050103
-0.052856
0.157606
0.009569
0.152707
0.085088
0.105282
0.085333
-0.008423
0.032544
-0.007677
0.072160
0.172884
0.066530
-0.001173
0.116618
0.075134
0.101571
0.050404
0.052379
0.097113
0.169186
0.153991
0.065875
0.091446
0.086587
0.225168
0.091657
0.103862
0.092616
0.096286
0.011240
0.136721
0.173534
0.171802
0.223458
0.147914
0.089270
0.252300
0.241634
0.183048
0.115776
0.355658
0.265747
0.303928
0.168457
0.215476
0.141757
0.225715
0.115911
0.104415
0.149059
0.135159
0.164370
0.038185
0.137559
0.288127
0.136139
0.390413
0.394437
0.272405
0.186321
0.258608
0.214067
0.158503
0.160813
0.248577
0.166323
0.151139
0.261014
0.052399
0.154047
0.235719
0.133692
0.030344
0.149011
0.009369
0.048546
-0.057690
-0.033793
0.079100
0.022298
-0.022851
0.043614
0.060654
0.003822
0.144059
-0.101585
0.041877
-0.001074
0.016301
0.027180
0.054591
0.059622
0.202085
0.149657
0.123413
0.182458
0.171882
0.172701
0.232636
0.169392
0.013285
0.051190
0.097686
0.016817
0.157965
0.031827
0.038404
0.103426
0.077807
0.162996
0.170939
0.040756
0.178242
0.147580
0.251052
0.237312
0.126842
0.184485
0.121928
0.045546
0.079994
0.117979
0.014494
0.116951
-0.027714
0.071346
0.187351
0.098034
0.152654
0.121998
0.136520
-0.027282
0.133951
0.060846
0.033036
0.134319
0.143579
0.015447
-0.090486
0.102067
0.270594
0.055640
0.070936
0.104947
0.157386
0.106656
0.088340
0.098201
0.183793
0.152827
0.053833
0.090855
0.144849
0.094254
0.111152
-0.037260
-0.028156
0.042725
0.023132
0.089167
0.134237
0.159759
0.173328
0.058046
0.221982
0.150715
0.189167
0.061487
0.038932
0.054503
0.000545
0.043945
0.180956
0.002009
0.008138
-0.027554
0.082034
0.045020
-0.003856
-0.054757
0.002925
0.115115
0.141170
0.163404
0.099912
0.207983
0.153265
0.031030
0.199262
0.162180
-0.043931
0.163215
-0.038694
0.223139
0.083956
0.046752
0.177620
0.171069
0.128254
0.086836
0.115366
0.105481
0.105381
-0.029697
-0.072655
-0.031204
0.146126
0.054817
0.113696
0.104037
0.191303
0.067331
0.178879
0.102082
-0.070478
-0.027071
0.050649
-0.005652
-0.037021
0.019546
-0.111982
-0.141643
0.097224
0.115242
0.009005
-0.054957
0.074619
0.056562
0.111590
0.150380
-0.030182
0.141675
0.044584
-0.045016
-0.050630
-0.106133
0.092340
-0.020039
-0.044931
-0.021444
-0.018839
-0.083765
-0.119179
-0.034662
0.067785
0.047922
0.088947
0.118131
-0.040251
-0.003742
-0.105840
-0.020340
-0.012028
0.011220
0.073902
0.064981
-0.035488
-0.047359
0.037639
0.059903
0.077911
-0.023691
0.099029
0.016375
0.102567
0.081623
0.012592
0.123949
0.051885
0.084253
0.016851
0.082572
0.032260
0.063276
0.093283
0.170261
0.133114
0.146445
0.147117
0.062025
0.300732
0.172844
0.078812
-0.039359
0.150019
-0.035986
0.024572
-0.031081
0.068277
0.060964
0.121544
0.061931
0.056259
0.101577
0.079490
0.078863
0.040586
-0.006160
-0.019537
0.105998
0.163967
0.063128
0.104183
0.069365
0.051920
0.229139
0.122370
0.110700
0.184608
0.189315
0.124633
-0.009089
0.064786
0.063504
0.143538
0.082321
0.245804
0.065163
0.174233
0.158492
0.361244
0.154209
0.131393
0.133759
-0.008174
0.075098
0.226263
0.010192
0.286642
0.147627
0.279970
0.252866
0.030812
0.269956
0.158826
0.091837
0.083435
0.104801
0.161502
0.195588
0.363456
0.410517
0.139538
0.168414
0.436995
0.317038
0.141199
0.152475
0.133261
0.142027
0.233666
0.159327
0.319204
0.303579
0.038543
0.168915
-0.020811
0.042076
0.099887
0.008415
0.141497
0.086593
0.170177
0.083496
0.250818
0.170282
0.400871
0.227212
0.302821
0.232020
0.426124
0.396497
0.486597
0.454326
0.563516
0.305033
0.654558
0.554753
0.404278
0.503132
0.399403
0.294798
0.327453
0.147732
0.302075
0.242169
0.416072
0.501008
0.595413
0.574250
0.612384
0.425385
0.579298
0.611931
0.508488
0.438459
0.278521
0.110378
0.175462
0.288619
0.558151
0.495868
0.317699
0.408045
0.092246
0.342838
0.161845
0.264635
0.298285
0.203228
0.264474
0.313605
0.171359
0.069278
0.224529
0.090605
0.188803
0.088118
0.167898
0.297012
0.121878
0.099357
0.179295
0.023590
0.159109
0.121272
0.082131
0.011049
0.350423
0.099494
0.245903
0.087427
0.402811
0.089803
0.430829
0.420492
0.542975
0.472517
0.682027
0.580542
0.642401
0.634854
0.513711
0.504967
0.709777
0.691929
0.547165
0.520253
0.499307
0.458991
0.393335
0.247617
0.140504
0.188588
0.377262
0.115250
0.201192
0.133100
0.403341
0.337785
0.504808
0.455716
0.427119
0.577558
0.495418
0.495683
0.534495
0.386150
0.611124
0.600408
0.581392
0.587107
0.725388
0.665742
0.564684
0.574960
0.465594
0.492343
0.333993
0.511140
0.321816
0.367241
0.296141
0.160230
0.126694
0.054264
0.111753
0.012890
0.167660
0.088767
0.330122
0.237305
0.478251
0.323786
0.403355
0.237372
0.553400
0.377475
0.287308
0.417232
0.343927
0.477820
0.477578
0.442192
0.447903
0.488146
0.591027
0.570459
0.759078
0.571468
0.843871
0.717837
0.897741
0.865999
0.903066
0.920763
0.935568
0.868920
0.938045
0.925976
0.932026
0.924909
0.944011
0.889704
0.944301
0.917705
0.958246
0.954817
0.965759
0.949570
0.944636
0.926214
0.933409
0.900624
0.928837
0.924223
0.892692
0.876691
0.900409
0.799740
0.853668
0.814520
0.870802
0.740871
0.847623
0.763807
0.817144
0.773532
0.686127
0.760122
0.687865
0.721031
0.618072
0.587171
0.608170
0.502179
0.774270
0.640553
0.728252
0.614971
0.735262
0.589801
0.667982
0.699291
0.856723
0.784612
0.814889
0.708618
0.867669
0.797869
0.798283
0.736471
0.725733
0.730644
0.780272
0.690904
0.748701
0.645930
0.744965
0.735699
0.827942
0.698328
0.828544
0.742209
0.900239
0.771744
0.868986
0.842500
0.915882
0.824859
0.937670
0.943650
0.951853
0.937796
0.935883
0.920227
0.936402
0.914784
0.877369
0.829495
0.740571
0.706486
0.816485
0.755925
0.799173
0.754039
0.829440
0.824891
0.912822
0.889881
0.857522
0.835222
0.735787
0.591549
0.795391
0.600198
0.693216
0.531758
0.703874
0.579131
0.727247
0.607723
0.694874
0.622120
0.769580
0.696581
0.770245
0.682352
0.792758
0.668816
0.766643
0.710601
0.704343
0.446878
0.459168
0.392482
0.181580
0.279256
0.288376
0.218447
0.323078
0.318960
0.359326
0.259356
0.234884
0.383654
0.316040
0.218020
0.338878
0.184650
0.111798
0.216589
0.191920
0.205698
0.142441
0.132069
0.132420
0.147243
0.150674
0.112018
0.014762
0.127552
0.095487
0.048885
0.142330
0.170640
0.132629
0.080268
0.134349
0.224559
0.183289
0.238765
0.172468
0.139220
0.270789
0.278738
0.350566
0.369756
0.441254
0.394465
0.733395
0.671527
0.698440
0.609998
0.610582
0.466521
0.477911
0.416186
0.525516
0.358090
0.440407
0.194228
0.414019
0.386726
0.570117
0.397421
0.656510
0.573409
0.752122
0.638523
0.737137
0.558728
0.790132
0.682267
0.889165
0.882168
0.875428
0.890845
0.881250
0.787686
0.884069
0.805255
0.821762
0.831326
0.845932
0.837922
0.896468
0.824696
0.907774
0.902155
0.964529
0.946761
0.952120
0.938939
0.959009
0.925070
0.946994
0.924915
0.876198
0.865325
0.909913
0.858021
0.850791
0.857377
0.885276
0.843638
0.911441
0.792217
0.835942
0.746728
0.722987
0.744152
0.833131
0.704345
0.723842
0.642504
0.721357
0.647389
0.783685
0.674116
0.803048
0.772583
0.907107
0.884077
0.827155
0.796016
0.828966
0.733827
0.829542
0.642663
0.671850
0.525039
0.551021
0.459667
0.494715
0.456108
0.402943
0.472838
0.536981
0.428237
0.458046
0.493122
0.364107
0.400650
0.462965
0.327055
0.542113
0.440718
0.266922
0.304942
0.375650
0.148450
0.299544
0.198680
0.176319
0.096347
0.113510
0.077945
0.025654
0.210214
0.076500
0.120553
0.153923
0.097960
0.211258
0.075860
0.207283
0.230063
0.277549
0.105388
0.271935
0.134880
0.310903
0.203166
0.244099
0.385839
0.189456
0.149320
0.219218
0.204100
0.149074
0.137547
0.118365
0.178365
0.166394
0.311940
0.407309
0.296101
0.300955
0.320408
0.254484
0.233091
0.266127
0.095286
0.151831
0.115515
0.255235
0.271399
0.207451
0.234152
0.236031
0.150898
0.314841
0.188885
0.200043
0.190384
0.293793
0.206312
0.176430
0.078041
0.136663
0.125076
0.140826
0.162553
0.244261
0.110994
0.123273
0.108209
0.131343
0.014415
0.089920
0.157701
0.236433
0.175915
0.328372
0.276552
0.449707
0.502534
0.447114
0.365603
0.478465
0.416689
0.329349
0.216378
0.251889
0.129418
0.259880
0.234872
0.286324
0.271614
0.002665
0.178536
0.236413
0.150775
0.271341
0.234531
0.312593
0.331554
0.363658
0.439716
0.676553
0.593853
0.444606
0.299607
0.461909
0.397438
0.534294
0.323550
0.535202
0.465450
0.518484
0.347763
0.669669
0.449053
0.544863
0.455232
0.470462
0.475937
0.423371
0.375168
0.301278
0.258622
0.204066
0.068782
0.180347
0.187310
0.163378
0.266672
0.152035
0.059214
0.111260
-0.001428
0.089534
-0.006497
0.021841
0.063779
0.121494
0.040196
0.179810
0.021427
0.088136
0.225935
0.017077
0.135536
0.122702
0.102872
0.140069
0.120788
0.103416
0.170451
0.127085
0.147685
0.202712
0.060563
0.187680
0.064852
0.084057
0.042149
0.244002
0.011104
0.140253
0.168124
0.207142
0.086095
0.259513
0.115894
0.183082
0.027977
0.043201
0.087754
0.108356
0.119948
0.131332
0.108495
0.142797
-0.000088
0.052643
0.165416
0.166940
0.270918
0.207587
0.128097
0.171920
0.091338
0.296377
0.255260
0.331305
0.378224
0.339040
0.307511
0.057595
0.170319
0.267993
0.253631
0.198273
0.169535
0.318383
0.194029
0.240936
0.145417
0.132922
0.283155
0.006417
0.149706
0.216209
0.086301
0.111143
0.132394
0.252920
0.045514
0.100803
0.088135
0.010084
