0.104797
0.107055
0.154736
0.031875
0.153441
0.095282
0.185334
0.052011
0.081509
0.053385
-0.001280
0.060948
0.122573
0.153015
0.145335
0.033494
0.122068
0.057227
0.136853
0.070937
0.071028
-0.001325
0.064488
-0.047726
0.017238
-0.056810
0.080246
0.045254
0.083522
0.051149
0.109057
0.122384
-0.025194
0.163361
-0.018885
-0.053397
0.107376
0.201723
0.051225
0.142334
0.104303
0.011657
0.044149
0.170772
0.072996
-0.004395
0.104307
0.135279
0.065761
0.052407
0.068439
0.138924
0.358977
0.121697
0.172439
0.210961
0.039657
0.072205
0.006828
0.016286
-0.000265
0.231276
0.017553
0.219234
0.132071
0.180118
0.210061
0.246423
0.252630
0.172052
0.095318
0.219202
0.082344
0.086480
0.017184
0.034635
0.108609
0.036260
0.108319
0.061050
0.074056
0.133073
0.005545
0.063818
0.057193
0.001096
0.144705
0.087362
0.055054
0.237598
0.129267
0.334573
0.211777
0.148323
0.147151
0.308012
-0.056138
0.201047
0.159616
0.166435
0.278510
0.253005
0.159988
0.435921
0.358140
0.324649
0.230052
0.414411
0.165590
0.410247
0.225913
0.432882
0.387892
0.380061
0.303097
0.291912
0.343380
0.288971
0.257766
0.519261
0.346128
0.414791
0.427453
0.240495
0.424281
0.381250
0.260138
0.483811
0.371168
0.359957
0.424810
0.242530
0.267583
0.234943
0.231519
0.238122
0.196235
0.172297
0.217760
0.449611
0.234056
0.263348
0.154422
0.082478
0.054429
0.093545
0.095564
0.062876
0.026287
0.027170
0.062176
0.027531
0.117101
0.063522
0.040237
-0.060544
0.083501
0.062260
-0.047905
0.072207
0.097764
0.098010
0.141833
0.222086
0.126475
0.226549
0.075768
0.348769
0.315380
0.186087
0.117541
0.029009
0.021080
0.097746
0.096678
0.120823
0.116089
0.204166
0.098064
0.096434
0.080970
0.132819
0.203698
0.302123
0.317574
0.223310
0.119130
0.410863
0.315821
0.234154
0.322388
0.213964
0.168718
0.102904
0.041329
-0.038321
0.193321
0.165023
0.047833
0.178814
0.078366
0.069925
0.060788
0.243685
0.063731
-0.012188
0.015562
0.117099
0.165131
0.275467
0.114494
0.066285
0.177338
0.068491
-0.058787
0.130189
0.144647
0.044801
0.108621
-0.019429
0.008688
0.160880
0.063426
0.187376
-0.108082
0.011955
0.027102
0.127273
0.219481
0.106951
0.001489
0.175793
0.280713
0.197576
0.158775
0.232289
0.296525
0.530096
0.406950
0.702268
0.706581
0.567089
0.466951
0.511050
0.394569
0.507451
0.342046
0.320434
0.465056
0.512711
0.379150
0.599808
0.638881
0.594331
0.519934
0.463672
0.399558
0.338046
0.428659
0.439883
0.318390
0.569463
0.381366
0.573789
0.501859
0.258322
0.179215
0.315809
0.144781
0.092366
0.063986
0.029839
0.016940
-0.039599
0.016617
-0.002604
-0.014154
0.190853
-0.024255
0.032035
0.209347
0.055652
0.111036
0.274077
0.098025
0.069126
0.139720
0.293690
0.151556
0.156927
0.110234
0.164012
0.203621
0.196482
0.102902
0.251259
0.160866
0.236380
0.040106
-0.009275
0.152982
0.329171
0.164484
0.260121
0.192963
0.248368
0.219193
0.271376
0.195215
0.123378
0.213589
0.197505
0.158891
0.130263
0.155460
0.055282
0.046487
0.006085
0.110271
0.021324
0.043384
0.076768
0.127901
0.092819
0.140945
0.154380
0.074146
0.058360
0.145641
0.039169
0.074928
-0.033967
0.028128
0.176948
0.017886
0.194154
0.110550
0.134497
0.137976
0.165345
0.157419
0.166939
0.139290
0.174796
0.231113
0.068282
0.070674
0.136736
0.137886
0.021278
0.196728
0.132945
0.127558
0.106993
0.039678
0.191904
0.192665
0.309503
0.070675
0.205662
0.096634
0.132671
0.081682
0.366088
0.018602
0.518369
0.392869
0.471342
0.409209
0.359208
0.369621
0.324628
0.319961
0.311228
0.051316
0.093991
0.235515
-0.034713
0.088285
0.260871
0.092696
0.324023
0.147709
0.273141
0.253846
0.307405
0.249014
0.384029
0.480713
0.529815
0.340709
0.603056
0.608253
0.540463
0.472908
0.606553
0.333575
0.691271
0.496097
0.742375
0.711018
0.541722
0.566817
0.446834
0.332145
0.435069
0.327040
0.196767
0.309516
0.456358
0.334154
0.667237
0.479181
0.486277
0.309311
0.378906
0.324085
0.354860
0.308500
0.457683
0.396497
0.714552
0.641112
0.854256
0.867489
0.819080
0.602064
0.748867
0.563204
0.509680
0.427793
0.448695
0.493555
0.212290
0.401871
0.309473
0.329709
0.337441
0.216455
0.297869
0.300603
0.378766
0.199635
0.297358
0.297685
0.180943
0.198344
0.264940
0.124638
0.276576
0.146939
0.168066
0.213788
0.144083
0.242590
0.041257
0.218612
0.241795
0.111354
0.175418
0.235774
0.135997
0.125714
0.327070
0.191179
0.340292
0.246120
0.417915
0.217554
0.207138
0.273033
0.191496
0.154948
0.221744
0.078505
0.241193
0.062396
0.318446
0.062576
0.316430
0.056144
0.188544
0.136850
0.132750
0.143030
0.268160
0.113997
0.219959
0.126392
0.146128
0.090456
0.254034
0.126437
0.201894
0.133631
0.483423
0.300763
0.523506
0.426897
0.626243
0.586866
0.547782
0.439614
0.555939
0.472631
0.532174
0.392898
0.592674
0.538675
0.787050
0.673190
0.892539
0.875272
0.722056
0.768762
0.476956
0.468609
0.516761
0.237234
0.444106
0.180409
0.216501
0.248162
0.228210
0.186885
0.322282
0.310452
0.150704
0.182209
0.167610
0.103621
0.042342
0.090240
0.031221
0.173651
0.145478
0.056764
0.124912
0.112089
0.211938
0.161196
0.145112
-0.063348
0.048890
0.070356
0.365647
0.297596
0.458994
0.490876
0.622276
0.466281
0.780243
0.742584
0.754834
0.764388
0.824703
0.686156
0.909366
0.776698
0.948182
0.948431
0.935083
0.962694
0.963756
0.961428
0.975296
0.937815
0.952741
0.950822
0.935881
0.908110
0.903196
0.839994
0.927205
0.925845
0.950566
0.888593
0.912421
0.905635
0.870105
0.868200
0.827902
0.766306
0.772857
0.838350
0.635064
0.682207
0.361960
0.446917
0.351027
0.386458
0.320721
0.412967
0.225025
0.301622
0.325003
0.122728
0.185886
-0.008841
0.112824
0.142262
0.217809
0.180878
0.274417
0.268341
0.223348
0.118002
0.474898
0.361458
0.305773
0.435244
0.353545
0.396500
0.405762
0.300820
0.520964
0.408799
0.301411
0.294390
0.402205
0.144081
0.332692
0.308793
0.329362
0.375900
0.253272
0.356750
0.142961
0.303127
0.199683
-0.011923
0.172383
0.086921
0.224585
0.219859
0.370314
0.356904
0.308173
0.335665
0.447575
0.307593
0.368925
0.351068
0.355742
0.451094
0.401513
0.333659
0.356969
0.378794
0.333119
0.402656
0.389409
0.313132
0.400934
0.320195
0.478196
0.364715
0.291447
0.232384
0.221205
0.158046
0.217688
0.200464
0.171083
0.238364
0.290128
0.258068
0.371339
0.275343
0.201060
0.253385
0.139780
0.143741
0.194392
0.093325
0.139679
0.071099
0.274103
0.128295
0.199641
0.157273
0.144629
0.187160
0.094601
0.075945
0.108786
0.183065
0.313719
0.227181
0.384005
0.361438
0.490941
0.435053
0.447651
0.371477
0.596342
0.508250
0.621287
0.428734
0.594495
0.499439
0.484868
0.349910
0.667400
0.568467
0.608620
0.693329
0.595423
0.651629
0.608842
0.542335
0.572877
0.524605
0.610740
0.379637
0.619107
0.543221
0.622201
0.655839
0.681749
0.697862
0.834202
0.865983
0.941703
0.922210
0.927653
0.925166
0.923264
0.923324
0.892311
0.773831
0.852133
0.783954
0.887082
0.880408
0.957700
0.922381
0.918065
0.941207
0.930952
0.874319
0.912882
0.816992
0.916238
0.803929
0.795533
0.749504
0.669683
0.517838
0.683763
0.473426
0.590016
0.591186
0.693068
0.586226
0.762684
0.778294
0.768835
0.580099
0.780168
0.761786
0.664533
0.539633
0.461171
0.431914
0.534672
0.188248
0.439297
0.391685
0.505908
0.273821
0.360833
0.319124
0.302809
0.158398
0.391772
0.212944
0.316613
0.386007
0.249161
0.019227
0.193607
0.167313
0.198304
0.173214
0.304290
0.074100
-0.012367
0.143971
0.070984
0.007124
0.134282
0.067737
0.242596
0.118022
0.156033
0.200545
0.156280
0.158332
0.113811
0.189554
0.231759
0.161047
0.269986
0.211104
0.409379
0.306372
0.385211
0.241016
0.228520
0.214971
0.412347
0.210338
0.508729
0.368969
0.532338
0.567479
0.420712
0.226281
0.423898
0.437853
0.282659
0.152531
0.139675
0.086943
0.347584
0.083984
0.315135
0.182395
0.048210
0.084529
0.303433
0.195242
0.217688
0.126017
0.254126
0.246401
0.307923
0.361162
0.560569
0.381996
0.388041
0.315007
0.297723
0.214477
0.179257
0.129021
0.253027
0.296660
0.227875
0.204033
0.286784
0.355956
0.320441
0.189711
0.258380
0.097263
0.275110
0.110962
0.385625
0.236487
0.428020
0.343283
0.641564
0.501452
0.609132
0.626239
0.668278
0.682391
0.694442
0.613937
0.653917
0.659531
0.619423
0.585343
0.634258
0.619791
0.763037
0.724585
0.737198
0.719792
0.741862
0.740160
0.607007
0.612519
0.566374
0.631618
0.666875
0.569609
0.631413
0.522364
0.654108
0.629155
0.667611
0.631715
0.834522
0.802746
0.889096
0.876114
0.828833
0.830150
0.853822
0.813874
0.819461
0.683491
0.780228
0.624524
0.675659
0.602241
0.722773
0.590725
0.814892
0.739389
0.677348
0.630133
0.508646
0.459393
0.674789
0.532391
0.673517
0.454861
0.485111
0.459526
0.442746
0.401598
0.335166
0.266642
0.310917
0.332604
0.233499
0.172510
0.354124
0.101789
0.217895
0.252963
0.307369
0.177948
0.172158
0.068886
0.096027
0.127333
0.119487
0.023049
0.125139
-0.100854
0.122064
0.140835
0.242539
0.064269
0.213842
0.182893
0.395285
0.256813
0.418189
0.348739
0.345281
0.216012
0.328225
0.209224
0.273608
0.313452
0.199544
0.437987
0.254566
0.091790
0.209415
0.081897
0.160359
0.072952
0.096698
0.059702
-0.064000
0.279350
0.281617
0.263748
0.170405
0.169330
0.190501
-0.013639
0.155001
0.020584
0.211654
0.231062
0.290455
0.229218
0.094872
0.213489
0.387340
0.013069
0.331513
0.116559
0.283495
0.047166
0.075329
0.176049
0.398546
0.323210
0.428612
0.253177
0.408360
0.266280
0.330764
0.032268
0.365256
0.152628
0.387671
-0.010201
0.145877
0.043442
0.065300
0.079508
0.164590
-0.014696
0.051223
0.000491
0.100187
0.092445
0.098853
0.172153
0.342772
0.083935
0.120988
0.192165
0.041984
