0.047027
0.048434
0.091446
-0.032768
0.185692
0.038158
0.028349
0.027196
0.033592
0.066692
0.124103
0.002922
0.145992
-0.016733
0.134002
0.022083
0.081653
0.021646
0.091215
0.021162
0.052579
0.098342
-0.007453
0.121165
0.106209
0.032438
0.002234
0.089479
-0.003883
0.040643
-0.024915
0.139045
0.081233
0.152148
0.160241
0.079834
0.066310
0.062342
0.017243
0.026998
0.035164
0.160011
0.111593
0.141885
0.055967
0.137872
-0.004219
0.126263
-0.017660
0.139930
0.118912
0.100310
0.218677
0.164516
0.146133
0.065237
0.075750
0.083779
0.054749
-0.023782
0.062760
-0.012790
0.081332
0.127728
0.127129
0.086366
0.089502
0.083996
0.175835
0.125934
0.064294
0.200409
0.122037
0.090656
0.146101
0.020475
0.156011
0.146439
0.071133
0.077475
0.008795
0.145751
0.101054
0.079255
0.165723
0.196105
0.035663
0.129486
0.174784
0.047422
0.019018
0.014745
0.021560
0.061738
0.072597
0.233235
0.181048
-0.011412
0.234953
0.119983
0.042644
-0.003836
0.097514
0.044826
0.075562
0.015591
0.028081
0.118066
0.136944
0.084196
0.095736
0.056292
0.052994
0.058247
0.075992
0.089145
0.086636
0.048055
0.116958
0.129357
0.106886
0.097451
0.112811
0.313738
0.066942
0.098114
0.172494
0.192395
0.335163
0.121028
0.037184
0.099489
0.005438
0.126679
-0.006354
0.059899
0.056500
-0.013869
0.140010
0.084390
0.169330
0.112434
0.058695
0.219194
0.090132
0.029462
0.092866
0.157009
0.150040
0.204776
0.027298
0.062425
0.048138
0.005007
0.055554
0.166189
-0.107741
-0.022789
-0.016496
0.042447
0.041241
-0.032833
0.030466
-0.087317
0.178562
-0.076562
0.043899
0.021306
0.085292
-0.001264
0.064409
0.086922
0.054477
0.055776
-0.003113
0.077255
0.066818
0.013391
0.010611
-0.012084
0.086037
-0.017472
0.050422
0.029965
-0.003522
0.069821
-0.002903
0.157207
0.073435
0.080645
0.104917
-0.006059
0.020081
0.011123
0.109371
0.098835
0.035390
0.110619
0.022423
0.103861
0.127125
0.107940
0.085348
0.014160
0.106485
0.082040
0.068311
0.129869
0.145616
0.048471
0.081712
0.050917
0.045461
0.055293
-0.065666
0.162390
0.018646
-0.008836
0.071005
0.038410
0.058606
-0.051035
0.125993
0.046789
0.037794
-0.124506
0.111570
0.093139
0.017076
0.122346
0.095247
0.109536
0.066093
0.059474
0.076345
0.032922
0.041380
-0.013189
0.048384
-0.054119
-0.012877
0.028500
0.058676
0.014915
0.044153
0.043400
0.128348
0.019676
0.067005
0.063478
0.044545
0.032277
0.021281
-0.010796
0.039953
0.089003
0.065710
0.083522
-0.049523
0.052393
0.114520
0.117335
0.014432
0.108407
0.012971
0.113408
0.001100
-0.085627
-0.017418
-0.022269
-0.065300
-0.001072
-0.032436
0.063352
0.075431
-0.034906
0.073724
-0.005086
0.007767
0.099218
-0.046437
0.116175
0.001680
-0.019967
0.044409
0.070527
0.001634
0.081523
0.033882
0.193298
0.038842
0.107567
0.207325
0.142761
0.113619
0.009493
0.101502
0.141176
0.211508
0.174721
0.132555
0.141056
0.156702
0.217039
0.158780
0.193770
0.178692
0.086862
0.153031
0.070979
0.039828
0.126300
0.151852
0.088288
0.120440
0.191522
0.099712
0.042384
0.077785
0.131360
-0.001277
0.155761
0.066093
0.154263
0.056465
0.037930
0.010598
0.112516
0.144806
0.091517
0.046202
-0.038342
0.073700
0.004796
0.017907
0.111887
0.043987
0.079709
0.046363
-0.035913
0.024705
0.082541
-0.042905
0.085205
0.127136
0.127959
0.060012
0.068843
0.060131
0.026413
0.066473
0.055185
0.046900
0.118593
0.063625
0.012372
0.110869
0.101355
0.073998
0.159525
0.140749
0.239100
0.210181
0.176145
0.265901
0.187351
0.232799
0.323609
0.212177
0.249311
0.163578
0.119461
0.187873
0.149136
0.121401
0.165916
0.079498
-0.040090
0.069081
0.153334
0.111790
0.090913
-0.026071
0.008562
0.041381
-0.025141
0.050967
-0.010953
0.028405
0.078839
-0.009476
-0.034618
0.096017
0.051438
0.184025
-0.009251
0.061717
0.025263
0.061076
-0.042309
0.021273
-0.085195
-0.008814
-0.058032
0.040452
-0.022123
-0.022066
0.060248
-0.012643
0.028675
-0.107687
0.033369
-0.000031
0.020475
0.151162
-0.017881
0.112446
0.043645
-0.038775
-0.009087
0.027773
0.082253
0.002802
0.045219
-0.034277
0.009195
0.007917
0.026869
0.087569
-0.050213
-0.064229
0.075194
0.030235
0.092660
0.043333
0.012515
0.188977
0.029582
0.029229
0.049816
0.048285
0.136053
-0.002394
0.040052
-0.024118
-0.066623
0.038822
0.135828
0.021777
0.099493
0.014063
0.112950
0.129107
0.036570
0.032344
0.152417
0.159797
0.129094
0.109326
0.213439
0.119896
0.124971
0.144016
0.226297
0.131492
0.194559
0.218101
0.216176
0.349621
0.373857
0.218208
0.494971
0.398981
0.517491
0.436477
0.581711
0.537498
0.609952
0.707351
0.655798
0.641121
0.687985
0.717674
0.687873
0.555065
0.672481
0.593086
0.567186
0.500870
0.578667
0.614564
0.527593
0.481844
0.528931
0.502309
0.615096
0.541853
0.643327
0.622184
0.789502
0.702505
0.780554
0.679126
0.634890
0.587129
0.592562
0.473256
0.538414
0.559317
0.726140
0.667983
0.760458
0.681159
0.751816
0.695730
0.622918
0.696143
0.796610
0.657542
0.878882
0.802199
0.743179
0.775420
0.689665
0.726825
0.637404
0.585462
0.571920
0.576917
0.605610
0.583714
0.531226
0.596853
0.618091
0.454905
0.572705
0.541494
0.446871
0.307147
0.428818
0.425652
0.510250
0.465636
0.410348
0.369897
0.403855
0.438387
0.483580
0.496808
0.411469
0.308963
0.574258
0.354012
0.428818
0.432270
0.352892
0.254773
0.603728
0.538711
0.769493
0.707475
0.607569
0.642827
0.566728
0.498313
0.547993
0.582189
0.505294
0.451221
0.507127
0.429441
0.517328
0.492652
0.443031
0.364836
0.428472
0.385835
0.522858
0.317491
0.540119
0.493524
0.537723
0.535878
0.571309
0.445057
0.522291
0.490796
0.468718
0.350775
0.322721
0.373095
0.470832
0.329762
0.385168
0.405751
0.243120
0.371490
0.295333
0.216547
0.129496
0.134012
0.128961
0.105015
0.161280
0.158609
0.233072
0.177644
0.329392
0.216626
0.386380
0.412012
0.179667
0.404064
0.193541
0.275455
0.352751
0.352176
0.471512
0.375618
0.485362
0.364553
0.603508
0.502060
0.670041
0.759887
0.758068
0.809535
0.852597
0.886207
0.893113
0.818664
0.882097
0.897863
0.918672
0.821580
0.893776
0.876094
0.878576
0.888335
0.907836
0.926065
0.884189
0.812666
0.814454
0.850242
0.807613
0.747066
0.776864
0.779136
0.807856
0.714537
0.752566
0.667645
0.694390
0.561014
0.779297
0.585194
0.709290
0.675952
0.698843
0.575196
0.631472
0.610598
0.646276
0.525339
0.656521
0.522891
0.602316
0.529893
0.669482
0.714810
0.800526
0.694880
0.697764
0.635125
0.494700
0.641760
0.568916
0.439269
0.510041
0.586321
0.635585
0.501394
0.662998
0.674685
0.646303
0.586987
0.697484
0.667137
0.604342
0.548842
0.512612
0.515255
0.498436
0.377292
0.400094
0.290288
0.309660
0.242585
0.536239
0.410546
0.568553
0.366881
0.542528
0.485516
0.737106
0.701784
0.784443
0.853020
0.871449
0.757324
0.898211
0.855158
0.880254
0.787505
0.826441
0.710906
0.797302
0.833838
0.890314
0.849823
0.853667
0.822811
0.787034
0.759169
0.711895
0.680784
0.648534
0.495503
0.633196
0.516351
0.286428
0.319678
0.262222
0.125539
0.347335
0.200955
0.302944
0.163413
0.230524
0.172074
0.264779
0.341787
0.362080
0.347551
0.334992
0.229889
0.370596
0.291835
0.299881
0.167008
0.261561
0.073678
0.117173
0.155149
0.200321
0.117579
0.186729
0.217508
0.204078
0.241806
0.326119
0.339835
0.475810
0.409077
0.620726
0.454429
0.659668
0.584299
0.573002
0.554161
0.373272
0.395779
0.414057
0.305739
0.412773
0.415894
0.447800
0.262482
0.332586
0.236479
0.414674
0.180560
0.211364
0.222513
0.182886
0.230413
0.278996
0.321613
0.442252
0.370710
0.594499
0.550344
0.461689
0.429780
0.432418
0.410831
0.335713
0.219735
0.272646
0.255420
0.225474
0.284899
0.209244
0.152134
0.217916
0.087347
0.263118
0.248801
0.089670
0.131593
0.123490
0.049557
0.047697
0.099522
0.092255
0.125150
0.095757
0.081522
0.036936
0.015094
0.050931
0.094785
0.059521
0.131378
0.143554
0.211660
0.144642
0.109040
0.134497
0.118650
0.243218
0.240297
0.269037
0.214361
0.259867
0.263805
0.176876
0.243502
0.261702
0.210242
0.326947
0.330543
0.427913
0.186513
0.315982
0.412422
0.456386
0.433908
0.392010
0.400870
0.266972
0.392995
0.220641
0.121940
0.148682
0.226993
0.271962
0.111937
0.050989
0.161011
0.089958
-0.006414
0.077271
-0.054252
0.077932
0.000136
0.070648
0.021087
0.111737
0.120678
0.117607
0.008786
-0.019281
0.073071
0.050482
0.050614
-0.091360
-0.049735
0.052448
0.057697
0.040216
0.032541
0.193685
-0.054803
-0.013569
-0.047171
0.117894
0.042702
0.169198
0.102561
0.126050
0.020872
0.005132
0.157166
0.086005
0.061111
0.121657
-0.104001
0.072449
0.140264
-0.019144
0.034475
-0.030924
0.047714
-0.047804
0.045316
0.078914
0.058214
0.027053
0.029944
-0.060197
0.101553
0.063238
0.033368
0.066441
0.153424
0.091876
0.113136
0.050424
0.175953
0.119214
0.085652
0.134831
0.184827
0.112916
0.206421
0.267770
0.223437
0.426088
0.267767
0.230473
0.418423
0.231195
0.205777
0.242872
0.152974
0.445080
0.452989
0.433042
0.351065
0.310996
0.364979
0.364347
0.377866
0.604223
0.436031
0.597619
0.610574
0.614395
0.520864
0.611458
0.474248
0.483782
0.479599
0.286349
0.325011
0.398097
0.421277
0.598776
0.524202
0.442801
0.397762
0.257032
0.327638
0.250366
-0.011872
0.118866
0.122841
0.162126
0.113687
0.084992
0.065025
0.152900
0.221058
0.195577
0.155370
0.193680
0.172610
0.221039
0.254708
0.137868
0.135017
0.129058
0.170112
0.194410
0.065239
0.195548
0.175206
0.070029
0.178505
0.277590
0.223168
0.273134
0.127629
0.209564
0.145496
0.205135
0.166481
0.182808
0.116373
0.100740
0.060066
0.046602
0.052339
0.024959
0.113936
0.096472
0.003813
0.035019
-0.042546
0.032476
-0.017646
-0.046710
-0.006516
-0.079050
0.045000
0.069530
0.147975
0.125257
0.140681
0.071894
0.157638
-0.022973
