0.075698
0.077639
0.070389
-0.079484
0.015330
-0.025872
0.005859
-0.035910
0.029798
0.001316
0.081849
0.056936
0.065449
-0.041069
0.015293
0.023603
0.021274
0.065036
0.004747
-0.016285
0.078637
-0.062589
0.045249
0.127262
0.029040
0.012218
0.078739
0.008102
-0.186429
0.091091
0.057156
0.091205
-0.032622
-0.061285
0.037632
-0.025376
0.128819
0.044824
0.017889
0.148742
0.033468
0.161717
0.072222
0.170962
0.248104
0.038798
-0.007143
0.108406
0.066812
0.117733
0.031568
-0.042302
0.168082
0.063031
0.072625
0.192394
0.041201
-0.017072
0.019551
0.062564
-0.037010
0.029307
-0.026149
0.173056
0.109552
0.095099
-0.049996
0.021239
0.171299
0.024463
0.096960
0.077162
0.114625
0.145143
0.044454
0.134499
0.006505
0.068147
0.057492
0.129009
0.046667
0.077152
0.062275
-0.068981
0.095783
0.130934
0.084161
0.276872
0.197165
0.162218
0.170075
0.231959
0.106914
0.051343
0.014247
0.088548
-0.029244
0.016656
-0.014887
0.132032
0.195856
0.223074
-0.005441
0.125762
0.109120
0.115926
0.217196
0.308494
0.055703
0.028336
0.148193
-0.009390
0.151033
0.113791
0.107800
0.236907
0.246686
0.206161
0.006644
0.318328
0.181796
0.088436
0.243714
0.315752
0.147650
0.229664
0.084880
0.353550
0.193807
0.144708
0.117441
0.063009
0.148879
0.090224
0.077449
0.069356
0.102068
0.084156
0.096746
-0.063020
-0.032482
0.100166
0.047622
0.048626
0.079641
0.024673
0.054298
0.107282
0.015232
0.097890
0.040463
0.077738
0.111026
-0.041479
0.123372
0.086514
0.060925
0.004100
0.121204
0.132933
0.194151
0.140398
0.121095
0.018047
0.063513
0.077067
0.064103
0.034937
0.062987
0.044768
0.038893
-0.014822
0.174044
0.064463
0.189315
0.160286
0.010310
0.128564
0.041583
0.076695
0.167600
0.028792
0.143730
0.115625
0.077069
0.156677
0.089574
0.072546
-0.078439
0.028296
0.085678
0.068726
0.086313
0.125884
-0.030706
-0.085411
0.135138
-0.013922
0.036370
0.035852
0.010019
0.024327
0.076072
0.036254
0.075528
-0.022039
0.000123
0.052681
-0.022672
-0.023144
-0.103418
0.056133
0.038243
0.000013
0.111998
-0.078713
-0.019667
0.084215
0.044134
0.021937
0.049849
0.117155
-0.006085
0.097438
0.014574
0.094494
0.064359
0.127591
0.154118
0.138633
0.159158
0.256742
0.186300
0.058283
0.141006
0.103120
0.139588
-0.019792
0.195204
0.043706
0.069499
0.049433
0.090078
0.018328
0.076980
0.144993
0.048426
0.031326
0.030711
-0.015160
-0.036348
0.077609
-0.026020
0.045952
0.000089
0.071942
0.015579
0.064029
-0.016910
0.043678
-0.012045
0.085520
0.110268
0.148520
0.094219
0.113666
0.001891
0.088326
0.054730
0.077296
0.037863
-0.027529
-0.028042
0.015156
0.056547
0.052930
-0.009419
0.069713
0.077058
0.037844
0.104103
-0.052893
0.114023
0.095368
0.029116
0.073912
0.014605
0.042467
-0.022876
0.006222
0.040677
0.009160
-0.029522
0.074594
0.001195
0.169259
0.133605
0.188836
0.042025
0.157533
0.126168
0.106119
0.050334
0.117418
-0.051756
0.106476
0.183869
0.145256
0.254934
0.278680
0.109404
0.362261
0.232590
0.326242
0.381983
0.286337
0.230491
0.578574
0.357042
0.707968
0.698277
0.598636
0.545517
0.745665
0.720121
0.786278
0.485425
0.517005
0.457827
0.555868
0.429809
0.445948
0.477720
0.518203
0.543544
0.562335
0.604851
0.616502
0.566097
0.592457
0.434097
0.671217
0.609075
0.664482
0.496876
0.520759
0.427331
0.468865
0.471849
0.383957
0.325359
0.140696
0.081406
0.145623
0.102766
0.026145
0.100415
0.142995
0.144647
0.250828
0.245525
0.169170
0.079890
0.186849
0.248771
0.147149
0.191604
0.062669
0.113129
0.213814
-0.047271
0.034222
0.253346
0.225790
0.146590
0.321976
0.317176
0.451371
0.314827
0.498322
0.409135
0.646864
0.451129
0.645705
0.604387
0.453868
0.446301
0.388359
0.475715
0.526433
0.344278
0.366457
0.373922
0.301406
0.400656
0.471303
0.189100
0.539767
0.425226
0.720857
0.503114
0.654671
0.534413
0.454607
0.455136
0.382510
0.372366
0.164530
0.177037
0.196417
0.103486
0.079608
0.141051
0.091928
0.136194
0.078542
0.066383
0.098562
0.068466
0.117418
0.099205
0.164149
0.023548
0.220376
0.090423
0.253855
0.106747
0.318656
0.265917
0.237474
0.204259
0.392689
0.469262
0.348934
0.464774
0.540660
0.489306
0.466098
0.556193
0.720805
0.532936
0.630572
0.420021
0.535460
0.513145
0.438258
0.421901
0.619767
0.619110
0.493926
0.512298
0.248081
0.386677
0.178714
0.175646
0.131427
0.194694
0.286290
0.130948
0.181351
0.127293
-0.035540
0.068312
0.106754
-0.014263
0.158628
0.218575
0.089094
0.169613
0.239983
0.062848
0.019904
0.063813
0.044957
0.042745
0.120508
0.110481
0.152223
0.027848
0.090140
0.018473
0.298732
0.223644
0.317865
0.308170
0.426780
0.382406
0.595661
0.396677
0.489292
0.423227
0.489357
0.412060
0.372492
0.403024
0.552237
0.494375
0.549584
0.442576
0.260395
0.372217
0.277444
0.168446
0.206551
0.273199
0.332643
0.227816
0.326669
0.273579
0.385551
0.432612
0.610699
0.528731
0.533104
0.318318
0.148095
0.292069
0.303279
0.179362
0.353677
0.226068
0.366237
0.132245
0.272588
0.118190
0.250330
0.171002
0.251688
0.317998
0.420410
0.369465
0.485048
0.289794
0.345664
0.311711
0.348705
0.310833
0.409747
0.324097
0.476644
0.358723
0.343253
0.109561
0.402768
0.129806
0.526741
0.482394
0.448278
0.381451
0.679634
0.600517
0.839774
0.642960
0.672377
0.737143
0.793274
0.668998
0.809116
0.733502
0.800347
0.803633
0.690267
0.773387
0.792271
0.681917
0.730222
0.642399
0.672824
0.612766
0.729468
0.491250
0.568927
0.541679
0.440565
0.509473
0.492415
0.602763
0.582519
0.510706
0.633711
0.563469
0.742868
0.636652
0.863755
0.783746
0.775903
0.745156
0.664494
0.607801
0.610228
0.535558
0.356853
0.390021
0.537183
0.504116
0.434192
0.357528
0.381596
0.428708
0.379921
0.463959
0.499411
0.474323
0.538962
0.402166
0.455281
0.286146
0.644662
0.563488
0.553506
0.461539
0.516995
0.316783
0.500321
0.392341
0.595892
0.523107
0.683573
0.594800
0.758276
0.593175
0.731745
0.667832
0.587231
0.723522
0.580048
0.582661
0.571675
0.493267
0.561127
0.464338
0.553080
0.546114
0.580038
0.499131
0.367107
0.335085
0.592852
0.552094
0.737697
0.565400
0.620748
0.576174
0.493032
0.580324
0.558995
0.444809
0.410734
0.422281
0.385339
0.248908
0.186230
0.225815
0.333469
0.099413
0.234498
0.137123
0.212827
0.216741
0.292398
0.265508
0.349274
0.246645
0.367599
0.268560
0.536646
0.363174
0.489912
0.524361
0.661833
0.664487
0.708316
0.598923
0.623056
0.587753
0.406444
0.546679
0.415721
0.277382
0.355060
0.343522
0.286544
0.307163
0.217584
0.121192
0.152277
0.070642
0.250495
0.210126
0.207735
0.180569
0.216570
0.247286
0.240923
0.112646
0.252595
0.191684
0.319936
0.230480
0.310834
0.135949
0.160409
0.340488
0.357305
0.235264
0.249598
0.297089
0.120083
0.200514
0.145079
0.128797
0.231018
0.107923
0.389948
0.270491
0.288965
0.371390
0.351768
0.384579
0.573366
0.470315
0.658609
0.644234
0.764714
0.724601
0.719833
0.545484
0.684621
0.578791
0.694566
0.536029
0.402643
0.320958
0.430135
0.432999
0.603784
0.607059
0.450969
0.525018
0.432876
0.349158
0.482684
0.342446
0.512354
0.363136
0.342449
0.350558
0.223937
0.253183
0.142445
0.166915
0.100518
0.075887
0.129996
0.138799
0.093122
0.256104
0.145135
0.058983
0.030963
0.171679
0.171496
0.141083
0.112127
0.258987
0.159955
0.160445
0.210341
0.140572
0.164135
0.185006
0.030364
0.180028
0.063272
0.057456
0.145808
0.157141
-0.028099
0.109702
-0.031157
0.011842
0.115124
0.068632
0.100182
0.158369
0.140976
0.279157
0.166910
0.234397
0.215079
0.113263
0.276641
0.318072
0.296110
0.293872
0.341345
0.292932
0.277405
0.134225
0.250853
0.101690
0.299837
0.190877
0.407040
0.208815
0.399529
0.319626
0.401400
0.403401
0.258393
0.171053
0.347046
0.105169
0.145444
0.069091
0.347085
0.207626
0.258201
0.180601
0.166071
0.107073
0.247463
0.172326
0.198385
0.207972
0.281517
0.242264
0.288041
0.294746
0.186160
0.252139
0.313993
0.282972
0.303915
0.253005
0.400056
0.415550
0.427198
0.459713
0.589589
0.468804
0.486147
0.322024
0.514182
0.351445
0.385443
0.402037
0.303734
0.358581
0.346963
0.315145
0.219895
0.240153
0.290289
0.165459
0.292952
0.153357
0.280328
0.328762
0.268816
0.099563
0.501530
0.416061
0.590291
0.316257
0.383386
0.224838
0.205774
0.161461
0.165942
0.135106
0.094470
0.058654
0.109024
0.129989
0.183165
0.003198
0.051733
-0.016699
0.061671
0.074436
0.049933
0.098124
0.033877
-0.008423
0.045182
0.043187
0.155220
0.179033
0.172656
0.165390
0.142112
0.281261
0.033198
0.105936
0.242627
0.201756
0.339302
0.121630
0.144985
0.149682
0.075413
0.058552
0.280790
0.096435
0.110944
0.046724
0.134879
0.047895
0.064677
0.080642
0.146396
0.069190
0.049639
-0.015878
0.006957
0.145097
0.134572
0.076550
0.051235
0.169173
-0.030291
0.044707
0.232854
0.112476
0.287412
0.113474
0.401486
0.421860
0.240142
0.278394
0.240712
0.226430
0.098615
0.057574
0.300149
0.114311
0.117083
0.087075
0.183644
-0.042113
0.186238
0.099331
0.174875
0.121552
0.122120
0.204318
0.249881
0.291809
0.416672
0.349085
0.554392
0.369479
0.351640
0.341804
0.326003
0.314227
0.212025
0.169668
0.200633
0.087309
0.147311
0.156068
0.009530
0.142843
0.174162
0.052183
0.087103
0.096686
0.076625
0.034225
0.091633
0.090964
0.037210
0.126761
0.104278
-0.008744
0.110913
0.117639
0.048555
0.143854
0.192784
0.044382
0.190480
0.234423
0.065371
0.090716
0.248805
-0.028293
-0.016273
0.173085
0.188339
0.306607
0.127995
0.187688
0.249409
0.108405
0.337608
0.069593
0.124123
0.057835
0.094569
0.153153
0.036710
0.081093
0.096329
0.043236
0.207219
0.165151
0.143755
0.135934
0.114858
0.116687
0.123726
0.167706
0.056315
0.065251
0.152908
0.138522
0.158715
0.007374
0.011905
0.123566
0.026815
