0.072012
0.265611
0.140234
0.221629
0.344688
0.249453
0.245847
0.241766
0.225787
0.356132
0.237425
0.185124
0.245480
0.281484
0.252551
0.200680
0.262292
0.191507
0.013794
0.137276
0.102026
0.150347
0.128485
0.061763
0.054747
0.139922
0.079804
0.178638
0.120540
0.086501
0.146420
0.203650
0.135833
0.083551
-0.044328
-0.077001
0.127597
0.043973
-0.004494
0.145358
0.119845
0.152926
0.098257
0.081501
0.152057
0.127690
0.073677
0.131846
0.126599
0.278625
0.195907
0.299414
0.308087
0.214427
0.263982
0.141714
0.126762
0.134741
0.062732
0.132102
0.275643
0.153708
0.213903
0.271634
0.246559
0.152001
0.252963
0.296915
0.118949
0.267749
0.168876
0.141860
0.236292
0.061651
0.183384
0.088197
0.227933
0.129625
0.150931
0.231592
0.085444
0.169112
0.119413
0.177485
0.090129
0.170342
0.032147
0.173622
-0.048885
0.077527
0.065901
0.144644
0.088262
0.031635
0.208564
0.055160
0.226134
0.155674
0.080244
0.168101
0.184502
0.101632
0.146145
0.104256
0.099455
0.110206
0.123002
0.067228
0.100850
0.074092
0.002825
0.127835
0.045618
0.124953
0.024572
-0.031790
0.011607
0.091979
0.003631
0.072014
0.071608
0.073149
-0.018382
0.177950
0.170562
0.088417
0.085542
0.060380
0.030125
0.004945
0.044083
0.050281
0.129861
0.032226
0.116694
0.217620
0.074832
0.125780
0.102417
0.159481
0.152639
0.096045
0.028997
0.184686
0.113315
0.081338
0.127618
0.100219
0.163510
0.251559
0.076798
0.276636
0.117573
0.198172
0.085371
0.163977
0.206393
-0.015467
0.065716
0.035150
0.186520
0.203392
0.121605
0.236391
0.152898
0.237703
0.085766
0.178222
0.120495
0.201402
0.115458
0.154666
0.176922
0.107519
0.145256
0.091464
0.183458
0.132438
0.229830
0.230397
0.071297
0.193555
0.226265
0.227217
0.189346
0.198722
0.111912
0.207316
0.062302
0.197133
0.030399
0.229784
0.112471
0.151752
0.043974
0.182293
0.133578
0.193279
0.135753
0.083685
0.070780
0.199854
0.138042
0.364568
0.138948
0.266772
0.184892
0.315246
0.340273
0.172305
0.194804
0.227217
0.175328
0.239281
0.213673
0.268286
0.208342
0.199854
0.114036
0.080044
0.116773
0.350513
0.024232
0.183163
0.095598
0.008270
-0.032415
0.044262
0.121197
-0.091753
0.022898
0.079404
0.038900
-0.017063
0.087312
0.051027
0.042378
0.135710
-0.080855
0.047884
0.020949
0.084174
0.087475
0.143990
0.147910
0.250919
0.318978
0.205009
0.242532
0.230145
0.264399
0.263373
0.272276
0.281463
0.218097
0.234162
0.283763
0.291090
0.322025
0.339750
0.216327
0.322546
0.274052
0.359910
0.218782
0.138368
0.305416
0.090616
0.289315
0.311984
0.242887
0.470076
0.495193
0.520154
0.604754
0.422354
0.488758
0.368888
0.213131
0.430402
0.383339
0.354515
0.350115
0.282495
0.295107
0.335145
0.386978
0.476847
0.568469
0.612155
0.675391
0.649564
0.622333
0.738415
0.545754
0.792992
0.684650
0.726819
0.472100
0.612580
0.525182
0.341182
0.290515
0.239915
0.314845
0.429414
0.351738
0.199362
0.253722
0.147610
0.231185
0.216773
0.227738
0.258184
0.298889
0.104364
0.078084
0.253671
0.112076
0.281067
0.214592
0.130034
0.143539
0.317286
0.146937
0.269852
0.162757
0.096837
0.121827
0.164954
0.107872
0.303280
0.281037
0.378803
0.475769
0.584033
0.493461
0.605714
0.579917
0.537468
0.535674
0.477669
0.291937
0.418731
0.444033
0.483502
0.434526
0.597946
0.339096
0.585318
0.280562
0.474200
0.416845
0.389432
0.385894
0.526136
0.450936
0.524912
0.396432
0.667054
0.526531
0.512498
0.500814
0.396452
0.392803
0.663771
0.478980
0.803708
0.714899
0.775584
0.854777
0.804247
0.799046
0.810846
0.671973
0.725165
0.688076
0.630716
0.580894
0.500823
0.455800
0.496332
0.428004
0.628960
0.552620
0.562885
0.469046
0.604461
0.398422
0.596450
0.536605
0.325740
0.377703
0.430255
0.243523
0.490134
0.294498
0.181904
0.326775
0.187499
0.231232
0.282844
0.240594
0.264660
0.191160
0.409676
0.276896
0.402723
0.323910
0.396134
0.378404
0.429637
0.367826
0.391767
0.426729
0.461976
0.456677
0.468775
0.486293
0.323728
0.336694
0.324713
0.374410
0.355932
0.348652
0.322603
0.330214
0.258869
0.336661
0.165967
0.201790
0.151566
0.143486
0.185623
0.119315
0.085364
-0.011434
0.016457
0.061745
0.005808
-0.017487
0.053436
0.093053
0.115163
0.124046
0.012014
0.091620
0.079277
0.082636
0.119294
0.061326
0.115899
0.090840
0.114468
0.042130
0.052625
0.105293
0.182390
-0.033345
0.110905
0.053166
-0.030583
0.029766
0.104549
-0.008146
0.093589
0.088262
0.070256
0.054119
0.173132
-0.027548
0.110296
0.196065
0.066040
0.129299
0.013612
0.138000
0.185914
0.164152
0.060350
-0.040622
0.084829
0.023873
0.111077
0.012239
0.091827
0.063930
0.008336
0.094504
0.137208
0.058571
0.090280
0.025015
-0.025565
0.007581
0.080352
0.055814
0.203679
0.038544
0.039023
0.194087
0.011221
0.064116
0.142077
0.074824
0.188393
0.074002
0.087704
0.184258
0.100324
0.091084
0.237703
0.199144
0.239704
0.135863
0.140188
0.185483
0.191912
0.083800
0.173184
0.164376
0.109365
0.043287
-0.000493
0.066486
-0.028557
-0.023094
0.025994
0.072625
0.115166
0.041272
0.098647
0.142912
0.204220
0.016328
0.179518
0.256167
0.291034
0.185491
0.472063
0.369579
0.524676
0.584237
0.716565
0.638630
0.623135
0.333458
0.313510
0.416836
0.298976
0.402197
0.465147
0.265969
0.474474
0.325027
0.425668
0.416792
0.565694
0.252979
0.369493
0.374431
0.326405
0.156608
0.338527
0.261554
0.392199
0.153787
0.434300
0.312205
0.346606
0.290512
0.206287
0.217325
0.258312
0.094291
0.259383
0.218063
0.312894
0.220089
0.301144
0.190953
0.310217
0.208895
0.558742
0.400090
0.404861
0.359910
0.416024
0.523773
0.324412
0.395468
0.532425
0.471704
0.399297
0.537752
0.417924
0.443675
0.516798
0.401839
0.407387
0.378181
0.270364
0.121696
0.222237
0.172378
0.174721
0.212722
0.239016
0.212834
0.252997
0.170525
0.190302
0.155256
0.234801
0.084885
0.217047
0.178732
0.310525
0.204392
0.269969
0.217037
0.297590
0.132608
0.262091
0.174650
0.189368
0.138614
0.115242
0.182385
0.334021
0.166157
0.379108
0.199270
0.366036
0.136535
0.217853
0.293065
0.254492
0.214708
0.320568
0.257928
0.248223
0.239976
0.110434
0.074790
0.140747
0.135599
0.085895
0.159253
0.165854
0.155355
0.025307
0.198373
0.075985
0.232255
0.117268
0.122596
0.174631
0.164410
0.044057
0.149304
0.136483
0.049644
0.101713
0.054513
0.036315
0.246934
0.320967
0.141525
0.165659
0.196447
0.074344
0.249590
0.128905
0.279611
0.283196
0.226822
0.237905
0.132341
0.254604
0.287580
0.232046
0.202804
0.173673
0.234116
0.276164
0.151494
0.329528
0.138931
0.253664
0.217574
0.161116
0.194495
0.121944
0.122539
-0.005549
0.107821
0.189430
0.042421
0.143003
0.083442
0.008813
0.246183
0.240059
0.273446
0.427269
0.096339
0.374897
0.337315
0.385151
0.089172
0.326461
0.218535
0.312862
0.230524
0.291489
0.212879
0.093560
0.044071
0.234854
0.163875
0.275567
0.255572
0.366023
0.364108
0.273977
0.176939
0.342148
0.320953
0.372087
0.170868
0.167292
0.122722
0.164533
0.182156
0.255930
0.239009
0.333753
0.156811
0.235583
0.284992
0.252519
0.198503
0.381099
0.350332
0.504261
0.350682
0.448204
0.443910
0.539490
0.501101
0.697495
0.633642
0.573022
0.675758
0.613865
0.553209
0.504776
0.479018
0.473109
0.550533
0.467900
0.325072
0.325264
0.342158
0.373222
0.258862
0.336599
0.212645
0.332065
0.168610
0.237480
0.145026
0.060937
0.150531
0.129489
0.159185
0.106847
-0.003327
0.062152
0.037057
0.037346
-0.047427
0.135082
-0.059687
-0.025031
0.086277
-0.020926
0.035737
0.177962
0.072384
-0.017826
0.094788
0.105525
0.035932
0.152040
0.031229
0.052798
0.147677
0.114185
0.063559
-0.005152
-0.008678
0.008331
-0.018699
0.213774
0.040363
0.185775
0.087372
0.040593
0.004587
0.160815
-0.105080
0.155997
0.043598
0.273959
0.057179
0.105387
0.123168
0.341473
0.428495
0.273558
0.098239
0.338964
0.200837
0.053668
0.024775
0.256951
-0.019554
0.119960
0.235236
0.267963
0.158005
0.241752
0.264455
0.074526
0.106932
0.170892
0.134394
0.257457
0.301914
0.197216
0.182923
0.083978
0.203420
0.165991
0.159975
0.215108
0.157514
0.050266
0.163668
0.054644
0.130706
0.177286
0.071895
0.168610
-0.066750
0.089034
0.113416
0.026551
0.155220
0.107503
0.002295
0.070719
0.111579
0.320256
0.109967
0.343635
0.225756
0.343794
0.117883
0.539713
0.367212
0.533766
0.503233
0.470470
0.392006
0.432170
0.476594
0.644094
0.577055
0.656531
0.556637
0.474914
0.372970
0.494283
0.353637
0.457507
0.536701
0.635615
0.590775
0.716998
0.668316
0.727904
0.732998
0.804748
0.811895
0.836679
0.837672
0.879425
0.831046
0.841345
0.654700
0.770356
0.689807
0.760669
0.608460
0.641604
0.651569
0.673179
0.710164
0.896856
0.790078
0.880579
0.853775
0.882187
0.873923
0.903794
0.870419
0.921281
0.875400
0.898126
0.899722
0.850711
0.742117
0.900158
0.863910
0.928463
0.899715
0.899702
0.884163
0.795587
0.850983
0.859746
0.702801
0.849720
0.734456
0.765932
0.703688
0.692515
0.644291
0.540156
0.512706
0.629745
0.576079
0.631552
0.594859
0.552241
0.495221
0.560474
0.416719
0.451281
0.575074
0.356843
0.367356
0.247084
0.269353
0.184317
0.079987
0.098124
0.065733
0.237694
0.062089
0.134349
0.301229
0.173296
0.168704
0.159002
0.208661
0.195466
0.111904
0.091410
-0.014093
0.081779
0.096426
0.034190
0.001567
0.118167
0.096722
0.084860
0.140526
0.145764
0.126449
-0.030995
0.007502
0.201129
0.040955
0.154566
0.106229
-0.009055
0.104560
0.194953
0.163618
0.226625
0.182737
0.198461
0.097591
0.156168
0.133484
0.079540
0.156260
0.093720
0.066294
0.085920
0.184948
0.068203
0.078643
0.079870
0.172111
0.259966
0.096889
0.087869
0.142227
0.031021
0.145498
0.106364
0.072896
0.083537
0.140126
0.102344
0.012490
0.028514
0.092079
-0.042906
