0.070914
0.083722
0.129111
0.131265
0.089312
0.177449
0.256289
0.162380
0.067244
0.170987
0.113867
0.057639
0.076475
0.114575
0.068397
0.064682
0.085815
0.018412
-0.007580
0.131772
0.087878
0.153081
0.072947
0.065074
0.134840
0.094544
-0.023670
-0.016459
0.053933
0.163237
-0.032438
0.031483
-0.054581
-0.002408
0.143376
0.041494
0.081742
-0.001660
-0.005390
0.063023
0.062524
0.087360
0.109271
0.174037
-0.038411
-0.001296
0.137485
0.148934
0.085233
0.124792
0.078544
0.108223
0.091145
0.140188
0.082143
0.179543
0.162826
0.116376
0.108836
-0.037883
0.172811
-0.003185
0.039020
0.022993
0.025412
0.067773
0.008901
0.215707
0.141070
0.035850
0.001521
0.030643
0.116187
0.132689
0.071297
0.161233
0.121412
0.163086
0.158330
0.411008
0.103922
0.190108
0.179902
0.163651
0.311965
0.463298
0.189055
0.459685
0.439670
0.258776
0.270134
0.360478
0.258528
0.147289
0.060102
0.264580
0.014701
0.270630
0.212487
0.408681
0.142413
0.222926
0.395448
0.360390
0.313731
0.186919
0.132686
0.146731
0.102592
0.246232
0.321409
0.158901
0.195022
0.208276
0.043970
0.235151
0.069636
0.078987
0.225513
0.292855
0.104354
0.236937
0.323108
0.368365
0.281593
0.263016
0.134287
0.297596
0.194539
0.267292
0.320755
0.258142
0.286535
0.373768
0.295198
0.472254
0.442117
0.438805
0.238131
0.259924
-0.003556
0.138377
0.027965
0.151369
0.018998
0.169177
0.076209
0.078782
0.115973
0.143780
-0.000926
0.099088
0.117605
0.044231
0.137538
0.171039
0.050660
0.218252
0.065819
0.264122
0.093102
0.297351
0.274394
0.166822
0.199588
0.193669
0.165491
0.268939
0.101424
0.186112
0.110152
0.247632
0.254439
0.234600
0.181362
0.146731
0.181758
0.289047
0.238795
0.553017
0.319941
0.295248
0.278887
0.478624
0.417893
0.584513
0.416860
0.590393
0.329237
0.440058
0.447936
0.454794
0.375777
0.235202
0.201775
0.158693
0.211154
0.309478
0.111645
0.144851
0.065206
0.236676
0.119537
0.346376
0.088390
0.159705
0.148461
0.217174
0.150878
0.059894
0.220828
0.193842
0.146690
0.120019
-0.042703
0.025732
0.113648
0.002498
0.082807
0.158032
0.080793
0.293889
0.052082
0.184756
0.019149
0.026705
0.019943
0.120932
0.114217
0.076171
0.000920
0.106856
0.176312
0.227616
0.131317
0.324211
0.187992
0.146811
0.186578
0.044873
0.080890
0.185594
0.051048
0.273869
0.304592
0.191186
0.081556
0.219501
0.233770
0.377646
0.206109
0.266132
0.145646
0.154961
0.127029
0.358303
0.253585
0.200174
0.254148
0.162173
0.216042
0.007764
0.208312
0.069689
0.034085
0.037470
0.063725
0.108485
0.142080
0.034792
0.078430
0.168062
0.128042
0.222240
0.083936
0.191569
0.221473
0.250500
0.260070
0.265701
0.167677
-0.009888
-0.073844
0.291778
0.104691
0.289504
0.358932
0.471633
0.501041
0.492641
0.396481
0.478403
0.486589
0.474263
0.246098
0.326351
0.349908
0.362041
0.381876
0.226371
0.135494
0.267637
0.242799
0.288903
0.219429
0.240356
0.322354
0.165081
0.197650
0.073765
0.267624
0.206185
0.163888
0.149392
0.150898
0.207501
0.065591
0.244725
0.043063
0.229937
0.171671
0.201849
0.132165
0.186724
0.105796
0.219809
0.128178
0.023957
0.129229
0.142079
0.114419
0.101157
-0.006485
-0.051114
0.040669
-0.053455
0.021129
0.132203
-0.023808
0.035806
0.070986
0.133041
0.114129
0.045191
0.124890
0.112598
-0.006737
0.053551
0.044943
-0.019793
0.119060
-0.009801
0.117371
0.104986
0.174894
0.019506
0.067666
0.049194
0.106923
0.047583
0.011113
0.060262
-0.005324
0.154244
-0.027899
0.020073
0.062755
0.095524
0.070478
0.089912
0.021733
0.114192
0.061212
0.092488
0.119442
0.223326
0.166785
0.244265
0.177604
0.148122
0.114772
0.190580
0.119505
0.239248
0.140011
0.169510
0.109254
0.300917
0.289382
0.329310
0.282235
0.381673
0.291245
0.331291
0.251236
0.421541
0.314076
0.353491
0.312991
0.300678
0.353263
0.460657
0.453041
0.578668
0.573099
0.666417
0.580891
0.767247
0.661948
0.776011
0.748008
0.805060
0.669664
0.803230
0.779967
0.875994
0.831654
0.845749
0.838736
0.785150
0.644109
0.777495
0.731314
0.763322
0.715799
0.710461
0.603323
0.634707
0.721466
0.648557
0.580445
0.504014
0.637916
0.474188
0.509057
0.492337
0.302555
0.351037
0.242857
0.380990
0.107125
0.261646
0.113832
0.268571
0.099803
0.163402
0.082134
0.151985
0.017607
0.067009
0.063688
0.154487
0.162469
0.204492
0.130255
0.153041
0.101625
0.277751
0.186619
0.274885
0.215910
0.284892
0.284087
0.467533
0.366041
0.434577
0.358153
0.514374
0.404876
0.190509
0.288366
0.505362
0.373973
0.428941
0.246131
0.178038
0.115401
0.166266
0.231762
0.218827
0.095156
0.155740
0.170789
-0.057180
0.130596
0.088162
0.037594
0.006978
0.096909
0.095481
0.171907
0.014247
0.211453
0.096391
0.126655
0.032743
0.183120
0.105945
0.108654
0.212569
0.255123
0.183408
0.145520
0.319142
0.318806
0.416025
0.448398
0.327876
0.428640
0.424568
0.474950
0.696433
0.590908
0.690497
0.614213
0.614471
0.642251
0.659469
0.605452
0.617799
0.701676
0.630147
0.537321
0.579670
0.455779
0.686571
0.655882
0.766339
0.638494
0.761240
0.797641
0.811159
0.751473
0.747885
0.618951
0.603381
0.594302
0.783829
0.714193
0.921771
0.859026
0.959169
0.946654
0.982188
0.985009
0.981214
0.984827
0.989108
0.987363
0.996425
0.986773
0.990315
0.989757
0.987906
0.990888
0.968758
0.944255
0.944681
0.955623
0.956199
0.966374
0.934708
0.919140
0.874215
0.829402
0.832386
0.782849
0.770995
0.749741
0.774019
0.696353
0.615324
0.547866
0.535562
0.390576
0.679120
0.528228
0.649113
0.661660
0.633842
0.575649
0.465236
0.451708
0.433009
0.258884
0.513020
0.220230
0.381689
0.364489
0.482728
0.254876
0.455753
0.276040
0.327496
0.469045
0.486817
0.332373
0.519293
0.497901
0.671940
0.597202
0.688477
0.528252
0.772167
0.655399
0.714910
0.636026
0.709803
0.637305
0.483122
0.538706
0.559541
0.377673
0.542545
0.427127
0.586806
0.429146
0.402884
0.415126
0.403183
0.393525
0.524511
0.303397
0.458194
0.440272
0.457730
0.502975
0.465483
0.516361
0.592523
0.426649
0.581746
0.479642
0.511251
0.516201
0.586661
0.463389
0.662516
0.708538
0.707195
0.711522
0.787148
0.674914
0.762387
0.788710
0.806860
0.751136
0.780845
0.730133
0.727318
0.698298
0.800945
0.722446
0.795340
0.623337
0.791160
0.676631
0.779452
0.675899
0.683113
0.615502
0.750664
0.685378
0.773716
0.566951
0.584270
0.519523
0.501800
0.430506
0.549347
0.493635
0.548220
0.315912
0.592788
0.520643
0.638894
0.565040
0.581236
0.529882
0.720055
0.533913
0.522084
0.588795
0.562645
0.437183
0.621218
0.584053
0.718790
0.623355
0.636429
0.603050
0.586686
0.541329
0.430003
0.335425
0.248791
0.248313
0.309343
0.034332
0.257910
0.181582
0.316510
0.273746
0.473055
0.361329
0.374567
0.350746
0.379609
0.250676
0.433588
0.404509
0.573271
0.597316
0.415940
0.319331
0.347955
0.297439
0.310950
0.132989
0.256187
0.060704
0.263740
0.154683
0.401781
0.449622
0.425528
0.354741
0.170269
0.168016
0.411724
0.393013
0.375912
0.247374
0.698343
0.644946
0.862346
0.826377
0.833082
0.800037
0.834503
0.768650
0.833224
0.793943
0.853606
0.748355
0.748450
0.565928
0.666010
0.639192
0.775428
0.607582
0.713155
0.623107
0.761762
0.602368
0.646885
0.599914
0.724825
0.421335
0.651123
0.579246
0.600435
0.496798
0.342610
0.503924
0.534721
0.518245
0.487994
0.586179
0.414482
0.384031
0.262841
0.228238
0.280654
0.131040
0.214316
0.168459
0.083024
0.247974
0.264137
0.144066
0.047625
0.115781
0.205362
0.098501
0.132903
0.104960
0.000105
0.141102
0.246452
0.141501
0.179107
0.129510
0.220481
0.167023
0.158408
0.168283
0.294304
0.334570
0.321439
0.207518
0.385276
0.419958
0.462777
0.430399
0.449952
0.396862
0.503082
0.520055
0.450213
0.448594
0.188121
0.338860
0.481960
0.239885
0.465279
0.459421
0.298474
0.231083
0.265875
0.402412
0.247022
0.193181
0.228880
0.204292
0.343987
0.396629
0.619473
0.390655
0.615793
0.674398
0.777982
0.826934
0.780407
0.820925
0.880610
0.818592
0.930726
0.838573
0.924258
0.885027
0.952758
0.931743
0.955672
0.929868
0.959837
0.921209
0.965436
0.952681
0.945922
0.897924
0.895190
0.842253
0.886903
0.838200
0.784029
0.721651
0.775712
0.693898
0.668195
0.727696
0.820141
0.716837
0.782180
0.670655
0.612047
0.644052
0.554385
0.661688
0.569633
0.477549
0.429949
0.390165
0.496375
0.329359
0.319363
0.333366
0.371390
0.403136
0.431814
0.319253
0.356418
0.217619
0.334598
0.357594
0.432207
0.266850
0.310934
0.277737
0.300611
0.380017
0.404906
0.407403
0.292183
0.192521
0.203206
0.151268
0.183746
0.122718
0.101097
-0.006280
0.175956
0.074955
0.138972
0.202317
0.074636
0.088377
0.137821
0.150029
-0.015565
0.032773
0.165066
-0.031804
0.129551
0.156951
0.064488
0.048155
0.105039
0.016572
0.227241
0.280442
0.308186
0.160908
0.468952
0.315246
0.562278
0.532542
0.707258
0.610265
0.520842
0.568356
0.409643
0.453796
0.318534
0.346394
0.326452
0.397477
0.568768
0.427351
0.524212
0.387265
0.484170
0.331105
0.586631
0.568960
0.581787
0.523963
0.574447
0.367521
0.320227
0.160226
0.401685
0.211885
0.134378
0.173319
0.113512
0.153397
0.116827
0.082378
0.052006
0.024287
0.089617
0.016264
0.209461
0.122463
0.132412
0.203580
0.328612
0.063434
0.316445
0.084502
0.196696
0.181075
0.381986
0.187621
0.370251
0.175899
0.217903
0.082911
0.086673
0.181654
0.202257
0.004420
0.190712
-0.029105
0.041795
0.055699
0.120566
0.115162
0.003408
0.124056
0.121389
0.105279
0.232022
0.143144
0.239302
0.153690
0.216986
0.148410
0.073870
0.010583
0.096116
0.049457
0.117604
0.067000
0.256348
0.079993
0.297594
0.156718
0.228086
0.048960
0.104580
0.192693
0.025454
0.102200
0.080934
0.056726
0.113216
0.202353
0.261640
0.101077
0.102769
0.184952
-0.037533
