0.089622
0.126951
0.108430
0.011499
0.159444
0.062102
0.086424
0.141966
0.106479
0.241651
0.080243
0.108341
0.206822
0.151690
0.200774
0.259282
0.267453
0.269534
0.151866
0.149898
0.136946
0.057588
-0.013360
0.178003
0.216478
0.163724
0.115845
0.134467
0.081732
0.054603
0.218637
0.235486
0.088767
0.215323
0.164652
0.155467
0.237999
0.206982
0.152665
0.191599
0.005073
0.100472
0.077808
0.069559
0.066268
0.046165
0.012674
0.081871
0.064469
0.057220
0.064512
0.113585
0.115572
0.080099
0.021700
0.097013
0.005369
0.217899
0.111127
0.167073
0.046991
-0.002587
-0.118268
0.003184
-0.016599
0.112783
-0.016345
-0.020150
0.169559
0.076376
0.068139
0.100435
0.099256
0.270617
-0.036908
0.036003
0.144059
0.079324
-0.052776
0.268801
0.131720
0.179499
0.169697
0.208945
0.250865
0.215353
0.161763
0.166982
0.135466
0.185733
0.065259
0.254639
0.213293
0.146006
0.107993
0.186366
0.082001
0.233045
0.064384
0.047200
0.117979
0.184813
0.074297
0.092455
0.017768
0.088841
0.061054
0.119570
0.118147
0.036285
0.134157
0.048627
-0.030679
-0.009961
-0.065016
0.012793
0.035629
0.071395
0.037315
0.028528
0.125782
-0.003956
0.040050
-0.103773
-0.017901
0.081193
0.033551
0.037659
0.064350
0.032300
0.177556
-0.010436
0.124880
0.022797
0.080230
0.050847
0.043026
0.057580
0.039093
-0.045932
0.041375
0.039593
0.124394
-0.025510
-0.005410
0.019220
0.008673
0.014028
0.024832
0.150498
0.032896
0.098796
0.030891
0.032156
0.137866
0.169660
0.115009
0.092541
0.209532
0.216480
0.268079
0.163533
0.240624
0.088332
0.143990
0.319636
0.222427
0.122363
0.069113
0.195908
0.061433
0.144448
0.185840
0.107568
0.138562
0.067716
0.030249
0.040206
-0.003145
-0.042395
0.092903
0.068455
0.126033
0.104960
0.100210
0.160311
0.134430
-0.062469
0.141441
0.118149
0.001802
-0.002020
0.064623
0.110140
0.092887
-0.020495
0.125515
0.126359
0.073303
0.130561
0.162245
0.093525
0.146503
0.217941
0.134591
0.120587
-0.062598
0.163181
0.093656
0.152214
0.140797
0.168521
0.191611
0.162050
0.095836
0.092701
0.045517
0.258140
0.173050
0.214229
0.269759
0.173373
0.093846
0.395402
0.351856
0.288458
0.294525
0.225253
0.205491
0.201701
0.101228
0.033008
0.046834
0.145279
0.076544
0.017156
0.048672
0.041568
0.187690
0.004965
0.136585
0.131601
0.168171
0.068827
0.064147
0.157397
0.067773
0.120897
0.118510
0.050329
0.033982
0.063924
0.147744
0.078505
-0.074261
0.052365
-0.059185
0.096824
0.014355
0.021128
-0.099398
0.019369
0.022557
0.056210
0.035493
0.021069
0.038778
-0.003540
0.022578
0.009163
0.033071
0.043372
0.033824
0.036610
0.051679
0.041608
0.069795
0.196997
0.042993
0.177461
0.170193
0.082456
0.152102
-0.075758
0.085380
0.241885
0.277492
0.383355
0.237822
0.213818
0.228811
0.128700
0.116769
0.211049
-0.022638
0.077210
0.148995
0.179576
0.152651
0.092955
0.128906
0.099893
0.034160
0.134166
0.103691
0.075795
0.071079
-0.005130
0.073959
-0.026527
0.069444
-0.007285
0.022805
0.146623
0.034332
0.097987
0.031439
0.016771
-0.025283
0.054300
0.031350
0.075356
0.060422
0.065827
0.109328
0.055826
0.166894
0.087568
0.126397
0.104153
0.059472
0.149370
0.000609
0.086239
0.059908
0.098070
0.125050
0.195943
-0.038669
0.094886
0.129673
0.028696
0.028230
0.128114
0.040235
-0.004620
-0.018830
-0.000010
-0.029337
0.087819
-0.033998
0.147705
0.034482
0.071260
0.090504
0.125856
0.181381
0.147936
0.080722
0.086662
0.217047
0.143250
0.068395
0.188682
0.071838
0.146266
0.022917
0.029907
0.157162
0.140250
0.130819
0.242776
0.110264
0.195191
0.093232
0.237334
0.216030
0.128622
0.047172
0.125381
0.139864
0.113219
0.133232
0.223721
0.282845
0.188057
0.133060
0.226648
0.166051
0.245078
0.093702
0.270695
0.065704
0.145225
0.143580
0.298746
0.311143
0.340224
0.187358
0.382619
0.184610
0.353281
0.292670
0.202082
0.241409
0.247549
0.260631
0.337139
0.269142
0.268413
0.152765
0.247552
0.243545
0.154179
0.132836
0.137477
0.093246
0.082100
0.071635
0.130163
0.040795
0.122923
0.118876
0.032016
0.075092
0.018126
0.051133
0.018916
0.129708
0.162630
0.058722
0.109622
0.115721
0.107066
0.137149
0.221886
0.267683
0.343940
0.263709
0.433806
0.251174
0.307046
0.256218
0.316882
0.295390
0.256781
0.245228
0.239029
0.264574
0.319601
0.321861
0.345340
0.382026
0.198113
0.279260
0.108179
0.196866
0.005715
0.087779
0.074972
-0.049495
0.059937
0.124427
0.017116
0.067430
-0.020411
-0.123080
0.078565
-0.034292
0.006427
0.062106
0.057599
0.073810
0.128227
0.068062
0.153414
0.100353
-0.069494
0.108183
0.013194
0.036489
0.067185
0.038600
-0.017853
0.133939
0.074221
0.041282
0.167215
-0.037658
0.057275
0.160274
0.215399
0.176513
0.111733
0.154356
0.238051
0.340054
0.263709
0.322916
0.204681
0.279376
0.158299
0.049057
0.146934
0.185464
0.283172
0.175585
0.022107
0.142345
0.259000
0.281735
0.388309
0.249056
0.440089
0.428828
0.418570
0.490084
0.424991
0.343099
0.478518
0.279124
0.514707
0.294756
0.335325
0.277248
0.322627
0.326069
0.589519
0.509390
0.497499
0.500107
0.434345
0.496982
0.348289
0.203253
0.213073
0.173300
0.237871
0.333647
0.138767
0.127767
0.240356
0.160046
0.340051
0.233919
0.244365
0.254073
0.291851
0.223320
0.348812
0.108394
0.291468
0.286369
0.249152
0.023917
0.315284
0.218014
0.338706
0.295641
0.523101
0.485331
0.513545
0.412964
0.533467
0.555985
0.409818
0.337967
0.391359
0.437131
0.577415
0.348422
0.604461
0.584627
0.667785
0.660151
0.752826
0.806413
0.748497
0.615510
0.594173
0.519205
0.674063
0.623761
0.751189
0.728211
0.765631
0.573766
0.679882
0.622473
0.675912
0.725868
0.676240
0.592262
0.669608
0.702224
0.760493
0.639586
0.717831
0.703425
0.752389
0.723499
0.631261
0.634612
0.715797
0.592319
0.571279
0.654300
0.550628
0.514684
0.492493
0.622557
0.536891
0.430257
0.384677
0.337978
0.321780
0.324345
0.256559
0.394834
0.475448
0.367273
0.355031
0.326686
0.368977
0.480364
0.432186
0.455484
0.495312
0.567319
0.729152
0.638943
0.850884
0.760238
0.827561
0.743212
0.737314
0.695302
0.749917
0.783524
0.867679
0.834995
0.760247
0.761432
0.663022
0.543104
0.640618
0.434771
0.446974
0.321894
0.414401
0.319424
0.373057
0.344778
0.272209
0.282016
0.460798
0.272983
0.383076
0.311688
0.175265
0.272922
0.332985
0.234696
0.288260
0.161373
0.304430
0.259029
0.240394
0.257035
0.265401
0.358051
0.255609
0.228620
0.282012
0.300539
0.326981
0.246020
0.221867
0.223594
0.350877
0.317388
0.403007
0.326432
0.285365
0.264331
0.107082
0.193173
0.320385
0.280985
0.278209
0.320623
0.321864
0.296234
0.375522
0.332820
0.316974
0.242407
0.349475
0.239483
0.220580
0.328131
0.140108
0.203281
0.127037
0.169525
0.173398
0.031504
-0.021189
0.050765
-0.005752
0.094907
0.111890
0.053754
0.098454
0.153198
0.283191
0.199375
0.315867
0.198188
0.380997
0.378807
0.512668
0.501410
0.551799
0.493457
0.560967
0.237299
0.454057
0.443089
0.410808
0.218336
0.300250
0.324803
0.376722
0.359934
0.514757
0.378208
0.435701
0.418439
0.506187
0.357796
0.311654
0.237026
0.242897
0.202320
0.242580
0.168752
0.135522
0.228071
0.119333
-0.022836
0.135250
0.102044
0.174531
0.102252
0.146485
0.099578
0.048015
0.231270
0.181338
0.176109
0.199928
0.155159
0.088939
0.044877
0.121560
0.113926
0.060758
0.142330
0.087225
0.062199
-0.007700
0.080510
0.017917
-0.002113
0.095892
-0.012500
0.112873
0.077814
0.031921
0.106518
0.058985
0.081974
-0.031324
0.025001
0.084517
0.107124
0.010981
0.051685
0.033965
0.053433
0.087085
0.040022
0.222782
0.134236
0.226484
0.140774
0.402796
0.210888
0.238058
0.281397
0.246926
0.100684
0.107852
0.131252
0.186720
0.207101
0.254298
0.162038
0.268718
0.231829
0.132985
0.259855
0.210399
0.139546
0.081247
0.093234
0.160815
0.055737
0.129906
0.119611
0.113580
0.175673
0.392301
0.163649
0.333488
0.224197
0.362858
0.309053
0.220433
0.177656
0.333379
0.227038
0.343821
0.325717
0.139847
0.235472
0.243232
0.193641
0.307307
0.236743
0.256797
0.043457
0.175478
0.090670
0.188827
0.186258
0.297581
0.222031
0.214699
0.236610
0.201867
0.089363
0.140504
0.074360
0.227229
0.064562
0.202299
0.120189
0.186843
0.091681
-0.079651
-0.005526
0.075970
-0.054536
0.065147
0.051636
0.089153
0.080972
0.120304
0.104608
0.316011
0.152188
0.179504
0.132821
0.237682
0.038703
0.105136
0.114457
0.123304
0.208373
0.130488
0.184635
0.251538
0.253585
0.191924
0.109411
0.103203
0.124850
0.224298
0.185928
0.261493
0.182470
0.420618
0.423692
0.586417
0.527597
0.459935
0.400625
0.324867
0.387203
0.356532
0.183383
0.289675
0.219785
0.322027
0.200231
0.095688
0.265368
0.266723
0.262120
0.335921
0.252097
0.300540
0.297067
0.167683
0.266219
0.338421
0.267729
0.331980
0.325034
0.315811
0.234892
0.048303
0.259461
0.103830
0.019775
0.063563
0.009095
0.067473
-0.014497
0.075777
0.149607
0.115532
0.100885
0.199896
0.170054
0.130118
0.073670
0.046592
0.069511
-0.022430
0.071540
0.110884
0.048443
0.058607
0.106329
-0.007303
0.076120
0.088900
0.080655
0.056150
0.078907
0.088772
-0.036218
0.107297
0.114628
0.088046
0.183438
0.117958
0.135424
0.021949
0.168570
0.092241
0.003354
0.042204
0.015067
0.025912
0.085172
0.037559
-0.033058
0.092114
0.000496
0.105871
0.021046
0.099091
0.179611
0.039112
0.056829
0.009939
0.112922
0.087008
-0.040947
0.166077
0.160824
0.142699
0.042851
0.060230
0.262763
0.292917
0.284461
0.325536
0.260340
0.364154
0.348602
0.265795
0.162577
0.200380
0.128882
0.170585
0.180567
0.185974
0.136701
0.177296
0.205736
0.114915
-0.064088
0.195983
0.031357
0.363931
0.242226
0.401799
0.319994
0.455139
0.455119
0.405527
0.338627
0.451099
0.294039
0.399202
0.259221
0.262473
0.185553
0.005772
