0.091183
0.103834
0.098553
0.025402
0.127341
0.153059
0.125376
0.050647
0.138432
0.156926
0.012788
-0.009181
0.120039
0.141462
-0.117897
0.088757
-0.002095
0.011168
0.081069
0.136785
0.002713
0.200288
0.063017
0.060003
0.105454
-0.020195
-0.013896
0.110139
-0.030960
-0.046546
0.143102
0.152450
0.140642
0.116363
-0.048491
0.067759
-0.012416
0.173891
0.124837
0.005285
0.086595
0.050715
0.166097
0.294550
0.143632
0.141849
0.192553
0.300787
0.341699
0.394198
0.345771
0.500414
0.356909
0.564195
0.323000
0.577463
0.549825
0.641927
0.414856
0.408749
0.378063
0.416200
0.315538
0.425958
0.390788
0.310821
0.404898
0.440642
0.257246
0.331512
0.409152
0.433549
0.413150
0.294524
0.200820
0.205179
0.135326
0.235239
0.050338
0.105055
0.033484
0.053457
0.007728
0.022403
-0.001223
0.060457
-0.034062
-0.082051
0.064048
0.019604
0.248161
0.307386
-0.039120
0.093990
0.012554
0.055025
0.129153
0.161405
0.030635
0.146967
-0.005526
0.161949
0.024839
0.137213
0.131702
0.111593
0.054667
0.256959
0.040904
0.288247
-0.047191
0.131084
0.085244
0.110498
0.036786
0.036529
0.072924
0.155013
0.106361
0.145776
0.119910
0.149144
-0.022341
0.098626
0.077303
0.180041
0.083427
0.095262
0.120429
0.126186
0.091383
0.280765
0.194206
0.263217
0.230091
0.277140
0.238472
0.274709
-0.016904
0.371345
0.080290
0.206031
0.051664
0.267142
0.372169
0.098601
0.243789
0.147320
0.146128
0.088078
-0.011679
0.130910
0.120721
-0.018566
0.078831
0.017902
0.104571
0.198881
0.137047
0.144547
0.119745
0.233051
0.167799
0.200693
0.200705
0.104102
0.020553
0.198643
0.051753
0.055594
0.088996
0.308222
0.077191
0.032363
0.160180
0.132809
0.019922
0.103338
-0.032084
0.155198
-0.006434
0.026200
0.029609
0.086201
0.037944
0.075353
-0.065481
0.101488
0.127321
0.143569
0.056483
0.212539
0.286290
0.147858
0.082422
0.272293
0.133155
0.101082
0.104450
0.053950
0.095430
-0.006784
0.001589
0.069070
-0.086668
0.024370
0.037833
0.077896
0.039659
0.161286
0.082927
0.088232
0.075515
0.196505
0.174905
0.202374
0.303490
0.313256
0.299299
0.204647
0.118082
0.151989
0.125718
0.271003
0.088391
0.205972
0.015309
0.275238
0.100284
0.185277
0.073218
0.022741
-0.070647
-0.034776
-0.021938
0.133593
0.057850
0.380176
0.114769
0.269467
0.253068
0.383201
0.064883
0.336592
0.304507
0.323660
0.167321
0.408431
0.272149
0.202314
0.268860
0.237314
0.369578
0.235397
0.199134
0.096362
0.139521
0.062045
0.055591
0.015921
0.063856
0.056102
-0.107206
0.013829
0.136788
0.080332
0.019880
0.059236
0.132503
0.077383
0.179532
0.267596
0.113796
0.228660
0.240297
0.017290
0.212450
0.070944
0.123880
0.152052
0.111355
0.085345
0.020677
0.081867
0.054228
0.122504
0.025053
0.037514
0.132146
0.165712
0.369141
0.279070
0.100079
0.360880
0.180961
0.247195
0.157256
0.254428
0.104206
0.126902
0.203888
0.158701
0.281735
0.212102
0.193961
0.203200
0.091490
0.301021
0.059195
0.142570
0.095955
0.106986
-0.062652
-0.111431
0.021429
0.058318
-0.040007
0.109911
0.117466
0.147069
0.103271
0.104845
0.228916
0.206330
0.108190
0.234413
0.001008
0.236366
0.146075
0.350168
0.298522
0.511789
0.348210
0.431807
0.603362
0.680939
0.656211
0.536498
0.624793
0.642051
0.676286
0.529029
0.496297
0.524261
0.237818
0.337452
0.208016
0.245617
0.339007
0.363637
0.476233
0.410716
0.487906
0.421249
0.512921
0.487204
0.469580
0.527961
0.103756
0.428641
0.159556
0.259221
0.235213
0.264182
0.238828
0.420615
0.327745
0.597176
0.479597
0.351615
0.398634
0.155372
0.305267
0.210285
0.102811
0.155426
0.140616
0.119185
0.348903
0.506574
0.326007
0.447075
0.162098
0.453811
0.288303
0.724942
0.637159
0.839454
0.744648
0.938648
0.913889
0.954932
0.943161
0.945366
0.895855
0.924931
0.883754
0.943245
0.921466
0.884790
0.847843
0.842043
0.865915
0.895541
0.877402
0.911368
0.735819
0.916013
0.843688
0.849359
0.807935
0.846943
0.799462
0.864611
0.899832
0.910389
0.907855
0.919123
0.878225
0.927896
0.896907
0.927411
0.860207
0.899473
0.812097
0.833937
0.676466
0.724921
0.746330
0.617517
0.566201
0.460645
0.500160
0.678053
0.622175
0.607731
0.466519
0.642984
0.502533
0.624418
0.555311
0.571129
0.471302
0.477902
0.540154
0.465869
0.439313
0.608667
0.647466
0.571948
0.546360
0.427582
0.531258
0.516718
0.478019
0.433626
0.639433
0.521075
0.529145
0.294372
0.235519
0.077786
0.020192
0.068385
-0.080991
0.082192
0.140825
0.240993
0.078854
0.220200
0.189068
0.230624
0.333256
0.441782
0.126114
0.389324
0.255046
0.363677
0.196719
0.384947
0.294385
0.279918
0.306464
0.312141
0.341506
0.533220
0.479221
0.749663
0.790170
0.690385
0.721605
0.810157
0.743995
0.823366
0.799280
0.857897
0.812404
0.855188
0.883018
0.931808
0.904440
0.952893
0.896005
0.953297
0.941103
0.954936
0.965425
0.971605
0.933731
0.957511
0.956545
0.983795
0.976531
0.937867
0.938509
0.884904
0.861545
0.888700
0.805072
0.872433
0.852484
0.837146
0.731299
0.825337
0.694567
0.880099
0.760289
0.906057
0.911282
0.944972
0.955367
0.960994
0.943687
0.966875
0.906495
0.951303
0.961087
0.927601
0.941942
0.913077
0.941514
0.933915
0.926472
0.933347
0.902649
0.920057
0.871189
0.900010
0.827457
0.864902
0.845551
0.906952
0.893503
0.901813
0.827662
0.861638
0.871679
0.854405
0.842607
0.830010
0.829654
0.901822
0.792314
0.898054
0.857911
0.951474
0.886217
0.975111
0.933717
0.960807
0.949461
0.893881
0.890640
0.912042
0.935722
0.950622
0.951889
0.945912
0.942848
0.957360
0.975651
0.953615
0.942829
0.955505
0.932024
0.958023
0.934283
0.969014
0.923129
0.969449
0.966543
0.976458
0.955402
0.953756
0.956702
0.962241
0.939469
0.937856
0.910143
0.925095
0.908251
0.912959
0.922159
0.904319
0.945051
0.952294
0.930358
0.978607
0.947002
0.945469
0.938190
0.958199
0.958059
0.965887
0.929297
0.967357
0.949019
0.936654
0.849583
0.875992
0.842146
0.813988
0.847826
0.822566
0.815715
0.883958
0.905579
0.919356
0.936284
0.931248
0.864270
0.839609
0.801333
0.620875
0.603722
0.486278
0.422151
0.558453
0.460011
0.584294
0.589871
0.588209
0.564455
0.705089
0.543861
0.595428
0.598610
0.624073
0.557170
0.579176
0.591834
0.626454
0.653943
0.722924
0.496439
0.734755
0.717559
0.695275
0.566069
0.559505
0.494918
0.495000
0.547128
0.697579
0.556852
0.656137
0.512172
0.775374
0.675796
0.730159
0.706452
0.710549
0.729290
0.838723
0.784328
0.890112
0.859689
0.927396
0.869910
0.957218
0.954966
0.933931
0.954809
0.957186
0.903623
0.970715
0.937596
0.957814
0.965573
0.944409
0.924246
0.942630
0.914107
0.925527
0.845786
0.881238
0.788125
0.871882
0.822448
0.900747
0.900645
0.935874
0.951385
0.974556
0.936858
0.872101
0.847454
0.666311
0.720226
0.785381
0.595522
0.442832
0.269383
0.452813
0.233482
0.555954
0.404604
0.340483
0.187043
0.141823
0.210673
0.124941
0.196124
0.032190
0.037793
0.097108
0.211571
0.066996
0.235805
0.050968
0.128198
0.244400
0.056601
0.075325
0.081083
0.033816
0.078125
0.132852
0.080577
0.171146
0.013696
0.087330
0.067728
0.193356
0.100037
0.111498
0.022399
0.115780
0.109751
-0.016953
0.005691
0.142647
0.114938
0.204683
0.101224
0.063889
0.167723
0.143043
0.135333
0.050333
0.015982
0.242786
-0.066741
0.258119
0.321883
0.211384
0.125315
0.225013
0.063003
0.359175
0.169715
0.174972
0.212332
0.299994
0.096288
0.341936
0.169953
0.209366
0.083304
0.296322
0.204474
0.298702
0.162891
0.442819
0.072005
0.186689
0.111320
0.067672
0.188365
0.109680
0.210858
0.283320
0.086848
0.258993
0.132953
0.170785
0.060078
0.078901
0.071299
0.171148
0.164595
0.205372
0.300896
0.234766
0.056552
0.293458
0.140902
0.259534
0.316650
0.278649
0.134422
0.327472
0.142186
0.268099
0.095245
0.252403
0.064050
0.235328
0.304285
0.440951
0.360213
0.608905
0.328726
0.464824
0.290575
0.445885
0.411784
0.417829
0.379605
0.580965
0.520457
0.771155
0.696817
0.652646
0.702102
0.741478
0.720995
0.747854
0.781301
0.802584
0.572650
0.732395
0.755358
0.599142
0.728015
0.750790
0.625159
0.817012
0.752017
0.855083
0.810711
0.873225
0.875458
0.835171
0.848015
0.879713
0.778728
0.834558
0.821157
0.726127
0.647810
0.788030
0.790309
0.862786
0.896528
0.806150
0.701529
0.693947
0.661798
0.715735
0.587907
0.571034
0.601297
0.609316
0.542872
0.466317
0.404694
0.442765
0.370279
0.552497
0.441018
0.486909
0.464306
0.418900
0.263514
0.458724
0.436269
0.480367
0.315822
0.305649
0.344811
0.304584
0.291898
0.079758
0.211527
0.104660
0.110098
0.160236
0.234152
0.171043
0.130358
0.217233
-0.031282
0.192841
0.117576
0.242332
0.148424
0.301010
0.206438
0.346978
0.413705
0.544892
0.550403
0.562333
0.334198
0.376207
0.256023
0.359607
0.126357
0.221826
0.114111
0.271487
0.100797
0.343472
0.189326
0.466192
0.319590
0.507746
0.497759
0.526783
0.457681
0.607329
0.497233
0.538757
0.503923
0.449274
0.529901
0.160927
0.288310
0.375628
0.196552
0.418435
0.054332
0.196699
0.260188
0.068197
0.165993
0.028519
0.137416
0.167207
0.027728
0.222160
0.176391
0.077895
0.169331
0.195363
0.028282
0.106450
-0.010459
0.148265
0.139710
0.245267
0.055586
0.244278
0.267183
-0.002164
0.182255
0.059943
0.074880
0.007796
-0.081724
0.087365
-0.046742
0.054281
0.119187
0.142323
0.137367
0.132715
0.169497
0.112216
0.142105
0.126648
0.014369
0.033286
0.021044
0.073930
0.107376
-0.069402
0.098393
0.189571
0.132859
0.059870
0.125250
0.061110
0.306382
0.009254
0.311306
0.137765
0.082860
0.154954
0.014921
0.158044
0.015223
0.172104
0.075416
0.203984
0.093857
0.175730
0.200431
0.151945
0.191045
0.177599
0.183941
0.212890
0.176641
0.199534
0.171240
0.189461
0.259035
0.289535
0.099087
0.177502
0.152769
-0.001273
