0.081416
0.070709
0.135660
0.022954
0.163330
0.094488
0.087023
0.023127
0.012144
0.036325
0.087140
-0.040594
0.061982
0.051483
0.071642
0.002506
-0.050101
0.091833
0.083103
0.121133
0.138716
0.151647
0.175015
0.175356
0.186107
0.068693
0.060681
0.056089
0.172009
0.008294
0.047399
0.038356
0.001973
0.135899
0.089095
0.118649
0.157518
0.184349
0.160037
0.078993
0.092743
0.031889
0.065436
0.076711
-0.021501
0.047221
0.109627
0.120782
0.131654
0.000114
0.105363
0.061460
-0.026665
0.090970
0.021230
0.020436
0.104004
0.032830
0.058496
0.148065
-0.014464
0.059719
0.094289
0.006071
0.056553
0.116572
0.160305
0.048383
0.129341
0.060193
0.083385
0.033997
0.054920
0.019585
0.139396
-0.026782
0.143839
0.216570
0.032041
0.138489
0.171478
0.312890
0.324693
0.186590
0.236529
0.360627
0.243144
0.295135
0.249843
0.208226
0.161522
0.189130
0.306041
0.304878
0.264677
0.377640
0.256216
0.298968
0.204433
0.207739
0.188386
0.292801
0.142584
0.333859
0.307867
0.269805
0.174337
0.134760
0.139798
0.168364
0.126489
0.044464
0.134410
0.104524
-0.001449
0.067902
0.050267
0.181948
0.093214
0.180017
0.130744
0.118410
0.094892
0.059664
0.029953
0.100791
0.064519
0.016529
0.039390
0.001758
0.030224
0.091491
0.034211
-0.007235
-0.008103
-0.040620
0.004924
0.052537
0.091139
0.099350
0.086867
-0.045444
0.027281
0.043495
0.025919
-0.016501
0.002866
0.080075
-0.003811
0.099645
0.119583
0.074463
0.122191
0.003099
0.074922
0.186634
0.043938
-0.072826
0.077122
0.082856
0.061896
-0.114846
0.144343
-0.046685
-0.017262
0.075154
0.066333
0.137544
0.041198
-0.027269
0.097878
0.059437
-0.019937
0.090301
0.064611
0.051067
0.153990
-0.044515
0.027772
-0.015039
0.012248
0.084741
-0.027802
0.068113
0.063918
-0.053489
0.055968
0.092340
0.042778
0.067204
0.045325
0.081744
0.046775
0.017980
0.020302
0.044471
0.146097
0.128055
0.107329
0.098303
0.118818
0.111008
0.303190
0.211827
0.120569
0.391444
0.380770
0.578054
0.393841
0.433753
0.419904
0.310504
0.349354
0.563334
0.284551
0.336111
0.323693
0.308009
0.288487
0.483570
0.405743
0.532943
0.507967
0.613535
0.595968
0.445405
0.597141
0.417400
0.428861
0.366916
0.366218
0.103756
0.105656
0.124486
0.077175
0.160341
0.170856
0.096645
0.149647
0.142434
0.169334
0.201683
0.228699
0.055588
0.073122
0.076461
0.082129
0.116517
0.170376
0.177006
0.042291
0.084247
0.057820
0.121916
0.173050
0.387568
0.359465
0.436330
0.477600
0.421573
0.357765
0.263513
0.104500
0.279654
0.168302
0.192450
0.201003
0.251647
0.156159
0.282266
0.164907
0.249557
0.137738
0.262373
0.195808
0.182411
0.233544
0.371442
0.352086
0.455911
0.389246
0.385828
0.311832
0.420237
0.360964
0.431149
0.209120
0.309626
0.233680
0.407146
0.320035
0.399655
0.421574
0.261346
0.297563
0.281968
0.261728
0.193767
0.245772
0.212517
0.205413
0.397377
0.104235
0.303585
0.150131
0.140389
0.070053
0.062297
0.128169
0.004180
0.053509
0.059491
0.033993
0.050087
0.087344
0.063227
0.117571
0.171132
0.134684
0.015841
0.015794
0.076926
0.040078
-0.056626
0.030854
0.048529
0.054124
0.134161
0.047702
0.120020
0.051704
0.214340
0.103704
0.123872
0.005068
0.093806
0.067353
0.203818
0.174596
0.151145
0.197909
0.131774
0.181073
0.186093
0.125082
-0.008248
0.158069
-0.038221
0.153996
0.010776
0.132838
0.053488
0.097221
0.049760
0.068394
0.075629
0.079496
0.079015
0.047437
0.113110
0.139696
0.149617
0.081276
0.157098
0.106883
0.104496
0.130750
0.105870
0.072955
-0.041930
0.014009
-0.041147
0.050005
0.107763
0.040163
0.042399
0.050518
0.022940
0.068066
0.028600
0.022213
0.032868
0.074531
0.097094
0.087999
0.107055
-0.028878
-0.031276
0.078549
0.116356
0.087747
0.022065
0.121643
0.063726
0.137640
0.045440
-0.057572
0.016298
0.013850
0.057372
0.085693
-0.059413
0.125083
0.035047
0.116533
0.056658
0.056624
-0.003769
0.021691
-0.021944
0.053227
0.022283
0.033011
0.052374
0.092772
0.222048
0.232558
0.258583
0.230580
0.266241
0.135458
0.283062
0.100232
0.287881
0.209199
0.325872
0.278579
0.206921
0.318808
0.353662
0.282310
0.389433
0.257252
0.247732
0.294400
0.185165
0.230614
0.272238
0.129828
0.366708
0.213923
0.360211
0.117800
0.309407
0.251786
0.275047
0.291706
0.458450
0.405210
0.377619
0.255775
0.337088
0.211640
0.349004
0.182895
0.281992
0.228240
0.313131
0.139370
0.057890
0.163942
0.080791
0.131020
0.055628
0.147341
0.144692
0.130499
0.044134
0.057386
0.033366
0.044474
0.078449
0.039653
0.140281
0.065247
0.030122
0.088296
0.065572
0.145409
0.100208
0.232860
0.378969
0.338284
0.517700
0.364462
0.508612
0.563972
0.629849
0.639414
0.556040
0.574867
0.666064
0.568073
0.840128
0.698734
0.788845
0.853770
0.847149
0.857820
0.863144
0.836742
0.900950
0.806315
0.926866
0.881854
0.897032
0.916259
0.913070
0.885563
0.912299
0.917914
0.959852
0.938227
0.952954
0.944827
0.953955
0.917050
0.968903
0.948193
0.950673
0.946516
0.968609
0.940954
0.965346
0.951769
0.977330
0.969172
0.988100
0.973189
0.986439
0.983882
0.990591
0.981915
0.995736
0.991694
0.995844
0.995980
0.995692
0.992554
0.995333
0.989982
0.993715
0.983962
0.984827
0.981514
0.974110
0.982168
0.984045
0.972638
0.988239
0.970799
0.984494
0.976082
0.977158
0.976197
0.969527
0.940430
0.953855
0.926353
0.918439
0.889401
0.829562
0.879742
0.801161
0.733979
0.787962
0.684395
0.629920
0.611932
0.672617
0.693812
0.636624
0.572821
0.506337
0.498439
0.471777
0.486005
0.374833
0.311453
0.207498
0.288617
0.157439
0.218086
0.266190
0.210978
0.301824
0.350683
0.368878
0.244731
0.307945
0.247703
0.273486
0.346249
0.314941
0.250088
0.444550
0.473708
0.366280
0.453547
0.636507
0.590757
0.582085
0.485600
0.579652
0.533136
0.417689
0.397676
0.481399
0.576291
0.522318
0.532759
0.501952
0.647048
0.650725
0.560425
0.825532
0.713086
0.808629
0.735112
0.778002
0.699093
0.903263
0.857385
0.958008
0.962910
0.956202
0.973329
0.978594
0.972162
0.980011
0.945718
0.964185
0.926063
0.960948
0.940350
0.982763
0.966661
0.978390
0.981596
0.985913
0.980883
0.983474
0.973984
0.984945
0.973541
0.980775
0.978866
0.982007
0.977624
0.967929
0.955336
0.949147
0.931174
0.976451
0.959567
0.985666
0.981199
0.986224
0.990211
0.991133
0.979596
0.979052
0.967882
0.976483
0.974925
0.977509
0.953214
0.950521
0.899638
0.942828
0.941264
0.947243
0.955910
0.925384
0.887678
0.878340
0.854444
0.872123
0.764965
0.855044
0.739610
0.871867
0.836478
0.811813
0.775605
0.886512
0.893129
0.915665
0.885184
0.924177
0.928592
0.941063
0.916277
0.932490
0.865952
0.914072
0.906713
0.902098
0.894504
0.814622
0.748878
0.843931
0.778213
0.818352
0.780697
0.819599
0.807290
0.772868
0.831500
0.870383
0.752380
0.817335
0.739659
0.750633
0.754271
0.772985
0.726506
0.816982
0.764588
0.825560
0.775828
0.803058
0.768364
0.770272
0.777771
0.782058
0.732629
0.802700
0.697629
0.787530
0.786933
0.797032
0.638238
0.757785
0.722807
0.845369
0.800832
0.841142
0.790425
0.871855
0.822411
0.923882
0.879378
0.919201
0.919780
0.875561
0.860248
0.869244
0.840431
0.867103
0.841339
0.906144
0.874603
0.867134
0.896737
0.875660
0.863482
0.923555
0.799151
0.902430
0.807130
0.903792
0.880310
0.917693
0.853701
0.920629
0.930364
0.970783
0.957897
0.958477
0.954910
0.947902
0.928444
0.946367
0.927725
0.921607
0.886411
0.834939
0.829835
0.721335
0.687556
0.728391
0.546336
0.515153
0.390020
0.579343
0.603284
0.699649
0.611859
0.748368
0.625062
0.849005
0.789912
0.881251
0.817438
0.897990
0.879370
0.895100
0.804019
0.876652
0.870048
0.689986
0.808597
0.719223
0.705935
0.697426
0.621879
0.581638
0.518109
0.364827
0.452574
0.395433
0.205690
0.328767
0.271342
0.268289
0.226596
0.242023
0.138293
0.202325
0.335746
0.319408
0.341944
0.424969
0.269574
0.459459
0.426154
0.538837
0.338188
0.288131
0.202137
0.416127
0.508991
0.327884
0.373269
0.419407
0.192529
0.328371
0.159474
0.323825
0.222264
0.558110
0.299912
0.496106
0.288421
0.258851
0.339706
0.261170
0.273073
0.252263
0.295983
0.293006
0.135035
0.262793
0.172224
0.298376
0.223703
0.148016
0.230548
0.018142
0.076319
0.088015
0.099285
0.102116
0.038670
0.178101
0.128250
0.044223
0.106777
-0.011316
0.134468
0.105827
0.111529
0.139784
0.020202
-0.054313
0.003570
0.049830
-0.011082
0.015405
0.058166
0.009063
-0.021812
0.076461
0.033760
0.105426
0.129534
0.199740
0.101853
0.036637
0.020638
0.121902
-0.025001
0.019908
0.092208
0.160465
0.138480
0.113898
-0.003402
-0.024481
0.003732
0.058414
0.082365
-0.015691
0.061221
-0.011243
0.091671
-0.134457
0.039413
0.053385
0.062887
-0.014060
0.011532
0.103941
0.110548
0.092331
0.059221
0.145165
0.108113
0.085326
0.178081
0.069749
0.045656
0.126721
0.151769
0.133756
0.130227
0.273677
0.183022
0.194033
0.216874
0.150042
0.198239
0.080510
0.099451
0.038070
0.011109
0.025010
0.047140
0.242041
0.060097
0.265845
0.153374
0.341777
0.322583
0.144905
0.186800
0.122918
0.173424
0.092724
0.116438
0.085951
-0.032144
0.127133
0.104901
0.065242
0.166671
0.231001
0.080715
0.026858
0.134014
0.154005
0.081484
0.064014
0.171631
0.207302
0.149785
0.278697
0.260769
0.272741
0.103173
0.125850
0.101461
0.204687
0.022381
0.190343
0.188181
0.061622
0.177230
0.166635
0.189225
0.245292
0.051940
0.065253
0.123526
0.040594
0.088878
0.050380
-0.019624
0.154462
0.071816
0.197751
0.207291
0.280004
0.267640
0.167371
0.158827
0.149519
0.179384
0.344070
0.157232
0.153923
0.088347
0.046489
0.111929
-0.018917
0.136130
0.062753
0.021206
0.033603
-0.003862
0.135637
0.069210
0.063150
0.151592
0.096821
0.067583
0.145626
0.180787
0.139243
0.090190
0.151405
0.125020
-0.012059
