0.066305
0.236909
0.295389
0.168858
0.304144
0.280402
0.172250
0.224448
0.118742
0.206170
0.040207
0.109240
0.032773
0.237866
0.081055
0.297767
0.135020
0.271266
-0.029466
0.164194
0.115192
0.290994
0.116184
0.163855
0.146542
0.280340
0.086955
0.300169
0.106916
0.193711
0.288442
0.351051
0.378736
0.289634
0.197507
0.010750
0.068444
0.139725
0.002070
-0.036204
0.105508
0.000116
0.034141
0.166802
0.029845
0.013407
0.122816
-0.020023
0.076177
0.134160
0.063439
0.093376
0.085012
0.150214
-0.004631
0.036177
-0.006832
0.021447
0.041097
0.048612
0.020553
0.129938
0.013973
0.040398
0.062287
0.003921
-0.025593
0.000861
0.126090
0.006877
-0.068742
0.042469
0.072310
-0.093671
0.002888
0.062387
-0.028893
0.116075
0.051694
0.102627
-0.010069
0.096936
-0.083119
-0.032273
0.117715
0.053549
0.036162
0.098470
0.078688
0.111138
0.033141
-0.160368
0.046937
0.113331
0.124762
0.142177
0.093760
0.170550
0.132744
0.098540
0.193807
0.251654
0.181395
0.162602
0.130216
0.076106
0.106578
0.080179
0.026867
0.133132
0.156094
0.173250
0.123835
0.099703
-0.022942
0.163113
0.007706
0.229929
0.010403
0.062259
0.015228
0.084931
0.029816
0.063908
0.051190
0.122115
0.102760
-0.024108
0.120106
0.081735
0.067921
0.023100
0.085808
0.013216
0.046858
0.101537
0.045133
-0.054694
-0.010629
0.109821
0.019165
0.201841
-0.010982
0.141734
0.046672
0.120244
0.066437
-0.013170
0.104227
0.163506
0.007736
0.166208
0.024387
0.099744
0.049765
0.086825
0.119629
0.149295
0.015460
0.098725
0.019212
0.054118
-0.028750
0.104392
-0.005657
0.074011
0.010099
0.154158
0.130291
0.021987
0.162824
0.303031
0.115118
0.130467
0.055996
0.143290
0.125285
0.224850
0.153030
0.099409
0.232352
0.099887
0.012297
0.062034
0.064597
0.076286
0.032520
0.053954
0.077909
0.178335
0.055267
0.257846
0.031224
0.049629
0.024051
-0.003964
0.060252
0.100532
0.026825
0.106963
0.094589
0.064760
0.106763
0.037099
0.041131
0.163249
0.020166
0.209235
0.179146
-0.034232
0.124038
0.046476
0.046322
0.100745
0.021093
-0.030037
0.102119
0.131820
0.050397
-0.050499
0.049019
0.148578
0.082173
0.092663
0.231486
-0.035837
0.069215
0.100659
0.116067
0.059003
0.053065
0.221584
0.128329
0.053903
0.041544
0.037499
0.093329
0.128761
0.043329
-0.043835
-0.047357
0.167524
0.041421
0.123374
0.098523
0.043301
0.031456
0.035670
0.091959
-0.002088
0.121028
0.148869
-0.023832
0.002554
0.098417
0.258378
0.140068
0.067596
0.135807
0.143599
0.115754
-0.057308
0.028381
0.101000
0.048344
0.131065
0.049701
0.009495
-0.019767
0.010693
-0.028770
-0.008379
0.027744
0.181856
0.048167
-0.090772
0.157278
-0.002424
0.090017
0.096704
0.031759
0.014590
0.182384
0.080561
0.079770
0.190429
0.112347
0.218715
0.118636
0.213580
0.131411
0.253177
0.314880
0.299695
0.341192
0.242615
0.352510
0.164780
0.308796
0.150732
0.082549
0.311595
0.074856
0.315579
0.408652
0.321080
0.293496
0.218879
0.267288
0.246760
0.101980
0.174432
0.033995
0.062786
0.151385
0.224279
0.049197
0.383851
0.286616
0.432944
0.415758
0.421325
0.450497
0.351787
0.380181
0.398719
0.191113
0.254122
0.235362
0.416431
0.279317
0.464651
0.216485
0.224033
0.333016
0.372269
0.264051
0.303925
0.251605
0.123428
0.171416
0.159828
0.043699
0.185881
0.126738
0.023603
0.024834
0.150118
0.001908
0.071686
0.088404
0.088461
0.161759
0.258624
0.217715
0.362396
0.370523
0.448960
0.110919
0.318169
0.312401
0.258270
0.225357
0.123955
0.311860
0.339985
0.258747
0.478770
0.361321
0.429617
0.298624
0.294203
0.219266
0.299978
-0.001066
0.205776
0.003809
0.003598
0.035714
0.261521
0.167085
0.148741
0.183032
0.031921
0.203176
0.037254
-0.013019
0.109262
0.159528
0.075895
0.161130
0.038302
0.107576
0.124578
0.137862
0.096491
0.015410
0.178575
0.111420
0.036543
0.151938
0.159767
0.086526
0.120920
0.071436
0.157482
0.096164
0.137452
0.215180
0.170978
0.281211
0.310120
0.265617
0.228733
0.197235
0.320985
0.135677
0.200076
0.179574
0.058734
0.022359
0.026518
0.149847
0.076988
0.241976
0.139690
0.158178
0.102607
0.262470
-0.028675
0.085376
0.119765
0.029572
0.111444
0.138106
0.092424
0.150053
-0.029757
0.069056
0.174905
0.107283
0.043211
0.015731
0.286832
-0.028550
-0.017997
0.121848
0.046021
0.022321
0.045395
0.109275
0.110382
0.257547
0.094622
-0.019694
0.261023
0.153748
0.171978
0.194765
0.166717
-0.082239
0.082484
0.231023
0.172823
0.241763
0.351390
0.255292
0.396696
0.248152
0.463789
0.345690
0.353139
0.294004
0.534303
0.468477
0.615034
0.600415
0.577014
0.647749
0.707137
0.738642
0.746028
0.667784
0.751027
0.700157
0.792096
0.812264
0.862045
0.753679
0.832090
0.862059
0.876389
0.869740
0.860127
0.874057
0.933312
0.861749
0.881795
0.874050
0.818090
0.717411
0.830383
0.666840
0.833453
0.785086
0.781234
0.786489
0.760076
0.753735
0.825492
0.744303
0.715451
0.667018
0.736490
0.811097
0.889534
0.845869
0.934289
0.903780
0.971015
0.951357
0.972439
0.931501
0.910031
0.872700
0.910900
0.914812
0.965384
0.937464
0.942018
0.955191
0.932953
0.916862
0.918212
0.876951
0.833113
0.876941
0.913304
0.850141
0.899965
0.843141
0.899091
0.862869
0.921896
0.894882
0.900331
0.909784
0.909313
0.891718
0.926669
0.903828
0.947692
0.939310
0.930017
0.944486
0.927827
0.896830
0.907902
0.852595
0.859223
0.850453
0.902551
0.863127
0.932152
0.848097
0.952155
0.897536
0.956273
0.932307
0.958044
0.909879
0.903269
0.893516
0.928431
0.912801
0.967594
0.947651
0.971544
0.972349
0.972193
0.975488
0.976165
0.964335
0.956424
0.950097
0.962476
0.950702
0.970580
0.967149
0.978802
0.964179
0.986003
0.973951
0.989178
0.984872
0.992095
0.990885
0.994391
0.991344
0.995194
0.987046
0.990603
0.985752
0.972874
0.962216
0.976223
0.962907
0.963513
0.955409
0.953993
0.962061
0.965082
0.966560
0.960271
0.932110
0.957021
0.927886
0.909308
0.905642
0.904031
0.806247
0.947460
0.914652
0.956697
0.959432
0.938423
0.920358
0.898016
0.905581
0.948622
0.899633
0.896072
0.797083
0.779087
0.672248
0.707657
0.652476
0.660552
0.665300
0.454920
0.445624
0.479478
0.455895
0.546839
0.498857
0.598485
0.451746
0.669840
0.517373
0.458050
0.550273
0.624235
0.615794
0.609048
0.607920
0.658292
0.671804
0.706628
0.663699
0.646578
0.586784
0.797971
0.583865
0.734929
0.736888
0.809315
0.779824
0.841619
0.812701
0.853600
0.784677
0.915968
0.901875
0.935379
0.939811
0.922908
0.933214
0.950175
0.912253
0.977869
0.955750
0.979740
0.967832
0.966807
0.958062
0.969405
0.975641
0.988036
0.980704
0.980208
0.979911
0.980506
0.963619
0.967063
0.919125
0.920150
0.910471
0.923740
0.892914
0.907580
0.894185
0.929676
0.922431
0.959057
0.960981
0.942789
0.958073
0.966128
0.959502
0.985009
0.955939
0.977608
0.977671
0.934242
0.954598
0.931105
0.893517
0.943665
0.871062
0.870587
0.855130
0.670748
0.656695
0.650975
0.619306
0.615760
0.590908
0.402798
0.333558
0.488688
0.479304
0.609488
0.499619
0.531837
0.551884
0.684319
0.588437
0.655856
0.570029
0.605205
0.602411
0.689991
0.508925
0.871852
0.763605
0.776775
0.710277
0.510182
0.737514
0.431857
0.443114
0.548410
0.470895
0.559008
0.601910
0.403625
0.489736
0.591656
0.378357
0.515636
0.554150
0.532658
0.340777
0.337838
0.368765
0.427491
0.332209
0.518452
0.604006
0.402420
0.213222
0.440058
0.468225
0.145643
0.230313
0.262529
0.159470
0.217508
0.252798
0.271899
0.242704
0.465487
0.323095
0.500576
0.297867
0.442897
0.504694
0.609919
0.537422
0.706313
0.522767
0.792330
0.692378
0.764051
0.802544
0.675920
0.740505
0.670844
0.618373
0.586708
0.554454
0.585432
0.634381
0.580663
0.479902
0.695949
0.406192
0.786382
0.573573
0.646701
0.708772
0.702001
0.713330
0.774192
0.623328
0.781068
0.638487
0.736654
0.547800
0.540493
0.569560
0.480083
0.448042
0.464864
0.407038
0.390171
0.454274
0.409247
0.312182
0.450322
0.341937
0.635723
0.660087
0.604894
0.659864
0.783094
0.617979
0.652897
0.549698
0.651395
0.546856
0.555751
0.347432
0.432208
0.334462
0.426067
0.321365
0.368125
0.373731
0.210463
0.254612
0.178014
0.158340
0.102820
0.188737
0.199821
0.035896
0.085274
0.060420
0.112788
0.038102
0.085323
0.150586
-0.022835
0.015512
-0.055015
-0.019493
-0.006092
-0.035132
0.033697
0.072550
-0.006295
0.126054
-0.064029
-0.020830
0.052934
-0.020730
0.059732
-0.056434
-0.054024
-0.091560
0.001296
0.107773
0.068970
-0.025588
-0.065194
-0.014966
-0.008693
0.008931
-0.024189
-0.001585
-0.069790
-0.013432
0.000157
0.048142
0.092835
-0.039910
-0.029073
0.108195
0.102326
0.059004
0.123117
-0.030334
0.087901
0.049702
-0.037304
-0.069704
0.007325
-0.094393
0.128252
-0.054821
0.075674
0.022580
0.156632
0.006816
0.243588
0.158901
0.128195
0.028742
0.302347
0.232675
0.273721
0.307814
0.490697
0.245816
0.348579
0.312143
0.557339
0.650656
0.337445
0.455686
0.234873
0.228200
0.428471
0.254722
0.163759
0.306247
0.149606
0.147757
0.221613
0.095775
0.198361
0.040045
0.144493
0.126610
0.122346
0.114347
0.194034
0.161687
0.072085
0.057837
0.301425
0.101452
0.256843
0.107298
0.201186
0.038822
-0.075748
0.108971
-0.002414
0.046175
0.052145
0.139063
0.021891
0.058367
0.115878
0.015245
0.129460
0.027312
0.167310
-0.012575
0.130863
0.057293
0.032929
0.062378
0.179907
0.146162
0.129974
0.065977
0.078055
0.062832
0.084265
0.036021
0.086652
0.065657
0.138280
0.033259
-0.018763
0.048363
-0.061916
0.064110
-0.022844
-0.073472
0.036549
-0.000156
0.040099
-0.011026
0.074257
0.027002
0.142864
0.035488
0.126437
-0.080534
-0.024202
0.188901
0.303690
0.118835
0.133469
0.070582
0.201351
0.017640
0.139955
0.061501
-0.023983
0.071987
0.092967
0.106947
0.129094
0.149348
0.150699
0.094298
0.180981
0.137784
0.107175
