0.047517
0.119309
0.126792
0.047058
0.105601
0.046698
0.100548
0.061306
0.152125
0.110814
0.109705
-0.102115
0.055764
0.057259
0.051258
0.060747
0.127266
0.177059
0.107583
0.027786
0.108757
0.155088
-0.005930
0.040688
0.004818
0.086393
0.043074
0.255310
0.075778
-0.010842
0.063792
0.148359
0.072126
0.181482
0.065644
0.190279
0.230168
0.101600
0.180751
0.219565
0.135203
0.222588
0.124795
0.121750
0.126163
0.072117
0.033127
0.133575
0.112764
0.103285
0.199345
0.193005
0.062166
0.071172
-0.079067
0.225814
0.032933
0.192422
-0.015017
0.086358
0.031925
0.146775
-0.046772
0.119363
0.009676
-0.009376
0.070033
0.014365
0.194054
0.129469
0.133407
0.057036
0.066749
-0.008146
0.017207
0.178727
-0.047486
0.035524
0.002341
0.108080
0.007587
0.054906
0.044802
0.065977
0.023172
0.081339
-0.065378
0.007325
0.025330
-0.043348
0.049556
0.239193
0.025824
0.137373
0.044379
0.150559
0.149017
0.115015
0.285404
0.426327
0.187302
0.259570
0.115463
0.180428
0.225494
0.183504
0.138409
-0.008778
0.103052
0.223449
0.173390
0.077182
0.092546
0.167897
0.079568
0.045936
0.227318
0.045329
-0.071914
0.104388
0.098039
0.024768
0.024784
0.115863
-0.029062
0.031681
0.075543
0.044628
0.041898
0.195503
0.111059
0.119226
0.126593
0.138823
-0.008741
0.144751
0.057097
0.167891
0.025622
-0.004103
0.120916
0.138940
-0.023156
0.072065
0.032413
0.206558
0.161353
0.231721
0.209176
0.258799
0.127479
0.447215
0.363928
0.523165
0.348707
0.191747
0.323561
0.312800
0.299994
0.262033
0.188704
0.194417
0.230877
0.249993
0.135066
0.266843
0.190114
0.539666
0.338654
0.423221
0.306863
0.492913
0.303445
0.392227
0.241168
0.265773
0.190324
0.098423
0.230625
0.150003
0.103763
0.139557
0.086523
0.216369
0.148219
0.130932
0.059309
0.308276
0.181106
0.149901
0.069482
0.282585
0.167491
0.223722
0.056895
0.014326
0.130167
0.177472
0.140792
-0.001701
0.088484
0.140434
-0.048706
0.253627
0.088322
-0.013715
0.041839
0.128300
0.061494
0.069752
-0.060255
0.148094
0.124437
0.017837
0.161301
0.222616
0.215278
0.168439
0.101410
0.227636
-0.038494
0.251270
0.262743
0.237555
0.328874
0.232152
0.195107
0.077705
0.049454
0.120569
-0.051526
0.060150
0.098756
0.010505
0.093735
0.120284
0.062628
0.284708
0.114197
0.077092
0.128847
0.074522
0.131115
0.072209
0.127005
0.232632
0.107797
0.173308
0.138185
0.070377
0.231243
0.376930
0.212433
0.333339
0.337785
0.477956
0.333588
0.276117
0.187745
0.301725
0.300943
0.207056
0.165059
0.188579
0.237349
0.209189
0.284352
0.227060
0.186552
0.233129
0.125728
0.096423
0.038807
0.086711
0.111614
0.043510
0.069980
0.026283
-0.012596
0.189004
0.068883
0.121723
0.045958
0.065468
0.157969
0.145093
0.006685
0.140202
0.088269
0.090907
0.268194
0.234863
0.225053
0.277088
0.139956
0.307168
0.211439
0.238423
0.231895
0.059543
0.094030
0.107026
0.184846
0.153215
0.102928
0.046233
-0.070191
0.090152
0.054403
0.057394
-0.031368
0.056324
0.124960
0.151313
0.045255
0.089804
0.054517
0.061473
0.039555
0.064713
0.024207
0.058387
0.041111
0.022470
0.176021
0.132029
-0.008379
0.160137
0.042729
0.097874
0.088651
0.283980
0.045087
0.174245
0.065691
0.105378
0.026089
-0.042547
0.011042
-0.006172
-0.030048
0.024960
0.028124
0.091091
0.112265
0.058513
0.104198
0.147267
0.039369
0.177547
0.114376
0.105559
0.029038
0.087353
0.013143
0.088677
0.035460
0.040652
0.034905
0.155295
0.050560
-0.051193
0.016632
0.130199
0.065800
0.130788
0.116387
0.171381
0.109269
0.174109
-0.000521
0.207942
0.249376
0.091055
0.116867
0.162386
0.097792
0.021181
-0.063870
0.144712
-0.043302
0.075737
-0.006320
0.120973
0.062431
0.144165
0.244627
0.175751
0.201909
0.206863
0.069405
0.174783
0.169326
-0.047287
0.017197
0.170290
0.077525
0.131270
-0.002880
0.130740
0.210024
0.129159
0.078878
0.184234
0.191802
0.141032
0.046937
0.045546
0.210168
0.108780
0.077375
0.249580
0.162457
0.078548
0.065948
0.053613
0.096912
0.127575
-0.053454
0.141005
0.115912
0.132212
0.038258
0.103207
0.092894
-0.048883
0.052786
0.141296
0.069032
-0.018559
0.059838
0.149674
0.064945
0.143559
0.077147
0.196562
0.381998
0.522683
0.412407
0.634719
0.499056
0.713020
0.656041
0.731269
0.652265
0.728998
0.693458
0.841059
0.855764
0.681988
0.710392
0.781281
0.734904
0.812295
0.694970
0.743284
0.622437
0.754980
0.576946
0.687772
0.627078
0.715566
0.548875
0.799480
0.550389
0.797117
0.824608
0.788327
0.713556
0.750626
0.725403
0.623554
0.623457
0.454234
0.275577
0.382528
0.365366
0.258710
0.288513
0.207986
0.201246
0.153673
0.086711
0.044581
0.135921
0.162113
0.079939
0.165630
0.172234
0.339178
0.214799
0.398906
0.239776
0.310644
0.426952
0.314252
0.130188
0.353068
0.338995
0.250838
0.235295
0.356619
0.275166
0.596157
0.636033
0.650952
0.477500
0.632810
0.503469
0.642278
0.594748
0.690489
0.689549
0.615899
0.684507
0.653080
0.677093
0.677103
0.399384
0.606805
0.553030
0.704825
0.664872
0.777547
0.675775
0.793825
0.717582
0.875171
0.783029
0.819507
0.852022
0.842643
0.857827
0.888902
0.864210
0.880723
0.845399
0.851290
0.754332
0.800577
0.682287
0.584110
0.506269
0.609461
0.551325
0.668200
0.383694
0.592927
0.578020
0.635814
0.585879
0.662687
0.563013
0.323653
0.295121
0.588160
0.328622
0.428101
0.358833
0.284288
0.232389
0.528396
0.495523
0.625127
0.597161
0.689190
0.557704
0.817700
0.767758
0.762166
0.763662
0.809198
0.774063
0.911812
0.901386
0.969093
0.965007
0.959246
0.963110
0.982040
0.977991
0.987600
0.975427
0.988932
0.972803
0.971575
0.961555
0.952641
0.937568
0.964170
0.935278
0.939951
0.917796
0.913078
0.842408
0.883520
0.844518
0.872036
0.814095
0.878926
0.786853
0.836984
0.755622
0.654751
0.676159
0.652486
0.533079
0.652164
0.667002
0.696831
0.690675
0.771149
0.748783
0.749635
0.525798
0.516848
0.406909
0.386819
0.258724
0.423457
0.273898
0.446851
0.563192
0.595173
0.685276
0.421003
0.472755
0.443863
0.425868
0.473932
0.421646
0.526313
0.518175
0.539019
0.331896
0.444636
0.329333
0.422331
0.402511
0.546261
0.549416
0.351886
0.328868
0.497437
0.430174
0.560061
0.263455
0.316226
0.297307
0.367123
0.144307
0.341554
0.294381
0.420803
0.424900
0.513507
0.564677
0.313003
0.461381
0.382372
0.358415
0.351428
0.252885
0.096680
0.077743
0.115508
0.030985
0.106875
0.108574
0.076146
0.167242
0.146870
0.045641
0.128066
0.015213
0.023458
0.237010
0.011677
0.063815
0.196073
0.168790
0.182450
0.168502
0.176344
0.134172
0.153556
0.082003
0.170156
0.100108
0.270515
0.061522
0.277569
0.234869
0.170328
0.251976
0.360168
0.261149
0.334157
0.381430
0.359845
0.380783
0.469746
0.525202
0.527421
0.410346
0.571422
0.386422
0.648625
0.551655
0.679760
0.629464
0.761560
0.693059
0.803519
0.747434
0.741637
0.684940
0.782104
0.701228
0.862006
0.806638
0.808076
0.832084
0.731175
0.694496
0.873476
0.639102
0.873944
0.874635
0.877114
0.847619
0.886211
0.874019
0.886387
0.915403
0.900126
0.902544
0.887358
0.856171
0.764773
0.804127
0.754624
0.637226
0.711170
0.635585
0.479736
0.521149
0.410826
0.312638
0.377151
0.325193
0.582802
0.610768
0.583454
0.745546
0.583732
0.528821
0.569047
0.324534
0.502344
0.443271
0.461202
0.447092
0.432996
0.480506
0.422492
0.463142
0.580751
0.428024
0.718731
0.632736
0.764080
0.673326
0.682022
0.579520
0.586870
0.558230
0.691477
0.417826
0.756855
0.568997
0.823596
0.711660
0.885314
0.794416
0.816913
0.795498
0.844626
0.812412
0.923988
0.818945
0.903137
0.847999
0.837565
0.848776
0.772073
0.725907
0.735477
0.663933
0.734019
0.606789
0.648361
0.604781
0.685924
0.616968
0.766584
0.636029
0.692667
0.737170
0.605448
0.710016
0.615866
0.494953
0.716960
0.467919
0.810654
0.673393
0.696207
0.649404
0.753681
0.712765
0.701947
0.605790
0.582603
0.509164
0.585361
0.363260
0.441692
0.529934
0.548118
0.415093
0.595956
0.456193
0.544256
0.592827
0.627582
0.600051
0.630750
0.459627
0.610051
0.660307
0.408672
0.460460
0.183051
0.124519
0.270520
0.165784
0.279231
0.212555
0.274241
0.108064
0.041263
0.183553
0.186461
0.210153
0.135272
0.123830
0.219946
0.092029
0.059587
0.182361
0.169108
0.219965
0.101639
0.276479
0.350368
0.234515
0.403313
0.315786
0.313425
0.166943
0.305835
0.344494
0.272209
0.092796
0.221464
0.035604
0.296233
0.130614
0.271689
0.291571
0.384659
0.328993
0.452309
0.387592
0.506635
0.405366
0.573607
0.526760
0.518226
0.423615
0.479736
0.243254
0.420033
0.301984
0.391147
0.335582
0.287928
0.326760
0.283443
0.199917
0.260438
0.080837
0.184176
0.164201
0.066443
0.249328
0.352302
0.088439
0.075870
0.145488
0.256833
0.229720
0.150913
-0.018213
0.165077
0.085663
0.150807
0.044596
0.033060
0.064460
0.056104
0.091160
0.173808
-0.033971
0.120207
0.015955
0.113902
0.053977
0.020710
0.019767
0.107740
-0.004038
0.057123
0.039034
0.325531
0.198122
0.092076
0.025555
0.190112
-0.006773
0.211559
0.081604
0.168545
0.144633
0.124147
0.063151
0.142724
0.078542
0.136774
0.019391
0.018593
-0.007286
-0.012884
0.061332
0.132710
-0.074356
-0.013352
0.095220
0.036829
0.040997
0.029621
0.071151
-0.067614
0.062421
0.115572
-0.011271
0.057189
0.055552
0.106911
0.141622
0.214306
0.149860
0.006208
0.014870
0.271259
0.191012
0.242986
0.229509
0.195928
0.259711
0.205315
0.094081
0.286962
0.287289
0.093731
0.093903
0.130684
0.048725
0.213322
0.096513
0.136762
0.005577
0.019997
0.112835
0.120644
0.120362
0.114539
0.101004
0.272140
0.119091
0.236124
0.151747
0.388723
0.154165
0.236342
0.260030
0.390993
0.407690
0.184991
0.180440
0.165114
0.145640
0.124225
0.071241
0.150767
0.113926
0.196763
0.170102
0.259058
0.103964
0.115819
0.179804
-0.010076
