0.117488
0.040486
0.065102
0.055196
0.009492
0.077103
0.082854
0.024509
0.080246
0.039606
0.045972
0.069402
0.051141
0.079787
0.046555
0.040077
0.029875
0.059198
0.051417
0.062333
0.049427
0.046343
0.069770
0.023895
0.047295
0.059568
0.046188
-0.003676
0.037252
0.040659
0.065199
0.027101
0.018370
0.050240
0.083159
0.050405
0.052157
0.069703
0.058095
0.061573
0.089049
0.067783
0.075004
0.061107
0.097043
0.088579
0.060024
0.052654
0.064468
0.128180
0.117099
0.143182
0.094547
0.142871
0.139553
0.111664
0.116131
0.096491
0.099769
0.117175
0.074866
0.158400
0.151261
0.118030
0.118714
0.173494
0.127654
0.160865
0.164481
0.143221
0.149531
0.120496
0.156840
0.175740
0.178723
0.124361
0.152905
0.171431
0.177250
0.146777
0.170066
0.247812
0.269339
0.268099
0.245639
0.279188
0.291325
0.289655
0.312682
0.286270
0.308252
0.264060
0.342682
0.356320
0.431298
0.363305
0.396975
0.389907
0.389965
0.420774
0.408788
0.355500
0.394614
0.366754
0.347393
0.323151
0.324296
0.296664
0.291873
0.339333
0.361650
0.265581
0.296060
0.270199
0.298250
0.278260
0.271577
0.214712
0.186038
0.153736
0.175450
0.205618
0.205693
0.136893
0.135126
0.120926
0.102349
0.084582
0.060070
0.092534
0.115616
0.100854
0.091168
0.064524
0.079190
0.021306
0.044873
0.083472
0.068933
0.038838
0.048737
0.034115
0.055297
0.039374
0.022732
0.036136
0.067419
0.044856
0.037914
0.044100
0.059318
0.032576
0.080266
0.041809
0.052972
0.024656
0.054893
0.093890
0.072894
0.024657
0.040116
0.066056
0.071147
0.044869
0.042310
0.045562
0.066421
0.043082
0.043846
0.061755
0.062276
0.036117
0.045832
0.043933
0.075798
0.026688
0.028506
0.041866
0.083844
0.037631
0.053951
0.030118
0.075166
0.028944
0.049052
0.055440
0.064971
0.028969
0.057636
0.075053
0.057888
0.034894
0.018932
0.093922
0.129421
0.131879
0.100157
0.143482
0.136669
0.140010
0.158840
0.168301
0.163505
0.197506
0.189634
0.219659
0.258932
0.280435
0.309312
0.369469
0.419413
0.417278
0.483505
0.428386
0.434996
0.465654
0.498350
0.512104
0.529764
0.470575
0.528809
0.517278
0.561781
0.589102
0.626958
0.649027
0.643334
0.583545
0.595476
0.600447
0.595400
0.595328
0.564152
0.545389
0.558864
0.528586
0.486195
0.554979
0.557743
0.414835
0.456970
0.395805
0.411526
0.328707
0.358290
0.338747
0.346926
0.309337
0.341078
0.210283
0.273222
0.266211
0.234752
0.330083
0.335579
0.179543
0.176419
0.233428
0.271636
0.253304
0.235596
0.247390
0.219811
0.254358
0.251293
0.234945
0.211344
0.198487
0.198376
0.228314
0.255484
0.165543
0.191901
0.307447
0.301540
0.311614
0.306423
0.342042
0.354599
0.390406
0.371953
0.419625
0.407126
0.482083
0.452796
0.485956
0.513937
0.528986
0.540559
0.577321
0.541731
0.531644
0.550987
0.491179
0.510271
0.492088
0.492298
0.446761
0.453787
0.422547
0.365679
0.447430
0.447769
0.318477
0.350871
0.347427
0.375322
0.361563
0.396033
0.366074
0.424021
0.341569
0.402144
0.339928
0.341416
0.334620
0.312643
0.414227
0.442840
0.342101
0.367010
0.385696
0.443137
0.436910
0.462145
0.430734
0.442826
0.462038
0.435768
0.432637
0.476950
0.452326
0.471991
0.429929
0.501930
0.472410
0.504895
0.547603
0.613833
0.568800
0.602033
0.591312
0.613104
0.671055
0.652798
0.619163
0.637355
0.623802
0.626255
0.678020
0.672486
0.661274
0.687256
0.682613
0.717328
0.755771
0.734714
0.760588
0.756714
0.754223
0.772695
0.721282
0.773817
0.748169
0.770407
0.770907
0.786082
0.775538
0.815615
0.772394
0.776717
0.749202
0.732841
0.692966
0.714160
0.707529
0.671075
0.651813
0.704471
0.632874
0.676992
0.658870
0.673459
0.604390
0.647775
0.642418
0.669667
0.617848
0.598347
0.555143
0.595631
0.608494
0.629040
0.501095
0.562035
0.467147
0.460726
0.553737
0.526144
0.362644
0.395290
0.385833
0.416048
0.385255
0.418037
0.405418
0.352384
0.368110
0.389752
0.348899
0.371780
0.318613
0.347545
0.370507
0.405495
0.341911
0.367855
0.352639
0.362760
0.335339
0.364005
0.281546
0.282702
0.301037
0.275683
0.303918
0.290412
0.222777
0.233598
0.272804
0.361054
0.234619
0.283731
0.232946
0.291142
0.248149
0.289249
0.218023
0.310745
0.232698
0.305630
0.199512
0.224516
0.217244
0.153592
0.249034
0.214634
0.099482
0.106651
0.178037
0.158488
0.154881
0.135760
0.083354
0.126334
0.113523
0.159503
0.131353
0.182285
0.119337
0.155448
0.159745
0.141224
0.098371
0.099012
0.144228
0.165984
0.153896
0.112018
0.127512
0.125227
0.095636
0.118751
0.138332
0.097931
0.082932
0.102524
0.099151
0.111657
0.088972
0.078834
0.102310
0.091459
0.105737
0.097080
0.058774
0.086207
0.058000
0.078481
0.086484
0.071450
0.054849
0.047025
0.045266
0.059283
0.051993
0.013969
0.047680
0.067710
0.052553
0.036825
0.066456
0.054919
0.035782
0.062806
0.046093
0.069969
0.037556
0.028266
0.084807
0.081246
0.051168
0.045171
0.043619
0.072934
0.062264
0.070514
0.070794
0.068730
0.029014
0.069829
0.065782
0.045657
0.088919
0.069265
0.103914
0.058484
0.028896
0.033710
0.078419
0.078193
0.051235
0.054896
0.059531
0.095611
0.040894
0.064529
0.061659
0.067097
0.023697
0.081060
0.065410
0.072724
0.051093
0.031690
0.055747
0.073036
0.062933
0.065512
0.063528
0.070428
0.068800
0.072112
0.080537
0.066762
0.043849
0.061167
0.085550
0.061227
0.036065
0.021681
0.038430
0.069593
0.026402
0.022124
0.053371
0.068131
0.033241
0.058606
0.036704
0.053443
0.050799
0.027031
0.063072
0.058594
0.046503
0.017873
0.065858
0.074068
0.070413
0.037273
0.059531
0.075199
0.031982
0.076006
0.046357
0.052705
0.041291
0.071937
0.100433
0.071967
0.066006
0.054694
0.046636
0.100759
0.099406
0.072597
0.094612
0.098872
0.068338
0.096160
0.059427
0.077730
0.091556
0.085600
0.125717
0.068062
0.082572
0.072394
0.057387
0.104951
0.086891
0.069811
0.079543
0.081901
0.050362
0.071742
0.059187
0.066875
0.065992
0.077195
0.084705
0.062944
0.061745
0.060232
0.061189
0.111747
0.106118
0.062598
0.115076
0.077927
0.081293
0.121934
0.152068
0.148334
0.124828
0.092388
0.205889
0.161481
0.113354
0.105764
0.125407
0.168493
0.160182
0.139435
0.147375
0.130818
0.133879
0.136642
0.138114
0.140931
0.128139
0.125417
0.129660
0.174909
0.156961
0.151244
0.184042
0.172579
0.179834
0.195144
0.174155
0.158501
0.176376
0.193699
0.198998
0.163434
0.158685
0.109594
0.245374
0.201366
0.121151
0.148422
0.220598
0.198760
0.228893
0.258296
0.234112
0.242028
0.247287
0.274155
0.294931
0.313443
0.315301
0.306840
0.281926
0.367694
0.348170
0.405796
0.398586
0.416449
0.405192
0.423542
0.410174
0.405904
0.446712
0.427784
0.438100
0.387218
0.443919
0.423059
0.522073
0.462367
0.455115
0.491216
0.530788
0.542713
0.533231
0.521768
0.485182
0.518391
0.549972
0.530185
0.508804
0.487995
0.421277
0.386695
0.461272
0.432337
0.314645
0.390044
0.347892
0.369994
0.330001
0.352879
0.278952
0.377205
0.260477
0.371451
0.295352
0.320305
0.288592
0.318721
0.353133
0.353509
0.308201
0.336150
0.438159
0.450598
0.424588
0.455306
0.418692
0.438321
0.463140
0.453460
0.455692
0.464087
0.461420
0.500314
0.516401
0.526071
0.530965
0.595366
0.578691
0.530319
0.506392
0.518443
0.445976
0.482687
0.432962
0.448251
0.413641
0.437077
0.359634
0.396095
0.465560
0.431801
0.369647
0.386824
0.372256
0.360018
0.349096
0.359641
0.309053
0.325648
0.279306
0.329260
0.264549
0.287117
0.231381
0.260317
0.289239
0.295312
0.180425
0.181066
0.217089
0.240685
0.226319
0.241755
0.270270
0.306358
0.297407
0.298923
0.256427
0.290003
0.291145
0.349071
0.323084
0.347860
0.346968
0.341229
0.386078
0.357705
0.365513
0.386757
0.334251
0.341355
0.343840
0.345217
0.303204
0.324482
0.312538
0.294749
0.330158
0.393084
0.299274
0.327824
0.328904
0.321228
0.352026
0.338292
0.288896
0.378601
0.306259
0.361299
0.297593
0.281538
0.283633
0.305645
0.356624
0.388246
0.280510
0.264832
0.407720
0.361600
0.390790
0.402709
0.420950
0.397390
0.439009
0.377237
0.396569
0.371235
0.407364
0.366100
0.463006
0.469027
0.452924
0.484154
0.481493
0.473105
0.465544
0.514951
0.505681
0.525492
0.507148
0.514471
0.454780
0.499570
0.455081
0.481237
0.483249
0.505650
0.438737
0.454380
0.512576
0.533250
0.468533
0.483660
0.469758
0.464548
0.494463
0.475754
0.472105
0.443848
0.431884
0.430368
0.513271
0.509625
0.438075
0.488713
0.522274
0.516102
0.504344
0.535711
0.458619
0.475790
0.464425
0.468875
0.491861
0.466474
0.477367
0.507440
0.504354
0.558127
0.500484
0.550803
0.557159
0.572521
0.552108
0.544129
0.520127
0.573444
0.526728
0.511392
0.512493
0.513249
0.442629
0.461951
0.532996
0.526802
0.432734
0.488324
0.466879
0.505777
0.466453
0.462969
0.486027
0.502921
0.423629
0.433146
0.450983
0.445455
0.456681
0.368033
0.531763
0.468824
0.449665
0.437267
0.473019
0.455586
0.472471
0.468821
0.453700
0.456396
0.422479
0.457352
0.376499
0.408168
0.425026
0.404924
0.398223
0.486115
0.389807
0.440201
0.422139
0.464948
0.423942
0.431508
0.426918
0.426783
0.454164
0.444360
0.364596
0.448639
0.358450
0.394482
0.402642
0.462142
0.325307
0.356407
0.421974
0.402437
0.408914
0.476026
0.427414
0.441174
0.463739
0.437333
0.434727
0.429107
0.390130
0.386709
0.466451
0.500721
0.467924
0.465974
0.424317
0.490384
0.463892
0.423871
0.424617
0.454157
0.376096
0.385974
0.358226
0.370715
0.333370
0.361881
0.344420
0.399083
0.343247
0.388294
0.324558
0.322862
0.296743
0.318844
0.207472
0.239880
0.223714
0.204030
0.188623
0.147778
0.105874
0.117763
0.100183
0.110553
0.054133
0.021731
0.044189
0.056986
0.052011
0.069690
0.037499
0.067263
0.038587
0.047838
0.121744
0.067708
0.035443
0.041007
0.070673
0.072291
0.052494
