0.121995
0.070373
0.072203
0.044326
0.039338
0.096185
0.099155
0.075454
0.114374
0.035095
0.064709
0.169711
0.134047
0.156003
0.185074
0.165476
0.183826
0.194886
0.240583
0.288666
0.273387
0.301983
0.308697
0.307848
0.384326
0.332742
0.342279
0.399446
0.364892
0.489545
0.504877
0.470266
0.538354
0.509930
0.517591
0.540467
0.476593
0.462036
0.451360
0.453395
0.433107
0.405505
0.389190
0.327216
0.288990
0.417882
0.365154
0.248445
0.256751
0.278084
0.346971
0.395651
0.420421
0.395101
0.350850
0.434917
0.446295
0.387544
0.456331
0.334779
0.429620
0.466252
0.442765
0.428260
0.414522
0.430190
0.441912
0.432788
0.400677
0.412578
0.387212
0.377399
0.403435
0.352856
0.382724
0.308928
0.313048
0.361307
0.390503
0.236666
0.236460
0.261570
0.311364
0.251637
0.284079
0.240013
0.293055
0.255836
0.296352
0.285013
0.278685
0.260327
0.279005
0.285641
0.293052
0.264136
0.276364
0.367133
0.403612
0.421187
0.457622
0.429390
0.418881
0.499157
0.481920
0.485592
0.506459
0.475533
0.492958
0.558728
0.567405
0.559863
0.572933
0.524755
0.571641
0.533578
0.526841
0.455949
0.539584
0.498011
0.519419
0.432083
0.408670
0.354988
0.352618
0.429783
0.457789
0.292809
0.320741
0.282243
0.326432
0.302393
0.305227
0.229666
0.321372
0.273682
0.307704
0.258755
0.251102
0.215929
0.217331
0.259364
0.249313
0.178185
0.167820
0.246241
0.235050
0.257096
0.217456
0.284042
0.262260
0.253734
0.274013
0.259115
0.227921
0.286038
0.275710
0.309385
0.355058
0.259097
0.319632
0.374189
0.385875
0.416750
0.380544
0.360500
0.435081
0.443957
0.437083
0.390156
0.374014
0.419302
0.389684
0.452280
0.522962
0.408405
0.487609
0.451272
0.452894
0.423758
0.415422
0.390634
0.374320
0.333900
0.407155
0.328013
0.383678
0.314304
0.380698
0.403177
0.436048
0.340252
0.384046
0.354190
0.337362
0.312479
0.328596
0.283170
0.287489
0.273774
0.266578
0.274083
0.253628
0.149113
0.173685
0.228048
0.186889
0.090412
0.092596
0.124967
0.164683
0.186443
0.178866
0.163584
0.133315
0.170382
0.198642
0.219739
0.214361
0.156804
0.144348
0.199931
0.197803
0.170282
0.187137
0.183964
0.286502
0.195097
0.203983
0.183629
0.171071
0.228334
0.253956
0.176311
0.198972
0.167117
0.185016
0.185923
0.199012
0.167667
0.168004
0.209361
0.183578
0.213454
0.167232
0.129286
0.158330
0.157777
0.175087
0.178520
0.157201
0.134171
0.154152
0.196037
0.182659
0.144639
0.118004
0.196135
0.262269
0.211366
0.201029
0.193578
0.187421
0.224822
0.216591
0.210862
0.188069
0.171345
0.176551
0.239507
0.145736
0.200714
0.217423
0.196034
0.243004
0.233890
0.268460
0.193230
0.188192
0.192928
0.228567
0.213114
0.243619
0.141624
0.173598
0.182298
0.182386
0.140767
0.127897
0.213456
0.179254
0.208507
0.149701
0.200937
0.171103
0.144170
0.209431
0.184658
0.216114
0.130235
0.164227
0.166554
0.235543
0.180397
0.193132
0.266069
0.252638
0.303397
0.292415
0.319767
0.354042
0.290572
0.344604
0.351594
0.344312
0.393523
0.385280
0.415347
0.391655
0.433625
0.440222
0.544407
0.548125
0.496687
0.528937
0.560208
0.529928
0.547507
0.564903
0.550328
0.529323
0.529988
0.511430
0.588090
0.624155
0.572611
0.646812
0.631431
0.685816
0.706953
0.711093
0.664602
0.699752
0.694754
0.680202
0.717042
0.725517
0.699475
0.713550
0.745320
0.796290
0.762093
0.807334
0.832049
0.832946
0.856648
0.871652
0.832057
0.884129
0.876121
0.870982
0.877126
0.871885
0.874293
0.894808
0.901895
0.900526
0.904873
0.916989
0.922584
0.917901
0.907631
0.901417
0.906561
0.897273
0.901182
0.889368
0.886703
0.875399
0.877587
0.878444
0.885189
0.882349
0.850021
0.860679
0.877669
0.872349
0.857276
0.872737
0.850768
0.854082
0.866628
0.849331
0.847746
0.823556
0.815430
0.805347
0.798333
0.802391
0.743507
0.775486
0.780371
0.792870
0.767452
0.760932
0.744930
0.769992
0.713685
0.735451
0.714467
0.743686
0.728946
0.709744
0.783135
0.752854
0.751153
0.769934
0.751997
0.775778
0.750185
0.759101
0.703566
0.758798
0.723856
0.677511
0.687282
0.696542
0.659686
0.661238
0.658143
0.713403
0.597640
0.651926
0.607071
0.649055
0.616315
0.639173
0.618500
0.572056
0.577204
0.546335
0.587998
0.583908
0.482159
0.473298
0.547915
0.554978
0.462822
0.485266
0.506558
0.546324
0.492186
0.486426
0.454531
0.506968
0.484577
0.472897
0.376885
0.409407
0.364773
0.310016
0.413949
0.369490
0.237821
0.275038
0.324263
0.323355
0.317909
0.283281
0.317689
0.275271
0.293851
0.288539
0.244589
0.272082
0.212207
0.225589
0.273408
0.287989
0.191345
0.156658
0.198441
0.183211
0.188621
0.124760
0.131230
0.162328
0.082955
0.097465
0.112849
0.127863
0.087178
0.091825
0.191550
0.192321
0.144687
0.125614
0.152109
0.148600
0.214347
0.161987
0.191813
0.165612
0.177910
0.210664
0.152131
0.185699
0.184409
0.173872
0.251030
0.198176
0.156608
0.145377
0.220163
0.226600
0.222427
0.236265
0.201439
0.178975
0.249791
0.242294
0.186129
0.154924
0.127030
0.157713
0.189055
0.184098
0.159315
0.140579
0.153640
0.191498
0.234423
0.197202
0.223992
0.194238
0.201812
0.243805
0.214982
0.222240
0.225522
0.283054
0.316722
0.344409
0.298305
0.315541
0.357976
0.359563
0.377319
0.388405
0.361807
0.376047
0.357351
0.388225
0.348613
0.343168
0.342688
0.369981
0.403355
0.402472
0.349459
0.422773
0.326736
0.381535
0.348516
0.338698
0.325346
0.335613
0.303339
0.302371
0.244603
0.255256
0.238375
0.165643
0.305943
0.272612
0.189320
0.135450
0.174956
0.152866
0.153387
0.192898
0.126833
0.143166
0.120286
0.111811
0.109311
0.147582
0.100496
0.111817
0.168881
0.135112
0.048057
0.049585
0.124182
0.094818
0.104260
0.092938
0.090381
0.123043
0.112016
0.096438
0.156886
0.121963
0.089234
0.089138
0.119173
0.120971
0.039804
0.073653
0.090391
0.097945
0.149124
0.155012
0.106304
0.094722
0.148559
0.158378
0.109325
0.162936
0.135988
0.170468
0.105121
0.188192
0.149732
0.160485
0.191956
0.235763
0.192096
0.185036
0.162817
0.179476
0.206364
0.188769
0.230139
0.175630
0.156137
0.150135
0.175580
0.172297
0.140447
0.148647
0.218514
0.187922
0.148783
0.165920
0.120444
0.155509
0.173838
0.184474
0.183667
0.185951
0.156169
0.149405
0.147235
0.167185
0.094756
0.083623
0.136794
0.157332
0.143182
0.116741
0.102338
0.091173
0.072238
0.080947
0.137154
0.104541
0.060880
0.097232
0.105047
0.105514
0.088628
0.064452
0.063616
0.093695
0.121765
0.092352
0.091913
0.092406
0.107226
0.094786
0.104951
0.082520
0.069392
0.039030
0.068096
0.070635
0.035443
0.028913
0.067380
0.063592
0.069136
0.054479
0.044728
0.074353
0.072723
0.086046
0.087557
0.066498
0.040342
0.075027
0.076065
0.100212
0.057036
0.053935
0.082860
0.110016
0.086075
0.111111
0.084443
0.117260
0.097497
0.138277
0.080189
0.128228
0.098098
0.103715
0.085077
0.138617
0.104414
0.095647
0.126314
0.161589
0.125359
0.114513
0.115006
0.111002
0.100843
0.119015
0.099898
0.123443
0.091578
0.095070
0.124941
0.093619
0.051764
0.085250
0.080862
0.136955
0.128038
0.104674
0.147654
0.143523
0.108441
0.126416
0.134122
0.150702
0.086577
0.120715
0.145715
0.148514
0.108287
0.066091
0.114251
0.196597
0.173790
0.209078
0.156000
0.201743
0.212311
0.250395
0.246055
0.232189
0.219066
0.223905
0.220892
0.287626
0.319452
0.328640
0.358937
0.360220
0.387166
0.363464
0.409123
0.416870
0.402878
0.439692
0.365146
0.467916
0.421495
0.422664
0.478522
0.539843
0.485673
0.536877
0.567971
0.557725
0.570926
0.602455
0.546117
0.575057
0.603586
0.616016
0.566724
0.565577
0.568182
0.594732
0.599427
0.661105
0.636549
0.654447
0.764798
0.734538
0.762969
0.775744
0.809124
0.814524
0.824876
0.801930
0.828429
0.819107
0.837395
0.858826
0.845315
0.865696
0.876747
0.884648
0.911976
0.888323
0.902185
0.911354
0.899016
0.914270
0.913609
0.911969
0.907840
0.915223
0.926501
0.934458
0.938256
0.925521
0.945749
0.948635
0.955491
0.952685
0.955050
0.956717
0.939726
0.948031
0.951389
0.935740
0.953703
0.939401
0.938418
0.947016
0.934406
0.938336
0.929586
0.949961
0.954838
0.946722
0.944846
0.950452
0.946252
0.948782
0.963093
0.955763
0.951116
0.950573
0.956068
0.962338
0.959273
0.959099
0.958801
0.963538
0.968641
0.966798
0.971553
0.972630
0.968741
0.965035
0.975467
0.973167
0.969795
0.968671
0.961926
0.966879
0.969615
0.964247
0.960074
0.969779
0.975263
0.976289
0.976906
0.975816
0.977237
0.970369
0.984398
0.980272
0.981481
0.982117
0.981970
0.980186
0.981642
0.981464
0.980829
0.983757
0.987099
0.982743
0.983005
0.981580
0.980101
0.976495
0.979498
0.978319
0.973729
0.973368
0.970695
0.965579
0.966380
0.964123
0.951601
0.959284
0.963418
0.960228
0.955867
0.963256
0.954737
0.952740
0.961183
0.953489
0.952478
0.947558
0.945134
0.951354
0.945279
0.944725
0.940379
0.940242
0.953783
0.946864
0.938494
0.936936
0.931744
0.921711
0.936906
0.925381
0.926309
0.920227
0.912008
0.909070
0.909496
0.912669
0.898317
0.916052
0.929544
0.917942
0.899067
0.896435
0.876176
0.853100
0.883747
0.854243
0.848133
0.848605
0.807752
0.790193
0.815712
0.778516
0.749856
0.770396
0.735710
0.736445
0.675611
0.676238
0.649492
0.636264
0.605331
0.566989
0.558215
0.584934
0.498589
0.529413
0.540097
0.555365
0.395869
0.422668
0.459833
0.476055
0.436892
0.419813
0.473347
0.435605
0.479826
0.485526
0.420642
0.424857
0.362777
0.363476
0.440961
0.434857
0.312285
0.311894
0.382136
0.346131
0.364081
0.345131
0.337660
0.356521
0.292223
0.318158
0.341192
0.308971
0.318973
0.323334
0.312097
0.443117
0.388253
0.448390
0.305105
0.312351
0.274732
0.295905
0.179701
0.192888
0.109449
0.096776
0.212929
0.142059
0.052099
0.077728
0.089599
0.093218
0.052882
