0.125797
0.045270
0.081190
0.067095
0.041635
0.085983
0.109442
0.040623
0.071475
0.043993
0.071395
0.063045
0.100720
0.079214
0.095580
0.032365
0.068639
0.088568
0.095302
0.102063
0.093328
0.074262
0.062671
0.025904
0.065628
0.097665
0.094421
0.020513
0.033009
0.047824
0.069351
0.038390
0.023149
0.047165
0.082656
0.032479
0.033850
0.049068
0.053273
0.055591
0.049012
0.073045
0.063362
0.054617
0.064116
0.049706
0.082457
0.048909
0.022105
0.066070
0.084715
0.075543
0.053093
0.079611
0.067453
0.052732
0.063386
0.070673
0.089509
0.090800
0.081936
0.070618
0.067957
0.034955
0.042340
0.103112
0.097088
0.082694
0.051154
0.093649
0.102015
0.080959
0.096248
0.099789
0.094731
0.098403
0.088035
0.084796
0.077582
0.045922
0.046577
0.128874
0.125183
0.084246
0.077245
0.093996
0.098551
0.036347
0.067756
0.081481
0.068563
0.071694
0.068056
0.079852
0.080540
0.025452
0.037877
0.046452
0.064856
0.061178
0.067792
0.040859
0.050517
0.031224
0.056809
0.051558
0.049422
0.062377
0.043927
0.067007
0.065007
0.045947
0.039237
0.049481
0.084876
0.028932
0.047270
0.068947
0.082217
0.017391
0.055687
0.094137
0.079217
0.069081
0.088324
0.103265
0.082551
0.073692
0.046314
0.135911
0.177570
0.145890
0.139238
0.182834
0.161804
0.238645
0.198506
0.198018
0.226035
0.179503
0.202436
0.235878
0.247787
0.188919
0.182681
0.219828
0.211462
0.199567
0.172187
0.139908
0.167244
0.127182
0.147138
0.151521
0.156044
0.113438
0.077556
0.093752
0.129094
0.065808
0.086853
0.096539
0.133241
0.140840
0.108136
0.097258
0.103707
0.089576
0.094565
0.107357
0.125935
0.099955
0.133062
0.118648
0.117162
0.103024
0.082421
0.174144
0.143822
0.142573
0.128126
0.127555
0.134211
0.112424
0.128197
0.141407
0.104574
0.117468
0.091771
0.153180
0.112053
0.093848
0.110440
0.137084
0.151034
0.175360
0.157760
0.174157
0.179885
0.140118
0.167617
0.166417
0.202194
0.169638
0.190290
0.178635
0.225862
0.165877
0.172205
0.205144
0.249999
0.222980
0.242195
0.181075
0.162633
0.187221
0.213138
0.273910
0.231395
0.127851
0.168063
0.163940
0.211369
0.154938
0.193465
0.149549
0.187348
0.149965
0.139469
0.126700
0.118673
0.084885
0.074227
0.071266
0.085231
0.041669
0.079745
0.078532
0.080416
0.033132
0.023995
0.056662
0.103249
0.095384
0.079910
0.090551
0.090290
0.046585
0.061897
0.034320
0.069160
0.065734
0.088181
0.076653
0.085834
0.075474
0.060672
0.081917
0.098958
0.078117
0.091230
0.064940
0.100658
0.110133
0.120173
0.079424
0.104448
0.090138
0.117959
0.094901
0.094122
0.062595
0.062585
0.117413
0.119888
0.080019
0.095148
0.070460
0.079937
0.035242
0.060312
0.067395
0.072156
0.040724
0.059350
0.087463
0.069654
0.033684
0.044467
0.069124
0.129179
0.122638
0.084277
0.145019
0.122154
0.097153
0.099399
0.110912
0.136889
0.174489
0.149001
0.167497
0.171456
0.208582
0.202322
0.291303
0.355500
0.311777
0.360678
0.356289
0.357071
0.390989
0.403426
0.329526
0.339751
0.359687
0.414652
0.392957
0.457639
0.429243
0.416719
0.474937
0.442864
0.479063
0.434021
0.398089
0.484215
0.365933
0.453236
0.417609
0.441554
0.439387
0.471886
0.493794
0.570176
0.457519
0.497162
0.556690
0.498975
0.545195
0.549199
0.531974
0.570373
0.561884
0.566822
0.523368
0.536274
0.508067
0.515260
0.535000
0.597758
0.497544
0.564778
0.591610
0.586928
0.581477
0.598057
0.598624
0.643189
0.625155
0.624357
0.654375
0.634224
0.654548
0.639076
0.708628
0.694521
0.716931
0.737230
0.770257
0.776844
0.761302
0.758052
0.757308
0.749943
0.776749
0.770236
0.754079
0.771315
0.738501
0.759574
0.765764
0.771218
0.727995
0.737524
0.767955
0.781141
0.743576
0.734703
0.744419
0.699737
0.725970
0.670817
0.740012
0.746955
0.689109
0.708504
0.725541
0.760475
0.699369
0.753433
0.766110
0.796081
0.772254
0.795554
0.775669
0.820609
0.816985
0.823908
0.784721
0.807821
0.811304
0.792198
0.845861
0.818257
0.751011
0.757081
0.789792
0.781315
0.757944
0.745935
0.747956
0.782854
0.748937
0.743113
0.738137
0.727224
0.721559
0.718794
0.739108
0.742822
0.722972
0.748795
0.744042
0.778650
0.740604
0.770349
0.788244
0.789945
0.792294
0.774758
0.752439
0.799003
0.785030
0.794079
0.819693
0.794331
0.787243
0.828108
0.834198
0.839510
0.834451
0.831218
0.804646
0.820258
0.822297
0.806143
0.822225
0.802255
0.821248
0.848115
0.828662
0.837776
0.837608
0.864736
0.881048
0.866759
0.837357
0.846477
0.864922
0.849012
0.870713
0.854214
0.831631
0.827349
0.777592
0.792604
0.806583
0.810199
0.709774
0.748991
0.745184
0.746041
0.711082
0.723275
0.672528
0.674992
0.632301
0.587690
0.622290
0.659781
0.556258
0.604155
0.605680
0.628880
0.508601
0.584186
0.577843
0.642752
0.610515
0.631127
0.660975
0.645338
0.645484
0.666770
0.576476
0.594720
0.562089
0.582130
0.587945
0.625717
0.514503
0.513511
0.589791
0.540132
0.519219
0.512629
0.488584
0.485003
0.497558
0.493416
0.439012
0.467468
0.396480
0.417805
0.424749
0.491364
0.385510
0.461105
0.497307
0.486311
0.469183
0.476865
0.421024
0.488739
0.515335
0.483937
0.441793
0.410535
0.417834
0.397750
0.513441
0.530033
0.397691
0.395910
0.535291
0.508120
0.579807
0.508045
0.541715
0.542697
0.515405
0.528392
0.549155
0.558492
0.513331
0.551264
0.593058
0.641121
0.637000
0.679426
0.662253
0.697460
0.685284
0.666778
0.667453
0.663298
0.675121
0.625498
0.674774
0.657703
0.600861
0.601161
0.610628
0.624668
0.596868
0.633239
0.653227
0.685713
0.671598
0.663831
0.650726
0.668628
0.682818
0.674649
0.607648
0.678026
0.665656
0.639641
0.664842
0.664916
0.651409
0.658873
0.729013
0.709932
0.718817
0.735675
0.708681
0.718795
0.747268
0.759285
0.761600
0.772013
0.747662
0.749419
0.752018
0.771591
0.790768
0.791719
0.838917
0.811203
0.812131
0.820820
0.760648
0.747939
0.759512
0.770869
0.774901
0.800550
0.746101
0.736527
0.762366
0.782495
0.767378
0.794411
0.819848
0.842556
0.851367
0.854338
0.837519
0.830918
0.880771
0.864046
0.890941
0.867640
0.891230
0.894665
0.881562
0.884536
0.891988
0.908961
0.923828
0.917800
0.914217
0.918319
0.907934
0.893865
0.916922
0.893070
0.908195
0.903410
0.872922
0.874846
0.889432
0.895761
0.878943
0.898139
0.899391
0.890610
0.896535
0.894069
0.885176
0.885090
0.881518
0.869989
0.879313
0.852319
0.844690
0.854068
0.856907
0.873148
0.821522
0.859999
0.848039
0.851268
0.808017
0.797439
0.763594
0.801838
0.770570
0.771938
0.752518
0.758763
0.717778
0.712042
0.765984
0.764478
0.690975
0.736104
0.759898
0.731332
0.711869
0.749843
0.753535
0.720580
0.741569
0.721848
0.754648
0.791824
0.740134
0.737718
0.780076
0.774365
0.748858
0.795277
0.814435
0.838104
0.774864
0.806575
0.825234
0.804934
0.827751
0.827538
0.793901
0.810670
0.819533
0.797767
0.817271
0.796918
0.728250
0.770887
0.801080
0.802155
0.788183
0.801898
0.796822
0.790150
0.797486
0.790176
0.776564
0.793059
0.755238
0.776153
0.763641
0.812114
0.772952
0.808709
0.760876
0.809614
0.728025
0.755347
0.689946
0.710410
0.693552
0.725810
0.593961
0.674241
0.620988
0.654056
0.647504
0.674860
0.529953
0.568067
0.597710
0.585910
0.530196
0.556342
0.555129
0.500650
0.529589
0.474968
0.510011
0.516983
0.472556
0.468598
0.494686
0.539165
0.481034
0.515432
0.471499
0.426096
0.411727
0.403204
0.367767
0.372852
0.322075
0.318784
0.303543
0.313752
0.280920
0.230644
0.256556
0.258391
0.150304
0.173430
0.254334
0.196536
0.201438
0.192744
0.174329
0.178732
0.186189
0.157711
0.205838
0.171364
0.123041
0.108431
0.119499
0.147685
0.123908
0.115616
0.095085
0.193913
0.092520
0.146390
0.087860
0.120645
0.074699
0.117225
0.131054
0.095479
0.111752
0.104522
0.117525
0.092659
0.064172
0.040962
0.094591
0.094785
0.078741
0.045342
0.071109
0.081180
0.070553
0.074098
0.081496
0.070334
0.048785
0.058021
0.052360
0.070491
0.031071
0.049224
0.063236
0.070529
0.047687
0.043311
0.059626
0.082140
0.041263
0.051537
0.077224
0.064289
0.056427
0.039152
0.039092
0.054506
0.029890
0.027458
0.069897
0.067206
0.044931
0.021145
0.021463
0.081248
-0.001026
0.044696
0.056891
0.017528
0.015191
0.020797
0.060892
0.062046
0.046850
0.017089
0.034777
0.053815
0.049879
0.039890
0.051454
0.057890
0.049275
0.073959
0.056173
0.062999
0.053479
0.091437
0.067909
0.058259
0.041954
0.030858
0.100227
0.087559
0.087911
0.046430
0.074188
0.089821
0.032499
0.068744
0.047600
0.045505
0.053270
0.062022
0.070039
0.084967
0.058565
0.036923
0.061405
0.097747
0.079197
0.057868
0.058211
0.092311
0.046234
0.082434
0.068351
0.061624
0.054734
0.058505
0.082217
0.095314
0.058706
0.060745
0.110461
0.120932
0.109987
0.106128
0.096575
0.109972
0.091388
0.071831
0.120546
0.090342
0.155120
0.168495
0.153683
0.181069
0.175038
0.178240
0.257876
0.286917
0.270150
0.280430
0.279378
0.286602
0.317573
0.340148
0.291796
0.335004
0.269496
0.290281
0.325409
0.351884
0.349487
0.356557
0.389319
0.399431
0.395852
0.381603
0.339958
0.336106
0.299455
0.364954
0.300345
0.339802
0.261112
0.267383
0.279086
0.314141
0.215712
0.228392
0.263060
0.264752
0.253813
0.245715
0.217983
0.215896
0.211628
0.229969
0.232793
0.238909
0.221552
0.222864
0.281507
0.262615
0.214491
0.191851
0.237931
0.205001
0.169237
0.171904
0.138229
0.126208
0.131652
0.125092
0.196614
0.139322
0.064075
0.078908
0.108954
0.130411
0.058518
0.038351
0.096318
0.115572
0.107367
0.071617
0.076359
0.086466
0.092728
0.082019
0.123321
0.107864
0.057837
0.059534
0.100890
0.104982
0.055843
0.036514
0.051058
0.074242
0.100014
0.066460
0.060573
0.078969
0.080497
0.078403
0.127722
0.077862
0.050307
0.060184
0.048465
0.058117
0.055912
