0.117824
0.049201
0.072876
0.058633
0.021603
0.080244
0.102288
0.025659
0.068974
0.037461
0.046173
0.039052
0.037378
0.045746
0.053518
0.025768
0.029435
0.027875
0.054693
0.027515
0.013331
0.017752
0.046638
-0.000707
0.024811
0.033861
0.033652
0.023132
0.019334
0.031793
0.058467
0.026818
0.013899
0.037821
0.052044
0.029626
0.018863
0.042535
0.059007
0.026702
0.044562
0.043359
0.047841
0.037981
0.035189
0.077944
0.071238
0.046986
0.045029
0.039933
0.096110
0.070565
0.067772
0.111180
0.096265
0.050010
0.086073
0.097511
0.074533
0.080876
0.067641
0.086976
0.105306
0.075777
0.057300
0.101230
0.100215
0.090962
0.063811
0.085013
0.109944
0.054047
0.097675
0.079532
0.083171
0.080411
0.062174
0.116513
0.088424
0.085049
0.093753
0.082852
0.133882
0.125800
0.089312
0.074700
0.101733
0.076186
0.090023
0.133265
0.103705
0.055745
0.109632
0.090384
0.065183
0.052242
0.056583
0.075340
0.098990
0.079787
0.066784
0.071916
0.099942
0.048129
0.073236
0.075015
0.047142
0.047171
0.038968
0.084859
0.076131
0.032775
0.025769
0.027036
0.047511
0.035193
0.033310
0.041852
0.055924
0.021075
0.051496
0.051185
0.047763
0.029630
0.039161
0.031250
0.059463
0.035819
0.028933
0.042310
0.076613
0.042956
0.025089
0.051423
0.064071
0.055549
0.081449
0.051173
0.049814
0.058686
0.045914
0.068714
0.040943
0.052796
0.063147
0.056356
0.079398
0.043356
0.048730
0.022202
0.064949
0.009703
0.041954
0.063282
0.059455
0.000041
0.068252
0.037454
0.054881
0.029275
0.027866
0.015769
0.055899
0.045830
0.035121
0.053288
0.033294
0.025293
0.040958
0.047834
0.029835
0.022926
0.043297
0.046994
0.068857
0.022698
0.024152
0.043715
0.060168
0.034319
0.011850
0.037127
0.051344
0.005479
0.056068
0.045602
0.048774
0.011420
0.027169
0.050826
0.057874
0.037839
0.022680
0.051404
0.041598
0.035587
0.019824
0.052771
0.055953
0.024077
0.042360
0.044806
0.059382
0.031022
0.035619
0.052273
0.063238
0.046547
0.037990
0.056021
0.081860
0.043018
0.037832
0.057370
0.057642
0.013687
0.038965
0.043243
0.051266
0.007809
0.045830
0.042108
0.043499
0.043782
0.011435
0.027023
0.069573
0.033618
0.017437
0.029781
0.071439
0.047866
0.052197
0.035840
0.045390
0.041330
0.032862
0.059250
0.048071
0.057152
0.042893
0.024996
0.081962
0.032904
0.022780
0.037088
0.045958
0.016602
0.046344
0.047787
0.046682
0.013743
0.037918
0.050623
0.057315
0.044793
0.014817
0.046067
0.068633
0.066592
0.026730
0.051450
0.073891
0.020998
0.069982
0.064393
0.063719
0.014278
0.040413
0.062692
0.085881
0.021058
0.041851
0.070991
0.081440
0.064741
0.030941
0.052775
0.091632
0.018573
0.104854
0.058145
0.063608
0.040583
0.085160
0.070438
0.090023
0.072471
0.050366
0.081804
0.106629
0.077018
0.093732
0.043495
0.040660
0.062089
0.065416
0.078651
0.062743
0.064431
0.080163
0.051803
0.060022
0.051756
0.012228
0.086369
0.099078
0.054412
0.043961
0.048742
0.046023
0.046704
0.056398
0.093834
0.056896
0.016338
0.045208
0.063347
0.069846
0.058900
0.042040
0.025712
0.071332
0.048271
0.077829
0.039484
0.049809
0.049913
0.063421
0.064818
0.074272
0.018312
0.044029
0.055633
0.069248
0.041356
0.021386
0.069494
0.079212
0.083008
0.071238
0.087837
0.086487
0.068117
0.080808
0.107683
0.084934
0.071947
0.082398
0.091640
0.077568
0.117944
0.088117
0.154105
0.128164
0.165166
0.163461
0.194905
0.166051
0.187336
0.186595
0.217827
0.228480
0.251344
0.217649
0.222541
0.286877
0.296607
0.319076
0.401994
0.406505
0.406959
0.462226
0.437019
0.437653
0.515847
0.479342
0.451974
0.456299
0.464260
0.479779
0.481309
0.505104
0.435169
0.493763
0.509127
0.531078
0.487467
0.540831
0.502020
0.513800
0.486326
0.511441
0.541998
0.605835
0.530868
0.597144
0.576222
0.620654
0.627390
0.685231
0.661203
0.692543
0.647515
0.617255
0.611296
0.657611
0.601261
0.598324
0.587948
0.625861
0.515353
0.568882
0.618533
0.565907
0.511476
0.537322
0.575512
0.582659
0.570814
0.578857
0.545133
0.591695
0.546897
0.576014
0.566291
0.535349
0.492752
0.493761
0.580014
0.597266
0.545448
0.585746
0.652783
0.586282
0.628481
0.604287
0.568853
0.629812
0.576851
0.578703
0.577871
0.619281
0.581586
0.601511
0.633708
0.662403
0.661689
0.705439
0.700426
0.717150
0.700861
0.716660
0.692205
0.752679
0.731536
0.690385
0.719684
0.739320
0.707412
0.683956
0.702503
0.782600
0.703822
0.753640
0.789109
0.779166
0.780181
0.800704
0.780174
0.776731
0.789746
0.747392
0.780941
0.756866
0.716122
0.766311
0.738221
0.738589
0.742727
0.771468
0.744201
0.779044
0.753190
0.751912
0.752318
0.747868
0.718465
0.704138
0.719525
0.752323
0.736026
0.718556
0.724644
0.740651
0.702004
0.763765
0.776847
0.789025
0.719527
0.742429
0.743121
0.775719
0.763606
0.756619
0.735438
0.715923
0.764618
0.714080
0.748505
0.742043
0.733886
0.749164
0.790588
0.773942
0.772464
0.793671
0.795666
0.769427
0.806614
0.804177
0.801176
0.807028
0.810310
0.820494
0.814587
0.821932
0.779937
0.824887
0.828476
0.856455
0.809499
0.813905
0.809000
0.795606
0.844682
0.806856
0.819412
0.823792
0.819180
0.826730
0.836800
0.835570
0.831219
0.829722
0.856597
0.881718
0.844339
0.858017
0.860399
0.884147
0.884752
0.875064
0.860916
0.847790
0.854240
0.863018
0.878248
0.871106
0.853394
0.879512
0.878308
0.880216
0.893097
0.886191
0.865199
0.865463
0.868191
0.860757
0.875873
0.888768
0.873979
0.864217
0.870360
0.863763
0.862545
0.879897
0.915646
0.904435
0.909656
0.909730
0.892335
0.907775
0.916608
0.916589
0.905560
0.909838
0.910668
0.919518
0.907759
0.911106
0.900234
0.918403
0.929153
0.927601
0.938341
0.945711
0.927919
0.932362
0.946730
0.939620
0.949468
0.944845
0.943562
0.954874
0.953779
0.945800
0.962701
0.961503
0.961879
0.967193
0.963054
0.959931
0.950561
0.953912
0.957706
0.955894
0.950178
0.942784
0.943885
0.936830
0.951487
0.937247
0.932567
0.929573
0.948983
0.944545
0.937832
0.936951
0.936701
0.928117
0.946611
0.942895
0.936923
0.932906
0.933573
0.937222
0.925877
0.942564
0.913133
0.926773
0.947893
0.933496
0.930667
0.932541
0.926920
0.924078
0.945055
0.929792
0.931175
0.924689
0.936811
0.932058
0.941085
0.932686
0.926655
0.936952
0.940929
0.937506
0.937121
0.927099
0.929951
0.918962
0.929311
0.926238
0.924019
0.926597
0.924408
0.919121
0.923667
0.925677
0.912177
0.930797
0.923251
0.917601
0.916102
0.920181
0.912376
0.891045
0.911123
0.883142
0.885174
0.876480
0.828577
0.821597
0.836436
0.832828
0.759206
0.779638
0.789407
0.792207
0.742769
0.770372
0.746565
0.763569
0.756991
0.740536
0.726556
0.755173
0.721028
0.727119
0.730087
0.734539
0.648824
0.701636
0.743389
0.738868
0.702107
0.704002
0.690884
0.737785
0.696303
0.715733
0.670255
0.687006
0.644092
0.654273
0.692022
0.707014
0.665528
0.662756
0.741878
0.721827
0.743476
0.743008
0.730097
0.773457
0.738556
0.764259
0.747062
0.785615
0.814082
0.803588
0.812964
0.823174
0.861741
0.871780
0.908905
0.894064
0.900003
0.901447
0.890787
0.895488
0.919466
0.919801
0.905469
0.902256
0.902241
0.910017
0.912526
0.907811
0.911557
0.926020
0.919577
0.925001
0.905935
0.914404
0.897949
0.892968
0.901008
0.889277
0.881909
0.868272
0.880395
0.884926
0.869982
0.867564
0.841194
0.876540
0.844442
0.844369
0.843546
0.807591
0.830675
0.823427
0.776494
0.775056
0.695042
0.763914
0.709220
0.717303
0.755427
0.760610
0.607401
0.662155
0.685032
0.674675
0.679570
0.653932
0.697696
0.654439
0.655701
0.626343
0.647284
0.640451
0.584555
0.579766
0.615039
0.677803
0.582265
0.654665
0.575739
0.547400
0.543041
0.508112
0.449688
0.495428
0.384787
0.393115
0.383000
0.403426
0.263711
0.316858
0.311818
0.333325
0.210412
0.186588
0.193206
0.186330
0.205876
0.203753
0.129797
0.181358
0.140976
0.180561
0.151111
0.170057
0.108421
0.062474
0.103741
0.097879
0.068891
0.054212
0.072143
0.090850
0.078684
0.081080
0.071571
0.071174
0.071905
0.068169
0.106254
0.092256
0.051118
0.073625
0.085139
0.096656
0.051502
0.049178
0.070703
0.072996
0.074327
0.062249
0.078991
0.059703
0.047993
0.061260
0.048485
0.041164
0.040526
0.047568
0.061808
0.073035
0.040286
0.027578
0.031115
0.058172
0.049265
0.020919
0.028642
0.051262
0.033909
0.046211
0.040517
0.040047
0.023042
0.039731
0.006370
0.075934
0.023223
0.020812
0.020434
0.050305
0.020694
0.027183
0.030774
0.047023
0.026693
0.038002
0.030810
0.033434
0.014008
0.006875
0.012852
0.047734
0.029955
0.014781
0.014919
0.046455
0.017849
-0.007861
0.014607
0.035737
0.015439
0.041829
0.038651
0.027904
-0.004337
0.004948
0.025791
0.040482
0.020262
0.027997
0.018873
0.051573
0.024527
-0.006911
0.042151
0.047881
-0.012262
0.029861
0.046776
0.034213
-0.001081
0.016838
0.033995
0.025117
0.042600
0.019667
0.034525
0.032238
0.030131
0.012969
0.034588
0.034966
0.002522
0.014862
0.025748
0.047470
0.028133
0.028316
0.006421
0.057620
0.020800
0.003749
0.034370
0.050090
0.037601
-0.003133
0.024144
0.035945
0.003848
0.047321
0.041218
0.017914
-0.016513
-0.018085
0.034297
0.072187
0.028489
0.025233
0.005108
0.044379
0.041591
-0.000242
0.015033
0.030316
0.000697
0.029481
0.033472
0.030541
-0.022885
0.009245
0.026326
0.039544
0.036031
0.007689
0.027632
0.046251
0.045213
0.008787
0.047862
0.036797
0.015581
0.037991
0.061695
0.050696
0.053163
0.078058
0.045462
0.042435
0.053060
0.010685
0.073511
0.070429
0.054585
0.023916
0.052895
0.066495
0.053377
0.046551
0.045634
0.071935
0.017599
0.017704
0.056015
0.062702
0.036370
0.011340
0.053993
0.060453
0.054180
0.019964
0.036125
0.067526
0.001843
0.050532
0.073275
0.045221
0.024827
0.028912
0.070242
0.059858
0.055529
