0.117261
0.050753
0.073395
0.057047
0.009508
0.054847
0.078791
0.010915
0.074821
0.043176
0.033268
0.037591
0.017944
0.042671
0.061102
0.024766
0.016974
0.036947
0.055992
0.029562
0.014525
0.016579
0.039494
0.019832
0.045630
0.040283
0.040315
0.021550
0.022005
0.028909
0.061362
0.041370
0.024730
0.043744
0.072930
0.041803
0.027476
0.049554
0.065084
0.039685
0.052424
0.057637
0.076067
0.039581
0.081612
0.081376
0.072678
0.090799
0.050689
0.069760
0.076798
0.049011
0.043487
0.072108
0.076739
0.020631
0.049433
0.061867
0.066260
0.004914
0.033738
0.056679
0.087756
0.035182
0.033257
0.049295
0.073809
0.070002
0.052547
0.085328
0.079202
0.034362
0.061494
0.054735
0.064675
0.041665
0.048047
0.063160
0.079160
0.049432
0.046243
0.062010
0.088221
0.074230
0.041614
0.036561
0.069195
0.044558
0.078094
0.082781
0.075556
0.064601
0.079400
0.082832
0.073828
0.089985
0.057322
0.132231
0.142096
0.138642
0.155079
0.158454
0.125379
0.185540
0.188755
0.185709
0.181047
0.206909
0.196943
0.241499
0.239035
0.246125
0.245910
0.310410
0.368555
0.395021
0.393113
0.373904
0.412582
0.403384
0.452106
0.468218
0.470605
0.440043
0.459879
0.498728
0.576468
0.502152
0.590499
0.566478
0.586279
0.542125
0.565690
0.529297
0.495458
0.520553
0.520740
0.496808
0.505295
0.451539
0.481274
0.479821
0.554975
0.433558
0.478438
0.489047
0.498781
0.454138
0.476411
0.447054
0.463461
0.494413
0.469744
0.409053
0.480020
0.389265
0.375249
0.420222
0.406903
0.357509
0.343339
0.380655
0.372600
0.397721
0.403863
0.364755
0.395332
0.371751
0.402839
0.347531
0.349554
0.329592
0.316512
0.394740
0.335588
0.299130
0.298997
0.352715
0.343187
0.345822
0.326680
0.373957
0.348573
0.402685
0.374817
0.337886
0.352916
0.358930
0.319105
0.419610
0.405788
0.368254
0.395486
0.369367
0.368825
0.308692
0.325230
0.280292
0.259841
0.244889
0.232019
0.225741
0.231207
0.185894
0.183646
0.242110
0.195545
0.156560
0.139130
0.174713
0.178331
0.151174
0.139690
0.114706
0.154377
0.069366
0.103872
0.077296
0.106379
0.077304
0.060427
0.080191
0.092544
0.063894
0.035305
0.065814
0.080389
0.087822
0.085437
0.077245
0.086979
0.110796
0.148219
0.117818
0.140288
0.112214
0.115601
0.138537
0.127056
0.159370
0.124632
0.142740
0.176045
0.130105
0.130288
0.126481
0.134012
0.102031
0.148919
0.134812
0.135271
0.114027
0.121622
0.146892
0.124720
0.111549
0.105215
0.192477
0.143048
0.141256
0.131948
0.110203
0.119167
0.090359
0.126760
0.117488
0.144992
0.087208
0.082594
0.108153
0.111853
0.070744
0.067897
0.081115
0.092843
0.094772
0.077738
0.072975
0.062689
0.032156
0.059677
0.042167
0.069401
0.036002
0.059297
0.044141
0.077709
0.047633
0.043781
0.051593
0.083258
0.091527
0.057161
0.074580
0.079845
0.063949
0.065509
0.067836
0.092353
0.067968
0.088822
0.096354
0.081576
0.045988
0.035897
0.084921
0.090050
0.057117
0.072839
0.080894
0.062485
0.046225
0.073535
0.065274
0.078353
0.063993
0.048114
0.074699
0.088369
0.034530
0.044652
0.088171
0.102557
0.117110
0.081692
0.087638
0.077890
0.053233
0.076113
0.099529
0.080281
0.065222
0.080762
0.084475
0.091401
0.044906
0.054853
0.079038
0.091435
0.096716
0.065495
0.088095
0.108819
0.086429
0.102509
0.100215
0.119363
0.111625
0.117062
0.112144
0.146280
0.114680
0.122044
0.224611
0.234763
0.256682
0.210571
0.280295
0.275327
0.263534
0.329688
0.296168
0.319875
0.316856
0.345303
0.393166
0.389889
0.374444
0.401581
0.490627
0.476053
0.436847
0.460868
0.416594
0.398247
0.406354
0.412673
0.392269
0.405770
0.323989
0.391151
0.364222
0.487299
0.401151
0.467012
0.390123
0.460920
0.420538
0.437671
0.344152
0.448847
0.394496
0.452578
0.378943
0.410799
0.345084
0.387770
0.386796
0.399940
0.349794
0.378359
0.458475
0.508809
0.518035
0.541806
0.581904
0.562807
0.642409
0.648264
0.615843
0.625145
0.611438
0.631690
0.677444
0.646731
0.705875
0.710583
0.715913
0.717502
0.670723
0.654864
0.644935
0.686498
0.598895
0.642214
0.614075
0.633893
0.615361
0.644616
0.684765
0.680272
0.631128
0.661070
0.657373
0.672991
0.611401
0.633918
0.578283
0.598587
0.569259
0.576162
0.497799
0.541305
0.462462
0.490765
0.513582
0.516688
0.425160
0.405568
0.428871
0.417194
0.460440
0.456457
0.472795
0.456341
0.475205
0.448630
0.452277
0.436585
0.447015
0.443851
0.485350
0.514273
0.414997
0.452283
0.447719
0.538557
0.500118
0.510367
0.485437
0.542698
0.547276
0.553317
0.468386
0.478442
0.496192
0.469592
0.517840
0.555493
0.458871
0.510652
0.563053
0.538232
0.523718
0.528983
0.514688
0.524035
0.511328
0.490677
0.497209
0.549517
0.489487
0.507048
0.521501
0.597502
0.490256
0.524927
0.533804
0.522011
0.429874
0.455479
0.429805
0.475200
0.459535
0.431374
0.373098
0.330258
0.393243
0.314224
0.454711
0.379029
0.302967
0.300645
0.321909
0.327436
0.273276
0.311827
0.284526
0.289102
0.264042
0.338345
0.225024
0.253544
0.200818
0.224523
0.254084
0.218648
0.157670
0.125130
0.214416
0.233677
0.195213
0.251397
0.187924
0.160497
0.238897
0.222035
0.224245
0.200238
0.179155
0.177675
0.190166
0.211133
0.182989
0.230260
0.282415
0.280760
0.291707
0.276341
0.263468
0.245547
0.286550
0.299221
0.274846
0.246221
0.252301
0.217942
0.307293
0.278888
0.272188
0.302523
0.278084
0.293192
0.278093
0.289700
0.263394
0.207530
0.210623
0.197779
0.222581
0.194095
0.134601
0.163346
0.187219
0.161387
0.135272
0.085204
0.158019
0.163272
0.161305
0.157920
0.138714
0.103914
0.153186
0.163416
0.165120
0.165252
0.112510
0.129297
0.103384
0.125054
0.119186
0.065274
0.172529
0.089609
0.158126
0.101673
0.109952
0.069349
0.086284
0.094016
0.113432
0.110645
0.069312
0.091059
0.092812
0.107164
0.051686
0.062299
0.101338
0.096221
0.104469
0.077668
0.055964
0.087813
0.057379
0.079444
0.088103
0.058873
0.058521
0.033378
0.095101
0.096537
0.012166
0.037501
0.076730
0.040970
0.056972
0.030572
0.025746
0.038905
0.034916
0.036062
0.069740
0.045072
-0.009370
0.027759
0.028779
0.084959
0.036016
0.006049
0.035623
0.055630
0.027626
0.026776
0.030581
0.043627
0.009922
0.054652
0.036545
0.041033
0.028208
0.050970
0.014232
0.072058
0.038510
0.032559
0.034083
0.061531
0.061417
0.020959
0.059419
0.073813
0.030784
0.058286
0.063967
0.046868
0.026568
0.050413
0.045135
0.057444
0.030884
0.044886
0.037638
0.056855
0.041787
0.026967
0.050073
0.059172
0.014074
0.059648
0.056376
0.054730
0.014196
0.022437
0.039887
0.070001
0.033436
0.024950
0.027008
0.069062
0.003390
0.014169
0.043628
0.060437
0.005152
0.057668
0.043474
0.032249
0.019602
0.035767
0.052873
0.048322
0.025716
0.037727
0.031031
0.052210
0.051414
0.001717
0.037879
0.061220
0.029698
0.044613
0.065460
0.034210
0.030278
0.020430
0.010428
0.072506
0.031490
0.022001
0.027866
0.059968
0.038661
0.026707
0.033808
0.058931
0.005291
0.046626
0.033464
0.031168
0.019757
0.035459
0.070474
0.060685
0.049234
0.040465
0.041530
0.064652
0.039674
0.025041
0.055683
0.050001
0.034271
0.066258
0.045241
0.059203
0.004676
0.040586
0.067037
0.063056
0.051482
0.028503
0.049170
0.067521
0.058233
0.032679
0.031079
0.104733
0.009291
0.042949
0.041701
0.023106
0.015406
0.049093
0.058142
0.053606
0.055398
0.027529
0.053467
0.059745
0.040038
0.011870
0.019375
0.077121
0.012334
0.043342
0.046995
0.045506
0.002719
0.027479
0.062731
0.057071
0.032630
0.032916
0.040359
0.036889
0.059879
0.017726
0.045544
0.065702
0.007126
0.055596
0.049163
0.048246
0.031138
0.020902
0.052587
0.051047
0.037831
0.023372
0.037735
0.053542
0.035102
0.035618
0.025167
0.046419
-0.004845
0.057419
0.031652
0.028304
-0.014515
0.020105
0.033531
0.076279
0.031255
0.024680
0.025217
0.054925
0.012003
0.007701
0.026731
0.064902
0.019350
0.058090
0.036939
0.015135
0.008184
0.003561
0.048970
0.054655
0.024004
0.023866
0.022216
0.059840
0.036393
0.006088
0.022652
0.069617
0.012147
0.054519
0.042504
0.045304
0.018581
0.027037
0.033393
0.052660
0.049160
0.020652
0.034456
0.062730
0.039669
0.041884
0.044581
0.051859
0.010733
0.046094
0.057518
0.039465
0.010469
0.060555
0.069142
0.057177
0.049593
0.048238
0.033441
0.082506
0.080114
0.066239
0.071243
0.061797
0.048623
0.076207
0.089826
0.085165
0.084990
0.054078
0.091270
0.095293
0.081318
0.041901
0.086546
0.125781
0.092305
0.132015
0.061509
0.084657
0.128390
0.123069
0.147524
0.116733
0.123747
0.132164
0.163870
0.121655
0.112545
0.137592
0.170868
0.182368
0.187568
0.207748
0.184820
0.186989
0.180771
0.223761
0.236471
0.188101
0.224002
0.227533
0.265336
0.295179
0.250066
0.269510
0.294417
0.365317
0.326052
0.370267
0.289611
0.314153
0.329777
0.341132
0.344006
0.311519
0.349759
0.321402
0.364086
0.352437
0.351233
0.391631
0.373817
0.435373
0.424978
0.479349
0.441366
0.494635
0.490083
0.498911
0.448568
0.471590
0.462968
0.467244
0.514644
0.527691
0.464352
0.542968
0.523398
0.522362
0.543498
0.529692
0.524298
0.516710
0.487113
0.490785
0.472134
0.472206
0.430096
0.454486
0.474008
0.529535
0.459993
0.489133
0.364050
0.418057
0.370290
0.384815
0.322093
0.322132
0.245188
0.250792
0.259440
0.211299
0.183167
0.195624
0.190558
0.173807
0.139839
0.125696
0.175715
0.143447
0.173809
0.185992
0.137918
0.106229
0.119378
0.121329
0.175697
0.150185
0.082434
0.117210
0.150444
0.118780
0.074591
0.069450
0.089110
0.128501
0.099835
0.111886
0.108149
0.079105
0.077343
0.090829
0.096117
0.117168
0.052845
0.068518
0.095529
0.080135
0.044396
0.047375
0.084859
0.073296
0.076748
0.055504
0.043347
0.072031
0.042042
0.067549
0.133481
0.076008
0.023598
0.038529
0.071599
0.076710
0.052446
