0.119588
0.036472
0.058087
0.066197
0.014285
0.058566
0.056846
0.026161
0.062172
0.036421
0.034471
0.004366
0.010759
0.037145
0.038429
0.015304
0.027329
0.017090
0.046520
0.055638
0.014871
0.024577
0.041549
-0.008532
0.031111
0.059843
0.032125
0.000848
0.019199
0.019882
0.041248
0.031184
0.010746
0.011104
0.043665
0.013037
-0.005627
0.041888
0.038425
0.018064
0.067428
0.039231
0.015759
0.010612
0.019822
0.028341
0.047804
0.038246
0.043811
0.013280
0.077257
0.019810
0.025348
0.023767
0.046404
0.002781
0.048192
0.038157
0.038477
0.021067
0.024778
0.028979
0.047817
0.017557
0.020734
0.061097
0.059277
0.043094
0.044622
0.022825
0.030124
-0.012429
0.034100
0.059646
0.033074
0.004699
0.032886
0.023203
0.034716
0.033803
0.019845
0.007761
0.076724
0.015072
-0.003146
0.039495
0.057704
0.000168
0.043530
0.060341
0.050807
-0.006614
0.029897
0.053394
0.050279
0.032771
-0.002028
0.049122
0.063880
0.013925
0.032702
0.025141
0.045952
0.025139
0.048193
0.046920
0.034995
0.007232
0.028226
0.026352
0.037620
0.036516
0.017413
0.036713
0.052568
0.020596
0.006753
0.032602
0.037869
-0.000427
0.033277
0.027224
0.033806
0.001663
0.027111
0.025596
0.046118
0.024294
0.002855
0.042036
0.048899
0.020659
-0.001719
0.021953
0.046389
0.005755
0.028222
0.035053
0.047982
0.000076
0.016537
0.041814
0.025733
0.024014
0.027535
-0.000183
0.042896
0.030998
0.020677
0.029398
0.040378
-0.009776
0.035732
0.044926
0.035799
0.004368
0.026857
0.024841
0.042542
0.021802
0.016752
0.027145
0.050876
0.018708
0.009949
0.029117
0.038470
0.000844
0.035623
0.034762
0.026608
0.011824
0.014844
0.018872
0.026061
0.019938
0.009580
0.019349
0.052123
0.012095
-0.007193
0.033103
0.044294
-0.003727
0.035502
0.034133
0.032892
-0.013025
0.000192
0.024573
0.033958
0.037655
0.028085
0.001434
0.042555
0.023933
-0.003870
0.016344
0.024822
0.015076
0.031745
0.030737
0.034833
-0.014086
0.003970
0.000468
0.034632
0.043987
0.012395
0.004814
0.053002
0.006625
-0.002505
0.024781
0.049583
0.018535
0.038606
0.031414
0.046712
-0.006606
0.020980
0.036033
0.039198
0.009022
0.030991
0.007410
0.047086
0.022804
0.003550
0.009198
0.041857
0.005036
0.035774
0.028480
0.018655
-0.001847
-0.002160
0.029138
0.042537
0.036703
0.025590
0.017323
0.053186
0.014706
0.014364
-0.004590
0.032815
0.019011
0.052777
0.038890
0.026580
0.005996
0.010670
0.044465
0.037231
0.041837
0.027225
0.016551
0.050559
0.007012
0.005234
0.026291
0.039870
0.016984
0.042464
0.036613
0.041878
0.005488
0.002405
0.020618
0.049558
0.029852
0.006930
0.026981
0.060061
0.004628
0.004064
0.029500
0.060061
-0.001298
0.051676
0.050290
0.031318
0.049589
0.026388
0.027749
0.029089
0.044111
0.014313
0.027432
0.078695
0.019612
0.001277
0.034787
0.080175
0.014085
0.059503
0.059525
0.030896
0.037315
0.023166
0.073577
0.052069
0.056016
0.014131
0.023971
0.047275
0.053597
0.036888
0.041604
0.043264
0.007914
0.052857
0.038162
0.033381
0.026054
0.037550
0.013965
0.040503
0.035582
0.013016
0.020560
0.061890
0.028652
0.033066
0.041708
0.049715
0.023630
0.051733
0.058047
0.028939
0.022974
0.028225
0.043726
0.040900
0.015305
0.032662
0.007282
0.055099
0.026014
0.010486
0.045848
0.067147
0.046881
0.074750
0.043956
0.047696
0.053685
0.051388
0.063652
0.052098
0.040184
0.041536
0.057059
0.110613
0.049282
0.087421
0.077119
0.095703
0.051732
0.088484
0.056497
0.079792
0.063933
0.072544
0.131724
0.078329
0.060824
0.049555
0.076594
0.085481
0.066792
0.121653
0.069520
0.098146
0.072536
0.091609
0.101837
0.107853
0.128068
0.133362
0.129417
0.094238
0.107005
0.097036
0.138994
0.140330
0.186332
0.173049
0.210385
0.160335
0.225315
0.219750
0.190857
0.263468
0.206582
0.244982
0.290915
0.283632
0.241796
0.233219
0.333776
0.344023
0.349965
0.340132
0.349900
0.351435
0.359242
0.373604
0.356187
0.365003
0.365135
0.435944
0.443448
0.471067
0.403405
0.443438
0.541670
0.509164
0.508472
0.562125
0.494039
0.581231
0.546869
0.576974
0.587946
0.615442
0.617959
0.589228
0.633891
0.641125
0.651349
0.663620
0.748433
0.742170
0.762950
0.781497
0.796246
0.794547
0.837388
0.816158
0.825172
0.828587
0.827862
0.844658
0.845317
0.856650
0.865074
0.867016
0.908452
0.888815
0.908426
0.916656
0.916401
0.911153
0.934892
0.920180
0.922640
0.928754
0.935197
0.940245
0.944978
0.944928
0.957485
0.956157
0.969224
0.962723
0.970456
0.972064
0.968932
0.964231
0.979219
0.977518
0.968368
0.972669
0.974399
0.975835
0.979392
0.970514
0.978678
0.974008
0.981223
0.979068
0.981833
0.979999
0.978554
0.980076
0.982185
0.977869
0.976397
0.972014
0.974725
0.977497
0.976658
0.974840
0.974602
0.978512
0.981367
0.977747
0.981992
0.983089
0.985133
0.981623
0.987091
0.984075
0.981179
0.983560
0.982368
0.984582
0.983930
0.985111
0.979699
0.983912
0.988670
0.986463
0.991413
0.992292
0.992827
0.991947
0.994745
0.993117
0.992316
0.992370
0.992850
0.993730
0.994610
0.993206
0.994451
0.993872
0.995053
0.994450
0.993965
0.993712
0.993224
0.992138
0.995600
0.992131
0.991383
0.992029
0.991609
0.992313
0.991900
0.989155
0.990066
0.991466
0.993189
0.992168
0.992662
0.992454
0.991947
0.989660
0.994649
0.991886
0.992361
0.989090
0.989624
0.988026
0.985919
0.983086
0.980837
0.985388
0.986947
0.987512
0.986687
0.986578
0.984937
0.983410
0.988614
0.985250
0.983578
0.983712
0.982512
0.983207
0.984307
0.979081
0.982388
0.981521
0.985294
0.986115
0.986321
0.983997
0.984487
0.982712
0.985126
0.983650
0.978918
0.976896
0.978735
0.979421
0.979850
0.975183
0.970478
0.971015
0.980875
0.982149
0.979172
0.982377
0.980810
0.979388
0.987547
0.984555
0.985708
0.985012
0.987893
0.985201
0.985720
0.984754
0.985398
0.987533
0.991393
0.987908
0.991802
0.989386
0.988583
0.988489
0.991474
0.989167
0.987921
0.985578
0.984623
0.983471
0.987553
0.984831
0.979664
0.980338
0.984952
0.983076
0.986903
0.984761
0.983459
0.981659
0.985877
0.981784
0.976767
0.976125
0.980535
0.980008
0.977881
0.977563
0.970329
0.969949
0.976566
0.971317
0.974328
0.971630
0.972021
0.966042
0.977906
0.965919
0.972802
0.968755
0.965218
0.970602
0.969010
0.966040
0.967477
0.973344
0.975968
0.976618
0.972853
0.973477
0.973423
0.962720
0.975320
0.968571
0.967148
0.969876
0.960883
0.967518
0.960759
0.962786
0.953479
0.963880
0.971890
0.968594
0.971617
0.974367
0.970518
0.967280
0.978363
0.973804
0.973072
0.972956
0.969453
0.965458
0.969263
0.965971
0.961031
0.961848
0.971354
0.967284
0.969242
0.967923
0.963709
0.964137
0.974439
0.970604
0.957918
0.963994
0.963804
0.967849
0.970827
0.961818
0.965800
0.966332
0.970061
0.964440
0.967595
0.967881
0.967222
0.958174
0.973015
0.963699
0.958453
0.959715
0.953178
0.956158
0.957716
0.950051
0.941259
0.952934
0.949041
0.949219
0.946630
0.952563
0.932253
0.942312
0.937843
0.936689
0.921040
0.924214
0.913838
0.924542
0.911373
0.921028
0.901243
0.915140
0.919018
0.912963
0.906171
0.916138
0.906848
0.898981
0.918349
0.905511
0.897526
0.906818
0.900921
0.893473
0.909246
0.896724
0.889829
0.906149
0.919021
0.908733
0.912407
0.904775
0.910157
0.916377
0.923248
0.912453
0.907003
0.902829
0.896802
0.912047
0.901043
0.902699
0.878217
0.899461
0.892622
0.900148
0.896502
0.885470
0.883306
0.876405
0.875767
0.867190
0.849618
0.859822
0.825981
0.831709
0.828778
0.833039
0.752665
0.795016
0.812329
0.797094
0.751242
0.765564
0.735763
0.741112
0.740084
0.705047
0.705904
0.714291
0.637286
0.692506
0.639078
0.684252
0.603158
0.671509
0.581842
0.640312
0.516501
0.541464
0.484129
0.419605
0.442034
0.440355
0.386984
0.380505
0.286985
0.331069
0.371274
0.364555
0.238599
0.274122
0.222907
0.225377
0.196822
0.208915
0.109849
0.150155
0.106719
0.134720
0.138518
0.129001
0.047009
0.077411
0.054594
0.076491
0.015163
0.013336
0.043266
0.055931
0.038817
0.017823
0.025521
0.055168
0.001829
0.049259
0.041881
0.022397
0.006429
0.012094
0.023627
0.056553
0.019723
0.051120
0.023918
0.060915
0.033532
0.016151
0.022228
0.064770
0.008467
0.039035
0.061335
0.028106
-0.013824
0.006460
0.039468
0.051371
0.029473
0.014420
0.033700
0.037755
0.013309
-0.004927
0.031680
0.048615
-0.001337
0.036225
0.036428
0.036316
0.009258
0.026254
0.002785
0.038681
0.048749
0.020133
0.010026
0.033102
0.016499
-0.008716
0.010921
0.029951
0.008467
0.044525
0.038471
0.014520
-0.010528
-0.012244
-0.001418
0.029061
0.036440
0.022323
0.005281
0.032569
0.048610
-0.008493
0.027237
0.042037
0.002750
0.050558
0.044867
0.013912
-0.011178
-0.011483
0.023886
0.021429
0.033029
0.016018
-0.006915
0.038102
0.014953
-0.021398
0.033807
0.041733
-0.001514
0.042328
0.048446
0.018419
-0.009162
-0.007844
0.014546
0.062304
-0.001462
0.011148
0.009933
0.031831
0.029966
-0.008284
0.014603
0.018319
-0.007623
0.041394
0.051746
0.024686
-0.031398
-0.006142
0.039362
0.021095
0.018404
0.017401
-0.001576
0.042347
0.026747
0.004710
0.014640
0.034743
0.002925
0.040146
0.036083
0.027919
-0.015505
-0.012394
0.017527
0.064366
0.030298
0.010018
0.002700
0.037202
0.040439
-0.007938
0.018008
0.037302
0.000615
0.028244
0.024434
0.012972
0.004496
-0.017943
0.013141
0.036870
0.015342
0.023446
0.005932
0.041264
0.015421
-0.022952
0.019911
0.021525
0.013992
0.032808
0.036708
0.007863
-0.009415
-0.002834
0.023235
0.024052
0.021649
0.021059
0.019361
0.042145
0.022601
0.011058
0.032645
0.042679
0.002485
0.041832
0.038360
0.032536
-0.000871
0.010585
0.024620
0.036695
0.042306
0.009966
0.024592
0.047082
0.035422
0.029172
0.039707
0.056636
0.025071
0.058172
0.086062
0.061025
0.026618
0.047427
0.056059
0.066160
0.054398
