0.126894
0.050328
0.074076
0.074558
0.025766
0.081764
0.084910
0.040533
0.094933
0.036399
0.053405
0.080858
0.058859
0.083515
0.065599
0.068898
0.051324
0.069419
0.114362
0.064911
0.066837
0.072338
0.100912
0.079188
0.083620
0.075244
0.059506
0.114582
0.115342
0.121086
0.089955
0.082979
0.075539
0.099927
0.115870
0.142558
0.106630
0.147874
0.133719
0.118914
0.138919
0.153839
0.157070
0.157436
0.146121
0.206248
0.175076
0.173677
0.160980
0.216759
0.244172
0.252693
0.212568
0.217541
0.253368
0.209770
0.252605
0.177859
0.194371
0.180060
0.144651
0.248766
0.179761
0.094255
0.109047
0.096060
0.162497
0.141013
0.158757
0.145556
0.108233
0.091694
0.137052
0.122743
0.139996
0.084120
0.106331
0.103292
0.123972
0.095475
0.097982
0.151520
0.131630
0.111150
0.105936
0.116130
0.107373
0.109109
0.140703
0.066642
0.119534
0.102409
0.118353
0.161353
0.163431
0.125948
0.120001
0.157088
0.184700
0.222836
0.249383
0.208440
0.249270
0.236303
0.272489
0.240581
0.258425
0.280333
0.285272
0.317432
0.341824
0.355874
0.370084
0.395412
0.425128
0.421071
0.450850
0.456004
0.451181
0.479115
0.445305
0.435165
0.470058
0.439077
0.459359
0.518398
0.540746
0.525348
0.529753
0.516291
0.547846
0.525446
0.552309
0.509658
0.576217
0.484325
0.486715
0.410988
0.480110
0.390133
0.366949
0.398000
0.408808
0.259560
0.286930
0.289748
0.262514
0.263603
0.253740
0.222562
0.210952
0.188769
0.199904
0.169068
0.201927
0.112535
0.154120
0.147848
0.144206
0.094857
0.113155
0.145424
0.115615
0.118867
0.119462
0.116129
0.121790
0.094427
0.128516
0.085459
0.112497
0.064991
0.076002
0.081468
0.097622
0.076804
0.038219
0.070089
0.124182
0.132516
0.092071
0.123230
0.110548
0.112836
0.162323
0.127424
0.137706
0.121993
0.134730
0.182255
0.193133
0.119377
0.129594
0.139723
0.137420
0.151473
0.125398
0.136978
0.121172
0.099561
0.110068
0.139761
0.144673
0.097172
0.103388
0.182567
0.160189
0.147379
0.099649
0.157673
0.164677
0.127144
0.114664
0.096765
0.100422
0.073099
0.091505
0.103411
0.078994
0.069580
0.077654
0.102705
0.084255
0.056790
0.041682
0.088299
0.127429
0.076286
0.136059
0.111997
0.106212
0.150656
0.135716
0.160335
0.142188
0.156429
0.117694
0.191043
0.210062
0.178036
0.174400
0.223587
0.266072
0.260065
0.246372
0.247456
0.257463
0.231476
0.312723
0.291739
0.277126
0.248309
0.262950
0.331416
0.323695
0.320993
0.339202
0.359665
0.349743
0.353538
0.349265
0.359888
0.330411
0.354460
0.320315
0.296932
0.340026
0.302564
0.289479
0.323734
0.365536
0.212478
0.227233
0.299820
0.332767
0.335892
0.323226
0.347704
0.396626
0.386178
0.423320
0.370779
0.411632
0.446839
0.413399
0.498248
0.538331
0.478544
0.521702
0.603726
0.576651
0.641471
0.621329
0.594143
0.637743
0.618029
0.629637
0.604627
0.633833
0.600783
0.603010
0.657963
0.644659
0.611339
0.661580
0.682208
0.746846
0.739868
0.761989
0.759152
0.783668
0.799096
0.781673
0.807876
0.808489
0.831205
0.800384
0.850816
0.841453
0.866240
0.872442
0.917277
0.913986
0.924330
0.917471
0.901687
0.913579
0.921758
0.921620
0.912067
0.917755
0.907928
0.913170
0.923618
0.936391
0.936687
0.944498
0.959655
0.955317
0.960477
0.963272
0.956780
0.960422
0.974152
0.962494
0.968970
0.960883
0.967198
0.968237
0.976050
0.970769
0.974354
0.976500
0.983223
0.978976
0.981829
0.980618
0.978825
0.975900
0.982910
0.975945
0.972386
0.975782
0.970542
0.971528
0.965980
0.968030
0.966044
0.966705
0.975494
0.974772
0.966123
0.967661
0.963505
0.961596
0.969956
0.955406
0.960731
0.955146
0.956634
0.956501
0.957555
0.953102
0.946132
0.957592
0.960269
0.944483
0.948712
0.944187
0.933624
0.936463
0.939885
0.925793
0.914179
0.924464
0.891462
0.901927
0.900764
0.897392
0.849350
0.860838
0.873372
0.860471
0.814374
0.813097
0.788793
0.788716
0.792304
0.745051
0.752005
0.749822
0.668212
0.634571
0.689609
0.702440
0.622803
0.665724
0.652961
0.645627
0.612911
0.633951
0.598608
0.623561
0.583031
0.584105
0.542212
0.542059
0.468617
0.484565
0.558520
0.587642
0.428319
0.472349
0.464687
0.519671
0.495485
0.446594
0.452124
0.471393
0.479453
0.415894
0.421170
0.440261
0.453117
0.410318
0.454985
0.465357
0.386197
0.418816
0.376062
0.380551
0.397392
0.413099
0.404396
0.347841
0.391604
0.382017
0.407258
0.356842
0.307730
0.307529
0.338094
0.318691
0.243996
0.259355
0.358732
0.356795
0.378443
0.352911
0.309375
0.364801
0.323891
0.364133
0.351511
0.377108
0.323730
0.358712
0.402074
0.383157
0.400184
0.424576
0.371842
0.399814
0.418081
0.381627
0.389041
0.390387
0.348567
0.381821
0.344822
0.362588
0.323842
0.340144
0.390605
0.376817
0.335361
0.351369
0.385268
0.413839
0.387006
0.356832
0.300320
0.350685
0.348564
0.342137
0.357595
0.317134
0.269580
0.233446
0.274363
0.301825
0.246913
0.246048
0.311115
0.291795
0.306261
0.290358
0.265098
0.304845
0.301566
0.305326
0.241181
0.277050
0.278076
0.303834
0.307679
0.320965
0.259589
0.325205
0.328793
0.374148
0.350989
0.295564
0.336984
0.299524
0.310082
0.299130
0.362525
0.327591
0.328390
0.297076
0.345799
0.350912
0.338110
0.354590
0.429107
0.372773
0.397453
0.411238
0.415447
0.474265
0.381154
0.425821
0.366615
0.418730
0.387931
0.385506
0.391314
0.473769
0.319484
0.382573
0.394204
0.365390
0.359446
0.335054
0.290407
0.287773
0.245044
0.253939
0.240476
0.260176
0.212644
0.159894
0.193006
0.223974
0.128448
0.180346
0.180149
0.192626
0.207431
0.143083
0.148242
0.123607
0.120967
0.150486
0.134959
0.114115
0.107860
0.123015
0.137898
0.122797
0.110237
0.114364
0.092038
0.146323
0.126102
0.091493
0.089728
0.106958
0.061644
0.088396
0.080315
0.085738
0.042507
0.083310
0.093144
0.059731
0.058891
0.056101
0.045380
0.079334
0.066775
0.035805
0.045206
0.077866
0.033858
0.059853
0.107797
0.058315
0.046949
0.084599
0.097685
0.082614
0.085630
0.061497
0.062094
0.104653
0.112541
0.046830
0.079240
0.100126
0.069963
0.080216
0.053442
0.078841
0.077658
0.065697
0.083325
0.082789
0.044267
0.019893
0.064737
0.097999
0.102360
0.070777
0.079173
0.088798
0.054131
0.071613
0.071392
0.065962
0.006667
0.063485
0.047769
0.079788
0.062381
0.065536
0.072839
0.085136
0.060364
0.047068
0.045999
0.060879
0.040573
0.058551
0.085101
0.078108
0.007907
0.039663
0.042113
0.050194
0.030584
0.024361
0.053437
0.061838
0.036004
0.016266
0.022348
0.066485
0.028055
0.055113
0.064849
0.048413
0.032956
0.036345
0.055662
0.055412
0.033570
0.014305
0.024811
0.056829
0.051070
0.025960
0.035529
0.041634
0.015582
0.038352
0.040723
0.012607
-0.007575
0.027541
0.068551
0.059760
0.027691
0.035955
0.013628
0.047404
0.021753
0.030593
0.002000
0.028479
-0.001625
0.045323
0.036383
0.043980
0.017004
0.022881
0.004069
0.038207
0.043064
0.023655
0.021947
0.055169
-0.016166
-0.006419
0.024765
0.042390
0.038003
0.053495
0.037182
0.029791
0.003075
0.007079
0.051239
0.045715
0.022299
0.026554
0.034669
0.069078
0.026197
0.026881
0.028030
0.031560
0.035522
0.048239
0.052499
0.055486
0.017478
0.035253
0.045803
0.074570
0.050747
0.029134
0.050768
0.072049
0.055066
0.041561
0.047021
0.074604
0.010965
0.043598
0.050093
0.050713
0.021377
0.037743
0.067084
0.058129
0.062549
0.059768
0.043135
0.083437
0.070311
0.034732
0.072465
0.099976
0.037260
0.072696
0.074316
0.037684
0.054595
0.073204
0.073048
0.087819
0.049341
0.044485
0.072200
0.088694
0.061781
0.076010
0.088188
0.097270
0.077201
0.086754
0.058605
0.079508
0.062244
0.088247
0.100349
0.116570
0.116552
0.070897
0.093817
0.148600
0.135622
0.104795
0.159602
0.133124
0.163255
0.164484
0.168556
0.175074
0.185540
0.156680
0.191462
0.290422
0.239360
0.255278
0.304576
0.361215
0.402769
0.393890
0.395162
0.493616
0.415672
0.463386
0.440362
0.482017
0.453773
0.511982
0.522332
0.561360
0.524469
0.547522
0.664210
0.664174
0.671340
0.657816
0.662033
0.674100
0.716703
0.694934
0.687252
0.725882
0.704446
0.720916
0.704688
0.744855
0.750947
0.787492
0.807418
0.817229
0.790839
0.796667
0.790743
0.807843
0.811297
0.806280
0.798597
0.798567
0.822972
0.796076
0.820962
0.834313
0.811547
0.802700
0.867103
0.846629
0.859938
0.840562
0.837935
0.824674
0.840218
0.814891
0.818049
0.829057
0.827577
0.816805
0.821418
0.857589
0.825068
0.844646
0.872405
0.842804
0.878651
0.869635
0.865539
0.869425
0.862138
0.855063
0.849696
0.865895
0.846886
0.872088
0.861685
0.890219
0.842995
0.891183
0.897729
0.888210
0.885636
0.881506
0.868455
0.879143
0.872873
0.876768
0.848291
0.846354
0.844961
0.815139
0.839589
0.807553
0.783461
0.800462
0.760627
0.800472
0.715974
0.720554
0.679407
0.699407
0.671259
0.609136
0.610510
0.645570
0.542035
0.576212
0.562913
0.640839
0.490569
0.542968
0.511303
0.556267
0.487219
0.500014
0.434067
0.505697
0.423346
0.454471
0.408257
0.411647
0.356743
0.382300
0.441573
0.414881
0.335509
0.366251
0.402675
0.434913
0.423455
0.415828
0.431900
0.382788
0.422460
0.449343
0.429093
0.402463
0.361450
0.381818
0.416351
0.451083
0.370464
0.395508
0.341981
0.391684
0.350631
0.375425
0.342866
0.341295
0.288226
0.294493
0.300996
0.259604
0.174546
0.197320
0.236825
0.238602
0.148406
0.150827
0.164832
0.186580
0.189423
0.175840
0.120080
0.136523
0.158919
0.152392
0.160227
0.122357
0.098168
0.110677
0.093381
0.128391
0.129968
0.120233
0.124887
0.143855
0.180708
0.208315
0.117428
0.111033
0.154143
0.137844
0.162802
0.144272
0.130630
0.105522
0.160894
0.136127
0.142062
0.111124
0.131082
0.135358
0.109391
0.129681
0.092219
0.123392
0.093877
0.084155
0.159030
0.104039
0.083020
0.083149
0.083742
0.069246
0.058795
