0.117253
0.038394
0.082301
0.052383
0.020614
0.073579
0.083918
0.034171
0.085076
0.026864
0.072687
0.061470
0.061024
0.074291
0.076981
0.056046
0.029033
0.054592
0.103972
0.048997
0.065071
0.053371
0.052841
0.038953
0.037818
0.074860
0.058168
0.028999
0.041809
0.059149
0.046211
0.013282
0.032647
0.038086
0.078635
0.047278
0.053783
0.073908
0.085037
0.045312
0.064245
0.061668
0.078551
0.090827
0.107134
0.085643
0.093470
0.083229
0.084720
0.137675
0.134202
0.140348
0.137591
0.120173
0.140614
0.143116
0.201479
0.157151
0.128833
0.186313
0.170608
0.231852
0.227080
0.209412
0.224917
0.198286
0.226708
0.188994
0.230815
0.153158
0.131957
0.126887
0.118281
0.157385
0.147981
0.092291
0.142821
0.126253
0.110234
0.073710
0.069018
0.133777
0.140555
0.109540
0.096047
0.139474
0.102269
0.120014
0.155034
0.137112
0.136985
0.117452
0.124411
0.194377
0.138796
0.121754
0.102448
0.132911
0.128733
0.128745
0.126935
0.077034
0.078552
0.063855
0.112124
0.115840
0.116465
0.024859
0.051370
0.050609
0.099081
0.065778
0.030383
0.065401
0.083027
0.056754
0.041265
0.051812
0.069037
0.044952
0.069607
0.051182
0.050099
0.054118
0.040149
0.092402
0.091209
0.045541
0.042296
0.049996
0.088433
0.082918
0.047567
0.075895
0.069918
0.026176
0.056687
0.075990
0.054272
0.053003
0.062672
0.061828
0.088775
0.046158
0.030185
0.056533
0.092133
0.083032
0.062873
0.105555
0.094346
0.055505
0.108260
0.071857
0.115686
0.083607
0.080387
0.112633
0.090469
0.073630
0.054970
0.122889
0.105449
0.096139
0.075510
0.080032
0.062896
0.049080
0.076483
0.106954
0.086359
0.036398
0.060688
0.103942
0.100594
0.047354
0.043715
0.090236
0.098026
0.103764
0.082329
0.060457
0.086818
0.070130
0.059417
0.106194
0.085862
0.015740
0.057757
0.049676
0.093604
0.029513
0.031845
0.055531
0.082343
0.076428
0.065071
0.084119
0.074189
0.081030
0.109611
0.090494
0.087100
0.089853
0.074090
0.129098
0.096930
0.081254
0.075161
0.085593
0.137224
0.164121
0.152620
0.164256
0.140942
0.143225
0.180252
0.134279
0.145095
0.146378
0.156481
0.170642
0.178701
0.169812
0.205438
0.219117
0.274028
0.248862
0.260772
0.227855
0.233834
0.267595
0.272557
0.266000
0.253817
0.245478
0.174346
0.267229
0.277701
0.181381
0.189614
0.203569
0.197975
0.173914
0.203215
0.133335
0.158208
0.143716
0.130843
0.122739
0.146879
0.086646
0.083411
0.121201
0.115208
0.051563
0.049000
0.059271
0.111972
0.119820
0.051078
0.090153
0.127096
0.097457
0.122253
0.104380
0.110200
0.070486
0.100991
0.125595
0.092434
0.074423
0.063030
0.058158
0.096519
0.106135
0.103108
0.084387
0.099288
0.074961
0.145560
0.098119
0.116382
0.116619
0.111780
0.116141
0.154942
0.125508
0.107564
0.146237
0.189737
0.161580
0.176231
0.170370
0.119960
0.164949
0.149639
0.179393
0.168861
0.150071
0.108119
0.208166
0.162764
0.068499
0.112044
0.168542
0.227763
0.205194
0.223668
0.213003
0.198534
0.203320
0.226227
0.216986
0.237692
0.173752
0.224035
0.214749
0.248306
0.245343
0.221381
0.258610
0.246267
0.263139
0.241808
0.227003
0.230464
0.238844
0.244933
0.228043
0.215589
0.243956
0.220468
0.231826
0.269817
0.200195
0.252644
0.206777
0.267658
0.212998
0.221299
0.212021
0.197550
0.190638
0.223688
0.196618
0.184000
0.160559
0.184051
0.246210
0.209258
0.197812
0.169330
0.214317
0.239491
0.290015
0.299411
0.223725
0.256306
0.307337
0.333297
0.288720
0.282594
0.302886
0.254863
0.348675
0.356943
0.331196
0.350242
0.366129
0.396055
0.366517
0.381091
0.374403
0.377890
0.394595
0.376907
0.334173
0.361992
0.370497
0.350213
0.409535
0.421435
0.341067
0.377984
0.412517
0.437575
0.423450
0.442134
0.395230
0.456722
0.414034
0.460162
0.403614
0.425109
0.403455
0.379339
0.499850
0.419233
0.405516
0.423691
0.425317
0.460517
0.416137
0.417656
0.459661
0.463446
0.459154
0.452525
0.397308
0.397262
0.393233
0.403628
0.431769
0.454968
0.389414
0.408484
0.477529
0.480389
0.487589
0.522441
0.500928
0.529254
0.524863
0.545111
0.558032
0.531377
0.508608
0.538355
0.528440
0.614669
0.595190
0.647098
0.664469
0.712752
0.688842
0.712469
0.687790
0.726224
0.742958
0.741512
0.698511
0.729742
0.754858
0.730982
0.784409
0.803030
0.785244
0.829364
0.828529
0.832700
0.819574
0.832010
0.856486
0.838360
0.842859
0.813401
0.810564
0.820343
0.805893
0.805564
0.816481
0.832910
0.782158
0.785924
0.811767
0.826381
0.814242
0.809003
0.780631
0.801617
0.789293
0.764001
0.770890
0.762661
0.783745
0.782087
0.783670
0.782020
0.747856
0.773019
0.820285
0.805150
0.807523
0.828445
0.818718
0.836753
0.836223
0.846803
0.816688
0.833243
0.836984
0.812526
0.826862
0.821484
0.780343
0.800987
0.823184
0.810399
0.821915
0.810728
0.778189
0.796543
0.784612
0.780587
0.748204
0.777426
0.717291
0.761711
0.704261
0.740832
0.697805
0.704288
0.702605
0.698830
0.640192
0.636456
0.616403
0.611165
0.621971
0.621874
0.587464
0.569635
0.538848
0.498782
0.571884
0.593465
0.465716
0.489066
0.480032
0.508893
0.548716
0.557805
0.534559
0.552289
0.513022
0.541138
0.487118
0.546929
0.482578
0.512456
0.552335
0.543485
0.548332
0.555038
0.634536
0.627977
0.607253
0.627673
0.555988
0.616958
0.624863
0.618593
0.610184
0.608780
0.600046
0.640071
0.636654
0.684659
0.678668
0.708580
0.655669
0.629524
0.634693
0.594802
0.580683
0.592392
0.491040
0.535294
0.479675
0.495197
0.442065
0.425147
0.472651
0.484212
0.323603
0.373058
0.442745
0.437096
0.397173
0.417659
0.415646
0.357996
0.402118
0.399365
0.452260
0.463839
0.384047
0.372056
0.438779
0.472193
0.405344
0.464395
0.471717
0.511963
0.520329
0.523965
0.455957
0.437898
0.538554
0.533839
0.476105
0.493696
0.440178
0.492336
0.519197
0.563508
0.401094
0.470097
0.482294
0.502665
0.478184
0.510758
0.496040
0.511254
0.501383
0.486567
0.408540
0.465568
0.485438
0.437089
0.465292
0.525608
0.433701
0.475322
0.463555
0.539038
0.498166
0.560685
0.508378
0.550451
0.510316
0.560955
0.510892
0.557101
0.506646
0.580993
0.558097
0.609281
0.558308
0.613740
0.640022
0.630554
0.605621
0.638150
0.605606
0.621998
0.662056
0.622599
0.579688
0.634041
0.621989
0.594321
0.679306
0.696856
0.596166
0.636983
0.649671
0.668511
0.669927
0.613744
0.678445
0.685762
0.668475
0.670558
0.697266
0.669863
0.703671
0.700174
0.722051
0.741241
0.712777
0.766943
0.800664
0.809591
0.844739
0.843665
0.833596
0.858312
0.862254
0.866416
0.870674
0.856432
0.864953
0.871155
0.895786
0.900855
0.899557
0.904821
0.914253
0.909197
0.907952
0.910683
0.907849
0.905285
0.913334
0.905437
0.906263
0.899389
0.899151
0.888221
0.902569
0.895319
0.898124
0.898096
0.896034
0.905514
0.907172
0.908611
0.881609
0.903677
0.898520
0.899044
0.899300
0.900265
0.887994
0.909285
0.885936
0.899295
0.890731
0.911565
0.916362
0.909315
0.902260
0.902526
0.876834
0.878449
0.901215
0.886765
0.894429
0.886222
0.897047
0.887747
0.912652
0.877174
0.904143
0.909849
0.918143
0.911144
0.909623
0.914794
0.914469
0.918039
0.927650
0.920253
0.923742
0.924227
0.912091
0.914294
0.912831
0.922042
0.904482
0.918414
0.942036
0.928478
0.949091
0.949691
0.941395
0.951902
0.961667
0.953600
0.960642
0.957950
0.962488
0.961482
0.966698
0.963912
0.968383
0.972625
0.973435
0.968336
0.970833
0.971341
0.964686
0.966454
0.971828
0.966495
0.966140
0.963844
0.960143
0.958120
0.962603
0.959091
0.955193
0.962933
0.967468
0.962134
0.968784
0.971985
0.965830
0.966359
0.974708
0.970659
0.961747
0.958688
0.965739
0.966451
0.967592
0.952840
0.957845
0.962721
0.966653
0.960819
0.968945
0.960395
0.959199
0.946661
0.954968
0.944369
0.946244
0.939658
0.926930
0.925764
0.931454
0.911624
0.904464
0.923000
0.918601
0.908701
0.893880
0.897202
0.874850
0.884273
0.873959
0.878766
0.860227
0.859773
0.846953
0.829063
0.850033
0.856604
0.829042
0.844824
0.853867
0.842751
0.829309
0.823120
0.838887
0.867498
0.852638
0.837788
0.821430
0.809823
0.830395
0.805206
0.840519
0.808599
0.785975
0.812785
0.797891
0.793409
0.762558
0.740304
0.725995
0.729471
0.702330
0.680886
0.660558
0.658777
0.611741
0.600181
0.626643
0.655575
0.491037
0.562839
0.539708
0.584495
0.520884
0.507154
0.497563
0.481070
0.462673
0.453038
0.459778
0.460026
0.400250
0.364285
0.467112
0.420393
0.293157
0.301673
0.286448
0.326955
0.349036
0.336654
0.295209
0.310008
0.258521
0.306380
0.308337
0.295317
0.254358
0.315305
0.287520
0.324186
0.272056
0.330881
0.262734
0.330763
0.298507
0.268992
0.241008
0.234969
0.221124
0.253013
0.233152
0.250870
0.151914
0.193423
0.235316
0.215090
0.132802
0.118076
0.140434
0.185922
0.178096
0.095269
0.144817
0.134333
0.111449
0.115416
0.156772
0.104710
0.062112
0.089390
0.114356
0.090012
0.084774
0.045385
0.088638
0.101581
0.086563
0.088787
0.070990
0.083046
0.084778
0.123214
0.092035
0.106006
0.075668
0.084944
0.117470
0.105573
0.089683
0.047714
0.097531
0.123864
0.088582
0.076620
0.088673
0.071542
0.035214
0.074501
0.093187
0.099265
0.067218
0.070610
0.116587
0.119768
0.074947
0.046136
0.136819
0.118636
0.117677
0.085887
0.095569
0.063696
0.069099
0.087166
0.118955
0.093815
0.051306
0.086930
0.064165
0.081584
0.040756
0.054706
0.068984
0.132082
0.082038
0.064664
0.109960
0.101712
0.069995
0.078451
0.112593
0.105595
0.106074
0.069384
0.109781
0.094272
0.086189
0.073956
0.094265
0.108408
0.086872
0.114967
0.083545
0.081054
0.076456
0.078772
0.110685
0.099728
0.071179
0.119984
0.084969
0.078096
0.098752
0.080469
0.127775
0.099555
0.089732
0.116228
0.053809
0.084591
0.094353
0.067569
0.156130
0.061402
0.064617
0.097819
0.068290
0.073955
0.056973
