0.120436
0.049413
0.062114
0.063904
0.008662
0.068400
0.075129
0.018023
0.065735
0.036778
0.031088
0.045579
0.005744
0.037245
0.034855
0.027176
0.012287
0.027706
0.055578
0.020328
0.025627
0.011785
0.057747
-0.022962
0.038433
0.042708
0.045560
-0.001541
0.001837
0.019961
0.024667
0.038678
0.024073
0.000132
0.034273
0.041661
-0.006502
0.041912
0.028819
0.018761
0.035403
0.033906
0.028004
0.014718
0.009454
0.009911
0.047160
0.028539
0.016094
0.011927
0.039817
0.025494
0.016862
0.044779
0.049117
-0.012345
0.049111
0.036194
0.042403
0.022278
0.008169
0.037248
0.048987
0.030436
0.011407
0.035816
0.057177
0.018443
0.017366
0.034689
0.030527
0.001083
0.043739
0.025774
0.038523
0.008418
0.001787
0.017516
0.055529
0.020775
0.017984
0.024092
0.032715
0.027258
0.005548
0.018591
0.045453
-0.011982
0.036983
0.061632
0.017105
0.001781
0.014956
0.021510
0.029692
0.037477
0.029685
0.007394
0.040099
0.024428
-0.008306
0.026862
0.039394
0.000494
0.038559
0.039003
0.030879
0.010609
0.006044
0.015010
0.033827
0.018649
0.020495
0.011464
0.048840
0.030564
0.031531
0.034853
0.042399
0.008388
0.044386
0.033226
0.045927
0.039260
0.034407
0.042641
0.058527
0.037378
0.013475
0.042982
0.042732
0.046522
0.037313
0.052863
0.062410
0.017226
0.055687
0.047509
0.042906
0.022908
0.029042
0.008696
0.054943
0.033995
0.027917
0.047852
0.067882
0.017787
0.038764
0.038071
0.046024
-0.009705
0.029161
0.060671
0.052751
0.021199
0.025674
0.029215
0.039419
0.018625
0.016772
0.018961
0.040363
0.028141
0.021646
0.028222
0.029267
-0.003423
0.027722
0.027679
0.046441
-0.013756
-0.000658
0.014763
0.045571
0.035655
0.008916
0.008290
0.037992
0.029617
-0.001740
0.033187
0.022102
0.004029
0.054874
0.045821
0.040284
0.004821
0.000160
0.037021
0.044949
0.024844
0.027769
0.013841
0.040313
0.031974
-0.001552
0.019247
0.048910
-0.000895
0.044832
0.054388
0.017285
0.006583
0.007793
0.023587
0.051977
0.035371
0.009440
0.030424
0.051585
0.024610
-0.005480
0.027432
0.062734
-0.022772
0.030368
0.044004
0.021836
-0.002927
0.012812
0.026670
0.058004
0.040135
0.019343
0.006721
0.049601
0.035139
0.012426
0.039934
0.033843
-0.000945
0.035027
0.032339
0.023699
0.008917
0.006025
0.018105
0.047936
0.025697
0.021313
0.043695
0.062943
0.042681
0.007909
0.030337
0.060112
0.005023
0.040792
0.040594
0.031667
0.032567
0.036082
0.026470
0.054308
0.037260
0.025731
0.030825
0.057096
0.030228
0.051830
0.033428
0.046579
0.024342
0.056148
0.034899
0.025801
0.042735
0.047215
0.070038
0.058982
0.030564
0.018790
0.049371
0.071630
0.043269
0.056373
0.053053
0.073324
0.040645
0.055181
0.050739
0.064287
0.059866
0.067333
0.078844
0.078266
0.055153
0.047242
0.077658
0.081293
0.084314
0.097604
0.088479
0.088818
0.097707
0.051489
0.094416
0.050131
0.075473
0.070803
0.055227
0.067958
0.046853
0.037096
0.065299
0.085473
0.044272
0.062928
0.039028
0.040376
0.033378
0.043798
0.066543
0.078754
0.011805
0.030017
0.059133
0.071626
0.005231
0.027600
0.035200
0.064352
0.027612
0.031919
0.033892
0.045927
0.011091
0.049044
0.047493
0.057315
0.012658
0.026684
0.044905
0.053128
0.041149
0.019134
0.041831
0.071857
0.030447
0.031147
0.034019
0.035842
0.006989
0.043275
0.055290
0.060666
0.006976
0.032889
0.031877
0.058251
0.035698
0.019190
0.047807
0.060987
0.036503
0.016220
0.023684
0.047510
0.007115
0.049775
0.051392
0.034031
0.006587
0.026163
0.030216
0.041098
0.029600
0.020452
0.014806
0.054132
0.026900
0.001110
0.030689
0.037145
0.016056
0.070072
0.024323
0.041304
0.003231
0.008678
0.021325
0.040837
0.027312
0.032209
0.025686
0.051093
0.015390
0.018380
0.038721
0.073546
0.013756
0.047238
0.048005
0.035740
0.015206
0.022240
0.044610
0.037214
0.033989
0.024501
0.025408
0.054271
0.035995
0.013965
0.023668
0.077132
0.007761
0.035695
0.048840
0.039149
-0.003958
0.012744
0.040490
0.067379
0.031123
0.017309
0.024121
0.050438
0.033326
0.011969
0.028635
0.029976
0.021786
0.053485
0.052158
0.016502
0.006100
0.024330
0.029874
0.042469
0.013395
0.038727
0.020792
0.043570
0.018288
0.027208
0.036748
0.050951
0.016491
0.039624
0.042773
0.029328
0.010039
0.027364
0.034819
0.055521
0.023549
0.030010
0.032988
0.056726
0.017508
0.031213
0.040701
0.060238
0.020364
0.043400
0.037170
0.041489
0.015437
0.026503
0.024789
0.035808
0.032276
0.020854
0.000882
0.047576
0.045131
0.012731
0.028028
0.040689
-0.003769
0.033662
0.030661
0.017114
0.011850
0.020186
0.036105
0.058745
0.016729
0.021070
0.030185
0.049506
0.037394
0.023217
0.058368
0.058211
0.022905
0.043294
0.041940
0.054114
0.042996
0.073008
0.066346
0.073247
0.041193
0.042623
0.082369
0.090316
0.093396
0.078346
0.064632
0.075769
0.059434
0.075985
0.088104
0.062203
0.054998
0.043754
0.057841
0.085766
0.027565
0.054271
0.044303
0.069181
0.047013
0.046768
0.025971
0.071155
0.012667
0.029449
0.057578
0.050662
0.017341
0.054984
0.046834
0.075237
0.007654
0.033877
0.049746
0.080803
0.041560
0.054908
0.065027
0.077967
0.049756
0.055360
0.070128
0.052630
0.065550
0.049814
0.064391
0.072447
0.077708
0.056869
0.072616
0.094628
0.057435
0.082491
0.067904
0.071503
0.032040
0.050416
0.062851
0.070693
0.075397
0.054168
0.095300
0.092479
0.051458
0.052306
0.100179
0.139463
0.095227
0.123829
0.107399
0.108609
0.101525
0.117826
0.111409
0.134126
0.090931
0.100358
0.185301
0.151567
0.159072
0.166160
0.166503
0.190910
0.198833
0.245641
0.208960
0.283864
0.231087
0.308981
0.249427
0.233477
0.203074
0.230223
0.272180
0.250823
0.209860
0.194664
0.197967
0.252269
0.217004
0.222240
0.180674
0.196103
0.214513
0.240378
0.266535
0.230326
0.176907
0.176630
0.205485
0.209649
0.168167
0.177766
0.168897
0.216625
0.231554
0.222033
0.220390
0.187768
0.198171
0.219739
0.191345
0.214224
0.164529
0.191245
0.197956
0.199762
0.189877
0.208309
0.235253
0.269685
0.244995
0.236360
0.229911
0.236661
0.245690
0.285518
0.266776
0.271515
0.253011
0.232454
0.292174
0.286309
0.268042
0.308683
0.289781
0.323633
0.288503
0.266637
0.248297
0.235500
0.212740
0.202712
0.219715
0.200976
0.186804
0.147464
0.190019
0.197995
0.159415
0.160519
0.187191
0.162878
0.185207
0.147244
0.184414
0.170933
0.157988
0.148695
0.157536
0.145901
0.107252
0.121733
0.159019
0.131937
0.093161
0.064516
0.096489
0.118917
0.125004
0.126376
0.085351
0.086616
0.082088
0.104539
0.066744
0.095846
0.071590
0.102746
0.113898
0.079673
0.085837
0.049696
0.078382
0.118650
0.089922
0.126650
0.085008
0.084860
0.087256
0.078169
0.134293
0.100627
0.057163
0.086927
0.088496
0.110591
0.049567
0.054235
0.085615
0.098481
0.087530
0.103148
0.083230
0.085393
0.059056
0.074366
0.080428
0.073966
0.060666
0.108624
0.106922
0.077237
0.069005
0.065052
0.091719
0.106456
0.069339
0.071817
0.071358
0.112482
0.071598
0.069625
0.073253
0.088117
0.065378
0.066465
0.107006
0.093210
0.073377
0.071624
0.075473
0.093347
0.108437
0.124530
0.112482
0.084376
0.079446
0.076139
0.122894
0.095143
0.074153
0.108924
0.095217
0.082591
0.128416
0.106885
0.103183
0.134299
0.153048
0.085074
0.106086
0.095604
0.097744
0.074822
0.087364
0.080170
0.053671
0.064818
0.073241
0.091065
0.034117
0.027348
0.048318
0.066443
0.035554
0.034281
0.044361
0.047184
0.033811
0.060461
0.055894
0.040089
0.022209
0.034436
0.048455
0.068932
0.023318
0.033309
0.051231
0.054744
0.048910
0.048242
0.055006
0.070662
0.005611
0.035287
0.067191
0.057538
0.032049
0.057667
0.051038
0.073570
0.022564
0.032510
0.061753
0.064868
0.036053
0.039870
0.040061
0.046325
0.007537
0.034539
0.051635
0.065101
0.020560
0.063391
0.030233
0.044058
0.046994
0.041241
0.036991
0.072615
0.065660
0.069757
0.064789
0.059143
0.042310
0.059374
0.053819
0.051262
0.031300
0.063845
0.056645
0.072020
0.038202
0.031856
0.038138
0.072649
0.057776
0.053018
0.068051
0.078378
0.050742
0.069969
0.066043
0.070162
0.067442
0.053432
0.097940
0.079447
0.086166
0.044808
0.072525
0.081055
0.083922
0.097289
0.064625
0.096352
0.057893
0.071035
0.100428
0.093072
0.053965
0.067573
0.059512
0.096131
0.043164
0.042125
0.058000
0.085489
0.039446
0.058128
0.080513
0.069836
0.021693
0.055988
0.043562
0.051681
0.020006
0.048431
0.054055
0.076887
0.050604
0.026647
0.027869
0.073756
0.035466
0.034882
0.038529
0.056999
0.032595
0.051881
0.033256
0.034538
0.021598
0.041637
0.049375
0.067886
0.058034
0.037282
0.046616
0.086920
0.063750
0.067351
0.045286
0.067451
0.053019
0.062217
0.064133
0.081103
0.073074
0.076135
0.105574
0.076511
0.085813
0.081802
0.102130
0.130212
0.127798
0.105827
0.103642
0.131269
0.098443
0.110948
0.127454
0.147221
0.123900
0.106491
0.154164
0.100479
0.101492
0.111045
0.142905
0.132531
0.123626
0.123348
0.102443
0.111048
0.077321
0.092790
0.096884
0.097429
0.045212
0.071930
0.104399
0.085400
0.055105
0.034196
0.050126
0.068466
0.045196
0.061775
0.067846
0.077779
0.019504
0.050746
0.074652
0.055997
0.028321
0.033628
0.052463
0.076902
0.019054
0.020854
0.027566
0.058858
0.035916
0.034917
0.016373
0.039491
-0.000918
0.037934
0.040593
0.027885
0.017252
0.017898
0.018934
0.054349
0.031097
0.022728
0.018396
0.058354
0.014849
0.008657
0.016234
0.044240
0.005666
0.055371
0.023711
0.041281
0.012049
0.025021
0.029617
0.053866
0.026744
0.016721
0.024682
0.036468
0.017111
0.021556
0.043170
0.045716
0.002125
0.038396
0.028407
0.037182
0.037629
0.013783
0.037132
0.038860
0.023006
0.018685
0.031710
0.049961
0.043646
0.041020
0.036405
0.050732
0.010323
0.042890
0.069809
0.059981
0.027469
0.045109
0.067685
0.059584
0.055069
