0.124403
0.073420
0.067266
0.059948
0.033840
0.074193
0.085251
0.032091
0.077407
0.045294
0.060678
0.097183
0.115788
0.118822
0.093823
0.085449
0.057696
0.124021
0.169521
0.213997
0.180685
0.220781
0.244376
0.229877
0.289537
0.298871
0.289766
0.284924
0.288462
0.338376
0.357620
0.335742
0.367431
0.387502
0.379885
0.345211
0.380642
0.311696
0.315367
0.331728
0.348251
0.304590
0.299282
0.306083
0.252786
0.332171
0.308435
0.243301
0.263768
0.152536
0.268560
0.220170
0.207725
0.183583
0.168664
0.140312
0.123104
0.153352
0.127809
0.092848
0.096905
0.134189
0.101632
0.051397
0.059538
0.105139
0.140747
0.131667
0.099313
0.111650
0.128861
0.131493
0.155322
0.137003
0.122294
0.133551
0.095962
0.182304
0.088526
0.101373
0.114546
0.097619
0.167952
0.156160
0.129277
0.145533
0.116780
0.154221
0.138268
0.139957
0.130270
0.119935
0.140331
0.162329
0.130037
0.114622
0.102228
0.170653
0.160563
0.157614
0.153905
0.116113
0.111623
0.080901
0.111660
0.126417
0.093855
0.097864
0.101948
0.099854
0.103682
0.076311
0.056560
0.135989
0.128559
0.097522
0.123128
0.093532
0.105547
0.119212
0.118013
0.095370
0.117551
0.102518
0.114571
0.126199
0.124189
0.053381
0.089439
0.059576
0.125924
0.117676
0.102543
0.088118
0.108984
0.074651
0.116620
0.100694
0.102510
0.100061
0.076122
0.101874
0.117790
0.080569
0.059494
0.112158
0.105889
0.091748
0.106726
0.093122
0.091409
0.056312
0.066805
0.104830
0.096347
0.097384
0.058972
0.097387
0.079187
0.089490
0.057980
0.106745
0.107083
0.114276
0.065431
0.102796
0.105985
0.069287
0.101883
0.119572
0.123824
0.073509
0.150812
0.102639
0.078966
0.095045
0.099415
0.150180
0.129332
0.112834
0.123958
0.108275
0.133716
0.137291
0.154031
0.151342
0.115423
0.155905
0.139864
0.141440
0.156592
0.120529
0.117815
0.176815
0.177096
0.210152
0.177356
0.239795
0.167153
0.201098
0.221216
0.197595
0.247364
0.171418
0.148532
0.257838
0.190533
0.143625
0.184801
0.203822
0.242084
0.241218
0.248364
0.198430
0.233444
0.208613
0.250741
0.175968
0.239841
0.159672
0.160513
0.251760
0.181282
0.119720
0.107947
0.198392
0.224941
0.214366
0.234778
0.245963
0.270082
0.246619
0.302677
0.288939
0.275193
0.250017
0.286139
0.285132
0.363133
0.338788
0.349279
0.301157
0.348265
0.275426
0.285413
0.258797
0.270397
0.237233
0.247952
0.239171
0.248781
0.215556
0.222527
0.246177
0.205696
0.171577
0.134979
0.210772
0.190109
0.182553
0.163825
0.128390
0.173545
0.122380
0.144189
0.112536
0.125403
0.078579
0.097212
0.134726
0.096506
0.059473
0.039205
0.077878
0.082804
0.081036
0.053610
0.091548
0.091650
0.051536
0.085588
0.057307
0.080654
0.034596
0.074672
0.104203
0.059500
0.056557
0.054138
0.055659
0.105519
0.088143
0.099768
0.102807
0.109466
0.066743
0.067237
0.132028
0.139878
0.098600
0.090024
0.106267
0.075765
0.056113
0.049726
0.113579
0.128874
0.063374
0.090999
0.073501
0.081499
0.030308
0.075120
0.084259
0.088081
0.059151
0.082803
0.056466
0.079907
0.093199
0.048579
0.064603
0.083457
0.068529
0.084094
0.078019
0.082058
0.021631
0.071074
0.059999
0.057767
0.065372
0.070416
0.082974
0.072407
0.047545
0.032724
0.054775
0.077820
0.052477
0.036964
0.055927
0.086725
0.035012
0.075866
0.041270
0.042352
0.046602
0.055691
0.094258
0.098715
0.030457
0.038806
0.099270
0.088554
0.101397
0.079227
0.048145
0.097441
0.090077
0.090141
0.110216
0.075481
0.086401
0.104978
0.153280
0.113610
0.101998
0.062850
0.155040
0.185206
0.179827
0.169471
0.136219
0.174703
0.197040
0.237852
0.177810
0.196081
0.211262
0.180596
0.287356
0.237106
0.296119
0.258152
0.303885
0.303476
0.333608
0.294123
0.302147
0.305172
0.301687
0.322269
0.279350
0.303759
0.299673
0.249682
0.314695
0.340618
0.273935
0.325156
0.358991
0.390769
0.374459
0.417203
0.371152
0.434703
0.384452
0.421897
0.394379
0.397545
0.392728
0.364317
0.440923
0.457284
0.399246
0.439086
0.420638
0.467604
0.458179
0.478592
0.459926
0.513580
0.484923
0.475492
0.461986
0.496271
0.519719
0.559550
0.555216
0.630742
0.599268
0.637494
0.637843
0.629884
0.660966
0.654562
0.653590
0.655749
0.648132
0.625382
0.625067
0.617445
0.582721
0.527538
0.603665
0.592713
0.470829
0.540887
0.554359
0.582933
0.561072
0.559126
0.547400
0.578531
0.597551
0.569980
0.536172
0.572942
0.514071
0.562233
0.546346
0.584986
0.552888
0.607618
0.659189
0.673249
0.687154
0.702187
0.709057
0.712622
0.745068
0.728284
0.699349
0.724294
0.712006
0.728798
0.724905
0.763531
0.713968
0.769416
0.792468
0.801364
0.796958
0.818237
0.824262
0.819177
0.859755
0.832942
0.841225
0.854387
0.863825
0.865943
0.883492
0.858497
0.894350
0.896848
0.902463
0.903276
0.902396
0.882093
0.879382
0.893082
0.887306
0.884177
0.865430
0.872486
0.866006
0.869858
0.881196
0.875544
0.872291
0.869795
0.898475
0.891302
0.882590
0.882013
0.879998
0.880440
0.890727
0.852918
0.872485
0.835716
0.851976
0.874031
0.861788
0.867971
0.846409
0.877290
0.880792
0.865075
0.891941
0.881176
0.861640
0.887102
0.858276
0.854852
0.827261
0.863819
0.856611
0.879245
0.865060
0.877803
0.852202
0.872569
0.885245
0.860731
0.863796
0.840691
0.819389
0.833322
0.840473
0.799020
0.833667
0.795598
0.773125
0.785518
0.747866
0.765994
0.747326
0.780529
0.764989
0.783447
0.781174
0.771938
0.730978
0.740604
0.730652
0.719928
0.737194
0.712578
0.699789
0.739801
0.685368
0.701852
0.712991
0.738924
0.745713
0.796700
0.734790
0.738824
0.761877
0.753157
0.745699
0.731429
0.720844
0.759241
0.768879
0.757542
0.778593
0.789401
0.798437
0.811676
0.841399
0.810552
0.815580
0.799987
0.787492
0.796671
0.815037
0.773494
0.781605
0.788323
0.729740
0.782232
0.783862
0.813947
0.771275
0.795237
0.813321
0.807356
0.809668
0.764815
0.773171
0.780063
0.753671
0.766683
0.716354
0.717859
0.746402
0.721413
0.727425
0.720468
0.664585
0.725431
0.716400
0.767329
0.695840
0.737508
0.711997
0.711811
0.727318
0.687160
0.690390
0.700432
0.640058
0.650101
0.661841
0.675729
0.603979
0.654250
0.673543
0.658296
0.662996
0.682429
0.668062
0.682274
0.682885
0.693633
0.673591
0.722369
0.673830
0.738547
0.756972
0.768204
0.802216
0.817697
0.829479
0.838206
0.848163
0.838168
0.848882
0.833690
0.858992
0.856279
0.842691
0.838262
0.800768
0.822345
0.861299
0.853061
0.811309
0.822896
0.856979
0.854876
0.868055
0.863734
0.850973
0.866059
0.869351
0.847606
0.867470
0.868742
0.858012
0.876370
0.890780
0.867574
0.886090
0.888449
0.924420
0.894904
0.896367
0.894302
0.884617
0.888094
0.899666
0.894583
0.875830
0.885806
0.869585
0.876271
0.884189
0.882382
0.872263
0.881755
0.893856
0.882091
0.844380
0.850021
0.839880
0.837270
0.856806
0.852731
0.821315
0.861183
0.800176
0.815525
0.815301
0.813376
0.762061
0.776224
0.789899
0.796693
0.753474
0.771829
0.772170
0.757464
0.777945
0.739010
0.771613
0.775049
0.715738
0.711392
0.755880
0.753535
0.706256
0.755152
0.707537
0.729614
0.701873
0.685645
0.686716
0.698997
0.638538
0.651730
0.564001
0.645644
0.558019
0.578382
0.582367
0.634141
0.479166
0.502155
0.542145
0.543863
0.478737
0.490941
0.480278
0.485413
0.461576
0.431795
0.403919
0.431075
0.387788
0.381777
0.439103
0.440725
0.354533
0.387393
0.394713
0.402439
0.363811
0.337711
0.343362
0.377235
0.311712
0.336057
0.265546
0.340398
0.227311
0.241267
0.271683
0.293778
0.195936
0.192410
0.183021
0.246704
0.186297
0.223489
0.153148
0.170307
0.171060
0.176676
0.207699
0.194734
0.141635
0.164740
0.177841
0.180398
0.180719
0.129025
0.175458
0.177063
0.151257
0.168956
0.162477
0.144559
0.182505
0.146096
0.164890
0.149275
0.105746
0.066332
0.165783
0.121661
0.078169
0.078645
0.105634
0.138908
0.102769
0.117635
0.128576
0.119480
0.128126
0.150441
0.137751
0.126842
0.123070
0.165855
0.155084
0.142437
0.143720
0.141505
0.154457
0.182162
0.141382
0.179900
0.160953
0.185821
0.141381
0.166017
0.162323
0.189576
0.176695
0.154085
0.167935
0.159267
0.125724
0.145823
0.138953
0.183776
0.158014
0.162233
0.152070
0.154583
0.110774
0.154846
0.103046
0.162529
0.140825
0.144197
0.124929
0.147933
0.107883
0.057759
0.117160
0.123036
0.060334
0.125251
0.052683
0.093055
0.056963
0.059603
0.108685
0.116512
0.035987
0.075211
0.068599
0.072827
0.048390
0.019897
0.046333
0.061830
0.069844
0.022971
0.040263
0.071064
0.001876
0.042153
0.034551
0.034071
0.035960
0.037870
0.025609
0.063916
0.042288
0.028442
0.045658
0.060477
0.034440
0.036090
0.028233
0.059840
0.022932
0.032072
0.037347
0.040315
0.017672
0.083130
0.043666
0.088768
0.016274
0.030996
0.058052
0.090266
0.064891
0.058948
0.063239
0.068655
0.024619
0.059911
0.049568
0.051386
0.058992
0.091411
0.073125
0.069051
0.079263
0.087586
0.083765
0.096679
0.076562
0.089079
0.079521
0.078579
0.050109
0.071618
0.092858
0.057892
0.053995
0.055989
0.089726
0.101449
0.035176
0.024751
0.070131
0.083462
0.056178
0.062341
0.049898
0.056864
0.031094
0.067141
0.051444
0.074136
0.086068
0.057803
0.062780
0.069522
0.070234
0.057873
0.100291
0.092801
0.079736
0.092270
0.088071
0.067760
0.060151
0.085620
0.098298
0.070723
0.084437
0.102313
0.106031
0.093253
0.106327
0.047766
0.134025
0.153729
0.142274
0.108210
0.100607
0.111607
0.123916
0.159548
0.131064
0.132093
0.097073
0.097894
0.095942
0.109232
0.047048
0.058948
0.067007
0.081811
0.100171
0.074329
0.067339
0.094188
0.014392
0.048854
0.070414
0.035018
0.024147
0.048750
0.067825
0.068362
0.056722
0.035057
0.037359
0.064623
0.074011
0.080288
0.027734
0.072232
0.031635
0.050866
0.095174
0.060242
0.044842
0.052967
0.062199
0.060399
0.059916
