0.122655
0.045239
0.058556
0.048192
0.000528
0.076946
0.091267
0.022410
0.089649
0.019494
0.044319
0.040165
0.026106
0.028934
0.041923
0.026583
0.021394
0.037138
0.066740
0.020578
0.026726
0.044101
0.058315
0.019994
0.071840
0.038881
0.036388
0.034578
0.044745
0.048727
0.051280
0.036308
0.029301
0.045106
0.080933
0.045512
0.042438
0.046589
0.050620
0.014016
0.048811
0.036647
0.057756
0.044172
0.044678
0.041221
0.055792
0.055453
0.018431
0.076638
0.096818
0.048530
0.066690
0.079903
0.077125
0.074043
0.086754
0.099798
0.108375
0.100706
0.112197
0.139497
0.142924
0.148181
0.152015
0.195665
0.211791
0.199606
0.227946
0.179190
0.152397
0.161008
0.162438
0.176538
0.152675
0.106800
0.114949
0.171327
0.166807
0.113466
0.114693
0.102047
0.156607
0.143390
0.128662
0.124689
0.116618
0.099032
0.104805
0.114630
0.133371
0.095583
0.100758
0.118855
0.118649
0.063487
0.061863
0.117893
0.118004
0.133722
0.164196
0.116362
0.118652
0.168085
0.170322
0.167907
0.205203
0.154994
0.168328
0.209060
0.229023
0.193103
0.193166
0.171475
0.235075
0.202625
0.226520
0.177338
0.183484
0.125237
0.135205
0.159717
0.139359
0.120387
0.108446
0.138912
0.103338
0.043411
0.031684
0.049537
0.066911
0.087071
0.051390
0.057179
0.062013
0.020972
0.038948
0.060895
0.055300
0.005123
0.050901
0.026489
0.055826
0.032209
0.010716
0.002688
0.069045
0.007372
0.002072
0.034502
0.056973
0.023860
0.045615
0.038500
0.037965
0.013836
0.014766
0.040789
0.042087
0.025189
0.017022
0.019152
0.048867
0.017069
0.030263
0.034880
0.074038
0.043082
0.080039
0.018597
0.061602
0.044762
0.066649
0.075975
0.075812
0.027053
0.056360
0.046019
0.073302
0.075478
0.060283
0.055439
0.092864
0.034742
0.050424
0.060660
0.066079
0.033271
0.040117
0.059646
0.069776
0.046135
0.024363
0.039985
0.058197
0.045725
0.052254
0.018762
0.054675
0.002503
0.021691
0.039958
0.047645
0.015353
0.040017
0.037352
0.060118
0.027149
0.033178
0.032286
0.048804
0.029610
0.004476
0.052802
0.057825
0.025493
0.070592
0.033728
0.027757
0.056239
0.045766
0.042964
0.062508
0.039043
0.021308
0.067931
0.049035
0.031612
0.047875
0.047767
0.075041
0.007606
0.033360
0.044723
0.050751
0.035187
0.063954
0.064623
0.069238
0.054506
0.050749
0.053940
0.088231
0.048645
0.065119
0.083200
0.065421
0.050084
0.074912
0.063030
0.048609
0.055198
0.037162
0.041893
0.073520
0.043158
0.026489
0.039876
0.085134
0.048805
0.047653
0.059645
0.045687
0.047388
0.070109
0.061229
0.049961
0.043411
0.041201
0.044109
0.069770
0.037367
0.031994
0.047627
0.038876
0.031689
0.015034
0.031035
0.059190
0.001598
0.039456
0.046721
0.036107
0.005630
0.015795
0.042195
0.077581
0.030340
0.018424
0.014254
0.042347
0.041622
0.004347
0.048805
0.034854
0.001398
0.038332
0.038498
0.030153
0.021170
0.032664
0.029657
0.078862
0.032422
0.019383
0.033443
0.054239
0.056621
0.037391
0.026870
0.059570
0.004539
0.051970
0.068028
0.039238
0.019425
0.005793
0.029490
0.070428
0.019775
0.024172
0.031054
0.055484
0.034845
0.031240
0.037748
0.031390
0.021840
0.042226
0.066068
0.051412
0.014661
0.008024
0.049544
0.057208
0.025473
0.051271
0.028949
0.076960
0.053084
0.053095
0.072158
0.055429
0.047881
0.054238
0.067258
0.061359
0.047623
0.067950
0.067632
0.077622
0.041073
0.069822
0.076077
0.134604
0.084732
0.127442
0.077545
0.097573
0.134031
0.119740
0.132000
0.146308
0.085368
0.114006
0.126943
0.117679
0.092712
0.091431
0.105163
0.169216
0.142745
0.160513
0.127620
0.105332
0.101778
0.111698
0.133634
0.114955
0.070803
0.084066
0.096484
0.084342
0.074433
0.061751
0.094179
0.090985
0.084239
0.079414
0.077983
0.089412
0.058842
0.093045
0.070627
0.098120
0.072723
0.104200
0.074667
0.072691
0.042809
0.050603
0.095197
0.072613
0.063478
0.045683
0.059968
0.079357
0.025705
0.046638
0.067606
0.047022
0.020014
0.031202
0.036474
0.060495
0.019078
0.027506
0.032811
0.037996
0.036010
0.010369
0.046554
0.041952
0.005313
0.042071
0.041744
0.033442
0.006621
0.035304
0.041139
0.059860
0.032225
0.035075
0.036150
0.071710
0.017318
0.018485
0.007192
0.054328
0.013539
0.051923
0.037483
0.043065
0.004470
-0.005323
0.044121
0.064448
0.054275
0.025882
0.019608
0.044798
0.046803
0.018632
0.008619
0.046565
0.043467
0.059250
0.047164
0.025121
0.024668
0.039369
0.035227
0.065981
0.033050
0.023204
0.013169
0.078968
0.025514
0.008169
0.025563
0.051642
0.035217
0.041771
0.053741
0.034395
0.040962
0.018910
0.037235
0.041476
0.046930
0.015690
0.027396
0.062079
0.033184
0.048955
0.021115
0.033685
-0.011884
0.050649
0.038801
0.047673
0.000599
0.012316
0.039498
0.055895
0.021239
0.025252
0.019122
0.066077
0.025129
0.018640
0.020845
0.045686
0.022353
0.057953
0.021368
0.046079
0.029124
0.030916
0.039633
0.056346
0.029975
0.013943
0.036765
0.068458
0.076262
0.031483
0.063736
0.078410
0.059088
0.079381
0.075220
0.047399
0.062759
0.091709
0.093763
0.100597
0.068731
0.063452
0.118144
0.123267
0.159823
0.137920
0.158439
0.181155
0.137481
0.185910
0.176213
0.190751
0.194342
0.219002
0.238733
0.290121
0.272947
0.249792
0.269364
0.294876
0.264476
0.251382
0.166693
0.257418
0.219428
0.236660
0.177430
0.195701
0.179755
0.165942
0.166064
0.238935
0.149910
0.158433
0.177401
0.192673
0.229671
0.204713
0.200977
0.209900
0.227487
0.212841
0.236992
0.181325
0.168775
0.193776
0.245359
0.223847
0.176091
0.186307
0.249808
0.193778
0.214223
0.247672
0.206542
0.257931
0.192866
0.262829
0.220115
0.237946
0.233272
0.260202
0.315923
0.335323
0.348976
0.391522
0.438480
0.481344
0.472094
0.491013
0.452027
0.445181
0.419300
0.451742
0.450928
0.485030
0.436398
0.471075
0.474296
0.510911
0.442436
0.488900
0.515952
0.530022
0.507067
0.526520
0.515171
0.532841
0.550026
0.540448
0.493576
0.521381
0.504197
0.516181
0.560698
0.576251
0.477945
0.497558
0.591254
0.552232
0.569834
0.559364
0.517240
0.547339
0.574536
0.518365
0.597846
0.524640
0.398932
0.492774
0.474484
0.556089
0.531622
0.569090
0.560883
0.574189
0.549083
0.531365
0.562864
0.586261
0.539726
0.539329
0.466480
0.517290
0.528668
0.518687
0.517975
0.528501
0.455949
0.530241
0.490824
0.575227
0.523074
0.498351
0.456642
0.416819
0.480071
0.440663
0.442344
0.431674
0.338698
0.358511
0.345646
0.394013
0.342650
0.365743
0.353402
0.427309
0.367237
0.381950
0.378833
0.380773
0.335650
0.331347
0.338514
0.353140
0.304932
0.315215
0.300504
0.384662
0.278180
0.347891
0.337978
0.400029
0.404626
0.425790
0.391398
0.349829
0.436374
0.376081
0.372641
0.376522
0.372921
0.353321
0.457509
0.416924
0.385522
0.415719
0.369946
0.377698
0.353062
0.335810
0.274241
0.325863
0.252074
0.249520
0.238112
0.194067
0.211163
0.199453
0.209353
0.203925
0.179804
0.203405
0.162808
0.201551
0.153338
0.147569
0.144659
0.149749
0.122726
0.107834
0.102471
0.137792
0.078282
0.101296
0.142572
0.118496
0.073504
0.019224
0.056521
0.087238
0.064602
0.058253
0.088070
0.082674
0.037868
0.055858
0.064559
0.100294
0.033071
0.071030
0.080702
0.086073
0.042831
0.039083
0.059049
0.097606
0.067098
0.072120
0.059794
0.081501
0.077715
0.070460
0.053536
0.074878
0.061578
0.060532
0.078992
0.076974
0.038093
0.016901
0.054651
0.078040
0.044493
0.052938
0.060510
0.050753
0.029016
0.070375
0.061364
0.052002
0.045708
0.072970
0.072208
0.057018
0.032523
0.033222
0.084216
0.086143
0.051764
0.060211
0.041963
0.058339
0.046590
0.029867
0.087299
0.057473
0.019785
0.048334
0.027152
0.054657
0.053667
0.012453
0.044045
0.067797
0.046908
0.059272
0.048788
0.069629
0.028196
0.082408
0.040583
0.052469
0.028611
0.023277
0.051239
0.062737
0.018372
0.013382
0.020509
0.058360
0.032179
0.017641
0.017093
0.062343
0.006116
0.035436
0.045569
0.035954
0.026778
0.009547
0.043576
0.047002
0.028520
0.015333
0.046324
0.073145
0.043226
0.002708
0.052488
0.072586
0.003342
0.035588
0.055345
0.034956
0.030273
0.050345
0.059509
0.053175
0.040339
0.032281
0.032984
0.049814
0.044836
0.036500
0.048529
0.056839
0.006713
0.031546
0.050469
0.047102
0.013106
0.021313
0.039063
0.064809
0.008259
0.025219
0.024780
0.057198
0.027924
0.025577
0.022162
0.034285
0.003525
0.034334
0.041551
0.008066
-0.014064
0.004100
0.040844
0.033239
0.025951
0.031780
0.025528
0.052422
0.013179
-0.001613
0.042271
0.050329
0.010827
0.049235
0.039468
0.028163
0.001614
0.028982
0.046949
0.036971
0.017073
0.035192
0.016752
0.056995
0.004253
0.005251
0.038187
0.043692
0.024432
0.062919
0.046927
0.036206
0.043003
0.036425
0.076047
0.073650
0.041250
0.038383
0.053495
0.065033
0.054708
0.073720
0.049049
0.077587
0.042653
0.066305
0.070270
0.067408
0.029732
0.060179
0.064957
0.058129
0.047901
0.018419
0.056759
0.081882
0.043488
0.048452
0.046064
0.078731
0.049784
0.062663
0.069580
0.040716
0.057990
0.048953
0.063531
0.050345
0.051463
0.033670
0.033484
0.077683
0.050096
0.028508
0.056278
0.061648
0.023991
0.035439
0.059315
0.044236
0.000041
0.019913
0.056193
0.044826
0.040469
0.024776
0.019610
0.058261
0.030750
0.031644
0.026998
0.063864
0.006217
0.031378
0.036646
0.021457
0.029270
0.015984
0.032348
0.067018
0.014472
0.015655
0.039476
0.050671
0.037737
0.035707
0.037509
0.060236
0.016155
0.042386
0.039932
0.035112
0.026288
0.036383
0.058243
0.056364
0.018413
0.019769
0.043550
0.056809
0.023211
0.049903
0.025568
0.050744
0.002988
0.051038
0.030153
0.047182
0.010292
0.018201
0.038856
0.044847
0.056333
0.027344
0.020328
0.056079
0.054214
0.047800
0.048987
0.068060
0.037487
0.057895
0.095624
0.073081
0.033203
0.050193
0.055327
0.062577
0.046536
