0.116261
0.045450
0.068264
0.053407
0.021785
0.072530
0.073511
0.020352
0.063078
0.028921
0.035169
0.044694
0.041590
0.048583
0.060521
0.037218
0.025185
0.027758
0.061425
0.050291
0.008713
0.050313
0.049376
0.008994
0.041071
0.042056
0.055034
0.025679
0.031635
0.051673
0.055484
0.044282
0.026601
0.049367
0.078341
0.032144
0.033579
0.046372
0.072196
0.042743
0.073055
0.080111
0.065598
0.060553
0.051524
0.059375
0.076575
0.063772
0.040181
0.065969
0.102701
0.072118
0.063230
0.044351
0.060488
0.087812
0.090119
0.068864
0.078162
0.091364
0.070090
0.091082
0.077084
0.064811
0.045646
0.116707
0.115987
0.116155
0.101249
0.123176
0.153252
0.130152
0.144111
0.164428
0.157996
0.148424
0.122536
0.181913
0.176103
0.198989
0.187138
0.279752
0.291231
0.366232
0.376274
0.365176
0.371059
0.331948
0.400580
0.434453
0.387237
0.320506
0.339300
0.402942
0.397176
0.428242
0.435656
0.487722
0.526935
0.479556
0.518430
0.484851
0.480231
0.515709
0.505550
0.465458
0.473576
0.483234
0.460721
0.532466
0.572244
0.517474
0.587537
0.562598
0.576830
0.529956
0.532655
0.515069
0.552576
0.534301
0.542619
0.462893
0.501093
0.456683
0.458563
0.539506
0.536326
0.410857
0.442833
0.453599
0.442433
0.437675
0.455168
0.446894
0.428137
0.417403
0.439779
0.329224
0.395029
0.327834
0.333831
0.378391
0.392742
0.290436
0.249962
0.267434
0.265928
0.254350
0.197278
0.198488
0.210362
0.197035
0.207729
0.177101
0.168208
0.180994
0.115317
0.169220
0.172055
0.064553
0.075762
0.089881
0.152053
0.133122
0.067290
0.110342
0.105543
0.113560
0.109862
0.128661
0.102650
0.073910
0.091375
0.120877
0.096413
0.043541
0.017909
0.069586
0.096503
0.067635
0.065257
0.061522
0.064111
0.041513
0.070277
0.078100
0.056859
0.034532
0.047990
0.066298
0.068199
0.048922
0.030446
0.060476
0.082884
0.065452
0.062461
0.052078
0.054898
0.044788
0.083105
0.041249
0.082065
0.036931
0.065729
0.068981
0.068231
0.069013
0.032414
0.062461
0.092603
0.081796
0.062649
0.054642
0.055875
0.050276
0.081540
0.096079
0.076371
0.069546
0.073478
0.053311
0.084475
0.064332
0.064749
0.079521
0.122681
0.073777
0.100963
0.064741
0.103240
0.089041
0.090037
0.078819
0.062667
0.084282
0.068489
0.083137
0.064797
0.055779
0.017929
0.066419
0.093636
0.057218
0.056832
0.065004
0.065425
0.032816
0.064198
0.076242
0.091754
0.017389
0.068358
0.097351
0.068991
0.046851
0.020990
0.067555
0.075388
0.032215
0.066000
0.018864
0.059099
0.024493
0.027745
0.074553
0.064366
0.037878
0.051306
0.044477
0.044168
0.049037
0.033716
0.046657
0.074745
0.030302
0.068732
0.046559
0.059619
0.015457
0.022555
0.082835
0.065744
0.033030
0.031284
0.058844
0.045954
0.038408
0.032476
0.036858
0.059282
0.020678
0.025588
0.033382
0.053803
0.001450
0.038062
0.071481
0.054749
0.018960
0.031544
0.043868
0.050118
0.033674
0.031152
0.038709
0.097140
0.046281
0.032382
0.055490
0.069492
0.056977
0.073934
0.051265
0.061631
0.048343
0.074008
0.052450
0.046247
0.052933
0.018349
0.073296
0.085638
0.084146
0.044497
0.074798
0.078442
0.074892
0.095398
0.119299
0.067359
0.104866
0.104745
0.170457
0.150322
0.131601
0.131324
0.178900
0.220499
0.198046
0.205553
0.191960
0.167433
0.228263
0.256047
0.244341
0.250317
0.176413
0.173437
0.188268
0.223042
0.193433
0.210654
0.260483
0.274120
0.273057
0.317570
0.269300
0.316545
0.305517
0.346110
0.334421
0.320581
0.334140
0.264074
0.404556
0.388907
0.341032
0.376792
0.396943
0.453930
0.427104
0.487432
0.411561
0.449942
0.434330
0.485561
0.405663
0.498294
0.430220
0.495788
0.458440
0.504284
0.510529
0.531701
0.515884
0.510917
0.432019
0.432769
0.388752
0.398785
0.386186
0.332118
0.359424
0.342894
0.232931
0.217954
0.289563
0.274924
0.208805
0.207981
0.162095
0.254982
0.240007
0.237141
0.235885
0.197334
0.154621
0.196898
0.174077
0.192906
0.157834
0.188925
0.153319
0.190043
0.112017
0.090993
0.163615
0.190851
0.198429
0.178897
0.170262
0.163963
0.156542
0.172986
0.161117
0.149861
0.155260
0.134420
0.153987
0.124257
0.094875
0.098425
0.135057
0.131994
0.141426
0.137197
0.135185
0.101676
0.119965
0.178997
0.101027
0.130782
0.121773
0.142693
0.166438
0.184267
0.170734
0.155461
0.209361
0.284587
0.253208
0.282597
0.262950
0.289275
0.286860
0.312125
0.301775
0.273997
0.327985
0.290576
0.327876
0.389191
0.297353
0.359025
0.390149
0.378576
0.340223
0.387314
0.342432
0.321838
0.292516
0.331595
0.276266
0.286224
0.305461
0.289234
0.364599
0.378591
0.313258
0.313755
0.340871
0.381809
0.390982
0.396529
0.364038
0.375881
0.334590
0.386297
0.355621
0.384024
0.372123
0.363675
0.395804
0.454191
0.344669
0.408891
0.433875
0.494331
0.458639
0.512195
0.445072
0.511957
0.477763
0.541334
0.434824
0.475983
0.435086
0.408163
0.497478
0.457456
0.413101
0.454726
0.470101
0.418792
0.423478
0.450163
0.419473
0.420707
0.419210
0.397866
0.433971
0.425015
0.375619
0.375780
0.373615
0.424886
0.350413
0.392924
0.384347
0.403310
0.363256
0.383794
0.349282
0.322544
0.388152
0.330312
0.332680
0.344414
0.287867
0.299667
0.317774
0.366024
0.278388
0.313539
0.405032
0.396201
0.420559
0.422208
0.395615
0.382804
0.425293
0.449637
0.333246
0.432407
0.385475
0.369816
0.400914
0.448664
0.363274
0.370326
0.410357
0.468559
0.367626
0.423442
0.309545
0.324808
0.301508
0.332134
0.359493
0.330137
0.303610
0.290611
0.343105
0.355623
0.313946
0.334168
0.313064
0.323778
0.304324
0.321965
0.260523
0.273442
0.261261
0.287733
0.215137
0.226983
0.178656
0.133976
0.212945
0.189437
0.114829
0.109174
0.187519
0.161168
0.213102
0.155487
0.171022
0.187113
0.160217
0.225882
0.197803
0.203230
0.158050
0.157197
0.202161
0.275445
0.209521
0.237712
0.269804
0.259102
0.303202
0.254829
0.267478
0.274391
0.255692
0.309501
0.248114
0.257642
0.206765
0.259997
0.280489
0.298226
0.243142
0.251709
0.329241
0.342022
0.326355
0.324831
0.341491
0.299299
0.333430
0.370005
0.354337
0.335470
0.332042
0.315441
0.412220
0.413038
0.427596
0.432897
0.401141
0.450440
0.419680
0.428322
0.405850
0.403356
0.334891
0.402181
0.337771
0.385849
0.300737
0.300440
0.341890
0.347480
0.205373
0.228093
0.320192
0.352284
0.255857
0.254866
0.273750
0.289178
0.310376
0.287443
0.241901
0.305588
0.208009
0.197866
0.253889
0.254655
0.174545
0.159956
0.202079
0.242389
0.224059
0.250061
0.185612
0.173538
0.205185
0.201877
0.201358
0.188108
0.156929
0.147754
0.206843
0.214458
0.152764
0.173918
0.161846
0.183702
0.156009
0.146815
0.131953
0.140954
0.075280
0.117393
0.139923
0.133735
0.129487
0.128869
0.127114
0.124967
0.092977
0.104480
0.120437
0.159283
0.185174
0.139625
0.167704
0.139140
0.123045
0.139447
0.191517
0.140607
0.124747
0.118126
0.149419
0.134637
0.117264
0.119799
0.080451
0.141372
0.124922
0.102458
0.114714
0.103094
0.046062
0.084431
0.081154
0.084237
0.073138
0.062167
0.090752
0.105220
0.036263
0.071269
0.052422
0.094448
0.104886
0.068962
0.066885
0.064795
0.040305
0.067463
0.083130
0.074298
0.059863
0.074699
0.089939
0.083552
0.089188
0.051161
0.084069
0.101681
0.112614
0.087864
0.100894
0.114093
0.097419
0.089932
0.101255
0.114035
0.030743
0.077266
0.103971
0.110991
0.088138
0.074568
0.073357
0.094216
0.123246
0.097219
0.090603
0.099152
0.060455
0.083332
0.076139
0.054581
0.038321
0.027589
0.051806
0.068693
0.047708
0.019122
0.028159
0.064394
0.034496
0.036077
0.022557
0.066593
0.039572
0.053149
0.036160
0.032369
0.028044
0.020608
0.055363
0.049949
0.027375
0.015311
0.031944
0.069978
0.036603
0.020534
0.061589
0.052372
0.019644
0.075188
0.051998
0.048444
0.016272
0.029855
0.095340
0.070409
0.040173
0.025758
0.066317
0.061438
0.076933
0.071281
0.055902
0.065667
0.026423
0.063160
0.042385
0.074970
0.049370
0.054495
0.066016
0.083403
0.044241
0.079677
0.087979
0.144751
0.099121
0.091155
0.084635
0.111401
0.073551
0.110038
0.091853
0.098443
0.118852
0.133577
0.166578
0.138524
0.127373
0.121540
0.175406
0.181825
0.242636
0.180158
0.221114
0.213361
0.212737
0.241652
0.225866
0.243789
0.214261
0.218845
0.260464
0.310230
0.269635
0.326621
0.402648
0.425487
0.444771
0.444410
0.462674
0.408517
0.416651
0.439092
0.394522
0.450712
0.435924
0.429914
0.490273
0.502310
0.439539
0.508812
0.505181
0.530734
0.525831
0.491182
0.476688
0.487194
0.485645
0.486773
0.506607
0.445442
0.460193
0.448736
0.513501
0.464528
0.388478
0.413724
0.446579
0.459898
0.405080
0.440600
0.397249
0.402540
0.471725
0.416226
0.377853
0.397606
0.328621
0.356514
0.332753
0.360721
0.306084
0.325701
0.380753
0.367238
0.372918
0.400438
0.407506
0.410096
0.389021
0.406027
0.341678
0.357665
0.408614
0.368360
0.437852
0.441356
0.437724
0.443380
0.444877
0.506996
0.468836
0.476134
0.474746
0.430953
0.482885
0.421715
0.464371
0.447727
0.431211
0.451355
0.468578
0.505119
0.450412
0.461929
0.464462
0.471563
0.411868
0.373118
0.326912
0.362907
0.297556
0.303856
0.317238
0.289628
0.234849
0.154363
0.230239
0.227513
0.126107
0.111365
0.129813
0.124971
0.141076
0.096134
0.083209
0.093532
0.062885
0.056248
0.107723
0.068772
0.018197
0.051793
0.055519
0.080428
0.030051
0.028094
0.027627
0.066040
0.030952
0.034359
0.017445
0.056891
0.032759
0.055171
0.039401
0.038394
0.022752
0.013463
0.044112
0.066235
0.025286
0.032383
0.046906
0.066488
0.018307
0.013742
0.024678
0.045251
0.023950
0.038938
0.055775
0.050040
0.004487
0.037804
0.065472
0.060804
0.039737
0.016044
0.033876
0.060725
0.080989
0.046157
0.056806
0.075676
0.025974
0.078913
0.094621
0.064068
0.031780
0.037896
0.056194
0.064493
0.056626
