0.115564
0.041419
0.051909
0.065290
-0.005962
0.073798
0.090465
-0.000736
0.074134
0.045015
0.011614
0.051780
0.033581
0.037465
0.061255
0.041144
0.053975
0.043387
0.121627
0.031420
0.042436
0.031977
0.043117
0.017656
0.040699
0.051512
0.033882
0.035492
0.045885
0.049361
0.060679
0.045796
0.028845
0.038600
0.091421
0.021633
0.021896
0.018244
0.050549
0.064681
0.064096
0.064591
0.059160
0.051355
0.054710
0.083471
0.078323
0.045635
0.027920
0.043416
0.087800
0.084754
0.042792
0.053545
0.069903
0.071505
0.077044
0.092248
0.070500
0.039516
0.042848
0.065668
0.078962
0.026819
0.034910
0.066541
0.104396
0.102821
0.059170
0.092704
0.099890
0.106227
0.141639
0.110712
0.126084
0.072407
0.114193
0.092178
0.102377
0.118737
0.085782
0.112318
0.146020
0.160251
0.109130
0.088130
0.087141
0.097154
0.119820
0.137836
0.114985
0.096831
0.090782
0.111122
0.128598
0.077492
0.078977
0.137275
0.159310
0.144503
0.146346
0.142182
0.128621
0.116765
0.155270
0.155897
0.141687
0.125164
0.132071
0.177359
0.149038
0.110058
0.139182
0.129715
0.177785
0.252203
0.164333
0.185263
0.173141
0.174424
0.201372
0.197393
0.172303
0.160809
0.134705
0.178735
0.181480
0.120188
0.166074
0.142824
0.184754
0.148780
0.156032
0.105469
0.138333
0.108303
0.111525
0.139242
0.121689
0.103021
0.120077
0.169069
0.130037
0.070325
0.072294
0.092726
0.126541
0.109997
0.077055
0.117699
0.155689
0.091719
0.137444
0.098956
0.107920
0.142209
0.138601
0.140636
0.177975
0.131102
0.095819
0.164071
0.128372
0.135685
0.183833
0.160458
0.168534
0.149080
0.152475
0.155875
0.147503
0.095774
0.091919
0.189227
0.121172
0.099976
0.087118
0.103540
0.166443
0.146410
0.140401
0.131577
0.139226
0.123596
0.162138
0.155637
0.128971
0.097946
0.109314
0.134154
0.145101
0.121795
0.108747
0.187258
0.178454
0.189099
0.182317
0.181930
0.198534
0.183804
0.231279
0.248811
0.187681
0.166636
0.159699
0.212799
0.193676
0.185998
0.192742
0.231700
0.226179
0.270882
0.258436
0.249262
0.277980
0.260660
0.319311
0.266605
0.296929
0.280393
0.283027
0.291654
0.360499
0.320796
0.365772
0.432663
0.437011
0.456484
0.465240
0.427919
0.460346
0.494955
0.476338
0.463469
0.449196
0.529291
0.473488
0.567063
0.585557
0.527480
0.557208
0.577470
0.551271
0.525891
0.509351
0.491826
0.475619
0.442515
0.401024
0.425878
0.418270
0.334343
0.348865
0.399383
0.378543
0.308729
0.336974
0.431542
0.439157
0.471563
0.475917
0.458207
0.505570
0.502735
0.550912
0.517265
0.481963
0.529845
0.466823
0.597354
0.538164
0.515195
0.547861
0.506505
0.591210
0.575681
0.559004
0.570491
0.518526
0.531722
0.507134
0.525724
0.566571
0.528626
0.577632
0.579405
0.628314
0.601338
0.640035
0.642851
0.637596
0.673675
0.666716
0.619702
0.635849
0.648561
0.630950
0.604849
0.609631
0.573809
0.545364
0.628441
0.622326
0.487948
0.532349
0.547699
0.499904
0.504376
0.481957
0.473332
0.446726
0.427014
0.408827
0.375457
0.441199
0.342327
0.379162
0.364822
0.427538
0.339415
0.394080
0.441413
0.461613
0.432887
0.446489
0.470043
0.492783
0.514277
0.490813
0.456924
0.507666
0.441125
0.431370
0.496448
0.487091
0.421882
0.465605
0.471272
0.458048
0.436959
0.419186
0.467098
0.437619
0.416447
0.409471
0.437295
0.384673
0.365483
0.345183
0.443242
0.409018
0.358229
0.363921
0.361381
0.369858
0.385850
0.363476
0.324036
0.289812
0.300270
0.312082
0.296263
0.309196
0.231398
0.234789
0.288865
0.294476
0.187003
0.138673
0.248632
0.290063
0.260194
0.241797
0.274895
0.200757
0.240195
0.253144
0.220022
0.284112
0.220290
0.221294
0.253357
0.292190
0.199460
0.231050
0.300247
0.247097
0.270536
0.264021
0.252400
0.297668
0.238349
0.279114
0.212356
0.226761
0.190455
0.220344
0.220770
0.230240
0.148902
0.163847
0.155642
0.140499
0.179830
0.159308
0.143899
0.150589
0.091770
0.121963
0.128357
0.158112
0.104686
0.089379
0.106389
0.099258
0.094049
0.062030
0.070435
0.101476
0.101848
0.093168
0.066331
0.086566
0.065802
0.096476
0.109442
0.101774
0.113174
0.096550
0.100274
0.086926
0.075906
0.063013
0.101997
0.117438
0.081926
0.076114
0.056884
0.072355
0.058712
0.069217
0.065770
0.065612
0.021536
0.064824
0.045952
0.078283
0.042197
0.025934
0.067620
0.082728
0.044272
0.041176
0.033156
0.064457
0.068389
0.065340
0.032010
0.034439
0.047449
0.048545
0.044071
0.084472
0.046547
0.019917
0.058181
0.068598
0.071138
0.045756
0.089900
0.079213
0.043653
0.087293
0.073615
0.082711
0.094578
0.094648
0.130853
0.128410
0.103216
0.095117
0.167028
0.177769
0.222430
0.191545
0.204350
0.235951
0.271474
0.304115
0.286154
0.334585
0.313269
0.341854
0.367580
0.419725
0.413046
0.492297
0.517363
0.504670
0.528590
0.534423
0.519006
0.551267
0.549955
0.535603
0.538584
0.536993
0.506613
0.553580
0.571195
0.622871
0.642529
0.708634
0.664499
0.681810
0.659472
0.620606
0.596725
0.655822
0.601702
0.583754
0.576614
0.623908
0.599914
0.557323
0.609794
0.606249
0.515707
0.580353
0.575065
0.589899
0.614510
0.623084
0.617528
0.651687
0.622951
0.649075
0.611762
0.673956
0.621419
0.628264
0.649487
0.681565
0.667390
0.680246
0.710139
0.689875
0.679410
0.656568
0.657734
0.708767
0.679223
0.675727
0.654820
0.686330
0.667098
0.650166
0.708917
0.692900
0.651520
0.712253
0.705855
0.722417
0.667877
0.697498
0.648870
0.690656
0.711851
0.679064
0.676250
0.663271
0.619840
0.591567
0.685483
0.652400
0.614511
0.605527
0.663450
0.686590
0.663011
0.713190
0.704753
0.691357
0.722443
0.735410
0.701041
0.758616
0.677109
0.716093
0.743875
0.741417
0.746088
0.762292
0.807456
0.768968
0.759294
0.743927
0.754851
0.734569
0.755301
0.718079
0.724098
0.741999
0.700232
0.679820
0.769160
0.721112
0.740171
0.767913
0.792179
0.814590
0.799361
0.816665
0.808515
0.797882
0.818209
0.802144
0.835163
0.845528
0.819513
0.842480
0.835428
0.864033
0.844543
0.868796
0.870475
0.853579
0.854591
0.873216
0.824140
0.828027
0.836366
0.825690
0.835824
0.824898
0.787070
0.786865
0.828807
0.796250
0.781477
0.808064
0.787465
0.804779
0.773673
0.760249
0.742520
0.785523
0.742231
0.745135
0.704982
0.732168
0.702441
0.696451
0.706285
0.705038
0.627084
0.673825
0.679457
0.710958
0.697917
0.709754
0.657368
0.723508
0.665389
0.680702
0.671891
0.681528
0.637340
0.666305
0.687223
0.688641
0.683881
0.700636
0.715619
0.721719
0.710601
0.705830
0.670401
0.700263
0.681620
0.693435
0.688132
0.694046
0.695303
0.658268
0.701712
0.701204
0.711933
0.726930
0.688702
0.692979
0.632378
0.615654
0.569861
0.588050
0.528058
0.544785
0.530662
0.512198
0.470778
0.513889
0.525634
0.526800
0.383944
0.452165
0.412483
0.517302
0.465012
0.475528
0.468437
0.483561
0.443111
0.463591
0.374484
0.373316
0.402097
0.377482
0.480579
0.416279
0.321284
0.304740
0.391741
0.416943
0.395922
0.377194
0.394409
0.398657
0.435939
0.415654
0.389438
0.450442
0.387558
0.397464
0.422748
0.458456
0.386726
0.450024
0.481319
0.470252
0.460850
0.500182
0.426134
0.468164
0.473985
0.451839
0.432993
0.454043
0.416771
0.410382
0.421832
0.467735
0.442701
0.471224
0.443121
0.467250
0.465947
0.484794
0.425967
0.439958
0.449839
0.483155
0.430320
0.440015
0.360519
0.401211
0.422018
0.473259
0.349061
0.411811
0.334739
0.372055
0.378051
0.379331
0.312063
0.291298
0.271263
0.295337
0.258921
0.272911
0.203190
0.270570
0.223958
0.267149
0.203012
0.215356
0.195214
0.272435
0.221550
0.211443
0.223624
0.249405
0.221470
0.224343
0.194531
0.209225
0.192646
0.109203
0.250049
0.171344
0.102706
0.101378
0.159110
0.176413
0.191189
0.176646
0.188736
0.155352
0.176203
0.193208
0.186139
0.194357
0.126848
0.136242
0.230104
0.204488
0.164442
0.174359
0.219048
0.246131
0.306557
0.287295
0.313889
0.313600
0.318690
0.350166
0.310889
0.364302
0.353920
0.352256
0.459685
0.448247
0.395235
0.433842
0.425657
0.475679
0.481351
0.463576
0.424972
0.463128
0.419671
0.482783
0.465000
0.472536
0.449697
0.409634
0.513427
0.532048
0.467209
0.465036
0.514243
0.563716
0.508044
0.533936
0.502981
0.545644
0.538937
0.568535
0.487122
0.608225
0.563473
0.572529
0.632900
0.637168
0.612994
0.612657
0.727907
0.714043
0.741349
0.720579
0.748221
0.769217
0.793327
0.787681
0.777015
0.775670
0.772097
0.788115
0.791944
0.840476
0.800750
0.839197
0.783673
0.824440
0.775944
0.774843
0.741379
0.777272
0.723652
0.707593
0.690771
0.687125
0.631300
0.635898
0.692486
0.643169
0.599108
0.615071
0.604548
0.629480
0.623219
0.599526
0.559759
0.583752
0.568777
0.535291
0.522619
0.545937
0.468142
0.431513
0.491306
0.494242
0.315192
0.328491
0.496444
0.487549
0.498643
0.511779
0.538788
0.543473
0.609944
0.605359
0.564116
0.611249
0.608136
0.644566
0.656945
0.665244
0.687983
0.688068
0.765083
0.729461
0.691532
0.690681
0.666767
0.673976
0.639118
0.647303
0.627598
0.604496
0.579269
0.576376
0.672994
0.633545
0.563313
0.596569
0.613589
0.599785
0.596132
0.578440
0.587100
0.602822
0.505485
0.538080
0.485806
0.520390
0.466949
0.453887
0.485562
0.560612
0.391207
0.455101
0.419669
0.450925
0.356845
0.383537
0.343046
0.344995
0.334651
0.337462
0.350632
0.301718
0.270785
0.254909
0.314656
0.290772
0.243589
0.238993
0.234648
0.243996
0.233965
0.249325
0.188567
0.147118
0.126221
0.151715
0.233767
0.228750
0.112108
0.111729
0.206234
0.160678
0.111886
0.117220
0.195333
0.228163
0.164518
0.206118
0.180408
0.130720
0.193225
0.239316
0.204787
0.183213
0.123098
0.121926
0.168593
0.180258
0.140841
0.117795
0.124425
0.108724
0.098056
0.132069
0.066965
0.119794
0.079491
0.073899
0.161195
0.075824
0.040225
0.041003
0.071248
0.068493
0.049032
