0.121237
0.062198
0.075732
0.058155
0.032827
0.072501
0.087508
0.061399
0.103652
0.008249
0.055856
0.093590
0.087747
0.079041
0.095424
0.065356
0.037061
0.055828
0.080045
0.072287
0.051107
0.054270
0.073232
0.059072
0.063359
0.064032
0.073986
0.044010
0.072569
0.082675
0.078330
0.061162
0.059670
0.073343
0.091428
0.082732
0.081906
0.089580
0.082212
0.073260
0.083924
0.074691
0.098742
0.056957
0.072693
0.082560
0.086228
0.078069
0.035263
0.065586
0.078728
0.051581
0.086794
0.065178
0.088400
0.043460
0.095594
0.057403
0.069085
0.045672
0.077881
0.053167
0.094117
0.044219
0.045886
0.089325
0.098315
0.105477
0.092022
0.066676
0.070789
0.062524
0.111807
0.100520
0.132159
0.114479
0.096250
0.125612
0.090154
0.106022
0.109369
0.149187
0.141778
0.149551
0.109878
0.116693
0.128374
0.117744
0.119306
0.137323
0.088010
0.126317
0.089597
0.170484
0.135828
0.105280
0.091615
0.169317
0.165212
0.201194
0.179850
0.186794
0.213449
0.247638
0.271774
0.225526
0.261377
0.186366
0.267312
0.279029
0.317501
0.238983
0.246465
0.304098
0.287989
0.277492
0.297995
0.260226
0.327445
0.300883
0.336523
0.308021
0.333611
0.330146
0.297241
0.376999
0.399846
0.325781
0.354001
0.421206
0.407281
0.400270
0.412662
0.396803
0.404525
0.338004
0.349361
0.348385
0.324458
0.301187
0.311678
0.342713
0.349582
0.298188
0.290079
0.307389
0.276039
0.295253
0.319469
0.292477
0.280964
0.308212
0.291237
0.264446
0.320487
0.267446
0.289041
0.295902
0.369749
0.315589
0.311535
0.274657
0.280546
0.284232
0.317210
0.256257
0.266461
0.216533
0.225531
0.270563
0.198814
0.204466
0.114277
0.220415
0.180204
0.104187
0.111126
0.154663
0.139785
0.141642
0.121668
0.139804
0.147413
0.103326
0.125402
0.103042
0.096076
0.112291
0.131396
0.115174
0.111806
0.104455
0.060463
0.126849
0.168122
0.114956
0.133181
0.127448
0.127247
0.131413
0.115909
0.155339
0.163840
0.139436
0.113025
0.202465
0.185693
0.153394
0.162926
0.228757
0.195907
0.200036
0.227147
0.187720
0.201305
0.199586
0.205081
0.236345
0.215532
0.206807
0.197904
0.241051
0.220770
0.237516
0.200423
0.185216
0.240018
0.234619
0.213070
0.211507
0.199440
0.147475
0.161595
0.172201
0.131513
0.086650
0.108871
0.141119
0.130235
0.035888
0.059654
0.136089
0.159247
0.155056
0.141309
0.157242
0.204958
0.176991
0.269427
0.195118
0.244198
0.216343
0.289367
0.268165
0.307575
0.285628
0.325681
0.405976
0.399204
0.378246
0.405268
0.413085
0.414561
0.472395
0.435084
0.422665
0.484109
0.445848
0.477663
0.525992
0.550300
0.580465
0.613644
0.518029
0.595823
0.524024
0.522343
0.471574
0.454965
0.433732
0.443294
0.372440
0.354438
0.271914
0.293068
0.360017
0.360276
0.241906
0.269183
0.335657
0.332957
0.375781
0.351550
0.390277
0.370038
0.364102
0.402252
0.288313
0.393451
0.320055
0.351377
0.358458
0.443552
0.310861
0.317573
0.392976
0.403366
0.384796
0.436351
0.404938
0.408147
0.436484
0.457513
0.447607
0.463914
0.447085
0.464057
0.500077
0.541867
0.518783
0.583432
0.626602
0.535428
0.557138
0.559109
0.553808
0.625124
0.541957
0.546020
0.512919
0.560545
0.462632
0.516319
0.526222
0.545621
0.437874
0.461053
0.446406
0.492898
0.507614
0.500111
0.503937
0.576795
0.526083
0.553715
0.479994
0.536359
0.530112
0.532640
0.548916
0.649911
0.483099
0.558656
0.641412
0.597632
0.603890
0.631857
0.604046
0.617177
0.658894
0.656789
0.653160
0.660697
0.655569
0.658850
0.665506
0.672782
0.655700
0.708878
0.747463
0.765519
0.744151
0.748804
0.759820
0.758017
0.757056
0.786929
0.788461
0.786547
0.788184
0.799148
0.791926
0.808824
0.816840
0.837160
0.853119
0.852300
0.831637
0.841649
0.798974
0.807250
0.818491
0.823200
0.804012
0.802102
0.790299
0.779183
0.804369
0.810492
0.775905
0.832582
0.773588
0.816701
0.786153
0.775135
0.798215
0.789502
0.759357
0.761558
0.701492
0.741936
0.691382
0.685672
0.717318
0.718397
0.645477
0.691252
0.693959
0.704496
0.704652
0.709560
0.689031
0.706905
0.705620
0.704771
0.682237
0.703715
0.724360
0.711571
0.740667
0.741813
0.723833
0.761075
0.770367
0.763460
0.707561
0.737620
0.727918
0.744142
0.710617
0.725647
0.705708
0.725078
0.699980
0.709688
0.761959
0.742421
0.671366
0.690602
0.751292
0.768088
0.748489
0.729425
0.740474
0.764418
0.787569
0.759150
0.757459
0.760603
0.741180
0.716283
0.748043
0.753853
0.711347
0.771970
0.772589
0.769289
0.778060
0.786669
0.778992
0.814820
0.811172
0.801324
0.812285
0.801201
0.803320
0.825933
0.812127
0.845119
0.837661
0.867440
0.846366
0.835533
0.798693
0.783304
0.784259
0.784610
0.758700
0.706419
0.707759
0.682336
0.689854
0.603206
0.710899
0.651546
0.486495
0.550476
0.526057
0.511670
0.526288
0.496063
0.474798
0.482748
0.462051
0.422031
0.448230
0.424260
0.344375
0.351093
0.335473
0.387855
0.328286
0.370208
0.393257
0.413530
0.392385
0.373876
0.341138
0.364503
0.357708
0.382098
0.328654
0.336086
0.315651
0.418316
0.366766
0.377744
0.301940
0.327516
0.437849
0.417711
0.451071
0.438217
0.474045
0.446045
0.492449
0.512223
0.459799
0.513546
0.427985
0.509949
0.517201
0.586169
0.526326
0.550997
0.596781
0.628337
0.594396
0.611781
0.579590
0.605014
0.618649
0.631471
0.570284
0.591264
0.520710
0.517769
0.636320
0.598573
0.608739
0.645150
0.599916
0.626370
0.631365
0.563797
0.591785
0.580433
0.592700
0.515967
0.601375
0.588550
0.544292
0.565939
0.533023
0.575206
0.510884
0.519689
0.607213
0.529427
0.501326
0.507903
0.505828
0.501933
0.500315
0.477035
0.442097
0.449020
0.458647
0.407620
0.421796
0.451979
0.392495
0.442216
0.401091
0.461164
0.376719
0.448634
0.368236
0.363764
0.428884
0.438750
0.417481
0.417675
0.344080
0.371715
0.412706
0.418237
0.350527
0.390088
0.436238
0.429741
0.435845
0.466251
0.385129
0.411367
0.428710
0.439845
0.338017
0.427159
0.291836
0.374235
0.351669
0.400010
0.337687
0.373681
0.394954
0.391552
0.403509
0.411163
0.426916
0.430065
0.388726
0.422108
0.363006
0.381189
0.408076
0.392775
0.444860
0.473980
0.434701
0.476366
0.500248
0.490403
0.519904
0.561992
0.512470
0.555526
0.498296
0.510873
0.542913
0.514027
0.478728
0.455860
0.517103
0.533882
0.502094
0.563196
0.508126
0.568433
0.504701
0.514747
0.470323
0.471167
0.443729
0.455392
0.407903
0.423037
0.362785
0.343092
0.435969
0.435196
0.317672
0.339804
0.304314
0.359154
0.361642
0.306585
0.344953
0.316083
0.362371
0.337328
0.283252
0.308576
0.316606
0.305349
0.283745
0.305130
0.288242
0.275659
0.295221
0.304691
0.330516
0.326701
0.314300
0.315049
0.270970
0.340689
0.291976
0.337674
0.227365
0.256176
0.338244
0.325978
0.254459
0.281953
0.344880
0.385019
0.378334
0.341750
0.336123
0.344926
0.330435
0.362814
0.370733
0.373384
0.378272
0.388728
0.433927
0.461945
0.393943
0.444807
0.460669
0.455426
0.442818
0.387821
0.413262
0.435447
0.392102
0.441958
0.373354
0.397299
0.347099
0.346466
0.395592
0.428878
0.288447
0.316376
0.345414
0.365392
0.331446
0.333767
0.337382
0.308016
0.348973
0.328459
0.246953
0.295945
0.243249
0.237521
0.259420
0.298601
0.191502
0.182845
0.231323
0.285943
0.240099
0.306709
0.264435
0.271210
0.286648
0.359364
0.321641
0.310147
0.359264
0.352013
0.348756
0.453119
0.407879
0.446141
0.473670
0.467940
0.441786
0.433050
0.385351
0.387667
0.432816
0.397558
0.397677
0.441091
0.357989
0.378388
0.407719
0.458697
0.410134
0.446081
0.513971
0.506987
0.480700
0.502701
0.460675
0.441423
0.469833
0.443157
0.438271
0.436290
0.399900
0.376442
0.429190
0.471829
0.378606
0.378028
0.402620
0.452813
0.444508
0.448397
0.402165
0.432674
0.394148
0.457007
0.389462
0.430469
0.444288
0.443571
0.465706
0.475008
0.460450
0.501567
0.548744
0.537412
0.511180
0.479515
0.497411
0.500037
0.566431
0.505273
0.391423
0.435360
0.428611
0.450952
0.541471
0.481637
0.443678
0.426625
0.506887
0.502167
0.585762
0.574180
0.594493
0.623847
0.644834
0.625415
0.596419
0.625292
0.649256
0.692967
0.675559
0.745613
0.714631
0.745705
0.778001
0.751262
0.746033
0.740954
0.792106
0.770863
0.780636
0.796767
0.765301
0.761259
0.776575
0.773294
0.801803
0.810415
0.795701
0.824392
0.838104
0.849156
0.812290
0.838893
0.813184
0.838266
0.827196
0.822245
0.820037
0.815691
0.805591
0.817832
0.804049
0.830697
0.787834
0.827986
0.847453
0.818380
0.831495
0.829574
0.806144
0.832856
0.815192
0.826971
0.787013
0.810284
0.768993
0.793104
0.790318
0.801575
0.744061
0.761965
0.767941
0.758987
0.715403
0.700152
0.681899
0.674612
0.639002
0.585558
0.526311
0.549087
0.485890
0.468849
0.482213
0.555151
0.336528
0.397391
0.439401
0.401568
0.434997
0.455890
0.441545
0.497247
0.420150
0.457680
0.426175
0.454809
0.445148
0.409207
0.497723
0.482341
0.452062
0.478653
0.539228
0.538188
0.515645
0.565171
0.559133
0.597982
0.594464
0.585730
0.535883
0.585216
0.579718
0.620001
0.649180
0.701192
0.678460
0.718062
0.680269
0.692108
0.713763
0.690905
0.681793
0.668961
0.671168
0.660053
0.668373
0.662178
0.610639
0.577675
0.628026
0.643694
0.556849
0.638243
0.641523
0.626764
0.537490
0.558985
0.538657
0.589905
0.566193
0.536080
0.493280
0.500621
0.484731
0.468894
0.521199
0.510948
0.398266
0.434321
0.413983
0.410994
0.404330
0.395992
0.406879
0.429893
0.363397
0.366184
0.315498
0.305377
0.310003
0.262779
0.374870
0.386578
0.213400
0.267856
0.253010
0.256154
0.307307
0.283330
0.254639
0.276178
0.219684
0.252426
0.252884
0.254504
0.200410
0.242453
0.180895
0.286382
0.179885
0.210223
0.168258
0.189452
0.147710
0.136814
0.077586
0.130036
0.086990
0.079973
0.178491
0.108974
0.034278
0.056208
0.059479
0.062052
0.047659
