0.127667
0.056191
0.065527
0.071037
0.016751
0.080501
0.076627
0.017399
0.068836
0.035251
0.023320
0.043998
0.051583
0.062017
0.030087
0.024529
0.021314
0.043398
0.090246
0.041252
0.043672
0.037933
0.063546
0.027929
0.073179
0.048435
0.047049
0.086535
0.056750
0.070136
0.064443
0.065844
0.046500
0.079559
0.096296
0.086791
0.095703
0.083595
0.094821
0.077592
0.101308
0.096678
0.089847
0.059530
0.066357
0.094636
0.073784
0.057959
0.039694
0.036826
0.094218
0.081344
0.067315
0.052246
0.058245
0.044254
0.039835
0.062107
0.067835
0.052755
0.042877
0.052645
0.046548
0.043729
0.058428
0.027961
0.093816
0.067728
0.041829
0.060309
0.060947
0.031088
0.044592
0.044369
0.084481
0.080767
0.065045
0.061344
0.064089
0.062598
0.035649
0.089256
0.102217
0.080513
0.082736
0.064591
0.081484
0.082480
0.100051
0.075654
0.076972
0.059915
0.056230
0.097580
0.085789
0.054130
0.039105
0.042779
0.076630
0.071740
0.053204
0.079277
0.088183
0.043396
0.080634
0.056723
0.072100
0.061597
0.076879
0.085777
0.074336
0.046540
0.039568
0.048194
0.079968
0.070625
0.065755
0.060736
0.090607
0.023485
0.066565
0.084092
0.085322
0.035710
0.073594
0.080101
0.083516
0.066245
0.056003
0.076933
0.109066
0.124144
0.099462
0.106896
0.088825
0.061527
0.070733
0.095886
0.110180
0.101960
0.110842
0.123186
0.142509
0.093774
0.117402
0.145434
0.129589
0.118579
0.142141
0.099107
0.113564
0.094758
0.081369
0.108619
0.146846
0.075322
0.065410
0.123881
0.088634
0.086484
0.050940
0.120209
0.110168
0.126226
0.066529
0.088184
0.060045
0.069782
0.080313
0.090866
0.074861
0.031722
0.046505
0.071941
0.062704
0.042131
0.030674
0.033666
0.066354
0.058045
0.061540
0.063257
0.064635
0.036519
0.085761
0.067471
0.083079
0.080610
0.104669
0.126353
0.116335
0.097465
0.082930
0.135686
0.160755
0.176895
0.151892
0.168992
0.185695
0.144910
0.213476
0.189282
0.212015
0.183626
0.212679
0.297640
0.267069
0.258204
0.242218
0.256565
0.291815
0.275927
0.288998
0.219573
0.231574
0.244754
0.282107
0.176867
0.218703
0.130411
0.144016
0.243588
0.196748
0.119816
0.099864
0.168939
0.190966
0.231282
0.243933
0.210137
0.163905
0.218905
0.217224
0.244101
0.260082
0.200077
0.192003
0.255624
0.235885
0.224702
0.225968
0.311909
0.273394
0.278190
0.243684
0.239158
0.238643
0.266842
0.272334
0.254821
0.271381
0.185062
0.201564
0.275929
0.264139
0.168051
0.201838
0.186196
0.253103
0.240151
0.181307
0.146201
0.163737
0.174460
0.161133
0.182166
0.162344
0.153258
0.162223
0.205800
0.165717
0.151463
0.129196
0.223783
0.190123
0.185934
0.205774
0.201586
0.179861
0.174805
0.207507
0.181895
0.176184
0.171361
0.115014
0.236348
0.190809
0.148001
0.171103
0.251479
0.265601
0.326367
0.311266
0.351075
0.358005
0.382701
0.364156
0.401993
0.370073
0.374358
0.352844
0.445104
0.458194
0.420229
0.475011
0.501597
0.548001
0.528724
0.523591
0.514161
0.550127
0.504524
0.512674
0.522866
0.499053
0.553160
0.511503
0.577989
0.566146
0.636626
0.671343
0.572374
0.629198
0.573239
0.542881
0.525127
0.574356
0.484091
0.497677
0.422477
0.424159
0.393510
0.392707
0.451622
0.437526
0.244358
0.261479
0.251879
0.305127
0.248942
0.230756
0.217085
0.208950
0.196038
0.186671
0.187451
0.163635
0.140292
0.155367
0.210333
0.168084
0.117169
0.084560
0.122027
0.169411
0.154012
0.116606
0.102482
0.133458
0.142481
0.151977
0.158533
0.113705
0.105572
0.110829
0.120174
0.107681
0.102051
0.076701
0.124273
0.164603
0.117180
0.132977
0.094267
0.093658
0.080570
0.118141
0.135838
0.108287
0.058837
0.132812
0.115587
0.138547
0.101731
0.098160
0.178777
0.124760
0.173830
0.175270
0.131484
0.116285
0.163307
0.178216
0.167722
0.158382
0.137647
0.077056
0.134180
0.153389
0.113511
0.131494
0.170152
0.183964
0.151597
0.196185
0.130807
0.131200
0.175470
0.169347
0.156487
0.143571
0.105546
0.136283
0.174643
0.150190
0.133080
0.110750
0.128712
0.180243
0.145792
0.128368
0.114970
0.142431
0.098407
0.104017
0.120348
0.132077
0.076281
0.108818
0.119712
0.124831
0.064708
0.043264
0.080219
0.087263
0.083134
0.074579
0.082237
0.055551
0.034365
0.029489
0.081411
0.050667
0.022166
0.046726
0.029397
0.076242
0.008513
0.031549
0.047797
0.078538
0.013402
0.008474
0.019517
0.044212
0.020731
0.044597
0.056351
0.031091
0.000212
0.016352
0.036768
0.071063
0.030210
0.022331
0.045542
0.047958
0.017741
0.006047
0.018739
0.043806
0.010847
0.064089
0.046038
0.044391
-0.006952
0.004880
0.015373
0.060150
0.047162
0.019589
0.034726
0.051472
0.039763
0.029496
0.049521
0.069152
0.050382
0.063399
0.039073
0.037478
0.033749
0.030376
0.067798
0.058649
0.069417
0.056858
0.040416
0.041238
0.060529
0.044882
0.042692
0.060616
0.010238
0.044976
0.062529
0.036313
0.020898
0.032579
0.031173
0.043768
0.023346
0.024041
0.024161
0.057077
0.044995
0.006406
0.029578
0.030924
0.004855
0.025720
0.044470
0.034175
0.009928
0.034598
0.034197
0.047830
0.008116
0.018018
0.011170
0.052705
0.019856
-0.003267
0.031702
0.064455
-0.011054
0.025484
0.041016
0.042764
-0.012592
0.006657
0.029643
0.050845
0.029440
0.028353
-0.008718
0.046271
0.031945
0.008401
0.028389
0.034460
0.000603
0.057514
0.046362
0.051720
-0.014688
0.010171
0.036932
0.035171
0.038272
0.021605
0.014382
0.048587
0.038755
0.013917
0.019200
0.057219
0.019560
0.064613
0.022910
0.022524
0.017090
0.024710
0.043190
0.065860
0.044685
0.031811
0.039592
0.054261
0.019663
0.023940
0.024917
0.029675
0.019455
0.049860
0.022243
0.034566
-0.005235
0.025290
0.042781
0.058292
0.013940
0.029021
0.003373
0.049013
0.038979
-0.003375
0.003421
0.022205
0.042581
0.052488
0.036692
0.032068
-0.001280
0.014215
0.018501
0.041611
0.022514
0.021249
0.013239
0.051957
0.003434
-0.012890
0.042621
0.020682
0.012020
0.061969
0.044376
0.033467
-0.000257
0.015198
0.033884
0.039985
0.021219
0.031324
0.027176
0.066451
0.021570
0.010174
0.022583
0.042201
-0.009029
0.030270
0.051798
0.027323
-0.005879
0.016235
0.024493
0.046150
0.027422
0.033444
-0.000508
0.058747
0.020985
0.000807
0.039746
0.036434
0.003244
0.036714
0.026865
0.034748
-0.000614
0.031778
0.060269
0.048855
0.029773
0.018867
0.016663
0.066620
0.014649
0.011615
0.044955
0.043772
0.002205
0.044857
0.038456
0.029348
0.008796
0.031897
0.050880
0.032190
0.042319
0.026088
0.041233
0.058027
0.011542
0.020982
0.031827
0.062281
0.001580
0.064172
0.032098
0.032947
0.025762
0.035273
0.035243
0.045986
0.023732
0.023912
0.048656
0.057941
0.029572
0.017920
0.035916
0.040708
0.026518
0.073222
0.043960
0.048714
0.016284
0.027657
0.065473
0.059905
0.013801
0.023933
0.044912
0.071342
0.044351
0.039189
0.052868
0.055194
0.036936
0.066551
0.057343
0.052918
0.034772
0.053010
0.062913
0.068091
0.031845
0.031378
0.050548
0.098386
0.047299
0.049583
0.048367
0.072425
0.065233
0.078412
0.085153
0.078482
0.070410
0.097910
0.103110
0.099700
0.063725
0.079131
0.110888
0.097751
0.138994
0.093686
0.108632
0.153926
0.091793
0.123957
0.127462
0.104232
0.110377
0.113193
0.100503
0.085935
0.101764
0.074900
0.102546
0.116529
0.067438
0.107973
0.066292
0.086518
0.043582
0.052784
0.080446
0.044446
0.057496
0.060178
0.063245
0.054646
0.066669
0.023235
0.057204
0.091341
0.063130
0.067389
0.074604
0.095314
0.043652
0.075448
0.054464
0.077908
0.047868
0.090431
0.080764
0.085795
0.056213
0.045316
0.056842
0.100701
0.107451
0.056196
0.107703
0.077266
0.081968
0.082196
0.079218
0.065926
0.081677
0.062437
0.115193
0.096611
0.056167
0.074142
0.075062
0.100082
0.108454
0.108307
0.114431
0.112929
0.123903
0.121855
0.158219
0.136871
0.099618
0.075383
0.116219
0.106589
0.105668
0.096399
0.105696
0.139427
0.123015
0.146338
0.143874
0.150051
0.104903
0.115437
0.114636
0.117859
0.094622
0.088233
0.122167
0.106769
0.058420
0.042577
0.080395
0.090051
0.104060
0.078735
0.100150
0.117598
0.049847
0.096444
0.074174
0.103423
0.097612
0.109845
0.120831
0.107854
0.102637
0.117492
0.118934
0.151728
0.160762
0.158967
0.177373
0.142983
0.134035
0.159830
0.101722
0.153985
0.145867
0.149392
0.163746
0.148676
0.142609
0.089887
0.159858
0.169791
0.181980
0.167639
0.189909
0.205904
0.203006
0.232753
0.178405
0.232712
0.215868
0.218603
0.221710
0.295326
0.211954
0.264776
0.251433
0.311577
0.304713
0.287955
0.276793
0.283057
0.257187
0.284029
0.295486
0.320114
0.279878
0.299834
0.298384
0.349720
0.346407
0.422015
0.393018
0.377611
0.378216
0.393571
0.365686
0.364944
0.375190
0.347395
0.312601
0.324926
0.330002
0.350423
0.362684
0.390839
0.300420
0.314652
0.342737
0.361740
0.384261
0.381295
0.337862
0.331917
0.321386
0.325130
0.307029
0.291952
0.273504
0.268152
0.316483
0.316719
0.251106
0.253110
0.307864
0.355512
0.321281
0.342963
0.273236
0.280207
0.346114
0.314094
0.347632
0.330582
0.307183
0.309021
0.333803
0.363966
0.341833
0.373599
0.446326
0.469774
0.445551
0.491623
0.510250
0.495849
0.514460
0.534449
0.474421
0.510703
0.465469
0.488870
0.516841
0.551301
0.497343
0.535770
0.496210
0.526739
0.452829
0.470866
0.426117
0.426735
0.397821
0.341272
0.368782
0.364192
0.351182
0.313662
0.409222
0.350503
0.291898
0.313877
0.323584
0.331042
0.289547
0.306678
0.244868
0.271163
0.252606
0.291880
0.254921
0.278700
0.171972
0.172391
0.179107
0.217766
0.110593
0.123701
0.160991
0.163778
0.144361
0.137370
0.106014
0.104623
0.087039
0.126327
0.113279
0.107054
0.094931
0.095799
0.111234
0.099203
0.096386
0.087644
0.072314
0.100679
0.095104
0.095670
0.081384
0.128335
0.062267
0.066571
0.117520
0.083815
0.066080
0.063619
0.070711
0.056916
0.055969
