0.118997
0.042358
0.062940
0.063689
0.003797
0.074937
0.075532
0.023288
0.074830
0.027183
0.037281
0.044512
0.032894
0.057833
0.043797
0.019601
0.018288
0.045009
0.067657
0.004552
0.018527
0.022925
0.040498
0.005116
0.038169
0.045838
0.035037
0.011835
0.032853
0.016091
0.045459
0.034744
0.034034
0.015298
0.063943
0.024588
0.007304
-0.000653
0.033004
0.031504
0.050701
0.036168
0.028830
0.014749
0.007227
0.031973
0.037106
0.028593
0.025209
0.031387
0.054407
0.018529
0.007613
0.047957
0.049735
0.010638
0.046491
0.045326
0.052639
0.060735
0.062964
0.075700
0.068754
0.038144
0.018497
0.077851
0.092392
0.061854
0.052522
0.062530
0.064765
0.050042
0.073852
0.049618
0.058627
0.041065
0.042209
0.062116
0.072249
0.044009
0.038422
0.037538
0.077358
0.055416
0.056874
0.046740
0.053009
0.032998
0.046051
0.052443
0.046583
0.025033
0.056664
0.041645
0.073364
0.045266
0.022238
0.020590
0.064588
0.028162
0.022230
0.051459
0.041006
0.020561
0.071065
0.058802
0.050401
0.002682
0.036999
0.035819
0.064437
0.030617
0.022719
0.019237
0.061923
0.056294
0.021735
0.034042
0.051000
0.018459
0.046031
0.053155
0.045690
0.012986
0.007519
0.040717
0.048968
0.018171
0.035170
0.033589
0.047518
0.029073
0.020171
0.023480
0.062571
0.025190
0.045730
0.038551
0.015087
0.016063
0.029966
0.040083
0.054521
0.021042
0.033002
0.048006
0.060668
0.041150
0.049793
0.056297
0.062679
0.043916
0.091634
0.064917
0.055580
0.060816
0.056965
0.064962
0.086784
0.027896
0.034782
0.063325
0.101312
0.079356
0.081977
0.053640
0.070028
0.067063
0.085667
0.103751
0.071862
0.085512
0.100100
0.080509
0.099215
0.078854
0.048807
0.095217
0.160125
0.121656
0.112572
0.127393
0.081296
0.099100
0.108884
0.130438
0.122442
0.091391
0.083857
0.103137
0.091574
0.076184
0.071039
0.080136
0.128786
0.141889
0.124389
0.124996
0.102100
0.130017
0.103230
0.173419
0.116467
0.103957
0.124348
0.100050
0.115239
0.065115
0.090531
0.111607
0.126870
0.102702
0.103589
0.103400
0.128728
0.068902
0.103949
0.087358
0.102425
0.073265
0.074694
0.099001
0.088056
0.017017
0.054611
0.090293
0.079829
0.100771
0.062491
0.075856
0.093145
0.032118
0.054001
0.079282
0.067243
0.019448
0.055978
0.058363
0.049639
0.059933
0.013092
0.044712
0.072294
0.030424
0.040684
0.058457
0.064053
0.029315
0.046632
0.077740
0.063118
0.026767
0.062372
0.058594
0.064540
0.031727
0.034576
0.037525
0.071749
0.045161
0.048068
0.047289
0.034068
0.034227
0.030665
0.073878
0.065734
0.006133
0.035693
0.051398
0.047212
0.023701
0.010282
0.040728
0.072227
0.043156
0.027675
0.051829
0.074297
0.031339
0.045298
0.075055
0.076570
0.036629
0.045575
0.074556
0.061902
0.075560
0.061580
0.043552
0.105399
0.064793
0.104931
0.083684
0.070793
0.052103
0.058577
0.089126
0.085724
0.068602
0.051390
0.090774
0.069460
0.075132
0.054170
0.070748
0.105181
0.085183
0.088103
0.075832
0.100711
0.075272
0.087609
0.119218
0.079609
0.088866
0.084799
0.085202
0.072592
0.076478
0.025175
0.092514
0.105000
0.088222
0.141547
0.081955
0.084019
0.119911
0.088095
0.156008
0.142933
0.131799
0.139706
0.176550
0.145128
0.190799
0.193295
0.294788
0.302620
0.295153
0.349180
0.318363
0.331357
0.397653
0.360506
0.361979
0.351841
0.360267
0.381585
0.395045
0.431230
0.410675
0.471480
0.505955
0.482897
0.494504
0.494057
0.484598
0.512727
0.519270
0.518151
0.465217
0.544008
0.525541
0.526492
0.510675
0.565451
0.544175
0.560201
0.585728
0.614808
0.568397
0.593649
0.574966
0.525844
0.595705
0.548468
0.544586
0.570973
0.515049
0.474339
0.514344
0.526663
0.419935
0.498140
0.536675
0.563590
0.522217
0.573836
0.564634
0.540427
0.579918
0.555526
0.536230
0.618875
0.576510
0.600085
0.633604
0.609408
0.630701
0.661105
0.712989
0.747907
0.711815
0.732345
0.716381
0.746638
0.762343
0.740694
0.734410
0.751565
0.760586
0.757721
0.773489
0.769139
0.771188
0.804365
0.789285
0.768294
0.774079
0.773851
0.763362
0.778551
0.742890
0.756382
0.746426
0.745639
0.734065
0.701524
0.733367
0.735712
0.634685
0.693299
0.706056
0.710549
0.715298
0.710771
0.709466
0.711168
0.705522
0.685588
0.711158
0.696425
0.684325
0.677568
0.690624
0.725180
0.696785
0.719931
0.742145
0.766974
0.772289
0.768817
0.747046
0.781713
0.805017
0.785517
0.755276
0.748598
0.758561
0.729527
0.782042
0.778875
0.752285
0.746440
0.776076
0.777363
0.790303
0.776174
0.791129
0.797402
0.789917
0.773715
0.798355
0.793074
0.800741
0.791755
0.797263
0.805547
0.810964
0.841339
0.877871
0.871967
0.876396
0.884776
0.885503
0.879181
0.887244
0.876631
0.888290
0.884557
0.882440
0.887623
0.864173
0.893657
0.874007
0.905618
0.910007
0.903622
0.884330
0.884858
0.882225
0.887625
0.884538
0.887713
0.866067
0.875964
0.858456
0.852136
0.861003
0.861787
0.831825
0.867071
0.858195
0.854164
0.848747
0.848041
0.826017
0.855231
0.827044
0.816346
0.833460
0.824754
0.834569
0.837104
0.825473
0.824349
0.816404
0.824618
0.855480
0.833627
0.823135
0.834478
0.792537
0.825872
0.848806
0.832614
0.826094
0.797073
0.826645
0.834860
0.813277
0.839069
0.822670
0.824437
0.861240
0.851376
0.850092
0.839960
0.858063
0.851954
0.846174
0.832823
0.811997
0.816304
0.819504
0.772457
0.814636
0.805684
0.727217
0.783671
0.773810
0.810634
0.803279
0.791260
0.784670
0.780704
0.784474
0.759973
0.786351
0.789340
0.776101
0.768857
0.805791
0.791749
0.793588
0.802322
0.830109
0.837817
0.827036
0.808135
0.814499
0.833453
0.833644
0.833791
0.839005
0.843965
0.827345
0.848834
0.838772
0.844858
0.834884
0.868973
0.884146
0.863546
0.872985
0.888735
0.851390
0.850021
0.863240
0.861175
0.841417
0.859908
0.839744
0.849156
0.845809
0.842223
0.830934
0.831864
0.862627
0.848979
0.862726
0.850900
0.858564
0.854167
0.872885
0.854587
0.871779
0.858344
0.852105
0.848964
0.869488
0.861583
0.861060
0.874739
0.901657
0.891434
0.906363
0.910006
0.901848
0.906813
0.922491
0.926825
0.922444
0.920923
0.934349
0.937238
0.932888
0.936151
0.937430
0.938677
0.958362
0.948973
0.958289
0.949264
0.948984
0.947560
0.959317
0.951354
0.951101
0.941442
0.950637
0.943884
0.944240
0.945816
0.944504
0.954595
0.959945
0.957637
0.965826
0.967890
0.962929
0.964130
0.974416
0.969817
0.966028
0.969697
0.968957
0.969355
0.975149
0.968560
0.974297
0.973253
0.979264
0.974618
0.979718
0.976115
0.977076
0.976379
0.977167
0.976353
0.974396
0.970363
0.975417
0.976582
0.973537
0.970614
0.966268
0.973958
0.976178
0.976375
0.976383
0.977954
0.977807
0.975500
0.982863
0.976089
0.975713
0.974614
0.977841
0.977342
0.980946
0.971648
0.977397
0.974986
0.982856
0.981581
0.982828
0.982811
0.980474
0.982168
0.984712
0.981486
0.977295
0.980935
0.978645
0.979719
0.980244
0.975548
0.979703
0.977811
0.979698
0.977796
0.972133
0.974092
0.971522
0.971161
0.971694
0.969927
0.956287
0.957966
0.946376
0.956926
0.942025
0.933833
0.919622
0.924356
0.937882
0.912838
0.920178
0.912418
0.892247
0.895742
0.897690
0.891185
0.870882
0.862368
0.842694
0.844457
0.835550
0.847566
0.795077
0.823924
0.842625
0.843518
0.830001
0.823436
0.832601
0.824292
0.834646
0.798374
0.795553
0.798998
0.783539
0.810173
0.799544
0.807874
0.759664
0.796959
0.794994
0.779730
0.782984
0.769669
0.750795
0.764175
0.729110
0.732238
0.708578
0.706709
0.679112
0.641516
0.669361
0.719432
0.600725
0.639818
0.541638
0.581639
0.542424
0.522027
0.485253
0.493590
0.407806
0.405059
0.341770
0.367728
0.278890
0.270087
0.314040
0.281204
0.180875
0.163554
0.197937
0.222350
0.203727
0.181771
0.153988
0.157588
0.143757
0.182127
0.165804
0.151416
0.093436
0.104007
0.116721
0.132040
0.056526
0.067842
0.085553
0.120252
0.092805
0.115118
0.089690
0.087710
0.063723
0.089304
0.091258
0.099108
0.083600
0.069111
0.113356
0.089429
0.061377
0.067284
0.054953
0.095639
0.098558
0.094332
0.055040
0.097773
0.039831
0.054389
0.082745
0.068724
0.030793
0.053159
0.063012
0.081493
0.032240
0.020105
0.018866
0.069152
0.047206
0.050326
0.033479
0.029466
0.055839
0.058318
0.043106
0.042292
0.011162
0.030123
0.065437
0.064632
0.053656
0.049736
0.012569
0.058508
0.019577
0.028532
0.018504
0.062441
0.016429
0.048459
0.038283
0.037530
-0.013581
0.037047
0.030785
0.050209
0.034068
0.018657
0.012349
0.053006
0.017431
0.010184
0.007443
0.055642
0.002492
0.034478
0.044635
0.040806
-0.013552
0.012454
0.022821
0.055221
0.021605
0.033118
-0.023522
0.036233
0.033806
0.005969
0.018657
0.017014
0.002364
0.046846
0.047888
0.025628
0.012040
-0.011709
0.028812
0.034946
0.029394
0.018743
-0.005358
0.048615
0.040129
-0.003909
0.040992
0.050220
0.004859
0.041211
0.039089
0.040480
0.034665
0.014784
0.021916
0.021407
0.011110
0.025904
0.009816
0.049855
0.026094
0.004673
0.044819
0.048842
0.018827
0.051180
0.034161
0.039165
-0.015831
0.025824
0.043711
0.052819
0.026725
0.036895
0.030050
0.053311
0.028975
0.009284
0.039430
0.052965
-0.015954
0.042865
0.044274
0.043615
0.025273
0.020071
0.029836
0.056557
0.039336
0.013627
0.020458
0.057095
0.025991
0.008219
0.019993
0.043920
0.008817
0.033762
0.044852
0.028242
0.015914
0.023718
0.060498
0.053482
0.025757
0.020471
0.040113
0.077696
0.022991
0.039552
0.037043
0.044351
0.006353
0.025459
0.070250
0.046920
0.005560
0.030889
0.070606
0.077532
0.021387
0.039424
0.029144
0.064231
0.045158
0.041402
0.054782
0.066049
0.032932
0.060731
0.053433
0.061644
0.021623
0.017323
0.060178
0.063329
0.051137
0.017488
0.026803
0.063100
0.049486
0.055890
0.063326
0.066310
0.034259
0.049557
0.101106
0.083772
0.043612
0.041947
0.066822
0.070693
0.051575
