0.116189
0.056211
0.064003
0.062690
0.008187
0.070551
0.078331
0.024147
0.052142
0.039212
0.041527
0.056932
0.038292
0.050669
0.047514
0.038810
0.036210
0.075345
0.078702
0.066461
0.058780
0.067532
0.074099
0.045178
0.050095
0.100309
0.092562
0.092001
0.078406
0.108084
0.102416
0.104433
0.076883
0.108322
0.145666
0.115106
0.103995
0.087950
0.126809
0.091140
0.111929
0.067569
0.086771
0.071723
0.095083
0.062604
0.081357
0.047233
0.036655
0.066690
0.079890
0.030430
0.039756
0.035879
0.081297
0.004822
0.037235
0.057157
0.058610
-0.001513
0.036530
0.052796
0.062198
0.054927
0.013123
0.074349
0.079421
0.083734
0.068058
0.106460
0.104260
0.064464
0.081803
0.079563
0.083871
0.063184
0.073859
0.138367
0.157527
0.100624
0.109977
0.111053
0.105011
0.092686
0.114695
0.078723
0.080303
0.037234
0.084706
0.086382
0.067976
0.066072
0.065153
0.087430
0.072667
0.051181
0.056149
0.093052
0.092851
0.070766
0.047092
0.063192
0.089335
0.059090
0.052240
0.075951
0.067953
0.044160
0.071146
0.079662
0.071664
0.056263
0.036823
0.070667
0.087913
0.070553
0.060449
0.068849
0.060526
0.035434
0.061382
0.105408
0.063942
0.049359
0.040161
0.091103
0.075505
0.036485
0.040714
0.043104
0.061632
0.047817
0.051658
0.036800
0.050142
0.017627
0.036721
0.042000
0.050940
0.061342
0.059447
0.037298
0.055749
0.048353
0.026189
0.062604
0.090284
0.054677
0.042499
0.052538
0.047702
0.050218
0.062249
0.060182
0.083087
0.017082
0.051772
0.058684
0.065525
0.053294
0.031402
0.035457
0.088850
0.053772
0.062561
0.052269
0.087654
0.009323
0.037587
0.073616
0.058164
0.052418
0.035545
0.035196
0.069758
0.033172
0.011088
0.037787
0.058112
0.041807
0.044173
0.019131
0.048625
0.018799
0.036785
0.044298
0.025205
0.012068
0.018594
0.017065
0.034784
0.030725
0.024010
0.027777
0.044287
0.018077
0.004458
0.063166
0.061092
-0.010082
0.049844
0.047982
0.050029
0.016803
0.041686
0.059448
0.052594
0.046802
0.034417
0.027859
0.054122
0.027221
0.022205
0.033738
0.030538
0.009947
0.048286
0.030882
0.033160
0.027299
0.045447
0.026262
0.052638
0.044103
-0.005187
0.049261
0.061576
0.025990
0.035411
0.061259
0.067923
0.009815
0.037488
0.034074
0.058810
0.016963
0.040866
0.050711
0.062975
0.037026
0.033264
0.032654
0.051791
0.037695
0.035311
0.017897
0.054060
0.026708
0.053191
0.048159
0.057877
0.039413
0.051502
0.048989
0.069567
0.029654
0.022686
0.059369
0.087666
0.088704
0.048062
0.100718
0.076929
0.049891
0.078782
0.083988
0.066278
0.087922
0.077178
0.110506
0.098287
0.076937
0.061876
0.115645
0.131543
0.098252
0.142279
0.072333
0.074482
0.088093
0.103903
0.115144
0.107787
0.093018
0.105249
0.108689
0.106240
0.069133
0.051990
0.130937
0.114608
0.141231
0.111106
0.096309
0.120679
0.113391
0.170436
0.140408
0.134205
0.100618
0.130813
0.075052
0.104033
0.089235
0.083574
0.101623
0.132501
0.117853
0.072243
0.083092
0.069666
0.076908
0.072581
0.106578
0.102369
0.039164
0.059963
0.057094
0.065729
0.066667
0.064880
0.097633
0.125564
0.112456
0.121736
0.108010
0.109775
0.103944
0.137006
0.125944
0.155686
0.089153
0.105290
0.090755
0.105217
0.062107
0.041583
0.148554
0.144428
0.132762
0.160087
0.153826
0.140300
0.178616
0.183718
0.174735
0.161610
0.132377
0.112771
0.203073
0.162610
0.133919
0.101628
0.161494
0.145826
0.172721
0.109053
0.164216
0.142344
0.103511
0.139129
0.124828
0.128634
0.079529
0.077249
0.113594
0.112382
0.075256
0.075884
0.091722
0.134636
0.135290
0.099432
0.145162
0.107650
0.118982
0.134910
0.138113
0.116645
0.167925
0.109978
0.210766
0.189728
0.199582
0.199561
0.254784
0.230334
0.234704
0.204693
0.200179
0.191074
0.222241
0.189991
0.227237
0.195594
0.135490
0.152245
0.176775
0.192582
0.179823
0.139283
0.177302
0.171580
0.158015
0.152598
0.109776
0.134720
0.102269
0.121747
0.136842
0.085909
0.065661
0.106290
0.089020
0.083885
0.061974
0.075352
0.056597
0.101039
0.108834
0.061638
0.110031
0.088596
0.081610
0.095780
0.109023
0.090857
0.107045
0.063189
0.136372
0.117373
0.063805
0.064433
0.091134
0.118649
0.102648
0.090599
0.095516
0.085986
0.055169
0.086907
0.083557
0.100453
0.031138
0.103634
0.073646
0.062630
0.057610
0.030256
0.068548
0.089149
0.082435
0.084772
0.061887
0.062124
0.030812
0.038873
0.058491
0.060195
0.036207
0.076959
0.055728
0.080176
0.075518
0.065072
0.096981
0.099531
0.099880
0.097616
0.110921
0.111060
0.067663
0.126305
0.087887
0.110163
0.107471
0.108787
0.119550
0.093148
0.096241
0.113074
0.151142
0.153195
0.119969
0.122510
0.093049
0.077444
0.102637
0.079725
0.142548
0.082458
0.050241
0.068144
0.073194
0.077998
0.052228
0.045491
0.018805
0.066396
0.054316
0.064231
0.025712
0.065086
-0.006758
0.054095
0.057789
0.049033
0.011821
0.003679
0.033024
0.050959
0.047700
0.009072
0.029739
0.051175
0.022050
0.009149
0.030174
0.056422
-0.002098
0.035020
0.039584
0.057701
0.012277
0.015946
0.050000
0.035602
0.033140
0.029879
0.030418
0.061680
0.035179
0.042702
0.046794
0.062087
0.034396
0.055807
0.050340
0.057758
0.002217
0.018557
0.049073
0.054626
0.040907
0.043754
0.034354
0.061760
0.066505
0.033302
0.062590
0.082059
0.047284
0.089173
0.052054
0.072115
0.036405
0.064689
0.086936
0.083875
0.059578
0.053419
0.102998
0.104358
0.071652
0.057192
0.079216
0.072982
0.048955
0.047558
0.112549
0.079866
0.035861
0.060924
0.102865
0.071851
0.060332
0.028319
0.080589
0.067540
0.092122
0.077350
0.079818
0.071370
0.055406
0.057221
0.049445
0.045489
0.037050
0.089666
0.056698
0.074103
0.038140
0.039415
0.043411
0.071123
0.062136
0.071438
0.060718
0.062512
0.045070
0.055533
0.079420
0.071851
0.043264
0.077108
0.067458
0.064609
0.038469
0.049599
0.072854
0.080462
0.098826
0.050857
0.070480
0.097597
0.055714
0.067185
0.072811
0.054473
0.039191
0.083811
0.063455
0.069725
0.047622
0.033378
0.087212
0.120412
0.120862
0.078287
0.112913
0.090372
0.071016
0.112246
0.122728
0.121769
0.104996
0.085505
0.117941
0.117946
0.116090
0.114693
0.080097
0.104959
0.115502
0.116044
0.091325
0.114151
0.087600
0.108345
0.091210
0.081366
0.090669
0.061202
0.105032
0.093811
0.053294
0.037878
0.050156
0.129012
0.099509
0.075497
0.067357
0.100166
0.061738
0.078531
0.075639
0.082890
0.057818
0.047147
0.092130
0.071454
0.053690
0.032537
0.041527
0.080253
0.070218
0.091704
0.082699
0.100599
0.035178
0.057064
0.084216
0.082468
0.082284
0.083416
0.115516
0.099760
0.085874
0.090858
0.070472
0.118052
0.129282
0.136273
0.085136
0.124057
0.132792
0.131315
0.188392
0.158628
0.122904
0.116603
0.153052
0.096385
0.082741
0.089761
0.125747
0.123542
0.100472
0.085202
0.094484
0.089804
0.052540
0.093152
0.109405
0.073326
0.055339
0.043997
0.078898
0.099782
0.037825
0.049047
0.087061
0.089560
0.076825
0.079528
0.075878
0.085015
0.072296
0.063876
0.057119
0.068107
0.120124
0.055122
0.136483
0.075779
0.058404
0.055401
0.125057
0.111093
0.123014
0.080547
0.105082
0.103500
0.093079
0.101478
0.088342
0.141970
0.106650
0.106832
0.182617
0.142725
0.135450
0.102229
0.132574
0.194944
0.195045
0.149084
0.150411
0.155228
0.164064
0.178087
0.121030
0.184021
0.149610
0.146048
0.190745
0.213622
0.158671
0.190710
0.177290
0.185958
0.189176
0.225133
0.162212
0.199558
0.160800
0.202524
0.219296
0.221098
0.165837
0.178085
0.200252
0.215590
0.212609
0.179373
0.288512
0.232078
0.267484
0.303852
0.283734
0.306317
0.354692
0.347001
0.303430
0.287738
0.282793
0.340722
0.370089
0.400606
0.305778
0.298493
0.464031
0.415577
0.456784
0.464290
0.468601
0.516625
0.534526
0.533394
0.540073
0.522317
0.549075
0.557833
0.613101
0.665207
0.638425
0.647088
0.675918
0.660070
0.697445
0.670650
0.658712
0.689252
0.629632
0.641351
0.665590
0.656281
0.653506
0.650337
0.658536
0.700112
0.618574
0.675750
0.713691
0.689176
0.655974
0.669036
0.635351
0.651611
0.646378
0.627044
0.558438
0.651107
0.572924
0.604421
0.575196
0.622382
0.538289
0.537276
0.658857
0.645146
0.581248
0.641903
0.605449
0.639103
0.682132
0.647167
0.686177
0.633004
0.634549
0.636316
0.637519
0.687607
0.638486
0.716014
0.687847
0.686362
0.643300
0.689608
0.619881
0.637868
0.617148
0.614228
0.577276
0.640962
0.573265
0.530305
0.558186
0.596714
0.505928
0.570500
0.536770
0.573293
0.548856
0.525546
0.533671
0.525582
0.474429
0.512970
0.442525
0.446575
0.460169
0.417144
0.499919
0.520140
0.401387
0.437325
0.501734
0.545282
0.535761
0.523875
0.570339
0.587347
0.617577
0.631568
0.545211
0.570628
0.587148
0.645028
0.618257
0.674610
0.620629
0.672203
0.651588
0.624821
0.619451
0.593400
0.559768
0.599881
0.531984
0.531399
0.528518
0.471567
0.469485
0.441941
0.488518
0.520361
0.364970
0.416931
0.388288
0.362188
0.394432
0.402103
0.344694
0.303425
0.243816
0.262258
0.243251
0.243720
0.135736
0.184118
0.187191
0.234211
0.094514
0.100940
0.153460
0.143827
0.146907
0.135418
0.127377
0.121089
0.147117
0.132405
0.135923
0.127626
0.147578
0.119415
0.154684
0.151174
0.102081
0.123907
0.134749
0.172436
0.108054
0.112091
0.095467
0.091705
0.052701
0.067440
0.127088
0.091047
0.016982
0.054387
0.051708
0.091887
0.056485
0.032212
0.032337
0.075747
0.042625
0.051642
0.044871
0.053900
0.028692
0.060431
0.028386
0.045733
0.044360
0.047054
0.038375
0.059662
0.027360
0.010519
0.066825
0.075042
0.047748
0.025408
0.025500
0.035402
0.066886
0.063491
0.045118
0.022543
0.056328
0.049424
0.058071
0.078846
0.038353
0.040423
0.077016
0.055206
0.047333
0.050653
0.032981
0.066042
0.063325
0.067983
0.111879
0.061224
0.045131
0.048845
0.060373
0.056475
0.051836
