0.107668
0.051472
0.068650
0.039340
0.011924
0.057483
0.073492
0.046927
0.073481
0.027129
0.069486
0.027676
0.042460
0.048907
0.077636
0.054658
0.022978
0.049128
0.076780
0.040578
0.042285
0.058078
0.075669
0.045048
0.053392
0.045361
0.043578
0.026652
0.063034
0.060757
0.066246
0.039105
0.038251
0.053725
0.073514
0.054366
0.065964
0.038650
0.072074
0.033340
0.075628
0.043617
0.049747
0.027440
0.014794
0.031132
0.075440
0.030118
0.028786
0.026428
0.072871
0.044971
0.056048
0.057029
0.043196
0.064464
0.073272
0.022661
0.071663
0.059414
0.080538
0.066982
0.075430
0.061800
0.052622
0.079371
0.127256
0.083966
0.091928
0.054817
0.092718
0.113123
0.120012
0.098783
0.105862
0.108139
0.095281
0.151957
0.101053
0.092489
0.111871
0.115777
0.148403
0.120027
0.089426
0.096296
0.104549
0.045931
0.075825
0.100711
0.095529
0.055407
0.082492
0.071364
0.070314
0.043941
0.029572
0.065713
0.079977
0.080106
0.042016
0.069075
0.087562
0.038107
0.059203
0.080560
0.064812
0.051461
0.066053
0.066698
0.066801
0.044440
0.059508
0.080573
0.076469
0.049704
0.051555
0.068000
0.083154
0.001339
0.057893
0.044956
0.054509
0.030455
0.040381
0.039459
0.051142
0.018092
0.025015
0.031493
0.065059
0.033934
0.036207
0.029298
0.056747
0.010761
0.039243
0.043017
0.036902
0.046336
0.043974
0.060601
0.060520
0.040225
0.015755
0.042702
0.070633
0.032301
0.050452
0.064552
0.064082
0.046331
0.070370
0.059668
0.085199
0.065611
0.114297
0.119685
0.063278
0.089445
0.058336
0.084343
0.107584
0.086438
0.060029
0.078017
0.073322
0.038390
0.068809
0.088644
0.081584
0.058661
0.043904
0.078479
0.079285
0.046846
0.025789
0.072714
0.083506
0.052024
0.049609
0.048606
0.058555
0.068487
0.073159
0.105719
0.067155
0.038064
0.062351
0.086944
0.080922
0.029952
0.011230
0.040212
0.065101
0.038096
0.040149
0.032782
0.036971
0.022766
0.041990
0.031301
0.050505
0.021616
0.052380
0.059347
0.061668
0.050774
0.013781
0.035963
0.076076
0.044333
0.043810
0.057761
0.042442
0.021160
0.056765
0.058180
0.040300
0.007984
0.054953
0.056811
0.056081
0.047066
0.023244
0.059645
0.063850
0.028087
0.013838
0.015829
0.059930
0.000400
0.038381
0.036113
0.050629
-0.014009
0.023396
0.042362
0.045137
0.025611
0.027225
0.018446
0.044429
0.028332
0.027623
0.010651
0.036057
0.019128
0.036071
0.030520
0.031528
0.016794
-0.001514
0.014333
0.031736
0.050093
0.028040
0.015455
0.051502
0.021535
0.007653
0.042736
0.041058
0.010183
0.054870
0.029258
0.042831
0.001651
0.017782
0.034457
0.043473
0.032727
0.029789
0.034994
0.053873
0.023452
0.029861
0.027993
0.049448
-0.006094
0.049656
0.046870
0.050731
-0.007852
0.003029
0.036909
0.070757
0.040555
0.031075
0.039996
0.061111
0.036994
0.015627
0.032871
0.038307
0.000450
0.036873
0.043131
0.041283
0.013417
0.015184
0.035571
0.045271
0.027723
0.022956
0.012679
0.044549
0.036385
0.013981
0.044137
0.031757
0.011144
0.044129
0.026727
0.031658
0.023516
0.008991
0.057576
0.056145
0.035104
0.023861
0.018020
0.065172
0.016266
0.019935
0.037866
0.048186
0.004340
0.037366
0.035452
0.027652
-0.002993
0.022787
0.034746
0.058226
0.046113
0.017937
0.028043
0.061018
0.012714
0.016598
0.031320
0.034386
0.012788
0.055928
0.047038
0.043851
0.010183
0.015792
0.026921
0.047830
0.030909
0.016597
0.036487
0.062145
0.031496
0.022986
0.046345
0.084833
0.018674
0.060656
0.031359
0.044360
0.028998
0.041881
0.072763
0.056644
0.039470
0.044614
0.086207
0.094767
0.085848
0.083436
0.096623
0.101500
0.088566
0.096585
0.119682
0.114483
0.108097
0.131825
0.138502
0.144477
0.167480
0.169066
0.197407
0.246784
0.267586
0.270153
0.215942
0.247641
0.247570
0.269782
0.255371
0.234734
0.205709
0.250152
0.228915
0.307457
0.219290
0.213307
0.305687
0.350736
0.384657
0.422047
0.414909
0.460129
0.496206
0.473348
0.407563
0.446748
0.466117
0.470232
0.513497
0.579124
0.496469
0.577135
0.590366
0.581780
0.589378
0.587469
0.605397
0.631468
0.621790
0.570341
0.596866
0.635617
0.624803
0.641031
0.664207
0.647456
0.652386
0.677312
0.711075
0.707810
0.710710
0.728392
0.721461
0.711965
0.748796
0.750966
0.727650
0.770268
0.751560
0.782906
0.779507
0.801355
0.815791
0.831396
0.850442
0.859833
0.861009
0.863189
0.873193
0.875169
0.873167
0.857220
0.871501
0.870945
0.872714
0.874209
0.882681
0.883198
0.875014
0.897813
0.906339
0.888487
0.893349
0.900926
0.890965
0.872628
0.912539
0.888638
0.885971
0.880105
0.879691
0.859403
0.903434
0.879970
0.869511
0.867481
0.892396
0.886158
0.898457
0.893436
0.876633
0.902811
0.896207
0.904463
0.892138
0.864709
0.877196
0.867949
0.896684
0.868516
0.870625
0.879404
0.886797
0.891589
0.872880
0.886305
0.864490
0.870232
0.892203
0.867009
0.871812
0.864458
0.862066
0.853303
0.882257
0.847699
0.872556
0.872332
0.853029
0.871937
0.831024
0.822802
0.800678
0.802212
0.792828
0.784055
0.755009
0.759723
0.693404
0.702790
0.742818
0.770562
0.680325
0.706942
0.713955
0.740517
0.682023
0.701758
0.687359
0.669330
0.674298
0.651711
0.599586
0.625577
0.573514
0.608818
0.615093
0.607841
0.524073
0.558646
0.533271
0.529550
0.468041
0.505332
0.468033
0.449223
0.436873
0.428431
0.385661
0.388796
0.322861
0.372835
0.412988
0.411591
0.342259
0.354207
0.355835
0.399966
0.360222
0.391231
0.331483
0.378257
0.340873
0.367765
0.253678
0.338054
0.286243
0.298591
0.323306
0.360961
0.259758
0.271048
0.319546
0.385088
0.339779
0.356663
0.312498
0.340751
0.340752
0.381912
0.376960
0.347427
0.350999
0.330134
0.388654
0.357069
0.389237
0.401866
0.383566
0.386356
0.394091
0.378774
0.333725
0.381861
0.392150
0.327320
0.353324
0.349846
0.265737
0.261878
0.303858
0.328541
0.220837
0.257512
0.250295
0.276631
0.268705
0.241872
0.215598
0.249752
0.212890
0.218383
0.283224
0.264473
0.194164
0.178755
0.259597
0.263638
0.143760
0.192841
0.165123
0.201137
0.202712
0.157526
0.158207
0.182611
0.186784
0.238603
0.160591
0.184873
0.195739
0.191817
0.178850
0.197001
0.244284
0.186264
0.289913
0.236191
0.271813
0.306483
0.300633
0.258503
0.320596
0.316910
0.254726
0.264970
0.231629
0.238754
0.365860
0.366072
0.260804
0.248979
0.274334
0.280193
0.291085
0.336494
0.244120
0.312986
0.261628
0.256098
0.292857
0.303218
0.281699
0.295720
0.253761
0.346913
0.330752
0.386173
0.331263
0.365037
0.305912
0.321524
0.305583
0.284464
0.280366
0.284243
0.282375
0.255992
0.212507
0.180497
0.239850
0.209256
0.132120
0.112821
0.155236
0.188911
0.183019
0.183109
0.134821
0.190538
0.162687
0.197211
0.209598
0.170351
0.160623
0.156129
0.160955
0.203724
0.145232
0.157340
0.206229
0.226330
0.256852
0.245303
0.275309
0.236831
0.245015
0.299907
0.262523
0.312128
0.295643
0.265295
0.310288
0.346777
0.287298
0.328545
0.326854
0.352821
0.328777
0.294029
0.230532
0.281261
0.250812
0.272187
0.258103
0.249432
0.243130
0.242623
0.282809
0.269820
0.247998
0.251631
0.305984
0.321021
0.320100
0.270610
0.261276
0.236765
0.264479
0.273073
0.265588
0.242961
0.200147
0.188630
0.247804
0.288766
0.205967
0.261354
0.244200
0.291397
0.292694
0.300116
0.234924
0.322438
0.253431
0.335127
0.278791
0.253856
0.257738
0.294458
0.290850
0.294445
0.297607
0.283599
0.287568
0.308504
0.251627
0.265923
0.245499
0.215772
0.233041
0.225233
0.172660
0.196389
0.173141
0.114658
0.238404
0.168020
0.106432
0.123208
0.119231
0.141662
0.127163
0.131914
0.052077
0.097720
0.091799
0.116781
0.117318
0.115270
0.045990
0.100858
0.106486
0.091065
0.069133
0.059263
0.100553
0.086443
0.100118
0.052164
0.046075
0.070469
0.046536
0.078734
0.097983
0.059058
0.033996
0.050185
0.038493
0.065765
0.043827
0.020428
0.025945
0.056256
0.058285
0.034979
0.032979
0.054817
0.008168
0.029408
0.059410
0.034697
-0.004468
0.015994
0.057452
0.067443
0.016629
0.017887
0.034923
0.085164
0.041376
0.006636
0.019963
0.046965
0.030813
0.047705
0.071300
0.041363
0.025305
0.006995
0.014973
0.051294
0.028632
0.006674
0.046470
0.033796
0.016728
0.012666
0.016268
0.037905
-0.000013
0.048163
0.042808
0.030895
0.006841
-0.000891
0.029691
0.030819
0.027921
0.024188
0.032496
0.028980
0.016197
-0.017065
0.040027
0.043494
-0.016672
0.043666
0.048173
0.030171
0.002967
0.011069
-0.000529
0.050072
0.040375
0.012277
0.021929
0.034772
0.030134
-0.007753
0.034047
0.050043
-0.019656
0.034810
0.037757
0.029253
0.016085
-0.001019
0.021200
0.045707
0.024086
0.022594
0.034920
0.034645
0.024988
0.011156
0.032090
0.036425
0.006680
0.031119
0.037629
0.021876
0.015862
0.007202
0.014194
0.038944
0.015909
0.007880
0.004919
0.044723
0.030479
0.000460
0.039187
0.042820
0.001059
0.034889
0.046780
0.039152
-0.013962
-0.008332
0.030429
0.037993
0.013866
0.011888
0.007666
0.040759
0.009259
-0.023297
0.022474
0.031364
0.005806
0.061174
0.040262
0.021344
-0.002759
0.008838
0.007353
0.060807
0.028107
0.013813
0.019529
0.045476
0.019461
-0.015185
0.029909
0.023192
-0.002656
0.033487
0.044921
0.014699
0.009247
0.038138
0.045173
0.031754
0.021917
0.030595
0.005246
0.051719
0.024793
0.003115
0.057678
0.062577
0.006915
0.056602
0.045501
0.041384
0.007136
0.005942
0.025385
0.048956
0.023456
0.024234
0.028907
0.058524
0.026916
-0.003593
0.028507
0.047314
0.003933
0.041944
0.056754
0.017998
0.002002
-0.001500
0.010118
0.065213
0.026039
0.023788
0.012675
0.059088
0.014430
0.001114
0.023672
0.043020
0.024650
0.055870
0.019169
0.024762
0.040177
0.032241
0.044416
0.044631
0.038797
0.022933
0.035985
0.069306
0.045251
0.042440
0.058513
0.075243
0.049620
0.063684
0.103657
0.072211
0.048407
0.040701
0.066608
0.054575
0.065306
