0.126621
0.052286
0.062220
0.071478
0.025918
0.103242
0.104451
0.056119
0.101218
0.019182
0.060970
0.123835
0.106684
0.081944
0.062123
0.110242
0.099420
0.092802
0.149893
0.104757
0.095642
0.079023
0.113807
0.060765
0.100110
0.086771
0.084031
0.058737
0.076062
0.092196
0.075619
0.039015
0.032012
0.069158
0.101894
0.118988
0.107830
0.120952
0.106652
0.116930
0.166030
0.119602
0.130624
0.154392
0.132943
0.185342
0.142217
0.151558
0.114253
0.159764
0.159893
0.141411
0.169180
0.159565
0.124465
0.130607
0.128899
0.147362
0.153309
0.118652
0.107602
0.149842
0.151343
0.087629
0.100355
0.159613
0.185759
0.168590
0.166522
0.144626
0.145328
0.143610
0.184700
0.162236
0.160699
0.124019
0.109179
0.161629
0.153649
0.107645
0.063424
0.094163
0.127763
0.112157
0.142773
0.121379
0.113809
0.097277
0.107839
0.099571
0.085742
0.138333
0.098368
0.114613
0.086646
0.056949
0.069197
0.095246
0.099459
0.084511
0.099327
0.075766
0.063750
0.055696
0.079397
0.062300
0.087371
0.058499
0.050761
0.061076
0.096870
0.029301
0.049003
0.055153
0.106745
0.073325
0.082436
0.082549
0.098093
0.116770
0.108617
0.099756
0.102863
0.130577
0.119722
0.197466
0.161945
0.198443
0.195013
0.242458
0.262057
0.297960
0.242167
0.201533
0.252129
0.264891
0.284259
0.264753
0.316231
0.242453
0.306294
0.320365
0.337017
0.295453
0.328750
0.338031
0.364366
0.361832
0.360119
0.329391
0.314746
0.311501
0.305918
0.328688
0.293678
0.269598
0.300389
0.266262
0.345007
0.212949
0.246301
0.266658
0.297408
0.331418
0.329100
0.250311
0.320945
0.333020
0.355723
0.326057
0.290228
0.289935
0.264848
0.307007
0.322836
0.285903
0.327018
0.361188
0.323148
0.359281
0.375921
0.320065
0.349236
0.337866
0.324522
0.326779
0.324332
0.335656
0.347568
0.345321
0.381835
0.401543
0.413216
0.374927
0.419489
0.375179
0.432642
0.426441
0.475109
0.396556
0.424850
0.342419
0.389246
0.350990
0.368244
0.390417
0.364005
0.319372
0.364295
0.325763
0.345376
0.343673
0.306635
0.335694
0.345759
0.368624
0.313790
0.274983
0.301190
0.269094
0.252876
0.282175
0.334518
0.191855
0.191984
0.233018
0.213843
0.232517
0.245818
0.203597
0.216626
0.185689
0.243278
0.172587
0.171740
0.120328
0.105208
0.141937
0.174599
0.084834
0.092110
0.104196
0.127392
0.149672
0.135302
0.138846
0.104148
0.080444
0.086307
0.096901
0.094439
0.074933
0.099994
0.128075
0.089060
0.077569
0.077491
0.104665
0.194349
0.114067
0.152381
0.211800
0.179912
0.176948
0.206524
0.193074
0.206354
0.166931
0.183442
0.256296
0.232608
0.225253
0.214022
0.256020
0.221497
0.252214
0.215587
0.194325
0.210312
0.145492
0.216423
0.185806
0.209099
0.134736
0.183705
0.187766
0.179182
0.114750
0.134702
0.186213
0.209188
0.218318
0.196325
0.202607
0.184880
0.197440
0.231523
0.211884
0.259242
0.167308
0.207039
0.210565
0.259200
0.155006
0.193032
0.220036
0.284775
0.258803
0.239226
0.247534
0.243029
0.227598
0.282555
0.233380
0.221478
0.227008
0.208862
0.246184
0.266621
0.271455
0.287254
0.310877
0.323416
0.331308
0.358434
0.321787
0.262888
0.292974
0.285799
0.331435
0.311991
0.273245
0.245083
0.347528
0.368744
0.280428
0.312858
0.336236
0.347754
0.334796
0.346351
0.318946
0.305846
0.304991
0.322002
0.320515
0.290331
0.270840
0.257154
0.308680
0.326839
0.216950
0.217855
0.311924
0.248333
0.230592
0.258124
0.180413
0.217444
0.194103
0.225328
0.207624
0.198363
0.201378
0.182203
0.211483
0.234360
0.142277
0.168228
0.187025
0.210922
0.225673
0.176965
0.152481
0.180361
0.157878
0.187147
0.184247
0.160907
0.140361
0.121540
0.183822
0.122005
0.121469
0.086022
0.127690
0.138997
0.107509
0.108322
0.119950
0.115195
0.101428
0.107681
0.131546
0.133087
0.109418
0.077987
0.178554
0.140460
0.072582
0.055245
0.090369
0.126083
0.106735
0.101071
0.077364
0.073748
0.065994
0.125131
0.089789
0.107869
0.055046
0.083935
0.078709
0.083147
0.056928
0.070949
0.097779
0.148512
0.144571
0.084217
0.109150
0.105479
0.105017
0.114483
0.164897
0.131345
0.130799
0.151206
0.177092
0.196872
0.142972
0.184869
0.227073
0.231890
0.239341
0.212669
0.202900
0.226448
0.177769
0.253778
0.208581
0.210959
0.233865
0.193357
0.252303
0.249077
0.237305
0.243127
0.211290
0.270901
0.224643
0.243887
0.179693
0.210352
0.182232
0.205946
0.165596
0.170992
0.182701
0.169021
0.185873
0.149131
0.199178
0.184612
0.207341
0.223405
0.238242
0.224317
0.254904
0.192711
0.276634
0.237958
0.299308
0.289953
0.255468
0.220874
0.332477
0.271850
0.267305
0.261031
0.294217
0.272290
0.264120
0.284453
0.240480
0.254258
0.243670
0.243679
0.262155
0.269119
0.227944
0.263531
0.257091
0.343586
0.287629
0.306999
0.364517
0.365004
0.327000
0.351764
0.322684
0.324725
0.329735
0.324665
0.320836
0.353462
0.228036
0.308751
0.312676
0.335708
0.306632
0.333704
0.371601
0.382253
0.376918
0.381626
0.360277
0.348462
0.418815
0.402965
0.308581
0.368086
0.353586
0.364814
0.417875
0.482628
0.424300
0.476595
0.435179
0.444105
0.482034
0.430696
0.441573
0.466194
0.382976
0.419420
0.366839
0.428212
0.357015
0.377142
0.434926
0.446677
0.395287
0.393041
0.407311
0.350352
0.411712
0.390924
0.333638
0.387386
0.337832
0.359565
0.321816
0.308740
0.317115
0.243097
0.331970
0.335125
0.184492
0.259671
0.299103
0.259645
0.289284
0.245266
0.252533
0.244578
0.248446
0.264120
0.245519
0.217948
0.238863
0.172199
0.211185
0.217061
0.175748
0.150898
0.238031
0.244385
0.255087
0.281455
0.264751
0.307081
0.300662
0.329690
0.316980
0.341668
0.345131
0.403443
0.339257
0.390955
0.429094
0.455520
0.536197
0.547451
0.506032
0.543468
0.499991
0.510739
0.509801
0.510591
0.478295
0.575354
0.499575
0.527222
0.481246
0.597261
0.558137
0.603536
0.602219
0.537135
0.586364
0.583569
0.533229
0.564323
0.550676
0.496468
0.511771
0.494307
0.490649
0.452530
0.534589
0.525303
0.359315
0.439232
0.447522
0.422343
0.435982
0.417390
0.378793
0.446399
0.341140
0.403337
0.388507
0.385552
0.309369
0.326278
0.389276
0.379980
0.349702
0.393975
0.343215
0.379515
0.407034
0.397433
0.371416
0.397943
0.378255
0.381417
0.364379
0.326073
0.313469
0.339701
0.381914
0.387924
0.344845
0.358605
0.343199
0.371129
0.342662
0.326751
0.293741
0.307573
0.292717
0.292830
0.286038
0.295605
0.236720
0.209607
0.239451
0.277120
0.209374
0.196441
0.232468
0.216147
0.219628
0.172781
0.174160
0.182426
0.188930
0.153381
0.232439
0.186597
0.171903
0.159821
0.278821
0.220164
0.161453
0.165564
0.207741
0.205775
0.178277
0.208994
0.179626
0.186366
0.129870
0.155233
0.167867
0.182600
0.134577
0.131589
0.188351
0.205134
0.147685
0.169206
0.148136
0.194257
0.188084
0.186923
0.141865
0.170419
0.135275
0.203492
0.138322
0.156890
0.112780
0.112417
0.128673
0.108325
0.103109
0.073977
0.101089
0.126465
0.090312
0.117908
0.039243
0.087843
0.080069
0.057861
0.090576
0.055325
0.011143
0.036240
0.068705
0.078328
0.052929
0.028601
0.027288
0.083120
0.044771
0.040466
0.038255
0.057962
0.017729
0.055309
0.080776
0.069070
0.023486
0.037968
0.062728
0.084455
0.040747
0.033020
0.070833
0.064664
0.045428
0.027988
0.059661
0.076356
0.050162
0.073306
0.065934
0.049690
0.028960
0.052064
0.043116
0.066148
0.015703
0.013101
0.009778
0.068545
0.055527
-0.005545
0.044873
0.057569
0.038621
0.066651
0.042914
0.051439
0.033228
0.054965
0.055898
0.048082
0.057202
0.022064
0.041997
0.089529
0.050227
0.086231
0.040556
0.072956
0.054376
0.067490
0.091098
0.073321
0.008740
0.028613
0.047184
0.054222
0.043344
0.037386
0.036580
0.075430
0.031428
0.042918
0.017774
0.081450
0.014692
0.063016
0.050017
0.061518
0.010646
0.031855
0.042079
0.076024
0.020355
0.013024
0.038827
0.051325
0.036759
0.009056
0.052676
0.062473
0.018467
0.037356
0.034106
0.026713
0.014051
0.038875
0.017984
0.059068
0.026350
0.021438
0.013354
0.064730
0.052678
0.021662
0.036600
0.054705
0.019871
0.049250
0.056621
0.058970
0.054185
0.036461
0.049830
0.050999
0.041316
0.036421
0.063977
0.106774
0.078160
0.091513
0.074842
0.077527
0.073458
0.116793
0.110910
0.118583
0.097015
0.098709
0.125903
0.111081
0.122854
0.127487
0.112945
0.154563
0.116544
0.108533
0.084686
0.134128
0.083797
0.117346
0.144545
0.112110
0.086204
0.078587
0.079635
0.080543
0.044601
0.041043
0.077686
0.087024
0.064972
0.044378
0.081437
0.054893
0.051990
0.104188
0.067154
0.082278
0.057997
0.070338
0.105732
0.071931
0.051756
0.038611
0.051491
0.078310
0.079143
0.066488
0.079136
0.054996
0.066803
0.085138
0.088975
0.106738
0.016425
0.088517
0.081162
0.104564
0.033844
0.036978
0.099756
0.121359
0.108846
0.096797
0.082557
0.104117
0.106699
0.121102
0.143894
0.100161
0.104119
0.113407
0.126835
0.124526
0.117168
0.121824
0.124592
0.134207
0.107340
0.104359
0.088124
0.094837
0.077651
0.090145
0.103167
0.091138
0.088004
0.088843
0.117199
0.094306
0.069842
0.065389
0.070503
0.136930
0.124848
0.120754
0.108035
0.082583
0.102748
0.151439
0.157511
0.133357
0.092554
0.119542
0.115564
0.136722
0.141409
0.096656
0.146833
0.180811
0.133284
0.150951
0.130309
0.153061
0.156477
0.202249
0.187009
0.185767
0.170897
0.236956
0.239491
0.255534
0.201463
0.227726
0.279051
0.259780
0.279652
0.277200
0.241582
0.212728
0.237272
0.234401
0.265072
0.276507
0.170151
0.179504
0.189586
0.196549
0.134035
0.120086
0.175053
0.153059
0.162898
0.155237
0.117338
0.114153
0.112322
0.138587
0.127271
0.115770
0.073570
0.066821
0.127759
0.096755
0.084958
0.067169
0.021709
0.096837
0.070252
0.102094
0.040906
0.082837
0.074519
0.078187
0.098628
0.065930
0.043059
0.060591
0.065579
0.059850
0.057916
