0.123695
0.053295
0.079606
0.054501
0.023767
0.100245
0.113330
0.042644
0.094344
0.030593
0.062082
0.095393
0.074948
0.095433
0.087547
0.056124
0.061468
0.066233
0.114976
0.106711
0.076598
0.081506
0.088608
0.069263
0.078472
0.107085
0.104213
0.109878
0.112969
0.140081
0.135694
0.118886
0.147868
0.171447
0.195473
0.194594
0.193275
0.183221
0.185657
0.169702
0.228175
0.190821
0.228781
0.175593
0.170800
0.193000
0.194136
0.173457
0.205248
0.260140
0.194091
0.242426
0.243544
0.221129
0.200419
0.222652
0.222744
0.195260
0.205928
0.170479
0.138955
0.213592
0.134888
0.124446
0.109910
0.121335
0.145934
0.114746
0.091671
0.142539
0.139593
0.111179
0.111855
0.106247
0.101430
0.087163
0.091966
0.107956
0.102816
0.064137
0.049646
0.083427
0.072512
0.079485
0.079653
0.041831
0.088124
0.034047
0.088719
0.058206
0.078479
0.068212
0.059166
0.100402
0.071901
0.042903
0.018215
0.102351
0.094650
0.055445
0.070530
0.063901
0.062513
0.062053
0.066517
0.078635
0.083326
0.062640
0.102944
0.081238
0.083550
0.073121
0.061232
0.106252
0.112471
0.059509
0.048522
0.065958
0.068719
0.077247
0.079821
0.089339
0.075414
0.014150
0.027705
0.075537
0.071972
0.050560
0.028010
0.049737
0.087074
0.052017
0.030337
0.048889
0.103463
0.027357
0.056536
0.049579
0.048960
0.027818
0.050697
0.075610
0.049235
0.039535
0.039608
0.054892
0.071802
0.050433
0.027741
0.069019
0.046233
0.042869
0.059761
0.059186
0.072337
0.054913
0.074196
0.087378
0.061170
0.042746
0.046823
0.045340
0.072661
0.060182
0.055615
0.029703
0.063788
0.015025
0.053928
0.054163
0.039053
0.010184
0.042696
0.063914
0.054282
0.027626
0.021331
0.023125
0.077516
0.034351
0.024121
0.071667
0.050298
0.048438
0.055095
0.063634
0.061056
0.062367
0.056567
0.067028
0.098018
0.053702
0.064631
0.075083
0.078965
0.063451
0.050455
0.060917
0.078251
0.042975
0.047570
0.068140
0.069696
0.051373
0.042794
0.091111
0.060207
0.033501
0.030100
0.072830
0.097975
0.075361
0.077709
0.066114
0.091728
0.061582
0.101229
0.058239
0.089586
0.035421
0.091910
0.143737
0.085745
0.045321
0.031525
0.061094
0.092204
0.108843
0.082494
0.078028
0.094422
0.049598
0.093249
0.079629
0.087315
0.077963
0.064099
0.086175
0.102719
0.065615
0.049377
0.085168
0.098414
0.066251
0.094344
0.047659
0.089825
0.079410
0.107649
0.090282
0.088167
0.045703
0.047322
0.061621
0.077819
0.050457
0.017144
0.071107
0.075002
0.038849
0.079051
0.024981
0.060364
0.020724
0.048412
0.048311
0.044211
0.025819
0.028649
0.050914
0.058745
0.022439
0.029071
0.052621
0.079753
0.053226
0.042437
0.094547
0.081296
0.042051
0.075288
0.066945
0.069547
0.054900
0.073925
0.101393
0.073874
0.067570
0.059935
0.083474
0.116555
0.106352
0.076104
0.106449
0.100332
0.055140
0.092317
0.090512
0.100219
0.079540
0.081503
0.097966
0.123494
0.089673
0.075013
0.127977
0.127484
0.135183
0.104578
0.110053
0.102598
0.095842
0.112195
0.109335
0.108025
0.093304
0.063106
0.123413
0.105833
0.087040
0.056812
0.080143
0.114140
0.088446
0.088381
0.074813
0.106891
0.107207
0.130592
0.140351
0.104164
0.076217
0.088271
0.120736
0.118745
0.104760
0.062318
0.121280
0.148603
0.186405
0.173296
0.153013
0.170633
0.157245
0.219076
0.166685
0.196233
0.169122
0.184100
0.237361
0.229037
0.191943
0.199060
0.258415
0.248934
0.216276
0.241880
0.219980
0.240827
0.219107
0.224117
0.204809
0.232457
0.207894
0.223459
0.255412
0.263773
0.248326
0.244342
0.286396
0.294312
0.257193
0.268553
0.239752
0.207619
0.216965
0.237048
0.209027
0.240289
0.220327
0.187546
0.246916
0.238575
0.223350
0.202145
0.311578
0.307665
0.345651
0.349601
0.352472
0.330811
0.405219
0.388616
0.420219
0.440280
0.358380
0.401675
0.460929
0.473868
0.461590
0.480131
0.496402
0.551035
0.526524
0.528740
0.527115
0.534470
0.531350
0.561950
0.515540
0.538624
0.543338
0.515924
0.560575
0.553431
0.571194
0.574184
0.631523
0.637575
0.602110
0.597388
0.554650
0.606206
0.593148
0.599738
0.566574
0.584383
0.576811
0.576684
0.597545
0.630944
0.571405
0.628237
0.644041
0.622592
0.633758
0.597144
0.654511
0.606677
0.645163
0.617184
0.640012
0.631773
0.635509
0.618483
0.732178
0.640791
0.705375
0.716843
0.741859
0.747529
0.714440
0.718606
0.716539
0.696855
0.720865
0.739756
0.700488
0.765260
0.667891
0.691732
0.718592
0.726391
0.647101
0.713785
0.727850
0.746582
0.746877
0.748945
0.724342
0.748721
0.765358
0.740672
0.738116
0.745363
0.724396
0.749458
0.760146
0.771752
0.732746
0.756285
0.815537
0.783659
0.806031
0.821668
0.788950
0.804071
0.836526
0.820257
0.826910
0.828074
0.823189
0.818408
0.861060
0.842998
0.869266
0.863209
0.893347
0.885859
0.887199
0.889970
0.907208
0.910626
0.916468
0.903300
0.901847
0.894929
0.924446
0.930880
0.932202
0.926637
0.934939
0.939169
0.946474
0.952820
0.946216
0.954826
0.950293
0.953369
0.965597
0.960666
0.962759
0.958187
0.967894
0.964815
0.975543
0.969286
0.969218
0.974311
0.978976
0.973500
0.977536
0.978409
0.978601
0.979164
0.983380
0.979167
0.979832
0.980936
0.982827
0.985022
0.985039
0.984845
0.985151
0.988472
0.989318
0.989264
0.990592
0.992173
0.990564
0.988340
0.993654
0.991527
0.991746
0.991145
0.991478
0.992055
0.992176
0.987220
0.989642
0.991065
0.993095
0.991807
0.993009
0.993087
0.991479
0.990978
0.993556
0.992164
0.989821
0.990919
0.987434
0.988864
0.986986
0.984770
0.984965
0.984863
0.990690
0.987680
0.991750
0.991854
0.989826
0.989261
0.993281
0.992391
0.991622
0.992156
0.992612
0.993526
0.994122
0.991522
0.993983
0.993563
0.995471
0.994208
0.994620
0.993906
0.993233
0.992162
0.994852
0.993164
0.993455
0.992620
0.993467
0.992061
0.993179
0.992044
0.993274
0.993827
0.991803
0.992481
0.989871
0.990044
0.986393
0.984965
0.986749
0.984795
0.971705
0.971464
0.967578
0.960995
0.963504
0.956370
0.921576
0.927360
0.941599
0.940958
0.946851
0.938082
0.926463
0.941794
0.948894
0.938163
0.938532
0.936327
0.932937
0.937980
0.947322
0.943317
0.946219
0.945593
0.953732
0.955705
0.955314
0.961639
0.950283
0.952653
0.960257
0.951278
0.955136
0.949519
0.944966
0.951031
0.945771
0.960130
0.944817
0.954485
0.955460
0.945533
0.955737
0.951220
0.943097
0.940988
0.932355
0.914190
0.920480
0.928009
0.894630
0.919131
0.913239
0.909330
0.908198
0.923531
0.939796
0.929087
0.935750
0.941626
0.916945
0.929216
0.938394
0.926678
0.937232
0.934713
0.922240
0.918186
0.927753
0.923024
0.916397
0.921387
0.929256
0.923372
0.923379
0.912801
0.895982
0.876194
0.893755
0.877361
0.882819
0.888160
0.857590
0.881438
0.864441
0.883487
0.850045
0.882652
0.871393
0.865756
0.847972
0.833555
0.842369
0.826277
0.811130
0.820067
0.754782
0.797886
0.727087
0.674826
0.766767
0.759283
0.559965
0.591275
0.607771
0.657929
0.606683
0.623709
0.606639
0.598033
0.606219
0.596685
0.578080
0.604433
0.539942
0.554776
0.569881
0.610494
0.591316
0.607611
0.571735
0.610961
0.526896
0.541984
0.520947
0.524792
0.515929
0.488033
0.396635
0.500461
0.404626
0.411271
0.428230
0.483076
0.308450
0.346017
0.369081
0.396669
0.351055
0.315186
0.345731
0.341244
0.294775
0.347882
0.270577
0.297563
0.290440
0.220994
0.275987
0.273103
0.206399
0.199473
0.192670
0.185876
0.192395
0.185732
0.161561
0.148634
0.084036
0.096972
0.098904
0.105417
0.089315
0.081339
0.142262
0.111924
0.037891
0.051851
0.100819
0.115843
0.120963
0.078185
0.084043
0.073459
0.081603
0.095848
0.112713
0.110697
0.041393
0.094353
0.076929
0.117987
0.058518
0.052431
0.080378
0.124315
0.080613
0.054064
0.064262
0.071710
0.048644
0.053067
0.051260
0.027423
0.082582
0.051031
0.076610
0.058998
0.040304
0.049432
0.029715
0.073766
0.050879
0.011494
0.053922
0.070428
0.009719
0.055395
0.064457
0.032374
0.009899
0.015755
0.024810
0.053357
0.027792
0.027737
0.021612
0.046229
0.024693
-0.006952
0.011957
0.047332
0.009835
0.045716
0.046664
0.023565
0.010833
0.012502
0.024719
0.023581
0.053224
0.015019
0.025402
0.043922
0.019617
-0.031732
0.041359
0.085068
0.004538
0.052368
0.012126
0.026273
0.020068
0.024956
0.048025
0.048959
0.020497
0.017226
0.031660
0.051047
0.037131
0.033294
0.018069
0.047411
-0.001462
0.031771
0.040675
0.063416
-0.008001
0.006402
0.023939
0.050041
0.033569
0.014928
0.016351
0.050052
0.030577
0.001973
0.026080
0.038516
0.011268
0.060110
0.031138
0.034646
0.019337
0.000591
0.040326
0.058906
0.023782
0.031383
0.055459
0.045762
0.013584
0.024906
0.021466
0.047956
0.018221
0.027888
0.037068
0.050113
0.015417
0.043401
0.036210
0.028524
0.029998
0.029807
0.043615
0.071290
0.028933
0.043315
0.074515
0.083819
0.011917
0.062264
0.050480
0.067655
0.050198
0.072728
0.067112
0.097287
0.058925
0.031580
0.071598
0.099232
0.076696
0.057939
0.082260
0.078145
0.061024
0.049178
0.068131
0.058671
0.033336
0.044744
0.081856
0.056094
0.047423
0.054183
0.071307
0.098636
0.095475
0.078009
0.077515
0.091947
0.063168
0.084138
0.065955
0.075559
0.080433
0.068761
0.088307
0.074807
0.041899
0.041262
0.080973
0.103082
0.099750
0.074298
0.095307
0.103773
0.094210
0.112306
0.098834
0.086907
0.118274
0.123497
0.102168
0.129517
0.111305
0.146528
0.154958
0.180769
0.182797
0.136226
0.142969
0.154484
0.097407
0.110824
0.141002
0.127862
0.147255
0.126791
0.159765
0.161931
0.138271
0.126495
0.164018
0.170935
0.152719
0.134297
0.119730
0.121832
0.087468
0.097777
0.088339
0.094243
0.082544
0.095152
0.106470
0.095616
0.080385
0.037801
0.089702
0.071584
0.096533
0.062847
0.077302
0.093772
0.058015
0.056686
0.154130
0.064308
0.040753
0.039250
0.062540
0.057386
0.057399
