0.115912
0.057434
0.061124
0.052079
0.032034
0.075804
0.087436
0.023635
0.087492
0.032869
0.072762
0.058129
0.064434
0.055480
0.059484
0.054718
0.040026
0.071374
0.118076
0.065599
0.091208
0.099938
0.089147
0.066118
0.094774
0.121288
0.099151
0.081783
0.094580
0.134111
0.120609
0.102331
0.113977
0.141612
0.163341
0.176727
0.124568
0.164936
0.129953
0.139951
0.168157
0.164047
0.139128
0.130997
0.094193
0.096317
0.095334
0.127591
0.102569
0.121608
0.157717
0.099097
0.106039
0.070048
0.102336
0.099566
0.106661
0.121087
0.113284
0.080572
0.098367
0.101408
0.078874
0.049603
0.049002
0.079621
0.099199
0.078847
0.089706
0.091761
0.092260
0.093186
0.111221
0.110989
0.093971
0.099824
0.088378
0.099978
0.087066
0.085428
0.062752
0.158888
0.196624
0.230355
0.229268
0.253892
0.242268
0.304124
0.309349
0.316733
0.359763
0.270175
0.328239
0.337455
0.378099
0.425847
0.422249
0.415115
0.433258
0.412300
0.380444
0.372283
0.340882
0.323522
0.323318
0.342920
0.317865
0.221584
0.279039
0.296195
0.335061
0.202847
0.233156
0.264932
0.247629
0.265092
0.270665
0.237631
0.282525
0.281395
0.249939
0.250241
0.255945
0.215679
0.208127
0.247866
0.259567
0.132292
0.132389
0.178660
0.192538
0.215238
0.206693
0.187897
0.220761
0.224201
0.233243
0.234881
0.224431
0.240014
0.234891
0.213113
0.262268
0.290154
0.292056
0.295035
0.270796
0.250582
0.267155
0.214217
0.166664
0.183607
0.181509
0.224954
0.138552
0.106882
0.108216
0.141255
0.116952
0.074743
0.089380
0.109596
0.158247
0.146255
0.096530
0.118443
0.115599
0.142745
0.138589
0.130394
0.111521
0.130972
0.079700
0.150504
0.130920
0.082980
0.091868
0.113767
0.135982
0.106977
0.116204
0.116769
0.097316
0.090542
0.124507
0.118510
0.113688
0.077950
0.120767
0.109225
0.102204
0.070245
0.039044
0.107614
0.107214
0.087023
0.083297
0.069439
0.091111
0.090448
0.113436
0.097141
0.085401
0.049491
0.037332
0.088708
0.082924
0.025689
0.036865
0.064323
0.068616
0.033940
0.034195
0.064542
0.061325
0.025799
0.038108
0.033560
0.053466
0.032120
0.042700
0.079039
0.041030
0.018179
0.046863
0.046264
0.062390
0.065180
0.034111
0.092718
0.066635
0.053223
0.061054
0.066570
0.078570
0.056266
0.084937
0.080932
0.066815
0.048767
0.014816
0.094482
0.114026
0.103039
0.070885
0.127076
0.095442
0.097373
0.135284
0.094329
0.125770
0.099735
0.118719
0.114577
0.139819
0.123642
0.108128
0.145767
0.153700
0.143922
0.146087
0.108839
0.086702
0.092132
0.115571
0.145309
0.150357
0.084352
0.088293
0.152585
0.116558
0.091582
0.063917
0.106312
0.135707
0.148724
0.176000
0.099845
0.137751
0.165519
0.150191
0.212999
0.153169
0.094157
0.104640
0.182519
0.121548
0.087081
0.049219
0.139232
0.118769
0.175834
0.102605
0.136177
0.117550
0.112188
0.125156
0.170308
0.136991
0.160951
0.153696
0.191774
0.175596
0.204650
0.222861
0.259436
0.322257
0.293191
0.298085
0.307314
0.256450
0.301404
0.315840
0.277877
0.282930
0.247182
0.238304
0.266815
0.261453
0.191909
0.163958
0.263172
0.250820
0.215850
0.210634
0.183488
0.222880
0.187362
0.232383
0.229854
0.231833
0.239489
0.253535
0.268770
0.305809
0.270420
0.303003
0.250996
0.294811
0.278277
0.289650
0.201585
0.229243
0.179808
0.224574
0.195796
0.210549
0.152147
0.097615
0.114184
0.142970
0.087829
0.066016
0.137079
0.121600
0.115026
0.097119
0.087870
0.086837
0.079567
0.102389
0.102053
0.100487
0.068096
0.088228
0.076042
0.087711
0.067237
0.051601
0.112662
0.146223
0.120057
0.107186
0.118410
0.109489
0.117462
0.143776
0.105079
0.148306
0.135804
0.146374
0.151698
0.152777
0.157781
0.143743
0.196706
0.190165
0.225495
0.224738
0.211997
0.245362
0.238161
0.239964
0.248393
0.203211
0.270267
0.234351
0.300687
0.299921
0.242444
0.268496
0.277614
0.381750
0.322626
0.309458
0.320610
0.327827
0.347640
0.380587
0.308762
0.334379
0.314685
0.325494
0.357316
0.340547
0.322194
0.313886
0.435474
0.348719
0.426100
0.415991
0.417146
0.485484
0.456880
0.483713
0.477161
0.481746
0.469238
0.428131
0.520922
0.518483
0.538262
0.554671
0.510863
0.542845
0.572255
0.576064
0.580418
0.550692
0.605334
0.527175
0.490828
0.541751
0.500835
0.469197
0.546457
0.580305
0.446946
0.544262
0.549713
0.603162
0.631708
0.595275
0.616656
0.664096
0.580160
0.610209
0.593748
0.610913
0.643107
0.640672
0.635802
0.658166
0.603905
0.670366
0.661808
0.684402
0.653292
0.616765
0.686244
0.688153
0.633655
0.642363
0.629346
0.632169
0.595714
0.603608
0.609211
0.638121
0.603283
0.616813
0.688680
0.672823
0.647042
0.642893
0.669150
0.673550
0.666448
0.656016
0.638385
0.619281
0.626145
0.632505
0.675462
0.672415
0.643708
0.686650
0.669361
0.686289
0.646250
0.660440
0.633949
0.626962
0.601607
0.591652
0.589240
0.615597
0.573765
0.558844
0.569028
0.593833
0.530658
0.557568
0.625321
0.579693
0.568966
0.573185
0.562605
0.560920
0.576851
0.519776
0.565596
0.585938
0.521120
0.503035
0.555603
0.581815
0.489693
0.551094
0.566584
0.601171
0.612581
0.608513
0.592531
0.648708
0.638835
0.631972
0.589724
0.616192
0.581908
0.610908
0.622827
0.677790
0.636214
0.630806
0.704569
0.674109
0.666014
0.655648
0.681321
0.685566
0.685765
0.638980
0.596061
0.651633
0.641350
0.640227
0.680433
0.698478
0.699801
0.682934
0.724765
0.748646
0.774748
0.780914
0.747301
0.779695
0.798483
0.751561
0.820405
0.782481
0.756394
0.763556
0.756652
0.782261
0.789118
0.801091
0.810932
0.784462
0.776691
0.753987
0.772995
0.784352
0.756645
0.733161
0.747375
0.737447
0.777513
0.758663
0.799717
0.798874
0.775257
0.831834
0.792985
0.822668
0.799647
0.809087
0.789508
0.823044
0.796839
0.810823
0.759464
0.800772
0.705337
0.749692
0.751144
0.761753
0.709130
0.725472
0.740727
0.738950
0.783078
0.775178
0.770898
0.822707
0.787469
0.785362
0.751540
0.801705
0.762486
0.787494
0.836301
0.842860
0.840488
0.844703
0.845723
0.850679
0.854526
0.867637
0.860235
0.846989
0.863456
0.834136
0.843720
0.857238
0.851659
0.853126
0.843255
0.858348
0.829764
0.838462
0.891332
0.875259
0.874168
0.860833
0.851023
0.878946
0.881732
0.888118
0.864141
0.877488
0.875492
0.866262
0.893233
0.879931
0.880904
0.878653
0.919437
0.906404
0.881920
0.889544
0.894580
0.902675
0.902602
0.911230
0.892550
0.910788
0.918638
0.908309
0.930144
0.913048
0.925169
0.930209
0.925018
0.932216
0.937425
0.941858
0.941864
0.935092
0.956732
0.934575
0.936601
0.937604
0.928161
0.927847
0.942732
0.930288
0.933674
0.937698
0.950296
0.950941
0.960786
0.955159
0.948390
0.945387
0.964401
0.963674
0.956951
0.956805
0.963955
0.962850
0.966742
0.961801
0.969056
0.970596
0.979888
0.979268
0.982566
0.982675
0.983825
0.982303
0.987549
0.984017
0.986286
0.984356
0.982899
0.985074
0.982793
0.982886
0.984387
0.987246
0.989639
0.990322
0.989525
0.991346
0.988850
0.988051
0.993525
0.991385
0.989757
0.991557
0.989841
0.992020
0.991073
0.988177
0.989470
0.989519
0.992829
0.991968
0.990486
0.991232
0.989756
0.987395
0.990989
0.989474
0.986348
0.982463
0.984513
0.983671
0.984938
0.978444
0.972641
0.978646
0.980882
0.982631
0.982855
0.981634
0.980806
0.978306
0.983014
0.981753
0.979643
0.979564
0.977812
0.981903
0.979170
0.980346
0.979143
0.981888
0.988282
0.986178
0.989132
0.988629
0.987639
0.984221
0.990138
0.989852
0.987686
0.986145
0.988863
0.987532
0.988191
0.985657
0.987899
0.988989
0.991962
0.988807
0.987131
0.986235
0.985476
0.984053
0.985233
0.982709
0.977619
0.974950
0.977845
0.973003
0.976200
0.971029
0.966972
0.969663
0.973057
0.971403
0.974188
0.975373
0.974536
0.973085
0.978291
0.973057
0.972842
0.967537
0.968303
0.968651
0.967576
0.963791
0.954059
0.960516
0.964548
0.962842
0.961647
0.959403
0.953596
0.949745
0.956759
0.952066
0.941615
0.950535
0.929905
0.948005
0.923070
0.923642
0.927957
0.937798
0.945424
0.935546
0.931002
0.926437
0.923103
0.918250
0.936449
0.923126
0.922629
0.905378
0.911572
0.907824
0.907285
0.900728
0.898019
0.900253
0.916060
0.913803
0.908712
0.906664
0.893989
0.904822
0.903341
0.889412
0.888957
0.884505
0.894067
0.876343
0.874020
0.888677
0.859665
0.871617
0.857755
0.856867
0.816302
0.816864
0.801747
0.785985
0.776577
0.761703
0.691169
0.742327
0.648726
0.660087
0.674013
0.687753
0.607156
0.616746
0.655499
0.652499
0.652464
0.648905
0.628598
0.643679
0.655601
0.647710
0.626459
0.656038
0.558170
0.547070
0.614563
0.620841
0.521531
0.517623
0.566277
0.555097
0.487372
0.489109
0.492325
0.478352
0.462598
0.472312
0.364594
0.471105
0.364751
0.391758
0.366911
0.443517
0.338387
0.401305
0.422256
0.336583
0.413063
0.387468
0.365352
0.361832
0.359508
0.360741
0.321449
0.316491
0.341065
0.287092
0.376240
0.379301
0.292466
0.334564
0.359426
0.400316
0.426720
0.418272
0.430753
0.434037
0.449252
0.441737
0.467211
0.451015
0.471283
0.437233
0.531597
0.521168
0.548891
0.548698
0.518473
0.527242
0.500904
0.475538
0.451376
0.450620
0.464450
0.395686
0.379825
0.375020
0.366968
0.253341
0.345420
0.330246
0.158738
0.201509
0.235924
0.277880
0.215591
0.233518
0.213453
0.204708
0.189228
0.220381
0.197233
0.187565
0.177809
0.148438
0.236958
0.182690
0.114127
0.120647
0.124370
0.155552
0.170857
0.132085
0.148443
0.141275
0.116825
0.154589
0.138153
0.148037
0.115114
0.093495
0.137197
0.158699
0.090330
0.074866
0.093963
0.134063
0.142840
0.160275
0.108055
0.127166
0.087579
0.120809
0.115545
0.120782
0.083785
0.082509
0.108746
0.106599
0.075447
0.064055
0.066378
0.096850
0.070373
0.093474
0.070316
0.080788
0.040144
0.053321
0.140128
0.084316
0.053922
0.052700
0.060754
0.069022
0.055370
