0.120545
0.051060
0.062696
0.058964
0.014896
0.090551
0.095144
0.053808
0.114162
0.016695
0.041184
0.080572
0.069701
0.068108
0.092491
0.040041
0.040149
0.073772
0.102393
0.063731
0.041536
0.079209
0.085277
0.062480
0.078930
0.097539
0.093674
0.052224
0.072711
0.089299
0.085261
0.066983
0.044418
0.110904
0.108255
0.139519
0.095443
0.111216
0.099792
0.101601
0.129692
0.089876
0.128831
0.076256
0.112722
0.130857
0.097047
0.101235
0.122445
0.138592
0.159053
0.166868
0.204525
0.129475
0.159579
0.101077
0.189463
0.152930
0.181625
0.139980
0.176134
0.133702
0.112699
0.112038
0.088508
0.172012
0.174271
0.158367
0.130662
0.132765
0.120044
0.130717
0.136598
0.141093
0.128177
0.118004
0.094364
0.158342
0.108535
0.096567
0.081271
0.136647
0.185217
0.157240
0.132228
0.136112
0.160589
0.158576
0.174516
0.135991
0.197145
0.158764
0.153646
0.175343
0.187988
0.112588
0.134052
0.115500
0.156931
0.148310
0.121430
0.103654
0.107277
0.100587
0.115880
0.104493
0.095573
0.087152
0.072630
0.083458
0.075742
0.034894
0.039841
0.069174
0.088353
0.056442
0.054258
0.078654
0.070944
0.028646
0.047227
0.060706
0.058181
0.058353
0.052630
0.071134
0.067168
0.037674
0.020348
0.061048
0.076987
0.065391
0.067897
0.051775
0.063799
0.060651
0.060114
0.079392
0.088187
0.096303
0.095759
0.117152
0.111863
0.126802
0.103283
0.124894
0.129975
0.138603
0.140836
0.133320
0.088506
0.130539
0.140070
0.183147
0.156869
0.106901
0.083680
0.148392
0.142485
0.115013
0.120083
0.140656
0.155307
0.167315
0.136980
0.155392
0.119744
0.118273
0.126984
0.139228
0.102592
0.114542
0.104034
0.147000
0.104546
0.092763
0.101893
0.113742
0.137221
0.164845
0.104597
0.114522
0.115986
0.126806
0.114144
0.148639
0.114153
0.085031
0.107868
0.105423
0.106103
0.064999
0.069207
0.080604
0.123522
0.103229
0.102342
0.087042
0.122280
0.084899
0.110208
0.119254
0.099626
0.087957
0.049833
0.152182
0.105547
0.070469
0.079383
0.082045
0.118563
0.075512
0.072087
0.063671
0.079375
0.037976
0.057810
0.059373
0.069462
0.064601
0.052236
0.084851
0.070315
0.054133
0.028743
0.051191
0.066074
0.045624
0.044181
0.066015
0.091725
0.012764
0.041192
0.046812
0.050961
0.041504
0.027490
0.068752
0.059236
0.038158
0.039762
0.027733
0.055594
0.051877
0.043071
0.060463
0.074054
0.032710
0.062558
0.057808
0.051856
0.048075
0.063142
0.109899
0.060026
0.068766
0.065492
0.094946
0.137006
0.107242
0.103085
0.102312
0.095117
0.065224
0.125579
0.122802
0.130889
0.091205
0.121652
0.158755
0.164648
0.174816
0.152397
0.229277
0.214836
0.249596
0.264585
0.167173
0.204345
0.185509
0.289764
0.211270
0.242653
0.146541
0.179492
0.207556
0.214417
0.177309
0.157914
0.200734
0.195845
0.199042
0.145626
0.157357
0.129390
0.139403
0.152896
0.133300
0.142033
0.097400
0.087679
0.136365
0.154213
0.066270
0.035748
0.102678
0.096680
0.080538
0.046635
0.073116
0.066827
0.020708
0.051074
0.063208
0.063150
0.017666
0.029360
0.027915
0.044720
0.048469
0.011600
0.038849
0.047060
0.022407
0.014047
0.010433
0.028639
-0.021145
0.041005
0.037798
0.023382
-0.003459
0.004523
0.024722
0.030214
0.041199
0.028589
0.009327
0.038612
0.038684
-0.009377
0.001151
0.033355
0.017570
0.048145
0.022930
0.023168
-0.020456
0.007394
0.010785
0.026045
0.041083
0.006906
0.006261
0.036754
0.006339
-0.024799
0.005443
0.021131
-0.005875
0.048769
0.041335
0.025918
-0.013301
-0.023607
0.006145
0.041364
0.045458
0.015644
-0.009870
0.033039
0.024873
-0.019808
-0.000085
0.022367
0.005307
0.040061
0.029050
0.007992
-0.002441
-0.005589
0.038740
0.019845
0.027639
0.016669
0.000763
0.042989
0.013101
-0.011880
0.029319
0.036890
0.010069
0.050071
0.038147
0.031502
-0.023927
0.014370
0.064541
0.037329
0.032830
0.011446
0.035217
0.071461
0.023322
0.011221
0.040783
0.043678
0.003049
0.072279
0.049800
0.035816
0.028154
0.009840
0.087678
0.070795
0.039866
0.024326
0.032737
0.076960
0.027705
0.056187
0.032019
0.074417
0.037674
0.055211
0.050704
0.063216
0.075730
0.038165
0.058551
0.076853
0.055689
0.035087
0.088819
0.093602
0.084037
0.048932
0.076800
0.114693
0.081586
0.082325
0.077515
0.085121
0.093239
0.092140
0.141404
0.138385
0.143179
0.126784
0.242428
0.248516
0.282798
0.277471
0.312857
0.320795
0.360124
0.382305
0.420636
0.436848
0.481471
0.466909
0.471594
0.571580
0.599565
0.644774
0.691414
0.727642
0.703415
0.714346
0.714682
0.728256
0.751120
0.746853
0.765371
0.762220
0.785744
0.782477
0.790645
0.804505
0.846169
0.844148
0.875361
0.860522
0.864143
0.874112
0.879409
0.890437
0.880312
0.856641
0.898386
0.882960
0.885320
0.875301
0.889057
0.887075
0.878172
0.898327
0.907279
0.915366
0.898189
0.907639
0.897601
0.897825
0.915030
0.895624
0.911839
0.914824
0.902271
0.910213
0.877812
0.911514
0.910847
0.922937
0.946060
0.939040
0.949028
0.944955
0.938880
0.939195
0.950685
0.945501
0.937306
0.928337
0.940799
0.952467
0.948879
0.946543
0.943558
0.955461
0.959464
0.957839
0.965451
0.966212
0.965737
0.968089
0.977095
0.974225
0.967306
0.973807
0.976164
0.980007
0.973855
0.972911
0.978596
0.978527
0.986092
0.984791
0.987180
0.985390
0.984303
0.984598
0.987205
0.986949
0.984918
0.981702
0.986795
0.986852
0.988725
0.982829
0.986296
0.988206
0.989786
0.988954
0.992788
0.991027
0.990273
0.988625
0.992790
0.991184
0.990213
0.988368
0.986734
0.985905
0.987415
0.981364
0.982260
0.984107
0.991475
0.987975
0.991770
0.991689
0.991670
0.991544
0.994842
0.991535
0.992942
0.991993
0.993213
0.994156
0.993699
0.992655
0.994357
0.994481
0.995343
0.996017
0.995709
0.996203
0.995337
0.994662
0.996739
0.995789
0.996165
0.996427
0.996068
0.996354
0.995426
0.995861
0.996125
0.996210
0.998011
0.996995
0.997855
0.997932
0.998182
0.997935
0.998765
0.998489
0.998059
0.998320
0.998548
0.998828
0.998696
0.998146
0.998557
0.998369
0.998796
0.998662
0.999011
0.999166
0.998942
0.998616
0.999242
0.999092
0.998823
0.998662
0.998935
0.999010
0.998956
0.998835
0.998690
0.998933
0.999152
0.998872
0.999009
0.998857
0.998963
0.998310
0.998963
0.998431
0.998316
0.998394
0.997835
0.998099
0.998024
0.997538
0.997639
0.997847
0.997811
0.997606
0.998020
0.998150
0.998130
0.997694
0.998645
0.998041
0.997712
0.997682
0.998189
0.998122
0.998299
0.997685
0.998204
0.997845
0.998742
0.998601
0.998908
0.998903
0.999081
0.998714
0.999459
0.999116
0.999090
0.998946
0.998917
0.998994
0.999176
0.998783
0.999074
0.999047
0.999388
0.999182
0.999523
0.999413
0.999528
0.999326
0.999669
0.999532
0.999412
0.999466
0.999512
0.999472
0.999490
0.999436
0.999370
0.999404
0.999680
0.999566
0.999739
0.999736
0.999761
0.999637
0.999811
0.999683
0.999667
0.999633
0.999723
0.999718
0.999714
0.999641
0.999714
0.999649
0.999723
0.999722
0.999754
0.999707
0.999725
0.999614
0.999791
0.999636
0.999617
0.999534
0.999633
0.999615
0.999615
0.999535
0.999416
0.999427
0.999658
0.999478
0.999640
0.999623
0.999555
0.999346
0.999684
0.999567
0.999422
0.999416
0.999425
0.999291
0.999289
0.998973
0.998894
0.998982
0.999230
0.999090
0.998907
0.998911
0.998994
0.998098
0.998970
0.998381
0.998104
0.997310
0.996690
0.997027
0.996743
0.996369
0.995078
0.995305
0.996242
0.996521
0.996856
0.995533
0.997054
0.995157
0.996594
0.996195
0.994606
0.994277
0.994115
0.992944
0.992806
0.992586
0.989012
0.990031
0.990506
0.988406
0.988601
0.986829
0.983742
0.978571
0.982157
0.974636
0.973270
0.969380
0.951079
0.953402
0.952636
0.949931
0.937662
0.943606
0.932920
0.939408
0.923311
0.927919
0.902472
0.905727
0.883533
0.873434
0.871867
0.874723
0.833733
0.856048
0.848890
0.834442
0.801340
0.801466
0.799032
0.774322
0.736845
0.741423
0.724083
0.711695
0.701810
0.683540
0.639686
0.663189
0.602021
0.554566
0.599867
0.608039
0.505892
0.538677
0.458099
0.535052
0.448805
0.434355
0.403409
0.412995
0.364982
0.331019
0.302379
0.286900
0.284210
0.287315
0.309369
0.253811
0.172460
0.157504
0.221474
0.245960
0.194111
0.205312
0.180955
0.155437
0.215178
0.221214
0.188989
0.215600
0.199080
0.163576
0.237932
0.249310
0.241489
0.260406
0.239685
0.201009
0.216620
0.204298
0.160740
0.182945
0.127649
0.113789
0.161173
0.150890
0.109119
0.104175
0.133244
0.117018
0.102027
0.046087
0.134209
0.111797
0.094947
0.107866
0.075478
0.117103
0.056221
0.087525
0.064599
0.056406
0.045299
0.041745
0.076536
0.088898
0.046719
0.022351
0.060019
0.056264
0.047811
0.047805
0.037778
0.069541
-0.004240
0.026264
0.029896
0.036242
0.013656
0.044929
0.040582
0.045623
0.016002
0.041225
0.035886
0.057860
0.052307
0.017323
0.040070
0.046059
0.024421
0.057017
0.044085
0.045463
0.020076
0.019829
0.024527
0.042077
0.023948
0.024686
0.019593
0.055333
0.011739
0.013412
0.030341
0.037691
0.015235
0.031865
0.037790
0.037800
0.012569
0.048874
0.025963
0.039658
0.044734
0.015548
0.041482
0.059560
0.033244
0.024272
0.037251
0.063462
0.017861
0.069146
0.037159
0.021834
0.011637
0.001232
0.065827
0.059933
0.024266
0.026641
0.046875
0.077766
0.077271
0.049315
0.060647
0.055629
0.046243
0.071814
0.069882
0.079889
0.083706
0.067741
0.109323
0.079122
0.071632
0.062734
0.092582
0.090263
0.104692
0.073319
0.095907
0.085286
0.053021
0.080826
0.082323
0.076832
0.050797
0.092553
0.132802
0.107486
0.052629
0.054915
0.085384
0.092388
0.105525
0.120724
0.097294
0.076414
0.079664
0.103530
0.124723
0.093674
0.065602
0.034201
0.075652
0.100641
0.053241
0.032863
0.055228
0.051722
0.050328
0.064148
0.026170
0.060528
0.021372
0.059950
0.078385
0.045312
0.049037
0.057659
0.063615
0.067532
0.047098
