0.128764
0.076214
0.081494
0.063519
0.055281
0.096330
0.125015
0.066577
0.102796
0.034926
0.098004
0.136950
0.198706
0.194534
0.212032
0.200120
0.207325
0.280669
0.274549
0.277716
0.273302
0.324241
0.293919
0.302459
0.298755
0.264763
0.292314
0.280172
0.265825
0.346965
0.307576
0.324475
0.311646
0.339156
0.328013
0.339799
0.327136
0.310304
0.330075
0.270063
0.299625
0.245484
0.243621
0.209345
0.222887
0.232711
0.219624
0.113236
0.138346
0.213128
0.187275
0.211784
0.200503
0.160605
0.186540
0.148290
0.168583
0.184951
0.179024
0.149257
0.199747
0.190222
0.242470
0.177252
0.193358
0.256899
0.263208
0.273626
0.271984
0.294488
0.286092
0.265086
0.272923
0.291930
0.285454
0.247566
0.230987
0.311750
0.302522
0.234727
0.252463
0.296057
0.239121
0.241693
0.182483
0.196513
0.206002
0.144280
0.128727
0.159309
0.119946
0.124810
0.143382
0.162098
0.161335
0.124749
0.103576
0.140838
0.128401
0.135557
0.148444
0.120922
0.099671
0.130384
0.100867
0.150674
0.109402
0.034298
0.091225
0.125175
0.102972
0.078447
0.057971
0.038656
0.121735
0.121622
0.093160
0.104933
0.090295
0.091519
0.124070
0.121407
0.100641
0.117730
0.107035
0.135030
0.108799
0.129377
0.071190
0.133141
0.126454
0.111756
0.123883
0.104655
0.126395
0.086575
0.098775
0.119230
0.102990
0.109323
0.110378
0.134444
0.106554
0.087877
0.074765
0.137038
0.145218
0.143150
0.153608
0.133689
0.131913
0.118049
0.159617
0.152204
0.162560
0.089898
0.109434
0.141035
0.125871
0.061093
0.072715
0.136902
0.200466
0.176123
0.209377
0.215369
0.266450
0.267587
0.329253
0.260079
0.298935
0.293475
0.325267
0.385938
0.430460
0.407889
0.458279
0.402413
0.433360
0.405957
0.395752
0.343263
0.340108
0.321685
0.338964
0.354631
0.355115
0.292233
0.306886
0.346745
0.342417
0.271931
0.283542
0.292333
0.299683
0.332150
0.276055
0.295582
0.270828
0.248925
0.210277
0.243434
0.233195
0.170904
0.178194
0.188452
0.191056
0.106211
0.117996
0.125640
0.158542
0.133101
0.146105
0.138452
0.118481
0.121402
0.099152
0.138267
0.115126
0.083168
0.090489
0.088135
0.098729
0.026713
0.032490
0.086594
0.087254
0.059583
0.045116
0.040194
0.057553
0.000302
0.047057
0.054999
0.062533
0.048288
0.054935
0.055767
0.053544
0.029976
0.034637
0.060662
0.073096
0.085025
0.041757
0.080034
0.067001
0.044010
0.048346
0.068881
0.061386
0.093069
0.089556
0.101116
0.092559
0.073782
0.077314
0.105548
0.122708
0.163232
0.110966
0.126439
0.110784
0.099005
0.117738
0.119538
0.110362
0.114892
0.098553
0.160239
0.116064
0.108256
0.106990
0.143740
0.174424
0.196428
0.178601
0.132730
0.143067
0.187912
0.194002
0.187209
0.162824
0.152268
0.134148
0.213949
0.194628
0.149114
0.130951
0.197499
0.213185
0.241675
0.201060
0.212196
0.181058
0.157475
0.208705
0.198750
0.220042
0.194435
0.204521
0.220203
0.218527
0.218981
0.197490
0.261897
0.243604
0.264292
0.260750
0.254454
0.301397
0.299264
0.314455
0.300499
0.287422
0.284318
0.234370
0.310462
0.294517
0.272945
0.236871
0.309416
0.338852
0.289144
0.314975
0.302500
0.301874
0.299894
0.318662
0.255183
0.290016
0.282735
0.296866
0.311441
0.365615
0.307225
0.320006
0.409077
0.378851
0.414411
0.400469
0.429980
0.438278
0.396307
0.436730
0.423680
0.410843
0.384288
0.367777
0.430163
0.440630
0.401088
0.452258
0.515845
0.481479
0.487837
0.506439
0.457924
0.513230
0.450212
0.476076
0.472871
0.520323
0.472199
0.478310
0.484865
0.509960
0.502612
0.511986
0.533872
0.568656
0.556136
0.577140
0.578928
0.576527
0.636611
0.573790
0.595836
0.573358
0.611245
0.623989
0.617736
0.664507
0.636761
0.682369
0.730565
0.737318
0.728634
0.748116
0.715509
0.723646
0.744712
0.764489
0.737817
0.754350
0.756521
0.730060
0.758810
0.770369
0.730153
0.768721
0.797056
0.794049
0.804457
0.820284
0.780437
0.826022
0.796367
0.802846
0.834797
0.804605
0.814979
0.808667
0.824406
0.831841
0.815087
0.859397
0.855648
0.851146
0.870133
0.864934
0.858162
0.865296
0.870788
0.845345
0.865473
0.878590
0.855862
0.861193
0.873672
0.883483
0.869348
0.883345
0.905530
0.890092
0.908922
0.899230
0.884999
0.900674
0.883474
0.885508
0.888386
0.887975
0.878006
0.856452
0.889289
0.877045
0.871158
0.894277
0.902234
0.895530
0.897326
0.880875
0.883696
0.887829
0.888837
0.857483
0.874232
0.860953
0.848882
0.857808
0.878422
0.874316
0.855492
0.869015
0.868264
0.875245
0.853844
0.850711
0.853304
0.863897
0.848177
0.827826
0.822352
0.841156
0.794583
0.829704
0.801035
0.834566
0.763082
0.810532
0.792395
0.791857
0.762979
0.743122
0.689283
0.701263
0.677847
0.672483
0.638022
0.622405
0.496951
0.485050
0.503068
0.521510
0.364688
0.387321
0.420511
0.384391
0.337654
0.347306
0.270094
0.351677
0.288265
0.312345
0.311758
0.268349
0.207147
0.231180
0.222447
0.200534
0.201611
0.155047
0.255781
0.200602
0.202014
0.214724
0.173530
0.138515
0.200125
0.169401
0.204196
0.214678
0.124792
0.151723
0.184204
0.224529
0.220808
0.185689
0.202381
0.203450
0.217530
0.203935
0.156913
0.187516
0.153634
0.227222
0.139505
0.185047
0.114403
0.140951
0.164588
0.194624
0.122163
0.113499
0.146568
0.168419
0.163157
0.169312
0.158724
0.155965
0.148602
0.205817
0.200257
0.205054
0.124546
0.135548
0.152087
0.189033
0.124597
0.121909
0.184116
0.170212
0.157707
0.135541
0.134673
0.147939
0.130438
0.151360
0.128849
0.140313
0.094697
0.115683
0.135920
0.153617
0.084689
0.060769
0.180665
0.161596
0.161252
0.209249
0.189312
0.231973
0.235754
0.255348
0.188948
0.218902
0.182675
0.203656
0.219295
0.220691
0.254579
0.283633
0.289590
0.311496
0.321249
0.313881
0.332634
0.279331
0.293206
0.372804
0.274062
0.352025
0.284628
0.355416
0.347638
0.404721
0.382276
0.362218
0.397419
0.430189
0.389716
0.381321
0.349776
0.408331
0.339894
0.384242
0.333740
0.376011
0.327427
0.361275
0.357331
0.414652
0.425581
0.446734
0.461625
0.472261
0.457442
0.450141
0.392451
0.457877
0.391587
0.410758
0.381839
0.373507
0.403950
0.331975
0.375301
0.395649
0.295809
0.336357
0.366623
0.373741
0.343168
0.386900
0.346711
0.368165
0.374394
0.380969
0.376442
0.374113
0.338783
0.328568
0.404862
0.382969
0.335796
0.371304
0.416088
0.453992
0.455247
0.479975
0.458821
0.486808
0.457280
0.539164
0.509049
0.507129
0.543943
0.528439
0.589921
0.599817
0.597077
0.644111
0.611544
0.659718
0.648298
0.651321
0.682341
0.652615
0.640256
0.659814
0.685777
0.695896
0.641030
0.618554
0.685613
0.642672
0.675014
0.718164
0.744098
0.779962
0.740380
0.746288
0.744620
0.727945
0.794359
0.754776
0.767224
0.764044
0.744917
0.755682
0.764671
0.774300
0.793899
0.809770
0.837435
0.859662
0.843286
0.839486
0.835431
0.844760
0.872246
0.860457
0.869066
0.852226
0.859234
0.874669
0.870600
0.884090
0.872356
0.890812
0.874308
0.896165
0.864516
0.855637
0.851581
0.823302
0.861066
0.824931
0.846331
0.826621
0.842709
0.803450
0.840061
0.830576
0.818978
0.833489
0.881360
0.839577
0.866644
0.856505
0.867761
0.862492
0.881515
0.882078
0.875961
0.859142
0.864322
0.868266
0.896203
0.881847
0.876027
0.887191
0.896597
0.910372
0.893763
0.894970
0.896376
0.900348
0.914158
0.884790
0.891492
0.877835
0.885037
0.888039
0.895379
0.881038
0.887543
0.902764
0.911580
0.896674
0.918551
0.916526
0.906922
0.907935
0.922555
0.910051
0.897212
0.883090
0.910354
0.886109
0.895467
0.919230
0.882312
0.904632
0.911237
0.914538
0.921351
0.913114
0.910928
0.917973
0.902416
0.916375
0.902619
0.895834
0.913684
0.909459
0.913252
0.905648
0.902548
0.909725
0.920996
0.887233
0.903981
0.891287
0.881626
0.894970
0.892700
0.849245
0.864388
0.850049
0.839904
0.840414
0.855414
0.836742
0.821475
0.829714
0.796894
0.820092
0.788002
0.778421
0.763556
0.775268
0.717398
0.710400
0.722145
0.700324
0.670683
0.666894
0.700980
0.686008
0.637872
0.640664
0.734217
0.713800
0.714466
0.707471
0.705433
0.728536
0.721572
0.712092
0.742341
0.701421
0.724233
0.665451
0.729867
0.724067
0.695513
0.750913
0.711695
0.726467
0.671176
0.696155
0.658629
0.664435
0.695756
0.666647
0.669006
0.690067
0.629188
0.593200
0.639813
0.624351
0.578963
0.625775
0.618839
0.647600
0.611193
0.585836
0.574101
0.558071
0.575157
0.571209
0.512049
0.540813
0.484152
0.499163
0.505496
0.555359
0.379550
0.416223
0.475352
0.463588
0.475749
0.469350
0.465750
0.478763
0.486551
0.455128
0.451425
0.415320
0.437191
0.459801
0.456157
0.515474
0.446584
0.473090
0.443824
0.462334
0.425968
0.433688
0.351339
0.358415
0.337307
0.349200
0.282663
0.303044
0.210638
0.214342
0.294711
0.245363
0.124692
0.144632
0.212433
0.194078
0.212486
0.222313
0.173533
0.228294
0.204942
0.220776
0.194996
0.222405
0.204986
0.151275
0.227980
0.227913
0.172910
0.189356
0.206358
0.221650
0.229434
0.213895
0.184993
0.202503
0.159007
0.195357
0.212343
0.209840
0.149162
0.154578
0.203303
0.178754
0.175273
0.190946
0.165190
0.247818
0.198891
0.234650
0.167449
0.213294
0.171525
0.194931
0.165868
0.151713
0.142595
0.122583
0.215862
0.145779
0.084762
0.066741
0.136590
0.176780
0.129647
0.199425
0.176740
0.144615
0.168098
0.194696
0.213505
0.211137
0.164197
0.181068
0.212225
0.245442
0.198814
0.245220
0.266060
0.310246
0.259159
0.278019
0.318971
0.293585
0.302846
0.337570
0.284553
0.285950
0.223851
0.173517
0.245078
0.261919
0.155987
0.141444
0.253977
0.169964
0.197486
0.179673
0.151575
0.144882
0.114236
0.163264
0.157777
0.122016
0.094091
0.134478
0.150945
0.126865
0.117832
0.088470
0.046422
0.087010
0.078311
0.104996
0.060620
0.091986
0.054779
0.063286
0.111564
0.080555
0.051559
0.078235
0.063199
0.055899
0.055604
