0.118008
0.053630
0.085250
0.034016
0.022853
0.080933
0.089123
0.040607
0.071900
0.067156
0.048814
0.085847
0.077391
0.050388
0.046654
0.063318
0.063549
0.038937
0.091942
0.091112
0.068245
0.040951
0.086785
0.053825
0.069693
0.095388
0.056706
0.066432
0.082575
0.079795
0.062486
0.059558
0.044270
0.071224
0.127861
0.106312
0.048660
0.111463
0.087839
0.081700
0.121006
0.117292
0.115152
0.105834
0.100475
0.160540
0.120994
0.114126
0.127515
0.181111
0.192610
0.222765
0.186438
0.219037
0.195814
0.201210
0.258829
0.227486
0.247863
0.234160
0.249963
0.279519
0.308546
0.331044
0.261447
0.379294
0.323434
0.337587
0.315101
0.309671
0.296249
0.396691
0.384219
0.312987
0.370777
0.316943
0.379489
0.376416
0.413792
0.377413
0.453786
0.402413
0.457250
0.429747
0.411837
0.399320
0.383541
0.389105
0.401259
0.355218
0.374831
0.333625
0.304988
0.370556
0.432741
0.242022
0.254631
0.250755
0.294697
0.256320
0.236439
0.227616
0.258792
0.249506
0.258844
0.256025
0.214887
0.245981
0.176863
0.287051
0.237963
0.228048
0.231029
0.337262
0.267211
0.281491
0.254158
0.283597
0.280739
0.274081
0.307150
0.292996
0.314526
0.289419
0.310043
0.341772
0.425561
0.319772
0.331978
0.438302
0.376201
0.406084
0.432450
0.430923
0.446888
0.417590
0.488209
0.424735
0.409179
0.339931
0.400405
0.437638
0.496777
0.380769
0.420687
0.366016
0.420206
0.413159
0.394602
0.335713
0.399020
0.289780
0.331494
0.272175
0.311885
0.259754
0.261677
0.310165
0.286065
0.211220
0.239527
0.254748
0.246190
0.278831
0.256152
0.265407
0.179161
0.252090
0.236775
0.272291
0.234146
0.166546
0.175547
0.224112
0.218430
0.168518
0.150743
0.212527
0.251211
0.227011
0.218540
0.216979
0.212024
0.201959
0.246033
0.227124
0.245285
0.237093
0.218203
0.260884
0.265161
0.251151
0.299315
0.327656
0.240055
0.285786
0.265055
0.240652
0.267141
0.229912
0.254041
0.272648
0.245563
0.176212
0.156319
0.291492
0.274181
0.178392
0.228396
0.143221
0.163827
0.157979
0.142799
0.094794
0.172176
0.085492
0.101591
0.122766
0.101743
0.072944
0.046938
0.072436
0.091512
0.040259
0.022726
0.045065
0.061537
0.063418
0.023773
0.052353
0.083270
0.022586
0.053113
0.063467
0.053127
0.069611
0.050319
0.093546
0.062295
0.033784
0.024983
0.066468
0.087879
0.088534
0.052978
0.074869
0.087822
0.042407
0.069937
0.063630
0.087432
0.061809
0.083983
0.091653
0.086005
0.061953
0.052664
0.083653
0.070550
0.062748
0.056619
0.092597
0.093887
0.080399
0.089814
0.084210
0.093908
0.066083
0.065770
0.068993
0.070970
0.080398
0.058268
0.093553
0.116406
0.118038
0.098280
0.143663
0.101952
0.115515
0.172696
0.180903
0.171556
0.166084
0.133363
0.157822
0.174262
0.184429
0.210794
0.207368
0.238706
0.184480
0.201409
0.143990
0.143679
0.137451
0.159258
0.196126
0.186371
0.105009
0.131792
0.177884
0.164832
0.153359
0.121284
0.262367
0.267157
0.291028
0.317269
0.311974
0.333769
0.305831
0.400367
0.366714
0.367883
0.345994
0.321619
0.443332
0.432504
0.479761
0.483323
0.461476
0.506420
0.461780
0.478122
0.411493
0.467033
0.427440
0.450859
0.392681
0.427241
0.432845
0.458338
0.474364
0.562054
0.480029
0.513790
0.574191
0.548298
0.529512
0.558221
0.547405
0.509376
0.551622
0.535055
0.508635
0.543574
0.439143
0.469149
0.492496
0.509586
0.451748
0.461411
0.527216
0.509535
0.512313
0.540179
0.530336
0.579014
0.618846
0.582054
0.591109
0.588103
0.621531
0.612275
0.608601
0.688054
0.610421
0.654020
0.676034
0.697289
0.655170
0.688344
0.716544
0.673845
0.708564
0.690201
0.677546
0.694490
0.712709
0.693545
0.729327
0.708205
0.670838
0.727817
0.751834
0.756904
0.744310
0.738059
0.730781
0.734680
0.742214
0.733191
0.742366
0.759013
0.694220
0.681355
0.747577
0.736763
0.675361
0.711216
0.721352
0.714676
0.694422
0.688933
0.693885
0.698711
0.664677
0.663300
0.674698
0.668145
0.642192
0.648350
0.682994
0.690797
0.629591
0.637397
0.661629
0.694789
0.681303
0.672032
0.670404
0.728790
0.709277
0.709755
0.718935
0.711839
0.754426
0.755557
0.780902
0.775314
0.784749
0.794941
0.866969
0.859644
0.889313
0.886176
0.878720
0.886062
0.920554
0.921117
0.897170
0.909138
0.912380
0.923745
0.913406
0.932061
0.921514
0.935463
0.947695
0.944978
0.936621
0.943667
0.931664
0.935774
0.951504
0.940118
0.939208
0.952519
0.951044
0.950537
0.957149
0.948190
0.954764
0.954403
0.971413
0.967185
0.964101
0.966735
0.953502
0.955638
0.967758
0.958741
0.957938
0.955411
0.954921
0.957763
0.954022
0.948896
0.946225
0.944473
0.961400
0.957949
0.952520
0.956930
0.952711
0.957920
0.960392
0.959875
0.946118
0.953410
0.947307
0.953679
0.952875
0.949312
0.946810
0.946160
0.951294
0.946646
0.940457
0.942759
0.929060
0.931542
0.941917
0.922384
0.934222
0.918722
0.917589
0.913448
0.907830
0.907335
0.882687
0.898120
0.897419
0.907881
0.891186
0.885748
0.878791
0.873674
0.893759
0.891835
0.865578
0.862475
0.887505
0.873122
0.895113
0.871539
0.878438
0.871849
0.913908
0.896981
0.920344
0.912002
0.923564
0.896479
0.925739
0.930235
0.920281
0.923780
0.919360
0.923920
0.925121
0.925784
0.920119
0.926861
0.944017
0.939866
0.914868
0.918018
0.910171
0.922318
0.915933
0.924964
0.907506
0.917148
0.911013
0.920407
0.931716
0.904736
0.891070
0.910631
0.924276
0.933079
0.920351
0.927412
0.930588
0.912155
0.922152
0.919187
0.922427
0.933015
0.916999
0.909051
0.923667
0.912354
0.911107
0.904640
0.944354
0.916278
0.933984
0.927346
0.918903
0.917159
0.933130
0.933638
0.919554
0.933152
0.925309
0.933429
0.934140
0.928033
0.933124
0.932082
0.949724
0.947874
0.949028
0.946276
0.955878
0.939750
0.958750
0.943131
0.952625
0.941968
0.946663
0.945436
0.958147
0.948944
0.932804
0.940224
0.952129
0.950096
0.936016
0.938720
0.935652
0.929760
0.939254
0.929680
0.930086
0.938505
0.929757
0.927622
0.945144
0.928286
0.931550
0.923468
0.958256
0.945748
0.951450
0.950089
0.939267
0.941063
0.957872
0.952479
0.942208
0.957576
0.926215
0.930451
0.938643
0.928163
0.915842
0.907063
0.945682
0.920552
0.917440
0.916205
0.907593
0.918721
0.921683
0.899905
0.905412
0.905948
0.908024
0.918098
0.913533
0.926355
0.909654
0.913274
0.919236
0.906283
0.925453
0.929550
0.918827
0.916534
0.924813
0.912280
0.918622
0.916218
0.910486
0.902374
0.920644
0.913288
0.888792
0.902012
0.918040
0.882568
0.906082
0.890804
0.866973
0.881666
0.872545
0.859640
0.870431
0.837660
0.826873
0.801939
0.824449
0.828993
0.758408
0.792700
0.771218
0.786727
0.727160
0.730998
0.737789
0.727733
0.681128
0.661769
0.668557
0.667518
0.584117
0.599743
0.598808
0.636385
0.538553
0.575905
0.547896
0.600410
0.505374
0.520044
0.508277
0.494157
0.442114
0.435683
0.420218
0.396187
0.391550
0.375087
0.427763
0.442873
0.294780
0.333510
0.335183
0.402979
0.357040
0.390224
0.343406
0.354739
0.326323
0.401066
0.351238
0.396109
0.337184
0.331683
0.353052
0.434066
0.367369
0.449087
0.385624
0.381002
0.341435
0.327998
0.321717
0.297223
0.270526
0.230256
0.296640
0.235997
0.229271
0.200160
0.179879
0.233780
0.190484
0.167785
0.160613
0.164963
0.137974
0.200521
0.120908
0.138388
0.107055
0.142935
0.144664
0.154577
0.100000
0.090462
0.093393
0.093111
0.054620
0.028737
0.105590
0.092100
0.117313
0.066600
0.079173
0.114301
0.074674
0.111857
0.065315
0.110315
0.111727
0.098414
0.144628
0.106347
0.094134
0.077675
0.115360
0.097520
0.115796
0.104334
0.102401
0.096480
0.102767
0.148152
0.111774
0.116358
0.066779
0.039537
0.150774
0.122859
0.081823
0.074925
0.107819
0.168067
0.153719
0.177099
0.148869
0.150483
0.164862
0.240134
0.201108
0.203883
0.233549
0.207212
0.240920
0.250132
0.328643
0.368008
0.256554
0.275188
0.275071
0.292471
0.223907
0.210887
0.193962
0.173518
0.211857
0.182598
0.137344
0.143753
0.171736
0.179402
0.077711
0.079731
0.119918
0.166228
0.119655
0.141380
0.080251
0.110189
0.152156
0.177407
0.131130
0.156992
0.118618
0.086335
0.152716
0.126293
0.119216
0.068162
0.136471
0.197654
0.179840
0.205499
0.132929
0.170149
0.169598
0.218660
0.178918
0.165347
0.192634
0.167474
0.263692
0.254057
0.205006
0.234130
0.254118
0.282344
0.281460
0.280490
0.276019
0.259936
0.262214
0.322432
0.261731
0.271130
0.206474
0.213456
0.275074
0.316910
0.207322
0.244398
0.259341
0.220605
0.307839
0.277291
0.214026
0.276015
0.195425
0.267228
0.270123
0.235374
0.175377
0.198880
0.231281
0.273252
0.189398
0.237057
0.251533
0.275274
0.283480
0.255040
0.279896
0.286388
0.312004
0.329821
0.321259
0.289216
0.335584
0.319449
0.380774
0.360669
0.360310
0.325013
0.392014
0.371235
0.416691
0.354139
0.368136
0.404158
0.380787
0.421851
0.337710
0.392044
0.258006
0.291100
0.307835
0.360982
0.259849
0.279859
0.253998
0.303723
0.243538
0.184933
0.217082
0.182572
0.159545
0.158334
0.194373
0.147560
0.105908
0.139026
0.145188
0.102016
0.063545
0.061982
0.090149
0.114703
0.141601
0.107983
0.108381
0.126169
0.080480
0.134513
0.133645
0.104459
0.129533
0.112741
0.114658
0.096634
0.090932
0.080894
0.121049
0.119388
0.138589
0.103696
0.071801
0.089751
0.084013
0.066268
0.125105
0.077503
0.029693
0.045023
0.055371
0.081077
0.049255
0.050538
0.061684
0.089477
0.067443
0.059016
0.061820
0.077961
0.055944
0.085745
0.054173
0.073440
0.049426
0.046805
0.102692
0.072364
0.059690
0.031374
0.067535
0.116625
0.059614
0.049505
0.069348
0.053771
0.050918
0.075834
0.062857
0.091615
0.045680
0.057946
0.068468
0.103107
0.064303
0.061786
0.077477
0.093376
0.080711
0.063617
0.066878
0.068342
0.082588
0.077238
0.119231
0.067219
0.062565
0.091390
0.072987
0.064005
0.062723
