0.129483
0.053462
0.079618
0.048318
0.027379
0.075751
0.102282
0.042016
0.090496
0.033168
0.098937
0.073782
0.092811
0.125825
0.080888
0.105060
0.070256
0.097363
0.129421
0.097392
0.146884
0.087193
0.088810
0.078812
0.111235
0.137429
0.131669
0.043486
0.121080
0.081952
0.085916
0.080669
0.014355
0.099652
0.082556
0.077538
0.087907
0.069807
0.094833
0.045064
0.061767
0.070123
0.085596
0.065526
0.089420
0.117930
0.078528
0.052550
0.042282
0.100951
0.132568
0.111426
0.100248
0.112587
0.116567
0.130779
0.169820
0.141670
0.122391
0.134288
0.104200
0.178226
0.192713
0.101089
0.124282
0.124809
0.146157
0.160174
0.143201
0.126346
0.148151
0.138898
0.176682
0.169114
0.173651
0.186594
0.192063
0.225719
0.237969
0.227282
0.261900
0.324591
0.289906
0.251725
0.268635
0.238958
0.291983
0.244957
0.223959
0.223143
0.196950
0.197770
0.135604
0.266626
0.270039
0.170663
0.155306
0.201278
0.197951
0.182114
0.172481
0.173504
0.202980
0.150184
0.211124
0.185187
0.212393
0.128932
0.162179
0.175612
0.160838
0.119491
0.114045
0.169060
0.148894
0.122468
0.126995
0.131325
0.129163
0.093576
0.106521
0.112352
0.114311
0.084884
0.108523
0.117531
0.086747
0.061746
0.045634
0.076970
0.117326
0.085020
0.069886
0.100273
0.109446
0.065950
0.107262
0.056689
0.095968
0.099010
0.091946
0.132526
0.090043
0.085588
0.092659
0.113291
0.095777
0.100205
0.091157
0.057778
0.085595
0.024203
0.051889
0.072950
0.070049
0.041795
0.049810
0.074338
0.051124
0.032437
0.035429
0.092880
0.070752
0.058540
0.044760
0.058459
0.063557
0.022727
0.060829
0.062538
0.080020
0.064468
0.064693
0.074839
0.068959
0.027006
0.038850
0.076133
0.082736
0.071105
0.056599
0.097605
0.074700
0.090286
0.132192
0.121588
0.093634
0.085376
0.111869
0.130172
0.116920
0.143451
0.099500
0.202185
0.177086
0.263535
0.226268
0.261220
0.301666
0.295682
0.303005
0.320991
0.345707
0.316599
0.332742
0.370155
0.440462
0.397872
0.416388
0.465995
0.438355
0.463087
0.482767
0.461384
0.498103
0.510062
0.491711
0.403289
0.472370
0.474335
0.471915
0.509956
0.542574
0.496273
0.542822
0.493329
0.528858
0.516001
0.517402
0.527168
0.503241
0.469880
0.458451
0.392287
0.430967
0.370107
0.352440
0.382005
0.401074
0.281801
0.272422
0.316230
0.296989
0.239494
0.270005
0.229518
0.233134
0.266660
0.260286
0.231007
0.242461
0.265754
0.199822
0.316028
0.260667
0.189949
0.186301
0.279870
0.297053
0.296345
0.278081
0.267794
0.308512
0.298429
0.339429
0.296086
0.272376
0.269597
0.224018
0.278113
0.293053
0.246919
0.251478
0.257834
0.260504
0.263635
0.264099
0.244013
0.270249
0.210772
0.260598
0.207802
0.220184
0.237610
0.217934
0.236942
0.273780
0.235532
0.258419
0.276815
0.270827
0.259484
0.243491
0.205516
0.214902
0.200919
0.210517
0.151477
0.186393
0.130082
0.148174
0.202126
0.165167
0.113959
0.124362
0.135050
0.164173
0.171871
0.126409
0.150963
0.121076
0.137970
0.138579
0.096310
0.103532
0.104507
0.106371
0.085945
0.097921
0.035429
0.068967
0.060694
0.107339
0.073672
0.058909
0.071953
0.067119
0.049528
0.046872
0.081900
0.056685
0.084980
0.066650
0.074942
0.054423
0.060311
0.036615
0.083821
0.095436
0.075353
0.019800
0.078619
0.060422
0.053156
0.084031
0.049573
0.033955
0.072371
0.044601
0.117711
0.088535
0.074827
0.035355
0.114688
0.129166
0.138886
0.127388
0.121569
0.107823
0.160971
0.190754
0.211870
0.197972
0.182321
0.166936
0.215750
0.192056
0.173672
0.184813
0.200655
0.225742
0.222674
0.192635
0.199605
0.199653
0.175255
0.195520
0.189504
0.200445
0.154622
0.187839
0.221902
0.214135
0.213611
0.231784
0.219861
0.196337
0.243493
0.252063
0.221587
0.251969
0.209683
0.278128
0.226928
0.249975
0.242509
0.229692
0.367759
0.253753
0.273780
0.260718
0.308826
0.335086
0.351098
0.321680
0.378803
0.348227
0.390260
0.412552
0.342820
0.359080
0.390070
0.387057
0.394037
0.467318
0.387278
0.437070
0.493686
0.495096
0.463849
0.513885
0.529241
0.491084
0.506287
0.533275
0.505481
0.529404
0.521138
0.541599
0.641392
0.613202
0.611887
0.626915
0.653257
0.689081
0.610605
0.618567
0.639126
0.633236
0.668685
0.687128
0.649809
0.644347
0.671319
0.677608
0.725537
0.730842
0.712743
0.721975
0.769023
0.808103
0.801693
0.777303
0.802890
0.816363
0.835742
0.825265
0.838413
0.855071
0.845960
0.838900
0.861268
0.844963
0.857650
0.873769
0.925815
0.895481
0.925944
0.907676
0.915564
0.926194
0.935431
0.933846
0.918067
0.934414
0.931655
0.939147
0.945440
0.949740
0.942715
0.943994
0.957914
0.946460
0.949533
0.948606
0.938060
0.938632
0.945280
0.928544
0.938371
0.934747
0.928736
0.923135
0.929820
0.902956
0.919510
0.923493
0.936774
0.936331
0.926662
0.926250
0.922429
0.927864
0.942603
0.929080
0.923654
0.907303
0.913275
0.928160
0.919816
0.925106
0.899898
0.907614
0.936043
0.934769
0.942003
0.932805
0.948850
0.945657
0.952509
0.946956
0.948309
0.946632
0.954177
0.965077
0.964492
0.963831
0.965337
0.968924
0.975674
0.974931
0.976013
0.974416
0.972992
0.968266
0.979054
0.974837
0.968625
0.968719
0.963193
0.969708
0.965370
0.966581
0.964201
0.970824
0.969642
0.968283
0.967965
0.963371
0.961243
0.964316
0.958884
0.954855
0.948220
0.935799
0.948408
0.932051
0.945816
0.936442
0.910356
0.924238
0.934036
0.932456
0.942316
0.941711
0.925111
0.928845
0.949206
0.937198
0.945004
0.934183
0.937552
0.939988
0.936752
0.947901
0.946256
0.958552
0.950993
0.953318
0.940724
0.954633
0.948260
0.927028
0.956636
0.936105
0.942505
0.931172
0.944586
0.937675
0.943072
0.943605
0.933383
0.943018
0.944276
0.945969
0.938279
0.932328
0.930320
0.929698
0.933149
0.922346
0.922743
0.913232
0.914598
0.912891
0.916600
0.914997
0.881468
0.900689
0.919739
0.921892
0.932882
0.930510
0.924383
0.930329
0.943629
0.941252
0.921217
0.930297
0.905134
0.908863
0.914464
0.901326
0.894826
0.903610
0.917425
0.931106
0.918677
0.928280
0.920951
0.925199
0.938264
0.927540
0.929081
0.919340
0.930467
0.932248
0.946317
0.922300
0.947632
0.946235
0.953476
0.951386
0.961947
0.956975
0.955441
0.955105
0.965213
0.962179
0.949494
0.953611
0.946809
0.953758
0.953345
0.949470
0.946308
0.956201
0.961150
0.969438
0.959963
0.955816
0.949269
0.952151
0.963559
0.960370
0.970855
0.958102
0.959090
0.963312
0.968636
0.957884
0.968506
0.967050
0.972565
0.970401
0.963866
0.960777
0.966105
0.957642
0.966661
0.957029
0.953205
0.948721
0.947215
0.940214
0.947078
0.938056
0.934105
0.935265
0.950230
0.945058
0.935782
0.933165
0.932185
0.928545
0.939788
0.944229
0.913184
0.921660
0.923930
0.931668
0.909269
0.925124
0.900248
0.918204
0.931479
0.934758
0.926430
0.928474
0.915914
0.918231
0.941441
0.925969
0.927906
0.919530
0.923204
0.930903
0.922681
0.922818
0.914082
0.936511
0.937602
0.944820
0.942895
0.944973
0.941052
0.931236
0.948096
0.942992
0.916835
0.931383
0.913205
0.915644
0.933045
0.931313
0.923289
0.918157
0.951397
0.937079
0.942450
0.944926
0.936182
0.950941
0.945986
0.949172
0.931199
0.940027
0.953410
0.950086
0.954185
0.944268
0.948601
0.949266
0.960712
0.957498
0.950990
0.950034
0.947120
0.941834
0.957121
0.947740
0.945651
0.946568
0.934718
0.941172
0.940624
0.938858
0.932345
0.936588
0.937425
0.922734
0.942595
0.937244
0.939839
0.937014
0.941792
0.940408
0.927554
0.928556
0.926941
0.934201
0.926502
0.924467
0.913816
0.923120
0.933937
0.917342
0.912022
0.909332
0.906591
0.904264
0.902075
0.887964
0.867141
0.876423
0.866686
0.859105
0.881384
0.881011
0.846544
0.842994
0.874933
0.867887
0.865701
0.846869
0.854665
0.866355
0.860051
0.855949
0.838889
0.827821
0.841230
0.829609
0.851908
0.832550
0.805930
0.823495
0.769995
0.784643
0.744973
0.736644
0.710497
0.722414
0.675932
0.640680
0.576693
0.598766
0.522828
0.538095
0.573196
0.549532
0.378711
0.393743
0.342527
0.441192
0.378063
0.378290
0.376426
0.323464
0.295322
0.314899
0.260610
0.275915
0.186710
0.197605
0.282275
0.252207
0.167914
0.166485
0.223551
0.158417
0.197462
0.143408
0.160774
0.152394
0.165900
0.175820
0.143521
0.160659
0.080329
0.088948
0.148951
0.106769
0.059163
0.037225
0.098909
0.109796
0.084413
0.052272
0.083676
0.081960
0.059704
0.088609
0.074876
0.058920
0.082430
0.075503
0.060464
0.057029
0.074476
0.045643
0.077148
0.081677
0.068420
0.088491
0.079673
0.114147
0.056612
0.061894
0.130770
0.116796
0.033324
0.061950
0.061357
0.087534
0.073531
0.029541
0.095335
0.078899
0.087646
0.056925
0.051374
0.062155
0.030372
0.059322
0.055811
0.053236
0.016793
0.052022
0.081618
0.071134
0.030210
0.027880
0.038893
0.074862
0.054097
0.047185
0.037983
0.055742
0.006820
0.057396
0.083087
0.068977
0.014587
0.040566
0.065932
0.085395
0.046003
0.018074
0.049499
0.069449
0.062470
0.022020
0.060447
0.074704
0.033184
0.058078
0.067494
0.052236
0.067360
0.068425
0.044281
0.051141
0.084757
0.061776
0.044300
0.123189
0.058446
0.077753
0.056847
0.073462
0.038821
0.057693
0.061326
0.080225
0.041428
0.042219
0.065260
0.087301
0.033487
0.033749
0.058372
0.070726
0.047852
0.061039
0.051906
0.074651
0.051453
0.064807
0.055786
0.055278
0.062909
0.043866
0.095970
0.074176
0.087638
0.049981
0.067659
0.111503
0.113325
0.059760
0.115472
0.108623
0.106539
0.143205
0.091745
0.087082
0.070578
0.089736
0.083461
0.090450
0.068457
0.069519
0.075757
0.105328
0.111989
0.088992
0.098033
0.115059
0.090109
0.097848
0.131055
0.112786
0.124619
0.153942
0.126290
0.137587
0.176079
0.146595
0.167777
0.139645
0.085568
0.143036
0.059632
0.110378
0.119163
0.077896
0.201625
0.112496
0.062707
0.099232
0.081225
0.079971
0.049130
