0.118051
0.036664
0.058510
0.054826
0.001726
0.066209
0.093262
0.043239
0.102823
0.018326
0.063658
0.080607
0.073140
0.078797
0.112901
0.046498
0.052164
0.095871
0.106511
0.119477
0.087964
0.088441
0.087644
0.101711
0.097469
0.132396
0.081094
0.123474
0.087248
0.136807
0.127758
0.077966
0.075578
0.128398
0.168717
0.183578
0.171416
0.180362
0.216155
0.167053
0.219466
0.207927
0.227654
0.254852
0.251450
0.308182
0.358964
0.312488
0.327982
0.328792
0.366397
0.326288
0.367943
0.337723
0.326939
0.333421
0.392460
0.331607
0.301092
0.255474
0.256408
0.329138
0.316885
0.243657
0.242163
0.275296
0.245966
0.222389
0.213282
0.188575
0.209558
0.211032
0.231256
0.172683
0.161273
0.154227
0.147745
0.186766
0.163838
0.103245
0.079564
0.143256
0.160038
0.159174
0.174759
0.152974
0.181613
0.161028
0.203069
0.160408
0.194164
0.139305
0.194035
0.199452
0.202419
0.166892
0.166004
0.175003
0.222952
0.213199
0.189845
0.150518
0.196069
0.146035
0.187293
0.172168
0.190751
0.158714
0.139921
0.176753
0.172726
0.126444
0.125610
0.189175
0.169492
0.144893
0.144834
0.130085
0.122680
0.107968
0.097112
0.141923
0.115619
0.089649
0.077162
0.139200
0.107151
0.067185
0.042158
0.076007
0.121421
0.123320
0.132610
0.118480
0.107002
0.132514
0.118727
0.145047
0.142908
0.125539
0.146565
0.119604
0.125787
0.108598
0.059860
0.163867
0.156854
0.153627
0.137572
0.124194
0.145731
0.135000
0.194291
0.151957
0.147403
0.143159
0.124599
0.204485
0.147785
0.112789
0.142651
0.167776
0.141211
0.157112
0.108771
0.110330
0.105040
0.088716
0.101930
0.114562
0.085934
0.073265
0.073413
0.122458
0.110041
0.065651
0.062249
0.099643
0.100518
0.114881
0.109890
0.089447
0.069909
0.068350
0.100506
0.110405
0.120221
0.079522
0.087073
0.120514
0.090911
0.051172
0.038656
0.155081
0.140283
0.146665
0.141527
0.128967
0.132284
0.142604
0.173185
0.236843
0.253674
0.205974
0.241016
0.238765
0.302971
0.292082
0.337253
0.298038
0.290170
0.308849
0.309591
0.257309
0.262315
0.287292
0.253330
0.207170
0.236420
0.167179
0.208188
0.207065
0.190668
0.134101
0.100481
0.168796
0.172444
0.169020
0.147055
0.137796
0.132499
0.100002
0.114835
0.147335
0.079203
0.109354
0.095392
0.153773
0.119421
0.070316
0.041280
0.054274
0.094728
0.057346
0.098568
0.073948
0.096103
0.066267
0.113868
0.078995
0.081785
0.094176
0.080889
0.094327
0.084184
0.077552
0.062560
0.116434
0.109894
0.106322
0.069453
0.064405
0.069963
0.069931
0.082559
0.087483
0.077612
0.039375
0.079505
0.079215
0.075183
0.045139
0.012295
0.041480
0.083790
0.051353
0.050544
0.049088
0.078530
0.020072
0.058469
0.074667
0.072245
0.046590
0.046197
0.065108
0.078898
0.046807
0.043189
0.083948
0.112389
0.061296
0.068411
0.055846
0.047408
0.055920
0.050752
0.070338
0.069942
0.031330
0.055597
0.078636
0.058667
0.047836
0.037356
0.057396
0.087192
0.087530
0.074349
0.067832
0.094357
0.048605
0.078331
0.078721
0.093022
0.084667
0.098851
0.087995
0.086370
0.045166
0.046790
0.083566
0.094232
0.114114
0.048493
0.063185
0.080417
0.088190
0.111155
0.110361
0.101587
0.091095
0.082234
0.106988
0.094697
0.095563
0.070207
0.109256
0.141441
0.116467
0.089022
0.104848
0.111874
0.096548
0.095720
0.105451
0.096493
0.090453
0.108236
0.102998
0.126556
0.110320
0.085273
0.126683
0.132686
0.124610
0.123127
0.102733
0.132018
0.144459
0.153928
0.157170
0.149519
0.170978
0.181731
0.144265
0.227117
0.214632
0.201085
0.298571
0.272275
0.235234
0.254110
0.202278
0.186124
0.197497
0.189118
0.243313
0.236037
0.205193
0.170996
0.226607
0.264513
0.235106
0.257805
0.277208
0.294703
0.358838
0.272850
0.365353
0.343513
0.359334
0.370672
0.371020
0.358761
0.331471
0.348439
0.373088
0.370180
0.356076
0.386315
0.463190
0.537442
0.495090
0.531949
0.533894
0.514125
0.525106
0.562889
0.509097
0.596211
0.548405
0.545112
0.593911
0.601473
0.576624
0.575915
0.627825
0.649386
0.626503
0.628875
0.588866
0.573132
0.554536
0.593764
0.564896
0.572713
0.513677
0.506747
0.577056
0.607546
0.540992
0.609409
0.652650
0.629074
0.580956
0.591167
0.599293
0.578562
0.587909
0.547643
0.529915
0.594100
0.511307
0.579411
0.558333
0.610933
0.550133
0.591891
0.643986
0.627558
0.580246
0.586100
0.547218
0.555776
0.542330
0.541926
0.487516
0.562914
0.470617
0.441411
0.504813
0.550884
0.368198
0.438890
0.524376
0.532351
0.560799
0.565496
0.608372
0.597436
0.620275
0.581255
0.592829
0.608993
0.615391
0.642047
0.692956
0.724972
0.738234
0.756502
0.811106
0.815651
0.848298
0.852329
0.872517
0.866671
0.906057
0.885006
0.904541
0.902140
0.925210
0.920685
0.934236
0.920183
0.945944
0.949595
0.963077
0.961074
0.962012
0.959419
0.964625
0.969657
0.970756
0.967919
0.962724
0.964416
0.970057
0.976348
0.971447
0.972576
0.972263
0.977715
0.983696
0.979577
0.979766
0.980552
0.979170
0.976796
0.982385
0.978649
0.972907
0.975419
0.971690
0.972201
0.972810
0.966490
0.961367
0.965844
0.975593
0.973043
0.975205
0.974841
0.975787
0.972458
0.983747
0.978074
0.979654
0.978124
0.978899
0.980515
0.981684
0.975160
0.980063
0.983407
0.989317
0.987503
0.989897
0.989626
0.988806
0.987217
0.992275
0.990204
0.988414
0.989333
0.990595
0.990710
0.990870
0.985245
0.990716
0.990528
0.992624
0.992945
0.991284
0.991508
0.992785
0.988489
0.992504
0.990598
0.989383
0.987617
0.990098
0.988250
0.990286
0.988026
0.985294
0.988745
0.991947
0.990189
0.993105
0.992815
0.991475
0.990085
0.993389
0.991918
0.993110
0.991619
0.993286
0.994219
0.993353
0.993174
0.994156
0.994515
0.996412
0.996572
0.996463
0.996370
0.996511
0.995799
0.996981
0.996576
0.996638
0.995591
0.996944
0.996510
0.997030
0.996371
0.996654
0.997442
0.997580
0.997526
0.997248
0.997239
0.997455
0.996843
0.997774
0.997213
0.996208
0.996089
0.996939
0.996422
0.996724
0.996272
0.995817
0.995650
0.995451
0.994664
0.994776
0.994153
0.994352
0.993285
0.993500
0.993189
0.988718
0.986562
0.984255
0.987448
0.986492
0.983830
0.971845
0.977960
0.980673
0.979444
0.977797
0.976868
0.976674
0.975768
0.978670
0.975064
0.966793
0.969928
0.973198
0.971095
0.974856
0.972085
0.961292
0.966652
0.975142
0.968318
0.976439
0.974110
0.973002
0.974308
0.977597
0.970753
0.973004
0.973233
0.970205
0.972112
0.973631
0.966861
0.969590
0.963893
0.976678
0.972330
0.968253
0.964315
0.967003
0.961838
0.973116
0.962780
0.969115
0.956784
0.965277
0.960678
0.966483
0.962772
0.953421
0.955316
0.967608
0.964260
0.965232
0.969755
0.967024
0.966518
0.975569
0.967836
0.971821
0.969997
0.969980
0.970165
0.974189
0.962871
0.969089
0.966510
0.973656
0.967977
0.968563
0.962131
0.945703
0.953977
0.948301
0.941339
0.940817
0.932222
0.904162
0.908386
0.917414
0.916832
0.891588
0.907550
0.902882
0.894644
0.907182
0.885347
0.889082
0.893170
0.870667
0.871027
0.854754
0.844758
0.824761
0.830744
0.864367
0.885397
0.816361
0.820771
0.830095
0.862154
0.835337
0.837967
0.840230
0.830337
0.828996
0.824070
0.844134
0.869838
0.855096
0.853372
0.872024
0.832453
0.867172
0.878177
0.883775
0.884392
0.822823
0.856245
0.850059
0.810250
0.849482
0.832014
0.783712
0.829115
0.780382
0.768088
0.788476
0.768318
0.701329
0.716501
0.747335
0.760723
0.725487
0.733369
0.725246
0.737531
0.736775
0.737254
0.729157
0.720506
0.673489
0.670484
0.697663
0.696322
0.622308
0.685334
0.655405
0.682887
0.668284
0.663037
0.658565
0.703735
0.670961
0.673251
0.619067
0.647402
0.640123
0.637498
0.642904
0.707518
0.651802
0.710108
0.680440
0.720261
0.666463
0.654608
0.631856
0.606780
0.610436
0.573919
0.557864
0.587649
0.523558
0.516580
0.546582
0.566351
0.462550
0.496947
0.549929
0.489529
0.489628
0.478357
0.478564
0.501792
0.503130
0.501670
0.379676
0.437780
0.386931
0.416655
0.488800
0.489319
0.369669
0.404487
0.446866
0.436710
0.416845
0.434404
0.380559
0.383636
0.321324
0.381911
0.341966
0.368298
0.323258
0.387900
0.353353
0.417859
0.356337
0.417673
0.320003
0.380683
0.329951
0.332197
0.287023
0.298117
0.262882
0.251605
0.259023
0.244417
0.198076
0.184899
0.215173
0.250687
0.187488
0.172579
0.262095
0.250215
0.305198
0.280560
0.276846
0.262704
0.277106
0.268243
0.289957
0.309421
0.303723
0.314748
0.343242
0.343484
0.334567
0.349195
0.405293
0.389500
0.357620
0.375625
0.331797
0.395476
0.382065
0.436372
0.341024
0.372653
0.332345
0.327206
0.380011
0.432968
0.351246
0.385200
0.356809
0.395672
0.367334
0.327459
0.341037
0.390462
0.297976
0.315385
0.292441
0.323579
0.288821
0.348579
0.357749
0.384985
0.280889
0.301789
0.367509
0.346988
0.352697
0.364096
0.386747
0.401624
0.380369
0.461226
0.369288
0.431542
0.354359
0.369048
0.422707
0.475142
0.388083
0.389295
0.445416
0.455721
0.437397
0.427281
0.370289
0.385659
0.416678
0.425591
0.356562
0.421119
0.352391
0.357386
0.373576
0.355263
0.264911
0.255144
0.381291
0.392917
0.327303
0.311457
0.296635
0.323264
0.313258
0.344889
0.299380
0.263102
0.251355
0.229619
0.265704
0.281481
0.159597
0.179064
0.208658
0.162162
0.151537
0.120241
0.163820
0.119244
0.056071
0.080657
0.063727
0.059786
0.039953
0.094332
0.130908
0.071511
0.039924
0.052677
0.038469
0.094665
0.049209
0.067300
0.072527
0.074513
0.017917
0.061236
0.055278
0.090353
0.062283
0.044082
0.056286
0.064075
0.047534
0.039867
0.055224
0.063227
0.067844
0.039269
0.039223
0.053528
0.024316
0.048343
0.068620
0.068373
0.018095
0.047975
0.043627
0.048584
0.060075
0.034639
0.029913
0.061865
0.069772
0.032921
0.041944
0.055177
0.020045
0.025566
0.084801
0.048524
0.028772
0.078431
0.053921
0.059718
0.049804
