0.126644
0.038559
0.073847
0.072594
0.008819
0.077503
0.058119
0.024542
0.068723
0.030305
0.044366
0.021029
0.002689
0.037642
0.042558
0.012717
0.022711
0.019085
0.058453
0.026058
0.014734
0.050388
0.059108
0.017242
0.052752
0.033220
0.048677
0.077209
0.055209
0.048122
0.059236
0.035472
0.015759
0.056042
0.073362
0.070195
0.042892
0.067643
0.074624
0.045935
0.087275
0.076707
0.060011
0.051762
0.039564
0.126820
0.090662
0.081325
0.068367
0.087824
0.146038
0.151531
0.156475
0.089523
0.131280
0.158847
0.193811
0.151836
0.188091
0.152141
0.155875
0.164511
0.184171
0.139436
0.156730
0.159639
0.155355
0.139213
0.119407
0.105641
0.089166
0.051934
0.071221
0.116935
0.083967
0.071529
0.069790
0.040752
0.086752
0.048533
0.039628
0.077594
0.104892
0.040135
0.056237
0.032691
0.063466
0.023319
0.050875
0.047674
0.042977
0.045425
0.043877
0.067897
0.074075
0.028392
0.025274
0.054225
0.051096
0.054990
0.043573
0.050821
0.057974
0.038269
0.062241
0.051194
0.040071
0.032884
0.071904
0.054541
0.056611
0.067546
0.059760
0.067950
0.083515
0.092231
0.092632
0.014648
0.039745
0.054076
0.078174
0.077393
0.072601
0.038580
0.033393
0.090285
0.078192
0.032171
0.044112
0.040247
0.077037
0.032091
0.043374
0.036294
0.037529
0.003871
0.033547
0.050267
0.059416
-0.009609
0.047413
0.041551
0.059659
0.030803
0.019310
0.048795
0.059188
0.020872
0.023827
0.057344
0.059694
0.009801
0.045773
0.038563
0.061613
0.005826
0.051607
0.053732
0.046716
0.039698
0.023068
0.039753
0.055934
0.040823
0.042272
0.053445
0.065032
0.006564
0.063866
0.051343
0.046396
0.044959
0.048409
0.044189
0.066340
0.012136
0.014117
0.046062
0.069027
0.037560
0.034752
0.061908
0.063227
0.025761
0.035382
0.039014
0.047034
-0.001052
0.034928
0.050379
0.075808
0.015651
0.043558
0.015728
0.034958
0.028181
-0.002421
0.044117
0.058137
-0.012266
0.063891
0.044282
0.039641
0.034764
0.023833
0.046502
0.053053
0.032583
0.018907
0.043879
0.060641
0.026547
0.027385
0.035601
0.050002
0.015828
0.043470
0.047288
0.051766
0.018561
0.023874
0.034262
0.081558
0.018021
0.030102
0.047795
0.088972
0.051760
0.054311
0.037707
0.062634
0.059768
0.055580
0.040781
0.063209
0.036072
0.041949
0.074313
0.065726
0.062374
0.047917
0.086150
0.096958
0.118880
0.093062
0.103934
0.126699
0.088041
0.133077
0.146717
0.171993
0.176649
0.139665
0.181129
0.215392
0.205979
0.221632
0.256210
0.318388
0.333081
0.346759
0.303733
0.382029
0.338471
0.373243
0.333794
0.386055
0.338731
0.391059
0.425014
0.397313
0.449246
0.439783
0.431376
0.471388
0.370963
0.420351
0.341590
0.379140
0.356197
0.348570
0.345944
0.306678
0.300597
0.283075
0.381043
0.390281
0.303672
0.314700
0.320639
0.415734
0.426076
0.408446
0.411463
0.395978
0.425095
0.392698
0.442520
0.441200
0.370675
0.357115
0.430080
0.414661
0.401532
0.411233
0.424886
0.422468
0.412959
0.384181
0.404129
0.330750
0.423133
0.390231
0.330164
0.380317
0.334809
0.314805
0.374035
0.368337
0.313778
0.317609
0.294620
0.336022
0.343536
0.325207
0.267925
0.269967
0.263472
0.263758
0.253533
0.241810
0.176504
0.160908
0.188477
0.187249
0.077994
0.073587
0.101290
0.146956
0.123412
0.104388
0.111331
0.142268
0.125471
0.176088
0.174070
0.143097
0.135758
0.105558
0.180181
0.137270
0.120661
0.115826
0.129134
0.169780
0.188258
0.207279
0.188652
0.194109
0.167145
0.194753
0.177856
0.177972
0.182866
0.176447
0.241289
0.241551
0.222363
0.226055
0.337631
0.321809
0.345368
0.369796
0.373072
0.365371
0.386208
0.412474
0.385857
0.381080
0.409123
0.383147
0.420655
0.432803
0.433947
0.443108
0.554277
0.562571
0.530615
0.610212
0.549655
0.589390
0.607119
0.570412
0.618640
0.634221
0.607339
0.678452
0.665443
0.675552
0.734376
0.718794
0.775278
0.761312
0.720149
0.749274
0.694054
0.727739
0.743399
0.712346
0.719126
0.702526
0.668412
0.704387
0.703674
0.737730
0.690818
0.700999
0.777913
0.766054
0.752635
0.772889
0.716860
0.793322
0.785782
0.792819
0.781260
0.798443
0.776256
0.791470
0.785402
0.801027
0.791326
0.827319
0.829776
0.832196
0.839027
0.846482
0.833864
0.844191
0.858838
0.826453
0.848423
0.853393
0.846979
0.853476
0.873430
0.858909
0.882969
0.888433
0.914230
0.909852
0.925583
0.929564
0.930976
0.935491
0.952072
0.942833
0.942684
0.938274
0.947859
0.953172
0.951117
0.952633
0.953735
0.959641
0.972402
0.967712
0.973237
0.975262
0.968851
0.973557
0.979982
0.978321
0.973030
0.978613
0.972466
0.975729
0.982483
0.979345
0.979075
0.979638
0.985694
0.983355
0.987503
0.985626
0.984455
0.984819
0.987134
0.985163
0.983286
0.985926
0.981553
0.986178
0.984665
0.981354
0.984651
0.986096
0.985357
0.987567
0.987341
0.988999
0.985981
0.984832
0.990765
0.984926
0.985904
0.985160
0.985060
0.982894
0.983734
0.983270
0.980073
0.981759
0.983332
0.977221
0.982769
0.984317
0.980106
0.977154
0.981776
0.978049
0.974627
0.979467
0.969081
0.973434
0.969706
0.965687
0.968766
0.970463
0.973311
0.975827
0.970678
0.976266
0.979038
0.974811
0.982126
0.977730
0.973812
0.972926
0.977217
0.977406
0.983057
0.978325
0.976500
0.976797
0.979753
0.978070
0.978202
0.976893
0.975737
0.976963
0.980430
0.972524
0.974049
0.970644
0.970712
0.970465
0.968319
0.969140
0.956574
0.969459
0.970391
0.963037
0.967904
0.961392
0.951227
0.949080
0.949511
0.944484
0.936577
0.928174
0.919763
0.913129
0.911860
0.900818
0.884755
0.884193
0.887256
0.894034
0.876440
0.861361
0.859360
0.850362
0.850105
0.838553
0.822081
0.821870
0.809522
0.825270
0.830080
0.809500
0.785835
0.806858
0.808070
0.811565
0.774926
0.795669
0.753374
0.739755
0.778361
0.725199
0.708469
0.754892
0.696989
0.701651
0.704774
0.745142
0.664134
0.696337
0.745608
0.730962
0.746637
0.748677
0.713915
0.729420
0.739946
0.708701
0.715129
0.727339
0.630927
0.602228
0.671637
0.733491
0.561392
0.633434
0.593620
0.624025
0.581921
0.636145
0.610307
0.645509
0.595179
0.593093
0.559156
0.573214
0.496146
0.500383
0.559090
0.589006
0.434927
0.471207
0.475659
0.492121
0.459064
0.469830
0.401063
0.440456
0.441638
0.427079
0.437084
0.451438
0.378624
0.374952
0.438376
0.462946
0.345448
0.379548
0.450455
0.413398
0.425892
0.428697
0.410378
0.415924
0.404350
0.445241
0.401919
0.415996
0.376780
0.429094
0.423578
0.478747
0.394758
0.420562
0.480528
0.436035
0.473484
0.465601
0.440856
0.419337
0.473293
0.444330
0.461870
0.474940
0.410848
0.375423
0.490573
0.478841
0.415113
0.434016
0.489590
0.527148
0.542037
0.529702
0.539269
0.590001
0.537020
0.552556
0.547404
0.556001
0.503352
0.536352
0.528258
0.582507
0.521736
0.590851
0.551459
0.592919
0.613870
0.588512
0.601270
0.617489
0.620377
0.618629
0.519186
0.608333
0.560009
0.587584
0.618823
0.645178
0.566452
0.606973
0.626682
0.657855
0.623181
0.650003
0.656088
0.671958
0.663638
0.648415
0.598680
0.659813
0.657915
0.644549
0.669571
0.659510
0.630535
0.701644
0.691269
0.706607
0.720802
0.725241
0.696653
0.692382
0.726789
0.689466
0.702397
0.708127
0.708409
0.674123
0.744136
0.744341
0.708971
0.756656
0.778868
0.766466
0.783008
0.786862
0.743054
0.793077
0.774640
0.771600
0.765710
0.772433
0.729093
0.740915
0.756350
0.775061
0.728210
0.782146
0.787560
0.770580
0.802507
0.800608
0.771809
0.797161
0.775772
0.803264
0.760557
0.803539
0.774262
0.802867
0.802578
0.808432
0.772651
0.816008
0.825037
0.826042
0.788414
0.799424
0.774171
0.770576
0.760236
0.751639
0.740288
0.743167
0.663478
0.683380
0.703361
0.716203
0.662579
0.700749
0.694085
0.702464
0.669202
0.679976
0.664151
0.692470
0.670099
0.693719
0.654351
0.670574
0.597995
0.619383
0.658508
0.672146
0.621238
0.620375
0.654005
0.653470
0.617788
0.636053
0.626619
0.602049
0.596656
0.564616
0.592467
0.600701
0.529335
0.514548
0.553071
0.557884
0.481560
0.517563
0.525143
0.492970
0.488673
0.459126
0.408605
0.437765
0.399002
0.454766
0.376298
0.403529
0.307670
0.299590
0.345036
0.368434
0.244842
0.262343
0.311264
0.328815
0.306457
0.295058
0.216432
0.301007
0.252868
0.272283
0.320097
0.286540
0.291763
0.294087
0.299644
0.354817
0.357112
0.387819
0.328648
0.309452
0.319994
0.333432
0.238474
0.267915
0.241372
0.249570
0.238635
0.239556
0.184279
0.155848
0.139694
0.171281
0.082795
0.052392
0.119087
0.086630
0.105038
0.076662
0.085726
0.071508
0.041646
0.079613
0.083266
0.077605
0.050205
0.060587
0.078780
0.081974
0.049996
0.022945
0.061578
0.058096
0.062069
0.052484
0.037115
0.080099
0.017249
0.049990
0.054391
0.048705
0.018831
0.045273
0.065126
0.045063
0.038391
0.034560
0.023013
0.080191
0.035539
0.052775
0.031524
0.072799
0.054050
0.070766
0.061174
0.055610
0.028849
0.046661
0.068362
0.079648
0.039200
0.024289
0.043683
0.052433
0.077350
0.055089
0.038479
0.071434
0.025763
0.044158
0.080747
0.041809
0.021008
0.026330
0.036211
0.056422
0.025161
0.021260
0.042193
0.052059
0.043574
0.045578
0.021541
0.034277
-0.012363
0.054923
0.035494
0.042551
0.007091
0.003225
0.020693
0.024637
0.063661
0.011114
0.024101
0.052741
0.011136
0.019424
0.034606
0.062197
-0.008831
0.053604
0.032047
0.032207
0.000473
0.011923
0.063570
0.049246
0.058061
0.036062
0.033960
0.057052
0.031699
0.012119
0.028857
0.025766
0.015410
0.040550
0.049189
0.054107
0.019265
0.017284
0.053581
0.039910
0.036861
0.026649
0.033633
0.053155
0.032913
0.042959
0.049557
0.049870
0.019619
0.042476
0.061167
0.069440
0.023133
0.058976
0.065625
0.069839
0.065097
0.053636
0.023679
0.066450
0.057407
0.067770
0.048941
0.076824
0.061173
0.072048
0.109747
0.057309
0.033406
0.043946
0.058054
0.056434
0.059084
