0.112030
0.035375
0.067654
0.054410
-0.001236
0.083708
0.089362
0.041252
0.074867
0.056100
0.034712
0.048072
0.051503
0.070953
0.061458
0.045274
0.037080
0.076285
0.107352
0.117450
0.087668
0.088775
0.105098
0.090009
0.140358
0.145048
0.152277
0.120053
0.106434
0.155150
0.188706
0.171219
0.176384
0.247353
0.250767
0.218178
0.196540
0.171229
0.153186
0.194396
0.174411
0.232581
0.198572
0.134698
0.169855
0.151693
0.191203
0.152379
0.130595
0.146040
0.183566
0.129488
0.149992
0.129036
0.115406
0.161260
0.172514
0.169013
0.144865
0.139221
0.127559
0.144998
0.144852
0.084501
0.070054
0.085758
0.132948
0.111970
0.097266
0.084905
0.085664
0.076544
0.058881
0.121923
0.111100
0.044339
0.063179
0.077998
0.058582
0.048078
0.031523
0.084761
0.097604
0.072613
0.052184
0.044744
0.083786
0.041730
0.060713
0.062638
0.067146
0.055699
0.029893
0.060797
0.055775
0.029371
0.029356
0.058724
0.049134
0.046255
0.038657
0.058626
0.068131
0.025366
0.051719
0.055817
0.048333
0.024170
0.061552
0.046237
0.068989
0.055790
0.031744
0.031902
0.071778
0.064566
0.028345
0.048557
0.042808
0.044628
0.066794
0.046545
0.061255
0.046713
0.046126
0.078412
0.063398
0.052772
0.021115
0.036540
0.049716
0.070706
0.019409
0.064680
0.057942
0.021168
0.047600
0.051619
0.041584
0.007152
0.026477
0.055494
0.054482
0.043314
0.024415
0.033611
0.070409
0.033164
0.018236
0.014267
0.057717
0.030096
0.057003
0.047040
0.042925
-0.014259
0.034402
0.053515
0.076435
0.031390
0.034982
0.024482
0.076147
0.036395
0.037363
0.010193
0.057894
0.028608
0.059050
0.050847
0.048735
-0.005017
0.040074
0.049789
0.061684
0.033362
0.025627
0.038639
0.060598
0.060301
0.059563
0.037133
0.079421
0.025786
0.044543
0.057834
0.072522
0.040171
0.045631
0.081255
0.071756
0.056984
0.047042
0.058496
0.073827
0.051250
0.039133
0.058936
0.059155
0.018133
0.058113
0.046073
0.070914
0.022085
0.055317
0.088243
0.083888
0.035385
0.038188
0.031760
0.071382
0.055875
0.032071
0.056905
0.068395
0.032328
0.088119
0.042461
0.061264
0.010653
0.040944
0.060544
0.063235
0.022775
0.023194
0.068580
0.048353
0.044815
0.029624
0.035555
0.045444
0.038881
0.074785
0.056207
0.035151
0.009005
0.047959
0.067907
0.081435
0.060367
0.038172
0.082105
0.151911
0.078641
0.106146
0.085752
0.094329
0.097682
0.115124
0.140170
0.113847
0.137748
0.194201
0.141319
0.203847
0.202457
0.221033
0.150077
0.196353
0.134224
0.160918
0.115793
0.118055
0.082759
0.103675
0.125513
0.084159
0.064365
0.064046
0.043648
0.092368
0.061769
0.012823
0.058061
0.078189
0.025901
0.049236
0.065679
0.058328
0.045891
0.071278
0.085322
0.054942
0.013616
0.063134
0.128283
0.084903
0.041423
0.030176
0.057193
0.078002
0.070279
0.051179
0.037283
0.056582
0.020372
0.074627
0.053598
0.069995
0.046427
0.078109
0.098661
0.092817
0.045090
0.019360
0.083494
0.105469
0.103874
0.069139
0.078444
0.080818
0.078332
0.098324
0.092900
0.070879
0.083028
0.099975
0.136798
0.084765
0.049742
0.053912
0.123016
0.128220
0.099103
0.122223
0.102459
0.079854
0.077042
0.122998
0.088189
0.119539
0.053380
0.075574
0.129127
0.090703
0.071287
0.048083
0.069755
0.107028
0.074264
0.073054
0.079722
0.118034
0.061394
0.070511
0.061816
0.070504
0.038251
0.039217
0.082136
0.090149
0.022839
0.041044
0.050787
0.079960
0.056830
0.050236
0.066855
0.095565
0.031272
0.062773
0.044162
0.063127
0.034515
0.054471
0.103654
0.063676
0.060093
0.041612
0.038141
0.079086
0.086896
0.073321
0.096156
0.112412
0.089168
0.138976
0.091322
0.103232
0.116073
0.126025
0.148774
0.195428
0.197524
0.181112
0.222852
0.225473
0.203579
0.231018
0.213539
0.220782
0.199108
0.223650
0.153495
0.245971
0.226666
0.205406
0.223970
0.284629
0.200470
0.223493
0.204699
0.297189
0.253047
0.233384
0.253048
0.228069
0.198005
0.238279
0.235488
0.217146
0.202180
0.157569
0.232399
0.216608
0.137527
0.155508
0.181328
0.198232
0.200873
0.163658
0.198333
0.200605
0.177617
0.203207
0.159958
0.186526
0.209750
0.226102
0.264919
0.208904
0.203733
0.213805
0.277773
0.261517
0.267700
0.272629
0.268786
0.224149
0.278683
0.230506
0.285481
0.277415
0.190924
0.200082
0.272439
0.334604
0.252635
0.275721
0.323073
0.342353
0.354592
0.375659
0.354728
0.257510
0.365205
0.348376
0.346782
0.308487
0.339300
0.307347
0.371540
0.354521
0.317209
0.338134
0.401398
0.382031
0.404049
0.365712
0.419504
0.372829
0.428697
0.404307
0.362330
0.429365
0.378992
0.372826
0.436749
0.459968
0.409362
0.414298
0.494687
0.410742
0.431585
0.468377
0.448238
0.447549
0.392671
0.433273
0.339414
0.404737
0.354535
0.437542
0.468520
0.510096
0.409841
0.491478
0.518290
0.522433
0.536765
0.548872
0.557092
0.596561
0.544376
0.582128
0.544616
0.586870
0.537228
0.587115
0.554155
0.617343
0.539606
0.593362
0.651595
0.646904
0.648155
0.651259
0.654888
0.671277
0.667649
0.663449
0.657746
0.680306
0.674541
0.707113
0.684737
0.714309
0.711981
0.741090
0.774814
0.774292
0.720884
0.712606
0.695651
0.745882
0.701287
0.713330
0.686345
0.704588
0.670097
0.717728
0.703203
0.787815
0.709473
0.708297
0.756497
0.745126
0.763677
0.776712
0.736095
0.717614
0.737896
0.714755
0.701827
0.683974
0.612294
0.623087
0.670666
0.689374
0.618246
0.648379
0.655326
0.657623
0.630407
0.617559
0.584832
0.633294
0.616186
0.600148
0.579706
0.614209
0.563587
0.506718
0.607674
0.573080
0.552199
0.548002
0.689298
0.649423
0.717236
0.704837
0.714967
0.759054
0.746402
0.739563
0.759330
0.768115
0.764496
0.781189
0.753651
0.783585
0.774689
0.817451
0.845293
0.828199
0.855242
0.855716
0.857453
0.854507
0.866550
0.861493
0.874781
0.890558
0.875919
0.874983
0.901439
0.895112
0.922191
0.918622
0.936808
0.914613
0.931493
0.931051
0.918362
0.931914
0.933366
0.921892
0.929602
0.929089
0.921655
0.925122
0.932446
0.916450
0.916268
0.926886
0.945827
0.919877
0.929225
0.918779
0.902357
0.905190
0.907858
0.877864
0.888051
0.882168
0.860834
0.860743
0.841353
0.859992
0.812811
0.835100
0.882969
0.845523
0.853880
0.854006
0.861813
0.849919
0.866449
0.851506
0.867339
0.862266
0.859403
0.849335
0.870462
0.856584
0.862805
0.883047
0.900462
0.899523
0.883132
0.880024
0.865577
0.884067
0.880830
0.866602
0.892582
0.880243
0.895639
0.896620
0.909812
0.913566
0.921115
0.932676
0.927243
0.924458
0.920787
0.919021
0.920814
0.915669
0.927575
0.924290
0.904888
0.910410
0.910805
0.898419
0.909606
0.898256
0.857018
0.894309
0.903349
0.897858
0.913113
0.913235
0.884236
0.904840
0.909479
0.902413
0.884400
0.896805
0.890520
0.896915
0.911243
0.889029
0.881473
0.903613
0.915047
0.892370
0.892524
0.901589
0.885189
0.900368
0.902327
0.895618
0.871834
0.880481
0.869930
0.866520
0.890725
0.878215
0.854790
0.851194
0.875439
0.858039
0.861917
0.835588
0.843468
0.834648
0.816985
0.802019
0.793079
0.804946
0.752225
0.785429
0.778189
0.779778
0.744721
0.772963
0.801045
0.793881
0.792347
0.774538
0.801693
0.772368
0.807656
0.788289
0.782389
0.789879
0.769265
0.764521
0.770331
0.790968
0.778436
0.826930
0.804729
0.817282
0.783195
0.780306
0.777569
0.761362
0.767901
0.747897
0.729429
0.740957
0.712730
0.703250
0.734374
0.739586
0.681360
0.717669
0.696970
0.695607
0.683783
0.660239
0.657585
0.674336
0.618168
0.590388
0.617917
0.597849
0.586702
0.542942
0.617704
0.624996
0.529452
0.552745
0.613197
0.573264
0.575889
0.538921
0.531910
0.568822
0.531893
0.529979
0.520182
0.531716
0.462610
0.508990
0.502465
0.530216
0.478473
0.522261
0.470312
0.526224
0.494857
0.513210
0.469790
0.486871
0.431893
0.479047
0.465512
0.446051
0.432896
0.426034
0.449234
0.517771
0.358900
0.425869
0.499577
0.442761
0.450044
0.454290
0.412081
0.432687
0.423886
0.428783
0.448407
0.474758
0.377312
0.366026
0.434357
0.455058
0.391805
0.423565
0.396971
0.411679
0.404953
0.359488
0.390990
0.395571
0.390264
0.389050
0.289958
0.350571
0.355375
0.277220
0.379456
0.397498
0.282215
0.337229
0.324435
0.374653
0.357618
0.355480
0.340890
0.299703
0.321968
0.301349
0.303084
0.329050
0.229102
0.242573
0.315774
0.309044
0.223844
0.227208
0.265342
0.273387
0.244517
0.268786
0.203998
0.275066
0.242523
0.274617
0.247779
0.236498
0.225938
0.169923
0.237191
0.218774
0.171664
0.206619
0.186790
0.172200
0.192729
0.153899
0.145319
0.153065
0.125016
0.136200
0.106332
0.135821
0.073107
0.107082
0.145116
0.128422
0.108492
0.060058
0.121240
0.144178
0.140047
0.140475
0.158677
0.117588
0.162955
0.159790
0.172638
0.185155
0.121764
0.101943
0.098441
0.103488
0.087469
0.069376
0.141791
0.106917
0.116488
0.154306
0.132929
0.102088
0.099697
0.125437
0.131665
0.120005
0.121209
0.149643
0.112014
0.149473
0.159835
0.158811
0.151222
0.200697
0.165332
0.190771
0.179353
0.213936
0.160967
0.194110
0.176873
0.150214
0.137973
0.147261
0.158083
0.181460
0.115857
0.118064
0.135365
0.125096
0.177657
0.119714
0.133382
0.126178
0.134339
0.147909
0.146834
0.123443
0.103774
0.064254
0.095073
0.111014
0.077171
0.090000
0.104728
0.138266
0.117589
0.138526
0.107840
0.122359
0.133682
0.149229
0.202521
0.161985
0.146907
0.171662
0.252875
0.222177
0.222617
0.212684
0.294574
0.310283
0.299452
0.297937
0.292622
0.291873
0.252280
0.343179
0.256740
0.331444
0.251772
0.229619
0.352818
0.293035
0.244869
0.230321
0.258890
0.290559
0.239507
0.225469
0.220009
0.241712
0.178345
0.226556
0.169953
0.197549
0.128366
0.211482
0.182991
0.276505
0.184354
0.180874
0.187316
0.177446
0.152657
0.190170
0.093626
0.113671
0.120646
0.114668
0.174334
0.132652
0.069785
0.069315
0.076189
0.079458
0.056648
