0.122790
0.048851
0.061209
0.069940
-0.003075
0.077716
0.069522
0.004257
0.079785
0.040813
0.043416
0.038842
0.027134
0.016877
0.029461
0.028474
0.012300
0.022498
0.058805
0.016963
0.018558
0.028587
0.050089
0.024649
0.044835
0.037566
0.054590
0.026216
0.016630
0.048134
0.062810
0.034432
0.016517
0.031961
0.059421
0.036198
0.034830
0.038237
0.047084
-0.002884
0.026336
0.047880
0.036832
0.005764
0.025926
0.041210
0.074365
0.048526
0.031725
0.043887
0.069401
0.032515
0.047989
0.070983
0.076048
0.042585
0.043648
0.055246
0.066309
0.042583
0.064971
0.048440
0.067813
0.003891
0.026708
0.080725
0.082536
0.050670
0.049960
0.060463
0.057753
0.048840
0.045878
0.060012
0.064111
0.067206
0.057479
0.087810
0.058634
0.044545
0.038737
0.052112
0.056772
0.057316
0.058242
0.068525
0.088144
0.006478
0.040586
0.044773
0.068863
0.044737
0.054903
0.058591
0.054637
0.037603
0.016631
0.051471
0.057202
0.031833
0.057047
0.030117
0.057205
0.021537
0.042969
0.045584
0.052734
0.027330
0.042059
0.088914
0.078696
0.049065
0.047434
0.051490
0.080857
0.052627
0.058903
0.064971
0.087655
0.049300
0.052219
0.096548
0.085045
0.068589
0.058776
0.049890
0.082278
0.046288
0.039718
0.061549
0.082817
0.062722
0.071018
0.037767
0.051754
0.069833
0.060563
0.097643
0.068284
0.042964
0.055143
0.051238
0.079436
0.050193
0.042276
0.042455
0.084436
0.056371
0.060723
0.051442
0.064521
0.040549
0.037754
0.061951
0.075331
0.036809
0.054543
0.068152
0.068386
0.039525
0.040267
0.048497
0.072036
0.061545
0.051146
0.066092
0.070144
0.027050
0.052739
0.060679
0.063418
0.023112
0.032804
0.055231
0.054600
0.031259
0.022147
0.043753
0.060538
0.025525
0.055238
0.030966
0.053087
0.032322
0.047756
0.067114
0.052617
0.034428
0.029512
0.050389
0.068863
0.040741
0.043338
0.045210
0.055068
0.044371
0.048617
0.037529
0.069775
0.014167
0.046967
0.031403
0.048182
0.014099
0.038601
0.044657
0.045890
0.035024
0.014865
0.043076
0.072269
0.006385
0.024078
0.021397
0.039979
0.003225
0.032751
0.025646
0.041554
0.014337
0.011650
0.028957
0.052096
0.033166
0.016291
0.008077
0.048372
0.024350
0.000324
0.043930
0.046388
-0.005900
0.040093
0.036247
0.038540
0.008534
-0.001250
0.029822
0.058214
0.032940
0.028408
0.031731
0.059951
0.007483
0.018955
0.016905
0.053133
0.016461
0.040871
0.034223
0.046966
0.041628
0.021461
0.026793
0.057342
0.028977
0.020538
0.026283
0.046943
0.034542
0.039218
0.025473
0.058818
0.002540
0.043873
0.037152
0.036245
0.011301
0.033275
0.045628
0.056552
0.046280
0.018692
0.018973
0.060996
0.041827
0.015481
0.009063
0.046665
0.003059
0.045318
0.032744
0.018836
0.020181
0.015865
0.025681
0.067121
0.012825
0.024749
0.020803
0.051934
0.030251
0.005814
0.035725
0.028495
0.010260
0.036914
0.034764
0.031487
0.002052
0.040295
0.032727
0.042848
0.016070
0.018629
0.054544
0.065108
0.038313
0.033165
0.045544
0.036837
0.010739
0.036885
0.047745
0.058042
0.028557
0.026669
0.033870
0.055558
0.030424
0.017111
0.044865
0.056658
0.029971
0.020438
0.013029
0.035685
0.028577
0.044298
0.044528
0.039667
-0.015520
0.029697
0.028495
0.053021
0.031703
0.019172
0.018113
0.049787
0.024727
0.020739
0.050537
0.050140
0.011586
0.052053
0.030433
0.037113
0.025612
0.022807
0.044815
0.043461
0.011468
0.027130
0.026569
0.053148
0.054901
0.017989
0.047706
0.057492
0.014508
0.061370
0.050769
0.045244
0.021808
0.035441
0.030494
0.053402
0.025978
0.025940
0.035261
0.051404
0.022020
0.040262
0.036733
0.046069
0.027687
0.060859
0.043226
0.044746
0.026347
0.029601
0.031959
0.081558
0.025909
0.028690
0.027442
0.059969
0.046145
0.031671
0.032335
0.054871
0.020147
0.055231
0.041145
0.034581
0.038900
0.038241
0.054045
0.054655
0.020633
0.029127
0.027810
0.059052
0.033452
0.015456
0.021275
0.048267
0.026394
0.061665
0.048397
0.050686
0.029204
0.023930
0.065206
0.057675
0.048468
0.033744
0.022957
0.076566
0.050808
0.044648
0.072624
0.074134
0.051639
0.080158
0.050911
0.055800
0.078651
0.049547
0.106322
0.073028
0.055795
0.045704
0.065606
0.105746
0.078608
0.088759
0.093642
0.104428
0.037869
0.060009
0.078020
0.081493
0.042568
0.042484
0.062974
0.093584
0.030686
0.024486
0.046487
0.058639
0.060027
0.066823
0.048474
0.061492
0.022005
0.042727
0.085586
0.064987
0.017364
0.040374
0.048808
0.053667
0.036311
0.014925
0.033909
0.071010
0.031930
0.041021
0.061052
0.045466
0.028801
0.057526
0.044543
0.059712
0.036852
0.049697
0.036595
0.040716
0.037860
0.013623
0.037965
0.076937
0.019021
0.014176
0.043377
0.042581
0.013493
0.040927
0.051049
0.041551
0.013502
0.046505
0.041549
0.051714
0.050956
0.036709
0.054241
0.067408
0.030575
0.059664
0.053434
0.063337
0.013848
0.043121
0.061494
0.068544
0.040561
0.083150
0.033889
0.044655
0.063021
0.030159
0.059541
0.065926
0.043238
0.050131
0.025486
0.057582
0.028324
0.053293
0.053826
0.057179
0.008491
0.032608
0.044939
0.058063
0.051398
0.011955
0.017574
0.044392
0.044757
0.036015
0.043378
0.049504
0.028679
0.063405
0.027059
0.032310
0.002464
0.019351
0.019761
0.046761
0.026806
0.023901
0.019823
0.047264
0.019227
0.031501
0.009566
0.050407
0.017203
0.032060
0.039035
0.040415
0.008963
0.010560
0.023088
0.056483
0.027299
0.022060
0.021938
0.063157
0.032027
0.006315
0.037920
0.044165
-0.003407
0.031603
0.041649
0.037618
-0.010351
0.016210
0.020139
0.045436
0.019697
0.018575
0.021259
0.047106
0.036997
0.006927
0.041399
0.040677
0.011689
0.041829
0.034705
0.026791
-0.005074
0.009965
0.044989
0.064355
0.052081
0.037487
0.030250
0.070906
0.032615
0.052621
0.036047
0.054828
0.016777
0.051803
0.062755
0.047694
0.023230
0.045799
0.041842
0.063044
0.037579
0.037334
0.052082
0.061357
0.058729
0.064234
0.046329
0.074759
0.021355
0.055556
0.062462
0.061499
0.025392
0.065996
0.044416
0.075623
0.027516
0.023876
0.047132
0.061567
0.047150
0.045815
0.061860
0.070780
0.020717
0.049648
0.033910
0.042360
0.010676
0.058965
0.045743
0.049629
0.025069
0.021135
0.038099
0.052566
0.054107
0.040901
0.031346
0.032913
0.019426
0.036030
0.047657
0.062625
0.011865
0.040421
0.033500
0.056176
0.034117
0.015492
0.039778
0.046498
0.049420
0.013251
0.049804
0.037983
0.018534
0.042788
0.034067
0.029362
0.002749
0.038772
0.044204
0.062925
0.051151
0.023721
0.023413
0.064579
0.044789
0.017011
0.057319
0.050393
0.021903
0.063168
0.055273
0.057316
0.021958
0.044119
0.052701
0.061691
-0.005981
0.034757
0.041438
0.054773
0.048580
0.038868
0.048574
0.045866
0.015821
0.043785
0.059297
0.060696
0.010326
0.036415
0.053804
0.050096
0.033517
0.040603
0.048681
0.082684
0.052670
0.057608
0.034674
0.075271
0.049566
0.045756
0.057803
0.033242
0.019173
0.048054
0.027501
0.077735
0.051675
0.021564
0.024974
0.063360
0.028949
0.013003
0.041518
0.053891
0.022886
0.065234
0.047429
0.033005
0.026514
0.038364
0.064404
0.067459
0.020228
0.023003
0.054352
0.062520
0.033511
0.036815
0.018001
0.072352
-0.007439
0.044135
0.044016
0.050076
0.013963
0.033597
0.050090
0.060524
0.037938
0.035285
0.021129
0.072034
0.039707
0.029802
0.048518
0.082456
0.005223
0.042481
0.047034
0.049499
0.033801
0.033642
0.061908
0.054646
0.053934
0.036749
0.026042
0.065647
0.037692
0.051589
0.045165
0.044025
0.008498
0.047000
0.064368
0.059811
0.025663
0.055228
0.040053
0.075467
0.010694
0.038757
0.044539
0.069650
0.079272
0.054055
0.048914
0.053478
0.034626
0.056500
0.079055
0.077677
0.056189
0.040139
0.057406
0.075991
0.048401
0.013814
0.067445
0.067019
0.066276
0.088005
0.054532
0.062116
0.060373
0.069439
0.068826
0.067585
0.018792
0.047621
0.075040
0.084353
0.038279
0.053301
0.038665
0.096183
0.050907
0.066383
0.105447
0.099848
0.068819
0.061165
0.074854
0.085658
0.047734
0.075609
0.044029
0.045961
0.063162
0.050329
0.094192
0.112573
0.070715
0.051242
0.091666
0.091556
0.062259
0.070313
0.094139
0.084473
0.086931
0.082994
0.089944
0.071358
0.077302
0.050163
0.126040
0.133284
0.118954
0.138112
0.143498
0.144366
0.104238
0.124524
0.123870
0.127560
0.129536
0.156663
0.179309
0.166677
0.158468
0.185016
0.172044
0.184204
0.174570
0.190359
0.136115
0.150050
0.172427
0.179091
0.176798
0.172196
0.134810
0.163312
0.119273
0.192953
0.175085
0.188117
0.179624
0.182180
0.181299
0.185582
0.129143
0.131766
0.115950
0.106005
0.136304
0.136712
0.091481
0.095487
0.109237
0.123952
0.044344
0.049460
0.077505
0.114750
0.105228
0.085535
0.068938
0.074974
0.080534
0.086783
0.109992
0.084249
0.080822
0.093001
0.114352
0.103728
0.074090
0.064880
0.138136
0.118483
0.162028
0.133195
0.126088
0.128352
0.104174
0.137169
0.140921
0.146374
0.100366
0.091349
0.135479
0.121120
0.062117
0.054943
0.117227
0.117076
0.121813
0.099143
0.088834
0.103014
0.120244
0.131573
0.099454
0.104535
0.113659
0.075123
0.106328
0.104959
0.075680
0.055453
0.117245
0.103246
0.095102
0.106001
0.105089
0.097306
0.061748
0.086194
0.092756
0.096951
0.083588
0.082132
0.093026
0.084513
0.032170
0.044359
0.068107
0.087433
0.092161
0.103715
0.072673
0.082850
0.047294
0.066179
0.115480
0.097872
0.056403
0.068284
0.052438
0.078205
0.044938
0.066747
0.060761
0.116318
0.070632
0.074109
0.074467
0.065063
0.033623
0.052084
0.091791
0.075566
0.045377
0.067867
0.091525
0.061405
0.049533
0.020502
0.053678
0.071335
0.035736
0.061289
0.024787
0.061881
0.010861
0.044531
0.035054
0.043268
-0.000709
0.022289
0.025664
0.048818
0.054341
0.027775
0.039057
0.045503
0.035238
0.025451
0.038501
0.055802
-0.016444
0.048029
0.059091
0.043241
0.028794
0.035404
0.064987
0.057123
0.050977
