0.112191
0.057899
0.056058
0.061610
0.011964
0.070878
0.086325
0.039415
0.094039
0.027841
0.057623
0.048023
0.065672
0.060516
0.080255
0.045064
0.038119
0.044908
0.095981
0.059819
0.052927
0.066426
0.081258
0.052434
0.071893
0.077707
0.066462
0.045072
0.057609
0.088386
0.062279
0.056551
0.039943
0.088446
0.070664
0.054446
0.072321
0.046870
0.061009
0.027145
0.044156
0.036515
0.058314
0.034933
0.041610
0.050636
0.067935
0.023291
0.026558
0.031884
0.055271
0.024567
0.029114
0.058793
0.046821
0.028361
0.045992
0.029288
0.045690
0.012285
0.046459
0.041904
0.061329
0.041884
0.019797
0.023456
0.065543
0.012914
0.023238
0.012218
0.056386
-0.010401
0.037446
0.048316
0.035569
0.007643
0.018678
-0.000162
0.037811
0.045233
0.012328
0.022494
0.060444
-0.001984
0.008729
0.025065
0.049870
0.019315
0.040640
0.037890
0.043533
0.006013
0.002813
0.018534
0.048551
0.040508
0.007219
0.031074
0.053491
0.036366
0.003587
0.029607
0.053828
0.013127
0.034011
0.033306
0.024220
0.018815
0.021935
0.048487
0.057651
-0.004348
0.035060
0.054495
0.062962
0.047731
0.037188
0.049196
0.074630
0.015745
0.049048
0.059262
0.060143
0.048883
0.056232
0.028826
0.053643
0.049812
0.019305
0.033774
0.062882
0.028327
0.042201
0.068989
0.066217
-0.004292
0.048358
0.042604
0.048969
0.034679
0.028503
0.032850
0.045985
0.032088
0.032058
0.026109
0.058396
0.028225
0.024793
0.042441
0.092051
-0.004420
0.052223
0.039948
0.026183
0.057411
0.047010
0.034594
0.046336
0.036054
0.040361
0.038414
0.063661
0.012879
0.014528
0.033249
0.028293
0.017910
0.030083
0.045649
0.030935
-0.002295
0.011237
0.035408
0.038962
0.032895
0.017388
0.041111
0.046705
0.015573
0.018771
0.022883
0.062450
-0.002006
0.052704
0.047187
0.023737
0.001620
-0.000870
0.042853
0.047783
0.042237
0.014306
0.008658
0.041752
0.030314
0.001397
0.053193
0.037939
-0.008116
0.039021
0.032848
0.022379
0.010142
0.023598
0.034405
0.040108
0.020432
0.019193
0.021888
0.047478
0.030930
0.012851
0.039003
0.051125
0.002431
0.029452
0.040612
0.014990
0.019932
0.035512
0.021391
0.034892
0.037080
0.023128
0.036533
0.051866
0.027509
0.016836
0.027242
0.072619
0.037354
0.056518
0.051686
0.050956
0.013576
0.033694
0.050453
0.056072
0.050428
0.038951
0.041853
0.075260
0.034627
0.031757
0.033706
0.043535
0.024399
0.042728
0.078682
0.039879
0.017309
0.050397
0.043507
0.059905
0.038966
0.041554
0.016851
0.071951
0.071757
0.028172
0.050126
0.055296
0.026343
0.051963
0.035078
0.059578
0.034038
0.043998
0.031335
0.057263
0.035723
0.019485
0.027656
0.077063
0.034511
0.017951
0.036781
0.059315
0.049775
0.057720
0.040004
0.044462
0.042537
0.019396
0.041974
0.059522
0.018343
0.025877
0.043299
0.056562
0.058469
0.033698
0.057203
0.085790
0.014599
0.039423
0.061310
0.046594
0.020562
0.032944
0.077851
0.071189
0.050234
0.042064
0.028647
0.065595
0.033541
0.072167
0.036877
0.078368
0.022381
0.045079
0.040291
0.028334
0.015826
0.039376
0.032295
0.055654
0.045625
0.045657
0.030027
0.070246
0.018284
0.034825
0.044649
0.038965
0.000812
0.043461
0.055054
0.049427
0.017315
0.026931
0.028861
0.053036
0.019227
0.029652
0.011158
0.073743
0.048230
0.033355
0.048061
0.051600
0.022335
0.055326
0.033966
0.057021
0.016085
0.002879
0.039077
0.089298
0.037165
0.037691
0.034061
0.058085
0.044691
0.015720
0.012505
0.046906
0.001692
0.031287
0.060164
0.017086
0.030009
0.031264
0.022831
0.046431
0.028130
0.021033
0.024631
0.060845
0.013125
-0.003266
0.053083
0.058996
0.003579
0.032869
0.039906
0.050899
0.023171
0.039843
0.011095
0.046110
0.050808
0.027489
0.042948
0.071583
0.042811
0.056960
0.048752
0.070212
0.010639
0.054557
0.059526
0.043145
0.034733
0.010477
0.038704
0.065065
0.011529
0.013733
0.046311
0.037479
0.029805
0.006300
0.058653
0.057703
0.010695
0.051112
0.048896
0.043750
-0.010265
0.004761
0.034697
0.044461
0.043609
0.028757
0.003248
0.040307
0.034672
0.009366
0.024721
0.035432
-0.008681
0.042972
0.026056
0.010153
-0.008172
0.003690
0.028359
0.041388
0.040621
0.017346
0.012236
0.053887
0.012450
0.003082
0.032278
0.042509
-0.002447
0.055357
0.028975
0.013743
-0.001966
0.004618
0.047136
0.036380
0.019731
0.032460
0.017180
0.053912
0.026208
0.013507
0.014389
0.049117
0.013429
0.050073
0.034971
0.036714
0.012302
0.018544
0.049684
0.023678
0.038793
0.034546
0.011882
0.072597
0.021821
0.017689
0.041884
0.059427
0.037620
0.038160
0.045992
0.058427
0.033870
0.033687
0.058486
0.073908
0.040403
0.030179
0.065401
0.085794
0.064575
0.044314
0.081719
0.081617
0.081597
0.099430
0.084293
0.086086
0.077012
0.105158
0.135846
0.111183
0.084705
0.108296
0.140612
0.126934
0.135315
0.189079
0.092082
0.151267
0.135997
0.148945
0.176040
0.161380
0.158261
0.182199
0.214324
0.234150
0.232567
0.264912
0.228575
0.309230
0.279538
0.259788
0.256990
0.244184
0.284894
0.293722
0.265998
0.234637
0.251982
0.297704
0.324552
0.329887
0.305576
0.298224
0.262154
0.292030
0.315033
0.286140
0.251870
0.264952
0.209366
0.239754
0.274763
0.219067
0.177842
0.198290
0.218941
0.218278
0.158916
0.164839
0.201588
0.217953
0.221255
0.231330
0.156158
0.224344
0.215314
0.250786
0.207246
0.210089
0.189575
0.166706
0.218915
0.260861
0.187221
0.234669
0.218821
0.282861
0.268183
0.300232
0.260406
0.240603
0.258608
0.273065
0.295856
0.268429
0.147496
0.203942
0.209629
0.253351
0.202993
0.208726
0.257050
0.213052
0.203044
0.207469
0.172895
0.143513
0.184349
0.183787
0.220226
0.184800
0.154753
0.107031
0.175085
0.197146
0.150286
0.176402
0.180854
0.215838
0.227403
0.223437
0.180010
0.232258
0.200879
0.205709
0.201403
0.166652
0.182364
0.140848
0.184785
0.143588
0.139307
0.115905
0.174906
0.165359
0.170776
0.168431
0.149722
0.135060
0.087524
0.126507
0.151670
0.164606
0.134958
0.148754
0.138766
0.159711
0.152315
0.147793
0.206119
0.214210
0.206479
0.215818
0.242401
0.212252
0.279199
0.233317
0.290561
0.278010
0.244849
0.212162
0.287497
0.306824
0.275017
0.301653
0.301149
0.292941
0.320402
0.310568
0.268564
0.298629
0.273482
0.291322
0.282229
0.248436
0.261309
0.306854
0.290372
0.279364
0.286721
0.276712
0.270108
0.275180
0.271988
0.224726
0.269930
0.225523
0.242765
0.199750
0.213491
0.182187
0.176921
0.156186
0.183491
0.167133
0.048304
0.059200
0.106334
0.141104
0.153630
0.101652
0.103940
0.140448
0.127610
0.127842
0.120357
0.119157
0.094834
0.082712
0.145219
0.092372
0.074286
0.062984
0.112328
0.126054
0.135759
0.122810
0.130494
0.086240
0.102530
0.085359
0.168101
0.125297
0.122559
0.115763
0.137157
0.132579
0.121580
0.150445
0.125165
0.212696
0.126521
0.150871
0.097212
0.120765
0.074056
0.113390
0.102370
0.106559
0.113465
0.117060
0.086013
0.084041
0.088866
0.068447
0.100300
0.145310
0.135432
0.120812
0.101748
0.137973
0.158965
0.171412
0.099146
0.128998
0.094282
0.111024
0.192561
0.142610
0.099973
0.081363
0.087901
0.116067
0.150889
0.119947
0.127816
0.112643
0.115890
0.159918
0.139048
0.124655
0.113375
0.161585
0.149743
0.189353
0.131823
0.120494
0.182155
0.155307
0.195658
0.178156
0.171907
0.187346
0.175061
0.209657
0.204074
0.240407
0.188480
0.212532
0.234160
0.289724
0.257086
0.311930
0.329122
0.396561
0.285970
0.307028
0.332103
0.286652
0.323572
0.330156
0.288253
0.278230
0.253894
0.255657
0.321745
0.321605
0.295602
0.329817
0.288208
0.304858
0.328459
0.328851
0.301928
0.276320
0.276621
0.289408
0.252167
0.253489
0.173550
0.198606
0.237891
0.213750
0.113122
0.111525
0.238193
0.198391
0.232879
0.248867
0.213513
0.244257
0.249955
0.230659
0.238801
0.253984
0.278946
0.300737
0.305928
0.394087
0.290971
0.305824
0.368734
0.402877
0.415715
0.442263
0.456977
0.440235
0.495568
0.470683
0.423570
0.487165
0.436887
0.458807
0.516686
0.518601
0.537705
0.535474
0.555078
0.541066
0.523986
0.491316
0.456031
0.475139
0.449051
0.428770
0.428411
0.423449
0.319445
0.342024
0.406046
0.388733
0.302647
0.323367
0.312946
0.353480
0.378163
0.385449
0.362452
0.316489
0.369996
0.367848
0.375794
0.354242
0.292301
0.303542
0.384070
0.377986
0.309219
0.337043
0.389296
0.351494
0.320038
0.319811
0.327885
0.387925
0.333797
0.382692
0.306296
0.339874
0.320554
0.302680
0.403820
0.361081
0.319956
0.372460
0.363360
0.400423
0.415796
0.434749
0.421587
0.430990
0.369152
0.405064
0.406028
0.392510
0.373381
0.370856
0.377176
0.416638
0.382320
0.436796
0.352426
0.406742
0.359007
0.411203
0.317253
0.333605
0.299116
0.305538
0.274301
0.309190
0.185340
0.263760
0.242763
0.295972
0.180025
0.236869
0.191047
0.224234
0.210957
0.156808
0.121805
0.141764
0.127002
0.109554
0.152651
0.119945
0.061906
0.065593
0.102015
0.095597
0.063326
0.035091
0.043932
0.070145
0.026705
0.060546
0.016248
0.064901
-0.006870
0.038555
0.072903
0.051868
0.011852
0.046027
0.055351
0.049696
0.048878
0.025340
0.033496
0.073783
0.028141
0.023498
0.023448
0.082114
0.034174
0.056463
0.045906
0.039939
0.013256
0.054915
0.084417
0.084319
0.040293
0.036175
0.029156
0.074273
0.058134
0.040492
0.070533
0.051057
0.047888
0.053190
0.076470
0.065708
0.024327
0.023036
0.041216
0.054068
0.042252
0.015071
0.050777
0.062666
0.046771
0.066067
0.061424
0.070794
0.026181
0.073222
0.060498
0.074228
0.035428
0.058430
0.043629
0.053810
0.046021
0.014615
0.067743
0.089099
0.041806
0.067266
0.053027
0.072421
0.031641
0.070729
0.047016
0.074444
0.042435
0.056889
0.077186
0.073708
0.055315
0.043515
0.059850
0.073123
0.058286
0.073240
0.042395
0.077693
0.104047
0.081068
0.153586
0.083271
0.058406
0.055319
0.069687
0.055370
0.056433
