0.121726
0.061558
0.072548
0.058101
0.021743
0.076974
0.105861
0.041588
0.063446
0.037665
0.036909
0.051165
0.054076
0.063636
0.066717
0.035580
0.026455
0.059213
0.088110
0.085908
0.067051
0.097034
0.082884
0.068590
0.056296
0.108217
0.102684
0.080482
0.092337
0.097347
0.087613
0.097041
0.103306
0.148555
0.131641
0.124131
0.070276
0.126224
0.102899
0.069770
0.072640
0.140669
0.110084
0.070260
0.088120
0.066217
0.095473
0.051369
0.034862
0.074056
0.107604
0.084981
0.051999
0.093011
0.105821
0.111944
0.104533
0.097376
0.098871
0.065873
0.107489
0.150732
0.124387
0.090567
0.062552
0.089146
0.140807
0.133066
0.126555
0.128027
0.115878
0.139499
0.150631
0.165006
0.169280
0.141351
0.136241
0.167863
0.156414
0.204515
0.189204
0.247489
0.274207
0.240103
0.246273
0.207962
0.242362
0.212358
0.236827
0.240372
0.248882
0.182378
0.214658
0.265693
0.273947
0.232564
0.235936
0.342019
0.332996
0.355877
0.383150
0.377651
0.405522
0.412364
0.422672
0.371199
0.437683
0.407484
0.455817
0.452045
0.521630
0.410634
0.463298
0.522162
0.477300
0.506319
0.526313
0.509583
0.532126
0.524946
0.565214
0.511640
0.495920
0.492072
0.488420
0.574924
0.601482
0.550176
0.587906
0.552576
0.581409
0.554566
0.549892
0.495433
0.545801
0.486226
0.519929
0.422810
0.495869
0.442529
0.418380
0.510835
0.476496
0.388563
0.381304
0.381845
0.380864
0.386712
0.342595
0.303229
0.351943
0.305977
0.312166
0.279701
0.293284
0.255095
0.191368
0.269888
0.235391
0.142095
0.159204
0.185992
0.205887
0.241580
0.225287
0.226986
0.231761
0.207984
0.237428
0.200910
0.220412
0.230028
0.199990
0.216111
0.199940
0.228548
0.229975
0.276111
0.285366
0.292339
0.297859
0.277639
0.355821
0.349194
0.373710
0.272549
0.300099
0.307071
0.279689
0.355323
0.345362
0.286319
0.332600
0.312177
0.400325
0.377455
0.393959
0.364479
0.389720
0.336909
0.364245
0.349891
0.339587
0.334113
0.365603
0.372119
0.354474
0.356437
0.384885
0.387995
0.427864
0.359266
0.345336
0.365706
0.338908
0.316568
0.329858
0.332446
0.303266
0.294569
0.282295
0.332474
0.371481
0.227512
0.325929
0.298647
0.366341
0.335219
0.351056
0.333290
0.361653
0.323797
0.341513
0.311818
0.337523
0.285720
0.346498
0.354974
0.405567
0.292214
0.375039
0.321637
0.411289
0.365152
0.355803
0.344256
0.374922
0.373093
0.389317
0.352039
0.393587
0.378620
0.377249
0.438262
0.471761
0.425833
0.455892
0.464491
0.397532
0.385191
0.402812
0.393078
0.392588
0.396516
0.411284
0.335856
0.374456
0.273210
0.288909
0.321255
0.351514
0.174399
0.206087
0.270350
0.302257
0.329481
0.324850
0.342862
0.415803
0.401300
0.429908
0.364990
0.387726
0.408941
0.421286
0.472168
0.514003
0.473691
0.489933
0.512615
0.561244
0.601086
0.589911
0.601560
0.626261
0.600638
0.627839
0.601663
0.660178
0.626865
0.656645
0.701583
0.665905
0.654198
0.678834
0.704906
0.714370
0.688342
0.700541
0.662216
0.686089
0.692721
0.669560
0.646149
0.652757
0.610218
0.591769
0.638753
0.650906
0.525633
0.584097
0.573803
0.599441
0.564651
0.577196
0.561108
0.590238
0.537329
0.566728
0.456101
0.533229
0.505194
0.541673
0.547757
0.630725
0.487205
0.558372
0.569302
0.595997
0.594964
0.594718
0.610870
0.616552
0.627935
0.619479
0.628782
0.614037
0.622894
0.611270
0.655789
0.694402
0.610609
0.649564
0.688316
0.637558
0.628902
0.602781
0.616279
0.622552
0.627036
0.599853
0.593286
0.618140
0.536615
0.567182
0.587106
0.617528
0.537276
0.584674
0.660377
0.661722
0.670047
0.677267
0.696124
0.731506
0.703732
0.708973
0.704129
0.723101
0.695502
0.706129
0.738145
0.739922
0.734295
0.783591
0.813209
0.807449
0.804157
0.824579
0.803014
0.824428
0.811317
0.807120
0.807466
0.823797
0.834793
0.814904
0.844086
0.853615
0.852569
0.875356
0.866868
0.868030
0.840128
0.840329
0.829370
0.804096
0.839322
0.786498
0.793062
0.824489
0.783646
0.753277
0.786594
0.778688
0.727623
0.733225
0.801978
0.784901
0.804952
0.791721
0.809185
0.803747
0.783536
0.770858
0.764618
0.764416
0.742786
0.751253
0.773187
0.775022
0.717564
0.746217
0.801056
0.787031
0.763558
0.771553
0.766429
0.756575
0.786930
0.748059
0.752914
0.762729
0.733785
0.735170
0.732527
0.748635
0.734676
0.782628
0.806401
0.825635
0.811178
0.806977
0.804157
0.774922
0.790125
0.758242
0.803772
0.770012
0.776278
0.792397
0.804609
0.799665
0.822876
0.849440
0.845470
0.836934
0.804467
0.785997
0.809193
0.794822
0.778484
0.721980
0.761910
0.750746
0.735706
0.714860
0.769388
0.750609
0.695468
0.729588
0.699272
0.723518
0.666585
0.689668
0.654148
0.645842
0.627825
0.650463
0.574981
0.612972
0.544096
0.511811
0.569447
0.557202
0.508910
0.502509
0.508533
0.516783
0.492113
0.498052
0.529505
0.481691
0.523311
0.500354
0.440436
0.473843
0.497107
0.456212
0.569173
0.507097
0.480406
0.518666
0.588651
0.597034
0.561619
0.594231
0.582341
0.604927
0.630680
0.631833
0.587325
0.581617
0.593858
0.593202
0.590653
0.659779
0.564500
0.619359
0.599406
0.651164
0.625572
0.647828
0.581400
0.578399
0.548209
0.556255
0.596121
0.597515
0.569946
0.578053
0.607638
0.611137
0.627139
0.655129
0.712660
0.689324
0.674291
0.627597
0.625911
0.626380
0.608230
0.605905
0.561446
0.598052
0.498002
0.469230
0.478910
0.534094
0.367410
0.433161
0.467669
0.408562
0.388203
0.405720
0.358545
0.345823
0.315075
0.332738
0.319728
0.314655
0.255135
0.230343
0.278921
0.352550
0.217451
0.266999
0.324023
0.333369
0.324655
0.346478
0.336787
0.375147
0.347684
0.359205
0.370362
0.320203
0.367070
0.315709
0.387070
0.387244
0.317773
0.358713
0.424108
0.439923
0.457047
0.465414
0.445634
0.472830
0.452924
0.484531
0.413966
0.504916
0.449905
0.467521
0.504247
0.516693
0.501928
0.547204
0.558040
0.538710
0.568359
0.542046
0.566076
0.606592
0.563326
0.563445
0.510752
0.538455
0.528200
0.469542
0.560029
0.570454
0.533477
0.569243
0.563934
0.558803
0.544336
0.540016
0.553699
0.516072
0.529440
0.498998
0.468132
0.525554
0.518265
0.472710
0.561886
0.543067
0.542243
0.555509
0.552801
0.641850
0.573447
0.625949
0.624398
0.604519
0.667122
0.622356
0.576931
0.630402
0.610420
0.598232
0.674508
0.675440
0.562391
0.619060
0.661660
0.637457
0.697447
0.687164
0.666073
0.715975
0.697522
0.674161
0.714094
0.715350
0.692576
0.709392
0.728466
0.744675
0.716199
0.744746
0.775051
0.767819
0.769377
0.747658
0.753516
0.768987
0.748961
0.754846
0.688245
0.766348
0.730954
0.753208
0.773669
0.771119
0.742502
0.780310
0.799631
0.770918
0.743669
0.771357
0.722430
0.746412
0.786433
0.745326
0.778236
0.784935
0.769693
0.749108
0.791517
0.790760
0.778095
0.782399
0.828429
0.816517
0.819737
0.810482
0.822989
0.832907
0.838217
0.821628
0.808131
0.800870
0.774991
0.767276
0.795951
0.803274
0.724217
0.755708
0.834816
0.825479
0.841072
0.842692
0.861734
0.852379
0.866204
0.857513
0.861884
0.855851
0.874509
0.869019
0.888267
0.877917
0.880932
0.894855
0.909044
0.893265
0.899775
0.893004
0.877205
0.883408
0.880476
0.857782
0.870267
0.873721
0.845940
0.841044
0.852877
0.866361
0.831456
0.870998
0.847508
0.844836
0.817055
0.837256
0.764915
0.806824
0.779030
0.777644
0.753563
0.780527
0.729378
0.745025
0.755471
0.741364
0.676286
0.712438
0.749526
0.732886
0.758050
0.750770
0.735305
0.745882
0.750377
0.720634
0.714457
0.738639
0.622208
0.639666
0.614604
0.681840
0.582705
0.608340
0.606887
0.614003
0.601028
0.577480
0.544725
0.543773
0.519145
0.489068
0.527127
0.506524
0.486351
0.453851
0.531933
0.523101
0.416605
0.432922
0.514804
0.552149
0.506216
0.560588
0.486561
0.561710
0.551845
0.570719
0.559112
0.533591
0.485391
0.478465
0.528905
0.605980
0.500133
0.579282
0.551015
0.570121
0.564389
0.583172
0.552735
0.584812
0.518586
0.554410
0.503818
0.523046
0.482013
0.508186
0.543492
0.543741
0.530368
0.558581
0.551572
0.604393
0.568667
0.547452
0.582482
0.567818
0.529594
0.508715
0.507416
0.587021
0.534693
0.502026
0.552177
0.581688
0.500038
0.557813
0.599344
0.565027
0.529270
0.515963
0.475459
0.533441
0.454022
0.465435
0.448480
0.469745
0.446765
0.417571
0.478320
0.429762
0.360061
0.366316
0.389068
0.415948
0.388095
0.416476
0.336951
0.308102
0.348899
0.332670
0.329693
0.356550
0.303555
0.282962
0.335365
0.360101
0.322979
0.343679
0.309995
0.349314
0.368960
0.317840
0.329438
0.294072
0.251392
0.258479
0.303199
0.272593
0.219281
0.264936
0.223136
0.239170
0.200034
0.212990
0.208814
0.241126
0.221389
0.178374
0.157436
0.143679
0.109341
0.147982
0.146844
0.155994
0.079865
0.085058
0.046312
0.103892
0.057413
0.011850
0.113399
0.091175
0.054398
0.050185
0.065932
0.060089
0.044648
0.083038
0.061258
0.073338
0.058790
0.054112
0.088937
0.076506
0.040529
0.053765
0.068547
0.104005
0.093139
0.063875
0.115477
0.088284
0.095888
0.122015
0.066631
0.086338
0.087231
0.069308
0.126455
0.104355
0.057279
0.051708
0.123211
0.107799
0.124669
0.100828
0.094487
0.110455
0.094276
0.126331
0.154651
0.135293
0.131762
0.138433
0.132428
0.143554
0.133497
0.116376
0.155764
0.169727
0.138356
0.162309
0.127949
0.171746
0.139336
0.122028
0.184924
0.120170
0.104334
0.114088
0.161806
0.129483
0.057636
0.058377
0.157130
0.113729
0.136209
0.106387
0.087677
0.089048
0.101983
0.129658
0.110258
0.109373
0.080099
0.081422
0.113595
0.121606
0.058148
0.056315
0.084163
0.126664
0.109024
0.104913
0.094057
0.104969
0.070761
0.097457
0.127920
0.135241
0.070691
0.097328
0.132216
0.121394
0.124485
0.110729
0.097734
0.132826
0.123573
0.132584
0.081101
0.122072
0.105745
0.065498
0.172505
0.089660
0.049898
0.068023
0.067091
0.074845
0.046691
