0.118494
0.062383
0.051193
0.054280
0.014834
0.065678
0.072875
0.029978
0.072039
0.034437
0.020784
0.051344
0.020804
0.026991
0.046897
0.038133
0.022831
0.044630
0.069585
0.026605
0.032689
0.037977
0.036309
0.027785
0.047795
0.022347
0.047645
0.038150
0.044875
0.042710
0.048716
0.042439
0.043240
0.052014
0.082504
0.047305
0.050389
0.058304
0.064909
0.022701
0.062012
0.040622
0.048249
0.027025
0.043889
0.037982
0.071444
0.045813
0.026522
0.043281
0.065940
0.031541
0.034063
0.020886
0.026657
0.001010
0.040085
0.048493
0.045359
0.008347
0.033377
0.038215
0.053000
0.031471
0.014567
0.048982
0.052823
0.035376
0.035972
0.035915
0.040721
0.011551
0.051823
0.057965
0.049549
0.011304
0.043104
0.039999
0.039460
0.031321
0.020310
0.026961
0.044620
0.027816
0.042600
0.024621
0.036585
0.022023
0.041421
0.026251
0.034389
-0.018448
0.013667
0.019812
0.052991
0.029869
0.028949
0.033606
0.042566
0.026430
0.002154
0.029989
0.047470
0.021398
0.053243
0.017596
0.024787
0.017458
0.042424
0.040159
0.048335
0.037429
0.031366
0.047609
0.087059
0.071718
0.062157
0.067207
0.080262
0.074328
0.105660
0.070943
0.083871
0.099085
0.123620
0.145851
0.180857
0.137825
0.175765
0.194408
0.230651
0.223352
0.215161
0.190248
0.216196
0.230552
0.211635
0.205038
0.178992
0.188545
0.153448
0.218046
0.180404
0.185620
0.194821
0.191887
0.181752
0.165033
0.153763
0.156831
0.182629
0.132100
0.153780
0.132470
0.138108
0.115961
0.114411
0.130902
0.114562
0.076915
0.049285
0.125160
0.135793
0.101536
0.105430
0.088673
0.089397
0.084717
0.107555
0.125251
0.095356
0.089444
0.085757
0.056836
0.091165
0.061039
0.052271
0.057347
0.102115
0.063872
0.063865
0.064575
0.055473
0.029372
0.063162
0.075038
0.049303
0.068830
0.051457
0.036285
0.069291
0.042396
0.023693
0.047693
0.073423
0.049761
0.052786
0.049789
0.052754
0.021862
0.070694
0.049468
0.048240
0.017989
0.055616
0.095725
0.079866
0.029801
0.053406
0.054405
0.048928
0.034409
0.038003
0.052345
0.071244
0.017519
0.048276
0.037831
0.051057
0.011391
0.045585
0.013802
0.061198
0.035099
0.006711
0.026683
0.053747
0.047946
0.025739
0.034963
0.037683
0.008692
0.046036
0.028045
0.034236
0.022683
0.022943
0.031741
0.063621
0.034819
0.024859
0.031106
0.063804
0.025065
0.027070
0.016926
0.052605
0.028181
0.054404
0.056058
0.052110
0.024785
0.039318
0.030697
0.060963
0.022760
0.026859
0.037642
0.077481
0.069522
0.058165
0.067075
0.074170
0.047995
0.053036
0.071603
0.055320
0.042730
0.077908
0.101184
0.076378
0.047527
0.054492
0.061187
0.102936
0.066351
0.077310
0.049138
0.083610
0.056271
0.056030
0.078668
0.060313
0.030078
0.052749
0.063253
0.065812
0.025786
0.029935
0.070078
0.082130
0.097276
0.071233
0.086669
0.097402
0.078354
0.103377
0.101820
0.093207
0.091121
0.126097
0.117871
0.112980
0.104021
0.136572
0.196583
0.223916
0.202784
0.213784
0.163528
0.170939
0.168802
0.211608
0.218410
0.225154
0.222065
0.224847
0.231752
0.246790
0.268990
0.315745
0.324002
0.365611
0.343805
0.394894
0.327394
0.365674
0.329927
0.361314
0.331776
0.327238
0.320075
0.308326
0.379941
0.354229
0.311858
0.305575
0.386841
0.397392
0.412774
0.420583
0.451452
0.439887
0.475962
0.451253
0.401994
0.429950
0.388589
0.381355
0.448014
0.434092
0.349469
0.402718
0.449721
0.440206
0.399138
0.407253
0.365345
0.434040
0.383989
0.392267
0.332046
0.347179
0.348733
0.368885
0.368287
0.454580
0.396389
0.455384
0.436680
0.463121
0.446521
0.428125
0.400901
0.408292
0.403539
0.448653
0.407047
0.382023
0.379484
0.399802
0.442901
0.455617
0.412320
0.454023
0.437874
0.445598
0.399424
0.440892
0.347227
0.369492
0.396795
0.339861
0.298662
0.305748
0.288625
0.299798
0.301506
0.375792
0.283194
0.295367
0.312530
0.292020
0.264782
0.317182
0.235181
0.287751
0.208263
0.246939
0.208357
0.223485
0.155206
0.168567
0.156595
0.218076
0.141171
0.126535
0.143433
0.173795
0.158500
0.171133
0.137762
0.107944
0.097989
0.146928
0.129741
0.151598
0.123147
0.102855
0.144058
0.149423
0.106354
0.092961
0.162147
0.187898
0.129895
0.147206
0.127370
0.135573
0.136761
0.171133
0.161327
0.178216
0.148234
0.142013
0.195508
0.189637
0.132557
0.151433
0.132765
0.188346
0.172834
0.191077
0.148903
0.138383
0.155883
0.137534
0.131967
0.131770
0.105179
0.156989
0.116617
0.160573
0.134208
0.131728
0.131921
0.152080
0.130494
0.149716
0.123176
0.099192
0.119497
0.090975
0.143571
0.106909
0.075262
0.106116
0.112749
0.125431
0.070052
0.080502
0.081417
0.119244
0.105102
0.104636
0.080378
0.098929
0.092177
0.113022
0.085329
0.100937
0.068153
0.068354
0.111999
0.110791
0.068529
0.066528
0.071388
0.109357
0.110740
0.105785
0.047920
0.066930
0.069662
0.040377
0.085028
0.058444
0.034837
0.051693
0.082269
0.059578
0.045348
0.048342
0.037670
0.070375
0.030862
0.034441
0.044084
0.084433
0.016007
0.041681
0.049635
0.052235
0.033393
0.047520
0.042665
0.058205
0.028109
0.038576
0.034119
0.086059
0.040344
0.042162
0.058354
0.054860
0.036040
0.048600
0.069744
0.051519
0.031632
0.035715
0.055933
0.089011
0.049391
0.055562
0.057139
0.084646
0.077422
0.072511
0.055592
0.094470
0.055662
0.082606
0.074915
0.077289
0.086632
0.096908
0.065875
0.083250
0.094501
0.057600
0.125592
0.105557
0.128735
0.077539
0.114587
0.093498
0.109679
0.072537
0.135500
0.096468
0.057530
0.060322
0.075773
0.085375
0.066935
0.048747
0.104904
0.082287
0.054779
0.059684
0.031847
0.073977
0.032999
0.044718
0.071170
0.028497
0.002162
0.014015
0.055844
0.059199
0.031194
0.019019
0.020959
0.067279
0.018620
0.003679
0.016688
0.034244
0.011378
0.041507
0.047609
0.038468
0.014056
0.014309
0.030260
0.042011
0.014907
0.022550
0.026084
0.055760
0.030716
0.001721
0.047293
0.053325
-0.017209
0.037530
0.043885
0.030622
-0.001927
0.010834
0.017337
0.056664
0.024430
0.026653
0.035581
0.054869
0.031353
0.010389
0.048032
0.047909
0.012604
0.061318
0.048282
0.073948
0.031267
0.034254
0.064405
0.073748
0.032723
0.040569
0.029089
0.050292
0.033820
0.039069
0.044085
0.080107
0.003351
0.035338
0.040749
0.049034
0.053827
0.051577
0.048882
0.063860
0.055084
0.033818
0.040239
0.078900
0.044518
0.044148
0.074770
0.070740
0.024807
0.044371
0.031342
0.073450
0.027804
0.058820
0.066343
0.063719
0.042483
0.003819
0.059446
0.056898
0.017872
0.030754
0.021888
0.077778
0.019524
0.043554
0.036087
0.027784
-0.001800
0.032044
0.045419
0.068811
0.056660
0.018839
0.025912
0.049876
0.022556
0.021338
0.010765
0.040300
0.001618
0.043547
0.028436
0.022762
-0.019429
-0.003642
0.042469
0.045654
0.016736
0.023959
0.005031
0.048633
0.024357
-0.002373
0.037619
0.043139
-0.001173
0.042621
0.048650
0.038638
0.009307
0.006601
0.026243
0.031436
0.026323
0.020430
0.008646
0.063630
0.006967
0.009242
0.027770
0.049350
0.029938
0.046843
0.040559
0.010265
0.033909
0.024848
0.052525
0.059062
0.041162
0.046481
0.040232
0.071219
0.042619
0.035706
0.040790
0.055150
0.009399
0.054808
0.056638
0.046565
0.019186
0.030120
0.057236
0.057956
0.032287
0.030266
0.023560
0.056855
0.022980
0.018789
0.033008
0.067685
-0.003301
0.053181
0.028861
0.035222
0.016047
0.021982
0.017305
0.038857
0.038576
0.016440
0.052322
0.040451
0.032719
0.018588
0.044667
0.058010
0.003126
0.054164
0.055043
0.054541
0.036823
0.048486
0.029444
0.051629
0.041812
0.017228
0.036543
0.074139
0.022229
0.029019
0.048593
0.097596
0.035734
0.051686
0.057474
0.031596
0.009881
0.042904
0.070986
0.061814
0.019729
0.041125
0.026223
0.051802
0.056485
0.029500
0.045822
0.048352
0.023162
0.034371
0.033740
0.035041
0.023945
0.023209
0.016973
0.052922
0.034717
0.013117
0.035314
0.053026
0.043251
0.031454
0.027415
0.062137
0.026193
0.059183
0.037223
0.035176
0.015073
0.037234
0.051396
0.056822
0.046529
0.025785
0.018632
0.065171
0.025379
0.035325
0.033213
0.055603
0.022116
0.040263
0.043028
0.040131
0.036524
0.051331
0.047304
0.063388
0.054544
0.040297
0.052687
0.075267
0.042739
0.068209
0.072304
0.072147
0.062013
0.097018
0.064358
0.069746
0.086572
0.111543
0.072236
0.077940
0.096985
0.062528
0.091719
0.113792
0.111687
0.131989
0.114912
0.095157
0.107495
0.122734
0.144677
0.135439
0.106925
0.102600
0.125188
0.122075
0.071366
0.069206
0.099786
0.140455
0.141753
0.114031
0.124825
0.102878
0.111279
0.146835
0.134492
0.128175
0.080325
0.118853
0.153309
0.120886
0.108250
0.076656
0.131292
0.166055
0.177044
0.167220
0.187249
0.177619
0.209694
0.225152
0.187489
0.232524
0.204314
0.234742
0.202152
0.269933
0.217199
0.248279
0.307831
0.277606
0.283952
0.315908
0.217203
0.229173
0.249922
0.254546
0.245206
0.214959
0.254540
0.199520
0.280742
0.276645
0.244721
0.243137
0.204787
0.234907
0.228632
0.200335
0.174794
0.163362
0.135715
0.141393
0.149477
0.125900
0.089384
0.097943
0.098954
0.091350
0.055699
0.062627
0.083540
0.115229
0.100061
0.105799
0.078107
0.096814
0.064459
0.082941
0.146503
0.103201
0.045179
0.062801
0.064739
0.082407
0.031807
0.039166
0.077055
0.077002
0.057684
0.044516
0.057751
0.063808
0.023122
0.050096
0.054215
0.048447
0.009515
0.015368
0.026324
0.062344
0.041526
0.018456
0.044658
0.055841
0.023925
0.038004
0.036164
0.052725
0.033169
0.045854
0.050535
0.046104
-0.004146
0.018301
0.037948
0.056543
0.028707
0.029323
0.034470
0.065276
0.024332
0.031911
0.052913
0.052302
0.015776
0.040059
0.034763
0.045876
0.035616
0.031409
0.070424
0.065532
0.026431
0.031106
0.054686
0.050110
0.065885
0.038940
0.039014
0.060141
0.037867
0.037738
0.099264
0.053736
0.041127
0.063545
0.053681
0.053930
0.051605
