0.121865
0.054653
0.079701
0.069299
0.016571
0.060528
0.071898
0.016289
0.054813
0.017679
0.036504
0.047758
0.047840
0.056632
0.050587
0.045714
0.038733
0.047899
0.069108
0.044984
0.050255
0.037750
0.051229
0.020642
0.033744
0.069357
0.056498
-0.000973
0.043882
0.072697
0.058874
0.034815
0.027873
0.030939
0.074629
0.046551
0.026821
0.049511
0.075489
0.041933
0.064665
0.049043
0.034327
0.076149
0.038820
0.085084
0.089451
0.042620
0.066699
0.059618
0.113327
0.095676
0.094883
0.118074
0.074267
0.077506
0.107980
0.114513
0.125806
0.134824
0.150563
0.162594
0.164310
0.189622
0.230424
0.208168
0.291407
0.239480
0.192800
0.206457
0.184902
0.165298
0.155074
0.177058
0.164495
0.114191
0.106839
0.163492
0.137808
0.039600
0.053037
0.077054
0.092533
0.057547
0.088573
0.071980
0.091020
0.026005
0.075987
0.051714
0.075555
0.030329
0.077607
0.065031
0.085348
0.041297
0.033998
0.056001
0.067755
0.052826
0.034109
0.040207
0.068899
0.020960
0.033473
0.033100
0.034011
0.023281
0.031516
0.050813
0.070662
0.023922
0.038335
0.044390
0.060308
0.062566
0.048196
0.051437
0.057826
0.039398
0.043860
0.055268
0.061812
0.045731
0.064951
0.057850
0.085490
0.077671
0.068617
0.070809
0.103349
0.063392
0.076917
0.058664
0.057604
0.050187
0.070534
0.075714
0.081021
0.017026
0.079399
0.036651
0.047585
0.051062
0.015239
0.061288
0.073409
0.047659
0.053878
0.060289
0.092995
0.028167
0.056061
0.032554
0.040683
0.023002
0.060942
0.035421
0.062687
0.020933
0.032545
0.038982
0.072177
0.053305
0.020296
0.050028
0.058198
0.049510
0.065491
0.038508
0.044993
0.044964
0.038170
0.065539
0.066624
0.033358
0.030176
0.083486
0.089079
0.082418
0.067698
0.063179
0.077852
0.049208
0.064512
0.059909
0.088546
0.059176
0.077655
0.103614
0.079101
0.042731
0.034629
0.053226
0.080937
0.061866
0.068329
0.054594
0.073420
0.040855
0.074831
0.070093
0.062434
0.049241
0.066640
0.057609
0.076511
0.040986
0.063976
0.083704
0.103774
0.088667
0.074518
0.052793
0.073057
0.051947
0.045001
0.059180
0.067474
0.054197
0.069074
0.074772
0.069360
0.029615
0.039715
0.054299
0.085224
0.079383
0.050749
0.064613
0.094566
0.045785
0.061310
0.058089
0.060994
0.027804
0.041175
0.046685
0.060302
0.045442
0.048117
0.067136
0.089343
0.049827
0.074031
0.044657
0.074928
0.056174
0.062901
0.086763
0.082508
0.068839
0.060203
0.101004
0.074187
0.049768
0.023488
0.108197
0.108794
0.103433
0.092317
0.124882
0.088867
0.099083
0.116297
0.117667
0.132335
0.104368
0.140138
0.166374
0.130003
0.135653
0.112408
0.165682
0.178143
0.193941
0.146691
0.142165
0.150997
0.148631
0.158382
0.143110
0.155785
0.135574
0.134394
0.160526
0.173415
0.101419
0.094895
0.101152
0.139687
0.139592
0.119867
0.128418
0.127463
0.087760
0.126434
0.125652
0.115459
0.071722
0.074412
0.127961
0.077217
0.071268
0.071417
0.089429
0.120116
0.138989
0.115489
0.112349
0.129445
0.130248
0.137801
0.156796
0.176855
0.142812
0.177464
0.153143
0.176446
0.223847
0.231120
0.279920
0.254435
0.245710
0.258792
0.212169
0.191830
0.229742
0.226921
0.261575
0.270293
0.179173
0.211931
0.251371
0.293612
0.202500
0.239389
0.232589
0.263954
0.240568
0.229567
0.221201
0.265261
0.207603
0.274654
0.217667
0.218561
0.162940
0.149576
0.190797
0.194472
0.147015
0.134218
0.140380
0.114982
0.154914
0.169788
0.121489
0.132701
0.100756
0.094573
0.125249
0.109351
0.079794
0.111898
0.141895
0.103550
0.081110
0.068184
0.129779
0.155978
0.119889
0.100763
0.138271
0.108878
0.119576
0.170733
0.137859
0.140776
0.095032
0.107049
0.122857
0.131955
0.089418
0.074520
0.089593
0.117311
0.092804
0.110946
0.107184
0.089519
0.056276
0.073001
0.105617
0.082801
0.066544
0.098135
0.094242
0.086547
0.100037
0.075540
0.111606
0.110158
0.081503
0.085066
0.045660
0.097837
0.069339
0.094522
0.091652
0.086059
0.041159
0.067318
0.068632
0.100906
0.052722
0.016196
0.048913
0.074930
0.069494
0.032959
0.029607
0.048323
0.024623
0.049294
0.048348
0.054640
0.021239
0.043542
0.039835
0.056937
0.028432
0.029355
0.082366
0.091911
0.066707
0.040896
0.067050
0.077825
0.058342
0.062231
0.093555
0.088862
0.088393
0.102170
0.085029
0.103015
0.087984
0.077094
0.154591
0.150153
0.153316
0.137427
0.119703
0.138505
0.158301
0.159387
0.151830
0.124270
0.175374
0.187901
0.191217
0.202783
0.175507
0.138934
0.265590
0.216749
0.244066
0.219886
0.237141
0.191346
0.223469
0.214575
0.262082
0.251937
0.202518
0.200827
0.217626
0.241038
0.210274
0.232606
0.263325
0.247183
0.242344
0.260838
0.239873
0.211470
0.237701
0.270990
0.210059
0.263297
0.241848
0.235996
0.231752
0.285286
0.256082
0.290167
0.299589
0.303281
0.266807
0.283806
0.233373
0.288153
0.234248
0.278939
0.229908
0.254639
0.260819
0.294528
0.279903
0.309120
0.256406
0.250805
0.274307
0.288294
0.306507
0.290361
0.282251
0.308113
0.304682
0.351135
0.282012
0.330107
0.281422
0.296365
0.279152
0.341758
0.291326
0.313863
0.352208
0.416431
0.345735
0.358716
0.390507
0.349725
0.375384
0.383053
0.384996
0.366483
0.325084
0.274638
0.355303
0.322121
0.228350
0.279560
0.258486
0.311430
0.271799
0.261491
0.253644
0.232272
0.251534
0.247791
0.214304
0.241392
0.214794
0.225619
0.262654
0.307822
0.212652
0.212033
0.313930
0.290704
0.276991
0.285232
0.259850
0.255603
0.266217
0.332896
0.250682
0.267055
0.235933
0.243098
0.346298
0.288925
0.245907
0.262133
0.273956
0.319393
0.306414
0.333930
0.268510
0.288582
0.254979
0.310629
0.313577
0.325176
0.269191
0.269000
0.285856
0.359788
0.297180
0.309219
0.333359
0.384791
0.415866
0.442433
0.387058
0.387610
0.448981
0.467447
0.443086
0.458920
0.423018
0.441181
0.462433
0.532933
0.433579
0.510187
0.466205
0.501700
0.467218
0.454512
0.477087
0.448202
0.444751
0.405286
0.388388
0.368833
0.349346
0.376950
0.377688
0.413037
0.265876
0.320161
0.273964
0.303361
0.260758
0.241049
0.221815
0.214602
0.169089
0.180186
0.215527
0.193464
0.132209
0.117662
0.182714
0.155987
0.118157
0.127576
0.095010
0.147442
0.112809
0.172510
0.082265
0.125943
0.093053
0.126677
0.096031
0.123324
0.104539
0.098628
0.168269
0.121991
0.102379
0.050386
0.082400
0.124546
0.130585
0.063559
0.139052
0.118758
0.053625
0.132095
0.081802
0.100948
0.073031
0.095153
0.115402
0.116232
0.087420
0.051518
0.071783
0.079358
0.095227
0.099348
0.063871
0.068672
0.039326
0.044849
0.061380
0.073447
0.031859
0.055734
0.091223
0.089215
0.034096
0.026413
0.075895
0.069926
0.048599
0.037279
0.029518
0.064866
0.020141
0.055351
0.060967
0.047090
0.012885
0.026470
0.015912
0.061174
0.047047
0.018206
0.025529
0.051311
0.015524
0.004599
0.040535
0.054422
0.011789
0.054999
0.051553
0.029316
0.018902
0.020322
0.027174
0.051806
0.027970
0.016838
0.044734
0.055926
0.014543
0.009695
-0.008849
0.053039
0.016698
0.037809
0.037571
0.019026
-0.001054
0.014789
0.008172
0.044780
0.045309
0.017477
0.014871
0.052644
0.032782
0.012306
0.019910
0.055274
-0.005775
0.043505
0.058577
0.025832
-0.007841
0.008085
0.056855
0.053823
0.021024
0.036649
-0.005805
0.036998
0.045344
-0.011299
0.021848
0.037111
-0.003431
0.041054
0.018811
0.021255
0.000679
0.006478
0.018750
0.052802
0.029409
0.022195
0.003150
0.053908
0.012917
-0.002312
0.027635
0.048692
0.012981
0.058293
0.054630
0.014979
0.000856
-0.023554
0.036178
0.034369
0.049122
0.030822
0.013416
0.035298
0.028499
0.006617
0.033495
0.053290
-0.004048
0.028187
0.019411
0.029199
0.017682
0.038118
0.011256
0.025740
0.017192
0.013971
0.023439
0.054272
0.024543
-0.015140
0.017827
0.041143
-0.012324
0.043200
0.036101
0.032136
-0.010396
0.007330
0.049078
0.057836
0.030897
0.023257
0.035207
0.055789
0.040197
0.028758
0.036106
0.055208
0.012256
0.028201
0.042347
0.038758
0.028401
0.045798
0.042727
0.057023
0.024991
0.015259
0.019033
0.047156
0.040666
0.050485
0.033809
0.054804
0.031019
0.037937
0.049001
0.056762
0.022089
0.025424
0.059202
0.066350
0.018934
0.037566
0.037938
0.045960
0.036215
0.055275
0.035952
0.051790
0.021138
0.046852
0.062489
0.039494
0.034052
0.048584
0.065587
0.057363
0.051510
0.037693
0.052187
0.083695
0.072535
0.064721
0.099751
0.085543
0.066372
0.117381
0.069680
0.101833
0.091029
0.079086
0.159290
0.139699
0.125130
0.139628
0.180370
0.249574
0.205510
0.225513
0.209783
0.251574
0.196029
0.261668
0.235387
0.269634
0.222618
0.251752
0.325995
0.293052
0.302508
0.310675
0.319472
0.322931
0.293953
0.302556
0.276308
0.267981
0.252162
0.264070
0.222163
0.249608
0.176266
0.203338
0.206546
0.211857
0.166966
0.154875
0.198968
0.198228
0.193664
0.213581
0.163403
0.186286
0.167291
0.186901
0.194622
0.187247
0.127426
0.132413
0.185108
0.196638
0.165580
0.137389
0.147344
0.176327
0.137252
0.167844
0.135933
0.126474
0.107693
0.128876
0.130983
0.138219
0.091930
0.100048
0.114018
0.090569
0.048282
0.040721
0.076406
0.082953
0.065698
0.073079
0.046825
0.087112
0.023227
0.054607
0.049204
0.043013
0.022268
0.054272
0.040800
0.056453
0.047838
0.016639
0.044280
0.065277
0.050789
0.027685
0.028343
0.044312
0.022946
0.052731
0.039902
0.036871
-0.013929
0.029622
0.046051
0.078269
0.031598
0.024087
0.027473
0.073719
0.032062
0.045965
0.028304
0.053573
0.015958
0.049728
0.024018
0.049445
0.026705
0.035339
0.063624
0.054421
0.039666
0.029201
0.044194
0.085593
0.038717
0.030362
0.029205
0.059241
0.022991
0.052544
0.059078
0.041076
0.003901
0.032974
0.035255
0.060961
0.031210
0.021362
0.015418
0.048601
0.053236
0.030385
0.016223
0.064376
0.009149
0.030977
0.064844
0.041641
0.021835
0.041083
0.044642
0.054868
0.057652
