0.116123
0.044537
0.061866
0.066342
0.013570
0.072110
0.061352
0.023719
0.059136
0.011942
0.039372
0.040958
0.006697
0.054760
0.063110
0.039786
0.027228
0.038945
0.084299
0.051850
0.052300
0.065528
0.053458
0.047414
0.071336
0.038934
0.070272
0.056601
0.073262
0.089161
0.079929
0.050452
0.043188
0.100690
0.112151
0.101939
0.068033
0.103604
0.079832
0.065673
0.080340
0.118284
0.107059
0.063574
0.122357
0.090629
0.077639
0.087088
0.086215
0.123387
0.123554
0.102767
0.065601
0.100018
0.083571
0.042763
0.065135
0.067769
0.050398
0.038993
0.059705
0.063199
0.043623
0.051067
0.014763
0.018556
0.059095
0.048672
0.046265
0.069029
0.064858
0.049191
0.080218
0.048731
0.057260
0.063793
0.027368
0.077996
0.077632
0.031862
0.039798
0.041897
0.064149
0.064475
0.043805
0.053948
0.063668
0.032287
0.060295
0.071004
0.055715
0.050295
0.057578
0.076154
0.069053
0.054503
0.051743
0.041682
0.071108
0.045557
0.045864
0.017886
0.058719
0.006529
0.032023
0.049420
0.026580
-0.005226
0.025689
0.034262
0.060154
0.034198
0.026295
0.014794
0.059318
0.015811
0.009061
0.043125
0.052005
0.011463
0.038027
0.042365
0.037688
0.013356
0.030858
0.009983
0.069622
0.014513
0.021764
0.040927
0.078858
0.025499
0.001838
0.029302
0.059502
0.022378
0.039868
0.040898
0.045153
0.028265
0.033908
0.050398
0.047215
0.045006
0.047066
0.066419
0.057923
0.037146
0.041319
0.020826
0.046280
0.010227
0.030727
0.057965
0.052380
-0.005583
0.056279
0.061953
0.046528
0.015057
0.031742
0.018414
0.060947
0.015750
0.004601
0.009187
0.038163
0.031298
0.043411
0.056699
0.032374
0.001094
-0.003533
0.031242
0.065069
0.026846
0.019700
0.048328
0.072771
0.033431
0.019169
0.031669
0.028604
0.007391
0.040794
0.043241
0.046703
0.035677
0.037468
0.068706
0.068158
0.039033
0.042594
0.062539
0.069034
0.056447
0.033157
0.041990
0.052132
0.030321
0.031616
0.082058
0.057988
0.015860
0.037404
0.047162
0.087196
0.036447
0.029690
0.044080
0.069195
0.063975
0.054770
0.019447
0.061358
0.029182
0.042979
0.072094
0.050411
0.021276
0.030483
0.077103
0.071163
0.053078
0.023239
0.052227
0.053267
0.057421
0.069276
0.061594
0.076513
0.027023
0.057265
0.064649
0.064343
0.026740
0.044945
0.080852
0.073869
0.040396
0.032785
0.041796
0.057541
0.041852
0.028166
0.042777
0.063389
0.050564
0.074765
0.054620
0.064190
0.020220
0.056833
0.068980
0.056678
0.052372
0.024299
0.075794
0.079187
0.045913
0.045851
0.067335
0.054475
0.028810
0.070056
0.034113
0.050397
0.033546
0.058454
0.063466
0.093524
0.050081
0.034688
0.060717
0.108075
0.080802
0.050544
0.080826
0.081375
0.053659
0.077303
0.073397
0.079047
0.039816
0.109407
0.071554
0.071732
0.065756
0.045764
0.077273
0.097532
0.080636
0.055745
0.072559
0.084014
0.036371
0.074527
0.066356
0.086339
0.048933
0.063125
0.064516
0.080771
0.047916
0.027990
0.079161
0.114997
0.093143
0.068492
0.085738
0.077098
0.082037
0.103603
0.088372
0.128312
0.081609
0.101431
0.091787
0.111048
0.078727
0.058139
0.136223
0.173408
0.135771
0.178319
0.117986
0.126658
0.157518
0.203692
0.163660
0.185070
0.137096
0.109345
0.194709
0.210624
0.140693
0.137718
0.181445
0.147381
0.140209
0.125514
0.127342
0.111539
0.077582
0.068349
0.121555
0.094681
0.083279
0.084543
0.093451
0.096321
0.081255
0.045566
0.110920
0.075509
0.084066
0.056734
0.064907
0.086471
0.037266
0.057054
0.095540
0.072883
0.057674
0.085554
0.057004
0.060364
0.041618
0.056524
0.052471
0.105066
0.065683
0.066077
0.069975
0.083119
0.068862
0.059222
0.061387
0.067474
0.049011
0.060064
0.061913
0.069612
0.030911
0.032404
0.050435
0.063842
0.064768
0.047668
0.043338
0.062848
0.007568
0.059418
0.047566
0.046156
0.040993
0.065518
0.079220
0.052664
0.038482
0.037311
0.043570
0.096065
0.056833
0.080358
0.070953
0.071420
0.046690
0.064766
0.093931
0.068373
0.056950
0.104666
0.100987
0.085439
0.060379
0.042918
0.102332
0.140263
0.131231
0.149714
0.142425
0.160029
0.178307
0.219406
0.157353
0.203659
0.168564
0.245390
0.251950
0.229542
0.301333
0.290213
0.404915
0.384497
0.416360
0.398151
0.350210
0.402560
0.479513
0.454645
0.439839
0.490117
0.444389
0.499559
0.523260
0.575698
0.553575
0.598417
0.628980
0.614166
0.587328
0.638435
0.627719
0.614385
0.610079
0.590798
0.565683
0.610142
0.536981
0.539896
0.584289
0.595604
0.522182
0.566294
0.557254
0.591262
0.620845
0.601988
0.563456
0.605235
0.650539
0.625763
0.582763
0.648523
0.590041
0.600872
0.636377
0.686256
0.606785
0.637273
0.662765
0.645748
0.660992
0.625307
0.666720
0.659955
0.651478
0.649459
0.586226
0.638343
0.620268
0.605730
0.663931
0.638263
0.611834
0.623799
0.658763
0.680534
0.667726
0.636974
0.656932
0.649280
0.630571
0.610487
0.591293
0.639051
0.611504
0.584115
0.634646
0.625627
0.592020
0.643966
0.662452
0.650996
0.670916
0.682487
0.666936
0.658006
0.706420
0.700678
0.690099
0.692166
0.685641
0.703933
0.743969
0.740918
0.748044
0.763277
0.826514
0.819637
0.809873
0.808342
0.779737
0.804863
0.823795
0.817266
0.849765
0.810832
0.842017
0.824132
0.840701
0.823814
0.823678
0.865925
0.855426
0.866127
0.854740
0.867748
0.846041
0.850362
0.866405
0.856821
0.841949
0.861363
0.849753
0.850957
0.862479
0.852785
0.844875
0.844650
0.865112
0.868046
0.834575
0.833288
0.833467
0.833616
0.847834
0.831396
0.808032
0.815169
0.773884
0.755539
0.748661
0.752336
0.670049
0.720879
0.722870
0.752144
0.712806
0.711076
0.692786
0.713955
0.682996
0.665450
0.674705
0.651905
0.668231
0.662920
0.680375
0.725275
0.633693
0.671326
0.710040
0.690727
0.673268
0.648034
0.639592
0.673778
0.695332
0.666356
0.641245
0.640998
0.639285
0.628388
0.658097
0.630341
0.599923
0.633392
0.586691
0.643173
0.572716
0.579856
0.551933
0.583613
0.568529
0.550374
0.486528
0.507309
0.461735
0.479355
0.528556
0.529780
0.395503
0.443789
0.436659
0.452087
0.391107
0.417724
0.396113
0.402575
0.393228
0.393686
0.341407
0.341257
0.328780
0.273709
0.327189
0.360462
0.249438
0.282259
0.280672
0.338125
0.313475
0.307952
0.236825
0.245892
0.261558
0.291764
0.239042
0.213946
0.204551
0.210251
0.272054
0.232522
0.233953
0.246415
0.279765
0.298446
0.287383
0.236200
0.238769
0.248500
0.247008
0.293002
0.236173
0.215134
0.180436
0.175366
0.228682
0.208073
0.160397
0.167905
0.193593
0.216125
0.200198
0.200404
0.148961
0.204017
0.176175
0.195400
0.222675
0.181628
0.174454
0.144257
0.175038
0.174659
0.145154
0.120639
0.155661
0.215547
0.157198
0.204973
0.190691
0.180882
0.208123
0.174822
0.217856
0.226270
0.199059
0.199819
0.196203
0.212695
0.243493
0.209740
0.274994
0.206380
0.210708
0.202006
0.218787
0.140165
0.143432
0.169437
0.186846
0.207367
0.152475
0.132476
0.159724
0.177736
0.099307
0.090323
0.160022
0.133832
0.133359
0.110202
0.107679
0.135433
0.075478
0.116795
0.100795
0.095333
0.078385
0.103233
0.082645
0.088182
0.051139
0.043204
0.063147
0.104118
0.082819
0.073640
0.065183
0.083049
0.014161
0.038988
0.073090
0.076334
0.040237
0.069099
0.053295
0.086288
0.042484
0.025757
0.056014
0.102805
0.078697
0.077575
0.088809
0.079233
0.061585
0.112235
0.092191
0.109953
0.074616
0.087955
0.150456
0.145040
0.094042
0.098440
0.162457
0.148597
0.189061
0.177555
0.132564
0.216217
0.222053
0.272604
0.213676
0.192901
0.157530
0.174663
0.223870
0.223061
0.189715
0.178945
0.213180
0.178880
0.187379
0.206332
0.163661
0.155122
0.202501
0.240934
0.139494
0.213942
0.131130
0.205108
0.159283
0.180199
0.215478
0.152328
0.231252
0.221333
0.234684
0.254169
0.262755
0.208610
0.244201
0.246952
0.157893
0.258626
0.181564
0.196905
0.253871
0.228662
0.156975
0.195234
0.265396
0.298156
0.248992
0.277736
0.287293
0.233691
0.270817
0.266365
0.316909
0.310854
0.303465
0.296159
0.328380
0.350888
0.315211
0.395172
0.396590
0.407830
0.358475
0.363666
0.339584
0.396707
0.361835
0.389567
0.342379
0.353184
0.355278
0.318510
0.359697
0.322574
0.291595
0.305611
0.322969
0.343018
0.296188
0.317242
0.257244
0.283323
0.281919
0.257724
0.290203
0.268305
0.250455
0.261196
0.227848
0.289639
0.270358
0.303403
0.301187
0.399015
0.380353
0.407589
0.425916
0.431584
0.393700
0.441462
0.394026
0.423783
0.447569
0.431563
0.471737
0.493106
0.492734
0.504183
0.521799
0.499334
0.483740
0.474620
0.449587
0.466537
0.437803
0.459776
0.362320
0.379926
0.385958
0.395439
0.368014
0.430887
0.372814
0.401627
0.378208
0.424235
0.332635
0.333098
0.301122
0.273452
0.287596
0.261680
0.289773
0.217326
0.166007
0.190858
0.218733
0.222697
0.117122
0.141363
0.194311
0.208956
0.175553
0.194610
0.161264
0.179767
0.194822
0.196529
0.200495
0.182889
0.128709
0.150584
0.169391
0.152977
0.120054
0.150827
0.145923
0.178249
0.156867
0.153146
0.156081
0.118533
0.082466
0.129205
0.122002
0.133855
0.109122
0.101396
0.143860
0.100318
0.056114
0.040957
0.114513
0.129842
0.125959
0.084517
0.107445
0.087834
0.116295
0.110766
0.136287
0.125425
0.068503
0.122534
0.079420
0.125205
0.061687
0.068641
0.103917
0.122006
0.089157
0.102041
0.089351
0.070872
0.053791
0.089868
0.064002
0.071901
0.063729
0.084368
0.076486
0.075708
0.057273
0.036518
0.063963
0.088472
0.069295
0.065704
0.061381
0.040363
0.023975
0.073040
0.065672
0.054840
0.044977
0.053881
0.035879
0.067976
0.031649
0.020721
0.040136
0.086463
0.053968
0.019072
0.055644
0.072316
0.022368
0.055753
0.035483
0.049781
0.028197
0.032734
0.024607
0.051638
0.027515
0.009358
0.035549
0.050477
0.037958
0.013761
0.058847
0.061583
0.029293
0.057811
0.085449
0.046302
0.048321
0.059731
0.072775
0.051402
0.051761
