0.112608
0.058090
0.070409
0.051635
0.013491
0.063890
0.074202
0.055486
0.090304
0.035638
0.065400
0.056012
0.055623
0.081557
0.108149
0.059829
0.055478
0.098418
0.150725
0.147857
0.147533
0.109924
0.171427
0.177094
0.216360
0.220014
0.195448
0.192959
0.215923
0.266248
0.283403
0.293103
0.289911
0.262712
0.341748
0.283600
0.289461
0.268961
0.198607
0.260985
0.253919
0.283869
0.285822
0.165463
0.188206
0.208647
0.211052
0.198773
0.209981
0.221878
0.202767
0.174828
0.207370
0.130742
0.122411
0.072310
0.091587
0.131012
0.108279
0.027643
0.080304
0.077456
0.090700
0.040952
0.030346
0.045749
0.086046
0.045960
0.087683
0.055971
0.080561
0.028772
0.053427
0.063003
0.091870
0.089143
0.098169
0.104938
0.076626
0.059193
0.063565
0.081340
0.110339
0.127169
0.084964
0.106061
0.100450
0.086944
0.129479
0.092185
0.092138
0.059313
0.073606
0.102583
0.113757
0.104288
0.061876
0.083562
0.106574
0.122463
0.091593
0.068127
0.101825
0.078109
0.113066
0.092354
0.078920
0.042624
0.068992
0.087046
0.076615
0.072660
0.049426
0.070090
0.065571
0.081289
0.069461
0.084430
0.107048
0.012200
0.074425
0.059016
0.050006
0.033724
0.065283
0.083049
0.093331
0.048411
0.064859
0.020108
0.085574
0.068258
0.063267
0.067579
0.080933
0.037765
0.059420
0.063305
0.089423
0.023692
0.051426
0.075114
0.072370
0.040496
0.037662
0.065414
0.083761
0.076885
0.052932
0.058177
0.083522
0.058423
0.092580
0.068558
0.117079
0.060947
0.071612
0.138813
0.112041
0.073169
0.083401
0.106109
0.101028
0.108367
0.096667
0.088372
0.081523
0.081249
0.069177
0.113763
0.081089
0.079462
0.073058
0.078596
0.092186
0.046634
0.027862
0.069279
0.089472
0.067180
0.044657
0.043472
0.060721
0.021961
0.061623
0.051980
0.050679
0.037201
0.048342
0.068391
0.061622
0.037503
0.039013
0.037637
0.082122
0.038261
0.051630
0.058886
0.054591
0.063400
0.074609
0.081047
0.068212
0.024774
0.074276
0.119842
0.080772
0.071399
0.080280
0.070207
0.147258
0.130066
0.118290
0.115610
0.130318
0.121825
0.156855
0.170284
0.160864
0.148836
0.175402
0.168164
0.183814
0.211087
0.214489
0.211456
0.257069
0.229017
0.249126
0.229569
0.236836
0.263670
0.274590
0.241758
0.277215
0.230669
0.270578
0.334419
0.331440
0.305344
0.329975
0.305688
0.258335
0.247708
0.241291
0.172331
0.214632
0.155172
0.149033
0.180303
0.136377
0.079098
0.062190
0.131342
0.112487
0.041872
0.033922
0.068662
0.077717
0.048750
0.049065
0.072250
0.085333
0.036709
0.074203
0.037094
0.057931
0.055365
0.040236
0.073009
0.077941
0.038806
0.024636
0.036480
0.057723
0.054813
0.046647
0.050755
0.088482
0.032127
0.049334
0.073858
0.050536
0.061260
0.064821
0.050153
0.099053
0.082716
0.077531
0.111686
0.124373
0.114665
0.148807
0.075600
0.082921
0.066970
0.090175
0.123863
0.103494
0.071894
0.070965
0.111575
0.098945
0.038335
0.051824
0.071906
0.109852
0.118732
0.095997
0.092281
0.117872
0.072341
0.124096
0.096691
0.104002
0.092403
0.100259
0.146868
0.123045
0.086038
0.050427
0.118573
0.150990
0.124005
0.106883
0.150128
0.132685
0.122767
0.164471
0.080634
0.110188
0.090710
0.094302
0.146468
0.115693
0.098067
0.071421
0.142770
0.120658
0.160270
0.137893
0.166003
0.153490
0.127066
0.163689
0.147816
0.145731
0.126636
0.155540
0.199746
0.184548
0.182373
0.145293
0.187721
0.176315
0.186475
0.214484
0.195592
0.207790
0.171935
0.189707
0.214370
0.199848
0.184271
0.196934
0.288446
0.240580
0.213342
0.239872
0.260465
0.304418
0.310628
0.271618
0.297902
0.288667
0.255155
0.310695
0.279522
0.303683
0.279852
0.289950
0.369566
0.291829
0.317468
0.284227
0.290308
0.306977
0.254795
0.302561
0.238928
0.286550
0.278554
0.297983
0.244932
0.240332
0.220117
0.200672
0.304150
0.278898
0.226142
0.201799
0.262295
0.289032
0.299652
0.324075
0.323244
0.319970
0.309571
0.361990
0.308373
0.319584
0.296454
0.328440
0.421169
0.368954
0.394367
0.434439
0.381411
0.405143
0.408709
0.400814
0.313329
0.410443
0.372298
0.401551
0.343782
0.351393
0.363088
0.351908
0.426506
0.428210
0.386653
0.391533
0.377094
0.441413
0.396155
0.402322
0.395794
0.391022
0.375744
0.344514
0.403308
0.379443
0.351125
0.336758
0.388395
0.446701
0.298480
0.360925
0.363499
0.410924
0.390428
0.403551
0.401235
0.437045
0.428777
0.412690
0.415673
0.462614
0.383575
0.431121
0.473916
0.482456
0.425134
0.470149
0.568370
0.539164
0.555239
0.575931
0.553551
0.598376
0.660861
0.634768
0.640565
0.633825
0.567185
0.631426
0.682829
0.702733
0.668933
0.676798
0.701212
0.728952
0.732792
0.759504
0.761742
0.769073
0.804744
0.814902
0.787697
0.833485
0.813290
0.823668
0.831407
0.834958
0.853797
0.832502
0.884429
0.848412
0.885546
0.861664
0.841751
0.866400
0.845419
0.849805
0.847934
0.831304
0.853389
0.843516
0.857028
0.820003
0.841465
0.850208
0.838942
0.838736
0.790072
0.806613
0.779833
0.773315
0.795486
0.790339
0.748237
0.797559
0.779422
0.768560
0.776227
0.788077
0.763301
0.768142
0.780733
0.790306
0.773224
0.754410
0.765281
0.755991
0.752927
0.769039
0.705242
0.735635
0.688386
0.674266
0.729046
0.727092
0.637080
0.661910
0.698859
0.686289
0.668666
0.688291
0.622429
0.636575
0.673918
0.658223
0.659831
0.655112
0.612365
0.632074
0.669878
0.670190
0.695328
0.717940
0.718661
0.731826
0.686565
0.683980
0.702689
0.677620
0.645950
0.637701
0.620803
0.646879
0.641189
0.606086
0.651549
0.674780
0.557513
0.638988
0.643946
0.641746
0.625198
0.623096
0.612691
0.622759
0.641890
0.640587
0.566998
0.625106
0.609485
0.588880
0.640015
0.649667
0.609810
0.646595
0.612345
0.623401
0.626537
0.611754
0.625588
0.621602
0.571209
0.575909
0.478559
0.514036
0.445167
0.444019
0.515396
0.497407
0.396251
0.424887
0.390417
0.466656
0.413380
0.399453
0.383936
0.338640
0.331835
0.362676
0.346323
0.376842
0.358358
0.334166
0.387090
0.375719
0.315316
0.299306
0.411811
0.385166
0.339706
0.385974
0.374970
0.342408
0.412128
0.411330
0.419033
0.401469
0.424544
0.411483
0.465001
0.478323
0.477817
0.566874
0.491781
0.489080
0.486546
0.498425
0.465535
0.495169
0.448952
0.455962
0.394291
0.418047
0.354925
0.313442
0.401573
0.445678
0.281837
0.321699
0.268035
0.300807
0.336706
0.272715
0.252677
0.273877
0.240001
0.252750
0.285955
0.254629
0.252299
0.212858
0.270073
0.260072
0.180343
0.203287
0.250573
0.223983
0.191691
0.182332
0.146285
0.154487
0.126750
0.128621
0.158252
0.141228
0.129490
0.121761
0.122978
0.097537
0.135744
0.106823
0.183676
0.105425
0.194720
0.168047
0.158401
0.171943
0.166850
0.180728
0.162687
0.167960
0.139536
0.171209
0.182399
0.187481
0.134023
0.147626
0.154758
0.230411
0.171538
0.206380
0.144210
0.147729
0.104895
0.152433
0.159194
0.208981
0.124906
0.138050
0.112738
0.123339
0.144515
0.106665
0.154043
0.158274
0.121539
0.130003
0.109765
0.099824
0.109269
0.116190
0.114096
0.079599
0.128210
0.095072
0.117952
0.115184
0.108473
0.108752
0.121393
0.154778
0.149279
0.124392
0.101144
0.132897
0.122980
0.126940
0.158628
0.110886
0.119026
0.081715
0.090756
0.099301
0.070399
0.070874
0.081090
0.108042
0.082092
0.092671
0.026730
0.067805
0.104501
0.104501
0.096938
0.115741
0.059759
0.058065
0.114715
0.096905
0.074750
0.049546
0.105420
0.109484
0.096561
0.103074
0.092673
0.089605
0.055076
0.097141
0.073146
0.080260
0.059891
0.079343
0.123940
0.078969
0.063518
0.068710
0.096091
0.117955
0.103091
0.082654
0.068199
0.100486
0.051886
0.081052
0.093667
0.099995
0.016223
0.069955
0.086390
0.079156
0.057007
0.033666
0.068646
0.095207
0.076197
0.076335
0.043926
0.058333
0.061700
0.082130
0.067974
0.080159
0.045912
0.057577
0.064539
0.056318
0.037409
0.050174
0.044328
0.070100
0.057141
0.021343
0.050600
0.056187
0.028899
0.051322
0.060104
0.068020
0.015711
0.051319
0.042249
0.075004
0.037871
0.021502
0.075183
0.099064
0.068081
0.036690
0.055872
0.057835
0.045868
0.047622
0.047445
0.050344
0.008106
0.038844
0.080193
0.059331
0.058414
0.032481
0.045320
0.076360
0.035981
0.055038
0.044158
0.061692
0.019052
0.055656
0.048506
0.064049
0.037427
0.083191
0.067905
0.068775
0.052416
0.019601
0.074970
0.089301
0.045534
0.023590
0.032355
0.044301
0.024662
0.053612
0.057306
0.042825
-0.014012
0.042112
0.054050
0.063106
0.070037
0.029589
0.051057
0.057229
0.045293
0.051836
0.056581
0.056098
0.031123
0.064232
0.046751
0.027281
0.052529
0.070883
0.052896
0.082427
0.029850
0.032468
0.061174
0.079327
0.099006
0.046232
0.082095
0.048093
0.043268
0.058644
0.073609
0.070551
0.056464
0.044485
0.079333
0.084694
0.043575
0.035969
0.044045
0.060096
0.052744
0.042715
0.032583
0.047182
0.008227
0.057077
0.071263
0.041192
0.008852
0.016090
0.025505
0.064599
0.047368
0.019694
0.056841
0.073499
0.041021
0.050598
0.068540
0.066014
0.005383
0.060879
0.051812
0.064033
0.074386
0.102093
0.092271
0.110734
0.070108
0.074941
0.120575
0.138287
0.138533
0.091611
0.154112
0.127510
0.132816
0.141448
0.159761
0.145208
0.137276
0.104082
0.180598
0.151271
0.149449
0.122924
0.153894
0.225904
0.169725
0.205491
0.165138
0.141308
0.173779
0.183336
0.198002
0.180644
0.091309
0.095456
0.131456
0.111013
0.066433
0.070712
0.106838
0.151952
0.145178
0.125832
0.148277
0.099571
0.147347
0.117645
0.139610
0.132586
0.098578
0.104366
0.134218
0.111837
0.075545
0.080836
0.086360
0.145436
0.101597
0.091439
0.072869
0.095469
0.086548
0.105786
0.092420
0.101867
0.048977
0.077006
0.073862
0.074894
0.049796
0.040959
0.070937
0.065609
0.090501
0.070233
0.046278
0.076317
0.054506
0.055861
0.131910
0.071371
0.049008
0.053578
0.079676
0.062389
0.049549
