0.112873
0.060780
0.075011
0.046051
0.035341
0.083158
0.078588
0.071223
0.075260
0.049216
0.112746
0.099403
0.137778
0.121718
0.136244
0.151710
0.111627
0.182481
0.228572
0.219705
0.197797
0.187695
0.251234
0.205317
0.238147
0.215409
0.214685
0.232240
0.230907
0.296761
0.275161
0.227175
0.227611
0.330664
0.332441
0.396091
0.382636
0.400421
0.436952
0.471713
0.437329
0.492544
0.502369
0.464371
0.468608
0.550053
0.563787
0.552592
0.623733
0.611201
0.623517
0.659491
0.668948
0.662029
0.698077
0.694430
0.685321
0.674603
0.695953
0.711778
0.709534
0.738873
0.747054
0.708036
0.745518
0.719129
0.728495
0.664612
0.673454
0.672113
0.668049
0.641194
0.619336
0.546745
0.617861
0.530185
0.570211
0.566173
0.605348
0.432169
0.492223
0.550268
0.543345
0.554039
0.591210
0.572777
0.587575
0.604493
0.614741
0.578191
0.631211
0.553177
0.561098
0.633989
0.620961
0.581870
0.611350
0.611039
0.642638
0.605408
0.576873
0.570033
0.572762
0.560351
0.535179
0.501571
0.540179
0.496431
0.479734
0.553996
0.597318
0.490479
0.534893
0.554626
0.543480
0.540723
0.552287
0.512942
0.518135
0.516588
0.510759
0.501985
0.490607
0.395763
0.401694
0.495151
0.518627
0.380416
0.410928
0.381915
0.446520
0.396691
0.366718
0.349448
0.353163
0.331792
0.370504
0.323455
0.336293
0.279364
0.290662
0.312973
0.311597
0.257808
0.295692
0.281757
0.277926
0.277990
0.236561
0.216125
0.186384
0.218664
0.226200
0.201113
0.210786
0.129906
0.166372
0.172284
0.174964
0.069926
0.080101
0.136896
0.141194
0.133113
0.103842
0.104080
0.112172
0.070445
0.124561
0.096563
0.103593
0.054488
0.071964
0.082989
0.101374
0.057297
0.064623
0.108668
0.104520
0.106655
0.093299
0.097207
0.129434
0.107524
0.113401
0.088667
0.106193
0.100257
0.115527
0.206071
0.176062
0.144127
0.121678
0.158123
0.190519
0.241693
0.241784
0.276671
0.269979
0.262033
0.288527
0.267109
0.297063
0.275522
0.298443
0.346027
0.350147
0.340843
0.361057
0.360013
0.374143
0.341186
0.337890
0.303946
0.284322
0.246504
0.275159
0.292477
0.276742
0.196091
0.237982
0.318643
0.321184
0.176113
0.170169
0.276849
0.246333
0.261934
0.282178
0.258658
0.295429
0.318870
0.336668
0.295216
0.293521
0.283019
0.281349
0.366103
0.323500
0.332064
0.269979
0.354982
0.368974
0.391631
0.413394
0.361978
0.384441
0.351954
0.376029
0.392599
0.372466
0.347514
0.375097
0.384460
0.475031
0.434230
0.473785
0.459576
0.455946
0.429504
0.388042
0.431142
0.410309
0.382564
0.401581
0.419938
0.402799
0.338796
0.334739
0.391617
0.421270
0.295251
0.321873
0.378667
0.338253
0.366600
0.363666
0.346140
0.319889
0.304414
0.299886
0.355792
0.364013
0.354288
0.323615
0.398890
0.386662
0.359044
0.410998
0.387584
0.436337
0.440974
0.423203
0.401947
0.394359
0.381627
0.425155
0.360188
0.393910
0.353239
0.366717
0.435401
0.429526
0.365920
0.371514
0.423517
0.414931
0.365135
0.364195
0.332477
0.314205
0.345521
0.295769
0.300838
0.270772
0.206462
0.244216
0.319990
0.285200
0.131860
0.125763
0.200800
0.135273
0.150024
0.120805
0.111227
0.154180
0.108422
0.150849
0.160212
0.139398
0.037625
0.097566
0.152348
0.154349
0.064917
0.055899
0.101263
0.124105
0.092385
0.090605
0.025113
0.109425
0.054325
0.078910
0.074075
0.075305
0.010593
0.045217
0.064329
0.082998
0.033702
0.014891
0.045880
0.061856
0.045909
0.014555
0.043160
0.056221
0.019033
0.043100
0.032719
0.067085
-0.003687
0.039382
0.038372
0.059146
0.044653
0.017058
0.038765
0.046055
0.029317
-0.004089
0.017717
0.047847
0.019110
0.061761
0.069018
0.043095
-0.023971
0.016697
0.048665
0.058066
0.039873
0.033368
0.035973
0.055398
0.040378
0.009442
0.031550
0.031620
0.024194
0.052573
0.041585
0.038116
-0.000870
0.041941
0.061446
0.069878
0.042882
0.021183
0.054244
0.062554
0.040458
0.018148
0.018867
0.066843
-0.015428
0.030665
0.040170
0.026559
0.000217
0.010355
0.036142
0.022503
0.040005
0.031672
0.005028
0.049763
0.013787
0.000396
0.029395
0.028435
0.025786
0.046308
0.038384
0.035997
-0.015562
0.011070
0.041760
0.056290
0.021806
0.018836
0.028933
0.065039
0.033347
0.007974
0.040174
0.058991
0.027631
0.057618
0.050881
0.033659
0.000274
0.003192
0.037187
0.043127
0.079089
0.011205
0.038058
0.050053
0.010091
0.005519
0.026624
0.045733
0.037328
0.080004
0.036763
0.034008
-0.003659
0.031536
0.030621
0.069087
0.037413
0.021122
0.035730
0.066635
0.048747
0.012360
0.022494
0.040559
0.015226
0.059773
0.038362
0.045796
0.009991
0.027862
0.037814
0.078370
0.041780
0.034074
0.063104
0.077761
0.035523
0.036828
0.032798
0.061311
0.038714
0.068918
0.066106
0.085492
0.028415
0.017287
0.081750
0.061167
0.025734
0.017506
0.049274
0.052083
0.052778
0.029776
0.060268
0.072380
0.015135
0.023868
0.055843
0.039256
0.013762
0.036392
0.068796
0.056317
0.058708
0.036563
0.026404
0.070350
0.033173
0.026855
0.021634
0.039702
0.038335
0.052930
0.080593
0.036007
0.029665
0.073766
0.067404
0.078157
0.043843
0.046788
0.066502
0.098075
0.071821
0.070601
0.078016
0.086057
0.041784
0.080367
0.096767
0.087841
0.040218
0.034579
0.065250
0.078672
0.057975
0.050581
0.043751
0.087230
0.044919
0.069977
0.060476
0.072548
0.063091
0.090609
0.067330
0.100869
0.065918
0.096578
0.118917
0.102686
0.102949
0.057691
0.124998
0.110474
0.142984
0.153276
0.139799
0.148883
0.132969
0.188759
0.171592
0.178990
0.144609
0.173570
0.214427
0.229137
0.200718
0.201134
0.271307
0.235894
0.264648
0.306991
0.273712
0.356543
0.289918
0.339509
0.316685
0.327197
0.285835
0.321276
0.388384
0.430656
0.354619
0.345763
0.371750
0.374311
0.411317
0.445380
0.375720
0.442414
0.388590
0.413877
0.385293
0.393584
0.319598
0.300524
0.367264
0.351702
0.263974
0.335091
0.354195
0.316378
0.296608
0.298943
0.265027
0.243263
0.219095
0.211869
0.297979
0.234388
0.209572
0.211547
0.217653
0.244811
0.203549
0.243872
0.248523
0.286976
0.291856
0.250915
0.298543
0.317977
0.285413
0.331142
0.270378
0.340533
0.189006
0.242047
0.242792
0.305237
0.197048
0.230662
0.230301
0.314921
0.267020
0.246812
0.268716
0.267901
0.220186
0.244552
0.241703
0.207235
0.239044
0.159215
0.275089
0.206475
0.196736
0.224901
0.233213
0.280555
0.255163
0.251477
0.221496
0.219118
0.236600
0.268869
0.235862
0.231183
0.191134
0.172884
0.224003
0.221606
0.199921
0.196960
0.249744
0.249868
0.260375
0.290355
0.256948
0.265038
0.290002
0.316492
0.285024
0.275411
0.306273
0.288220
0.292534
0.379039
0.315317
0.364000
0.344093
0.331985
0.342096
0.368821
0.316668
0.340157
0.253094
0.273903
0.329774
0.288239
0.244880
0.243379
0.276788
0.306925
0.220872
0.219043
0.209410
0.245993
0.208520
0.218930
0.211764
0.191042
0.173161
0.233162
0.184781
0.247982
0.188502
0.166603
0.220351
0.249746
0.165818
0.210165
0.258294
0.298891
0.271617
0.286976
0.303892
0.316651
0.298399
0.292861
0.332267
0.293028
0.290715
0.275345
0.388785
0.356405
0.357863
0.354717
0.302457
0.360875
0.378342
0.358043
0.310699
0.304232
0.299431
0.300264
0.308106
0.292435
0.251092
0.241860
0.231251
0.243365
0.244841
0.241333
0.263292
0.330643
0.316900
0.288298
0.265070
0.271769
0.282031
0.342496
0.362105
0.298566
0.282846
0.290750
0.320058
0.323258
0.353938
0.323421
0.416900
0.459186
0.362949
0.429338
0.393990
0.380659
0.406142
0.417196
0.366887
0.420122
0.363744
0.429999
0.422829
0.451633
0.420932
0.459900
0.519093
0.507546
0.530903
0.522968
0.486985
0.517054
0.512569
0.526530
0.491576
0.514826
0.469484
0.505587
0.526166
0.543120
0.496681
0.557164
0.508298
0.607344
0.600571
0.582926
0.625324
0.570418
0.615770
0.567083
0.608182
0.602821
0.603215
0.560367
0.610836
0.669243
0.632199
0.671264
0.655089
0.645960
0.645667
0.668360
0.618203
0.652250
0.612439
0.631069
0.637264
0.635710
0.592921
0.556292
0.617474
0.633379
0.527359
0.546836
0.621721
0.650111
0.638835
0.680237
0.622705
0.685211
0.739023
0.687722
0.654379
0.726083
0.683420
0.692551
0.724280
0.750232
0.720545
0.769023
0.804554
0.806577
0.820148
0.827938
0.801568
0.814846
0.831201
0.818779
0.829915
0.824862
0.836162
0.838220
0.841724
0.860508
0.858759
0.872242
0.906483
0.898582
0.898890
0.896096
0.892927
0.896467
0.896370
0.892040
0.893267
0.900526
0.893085
0.898499
0.906962
0.902719
0.915013
0.912307
0.916476
0.917849
0.900008
0.894894
0.873860
0.873283
0.880562
0.876277
0.870361
0.869175
0.866068
0.870468
0.899506
0.896436
0.882071
0.893190
0.903250
0.914845
0.911975
0.904212
0.912892
0.900419
0.902335
0.908984
0.875033
0.891246
0.880666
0.885131
0.886459
0.877720
0.852749
0.879893
0.897626
0.880028
0.883597
0.894514
0.874174
0.886566
0.898541
0.891722
0.888163
0.880211
0.885370
0.898257
0.889147
0.895905
0.895778
0.914739
0.877307
0.873539
0.856816
0.840797
0.837880
0.838762
0.766899
0.775709
0.730740
0.758544
0.730407
0.723675
0.749376
0.773812
0.697370
0.740251
0.733062
0.745015
0.688163
0.679417
0.687366
0.663083
0.660051
0.647401
0.601575
0.615070
0.577370
0.576367
0.593118
0.595070
0.490948
0.544597
0.586955
0.610395
0.578670
0.575193
0.557946
0.527709
0.540734
0.531764
0.569912
0.582265
0.554910
0.571753
0.540099
0.569924
0.515837
0.586153
0.636593
0.620863
0.571295
0.574919
0.537696
0.587230
0.569970
0.587827
0.519156
0.558966
0.482456
0.496663
0.564108
0.505217
0.423404
0.486454
0.414628
0.416086
0.418089
0.366987
0.325712
0.321739
0.299109
0.302996
0.265961
0.296023
0.212850
0.223753
0.244994
0.269032
0.213219
0.244858
0.156851
0.235749
0.193592
0.169817
0.136979
0.138856
0.146288
0.085199
0.193503
0.108038
0.063718
0.064965
0.088124
0.053184
0.062955
